Wvlgth Global_horizn_irradiance
.2800E+03 .6437E-18
.2810E+03 .2258E-16
.2820E+03 .1284E-14
.2830E+03 .6647E-14
.2840E+03 .7759E-13
.2850E+03 .2275E-12
.2860E+03 .2981E-11
.2870E+03 .1954E-10
.2880E+03 .1233E-09
.2890E+03 .8218E-09
.2900E+03 .4761E-08
.2910E+03 .1596E-07
.2920E+03 .7137E-07
.2930E+03 .1703E-06
.2940E+03 .4491E-06
.2950E+03 .1367E-05
.2960E+03 .5768E-05
.2970E+03 .9822E-05
.2980E+03 .3893E-04
.2990E+03 .8727E-04
.3000E+03 .1801E-03
.3010E+03 .3924E-03
.3020E+03 .4783E-03
.3030E+03 .1826E-02
.3040E+03 .2222E-02
.3050E+03 .5095E-02
.3060E+03 .5709E-02
.3070E+03 .1125E-01
.3080E+03 .1453E-01
.3090E+03 .1482E-01
.3100E+03 .1699E-01
.3110E+03 .3449E-01
.3120E+03 .3321E-01
.3130E+03 .4375E-01
.3140E+03 .5306E-01
.3150E+03 .6175E-01
.3160E+03 .4509E-01
.3170E+03 .8029E-01
.3180E+03 .6512E-01
.3190E+03 .9603E-01
.3200E+03 .9430E-01
.3210E+03 .1044E+00
.3220E+03 .1073E+00
.3230E+03 .9302E-01
.3240E+03 .1295E+00
.3250E+03 .1168E+00
.3260E+03 .1782E+00
.3270E+03 .1776E+00
.3280E+03 .1530E+00
.3290E+03 .1917E+00
.3300E+03 .2193E+00
.3310E+03 .1788E+00
.3320E+03 .1960E+00
.3330E+03 .1932E+00
.3340E+03 .1789E+00
.3350E+03 .2001E+00
.3360E+03 .1547E+00
.3370E+03 .1503E+00
.3380E+03 .1889E+00
.3390E+03 .2062E+00
.3400E+03 .2430E+00
.3410E+03 .2048E+00
.3420E+03 .2250E+00
.3430E+03 .2314E+00
.3440E+03 .1663E+00
.3450E+03 .2151E+00
.3460E+03 .1868E+00
.3470E+03 .2270E+00
.3480E+03 .2093E+00
.3490E+03 .1942E+00
.3500E+03 .2379E+00
.3510E+03 .2241E+00
.3520E+03 .2339E+00
.3530E+03 .2301E+00
.3540E+03 .2555E+00
.3550E+03 .2582E+00
.3560E+03 .2442E+00
.3570E+03 .1723E+00
.3580E+03 .1672E+00
.3590E+03 .1999E+00
.3600E+03 .2701E+00
.3610E+03 .1969E+00
.3620E+03 .1962E+00
.3630E+03 .2441E+00
.3640E+03 .2751E+00
.3650E+03 .2396E+00
.3660E+03 .3188E+00
.3670E+03 .2919E+00
.3680E+03 .2652E+00
.3690E+03 .2892E+00
.3700E+03 .3288E+00
.3710E+03 .2729E+00
.3720E+03 .2267E+00
.3730E+03 .2767E+00
.3740E+03 .2618E+00
.3750E+03 .2109E+00
.3760E+03 .2611E+00
.3770E+03 .2867E+00
.3780E+03 .3639E+00
.3790E+03 .2841E+00
.3800E+03 .2701E+00
.3810E+03 .3282E+00
.3820E+03 .2314E+00
.3830E+03 .1828E+00
.3840E+03 .1944E+00
.3850E+03 .2838E+00
.3860E+03 .2266E+00
.3870E+03 .2476E+00
.3880E+03 .2570E+00
.3890E+03 .2745E+00
.3900E+03 .3340E+00
.3910E+03 .3622E+00
.3920E+03 .3115E+00
.3930E+03 .1553E+00
.3940E+03 .2300E+00
.3950E+03 .3571E+00
.3960E+03 .3147E+00
.3970E+03 .1382E+00
.3980E+03 .3940E+00
.3990E+03 .4415E+00
.4000E+03 .4572E+00
.4010E+03 .4675E+00
.4020E+03 .4938E+00
.4030E+03 .4695E+00
.4040E+03 .4626E+00
.4050E+03 .4629E+00
.4060E+03 .4558E+00
.4070E+03 .4489E+00
.4080E+03 .4667E+00
.4090E+03 .4998E+00
.4100E+03 .4370E+00
.4110E+03 .4737E+00
.4120E+03 .5092E+00
.4130E+03 .4968E+00
.4140E+03 .5033E+00
.4150E+03 .5051E+00
.4160E+03 .5144E+00
.4170E+03 .5021E+00
.4180E+03 .4932E+00
.4190E+03 .5001E+00
.4200E+03 .4983E+00
.4210E+03 .5217E+00
.4220E+03 .4963E+00
.4230E+03 .4851E+00
.4240E+03 .5134E+00
.4250E+03 .5129E+00
.4260E+03 .5001E+00
.4270E+03 .4911E+00
.4280E+03 .4786E+00
.4290E+03 .4538E+00
.4300E+03 .3974E+00
.4310E+03 .3941E+00
.4320E+03 .5093E+00
.4330E+03 .5125E+00
.4340E+03 .4761E+00
.4350E+03 .4975E+00
.4360E+03 .5610E+00
.4370E+03 .5538E+00
.4380E+03 .5046E+00
.4390E+03 .5217E+00
.4400E+03 .5387E+00
.4410E+03 .5587E+00
.4420E+03 .5996E+00
.4430E+03 .5842E+00
.4440E+03 .5972E+00
.4450E+03 .5844E+00
.4460E+03 .5583E+00
.4470E+03 .6040E+00
.4480E+03 .6134E+00
.4490E+03 .6165E+00
.4500E+03 .6341E+00
.4510E+03 .6580E+00
.4520E+03 .6343E+00
.4530E+03 .5968E+00
.4540E+03 .6235E+00
.4550E+03 .6275E+00
.4560E+03 .6427E+00
.4570E+03 .6536E+00
.4580E+03 .6313E+00
.4590E+03 .6283E+00
.4600E+03 .6300E+00
.4610E+03 .6447E+00
.4620E+03 .6501E+00
.4630E+03 .6457E+00
.4640E+03 .6355E+00
.4650E+03 .6280E+00
.4660E+03 .6345E+00
.4670E+03 .6230E+00
.4680E+03 .6307E+00
.4690E+03 .6343E+00
.4700E+03 .6142E+00
.4710E+03 .6136E+00
.4720E+03 .6467E+00
.4730E+03 .6385E+00
.4740E+03 .6392E+00
.4750E+03 .6447E+00
.4760E+03 .6254E+00
.4770E+03 .6272E+00
.4780E+03 .6447E+00
.4790E+03 .6410E+00
.4800E+03 .6423E+00
.4810E+03 .6547E+00
.4820E+03 .6585E+00
.4830E+03 .6510E+00
.4840E+03 .6380E+00
.4850E+03 .6082E+00
.4860E+03 .5320E+00
.4870E+03 .5579E+00
.4880E+03 .6121E+00
.4890E+03 .6140E+00
.4900E+03 .6463E+00
.4910E+03 .6354E+00
.4920E+03 .6002E+00
.4930E+03 .6200E+00
.4940E+03 .6264E+00
.4950E+03 .6318E+00
.4960E+03 .6358E+00
.4970E+03 .6458E+00
.4980E+03 .6157E+00
.4990E+03 .6236E+00
.5000E+03 .6054E+00
.5010E+03 .5963E+00
.5020E+03 .5879E+00
.5030E+03 .6119E+00
.5040E+03 .5966E+00
.5050E+03 .6178E+00
.5060E+03 .6382E+00
.5070E+03 .6077E+00
.5080E+03 .5892E+00
.5090E+03 .6060E+00
.5100E+03 .6030E+00
.5110E+03 .6195E+00
.5120E+03 .6265E+00
.5130E+03 .5932E+00
.5140E+03 .5894E+00
.5150E+03 .5837E+00
.5160E+03 .5824E+00
.5170E+03 .5177E+00
.5180E+03 .5444E+00
.5190E+03 .5712E+00
.5200E+03 .5922E+00
.5210E+03 .5980E+00
.5220E+03 .5986E+00
.5230E+03 .5880E+00
.5240E+03 .6091E+00
.5250E+03 .6162E+00
.5260E+03 .5887E+00
.5270E+03 .5548E+00
.5280E+03 .5868E+00
.5290E+03 .6186E+00
.5300E+03 .6098E+00
.5310E+03 .6189E+00
.5320E+03 .5978E+00
.5330E+03 .5805E+00
.5340E+03 .5979E+00
.5350E+03 .6113E+00
.5360E+03 .6172E+00
.5370E+03 .5932E+00
.5380E+03 .6039E+00
.5390E+03 .5990E+00
.5400E+03 .5745E+00
.5410E+03 .5785E+00
.5420E+03 .5966E+00
.5430E+03 .5905E+00
.5440E+03 .6008E+00
.5450E+03 .5990E+00
.5460E+03 .6018E+00
.5470E+03 .6017E+00
.5480E+03 .5947E+00
.5490E+03 .5967E+00
.5500E+03 .6040E+00
.5510E+03 .5969E+00
.5520E+03 .6012E+00
.5530E+03 .5905E+00
.5540E+03 .6048E+00
.5550E+03 .6061E+00
.5560E+03 .5984E+00
.5570E+03 .5799E+00
.5580E+03 .5756E+00
.5590E+03 .5649E+00
.5600E+03 .5721E+00
.5610E+03 .5796E+00
.5620E+03 .5754E+00
.5630E+03 .5911E+00
.5640E+03 .5750E+00
.5650E+03 .5701E+00
.5660E+03 .5618E+00
.5670E+03 .5725E+00
.5680E+03 .5673E+00
.5690E+03 .5538E+00
.5700E+03 .5535E+00
.5710E+03 .5502E+00
.5720E+03 .5633E+00
.5730E+03 .5693E+00
.5740E+03 .5675E+00
.5750E+03 .5568E+00
.5760E+03 .5518E+00
.5770E+03 .5580E+00
.5780E+03 .5499E+00
.5790E+03 .5525E+00
.5800E+03 .5638E+00
.5810E+03 .5673E+00
.5820E+03 .5786E+00
.5830E+03 .5805E+00
.5840E+03 .5860E+00
.5850E+03 .5719E+00
.5860E+03 .5605E+00
.5870E+03 .5729E+00
.5880E+03 .5592E+00
.5890E+03 .4952E+00
.5900E+03 .5181E+00
.5910E+03 .5486E+00
.5920E+03 .5416E+00
.5930E+03 .5497E+00
.5940E+03 .5459E+00
.5950E+03 .5324E+00
.5960E+03 .5540E+00
.5970E+03 .5477E+00
.5980E+03 .5468E+00
.5990E+03 .5474E+00
.6000E+03 .5484E+00
.6010E+03 .5440E+00
.6020E+03 .5404E+00
.6030E+03 .5495E+00
.6040E+03 .5588E+00
.6050E+03 .5561E+00
.6060E+03 .5542E+00
.6070E+03 .5600E+00
.6080E+03 .5542E+00
.6090E+03 .5555E+00
.6100E+03 .5518E+00
.6110E+03 .5549E+00
.6120E+03 .5535E+00
.6130E+03 .5467E+00
.6140E+03 .5396E+00
.6150E+03 .5516E+00
.6160E+03 .5337E+00
.6170E+03 .5329E+00
.6180E+03 .5536E+00
.6190E+03 .5482E+00
.6200E+03 .5517E+00
.6210E+03 .5522E+00
.6220E+03 .5456E+00
.6230E+03 .5372E+00
.6240E+03 .5283E+00
.6250E+03 .5273E+00
.6260E+03 .5352E+00
.6270E+03 .5411E+00
.6280E+03 .4988E+00
.6290E+03 .5262E+00
.6300E+03 .5136E+00
.6310E+03 .5275E+00
.6320E+03 .5222E+00
.6330E+03 .5388E+00
.6340E+03 .5342E+00
.6350E+03 .5430E+00
.6360E+03 .5362E+00
.6370E+03 .5454E+00
.6380E+03 .5510E+00
.6390E+03 .5451E+00
.6400E+03 .5402E+00
.6410E+03 .5402E+00
.6420E+03 .5380E+00
.6430E+03 .5454E+00
.6440E+03 .5439E+00
.6450E+03 .5450E+00
.6460E+03 .5325E+00
.6470E+03 .5258E+00
.6480E+03 .5270E+00
.6490E+03 .5164E+00
.6500E+03 .5197E+00
.6510E+03 .5424E+00
.6520E+03 .5201E+00
.6530E+03 .5356E+00
.6540E+03 .5298E+00
.6550E+03 .5099E+00
.6560E+03 .4524E+00
.6570E+03 .4649E+00
.6580E+03 .5212E+00
.6590E+03 .5250E+00
.6600E+03 .5273E+00
.6610E+03 .5306E+00
.6620E+03 .5310E+00
.6630E+03 .5208E+00
.6640E+03 .5277E+00
.6650E+03 .5288E+00
.6660E+03 .5295E+00
.6670E+03 .5293E+00
.6680E+03 .5298E+00
.6690E+03 .5383E+00
.6700E+03 .5362E+00
.6710E+03 .5363E+00
.6720E+03 .5318E+00
.6730E+03 .5400E+00
.6740E+03 .5382E+00
.6750E+03 .5335E+00
.6760E+03 .5373E+00
.6770E+03 .5322E+00
.6780E+03 .5338E+00
.6790E+03 .5254E+00
.6800E+03 .5297E+00
.6810E+03 .5264E+00
.6820E+03 .5258E+00
.6830E+03 .5250E+00
.6840E+03 .5225E+00
.6850E+03 .5271E+00
.6860E+03 .5240E+00
.6870E+03 .3175E+00
.6880E+03 .3859E+00
.6890E+03 .3879E+00
.6900E+03 .4118E+00
.6910E+03 .4394E+00
.6920E+03 .4612E+00
.6930E+03 .4599E+00
.6940E+03 .4585E+00
.6950E+03 .4799E+00
.6960E+03 .4810E+00
.6970E+03 .5112E+00
.6980E+03 .5034E+00
.6990E+03 .4911E+00
.7000E+03 .4850E+00
.7010E+03 .4802E+00
.7020E+03 .4839E+00
.7030E+03 .4849E+00
.7040E+03 .5007E+00
.7050E+03 .5023E+00
.7060E+03 .5018E+00
.7070E+03 .5026E+00
.7080E+03 .5037E+00
.7090E+03 .5047E+00
.7100E+03 .5047E+00
.7110E+03 .5041E+00
.7120E+03 .5029E+00
.7130E+03 .4978E+00
.7140E+03 .4999E+00
.7150E+03 .4842E+00
.7160E+03 .4849E+00
.7170E+03 .4173E+00
.7180E+03 .3865E+00
.7190E+03 .3542E+00
.7200E+03 .3703E+00
.7210E+03 .4089E+00
.7220E+03 .4680E+00
.7230E+03 .4361E+00
.7240E+03 .3928E+00
.7250E+03 .3872E+00
.7260E+03 .4023E+00
.7270E+03 .4109E+00
.7280E+03 .3845E+00
.7290E+03 .3994E+00
.7300E+03 .4221E+00
.7310E+03 .4034E+00
.7320E+03 .4327E+00
.7330E+03 .4590E+00
.7340E+03 .4701E+00
.7350E+03 .4602E+00
.7360E+03 .4598E+00
.7370E+03 .4616E+00
.7380E+03 .4701E+00
.7390E+03 .4610E+00
.7400E+03 .4731E+00
.7410E+03 .4684E+00
.7420E+03 .4690E+00
.7430E+03 .4810E+00
.7440E+03 .4796E+00
.7450E+03 .4798E+00
.7460E+03 .4820E+00
.7470E+03 .4831E+00
.7480E+03 .4822E+00
.7490E+03 .4767E+00
.7500E+03 .4765E+00
.7510E+03 .4717E+00
.7520E+03 .4738E+00
.7530E+03 .4763E+00
.7540E+03 .4774E+00
.7550E+03 .4748E+00
.7560E+03 .4746E+00
.7570E+03 .4754E+00
.7580E+03 .4694E+00
.7590E+03 .4583E+00
.7600E+03 .5153E-01
.7610E+03 .2391E-01
.7620E+03 .2017E+00
.7630E+03 .8597E-01
.7640E+03 .1415E+00
.7650E+03 .2015E+00
.7660E+03 .2619E+00
.7670E+03 .3463E+00
.7680E+03 .4132E+00
.7690E+03 .4251E+00
.7700E+03 .4431E+00
.7710E+03 .4483E+00
.7720E+03 .4498E+00
.7730E+03 .4531E+00
.7740E+03 .4510E+00
.7750E+03 .4477E+00
.7760E+03 .4532E+00
.7770E+03 .4473E+00
.7780E+03 .4446E+00
.7790E+03 .4450E+00
.7800E+03 .4426E+00
.7810E+03 .4431E+00
.7820E+03 .4459E+00
.7830E+03 .4382E+00
.7840E+03 .4404E+00
.7850E+03 .4371E+00
.7860E+03 .4420E+00
.7870E+03 .4339E+00
.7880E+03 .4283E+00
.7890E+03 .4286E+00
.7900E+03 .4164E+00
.7910E+03 .4208E+00
.7920E+03 .4177E+00
.7930E+03 .4110E+00
.7940E+03 .4183E+00
.7950E+03 .4253E+00
.7960E+03 .4114E+00
.7970E+03 .4119E+00
.7980E+03 .4248E+00
.7990E+03 .4220E+00
.8000E+03 .4146E+00
.8010E+03 .4129E+00
.8020E+03 .4118E+00
.8030E+03 .4086E+00
.8040E+03 .4092E+00
.8050E+03 .4082E+00
.8060E+03 .4203E+00
.8070E+03 .4151E+00
.8080E+03 .4154E+00
.8090E+03 .4073E+00
.8100E+03 .4043E+00
.8110E+03 .4039E+00
.8120E+03 .3917E+00
.8130E+03 .3832E+00
.8140E+03 .3356E+00
.8150E+03 .3335E+00
.8160E+03 .3135E+00
.8170E+03 .3185E+00
.8180E+03 .3063E+00
.8190E+03 .3424E+00
.8200E+03 .3225E+00
.8210E+03 .3776E+00
.8220E+03 .3673E+00
.8230E+03 .2469E+00
.8240E+03 .3567E+00
.8250E+03 .3718E+00
.8260E+03 .3570E+00
.8270E+03 .3775E+00
.8280E+03 .3192E+00
.8290E+03 .3556E+00
.8300E+03 .3514E+00
.8310E+03 .3524E+00
.8320E+03 .3417E+00
.8330E+03 .3625E+00
.8340E+03 .3490E+00
.8350E+03 .3847E+00
.8360E+03 .3672E+00
.8370E+03 .3859E+00
.8380E+03 .3735E+00
.8390E+03 .3802E+00
.8400E+03 .3887E+00
.8410E+03 .3830E+00
.8420E+03 .3842E+00
.8430E+03 .3844E+00
.8440E+03 .3790E+00
.8450E+03 .3920E+00
.8460E+03 .3903E+00
.8470E+03 .3832E+00
.8480E+03 .3807E+00
.8490E+03 .3699E+00
.8500E+03 .3544E+00
.8510E+03 .3751E+00
.8520E+03 .3726E+00
.8530E+03 .3588E+00
.8540E+03 .3097E+00
.8550E+03 .3404E+00
.8560E+03 .3720E+00
.8570E+03 .3804E+00
.8580E+03 .3776E+00
.8590E+03 .3781E+00
.8600E+03 .3788E+00
.8610E+03 .3768E+00
.8620E+03 .3827E+00
.8630E+03 .3918E+00
.8640E+03 .3723E+00
.8650E+03 .3691E+00
.8660E+03 .3319E+00
.8670E+03 .3464E+00
.8680E+03 .3770E+00
.8690E+03 .3692E+00
.8700E+03 .3798E+00
.8710E+03 .3746E+00
.8720E+03 .3734E+00
.8730E+03 .3726E+00
.8740E+03 .3682E+00
.8750E+03 .3608E+00
.8760E+03 .3646E+00
.8770E+03 .3683E+00
.8780E+03 .3723E+00
.8790E+03 .3666E+00
.8800E+03 .3588E+00
.8810E+03 .3534E+00
.8820E+03 .3610E+00
.8830E+03 .3623E+00
.8840E+03 .3606E+00
.8850E+03 .3633E+00
.8860E+03 .3460E+00
.8870E+03 .3500E+00
.8880E+03 .3552E+00
.8890E+03 .3593E+00
.8900E+03 .3561E+00
.8910E+03 .3558E+00
.8920E+03 .3449E+00
.8930E+03 .3337E+00
.8940E+03 .3207E+00
.8950E+03 .3020E+00
.8960E+03 .2865E+00
.8970E+03 .2458E+00
.8980E+03 .2677E+00
.8990E+03 .2012E+00
.9000E+03 .2742E+00
.9010E+03 .2127E+00
.9020E+03 .2503E+00
.9030E+03 .2522E+00
.9040E+03 .3199E+00
.9050E+03 .3085E+00
.9060E+03 .2885E+00
.9070E+03 .2335E+00
.9080E+03 .2382E+00
.9090E+03 .2582E+00
.9100E+03 .2261E+00
.9110E+03 .2417E+00
.9120E+03 .2541E+00
.9130E+03 .2292E+00
.9140E+03 .2295E+00
.9150E+03 .2457E+00
.9160E+03 .2105E+00
.9170E+03 .2659E+00
.9180E+03 .2157E+00
.9190E+03 .2718E+00
.9200E+03 .2775E+00
.9210E+03 .2866E+00
.9220E+03 .2546E+00
.9230E+03 .2772E+00
.9240E+03 .2609E+00
.9250E+03 .2556E+00
.9260E+03 .2580E+00
.9270E+03 .2902E+00
.9280E+03 .2089E+00
.9290E+03 .1890E+00
.9300E+03 .1472E+00
.9310E+03 .1400E+00
.9320E+03 .9955E-01
.9330E+03 .8067E-01
.9340E+03 .4380E-01
.9350E+03 .8507E-01
.9360E+03 .5193E-01
.9370E+03 .5361E-01
.9380E+03 .6611E-01
.9390E+03 .1379E+00
.9400E+03 .1659E+00
.9410E+03 .1240E+00
.9420E+03 .1445E+00
.9430E+03 .9636E-01
.9440E+03 .1023E+00
.9450E+03 .1278E+00
.9460E+03 .6445E-01
.9470E+03 .1273E+00
.9480E+03 .9512E-01
.9490E+03 .1726E+00
.9500E+03 .4760E-01
.9510E+03 .1701E+00
.9520E+03 .9110E-01
.9530E+03 .1167E+00
.9540E+03 .1437E+00
.9550E+03 .1213E+00
.9560E+03 .1146E+00
.9570E+03 .9001E-01
.9580E+03 .1655E+00
.9590E+03 .1296E+00
.9600E+03 .1443E+00
.9610E+03 .1645E+00
.9620E+03 .1558E+00
.9630E+03 .1809E+00
.9640E+03 .1650E+00
.9650E+03 .1800E+00
.9660E+03 .1827E+00
.9670E+03 .1822E+00
.9680E+03 .2469E+00
.9690E+03 .2560E+00
.9700E+03 .2366E+00
.9710E+03 .2720E+00
.9720E+03 .2594E+00
.9730E+03 .2246E+00
.9740E+03 .2115E+00
.9750E+03 .2212E+00
.9760E+03 .2092E+00
.9770E+03 .2410E+00
.9780E+03 .2277E+00
.9790E+03 .2392E+00
.9800E+03 .2249E+00
.9810E+03 .2699E+00
.9820E+03 .2569E+00
.9830E+03 .2458E+00
.9840E+03 .2792E+00
.9850E+03 .2556E+00
.9860E+03 .2852E+00
.9870E+03 .2784E+00
.9880E+03 .2780E+00
.9890E+03 .2847E+00
.9900E+03 .2763E+00
.9910E+03 .2855E+00
.9920E+03 .2872E+00
.9930E+03 .2799E+00
.9940E+03 .2872E+00
.9950E+03 .2870E+00
.9960E+03 .2857E+00
.9970E+03 .2862E+00
.9980E+03 .2847E+00
.9990E+03 .2838E+00
.1000E+04 .2817E+00
.1001E+04 .2854E+00
.1002E+04 .2767E+00
.1003E+04 .2804E+00
.1004E+04 .2733E+00
.1005E+04 .2637E+00
.1006E+04 .2738E+00
.1007E+04 .2797E+00
.1008E+04 .2781E+00
.1009E+04 .2765E+00
.1010E+04 .2753E+00
.1011E+04 .2785E+00
.1012E+04 .2759E+00
.1013E+04 .2779E+00
.1014E+04 .2759E+00
.1015E+04 .2741E+00
.1016E+04 .2729E+00
.1017E+04 .2736E+00
.1018E+04 .2727E+00
.1019E+04 .2666E+00
.1020E+04 .2713E+00
.1021E+04 .2710E+00
.1022E+04 .2688E+00
.1023E+04 .2716E+00
.1024E+04 .2678E+00
.1025E+04 .2716E+00
.1026E+04 .2704E+00
.1027E+04 .2698E+00
.1028E+04 .2692E+00
.1029E+04 .2660E+00
.1030E+04 .2680E+00
.1031E+04 .2669E+00
.1032E+04 .2661E+00
.1033E+04 .2622E+00
.1034E+04 .2622E+00
.1035E+04 .2630E+00
.1036E+04 .2643E+00
.1037E+04 .2599E+00
.1038E+04 .2612E+00
.1039E+04 .2610E+00
.1040E+04 .2599E+00
.1041E+04 .2610E+00
.1042E+04 .2592E+00
.1043E+04 .2584E+00
.1044E+04 .2592E+00
.1045E+04 .2557E+00
.1046E+04 .2529E+00
.1047E+04 .2551E+00
.1048E+04 .2565E+00
.1049E+04 .2552E+00
.1050E+04 .2539E+00
.1051E+04 .2538E+00
.1052E+04 .2526E+00
.1053E+04 .2506E+00
.1054E+04 .2511E+00
.1055E+04 .2512E+00
.1056E+04 .2503E+00
.1057E+04 .2495E+00
.1058E+04 .2433E+00
.1059E+04 .2434E+00
.1060E+04 .2430E+00
.1061E+04 .2427E+00
.1062E+04 .2439E+00
.1063E+04 .2414E+00
.1064E+04 .2442E+00
.1065E+04 .2424E+00
.1066E+04 .2377E+00
.1067E+04 .2408E+00
.1068E+04 .2354E+00
.1069E+04 .2284E+00
.1070E+04 .2362E+00
.1071E+04 .2401E+00
.1072E+04 .2373E+00
.1073E+04 .2338E+00
.1074E+04 .2403E+00
.1075E+04 .2273E+00
.1076E+04 .2402E+00
.1077E+04 .2353E+00
.1078E+04 .2307E+00
.1079E+04 .2366E+00
.1080E+04 .2323E+00
.1081E+04 .2240E+00
.1082E+04 .2285E+00
.1083E+04 .2294E+00
.1084E+04 .2233E+00
.1085E+04 .2329E+00
.1086E+04 .2119E+00
.1087E+04 .2187E+00
.1088E+04 .2293E+00
.1089E+04 .2213E+00
.1090E+04 .2160E+00
.1091E+04 .2285E+00
.1092E+04 .2277E+00
.1093E+04 .1910E+00
.1094E+04 .2085E+00
.1095E+04 .1992E+00
.1096E+04 .1901E+00
.1097E+04 .2227E+00
.1098E+04 .1867E+00
.1099E+04 .1953E+00
.1100E+04 .1807E+00
.1101E+04 .1833E+00
.1102E+04 .1744E+00
.1103E+04 .1723E+00
.1104E+04 .1726E+00
.1105E+04 .1915E+00
.1106E+04 .1419E+00
.1107E+04 .1804E+00
.1108E+04 .1505E+00
.1109E+04 .1535E+00
.1110E+04 .1809E+00
.1111E+04 .1176E+00
.1112E+04 .1532E+00
.1113E+04 .9304E-01
.1114E+04 .1038E+00
.1115E+04 .8590E-01
.1116E+04 .6742E-01
.1117E+04 .2433E-01
.1118E+04 .7538E-01
.1119E+04 .3604E-01
.1120E+04 .4590E-01
.1121E+04 .6152E-01
.1122E+04 .2605E-01
.1123E+04 .4205E-01
.1124E+04 .3526E-01
.1125E+04 .4645E-01
.1126E+04 .1608E-01
.1127E+04 .5211E-01
.1128E+04 .3089E-01
.1129E+04 .3236E-01
.1130E+04 .2187E-01
.1131E+04 .9958E-01
.1132E+04 .7706E-01
.1133E+04 .4784E-01
.1134E+04 .1179E-01
.1135E+04 .4937E-02
.1136E+04 .4066E-01
.1137E+04 .9689E-01
.1138E+04 .6849E-01
.1139E+04 .1065E+00
.1140E+04 .8669E-01
.1141E+04 .6717E-01
.1142E+04 .7642E-01
.1143E+04 .1078E+00
.1144E+04 .3754E-01
.1145E+04 .4736E-01
.1146E+04 .5055E-01
.1147E+04 .1772E-01
.1148E+04 .9429E-01
.1149E+04 .7430E-01
.1150E+04 .4039E-01
.1151E+04 .6721E-01
.1152E+04 .8550E-01
.1153E+04 .8322E-01
.1154E+04 .4415E-01
.1155E+04 .1086E+00
.1156E+04 .9748E-01
.1157E+04 .1095E+00
.1158E+04 .1080E+00
.1159E+04 .1177E+00
.1160E+04 .1006E+00
.1161E+04 .1273E+00
.1162E+04 .1276E+00
.1163E+04 .1727E+00
.1164E+04 .1491E+00
.1165E+04 .1370E+00
.1166E+04 .1394E+00
.1167E+04 .1522E+00
.1168E+04 .1513E+00
.1169E+04 .1549E+00
.1170E+04 .1696E+00
.1171E+04 .1655E+00
.1172E+04 .1704E+00
.1173E+04 .1696E+00
.1174E+04 .1188E+00
.1175E+04 .1663E+00
.1176E+04 .1844E+00
.1177E+04 .1758E+00
.1178E+04 .1307E+00
.1179E+04 .1856E+00
.1180E+04 .1651E+00
.1181E+04 .1697E+00
.1182E+04 .1154E+00
.1183E+04 .1674E+00
.1184E+04 .1567E+00
.1185E+04 .1511E+00
.1186E+04 .1799E+00
.1187E+04 .1710E+00
.1188E+04 .1177E+00
.1189E+04 .1597E+00
.1190E+04 .1763E+00
.1191E+04 .1660E+00
.1192E+04 .1786E+00
.1193E+04 .1710E+00
.1194E+04 .1764E+00
.1195E+04 .1660E+00
.1196E+04 .1594E+00
.1197E+04 .1768E+00
.1198E+04 .1618E+00
.1199E+04 .1360E+00
.1200E+04 .1687E+00
.1201E+04 .1623E+00
.1202E+04 .1617E+00
.1203E+04 .1588E+00
.1204E+04 .1331E+00
.1205E+04 .1620E+00
.1206E+04 .1819E+00
.1207E+04 .1577E+00
.1208E+04 .1551E+00
.1209E+04 .1606E+00
.1210E+04 .1684E+00
.1211E+04 .1598E+00
.1212E+04 .1576E+00
.1213E+04 .1772E+00
.1214E+04 .1621E+00
.1215E+04 .1590E+00
.1216E+04 .1769E+00
.1217E+04 .1721E+00
.1218E+04 .1731E+00
.1219E+04 .1674E+00
.1220E+04 .1732E+00
.1221E+04 .1763E+00
.1222E+04 .1704E+00
.1223E+04 .1686E+00
.1224E+04 .1682E+00
.1225E+04 .1755E+00
.1226E+04 .1771E+00
.1227E+04 .1628E+00
.1228E+04 .1787E+00
.1229E+04 .1777E+00
.1230E+04 .1745E+00
.1231E+04 .1800E+00
.1232E+04 .1789E+00
.1233E+04 .1722E+00
.1234E+04 .1800E+00
.1235E+04 .1788E+00
.1236E+04 .1803E+00
.1237E+04 .1775E+00
.1238E+04 .1797E+00
.1239E+04 .1774E+00
.1240E+04 .1781E+00
.1241E+04 .1771E+00
.1242E+04 .1769E+00
.1243E+04 .1754E+00
.1244E+04 .1766E+00
.1245E+04 .1774E+00
.1246E+04 .1764E+00
.1247E+04 .1756E+00
.1248E+04 .1754E+00
.1249E+04 .1760E+00
.1250E+04 .1748E+00
.1251E+04 .1723E+00
.1252E+04 .1727E+00
.1253E+04 .1707E+00
.1254E+04 .1687E+00
.1255E+04 .1725E+00
.1256E+04 .1664E+00
.1257E+04 .1653E+00
.1258E+04 .1694E+00
.1259E+04 .1614E+00
.1260E+04 .1626E+00
.1261E+04 .1512E+00
.1262E+04 .1454E+00
.1263E+04 .1457E+00
.1264E+04 .1318E+00
.1265E+04 .1448E+00
.1266E+04 .1377E+00
.1267E+04 .1414E+00
.1268E+04 .1322E+00
.1269E+04 .7130E-01
.1270E+04 .1403E+00
.1271E+04 .1512E+00
.1272E+04 .1518E+00
.1273E+04 .1499E+00
.1274E+04 .1509E+00
.1275E+04 .1532E+00
.1276E+04 .1553E+00
.1277E+04 .1573E+00
.1278E+04 .1607E+00
.1279E+04 .1595E+00
.1280E+04 .1577E+00
.1281E+04 .1508E+00
.1282E+04 .1457E+00
.1283E+04 .1569E+00
.1284E+04 .1609E+00
.1285E+04 .1618E+00
.1286E+04 .1644E+00
.1287E+04 .1616E+00
.1288E+04 .1617E+00
.1289E+04 .1557E+00
.1290E+04 .1602E+00
.1291E+04 .1624E+00
.1292E+04 .1515E+00
.1293E+04 .1596E+00
.1294E+04 .1585E+00
.1295E+04 .1567E+00
.1296E+04 .1490E+00
.1297E+04 .1405E+00
.1298E+04 .1524E+00
.1299E+04 .1597E+00
.1300E+04 .1332E+00
.1301E+04 .1391E+00
.1302E+04 .1520E+00
.1303E+04 .1331E+00
.1304E+04 .1110E+00
.1305E+04 .1495E+00
.1306E+04 .1494E+00
.1307E+04 .1158E+00
.1308E+04 .1328E+00
.1309E+04 .1476E+00
.1310E+04 .1131E+00
.1311E+04 .1275E+00
.1312E+04 .1229E+00
.1313E+04 .1215E+00
.1314E+04 .1072E+00
.1315E+04 .1064E+00
.1316E+04 .1252E+00
.1317E+04 .1183E+00
.1318E+04 .1288E+00
.1319E+04 .1001E+00
.1320E+04 .9623E-01
.1321E+04 .1131E+00
.1322E+04 .1147E+00
.1323E+04 .8392E-01
.1324E+04 .9883E-01
.1325E+04 .1235E+00
.1326E+04 .1057E+00
.1327E+04 .1006E+00
.1328E+04 .8505E-01
.1329E+04 .6333E-01
.1330E+04 .8293E-01
.1331E+04 .4845E-01
.1332E+04 .5074E-01
.1333E+04 .7068E-01
.1334E+04 .6117E-01
.1335E+04 .8418E-01
.1336E+04 .6643E-01
.1337E+04 .5698E-01
.1338E+04 .6170E-01
.1339E+04 .6214E-01
.1340E+04 .6060E-01
.1341E+04 .5801E-01
.1342E+04 .6336E-01
.1343E+04 .3888E-01
.1344E+04 .2464E-01
.1345E+04 .3467E-01
.1346E+04 .1624E-01
.1347E+04 .1640E-01
.1348E+04 .1021E-02
.1349E+04 .3631E-02
.1350E+04 .4104E-02
.1351E+04 .9025E-03
.1352E+04 .2432E-03
.1353E+04 .1404E-04
.1354E+04 .4687E-04
.1355E+04 .4477E-06
.1356E+04 .8471E-05
.1357E+04 .1151E-04
.1358E+04 .5593E-06
.1359E+04 .9091E-07
.1360E+04 .2864E-06
.1361E+04 .7593E-09
.1362E+04 .3684E-11
.1363E+04 .3621E-06
.1364E+04 .1551E-06
.1365E+04 .3790E-11
.1366E+04 .1761E-05
.1367E+04 .7061E-06
.1368E+04 .1073E-12
.1369E+04 .8860E-07
.1370E+04 .4336E-07
.1371E+04 .3259E-08
.1372E+04 .4696E-06
.1373E+04 .5978E-05
.1374E+04 .2598E-04
.1375E+04 .4930E-04
.1376E+04 .4873E-04
.1377E+04 .2380E-04
.1378E+04 .1714E-03
.1379E+04 .9610E-05
.1380E+04 .1183E-04
.1381E+04 .3857E-06
.1382E+04 .3623E-06
.1383E+04 .5796E-08
.1384E+04 .8754E-07
.1385E+04 .2584E-06
.1386E+04 .3012E-06
.1387E+04 .1563E-04
.1388E+04 .5866E-06
.1389E+04 .8570E-04
.1390E+04 .7595E-04
.1391E+04 .4839E-04
.1392E+04 .4612E-05
.1393E+04 .2239E-04
.1394E+04 .9247E-05
.1395E+04 .8584E-07
.1396E+04 .9977E-09
.1397E+04 .1059E-04
.1398E+04 .1560E-03
.1399E+04 .1200E-03
.1400E+04 .6068E-09
.1401E+04 .1512E-08
.1402E+04 .3887E-03
.1403E+04 .4455E-03
.1404E+04 .1363E-03
.1405E+04 .8345E-07
.1406E+04 .2545E-03
.1407E+04 .3551E-04
.1408E+04 .2684E-03
.1409E+04 .8219E-04
.1410E+04 .8566E-04
.1411E+04 .3975E-03
.1412E+04 .5254E-03
.1413E+04 .3934E-02
.1414E+04 .6415E-04
.1415E+04 .3192E-04
.1416E+04 .9093E-02
.1417E+04 .2382E-02
.1418E+04 .3205E-02
.1419E+04 .5264E-03
.1420E+04 .2052E-02
.1421E+04 .2069E-02
.1422E+04 .1247E-01
.1423E+04 .2399E-02
.1424E+04 .4709E-02
.1425E+04 .6611E-02
.1426E+04 .7869E-02
.1427E+04 .1587E-01
.1428E+04 .9592E-03
.1429E+04 .1043E-01
.1430E+04 .1997E-01
.1431E+04 .1407E-01
.1432E+04 .4511E-03
.1433E+04 .9700E-02
.1434E+04 .6204E-02
.1435E+04 .5120E-02
.1436E+04 .1095E-01
.1437E+04 .7485E-02
.1438E+04 .3590E-02
.1439E+04 .1323E-01
.1440E+04 .1077E-01
.1441E+04 .8776E-02
.1442E+04 .1017E-01
.1443E+04 .1384E-01
.1444E+04 .1806E-01
.1445E+04 .1405E-01
.1446E+04 .6757E-02
.1447E+04 .1023E-01
.1448E+04 .3836E-01
.1449E+04 .3304E-01
.1450E+04 .8349E-02
.1451E+04 .3444E-02
.1452E+04 .2015E-01
.1453E+04 .2662E-01
.1454E+04 .4733E-01
.1455E+04 .2211E-01
.1456E+04 .2852E-01
.1457E+04 .3940E-01
.1458E+04 .4848E-01
.1459E+04 .5677E-01
.1460E+04 .2965E-01
.1461E+04 .2966E-01
.1462E+04 .4417E-01
.1463E+04 .1424E-01
.1464E+04 .5459E-01
.1465E+04 .3279E-01
.1466E+04 .2071E-01
.1467E+04 .1088E-01
.1468E+04 .2516E-01
.1469E+04 .3098E-01
.1470E+04 .1541E-01
.1471E+04 .5641E-02
.1472E+04 .1411E-01
.1473E+04 .2187E-01
.1474E+04 .3366E-01
.1475E+04 .6610E-01
.1476E+04 .2206E-01
.1477E+04 .2195E-01
.1478E+04 .2165E-01
.1479E+04 .4126E-01
.1480E+04 .1938E-01
.1481E+04 .3984E-01
.1482E+04 .1907E-01
.1483E+04 .5182E-01
.1484E+04 .4891E-01
.1485E+04 .4292E-01
.1486E+04 .4194E-01
.1487E+04 .1806E-01
.1488E+04 .3347E-01
.1489E+04 .7031E-01
.1490E+04 .6335E-01
.1491E+04 .7297E-01
.1492E+04 .5817E-01
.1493E+04 .6531E-01
.1494E+04 .7462E-01
.1495E+04 .6635E-01
.1496E+04 .6176E-01
.1497E+04 .8721E-01
.1498E+04 .7158E-01
.1499E+04 .8382E-01
.1500E+04 .9712E-01
.1501E+04 .1009E+00
.1502E+04 .8634E-01
.1503E+04 .7251E-01
.1504E+04 .5647E-01
.1505E+04 .6849E-01
.1506E+04 .1014E+00
.1507E+04 .9709E-01
.1508E+04 .9362E-01
.1509E+04 .6956E-01
.1510E+04 .1057E+00
.1511E+04 .1016E+00
.1512E+04 .1010E+00
.1513E+04 .9160E-01
.1514E+04 .8518E-01
.1515E+04 .1040E+00
.1516E+04 .9927E-01
.1517E+04 .9679E-01
.1518E+04 .9648E-01
.1519E+04 .9398E-01
.1520E+04 .1016E+00
.1521E+04 .1095E+00
.1522E+04 .1034E+00
.1523E+04 .1111E+00
.1524E+04 .1073E+00
.1525E+04 .1020E+00
.1526E+04 .1036E+00
.1527E+04 .1029E+00
.1528E+04 .1104E+00
.1529E+04 .1045E+00
.1530E+04 .1022E+00
.1531E+04 .1052E+00
.1532E+04 .1094E+00
.1533E+04 .1085E+00
.1534E+04 .1058E+00
.1535E+04 .1051E+00
.1536E+04 .1080E+00
.1537E+04 .1064E+00
.1538E+04 .1083E+00
.1539E+04 .1056E+00
.1540E+04 .1050E+00
.1541E+04 .1062E+00
.1542E+04 .1057E+00
.1543E+04 .1079E+00
.1544E+04 .1073E+00
.1545E+04 .1095E+00
.1546E+04 .1080E+00
.1547E+04 .1066E+00
.1548E+04 .1067E+00
.1549E+04 .1076E+00
.1550E+04 .1069E+00
.1551E+04 .1077E+00
.1552E+04 .1070E+00
.1553E+04 .1062E+00
.1554E+04 .1053E+00
.1555E+04 .1056E+00
.1556E+04 .1056E+00
.1557E+04 .1068E+00
.1558E+04 .1062E+00
.1559E+04 .1055E+00
.1560E+04 .1063E+00
.1561E+04 .1070E+00
.1562E+04 .1057E+00
.1563E+04 .1048E+00
.1564E+04 .1053E+00
.1565E+04 .1054E+00
.1566E+04 .1040E+00
.1567E+04 .1037E+00
.1568E+04 .1012E+00
.1569E+04 .9814E-01
.1570E+04 .9243E-01
.1571E+04 .8592E-01
.1572E+04 .8673E-01
.1573E+04 .8599E-01
.1574E+04 .8802E-01
.1575E+04 .9457E-01
.1576E+04 .9056E-01
.1577E+04 .8310E-01
.1578E+04 .8792E-01
.1579E+04 .8798E-01
.1580E+04 .9188E-01
.1581E+04 .9230E-01
.1582E+04 .9219E-01
.1583E+04 .9433E-01
.1584E+04 .9746E-01
.1585E+04 .9966E-01
.1586E+04 .9934E-01
.1587E+04 .9803E-01
.1588E+04 .9554E-01
.1589E+04 .9261E-01
.1590E+04 .9477E-01
.1591E+04 .9714E-01
.1592E+04 .1000E+00
.1593E+04 .1016E+00
.1594E+04 .1014E+00
.1595E+04 .1001E+00
.1596E+04 .9701E-01
.1597E+04 .9914E-01
.1598E+04 .9917E-01
.1599E+04 .9443E-01
.1600E+04 .8951E-01
.1601E+04 .8390E-01
.1602E+04 .8314E-01
.1603E+04 .8299E-01
.1604E+04 .8447E-01
.1605E+04 .9111E-01
.1606E+04 .9264E-01
.1607E+04 .8945E-01
.1608E+04 .8553E-01
.1609E+04 .8212E-01
.1610E+04 .8314E-01
.1611E+04 .8597E-01
.1612E+04 .8877E-01
.1613E+04 .9068E-01
.1614E+04 .9252E-01
.1615E+04 .9141E-01
.1616E+04 .9080E-01
.1617E+04 .9312E-01
.1618E+04 .9500E-01
.1619E+04 .9357E-01
.1620E+04 .9183E-01
.1621E+04 .9308E-01
.1622E+04 .9462E-01
.1623E+04 .9610E-01
.1624E+04 .9499E-01
.1625E+04 .9472E-01
.1626E+04 .9486E-01
.1627E+04 .9558E-01
.1628E+04 .9523E-01
.1629E+04 .9441E-01
.1630E+04 .9383E-01
.1631E+04 .9321E-01
.1632E+04 .9322E-01
.1633E+04 .9012E-01
.1634E+04 .9244E-01
.1635E+04 .9081E-01
.1636E+04 .9014E-01
.1637E+04 .8916E-01
.1638E+04 .8310E-01
.1639E+04 .8665E-01
.1640E+04 .8169E-01
.1641E+04 .8472E-01
.1642E+04 .8642E-01
.1643E+04 .8075E-01
.1644E+04 .8671E-01
.1645E+04 .8467E-01
.1646E+04 .8289E-01
.1647E+04 .8876E-01
.1648E+04 .8156E-01
.1649E+04 .8565E-01
.1650E+04 .8701E-01
.1651E+04 .7950E-01
.1652E+04 .8686E-01
.1653E+04 .8779E-01
.1654E+04 .8253E-01
.1655E+04 .8820E-01
.1656E+04 .8659E-01
.1657E+04 .8738E-01
.1658E+04 .8880E-01
.1659E+04 .8805E-01
.1660E+04 .8894E-01
.1661E+04 .8860E-01
.1662E+04 .8602E-01
.1663E+04 .8811E-01
.1664E+04 .8728E-01
.1665E+04 .8146E-01
.1666E+04 .6392E-01
.1667E+04 .8077E-01
.1668E+04 .8460E-01
.1669E+04 .8554E-01
.1670E+04 .8699E-01
.1671E+04 .8437E-01
.1672E+04 .8354E-01
.1673E+04 .8553E-01
.1674E+04 .8339E-01
.1675E+04 .8220E-01
.1676E+04 .8311E-01
.1677E+04 .8278E-01
.1678E+04 .8017E-01
.1679E+04 .8229E-01
.1680E+04 .7892E-01
.1681E+04 .7603E-01
.1682E+04 .8075E-01
.1683E+04 .8254E-01
.1684E+04 .7543E-01
.1685E+04 .8345E-01
.1686E+04 .8326E-01
.1687E+04 .7976E-01
.1688E+04 .8267E-01
.1689E+04 .8188E-01
.1690E+04 .8170E-01
.1691E+04 .7373E-01
.1692E+04 .8137E-01
.1693E+04 .8366E-01
.1694E+04 .8026E-01
.1695E+04 .8266E-01
.1696E+04 .8281E-01
.1697E+04 .6868E-01
.1698E+04 .8190E-01
.1699E+04 .8101E-01
.1700E+04 .7868E-01
.1702E+04 .7997E-01
.1705E+04 .7752E-01
.1710E+04 .7332E-01
.1715E+04 .7402E-01
.1720E+04 .7323E-01
.1725E+04 .6779E-01
.1730E+04 .6764E-01
.1735E+04 .6335E-01
.1740E+04 .6416E-01
.1745E+04 .6051E-01
.1750E+04 .6431E-01
.1755E+04 .5937E-01
.1760E+04 .6169E-01
.1765E+04 .5054E-01
.1770E+04 .5429E-01
.1775E+04 .4350E-01
.1780E+04 .3697E-01
.1785E+04 .2749E-01
.1790E+04 .3156E-01
.1795E+04 .1431E-01
.1800E+04 .1046E-01
.1805E+04 .3943E-02
.1810E+04 .2982E-02
.1815E+04 .7587E-03
.1820E+04 .1798E-03
.1825E+04 .2584E-03
.1830E+04 .6381E-06
.1835E+04 .1365E-05
.1840E+04 .8359E-08
.1845E+04 .6276E-06
.1850E+04 .2730E-06
.1855E+04 .3169E-07
.1860E+04 .1623E-05
.1865E+04 .1968E-05
.1870E+04 .3030E-10
.1875E+04 .5216E-10
.1880E+04 .1080E-04
.1885E+04 .6848E-05
.1890E+04 .3252E-04
.1895E+04 .1934E-04
.1900E+04 .9404E-07
.1905E+04 .6459E-07
.1910E+04 .3036E-05
.1915E+04 .3027E-05
.1920E+04 .6702E-04
.1925E+04 .1655E-03
.1930E+04 .1045E-03
.1935E+04 .8278E-03
.1940E+04 .9506E-03
.1945E+04 .2955E-02
.1950E+04 .4117E-02
.1955E+04 .1762E-02
.1960E+04 .5331E-02
.1965E+04 .7252E-02
.1970E+04 .1446E-01
.1975E+04 .2350E-01
.1980E+04 .2741E-01
.1985E+04 .3096E-01
.1990E+04 .3247E-01
.1995E+04 .2949E-01
.2000E+04 .8561E-02
.2005E+04 .2083E-02
.2010E+04 .8423E-02
.2015E+04 .4786E-02
.2020E+04 .1089E-01
.2025E+04 .2368E-01
.2030E+04 .3024E-01
.2035E+04 .3632E-01
.2040E+04 .3325E-01
.2045E+04 .3357E-01
.2050E+04 .2124E-01
.2055E+04 .1527E-01
.2060E+04 .2247E-01
.2065E+04 .1889E-01
.2070E+04 .2093E-01
.2075E+04 .2722E-01
.2080E+04 .3320E-01
.2085E+04 .3237E-01
.2090E+04 .3467E-01
.2095E+04 .3567E-01
.2100E+04 .3409E-01
.2105E+04 .3751E-01
.2110E+04 .3581E-01
.2115E+04 .3703E-01
.2120E+04 .3494E-01
.2125E+04 .3561E-01
.2130E+04 .3618E-01
.2135E+04 .3643E-01
.2140E+04 .3672E-01
.2145E+04 .3628E-01
.2150E+04 .3369E-01
.2155E+04 .3384E-01
.2160E+04 .3347E-01
.2165E+04 .3058E-01
.2170E+04 .3267E-01
.2175E+04 .3185E-01
.2180E+04 .3279E-01
.2185E+04 .2946E-01
.2190E+04 .3169E-01
.2195E+04 .3140E-01
.2200E+04 .2697E-01
.2205E+04 .2894E-01
.2210E+04 .3177E-01
.2215E+04 .3020E-01
.2220E+04 .3088E-01
.2225E+04 .2995E-01
.2230E+04 .3002E-01
.2235E+04 .2925E-01
.2240E+04 .2887E-01
.2245E+04 .2754E-01
.2250E+04 .2842E-01
.2255E+04 .2612E-01
.2260E+04 .2568E-01
.2265E+04 .2663E-01
.2270E+04 .2466E-01
.2275E+04 .2423E-01
.2280E+04 .2586E-01
.2285E+04 .2380E-01
.2290E+04 .2386E-01
.2295E+04 .2318E-01
.2300E+04 .2169E-01
.2305E+04 .2198E-01
.2310E+04 .2502E-01
.2315E+04 .2170E-01
.2320E+04 .1855E-01
.2325E+04 .2177E-01
.2330E+04 .2151E-01
.2335E+04 .2210E-01
.2340E+04 .1652E-01
.2345E+04 .1878E-01
.2350E+04 .1462E-01
.2355E+04 .1721E-01
.2360E+04 .1857E-01
.2365E+04 .1872E-01
.2370E+04 .9750E-02
.2375E+04 .1592E-01
.2380E+04 .1572E-01
.2385E+04 .1077E-01
.2390E+04 .1308E-01
.2395E+04 .1437E-01
.2400E+04 .1600E-01
.2405E+04 .1209E-01
.2410E+04 .1216E-01
.2415E+04 .9502E-02
.2420E+04 .9274E-02
.2425E+04 .1175E-01
.2430E+04 .1649E-01
.2435E+04 .4922E-02
.2440E+04 .1632E-01
.2445E+04 .7126E-02
.2450E+04 .4423E-02
.2455E+04 .8956E-02
.2460E+04 .1187E-01
.2465E+04 .8179E-02
.2470E+04 .5256E-02
.2475E+04 .5172E-02
.2480E+04 .2518E-02
.2485E+04 .1549E-02
.2490E+04 .8240E-03
.2495E+04 .7497E-03
.2500E+04 .1971E-02
.2505E+04 .4523E-03
.2510E+04 .6584E-03
.2515E+04 .1420E-03
.2520E+04 .5313E-04
.2525E+04 .1010E-04
.2530E+04 .3023E-07
.2535E+04 .6052E-08
.2540E+04 .1953E-07
.2545E+04 .2842E-11
.2550E+04 .3018E-12
.2555E+04 .1264E-09
.2560E+04 .1723E-10
.2565E+04 .8803E-14
.2570E+04 .5887E-18
.2575E+04 .8681E-25
.2580E+04 .1558E-20
.2585E+04 .1197E-30
.2590E+04 .5696E-28
.2595E+04 .9103E-29
.2600E+04 .1093E-25
.2605E+04 .1839E-29
.2610E+04 .1962E-30
.2615E+04 .1333E-32
.2620E+04 .6544E-25
.2625E+04 .3652E-26
.2630E+04 .6801E-40
.2635E+04 .1664E-15
.2640E+04 .5407E-16
.2645E+04 .4856E-18
.2650E+04 .1987E-18
.2655E+04 .2304E-25
.2660E+04 .1621E-22
.2665E+04 .2073E-32
.2670E+04 .0000E+00
.2675E+04 .0000E+00
.2680E+04 .0000E+00
.2685E+04 .0000E+00
.2690E+04 .6874E-30
.2695E+04 .1368E-30
.2700E+04 .0000E+00
.2705E+04 .0000E+00
.2710E+04 .9423E-34
.2715E+04 .1744E-26
.2720E+04 .2708E-40
.2725E+04 .1104E-19
.2730E+04 .3018E-19
.2735E+04 .1725E-20
.2740E+04 .9055E-24
.2745E+04 .1922E-22
.2750E+04 .2192E-28
.2755E+04 .0000E+00
.2760E+04 .0000E+00
.2765E+04 .2486E-26
.2770E+04 .2825E-23
.2775E+04 .2533E-40
.2780E+04 .4306E-36
.2785E+04 .3192E-28
.2790E+04 .2063E-17
.2795E+04 .1669E-16
.2800E+04 .3030E-13
