8.0 59
8.0167 62
8.0333 64
8.05 67
8.0667 70
8.0833 72
8.1 75
8.1167 78
8.1333 81
8.15 84
8.1667 87
8.1833 90
8.2 93
8.2167 96
8.2333 99
8.25 102
8.2667 105
8.2833 108
8.3 111
8.3167 114
8.3333 118
8.35 121
8.3667 124
8.3833 127
8.4 130
8.4167 133
8.4333 137
8.45 140
8.4667 143
8.4833 147
8.5 150
8.5167 153
8.5333 156
8.55 160
8.5667 163
8.5833 166
8.6 170
8.6167 173
8.6333 176
8.65 180
8.6667 183
8.6833 187
8.7 190
8.7167 193
8.7333 197
8.75 200
8.7667 203
8.7833 207
8.8 210
8.8167 214
8.8333 217
8.85 220
8.8667 224
8.8833 227
8.9 230
8.9167 234
8.9333 237
8.95 241
8.9667 244
8.9833 247
9.0 251
9.0167 254
9.0333 257
9.05 261
9.0667 264
9.0833 267
9.1 271
9.1167 274
9.1333 278
9.15 281
9.1667 284
9.1833 288
9.2 291
9.2167 294
9.2333 297
9.25 301
9.2667 304
9.2833 307
9.3 311
9.3167 314
9.3333 317
9.35 321
9.3667 324
9.3833 327
9.4 330
9.4167 334
9.4333 337
9.45 340
9.4667 343
9.4833 346
9.5 350
9.5167 353
9.5333 356
9.55 359
9.5667 362
9.5833 366
9.6 369
9.6167 372
9.6333 375
9.65 378
9.6667 381
9.6833 384
9.7 387
9.7167 390
9.7333 393
9.75 397
9.7667 400
9.7833 403
9.8 406
9.8167 409
9.8333 412
9.85 415
9.8667 418
9.8833 421
9.9 424
9.9167 426
9.9333 429
9.95 432
9.9667 435
9.9833 438
10.0 441
10.0167 444
10.0333 447
10.05 450
10.0667 452
10.0833 455
10.1 458
10.1167 461
10.1333 464
10.15 466
10.1667 469
10.1833 472
10.2 475
10.2167 477
10.2333 480
10.25 483
10.2667 485
10.2833 488
10.3 491
10.3167 493
10.3333 496
10.35 499
10.3667 501
10.3833 504
10.4 506
10.4167 509
10.4333 511
10.45 514
10.4667 516
10.4833 519
10.5 521
10.5167 524
10.5333 526
10.55 529
10.5667 531
10.5833 534
10.6 536
10.6167 538
10.6333 541
10.65 543
10.6667 545
10.6833 548
10.7 550
10.7167 552
10.7333 554
10.75 557
10.7667 559
10.7833 561
10.8 563
10.8167 565
10.8333 568
10.85 570
10.8667 572
10.8833 574
10.9 576
10.9167 578
10.9333 580
10.95 582
10.9667 584
10.9833 586
11.0 588
11.0167 590
11.0333 592
11.05 594
11.0667 596
11.0833 598
11.1 600
11.1167 602
11.1333 604
11.15 606
11.1667 607
11.1833 609
11.2 611
11.2167 613
11.2333 615
11.25 616
11.2667 618
11.2833 620
11.3 621
11.3167 623
11.3333 625
11.35 626
11.3667 628
11.3833 630
11.4 631
11.4167 633
11.4333 634
11.45 636
11.4667 637
11.4833 639
11.5 640
11.5167 642
11.5333 643
11.55 645
11.5667 646
11.5833 647
11.6 649
11.6167 650
11.6333 651
11.65 653
11.6667 654
11.6833 655
11.7 656
11.7167 658
11.7333 659
11.75 660
11.7667 661
11.7833 662
11.8 664
11.8167 665
11.8333 666
11.85 667
11.8667 668
11.8833 669
11.9 670
11.9167 671
11.9333 672
11.95 673
11.9667 674
11.9833 675
12.0 676
12.0167 677
12.0333 678
12.05 678
12.0667 679
12.0833 680
12.1 681
12.1167 682
12.1333 682
12.15 683
12.1667 684
12.1833 685
12.2 685
12.2167 686
12.2333 687
12.25 687
12.2667 688
12.2833 688
12.3 689
12.3167 690
12.3333 690
12.35 691
12.3667 691
12.3833 692
12.4 692
12.4167 692
12.4333 693
12.45 693
12.4667 694
12.4833 694
12.5 694
12.5167 695
12.5333 695
12.55 695
12.5667 695
12.5833 696
12.6 696
12.6167 696
12.6333 696
12.65 696
12.6667 697
12.6833 697
12.7 697
12.7167 697
12.7333 697
12.75 697
12.7667 697
12.7833 697
12.8 697
12.8167 697
12.8333 697
12.85 697
12.8667 697
12.8833 697
12.9 697
12.9167 696
12.9333 696
12.95 696
12.9667 696
12.9833 696
13.0 695
13.0167 695
13.0333 695
13.05 694
13.0667 694
13.0833 694
13.1 693
13.1167 693
13.1333 693
13.15 692
13.1667 692
13.1833 691
13.2 691
13.2167 690
13.2333 690
13.25 689
13.2667 689
13.2833 688
13.3 688
13.3167 687
13.3333 686
13.35 686
13.3667 685
13.3833 684
13.4 684
13.4167 683
13.4333 682
13.45 681
13.4667 680
13.4833 680
13.5 679
13.5167 678
13.5333 677
13.55 676
13.5667 675
13.5833 674
13.6 673
13.6167 673
13.6333 672
13.65 671
13.6667 670
13.6833 668
13.7 667
13.7167 666
13.7333 665
13.75 664
13.7667 663
13.7833 662
13.8 661
13.8167 659
13.8333 658
13.85 657
13.8667 656
13.8833 655
13.9 653
13.9167 652
13.9333 651
13.95 649
13.9667 648
13.9833 647
14.0 645
14.0167 644
14.0333 642
14.05 641
14.0667 639
14.0833 638
14.1 636
14.1167 635
14.1333 633
14.15 632
14.1667 630
14.1833 629
14.2 627
14.2167 625
14.2333 624
14.25 622
14.2667 620
14.2833 619
14.3 617
14.3167 615
14.3333 614
14.35 612
14.3667 610
14.3833 608
14.4 606
14.4167 605
14.4333 603
14.45 601
14.4667 599
14.4833 597
14.5 595
14.5167 593
14.5333 591
14.55 589
14.5667 587
14.5833 585
14.6 583
14.6167 581
14.6333 579
14.65 577
14.6667 575
14.6833 573
14.7 571
14.7167 569
14.7333 566
14.75 564
14.7667 562
14.7833 560
14.8 558
14.8167 555
14.8333 553
14.85 551
14.8667 549
14.8833 546
14.9 544
14.9167 542
14.9333 539
14.95 537
14.9667 535
14.9833 532
15.0 531
15.0167 528
15.0333 526
15.05 523
15.0667 521
15.0833 518
15.1 516
15.1167 513
15.1333 511
15.15 508
15.1667 506
15.1833 503
15.2 500
15.2167 498
15.2333 495
15.25 493
15.2667 490
15.2833 487
15.3 485
15.3167 482
15.3333 479
15.35 477
15.3667 474
15.3833 471
15.4 468
15.4167 466
15.4333 463
15.45 460
15.4667 457
15.4833 454
15.5 452
15.5167 449
15.5333 446
15.55 443
15.5667 440
15.5833 437
15.6 434
15.6167 431
15.6333 429
15.65 426
15.6667 423
15.6833 420
15.7 417
15.7167 414
15.7333 411
15.75 408
15.7667 405
15.7833 402
15.8 399
15.8167 396
15.8333 393
15.85 389
15.8667 386
15.8833 383
15.9 380
15.9167 377
15.9333 374
15.95 371
15.9667 368
15.9833 365
16.0 361
16.0167 358
16.0333 355
16.05 352
16.0667 349
16.0833 345
16.1 342
16.1167 339
16.1333 336
16.15 333
16.1667 329
16.1833 326
16.2 323
16.2167 319
16.2333 316
16.25 313
16.2667 310
16.2833 306
16.3 303
16.3167 300
16.3333 296
16.35 293
16.3667 290
16.3833 286
16.4 283
16.4167 280
16.4333 276
16.45 273
16.4667 270
16.4833 266
16.5 263
16.5167 260
16.5333 256
16.55 253
16.5667 250
16.5833 246
16.6 243
16.6167 239
16.6333 236
16.65 233
16.6667 229
16.6833 226
16.7 222
16.7167 219
16.7333 216
16.75 212
16.7667 209
16.7833 206
16.8 202
16.8167 199
16.8333 195
16.85 192
16.8667 189
16.8833 185
16.9 182
16.9167 179
16.9333 175
16.95 172
16.9667 169
16.9833 165
