8.0 51
8.0167 53
8.0333 55
8.05 57
8.0667 60
8.0833 62
8.1 65
8.1167 67
8.1333 69
8.15 72
8.1667 74
8.1833 77
8.2 80
8.2167 82
8.2333 85
8.25 87
8.2667 90
8.2833 93
8.3 96
8.3167 98
8.3333 101
8.35 104
8.3667 107
8.3833 110
8.4 113
8.4167 116
8.4333 118
8.45 121
8.4667 124
8.4833 127
8.5 130
8.5167 133
8.5333 136
8.55 139
8.5667 142
8.5833 145
8.6 149
8.6167 152
8.6333 155
8.65 158
8.6667 161
8.6833 164
8.7 167
8.7167 170
8.7333 173
8.75 177
8.7667 180
8.7833 183
8.8 186
8.8167 189
8.8333 192
8.85 196
8.8667 199
8.8833 202
8.9 205
8.9167 209
8.9333 212
8.95 215
8.9667 218
8.9833 221
9.0 225
9.0167 228
9.0333 231
9.05 235
9.0667 238
9.0833 241
9.1 244
9.1167 248
9.1333 251
9.15 254
9.1667 257
9.1833 260
9.2 264
9.2167 267
9.2333 270
9.25 273
9.2667 277
9.2833 280
9.3 283
9.3167 286
9.3333 289
9.35 293
9.3667 296
9.3833 299
9.4 302
9.4167 305
9.4333 309
9.45 312
9.4667 315
9.4833 318
9.5 321
9.5167 324
9.5333 328
9.55 331
9.5667 334
9.5833 337
9.6 340
9.6167 343
9.6333 346
9.65 349
9.6667 353
9.6833 356
9.7 359
9.7167 362
9.7333 365
9.75 368
9.7667 371
9.7833 374
9.8 377
9.8167 380
9.8333 383
9.85 386
9.8667 389
9.8833 392
9.9 395
9.9167 398
9.9333 401
9.95 404
9.9667 407
9.9833 410
10.0 413
10.0167 416
10.0333 418
10.05 421
10.0667 424
10.0833 427
10.1 430
10.1167 433
10.1333 436
10.15 438
10.1667 441
10.1833 444
10.2 447
10.2167 449
10.2333 452
10.25 455
10.2667 458
10.2833 460
10.3 463
10.3167 466
10.3333 468
10.35 471
10.3667 474
10.3833 476
10.4 479
10.4167 482
10.4333 484
10.45 487
10.4667 489
10.4833 492
10.5 495
10.5167 497
10.5333 500
10.55 502
10.5667 505
10.5833 507
10.6 509
10.6167 512
10.6333 514
10.65 517
10.6667 519
10.6833 522
10.7 524
10.7167 526
10.7333 529
10.75 531
10.7667 533
10.7833 536
10.8 538
10.8167 540
10.8333 542
10.85 545
10.8667 547
10.8833 549
10.9 551
10.9167 553
10.9333 556
10.95 558
10.9667 560
10.9833 562
11.0 564
11.0167 566
11.0333 568
11.05 570
11.0667 572
11.0833 574
11.1 576
11.1167 578
11.1333 580
11.15 582
11.1667 584
11.1833 586
11.2 588
11.2167 590
11.2333 592
11.25 593
11.2667 595
11.2833 597
11.3 599
11.3167 601
11.3333 602
11.35 604
11.3667 606
11.3833 608
11.4 609
11.4167 611
11.4333 613
11.45 614
11.4667 616
11.4833 618
11.5 619
11.5167 621
11.5333 622
11.55 624
11.5667 625
11.5833 627
11.6 628
11.6167 630
11.6333 631
11.65 633
11.6667 634
11.6833 635
11.7 637
11.7167 638
11.7333 639
11.75 641
11.7667 642
11.7833 643
11.8 645
11.8167 646
11.8333 647
11.85 648
11.8667 649
11.8833 651
11.9 652
11.9167 653
11.9333 654
11.95 655
11.9667 656
11.9833 657
12.0 658
12.0167 659
12.0333 660
12.05 661
12.0667 662
12.0833 663
12.1 664
12.1167 665
12.1333 666
12.15 667
12.1667 668
12.1833 668
12.2 669
12.2167 670
12.2333 671
12.25 672
12.2667 672
12.2833 673
12.3 674
12.3167 674
12.3333 675
12.35 676
12.3667 676
12.3833 677
12.4 677
12.4167 678
12.4333 678
12.45 679
12.4667 680
12.4833 680
12.5 680
12.5167 681
12.5333 681
12.55 682
12.5667 682
12.5833 682
12.6 683
12.6167 683
12.6333 683
12.65 684
12.6667 684
12.6833 684
12.7 684
12.7167 685
12.7333 685
12.75 685
12.7667 685
12.7833 685
12.8 685
12.8167 686
12.8333 686
12.85 686
12.8667 686
12.8833 686
12.9 686
12.9167 686
12.9333 686
12.95 686
12.9667 685
12.9833 685
13.0 685
13.0167 685
13.0333 685
13.05 685
13.0667 685
13.0833 684
13.1 684
13.1167 684
13.1333 684
13.15 683
13.1667 683
13.1833 683
13.2 682
13.2167 682
13.2333 681
13.25 681
13.2667 681
13.2833 680
13.3 680
13.3167 679
13.3333 679
13.35 678
13.3667 678
13.3833 677
13.4 676
13.4167 676
13.4333 675
13.45 675
13.4667 674
13.4833 673
13.5 672
13.5167 672
13.5333 671
13.55 670
13.5667 669
13.5833 669
13.6 668
13.6167 667
13.6333 666
13.65 665
13.6667 664
13.6833 663
13.7 663
13.7167 662
13.7333 661
13.75 660
13.7667 659
13.7833 658
13.8 656
13.8167 655
13.8333 654
13.85 653
13.8667 652
13.8833 651
13.9 650
13.9167 649
13.9333 647
13.95 646
13.9667 645
13.9833 644
14.0 642
14.0167 641
14.0333 640
14.05 639
14.0667 637
14.0833 636
14.1 634
14.1167 633
14.1333 632
14.15 630
14.1667 629
14.1833 627
14.2 626
14.2167 624
14.2333 623
14.25 621
14.2667 620
14.2833 618
14.3 616
14.3167 615
14.3333 613
14.35 612
14.3667 610
14.3833 608
14.4 606
14.4167 605
14.4333 603
14.45 601
14.4667 600
14.4833 598
14.5 596
14.5167 594
14.5333 592
14.55 590
14.5667 589
14.5833 587
14.6 585
14.6167 583
14.6333 581
14.65 579
14.6667 577
14.6833 575
14.7 573
14.7167 571
14.7333 569
14.75 567
14.7667 565
14.7833 563
14.8 561
14.8167 558
14.8333 556
14.85 554
14.8667 552
14.8833 550
14.9 548
14.9167 545
14.9333 543
14.95 541
14.9667 539
14.9833 536
15.0 535
15.0167 533
15.0333 530
15.05 528
15.0667 526
15.0833 523
15.1 521
15.1167 519
15.1333 516
15.15 514
15.1667 511
15.1833 509
15.2 506
15.2167 504
15.2333 501
15.25 499
15.2667 496
15.2833 494
15.3 491
15.3167 489
15.3333 486
15.35 483
15.3667 481
15.3833 478
15.4 476
15.4167 473
15.4333 470
15.45 468
15.4667 465
15.4833 462
15.5 460
15.5167 457
15.5333 454
15.55 451
15.5667 449
15.5833 446
15.6 443
15.6167 440
15.6333 437
15.65 435
15.6667 432
15.6833 429
15.7 426
15.7167 423
15.7333 420
15.75 417
15.7667 414
15.7833 412
15.8 409
15.8167 406
15.8333 403
15.85 400
15.8667 397
15.8833 394
15.9 391
15.9167 388
15.9333 385
15.95 382
15.9667 379
15.9833 376
16.0 373
16.0167 370
16.0333 367
16.05 364
16.0667 361
16.0833 358
16.1 354
16.1167 351
16.1333 348
16.15 345
16.1667 342
16.1833 339
16.2 336
16.2167 333
16.2333 330
16.25 326
16.2667 323
16.2833 320
16.3 317
16.3167 314
16.3333 311
16.35 307
16.3667 304
16.3833 301
16.4 298
16.4167 295
16.4333 291
16.45 288
16.4667 285
16.4833 282
16.5 279
16.5167 275
16.5333 272
16.55 269
16.5667 266
16.5833 262
16.6 259
16.6167 256
16.6333 253
16.65 249
16.6667 246
16.6833 243
16.7 240
16.7167 237
16.7333 233
16.75 230
16.7667 227
16.7833 224
16.8 220
16.8167 217
16.8333 214
16.85 211
16.8667 208
16.8833 204
16.9 201
16.9167 198
16.9333 195
16.95 191
16.9667 188
16.9833 185
