8.0 60
8.0167 63
8.0333 65
8.05 68
8.0667 71
8.0833 74
8.1 76
8.1167 79
8.1333 82
8.15 85
8.1667 88
8.1833 91
8.2 94
8.2167 97
8.2333 100
8.25 103
8.2667 106
8.2833 109
8.3 113
8.3167 116
8.3333 119
8.35 122
8.3667 125
8.3833 128
8.4 132
8.4167 135
8.4333 138
8.45 142
8.4667 145
8.4833 148
8.5 152
8.5167 155
8.5333 158
8.55 162
8.5667 165
8.5833 168
8.6 172
8.6167 175
8.6333 179
8.65 182
8.6667 186
8.6833 189
8.7 192
8.7167 196
8.7333 199
8.75 203
8.7667 206
8.7833 210
8.8 213
8.8167 217
8.8333 220
8.85 224
8.8667 227
8.8833 231
8.9 234
8.9167 238
8.9333 241
8.95 244
8.9667 248
8.9833 251
9.0 255
9.0167 259
9.0333 262
9.05 266
9.0667 269
9.0833 273
9.1 276
9.1167 280
9.1333 283
9.15 287
9.1667 290
9.1833 293
9.2 297
9.2167 300
9.2333 304
9.25 307
9.2667 311
9.2833 314
9.3 317
9.3167 321
9.3333 324
9.35 328
9.3667 331
9.3833 334
9.4 338
9.4167 341
9.4333 345
9.45 348
9.4667 351
9.4833 355
9.5 358
9.5167 361
9.5333 365
9.55 368
9.5667 371
9.5833 374
9.6 378
9.6167 381
9.6333 384
9.65 387
9.6667 391
9.6833 394
9.7 397
9.7167 400
9.7333 404
9.75 407
9.7667 410
9.7833 413
9.8 416
9.8167 419
9.8333 423
9.85 426
9.8667 429
9.8833 432
9.9 435
9.9167 438
9.9333 441
9.95 444
9.9667 447
9.9833 450
10.0 453
10.0167 456
10.0333 459
10.05 462
10.0667 465
10.0833 468
10.1 471
10.1167 474
10.1333 477
10.15 480
10.1667 483
10.1833 486
10.2 489
10.2167 492
10.2333 495
10.25 497
10.2667 500
10.2833 503
10.3 506
10.3167 509
10.3333 511
10.35 514
10.3667 517
10.3833 520
10.4 522
10.4167 525
10.4333 528
10.45 530
10.4667 533
10.4833 536
10.5 538
10.5167 541
10.5333 543
10.55 546
10.5667 549
10.5833 551
10.6 554
10.6167 556
10.6333 559
10.65 561
10.6667 564
10.6833 566
10.7 569
10.7167 571
10.7333 573
10.75 576
10.7667 578
10.7833 581
10.8 583
10.8167 585
10.8333 588
10.85 590
10.8667 592
10.8833 594
10.9 597
10.9167 599
10.9333 601
10.95 603
10.9667 606
10.9833 608
11.0 610
11.0167 612
11.0333 614
11.05 616
11.0667 618
11.0833 620
11.1 622
11.1167 624
11.1333 627
11.15 629
11.1667 630
11.1833 632
11.2 634
11.2167 636
11.2333 638
11.25 640
11.2667 642
11.2833 644
11.3 646
11.3167 648
11.3333 649
11.35 651
11.3667 653
11.3833 655
11.4 656
11.4167 658
11.4333 660
11.45 661
11.4667 663
11.4833 665
11.5 666
11.5167 668
11.5333 670
11.55 671
11.5667 673
11.5833 674
11.6 676
11.6167 677
11.6333 679
11.65 680
11.6667 682
11.6833 683
11.7 685
11.7167 686
11.7333 687
11.75 689
11.7667 690
11.7833 691
11.8 693
11.8167 694
11.8333 695
11.85 696
11.8667 698
11.8833 699
11.9 700
11.9167 701
11.9333 702
11.95 703
11.9667 704
11.9833 705
12.0 707
12.0167 708
12.0333 709
12.05 710
12.0667 711
12.0833 712
12.1 713
12.1167 713
12.1333 714
12.15 715
12.1667 716
12.1833 717
12.2 718
12.2167 719
12.2333 719
12.25 720
12.2667 721
12.2833 722
12.3 722
12.3167 723
12.3333 724
12.35 724
12.3667 725
12.3833 726
12.4 726
12.4167 727
12.4333 727
12.45 728
12.4667 728
12.4833 729
12.5 729
12.5167 730
12.5333 730
12.55 731
12.5667 731
12.5833 731
12.6 732
12.6167 732
12.6333 732
12.65 733
12.6667 733
12.6833 733
12.7 734
12.7167 734
12.7333 734
12.75 734
12.7667 734
12.7833 734
12.8 735
12.8167 735
12.8333 735
12.85 735
12.8667 735
12.8833 735
12.9 735
12.9167 735
12.9333 735
12.95 735
12.9667 735
12.9833 735
13.0 734
13.0167 734
13.0333 734
13.05 734
13.0667 734
13.0833 734
13.1 733
13.1167 733
13.1333 733
13.15 732
13.1667 732
13.1833 732
13.2 731
13.2167 731
13.2333 731
13.25 730
13.2667 730
13.2833 729
13.3 729
13.3167 728
13.3333 728
13.35 727
13.3667 727
13.3833 726
13.4 726
13.4167 725
13.4333 724
13.45 724
13.4667 723
13.4833 722
13.5 722
13.5167 721
13.5333 720
13.55 719
13.5667 718
13.5833 718
13.6 717
13.6167 716
13.6333 715
13.65 714
13.6667 713
13.6833 712
13.7 711
13.7167 710
13.7333 709
13.75 708
13.7667 707
13.7833 706
13.8 705
13.8167 704
13.8333 703
13.85 702
13.8667 701
13.8833 700
13.9 699
13.9167 697
13.9333 696
13.95 695
13.9667 694
13.9833 692
14.0 691
14.0167 690
14.0333 688
14.05 687
14.0667 686
14.0833 684
14.1 683
14.1167 681
14.1333 680
14.15 679
14.1667 677
14.1833 676
14.2 674
14.2167 672
14.2333 671
14.25 669
14.2667 668
14.2833 666
14.3 665
14.3167 663
14.3333 661
14.35 660
14.3667 658
14.3833 656
14.4 654
14.4167 653
14.4333 651
14.45 649
14.4667 647
14.4833 645
14.5 644
14.5167 642
14.5333 640
14.55 638
14.5667 636
14.5833 634
14.6 632
14.6167 630
14.6333 628
14.65 626
14.6667 624
14.6833 622
14.7 620
14.7167 618
14.7333 616
14.75 614
14.7667 612
14.7833 610
14.8 607
14.8167 605
14.8333 603
14.85 601
14.8667 599
14.8833 596
14.9 594
14.9167 592
14.9333 590
14.95 587
14.9667 585
14.9833 583
15.0 581
15.0167 579
15.0333 576
15.05 574
15.0667 572
15.0833 569
15.1 567
15.1167 564
15.1333 562
15.15 559
15.1667 557
15.1833 554
15.2 552
15.2167 549
15.2333 547
15.25 544
15.2667 541
15.2833 539
15.3 536
15.3167 534
15.3333 531
15.35 528
15.3667 525
15.3833 523
15.4 520
15.4167 517
15.4333 515
15.45 512
15.4667 509
15.4833 506
15.5 503
15.5167 501
15.5333 498
15.55 495
15.5667 492
15.5833 489
15.6 486
15.6167 483
15.6333 481
15.65 478
15.6667 475
15.6833 472
15.7 469
15.7167 466
15.7333 463
15.75 460
15.7667 457
15.7833 454
15.8 451
15.8167 448
15.8333 445
15.85 442
15.8667 439
15.8833 435
15.9 432
15.9167 429
15.9333 426
15.95 423
15.9667 420
15.9833 417
16.0 414
16.0167 410
16.0333 407
16.05 404
16.0667 401
16.0833 398
16.1 394
16.1167 391
16.1333 388
16.15 385
16.1667 381
16.1833 378
16.2 375
16.2167 371
16.2333 368
16.25 365
16.2667 362
16.2833 358
16.3 355
16.3167 352
16.3333 348
16.35 345
16.3667 341
16.3833 338
16.4 335
16.4167 331
16.4333 328
16.45 325
16.4667 321
16.4833 318
16.5 314
16.5167 311
16.5333 308
16.55 304
16.5667 301
16.5833 297
16.6 294
16.6167 290
16.6333 287
16.65 283
16.6667 280
16.6833 276
16.7 273
16.7167 270
16.7333 266
16.75 263
16.7667 259
16.7833 256
16.8 252
16.8167 249
16.8333 245
16.85 242
16.8667 238
16.8833 235
16.9 231
16.9167 228
16.9333 224
16.95 221
16.9667 217
16.9833 214
