8.0 60
8.0167 63
8.0333 65
8.05 68
8.0667 71
8.0833 73
8.1 76
8.1167 79
8.1333 82
8.15 85
8.1667 88
8.1833 91
8.2 94
8.2167 97
8.2333 100
8.25 103
8.2667 106
8.2833 109
8.3 112
8.3167 115
8.3333 119
8.35 122
8.3667 125
8.3833 128
8.4 131
8.4167 134
8.4333 138
8.45 141
8.4667 144
8.4833 148
8.5 151
8.5167 154
8.5333 157
8.55 161
8.5667 164
8.5833 167
8.6 171
8.6167 174
8.6333 177
8.65 181
8.6667 184
8.6833 187
8.7 191
8.7167 194
8.7333 197
8.75 201
8.7667 204
8.7833 208
8.8 211
8.8167 214
8.8333 218
8.85 221
8.8667 224
8.8833 228
8.9 231
8.9167 235
8.9333 238
8.95 241
8.9667 245
8.9833 248
9.0 251
9.0167 255
9.0333 258
9.05 261
9.0667 265
9.0833 268
9.1 271
9.1167 275
9.1333 278
9.15 281
9.1667 285
9.1833 288
9.2 291
9.2167 295
9.2333 298
9.25 301
9.2667 305
9.2833 308
9.3 311
9.3167 314
9.3333 318
9.35 321
9.3667 324
9.3833 327
9.4 331
9.4167 334
9.4333 337
9.45 340
9.4667 343
9.4833 347
9.5 350
9.5167 353
9.5333 356
9.55 359
9.5667 362
9.5833 366
9.6 369
9.6167 372
9.6333 375
9.65 378
9.6667 381
9.6833 384
9.7 387
9.7167 390
9.7333 393
9.75 396
9.7667 399
9.7833 403
9.8 406
9.8167 409
9.8333 411
9.85 414
9.8667 417
9.8833 420
9.9 423
9.9167 426
9.9333 429
9.95 432
9.9667 435
9.9833 438
10.0 441
10.0167 444
10.0333 446
10.05 449
10.0667 452
10.0833 455
10.1 458
10.1167 460
10.1333 463
10.15 466
10.1667 469
10.1833 471
10.2 474
10.2167 477
10.2333 479
10.25 482
10.2667 485
10.2833 487
10.3 490
10.3167 493
10.3333 495
10.35 498
10.3667 500
10.3833 503
10.4 506
10.4167 508
10.4333 511
10.45 513
10.4667 516
10.4833 518
10.5 521
10.5167 523
10.5333 525
10.55 528
10.5667 530
10.5833 533
10.6 535
10.6167 537
10.6333 540
10.65 542
10.6667 544
10.6833 547
10.7 549
10.7167 551
10.7333 553
10.75 556
10.7667 558
10.7833 560
10.8 562
10.8167 564
10.8333 566
10.85 569
10.8667 571
10.8833 573
10.9 575
10.9167 577
10.9333 579
10.95 581
10.9667 583
10.9833 585
11.0 587
11.0167 589
11.0333 591
11.05 593
11.0667 595
11.0833 597
11.1 598
11.1167 600
11.1333 602
11.15 604
11.1667 606
11.1833 608
11.2 609
11.2167 611
11.2333 613
11.25 615
11.2667 616
11.2833 618
11.3 620
11.3167 621
11.3333 623
11.35 625
11.3667 626
11.3833 628
11.4 629
11.4167 631
11.4333 632
11.45 634
11.4667 635
11.4833 637
11.5 638
11.5167 640
11.5333 641
11.55 643
11.5667 644
11.5833 645
11.6 647
11.6167 648
11.6333 649
11.65 651
11.6667 652
11.6833 653
11.7 654
11.7167 655
11.7333 657
11.75 658
11.7667 659
11.7833 660
11.8 661
11.8167 662
11.8333 663
11.85 665
11.8667 666
11.8833 667
11.9 668
11.9167 669
11.9333 670
11.95 671
11.9667 671
11.9833 672
12.0 673
12.0167 674
12.0333 675
12.05 676
12.0667 677
12.0833 677
12.1 678
12.1167 679
12.1333 680
12.15 680
12.1667 681
12.1833 682
12.2 683
12.2167 683
12.2333 684
12.25 684
12.2667 685
12.2833 686
12.3 686
12.3167 687
12.3333 687
12.35 688
12.3667 688
12.3833 689
12.4 689
12.4167 689
12.4333 690
12.45 690
12.4667 691
12.4833 691
12.5 691
12.5167 692
12.5333 692
12.55 692
12.5667 692
12.5833 693
12.6 693
12.6167 693
12.6333 693
12.65 693
12.6667 693
12.6833 693
12.7 694
12.7167 694
12.7333 694
12.75 694
12.7667 694
12.7833 694
12.8 694
12.8167 694
12.8333 693
12.85 693
12.8667 693
12.8833 693
12.9 693
12.9167 693
12.9333 693
12.95 692
12.9667 692
12.9833 692
13.0 692
13.0167 691
13.0333 691
13.05 691
13.0667 690
13.0833 690
13.1 690
13.1167 689
13.1333 689
13.15 688
13.1667 688
13.1833 687
13.2 687
13.2167 686
13.2333 686
13.25 685
13.2667 685
13.2833 684
13.3 684
13.3167 683
13.3333 682
13.35 682
13.3667 681
13.3833 680
13.4 679
13.4167 679
13.4333 678
13.45 677
13.4667 676
13.4833 676
13.5 675
13.5167 674
13.5333 673
13.55 672
13.5667 671
13.5833 670
13.6 669
13.6167 668
13.6333 667
13.65 666
13.6667 665
13.6833 664
13.7 663
13.7167 662
13.7333 661
13.75 660
13.7667 659
13.7833 657
13.8 656
13.8167 655
13.8333 654
13.85 653
13.8667 651
13.8833 650
13.9 649
13.9167 647
13.9333 646
13.95 645
13.9667 643
13.9833 642
14.0 641
14.0167 639
14.0333 638
14.05 636
14.0667 635
14.0833 633
14.1 632
14.1167 630
14.1333 629
14.15 627
14.1667 626
14.1833 624
14.2 622
14.2167 621
14.2333 619
14.25 617
14.2667 616
14.2833 614
14.3 612
14.3167 610
14.3333 609
14.35 607
14.3667 605
14.3833 603
14.4 602
14.4167 600
14.4333 598
14.45 596
14.4667 594
14.4833 592
14.5 590
14.5167 588
14.5333 586
14.55 584
14.5667 582
14.5833 580
14.6 578
14.6167 576
14.6333 574
14.65 572
14.6667 570
14.6833 568
14.7 566
14.7167 564
14.7333 561
14.75 559
14.7667 557
14.7833 555
14.8 553
14.8167 550
14.8333 548
14.85 546
14.8667 543
14.8833 541
14.9 539
14.9167 536
14.9333 534
14.95 532
14.9667 529
14.9833 527
15.0 525
15.0167 523
15.0333 520
15.05 518
15.0667 515
15.0833 513
15.1 510
15.1167 508
15.1333 505
15.15 503
15.1667 500
15.1833 498
15.2 495
15.2167 492
15.2333 490
15.25 487
15.2667 485
15.2833 482
15.3 479
15.3167 477
15.3333 474
15.35 471
15.3667 468
15.3833 466
15.4 463
15.4167 460
15.4333 457
15.45 455
15.4667 452
15.4833 449
15.5 446
15.5167 443
15.5333 440
15.55 438
15.5667 435
15.5833 432
15.6 429
15.6167 426
15.6333 423
15.65 420
15.6667 417
15.6833 414
15.7 411
15.7167 408
15.7333 405
15.75 402
15.7667 399
15.7833 396
15.8 393
15.8167 390
15.8333 387
15.85 384
15.8667 381
15.8833 378
15.9 375
15.9167 371
15.9333 368
15.95 365
15.9667 362
15.9833 359
16.0 356
16.0167 353
16.0333 349
16.05 346
16.0667 343
16.0833 340
16.1 337
16.1167 333
16.1333 330
16.15 327
16.1667 324
16.1833 320
16.2 317
16.2167 314
16.2333 311
16.25 307
16.2667 304
16.2833 301
16.3 297
16.3167 294
16.3333 291
16.35 288
16.3667 284
16.3833 281
16.4 278
16.4167 274
16.4333 271
16.45 268
16.4667 264
16.4833 261
16.5 257
16.5167 254
16.5333 251
16.55 247
16.5667 244
16.5833 241
16.6 237
16.6167 234
16.6333 231
16.65 227
16.6667 224
16.6833 220
16.7 217
16.7167 214
16.7333 210
16.75 207
16.7667 204
16.7833 200
16.8 197
16.8167 193
16.8333 190
16.85 187
16.8667 183
16.8833 180
16.9 177
16.9167 173
16.9333 170
16.95 167
16.9667 163
16.9833 160
