8.0 59
8.0167 62
8.0333 64
8.05 67
8.0667 70
8.0833 73
8.1 76
8.1167 78
8.1333 81
8.15 84
8.1667 87
8.1833 90
8.2 93
8.2167 97
8.2333 100
8.25 103
8.2667 106
8.2833 109
8.3 112
8.3167 116
8.3333 119
8.35 122
8.3667 125
8.3833 128
8.4 132
8.4167 135
8.4333 138
8.45 142
8.4667 145
8.4833 148
8.5 152
8.5167 155
8.5333 159
8.55 162
8.5667 165
8.5833 169
8.6 172
8.6167 176
8.6333 179
8.65 183
8.6667 186
8.6833 189
8.7 193
8.7167 196
8.7333 200
8.75 203
8.7667 207
8.7833 210
8.8 214
8.8167 217
8.8333 221
8.85 224
8.8667 228
8.8833 231
8.9 235
8.9167 238
8.9333 242
8.95 245
8.9667 249
8.9833 252
9.0 255
9.0167 259
9.0333 263
9.05 266
9.0667 270
9.0833 273
9.1 276
9.1167 280
9.1333 283
9.15 287
9.1667 290
9.1833 294
9.2 297
9.2167 301
9.2333 304
9.25 307
9.2667 311
9.2833 314
9.3 318
9.3167 321
9.3333 324
9.35 328
9.3667 331
9.3833 334
9.4 338
9.4167 341
9.4333 344
9.45 348
9.4667 351
9.4833 354
9.5 358
9.5167 361
9.5333 364
9.55 368
9.5667 371
9.5833 374
9.6 377
9.6167 381
9.6333 384
9.65 387
9.6667 390
9.6833 393
9.7 397
9.7167 400
9.7333 403
9.75 406
9.7667 409
9.7833 412
9.8 416
9.8167 419
9.8333 422
9.85 425
9.8667 428
9.8833 431
9.9 434
9.9167 437
9.9333 440
9.95 443
9.9667 446
9.9833 449
10.0 452
10.0167 455
10.0333 458
10.05 461
10.0667 464
10.0833 467
10.1 470
10.1167 473
10.1333 476
10.15 479
10.1667 482
10.1833 484
10.2 487
10.2167 490
10.2333 493
10.25 496
10.2667 498
10.2833 501
10.3 504
10.3167 507
10.3333 509
10.35 512
10.3667 515
10.3833 518
10.4 520
10.4167 523
10.4333 526
10.45 528
10.4667 531
10.4833 533
10.5 536
10.5167 539
10.5333 541
10.55 544
10.5667 546
10.5833 549
10.6 551
10.6167 554
10.6333 556
10.65 559
10.6667 561
10.6833 563
10.7 566
10.7167 568
10.7333 571
10.75 573
10.7667 575
10.7833 578
10.8 580
10.8167 582
10.8333 584
10.85 587
10.8667 589
10.8833 591
10.9 593
10.9167 596
10.9333 598
10.95 600
10.9667 602
10.9833 604
11.0 606
11.0167 608
11.0333 610
11.05 612
11.0667 615
11.0833 617
11.1 619
11.1167 621
11.1333 622
11.15 624
11.1667 626
11.1833 628
11.2 630
11.2167 632
11.2333 634
11.25 636
11.2667 638
11.2833 639
11.3 641
11.3167 643
11.3333 645
11.35 647
11.3667 648
11.3833 650
11.4 652
11.4167 653
11.4333 655
11.45 657
11.4667 658
11.4833 660
11.5 661
11.5167 663
11.5333 665
11.55 666
11.5667 668
11.5833 669
11.6 671
11.6167 672
11.6333 673
11.65 675
11.6667 676
11.6833 678
11.7 679
11.7167 680
11.7333 682
11.75 683
11.7667 684
11.7833 685
11.8 687
11.8167 688
11.8333 689
11.85 690
11.8667 691
11.8833 693
11.9 694
11.9167 695
11.9333 696
11.95 697
11.9667 698
11.9833 699
12.0 700
12.0167 701
12.0333 702
12.05 703
12.0667 704
12.0833 705
12.1 706
12.1167 707
12.1333 708
12.15 708
12.1667 709
12.1833 710
12.2 711
12.2167 712
12.2333 712
12.25 713
12.2667 714
12.2833 715
12.3 715
12.3167 716
12.3333 716
12.35 717
12.3667 718
12.3833 718
12.4 719
12.4167 719
12.4333 720
12.45 720
12.4667 721
12.4833 721
12.5 722
12.5167 722
12.5333 723
12.55 723
12.5667 723
12.5833 724
12.6 724
12.6167 724
12.6333 724
12.65 725
12.6667 725
12.6833 725
12.7 725
12.7167 726
12.7333 726
12.75 726
12.7667 726
12.7833 726
12.8 726
12.8167 726
12.8333 726
12.85 726
12.8667 726
12.8833 726
12.9 726
12.9167 726
12.9333 726
12.95 726
12.9667 726
12.9833 726
13.0 726
13.0167 725
13.0333 725
13.05 725
13.0667 725
13.0833 724
13.1 724
13.1167 724
13.1333 724
13.15 723
13.1667 723
13.1833 722
13.2 722
13.2167 722
13.2333 721
13.25 721
13.2667 720
13.2833 720
13.3 719
13.3167 719
13.3333 718
13.35 718
13.3667 717
13.3833 716
13.4 716
13.4167 715
13.4333 714
13.45 714
13.4667 713
13.4833 712
13.5 712
13.5167 711
13.5333 710
13.55 709
13.5667 708
13.5833 708
13.6 707
13.6167 706
13.6333 705
13.65 704
13.6667 703
13.6833 702
13.7 701
13.7167 700
13.7333 699
13.75 698
13.7667 697
13.7833 696
13.8 695
13.8167 694
13.8333 692
13.85 691
13.8667 690
13.8833 689
13.9 688
13.9167 687
13.9333 685
13.95 684
13.9667 683
13.9833 681
14.0 680
14.0167 679
14.0333 677
14.05 676
14.0667 675
14.0833 673
14.1 672
14.1167 670
14.1333 669
14.15 667
14.1667 666
14.1833 664
14.2 663
14.2167 661
14.2333 660
14.25 658
14.2667 656
14.2833 655
14.3 653
14.3167 651
14.3333 650
14.35 648
14.3667 646
14.3833 645
14.4 643
14.4167 641
14.4333 639
14.45 637
14.4667 636
14.4833 634
14.5 632
14.5167 630
14.5333 628
14.55 626
14.5667 624
14.5833 622
14.6 620
14.6167 618
14.6333 616
14.65 614
14.6667 612
14.6833 610
14.7 608
14.7167 606
14.7333 604
14.75 602
14.7667 600
14.7833 597
14.8 595
14.8167 593
14.8333 591
14.85 589
14.8667 586
14.8833 584
14.9 582
14.9167 580
14.9333 577
14.95 575
14.9667 573
14.9833 570
15.0 569
15.0167 566
15.0333 564
15.05 561
15.0667 559
15.0833 557
15.1 554
15.1167 552
15.1333 549
15.15 547
15.1667 544
15.1833 542
15.2 539
15.2167 536
15.2333 534
15.25 531
15.2667 529
15.2833 526
15.3 523
15.3167 521
15.3333 518
15.35 515
15.3667 513
15.3833 510
15.4 507
15.4167 504
15.4333 502
15.45 499
15.4667 496
15.4833 493
15.5 491
15.5167 488
15.5333 485
15.55 482
15.5667 479
15.5833 476
15.6 473
15.6167 470
15.6333 468
15.65 465
15.6667 462
15.6833 459
15.7 456
15.7167 453
15.7333 450
15.75 447
15.7667 444
15.7833 441
15.8 438
15.8167 435
15.8333 432
15.85 428
15.8667 425
15.8833 422
15.9 419
15.9167 416
15.9333 413
15.95 410
15.9667 407
15.9833 403
16.0 400
16.0167 397
16.0333 394
16.05 391
16.0667 387
16.0833 384
16.1 381
16.1167 378
16.1333 374
16.15 371
16.1667 368
16.1833 365
16.2 361
16.2167 358
16.2333 355
16.25 351
16.2667 348
16.2833 345
16.3 341
16.3167 338
16.3333 335
16.35 331
16.3667 328
16.3833 325
16.4 321
16.4167 318
16.4333 314
16.45 311
16.4667 308
16.4833 304
16.5 301
16.5167 297
16.5333 294
16.55 291
16.5667 287
16.5833 284
16.6 280
16.6167 277
16.6333 273
16.65 270
16.6667 266
16.6833 263
16.7 259
16.7167 256
16.7333 253
16.75 249
16.7667 246
16.7833 242
16.8 239
16.8167 235
16.8333 232
16.85 228
16.8667 225
16.8833 221
16.9 218
16.9167 214
16.9333 211
16.95 207
16.9667 204
16.9833 200
