8.0 50
8.0167 52
8.0333 54
8.05 57
8.0667 59
8.0833 61
8.1 64
8.1167 66
8.1333 69
8.15 71
8.1667 74
8.1833 76
8.2 79
8.2167 82
8.2333 84
8.25 87
8.2667 90
8.2833 92
8.3 95
8.3167 98
8.3333 101
8.35 104
8.3667 107
8.3833 109
8.4 112
8.4167 115
8.4333 118
8.45 121
8.4667 124
8.4833 127
8.5 130
8.5167 133
8.5333 136
8.55 139
8.5667 142
8.5833 145
8.6 148
8.6167 151
8.6333 154
8.65 158
8.6667 161
8.6833 164
8.7 167
8.7167 170
8.7333 173
8.75 176
8.7667 179
8.7833 183
8.8 186
8.8167 189
8.8333 192
8.85 195
8.8667 198
8.8833 202
8.9 205
8.9167 208
8.9333 211
8.95 214
8.9667 218
8.9833 221
9.0 224
9.0167 227
9.0333 230
9.05 234
9.0667 237
9.0833 240
9.1 243
9.1167 246
9.1333 250
9.15 253
9.1667 256
9.1833 259
9.2 262
9.2167 265
9.2333 269
9.25 272
9.2667 275
9.2833 278
9.3 281
9.3167 285
9.3333 288
9.35 291
9.3667 294
9.3833 297
9.4 300
9.4167 303
9.4333 306
9.45 310
9.4667 313
9.4833 316
9.5 319
9.5167 322
9.5333 325
9.55 328
9.5667 331
9.5833 334
9.6 337
9.6167 340
9.6333 343
9.65 346
9.6667 349
9.6833 352
9.7 355
9.7167 358
9.7333 361
9.75 364
9.7667 367
9.7833 370
9.8 373
9.8167 376
9.8333 379
9.85 382
9.8667 385
9.8833 388
9.9 391
9.9167 394
9.9333 397
9.95 399
9.9667 402
9.9833 405
10.0 408
10.0167 411
10.0333 414
10.05 416
10.0667 419
10.0833 422
10.1 425
10.1167 427
10.1333 430
10.15 433
10.1667 436
10.1833 438
10.2 441
10.2167 444
10.2333 446
10.25 449
10.2667 452
10.2833 454
10.3 457
10.3167 459
10.3333 462
10.35 465
10.3667 467
10.3833 470
10.4 472
10.4167 475
10.4333 477
10.45 480
10.4667 482
10.4833 485
10.5 487
10.5167 489
10.5333 492
10.55 494
10.5667 497
10.5833 499
10.6 501
10.6167 504
10.6333 506
10.65 508
10.6667 511
10.6833 513
10.7 515
10.7167 518
10.7333 520
10.75 522
10.7667 524
10.7833 526
10.8 529
10.8167 531
10.8333 533
10.85 535
10.8667 537
10.8833 539
10.9 541
10.9167 543
10.9333 545
10.95 547
10.9667 549
10.9833 551
11.0 553
11.0167 555
11.0333 557
11.05 559
11.0667 561
11.0833 563
11.1 565
11.1167 567
11.1333 569
11.15 571
11.1667 572
11.1833 574
11.2 576
11.2167 578
11.2333 580
11.25 581
11.2667 583
11.2833 585
11.3 586
11.3167 588
11.3333 590
11.35 591
11.3667 593
11.3833 595
11.4 596
11.4167 598
11.4333 599
11.45 601
11.4667 602
11.4833 604
11.5 605
11.5167 607
11.5333 608
11.55 610
11.5667 611
11.5833 612
11.6 614
11.6167 615
11.6333 616
11.65 618
11.6667 619
11.6833 620
11.7 622
11.7167 623
11.7333 624
11.75 625
11.7667 626
11.7833 628
11.8 629
11.8167 630
11.8333 631
11.85 632
11.8667 633
11.8833 634
11.9 635
11.9167 636
11.9333 637
11.95 638
11.9667 639
11.9833 640
12.0 641
12.0167 642
12.0333 643
12.05 644
12.0667 645
12.0833 645
12.1 646
12.1167 647
12.1333 648
12.15 649
12.1667 649
12.1833 650
12.2 651
12.2167 651
12.2333 652
12.25 653
12.2667 653
12.2833 654
12.3 655
12.3167 655
12.3333 656
12.35 656
12.3667 657
12.3833 657
12.4 658
12.4167 658
12.4333 659
12.45 659
12.4667 659
12.4833 660
12.5 660
12.5167 660
12.5333 661
12.55 661
12.5667 661
12.5833 662
12.6 662
12.6167 662
12.6333 662
12.65 662
12.6667 663
12.6833 663
12.7 663
12.7167 663
12.7333 663
12.75 663
12.7667 663
12.7833 663
12.8 663
12.8167 663
12.8333 663
12.85 663
12.8667 663
12.8833 663
12.9 663
12.9167 663
12.9333 663
12.95 662
12.9667 662
12.9833 662
13.0 662
13.0167 662
13.0333 661
13.05 661
13.0667 661
13.0833 660
13.1 660
13.1167 660
13.1333 659
13.15 659
13.1667 659
13.1833 658
13.2 658
13.2167 657
13.2333 657
13.25 656
13.2667 656
13.2833 655
13.3 655
13.3167 654
13.3333 653
13.35 653
13.3667 652
13.3833 651
13.4 651
13.4167 650
13.4333 649
13.45 649
13.4667 648
13.4833 647
13.5 646
13.5167 646
13.5333 645
13.55 644
13.5667 643
13.5833 642
13.6 641
13.6167 640
13.6333 639
13.65 638
13.6667 637
13.6833 636
13.7 635
13.7167 634
13.7333 633
13.75 632
13.7667 631
13.7833 630
13.8 629
13.8167 628
13.8333 627
13.85 625
13.8667 624
13.8833 623
13.9 622
13.9167 620
13.9333 619
13.95 618
13.9667 616
13.9833 615
14.0 614
14.0167 612
14.0333 611
14.05 610
14.0667 608
14.0833 607
14.1 605
14.1167 604
14.1333 602
14.15 601
14.1667 599
14.1833 598
14.2 596
14.2167 595
14.2333 593
14.25 591
14.2667 590
14.2833 588
14.3 586
14.3167 585
14.3333 583
14.35 581
14.3667 580
14.3833 578
14.4 576
14.4167 574
14.4333 573
14.45 571
14.4667 569
14.4833 567
14.5 565
14.5167 563
14.5333 561
14.55 559
14.5667 557
14.5833 556
14.6 554
14.6167 552
14.6333 550
14.65 548
14.6667 546
14.6833 543
14.7 541
14.7167 539
14.7333 537
14.75 535
14.7667 533
14.7833 531
14.8 529
14.8167 526
14.8333 524
14.85 522
14.8667 520
14.8833 518
14.9 515
14.9167 513
14.9333 511
14.95 509
14.9667 506
14.9833 504
15.0 502
15.0167 500
15.0333 498
15.05 495
15.0667 493
15.0833 490
15.1 488
15.1167 485
15.1333 483
15.15 481
15.1667 478
15.1833 476
15.2 473
15.2167 471
15.2333 468
15.25 465
15.2667 463
15.2833 460
15.3 458
15.3167 455
15.3333 452
15.35 450
15.3667 447
15.3833 445
15.4 442
15.4167 439
15.4333 436
15.45 434
15.4667 431
15.4833 428
15.5 426
15.5167 423
15.5333 420
15.55 417
15.5667 414
15.5833 412
15.6 409
15.6167 406
15.6333 403
15.65 400
15.6667 397
15.6833 395
15.7 392
15.7167 389
15.7333 386
15.75 383
15.7667 380
15.7833 377
15.8 374
15.8167 371
15.8333 368
15.85 365
15.8667 362
15.8833 359
15.9 356
15.9167 353
15.9333 350
15.95 347
15.9667 344
15.9833 341
16.0 338
16.0167 335
16.0333 332
16.05 329
16.0667 326
16.0833 323
16.1 320
16.1167 317
16.1333 314
16.15 311
16.1667 307
16.1833 304
16.2 301
16.2167 298
16.2333 295
16.25 292
16.2667 289
16.2833 285
16.3 282
16.3167 279
16.3333 276
16.35 273
16.3667 270
16.3833 266
16.4 263
16.4167 260
16.4333 257
16.45 254
16.4667 250
16.4833 247
16.5 244
16.5167 241
16.5333 238
16.55 235
16.5667 231
16.5833 228
16.6 225
16.6167 222
16.6333 219
16.65 215
16.6667 212
16.6833 209
16.7 206
16.7167 203
16.7333 199
16.75 196
16.7667 193
16.7833 190
16.8 187
16.8167 183
16.8333 180
16.85 177
16.8667 174
16.8833 171
16.9 168
16.9167 165
16.9333 161
16.95 158
16.9667 155
16.9833 152
