8.0 72
8.0167 75
8.0333 78
8.05 81
8.0667 84
8.0833 87
8.1 90
8.1167 94
8.1333 97
8.15 100
8.1667 103
8.1833 106
8.2 110
8.2167 113
8.2333 116
8.25 120
8.2667 123
8.2833 126
8.3 130
8.3167 133
8.3333 137
8.35 140
8.3667 143
8.3833 147
8.4 150
8.4167 154
8.4333 157
8.45 161
8.4667 165
8.4833 168
8.5 172
8.5167 175
8.5333 179
8.55 182
8.5667 186
8.5833 189
8.6 193
8.6167 197
8.6333 200
8.65 204
8.6667 207
8.6833 211
8.7 215
8.7167 218
8.7333 222
8.75 226
8.7667 229
8.7833 233
8.8 236
8.8167 240
8.8333 244
8.85 247
8.8667 251
8.8833 255
8.9 258
8.9167 262
8.9333 265
8.95 269
8.9667 273
8.9833 276
9.0 280
9.0167 284
9.0333 288
9.05 291
9.0667 295
9.0833 299
9.1 302
9.1167 306
9.1333 309
9.15 313
9.1667 316
9.1833 320
9.2 324
9.2167 327
9.2333 331
9.25 334
9.2667 338
9.2833 341
9.3 345
9.3167 348
9.3333 352
9.35 355
9.3667 359
9.3833 362
9.4 366
9.4167 369
9.4333 373
9.45 376
9.4667 380
9.4833 383
9.5 387
9.5167 390
9.5333 393
9.55 397
9.5667 400
9.5833 404
9.6 407
9.6167 410
9.6333 414
9.65 417
9.6667 420
9.6833 424
9.7 427
9.7167 430
9.7333 434
9.75 437
9.7667 440
9.7833 444
9.8 447
9.8167 450
9.8333 453
9.85 456
9.8667 460
9.8833 463
9.9 466
9.9167 469
9.9333 472
9.95 476
9.9667 479
9.9833 482
10.0 485
10.0167 488
10.0333 491
10.05 494
10.0667 497
10.0833 500
10.1 503
10.1167 506
10.1333 509
10.15 512
10.1667 515
10.1833 518
10.2 521
10.2167 524
10.2333 527
10.25 530
10.2667 533
10.2833 536
10.3 539
10.3167 542
10.3333 544
10.35 547
10.3667 550
10.3833 553
10.4 556
10.4167 558
10.4333 561
10.45 564
10.4667 567
10.4833 569
10.5 572
10.5167 575
10.5333 577
10.55 580
10.5667 583
10.5833 585
10.6 588
10.6167 591
10.6333 593
10.65 596
10.6667 598
10.6833 601
10.7 603
10.7167 606
10.7333 608
10.75 611
10.7667 613
10.7833 616
10.8 618
10.8167 620
10.8333 623
10.85 625
10.8667 627
10.8833 630
10.9 632
10.9167 634
10.9333 637
10.95 639
10.9667 641
10.9833 643
11.0 646
11.0167 648
11.0333 650
11.05 652
11.0667 654
11.0833 656
11.1 659
11.1167 661
11.1333 663
11.15 665
11.1667 667
11.1833 669
11.2 671
11.2167 673
11.2333 675
11.25 677
11.2667 679
11.2833 681
11.3 682
11.3167 684
11.3333 686
11.35 688
11.3667 690
11.3833 692
11.4 693
11.4167 695
11.4333 697
11.45 699
11.4667 700
11.4833 702
11.5 704
11.5167 705
11.5333 707
11.55 709
11.5667 710
11.5833 712
11.6 713
11.6167 715
11.6333 717
11.65 718
11.6667 720
11.6833 721
11.7 722
11.7167 724
11.7333 725
11.75 727
11.7667 728
11.7833 729
11.8 731
11.8167 732
11.8333 733
11.85 735
11.8667 736
11.8833 737
11.9 738
11.9167 740
11.9333 741
11.95 742
11.9667 743
11.9833 744
12.0 745
12.0167 746
12.0333 747
12.05 749
12.0667 750
12.0833 751
12.1 752
12.1167 752
12.1333 753
12.15 754
12.1667 755
12.1833 756
12.2 757
12.2167 758
12.2333 759
12.25 760
12.2667 760
12.2833 761
12.3 762
12.3167 763
12.3333 763
12.35 764
12.3667 765
12.3833 765
12.4 766
12.4167 767
12.4333 767
12.45 768
12.4667 768
12.4833 769
12.5 769
12.5167 770
12.5333 770
12.55 771
12.5667 771
12.5833 772
12.6 772
12.6167 772
12.6333 773
12.65 773
12.6667 773
12.6833 774
12.7 774
12.7167 774
12.7333 774
12.75 775
12.7667 775
12.7833 775
12.8 775
12.8167 775
12.8333 775
12.85 775
12.8667 775
12.8833 775
12.9 775
12.9167 775
12.9333 775
12.95 775
12.9667 775
12.9833 775
13.0 775
13.0167 775
13.0333 775
13.05 775
13.0667 775
13.0833 774
13.1 774
13.1167 774
13.1333 774
13.15 773
13.1667 773
13.1833 773
13.2 772
13.2167 772
13.2333 772
13.25 771
13.2667 771
13.2833 770
13.3 770
13.3167 770
13.3333 769
13.35 769
13.3667 768
13.3833 767
13.4 767
13.4167 766
13.4333 766
13.45 765
13.4667 764
13.4833 764
13.5 763
13.5167 762
13.5333 761
13.55 761
13.5667 760
13.5833 759
13.6 758
13.6167 757
13.6333 757
13.65 756
13.6667 755
13.6833 754
13.7 753
13.7167 752
13.7333 751
13.75 750
13.7667 749
13.7833 748
13.8 747
13.8167 746
13.8333 745
13.85 744
13.8667 743
13.8833 741
13.9 740
13.9167 739
13.9333 738
13.95 737
13.9667 735
13.9833 734
14.0 733
14.0167 731
14.0333 730
14.05 729
14.0667 727
14.0833 726
14.1 725
14.1167 723
14.1333 722
14.15 720
14.1667 719
14.1833 717
14.2 716
14.2167 714
14.2333 713
14.25 711
14.2667 710
14.2833 708
14.3 706
14.3167 705
14.3333 703
14.35 701
14.3667 700
14.3833 698
14.4 696
14.4167 694
14.4333 693
14.45 691
14.4667 689
14.4833 687
14.5 685
14.5167 683
14.5333 682
14.55 680
14.5667 678
14.5833 676
14.6 674
14.6167 672
14.6333 670
14.65 668
14.6667 666
14.6833 664
14.7 662
14.7167 660
14.7333 658
14.75 655
14.7667 653
14.7833 651
14.8 649
14.8167 647
14.8333 645
14.85 642
14.8667 640
14.8833 638
14.9 636
14.9167 633
14.9333 631
14.95 629
14.9667 626
14.9833 624
15.0 623
15.0167 620
15.0333 618
15.05 615
15.0667 613
15.0833 611
15.1 608
15.1167 606
15.1333 603
15.15 601
15.1667 598
15.1833 595
15.2 593
15.2167 590
15.2333 588
15.25 585
15.2667 582
15.2833 580
15.3 577
15.3167 574
15.3333 572
15.35 569
15.3667 566
15.3833 564
15.4 561
15.4167 558
15.4333 555
15.45 553
15.4667 550
15.4833 547
15.5 544
15.5167 541
15.5333 538
15.55 535
15.5667 533
15.5833 530
15.6 527
15.6167 524
15.6333 521
15.65 518
15.6667 515
15.6833 512
15.7 509
15.7167 506
15.7333 503
15.75 500
15.7667 497
15.7833 494
15.8 491
15.8167 488
15.8333 484
15.85 481
15.8667 478
15.8833 475
15.9 472
15.9167 469
15.9333 466
15.95 462
15.9667 459
15.9833 456
16.0 453
16.0167 449
16.0333 446
16.05 443
16.0667 440
16.0833 436
16.1 433
16.1167 430
16.1333 427
16.15 423
16.1667 420
16.1833 416
16.2 413
16.2167 410
16.2333 406
16.25 403
16.2667 400
16.2833 396
16.3 393
16.3167 389
16.3333 386
16.35 383
16.3667 379
16.3833 376
16.4 372
16.4167 369
16.4333 365
16.45 362
16.4667 358
16.4833 355
16.5 351
16.5167 348
16.5333 344
16.55 341
16.5667 337
16.5833 334
16.6 330
16.6167 326
16.6333 323
16.65 319
16.6667 316
16.6833 312
16.7 309
16.7167 305
16.7333 301
16.75 298
16.7667 294
16.7833 291
16.8 287
16.8167 283
16.8333 280
16.85 276
16.8667 272
16.8833 269
16.9 265
16.9167 262
16.9333 258
16.95 254
16.9667 251
16.9833 247
