8.0 75
8.0167 78
8.0333 81
8.05 84
8.0667 88
8.0833 91
8.1 94
8.1167 97
8.1333 101
8.15 104
8.1667 108
8.1833 111
8.2 114
8.2167 118
8.2333 121
8.25 125
8.2667 128
8.2833 132
8.3 135
8.3167 139
8.3333 143
8.35 146
8.3667 150
8.3833 154
8.4 157
8.4167 161
8.4333 164
8.45 168
8.4667 172
8.4833 175
8.5 179
8.5167 183
8.5333 186
8.55 190
8.5667 194
8.5833 197
8.6 201
8.6167 205
8.6333 208
8.65 212
8.6667 216
8.6833 219
8.7 223
8.7167 227
8.7333 231
8.75 234
8.7667 238
8.7833 242
8.8 245
8.8167 249
8.8333 253
8.85 256
8.8667 260
8.8833 264
8.9 267
8.9167 271
8.9333 275
8.95 278
8.9667 282
8.9833 286
9.0 289
9.0167 294
9.0333 297
9.05 301
9.0667 305
9.0833 308
9.1 312
9.1167 316
9.1333 319
9.15 323
9.1667 326
9.1833 330
9.2 334
9.2167 337
9.2333 341
9.25 344
9.2667 348
9.2833 351
9.3 355
9.3167 359
9.3333 362
9.35 366
9.3667 369
9.3833 373
9.4 376
9.4167 380
9.4333 383
9.45 387
9.4667 390
9.4833 394
9.5 397
9.5167 400
9.5333 404
9.55 407
9.5667 411
9.5833 414
9.6 417
9.6167 421
9.6333 424
9.65 428
9.6667 431
9.6833 434
9.7 438
9.7167 441
9.7333 444
9.75 448
9.7667 451
9.7833 454
9.8 457
9.8167 461
9.8333 464
9.85 467
9.8667 470
9.8833 473
9.9 477
9.9167 480
9.9333 483
9.95 486
9.9667 489
9.9833 492
10.0 496
10.0167 499
10.0333 502
10.05 505
10.0667 508
10.0833 511
10.1 514
10.1167 517
10.1333 520
10.15 523
10.1667 526
10.1833 529
10.2 532
10.2167 535
10.2333 538
10.25 541
10.2667 543
10.2833 546
10.3 549
10.3167 552
10.3333 555
10.35 558
10.3667 561
10.3833 563
10.4 566
10.4167 569
10.4333 572
10.45 574
10.4667 577
10.4833 580
10.5 582
10.5167 585
10.5333 588
10.55 590
10.5667 593
10.5833 596
10.6 598
10.6167 601
10.6333 603
10.65 606
10.6667 609
10.6833 611
10.7 614
10.7167 616
10.7333 618
10.75 621
10.7667 623
10.7833 626
10.8 628
10.8167 631
10.8333 633
10.85 635
10.8667 638
10.8833 640
10.9 642
10.9167 645
10.9333 647
10.95 649
10.9667 651
10.9833 654
11.0 656
11.0167 658
11.0333 660
11.05 662
11.0667 664
11.0833 666
11.1 669
11.1167 671
11.1333 673
11.15 675
11.1667 677
11.1833 679
11.2 681
11.2167 683
11.2333 685
11.25 687
11.2667 689
11.2833 690
11.3 692
11.3167 694
11.3333 696
11.35 698
11.3667 700
11.3833 701
11.4 703
11.4167 705
11.4333 707
11.45 708
11.4667 710
11.4833 712
11.5 713
11.5167 715
11.5333 717
11.55 718
11.5667 720
11.5833 722
11.6 723
11.6167 725
11.6333 726
11.65 728
11.6667 729
11.6833 731
11.7 732
11.7167 733
11.7333 735
11.75 736
11.7667 738
11.7833 739
11.8 740
11.8167 742
11.8333 743
11.85 744
11.8667 745
11.8833 747
11.9 748
11.9167 749
11.9333 750
11.95 751
11.9667 752
11.9833 753
12.0 755
12.0167 756
12.0333 757
12.05 758
12.0667 759
12.0833 760
12.1 761
12.1167 762
12.1333 763
12.15 763
12.1667 764
12.1833 765
12.2 766
12.2167 767
12.2333 768
12.25 769
12.2667 769
12.2833 770
12.3 771
12.3167 772
12.3333 772
12.35 773
12.3667 774
12.3833 774
12.4 775
12.4167 775
12.4333 776
12.45 777
12.4667 777
12.4833 778
12.5 778
12.5167 779
12.5333 779
12.55 779
12.5667 780
12.5833 780
12.6 781
12.6167 781
12.6333 781
12.65 782
12.6667 782
12.6833 782
12.7 782
12.7167 783
12.7333 783
12.75 783
12.7667 783
12.7833 783
12.8 784
12.8167 784
12.8333 784
12.85 784
12.8667 784
12.8833 784
12.9 784
12.9167 784
12.9333 784
12.95 784
12.9667 784
12.9833 784
13.0 784
13.0167 783
13.0333 783
13.05 783
13.0667 783
13.0833 783
13.1 783
13.1167 782
13.1333 782
13.15 782
13.1667 781
13.1833 781
13.2 781
13.2167 780
13.2333 780
13.25 780
13.2667 779
13.2833 779
13.3 778
13.3167 778
13.3333 777
13.35 777
13.3667 776
13.3833 776
13.4 775
13.4167 774
13.4333 774
13.45 773
13.4667 772
13.4833 772
13.5 771
13.5167 770
13.5333 769
13.55 769
13.5667 768
13.5833 767
13.6 766
13.6167 765
13.6333 765
13.65 764
13.6667 763
13.6833 762
13.7 761
13.7167 760
13.7333 759
13.75 758
13.7667 757
13.7833 756
13.8 755
13.8167 754
13.8333 753
13.85 751
13.8667 750
13.8833 749
13.9 748
13.9167 747
13.9333 745
13.95 744
13.9667 743
13.9833 742
14.0 740
14.0167 739
14.0333 738
14.05 736
14.0667 735
14.0833 734
14.1 732
14.1167 731
14.1333 729
14.15 728
14.1667 726
14.1833 725
14.2 723
14.2167 722
14.2333 720
14.25 719
14.2667 717
14.2833 715
14.3 714
14.3167 712
14.3333 710
14.35 709
14.3667 707
14.3833 705
14.4 704
14.4167 702
14.4333 700
14.45 698
14.4667 696
14.4833 694
14.5 693
14.5167 691
14.5333 689
14.55 687
14.5667 685
14.5833 683
14.6 681
14.6167 679
14.6333 677
14.65 675
14.6667 673
14.6833 671
14.7 669
14.7167 667
14.7333 665
14.75 663
14.7667 660
14.7833 658
14.8 656
14.8167 654
14.8333 652
14.85 649
14.8667 647
14.8833 645
14.9 643
14.9167 640
14.9333 638
14.95 636
14.9667 633
14.9833 631
15.0 630
15.0167 627
15.0333 625
15.05 622
15.0667 620
15.0833 617
15.1 615
15.1167 612
15.1333 610
15.15 607
15.1667 605
15.1833 602
15.2 600
15.2167 597
15.2333 594
15.25 592
15.2667 589
15.2833 587
15.3 584
15.3167 581
15.3333 579
15.35 576
15.3667 573
15.3833 570
15.4 568
15.4167 565
15.4333 562
15.45 559
15.4667 556
15.4833 554
15.5 551
15.5167 548
15.5333 545
15.55 542
15.5667 539
15.5833 536
15.6 533
15.6167 530
15.6333 527
15.65 524
15.6667 521
15.6833 518
15.7 515
15.7167 512
15.7333 509
15.75 506
15.7667 503
15.7833 500
15.8 497
15.8167 494
15.8333 491
15.85 488
15.8667 484
15.8833 481
15.9 478
15.9167 475
15.9333 472
15.95 468
15.9667 465
15.9833 462
16.0 459
16.0167 456
16.0333 452
16.05 449
16.0667 446
16.0833 442
16.1 439
16.1167 436
16.1333 432
16.15 429
16.1667 426
16.1833 422
16.2 419
16.2167 416
16.2333 412
16.25 409
16.2667 405
16.2833 402
16.3 398
16.3167 395
16.3333 392
16.35 388
16.3667 385
16.3833 381
16.4 378
16.4167 374
16.4333 371
16.45 367
16.4667 364
16.4833 360
16.5 356
16.5167 353
16.5333 349
16.55 346
16.5667 342
16.5833 339
16.6 335
16.6167 331
16.6333 328
16.65 324
16.6667 321
16.6833 317
16.7 313
16.7167 310
16.7333 306
16.75 302
16.7667 299
16.7833 295
16.8 291
16.8167 288
16.8333 284
16.85 280
16.8667 277
16.8833 273
16.9 269
16.9167 266
16.9333 262
16.95 258
16.9667 255
16.9833 251
