8.0 115
8.0167 118
8.0333 121
8.05 125
8.0667 128
8.0833 131
8.1 135
8.1167 138
8.1333 141
8.15 145
8.1667 148
8.1833 152
8.2 155
8.2167 158
8.2333 162
8.25 165
8.2667 169
8.2833 172
8.3 176
8.3167 179
8.3333 183
8.35 187
8.3667 190
8.3833 194
8.4 197
8.4167 201
8.4333 205
8.45 208
8.4667 212
8.4833 215
8.5 219
8.5167 223
8.5333 226
8.55 230
8.5667 234
8.5833 237
8.6 241
8.6167 245
8.6333 248
8.65 252
8.6667 256
8.6833 259
8.7 263
8.7167 267
8.7333 270
8.75 274
8.7667 278
8.7833 281
8.8 285
8.8167 289
8.8333 292
8.85 296
8.8667 300
8.8833 303
8.9 307
8.9167 311
8.9333 314
8.95 318
8.9667 322
8.9833 325
9.0 329
9.0167 334
9.0333 337
9.05 341
9.0667 345
9.0833 348
9.1 352
9.1167 356
9.1333 359
9.15 363
9.1667 367
9.1833 370
9.2 374
9.2167 377
9.2333 381
9.25 385
9.2667 388
9.2833 392
9.3 395
9.3167 399
9.3333 403
9.35 406
9.3667 410
9.3833 413
9.4 417
9.4167 420
9.4333 424
9.45 427
9.4667 431
9.4833 434
9.5 438
9.5167 441
9.5333 445
9.55 448
9.5667 452
9.5833 455
9.6 458
9.6167 462
9.6333 465
9.65 469
9.6667 472
9.6833 475
9.7 479
9.7167 482
9.7333 485
9.75 489
9.7667 492
9.7833 495
9.8 499
9.8167 502
9.8333 505
9.85 509
9.8667 512
9.8833 515
9.9 518
9.9167 522
9.9333 525
9.95 528
9.9667 531
9.9833 534
10.0 537
10.0167 541
10.0333 544
10.05 547
10.0667 550
10.0833 553
10.1 556
10.1167 559
10.1333 562
10.15 565
10.1667 568
10.1833 571
10.2 574
10.2167 577
10.2333 580
10.25 583
10.2667 586
10.2833 589
10.3 592
10.3167 595
10.3333 598
10.35 601
10.3667 603
10.3833 606
10.4 609
10.4167 612
10.4333 615
10.45 618
10.4667 620
10.4833 623
10.5 626
10.5167 629
10.5333 631
10.55 634
10.5667 637
10.5833 639
10.6 642
10.6167 645
10.6333 647
10.65 650
10.6667 652
10.6833 655
10.7 657
10.7167 660
10.7333 662
10.75 665
10.7667 667
10.7833 670
10.8 672
10.8167 675
10.8333 677
10.85 680
10.8667 682
10.8833 684
10.9 687
10.9167 689
10.9333 691
10.95 694
10.9667 696
10.9833 698
11.0 700
11.0167 703
11.0333 705
11.05 707
11.0667 709
11.0833 711
11.1 714
11.1167 716
11.1333 718
11.15 720
11.1667 722
11.1833 724
11.2 726
11.2167 728
11.2333 730
11.25 732
11.2667 734
11.2833 736
11.3 738
11.3167 740
11.3333 742
11.35 744
11.3667 745
11.3833 747
11.4 749
11.4167 751
11.4333 753
11.45 754
11.4667 756
11.4833 758
11.5 760
11.5167 761
11.5333 763
11.55 764
11.5667 766
11.5833 768
11.6 769
11.6167 771
11.6333 772
11.65 774
11.6667 775
11.6833 777
11.7 778
11.7167 780
11.7333 781
11.75 783
11.7667 784
11.7833 786
11.8 787
11.8167 788
11.8333 790
11.85 791
11.8667 792
11.8833 793
11.9 795
11.9167 796
11.9333 797
11.95 798
11.9667 799
11.9833 800
12.0 802
12.0167 803
12.0333 804
12.05 805
12.0667 806
12.0833 807
12.1 808
12.1167 809
12.1333 810
12.15 811
12.1667 812
12.1833 813
12.2 813
12.2167 814
12.2333 815
12.25 816
12.2667 817
12.2833 818
12.3 818
12.3167 819
12.3333 820
12.35 820
12.3667 821
12.3833 822
12.4 822
12.4167 823
12.4333 824
12.45 824
12.4667 825
12.4833 825
12.5 826
12.5167 826
12.5333 827
12.55 827
12.5667 828
12.5833 828
12.6 828
12.6167 829
12.6333 829
12.65 830
12.6667 830
12.6833 830
12.7 830
12.7167 831
12.7333 831
12.75 831
12.7667 831
12.7833 831
12.8 832
12.8167 832
12.8333 832
12.85 832
12.8667 832
12.8833 832
12.9 832
12.9167 832
12.9333 832
12.95 832
12.9667 832
12.9833 832
13.0 832
13.0167 831
13.0333 831
13.05 831
13.0667 831
13.0833 831
13.1 831
13.1167 830
13.1333 830
13.15 830
13.1667 829
13.1833 829
13.2 829
13.2167 828
13.2333 828
13.25 828
13.2667 827
13.2833 827
13.3 826
13.3167 826
13.3333 825
13.35 825
13.3667 824
13.3833 824
13.4 823
13.4167 822
13.4333 822
13.45 821
13.4667 820
13.4833 820
13.5 819
13.5167 818
13.5333 817
13.55 817
13.5667 816
13.5833 815
13.6 814
13.6167 813
13.6333 812
13.65 811
13.6667 811
13.6833 810
13.7 809
13.7167 808
13.7333 807
13.75 806
13.7667 805
13.7833 804
13.8 802
13.8167 801
13.8333 800
13.85 799
13.8667 798
13.8833 797
13.9 796
13.9167 794
13.9333 793
13.95 792
13.9667 791
13.9833 789
14.0 788
14.0167 787
14.0333 785
14.05 784
14.0667 782
14.0833 781
14.1 780
14.1167 778
14.1333 777
14.15 775
14.1667 774
14.1833 772
14.2 771
14.2167 769
14.2333 767
14.25 766
14.2667 764
14.2833 762
14.3 761
14.3167 759
14.3333 757
14.35 756
14.3667 754
14.3833 752
14.4 750
14.4167 749
14.4333 747
14.45 745
14.4667 743
14.4833 741
14.5 739
14.5167 737
14.5333 736
14.55 734
14.5667 732
14.5833 730
14.6 728
14.6167 726
14.6333 724
14.65 721
14.6667 719
14.6833 717
14.7 715
14.7167 713
14.7333 711
14.75 709
14.7667 707
14.7833 704
14.8 702
14.8167 700
14.8333 698
14.85 695
14.8667 693
14.8833 691
14.9 689
14.9167 686
14.9333 684
14.95 681
14.9667 679
14.9833 677
15.0 675
15.0167 673
15.0333 670
15.05 668
15.0667 665
15.0833 663
15.1 660
15.1167 658
15.1333 655
15.15 653
15.1667 650
15.1833 647
15.2 645
15.2167 642
15.2333 640
15.25 637
15.2667 634
15.2833 632
15.3 629
15.3167 626
15.3333 623
15.35 621
15.3667 618
15.3833 615
15.4 612
15.4167 609
15.4333 607
15.45 604
15.4667 601
15.4833 598
15.5 595
15.5167 592
15.5333 589
15.55 586
15.5667 583
15.5833 580
15.6 577
15.6167 574
15.6333 571
15.65 568
15.6667 565
15.6833 562
15.7 559
15.7167 556
15.7333 553
15.75 550
15.7667 547
15.7833 544
15.8 541
15.8167 538
15.8333 534
15.85 531
15.8667 528
15.8833 525
15.9 522
15.9167 518
15.9333 515
15.95 512
15.9667 509
15.9833 505
16.0 502
16.0167 499
16.0333 496
16.05 492
16.0667 489
16.0833 486
16.1 482
16.1167 479
16.1333 475
16.15 472
16.1667 469
16.1833 465
16.2 462
16.2167 458
16.2333 455
16.25 452
16.2667 448
16.2833 445
16.3 441
16.3167 438
16.3333 434
16.35 431
16.3667 427
16.3833 424
16.4 420
16.4167 417
16.4333 413
16.45 410
16.4667 406
16.4833 403
16.5 399
16.5167 395
16.5333 392
16.55 388
16.5667 385
16.5833 381
16.6 377
16.6167 374
16.6333 370
16.65 367
16.6667 363
16.6833 359
16.7 356
16.7167 352
16.7333 348
16.75 345
16.7667 341
16.7833 337
16.8 334
16.8167 330
16.8333 326
16.85 323
16.8667 319
16.8833 315
16.9 312
16.9167 308
16.9333 304
16.95 301
16.9667 297
16.9833 293
