8.0 105
8.0167 108
8.0333 111
8.05 114
8.0667 117
8.0833 120
8.1 123
8.1167 126
8.1333 130
8.15 133
8.1667 136
8.1833 139
8.2 142
8.2167 146
8.2333 149
8.25 152
8.2667 156
8.2833 159
8.3 162
8.3167 166
8.3333 169
8.35 172
8.3667 176
8.3833 179
8.4 183
8.4167 186
8.4333 189
8.45 193
8.4667 196
8.4833 200
8.5 203
8.5167 207
8.5333 210
8.55 214
8.5667 217
8.5833 221
8.6 224
8.6167 228
8.6333 231
8.65 235
8.6667 238
8.6833 242
8.7 246
8.7167 249
8.7333 253
8.75 256
8.7667 260
8.7833 263
8.8 267
8.8167 270
8.8333 274
8.85 278
8.8667 281
8.8833 285
8.9 288
8.9167 292
8.9333 295
8.95 299
8.9667 303
8.9833 306
9.0 310
9.0167 314
9.0333 318
9.05 321
9.0667 325
9.0833 328
9.1 332
9.1167 336
9.1333 339
9.15 343
9.1667 346
9.1833 350
9.2 353
9.2167 357
9.2333 360
9.25 364
9.2667 367
9.2833 371
9.3 374
9.3167 378
9.3333 381
9.35 385
9.3667 388
9.3833 392
9.4 395
9.4167 398
9.4333 402
9.45 405
9.4667 409
9.4833 412
9.5 416
9.5167 419
9.5333 422
9.55 426
9.5667 429
9.5833 433
9.6 436
9.6167 439
9.6333 443
9.65 446
9.6667 449
9.6833 453
9.7 456
9.7167 459
9.7333 462
9.75 466
9.7667 469
9.7833 472
9.8 475
9.8167 479
9.8333 482
9.85 485
9.8667 488
9.8833 492
9.9 495
9.9167 498
9.9333 501
9.95 504
9.9667 507
9.9833 510
10.0 514
10.0167 517
10.0333 520
10.05 523
10.0667 526
10.0833 529
10.1 532
10.1167 535
10.1333 538
10.15 541
10.1667 544
10.1833 547
10.2 550
10.2167 553
10.2333 556
10.25 559
10.2667 562
10.2833 564
10.3 567
10.3167 570
10.3333 573
10.35 576
10.3667 579
10.3833 582
10.4 584
10.4167 587
10.4333 590
10.45 593
10.4667 595
10.4833 598
10.5 601
10.5167 603
10.5333 606
10.55 609
10.5667 611
10.5833 614
10.6 617
10.6167 619
10.6333 622
10.65 624
10.6667 627
10.6833 629
10.7 632
10.7167 635
10.7333 637
10.75 639
10.7667 642
10.7833 644
10.8 647
10.8167 649
10.8333 652
10.85 654
10.8667 656
10.8833 659
10.9 661
10.9167 663
10.9333 666
10.95 668
10.9667 670
10.9833 672
11.0 675
11.0167 677
11.0333 679
11.05 681
11.0667 683
11.0833 685
11.1 688
11.1167 690
11.1333 692
11.15 694
11.1667 696
11.1833 698
11.2 700
11.2167 702
11.2333 704
11.25 706
11.2667 708
11.2833 710
11.3 712
11.3167 714
11.3333 715
11.35 717
11.3667 719
11.3833 721
11.4 723
11.4167 724
11.4333 726
11.45 728
11.4667 730
11.4833 731
11.5 733
11.5167 735
11.5333 736
11.55 738
11.5667 740
11.5833 741
11.6 743
11.6167 744
11.6333 746
11.65 747
11.6667 749
11.6833 750
11.7 752
11.7167 753
11.7333 755
11.75 756
11.7667 758
11.7833 759
11.8 760
11.8167 762
11.8333 763
11.85 764
11.8667 765
11.8833 767
11.9 768
11.9167 769
11.9333 770
11.95 771
11.9667 773
11.9833 774
12.0 775
12.0167 776
12.0333 777
12.05 778
12.0667 779
12.0833 780
12.1 781
12.1167 782
12.1333 783
12.15 784
12.1667 785
12.1833 786
12.2 787
12.2167 788
12.2333 788
12.25 789
12.2667 790
12.2833 791
12.3 791
12.3167 792
12.3333 793
12.35 794
12.3667 794
12.3833 795
12.4 796
12.4167 796
12.4333 797
12.45 797
12.4667 798
12.4833 798
12.5 799
12.5167 799
12.5333 800
12.55 800
12.5667 801
12.5833 801
12.6 802
12.6167 802
12.6333 802
12.65 803
12.6667 803
12.6833 803
12.7 804
12.7167 804
12.7333 804
12.75 804
12.7667 804
12.7833 805
12.8 805
12.8167 805
12.8333 805
12.85 805
12.8667 805
12.8833 805
12.9 805
12.9167 805
12.9333 805
12.95 805
12.9667 805
12.9833 805
13.0 805
13.0167 805
13.0333 805
13.05 804
13.0667 804
13.0833 804
13.1 804
13.1167 804
13.1333 803
13.15 803
13.1667 803
13.1833 802
13.2 802
13.2167 802
13.2333 801
13.25 801
13.2667 800
13.2833 800
13.3 799
13.3167 799
13.3333 798
13.35 798
13.3667 797
13.3833 797
13.4 796
13.4167 796
13.4333 795
13.45 794
13.4667 794
13.4833 793
13.5 792
13.5167 792
13.5333 791
13.55 790
13.5667 789
13.5833 788
13.6 788
13.6167 787
13.6333 786
13.65 785
13.6667 784
13.6833 783
13.7 782
13.7167 781
13.7333 780
13.75 779
13.7667 778
13.7833 777
13.8 776
13.8167 775
13.8333 774
13.85 773
13.8667 772
13.8833 770
13.9 769
13.9167 768
13.9333 767
13.95 766
13.9667 764
13.9833 763
14.0 762
14.0167 760
14.0333 759
14.05 758
14.0667 756
14.0833 755
14.1 753
14.1167 752
14.1333 751
14.15 749
14.1667 748
14.1833 746
14.2 745
14.2167 743
14.2333 741
14.25 740
14.2667 738
14.2833 737
14.3 735
14.3167 733
14.3333 732
14.35 730
14.3667 728
14.3833 726
14.4 725
14.4167 723
14.4333 721
14.45 719
14.4667 717
14.4833 716
14.5 714
14.5167 712
14.5333 710
14.55 708
14.5667 706
14.5833 704
14.6 702
14.6167 700
14.6333 698
14.65 696
14.6667 694
14.6833 692
14.7 690
14.7167 688
14.7333 686
14.75 683
14.7667 681
14.7833 679
14.8 677
14.8167 675
14.8333 673
14.85 670
14.8667 668
14.8833 666
14.9 663
14.9167 661
14.9333 659
14.95 657
14.9667 654
14.9833 652
15.0 650
15.0167 648
15.0333 645
15.05 643
15.0667 641
15.0833 638
15.1 636
15.1167 633
15.1333 631
15.15 628
15.1667 626
15.1833 623
15.2 620
15.2167 618
15.2333 615
15.25 613
15.2667 610
15.2833 607
15.3 605
15.3167 602
15.3333 599
15.35 596
15.3667 594
15.3833 591
15.4 588
15.4167 585
15.4333 583
15.45 580
15.4667 577
15.4833 574
15.5 571
15.5167 568
15.5333 566
15.55 563
15.5667 560
15.5833 557
15.6 554
15.6167 551
15.6333 548
15.65 545
15.6667 542
15.6833 539
15.7 536
15.7167 533
15.7333 530
15.75 527
15.7667 524
15.7833 521
15.8 518
15.8167 515
15.8333 512
15.85 508
15.8667 505
15.8833 502
15.9 499
15.9167 496
15.9333 493
15.95 489
15.9667 486
15.9833 483
16.0 480
16.0167 477
16.0333 473
16.05 470
16.0667 467
16.0833 464
16.1 460
16.1167 457
16.1333 454
16.15 450
16.1667 447
16.1833 444
16.2 440
16.2167 437
16.2333 434
16.25 430
16.2667 427
16.2833 423
16.3 420
16.3167 417
16.3333 413
16.35 410
16.3667 406
16.3833 403
16.4 400
16.4167 396
16.4333 393
16.45 389
16.4667 386
16.4833 382
16.5 379
16.5167 375
16.5333 372
16.55 368
16.5667 365
16.5833 361
16.6 358
16.6167 354
16.6333 351
16.65 347
16.6667 344
16.6833 340
16.7 337
16.7167 333
16.7333 329
16.75 326
16.7667 322
16.7833 319
16.8 315
16.8167 312
16.8333 308
16.85 305
16.8667 301
16.8833 297
16.9 294
16.9167 290
16.9333 287
16.95 283
16.9667 280
16.9833 276
