8.0 166
8.0167 170
8.0333 174
8.05 178
8.0667 182
8.0833 186
8.1 190
8.1167 194
8.1333 198
8.15 202
8.1667 206
8.1833 210
8.2 214
8.2167 219
8.2333 223
8.25 227
8.2667 231
8.2833 235
8.3 239
8.3167 243
8.3333 247
8.35 251
8.3667 255
8.3833 259
8.4 263
8.4167 267
8.4333 272
8.45 276
8.4667 280
8.4833 284
8.5 288
8.5167 292
8.5333 296
8.55 300
8.5667 304
8.5833 308
8.6 312
8.6167 316
8.6333 320
8.65 324
8.6667 328
8.6833 332
8.7 337
8.7167 341
8.7333 345
8.75 349
8.7667 353
8.7833 357
8.8 361
8.8167 365
8.8333 369
8.85 373
8.8667 377
8.8833 381
8.9 385
8.9167 388
8.9333 392
8.95 396
8.9667 400
8.9833 404
9.0 408
9.0167 413
9.0333 417
9.05 421
9.0667 425
9.0833 429
9.1 433
9.1167 437
9.1333 440
9.15 444
9.1667 448
9.1833 452
9.2 456
9.2167 460
9.2333 463
9.25 467
9.2667 471
9.2833 475
9.3 479
9.3167 482
9.3333 486
9.35 490
9.3667 494
9.3833 497
9.4 501
9.4167 505
9.4333 508
9.45 512
9.4667 516
9.4833 519
9.5 523
9.5167 527
9.5333 530
9.55 534
9.5667 537
9.5833 541
9.6 545
9.6167 548
9.6333 552
9.65 555
9.6667 559
9.6833 562
9.7 566
9.7167 569
9.7333 573
9.75 576
9.7667 580
9.7833 583
9.8 587
9.8167 590
9.8333 593
9.85 597
9.8667 600
9.8833 603
9.9 607
9.9167 610
9.9333 613
9.95 617
9.9667 620
9.9833 623
10.0 627
10.0167 630
10.0333 633
10.05 636
10.0667 639
10.0833 643
10.1 646
10.1167 649
10.1333 652
10.15 655
10.1667 658
10.1833 661
10.2 665
10.2167 668
10.2333 671
10.25 674
10.2667 677
10.2833 680
10.3 683
10.3167 686
10.3333 689
10.35 692
10.3667 695
10.3833 697
10.4 700
10.4167 703
10.4333 706
10.45 709
10.4667 712
10.4833 715
10.5 717
10.5167 720
10.5333 723
10.55 726
10.5667 729
10.5833 731
10.6 734
10.6167 737
10.6333 739
10.65 742
10.6667 745
10.6833 747
10.7 750
10.7167 752
10.7333 755
10.75 758
10.7667 760
10.7833 763
10.8 765
10.8167 768
10.8333 770
10.85 772
10.8667 775
10.8833 777
10.9 780
10.9167 782
10.9333 784
10.95 787
10.9667 789
10.9833 791
11.0 794
11.0167 796
11.0333 798
11.05 800
11.0667 803
11.0833 805
11.1 807
11.1167 809
11.1333 811
11.15 813
11.1667 816
11.1833 818
11.2 820
11.2167 822
11.2333 824
11.25 826
11.2667 828
11.2833 830
11.3 832
11.3167 834
11.3333 836
11.35 838
11.3667 839
11.3833 841
11.4 843
11.4167 845
11.4333 847
11.45 849
11.4667 850
11.4833 852
11.5 854
11.5167 855
11.5333 857
11.55 859
11.5667 860
11.5833 862
11.6 864
11.6167 865
11.6333 867
11.65 868
11.6667 870
11.6833 871
11.7 873
11.7167 874
11.7333 876
11.75 877
11.7667 879
11.7833 880
11.8 881
11.8167 883
11.8333 884
11.85 885
11.8667 887
11.8833 888
11.9 889
11.9167 891
11.9333 892
11.95 893
11.9667 894
11.9833 895
12.0 896
12.0167 897
12.0333 899
12.05 900
12.0667 901
12.0833 902
12.1 903
12.1167 904
12.1333 905
12.15 906
12.1667 907
12.1833 907
12.2 908
12.2167 909
12.2333 910
12.25 911
12.2667 912
12.2833 912
12.3 913
12.3167 914
12.3333 915
12.35 915
12.3667 916
12.3833 917
12.4 917
12.4167 918
12.4333 919
12.45 919
12.4667 920
12.4833 920
12.5 921
12.5167 921
12.5333 922
12.55 922
12.5667 923
12.5833 923
12.6 923
12.6167 924
12.6333 924
12.65 924
12.6667 925
12.6833 925
12.7 925
12.7167 925
12.7333 926
12.75 926
12.7667 926
12.7833 926
12.8 926
12.8167 926
12.8333 926
12.85 927
12.8667 927
12.8833 927
12.9 927
12.9167 927
12.9333 927
12.95 927
12.9667 926
12.9833 926
13.0 926
13.0167 926
13.0333 926
13.05 926
13.0667 926
13.0833 925
13.1 925
13.1167 925
13.1333 925
13.15 924
13.1667 924
13.1833 924
13.2 923
13.2167 923
13.2333 922
13.25 922
13.2667 922
13.2833 921
13.3 921
13.3167 920
13.3333 920
13.35 919
13.3667 918
13.3833 918
13.4 917
13.4167 916
13.4333 916
13.45 915
13.4667 914
13.4833 914
13.5 913
13.5167 912
13.5333 911
13.55 911
13.5667 910
13.5833 909
13.6 908
13.6167 907
13.6333 906
13.65 905
13.6667 904
13.6833 903
13.7 902
13.7167 901
13.7333 900
13.75 899
13.7667 898
13.7833 897
13.8 896
13.8167 895
13.8333 894
13.85 893
13.8667 891
13.8833 890
13.9 889
13.9167 888
13.9333 886
13.95 885
13.9667 884
13.9833 882
14.0 881
14.0167 880
14.0333 878
14.05 877
14.0667 875
14.0833 874
14.1 873
14.1167 871
14.1333 870
14.15 868
14.1667 866
14.1833 865
14.2 863
14.2167 862
14.2333 860
14.25 858
14.2667 857
14.2833 855
14.3 853
14.3167 852
14.3333 850
14.35 848
14.3667 846
14.3833 844
14.4 843
14.4167 841
14.4333 839
14.45 837
14.4667 835
14.4833 833
14.5 831
14.5167 829
14.5333 827
14.55 825
14.5667 823
14.5833 821
14.6 819
14.6167 817
14.6333 815
14.65 813
14.6667 811
14.6833 809
14.7 807
14.7167 804
14.7333 802
14.75 800
14.7667 798
14.7833 795
14.8 793
14.8167 791
14.8333 789
14.85 786
14.8667 784
14.8833 782
14.9 779
14.9167 777
14.9333 774
14.95 772
14.9667 769
14.9833 767
15.0 765
15.0167 763
15.0333 760
15.05 758
15.0667 755
15.0833 753
15.1 750
15.1167 747
15.1333 745
15.15 742
15.1667 739
15.1833 737
15.2 734
15.2167 731
15.2333 729
15.25 726
15.2667 723
15.2833 720
15.3 718
15.3167 715
15.3333 712
15.35 709
15.3667 706
15.3833 703
15.4 700
15.4167 698
15.4333 695
15.45 692
15.4667 689
15.4833 686
15.5 683
15.5167 680
15.5333 677
15.55 674
15.5667 671
15.5833 668
15.6 665
15.6167 662
15.6333 658
15.65 655
15.6667 652
15.6833 649
15.7 646
15.7167 643
15.7333 639
15.75 636
15.7667 633
15.7833 630
15.8 627
15.8167 623
15.8333 620
15.85 617
15.8667 613
15.8833 610
15.9 607
15.9167 603
15.9333 600
15.95 597
15.9667 593
15.9833 590
16.0 586
16.0167 583
16.0333 580
16.05 576
16.0667 573
16.0833 569
16.1 566
16.1167 562
16.1333 559
16.15 555
16.1667 552
16.1833 548
16.2 544
16.2167 541
16.2333 537
16.25 534
16.2667 530
16.2833 526
16.3 523
16.3167 519
16.3333 516
16.35 512
16.3667 508
16.3833 504
16.4 501
16.4167 497
16.4333 493
16.45 490
16.4667 486
16.4833 482
16.5 478
16.5167 475
16.5333 471
16.55 467
16.5667 463
16.5833 459
16.6 456
16.6167 452
16.6333 448
16.65 444
16.6667 440
16.6833 436
16.7 432
16.7167 429
16.7333 425
16.75 421
16.7667 417
16.7833 413
16.8 409
16.8167 405
16.8333 401
16.85 397
16.8667 393
16.8833 389
16.9 385
16.9167 381
16.9333 377
16.95 373
16.9667 369
16.9833 365
