8.0 92
8.0167 96
8.0333 99
8.05 103
8.0667 106
8.0833 110
8.1 113
8.1167 117
8.1333 120
8.15 124
8.1667 127
8.1833 131
8.2 134
8.2167 138
8.2333 142
8.25 146
8.2667 149
8.2833 153
8.3 157
8.3167 160
8.3333 164
8.35 168
8.3667 172
8.3833 175
8.4 179
8.4167 183
8.4333 187
8.45 190
8.4667 194
8.4833 198
8.5 202
8.5167 205
8.5333 209
8.55 213
8.5667 217
8.5833 221
8.6 224
8.6167 228
8.6333 232
8.65 236
8.6667 240
8.6833 243
8.7 247
8.7167 251
8.7333 255
8.75 259
8.7667 262
8.7833 266
8.8 270
8.8167 274
8.8333 277
8.85 281
8.8667 285
8.8833 289
8.9 293
8.9167 296
8.9333 300
8.95 304
8.9667 308
8.9833 311
9.0 315
9.0167 320
9.0333 323
9.05 327
9.0667 331
9.0833 335
9.1 338
9.1167 342
9.1333 346
9.15 350
9.1667 353
9.1833 357
9.2 361
9.2167 364
9.2333 368
9.25 372
9.2667 375
9.2833 379
9.3 383
9.3167 386
9.3333 390
9.35 393
9.3667 397
9.3833 401
9.4 404
9.4167 408
9.4333 411
9.45 415
9.4667 419
9.4833 422
9.5 426
9.5167 429
9.5333 433
9.55 436
9.5667 440
9.5833 443
9.6 447
9.6167 450
9.6333 453
9.65 457
9.6667 460
9.6833 464
9.7 467
9.7167 471
9.7333 474
9.75 477
9.7667 481
9.7833 484
9.8 487
9.8167 491
9.8333 494
9.85 497
9.8667 501
9.8833 504
9.9 507
9.9167 510
9.9333 514
9.95 517
9.9667 520
9.9833 523
10.0 526
10.0167 530
10.0333 533
10.05 536
10.0667 539
10.0833 542
10.1 545
10.1167 548
10.1333 551
10.15 555
10.1667 558
10.1833 561
10.2 564
10.2167 567
10.2333 570
10.25 573
10.2667 576
10.2833 579
10.3 581
10.3167 584
10.3333 587
10.35 590
10.3667 593
10.3833 596
10.4 599
10.4167 602
10.4333 604
10.45 607
10.4667 610
10.4833 613
10.5 616
10.5167 618
10.5333 621
10.55 624
10.5667 626
10.5833 629
10.6 632
10.6167 634
10.6333 637
10.65 640
10.6667 642
10.6833 645
10.7 647
10.7167 650
10.7333 652
10.75 655
10.7667 657
10.7833 660
10.8 662
10.8167 665
10.8333 667
10.85 670
10.8667 672
10.8833 674
10.9 677
10.9167 679
10.9333 681
10.95 684
10.9667 686
10.9833 688
11.0 691
11.0167 693
11.0333 695
11.05 697
11.0667 699
11.0833 702
11.1 704
11.1167 706
11.1333 708
11.15 710
11.1667 712
11.1833 714
11.2 716
11.2167 718
11.2333 720
11.25 722
11.2667 724
11.2833 726
11.3 728
11.3167 730
11.3333 732
11.35 734
11.3667 736
11.3833 738
11.4 740
11.4167 741
11.4333 743
11.45 745
11.4667 747
11.4833 748
11.5 750
11.5167 752
11.5333 753
11.55 755
11.5667 757
11.5833 758
11.6 760
11.6167 762
11.6333 763
11.65 765
11.6667 766
11.6833 768
11.7 769
11.7167 771
11.7333 772
11.75 774
11.7667 775
11.7833 776
11.8 778
11.8167 779
11.8333 780
11.85 782
11.8667 783
11.8833 784
11.9 785
11.9167 787
11.9333 788
11.95 789
11.9667 790
11.9833 791
12.0 793
12.0167 794
12.0333 795
12.05 796
12.0667 797
12.0833 798
12.1 799
12.1167 800
12.1333 801
12.15 802
12.1667 803
12.1833 804
12.2 805
12.2167 806
12.2333 806
12.25 807
12.2667 808
12.2833 809
12.3 810
12.3167 810
12.3333 811
12.35 812
12.3667 813
12.3833 813
12.4 814
12.4167 814
12.4333 815
12.45 816
12.4667 816
12.4833 817
12.5 817
12.5167 818
12.5333 818
12.55 819
12.5667 819
12.5833 820
12.6 820
12.6167 820
12.6333 821
12.65 821
12.6667 822
12.6833 822
12.7 822
12.7167 822
12.7333 823
12.75 823
12.7667 823
12.7833 823
12.8 823
12.8167 824
12.8333 824
12.85 824
12.8667 824
12.8833 824
12.9 824
12.9167 824
12.9333 824
12.95 824
12.9667 824
12.9833 824
13.0 824
13.0167 824
13.0333 824
13.05 823
13.0667 823
13.0833 823
13.1 823
13.1167 823
13.1333 822
13.15 822
13.1667 822
13.1833 821
13.2 821
13.2167 821
13.2333 820
13.25 820
13.2667 820
13.2833 819
13.3 819
13.3167 818
13.3333 818
13.35 817
13.3667 817
13.3833 816
13.4 816
13.4167 815
13.4333 814
13.45 814
13.4667 813
13.4833 812
13.5 812
13.5167 811
13.5333 810
13.55 810
13.5667 809
13.5833 808
13.6 807
13.6167 806
13.6333 805
13.65 805
13.6667 804
13.6833 803
13.7 802
13.7167 801
13.7333 800
13.75 799
13.7667 798
13.7833 797
13.8 796
13.8167 795
13.8333 794
13.85 793
13.8667 791
13.8833 790
13.9 789
13.9167 788
13.9333 787
13.95 785
13.9667 784
13.9833 783
14.0 782
14.0167 780
14.0333 779
14.05 778
14.0667 776
14.0833 775
14.1 773
14.1167 772
14.1333 771
14.15 769
14.1667 768
14.1833 766
14.2 765
14.2167 763
14.2333 761
14.25 760
14.2667 758
14.2833 757
14.3 755
14.3167 753
14.3333 752
14.35 750
14.3667 748
14.3833 746
14.4 745
14.4167 743
14.4333 741
14.45 739
14.4667 738
14.4833 736
14.5 734
14.5167 732
14.5333 730
14.55 728
14.5667 726
14.5833 724
14.6 722
14.6167 720
14.6333 718
14.65 716
14.6667 714
14.6833 712
14.7 710
14.7167 708
14.7333 706
14.75 704
14.7667 701
14.7833 699
14.8 697
14.8167 695
14.8333 693
14.85 690
14.8667 688
14.8833 686
14.9 684
14.9167 681
14.9333 679
14.95 677
14.9667 674
14.9833 672
15.0 670
15.0167 668
15.0333 666
15.05 663
15.0667 661
15.0833 658
15.1 656
15.1167 653
15.1333 651
15.15 648
15.1667 646
15.1833 643
15.2 640
15.2167 638
15.2333 635
15.25 632
15.2667 630
15.2833 627
15.3 624
15.3167 622
15.3333 619
15.35 616
15.3667 614
15.3833 611
15.4 608
15.4167 605
15.4333 602
15.45 600
15.4667 597
15.4833 594
15.5 591
15.5167 588
15.5333 585
15.55 582
15.5667 579
15.5833 576
15.6 573
15.6167 570
15.6333 567
15.65 564
15.6667 561
15.6833 558
15.7 555
15.7167 552
15.7333 549
15.75 546
15.7667 543
15.7833 540
15.8 537
15.8167 533
15.8333 530
15.85 527
15.8667 524
15.8833 521
15.9 518
15.9167 514
15.9333 511
15.95 508
15.9667 505
15.9833 501
16.0 498
16.0167 495
16.0333 491
16.05 488
16.0667 485
16.0833 481
16.1 478
16.1167 475
16.1333 471
16.15 468
16.1667 464
16.1833 461
16.2 458
16.2167 454
16.2333 451
16.25 447
16.2667 444
16.2833 440
16.3 437
16.3167 433
16.3333 430
16.35 426
16.3667 423
16.3833 419
16.4 416
16.4167 412
16.4333 408
16.45 405
16.4667 401
16.4833 398
16.5 394
16.5167 390
16.5333 387
16.55 383
16.5667 380
16.5833 376
16.6 372
16.6167 369
16.6333 365
16.65 361
16.6667 358
16.6833 354
16.7 350
16.7167 346
16.7333 343
16.75 339
16.7667 335
16.7833 332
16.8 328
16.8167 324
16.8333 320
16.85 317
16.8667 313
16.8833 309
16.9 305
16.9167 301
16.9333 298
16.95 294
16.9667 290
16.9833 286
