8.0 138
8.0167 142
8.0333 146
8.05 150
8.0667 154
8.0833 158
8.1 162
8.1167 166
8.1333 169
8.15 173
8.1667 177
8.1833 181
8.2 185
8.2167 189
8.2333 193
8.25 197
8.2667 201
8.2833 205
8.3 209
8.3167 213
8.3333 217
8.35 221
8.3667 225
8.3833 229
8.4 233
8.4167 237
8.4333 241
8.45 245
8.4667 249
8.4833 253
8.5 257
8.5167 261
8.5333 265
8.55 269
8.5667 273
8.5833 277
8.6 281
8.6167 285
8.6333 289
8.65 293
8.6667 297
8.6833 301
8.7 305
8.7167 309
8.7333 313
8.75 317
8.7667 321
8.7833 325
8.8 329
8.8167 333
8.8333 337
8.85 341
8.8667 345
8.8833 348
8.9 352
8.9167 356
8.9333 360
8.95 364
8.9667 368
8.9833 372
9.0 376
9.0167 381
9.0333 385
9.05 388
9.0667 392
9.0833 396
9.1 400
9.1167 404
9.1333 408
9.15 412
9.1667 415
9.1833 419
9.2 423
9.2167 427
9.2333 431
9.25 434
9.2667 438
9.2833 442
9.3 446
9.3167 449
9.3333 453
9.35 457
9.3667 460
9.3833 464
9.4 468
9.4167 471
9.4333 475
9.45 479
9.4667 482
9.4833 486
9.5 490
9.5167 493
9.5333 497
9.55 501
9.5667 504
9.5833 508
9.6 511
9.6167 515
9.6333 518
9.65 522
9.6667 525
9.6833 529
9.7 532
9.7167 536
9.7333 539
9.75 543
9.7667 546
9.7833 550
9.8 553
9.8167 556
9.8333 560
9.85 563
9.8667 566
9.8833 570
9.9 573
9.9167 576
9.9333 580
9.95 583
9.9667 586
9.9833 590
10.0 593
10.0167 596
10.0333 599
10.05 603
10.0667 606
10.0833 609
10.1 612
10.1167 615
10.1333 618
10.15 622
10.1667 625
10.1833 628
10.2 631
10.2167 634
10.2333 637
10.25 640
10.2667 643
10.2833 646
10.3 649
10.3167 652
10.3333 655
10.35 658
10.3667 661
10.3833 664
10.4 667
10.4167 669
10.4333 672
10.45 675
10.4667 678
10.4833 681
10.5 684
10.5167 686
10.5333 689
10.55 692
10.5667 695
10.5833 697
10.6 700
10.6167 703
10.6333 705
10.65 708
10.6667 711
10.6833 713
10.7 716
10.7167 719
10.7333 721
10.75 724
10.7667 726
10.7833 729
10.8 731
10.8167 734
10.8333 736
10.85 739
10.8667 741
10.8833 744
10.9 746
10.9167 748
10.9333 751
10.95 753
10.9667 755
10.9833 758
11.0 760
11.0167 762
11.0333 765
11.05 767
11.0667 769
11.0833 771
11.1 773
11.1167 776
11.1333 778
11.15 780
11.1667 782
11.1833 784
11.2 786
11.2167 788
11.2333 790
11.25 792
11.2667 794
11.2833 796
11.3 798
11.3167 800
11.3333 802
11.35 804
11.3667 806
11.3833 808
11.4 810
11.4167 811
11.4333 813
11.45 815
11.4667 817
11.4833 819
11.5 820
11.5167 822
11.5333 824
11.55 825
11.5667 827
11.5833 829
11.6 830
11.6167 832
11.6333 833
11.65 835
11.6667 837
11.6833 838
11.7 840
11.7167 841
11.7333 843
11.75 844
11.7667 845
11.7833 847
11.8 848
11.8167 850
11.8333 851
11.85 852
11.8667 854
11.8833 855
11.9 856
11.9167 857
11.9333 859
11.95 860
11.9667 861
11.9833 862
12.0 863
12.0167 864
12.0333 865
12.05 867
12.0667 868
12.0833 869
12.1 870
12.1167 871
12.1333 872
12.15 873
12.1667 874
12.1833 875
12.2 875
12.2167 876
12.2333 877
12.25 878
12.2667 879
12.2833 880
12.3 880
12.3167 881
12.3333 882
12.35 883
12.3667 883
12.3833 884
12.4 885
12.4167 885
12.4333 886
12.45 886
12.4667 887
12.4833 888
12.5 888
12.5167 889
12.5333 889
12.55 890
12.5667 890
12.5833 890
12.6 891
12.6167 891
12.6333 892
12.65 892
12.6667 892
12.6833 893
12.7 893
12.7167 893
12.7333 893
12.75 894
12.7667 894
12.7833 894
12.8 894
12.8167 894
12.8333 894
12.85 894
12.8667 895
12.8833 895
12.9 895
12.9167 895
12.9333 895
12.95 895
12.9667 895
12.9833 894
13.0 894
13.0167 894
13.0333 894
13.05 894
13.0667 894
13.0833 894
13.1 893
13.1167 893
13.1333 893
13.15 893
13.1667 892
13.1833 892
13.2 892
13.2167 891
13.2333 891
13.25 890
13.2667 890
13.2833 890
13.3 889
13.3167 889
13.3333 888
13.35 888
13.3667 887
13.3833 886
13.4 886
13.4167 885
13.4333 885
13.45 884
13.4667 883
13.4833 883
13.5 882
13.5167 881
13.5333 880
13.55 880
13.5667 879
13.5833 878
13.6 877
13.6167 876
13.6333 875
13.65 874
13.6667 873
13.6833 873
13.7 872
13.7167 871
13.7333 870
13.75 869
13.7667 868
13.7833 866
13.8 865
13.8167 864
13.8333 863
13.85 862
13.8667 861
13.8833 860
13.9 858
13.9167 857
13.9333 856
13.95 855
13.9667 853
13.9833 852
14.0 851
14.0167 849
14.0333 848
14.05 847
14.0667 845
14.0833 844
14.1 842
14.1167 841
14.1333 839
14.15 838
14.1667 836
14.1833 835
14.2 833
14.2167 832
14.2333 830
14.25 828
14.2667 827
14.2833 825
14.3 824
14.3167 822
14.3333 820
14.35 818
14.3667 817
14.3833 815
14.4 813
14.4167 811
14.4333 809
14.45 808
14.4667 806
14.4833 804
14.5 802
14.5167 800
14.5333 798
14.55 796
14.5667 794
14.5833 792
14.6 790
14.6167 788
14.6333 786
14.65 784
14.6667 782
14.6833 780
14.7 777
14.7167 775
14.7333 773
14.75 771
14.7667 769
14.7833 767
14.8 764
14.8167 762
14.8333 760
14.85 757
14.8667 755
14.8833 753
14.9 750
14.9167 748
14.9333 746
14.95 743
14.9667 741
14.9833 738
15.0 737
15.0167 734
15.0333 732
15.05 729
15.0667 727
15.0833 724
15.1 722
15.1167 719
15.1333 717
15.15 714
15.1667 711
15.1833 709
15.2 706
15.2167 703
15.2333 701
15.25 698
15.2667 695
15.2833 693
15.3 690
15.3167 687
15.3333 684
15.35 681
15.3667 679
15.3833 676
15.4 673
15.4167 670
15.4333 667
15.45 664
15.4667 661
15.4833 658
15.5 655
15.5167 653
15.5333 650
15.55 647
15.5667 644
15.5833 641
15.6 637
15.6167 634
15.6333 631
15.65 628
15.6667 625
15.6833 622
15.7 619
15.7167 616
15.7333 613
15.75 609
15.7667 606
15.7833 603
15.8 600
15.8167 597
15.8333 593
15.85 590
15.8667 587
15.8833 584
15.9 580
15.9167 577
15.9333 574
15.95 570
15.9667 567
15.9833 564
16.0 560
16.0167 557
16.0333 553
16.05 550
16.0667 547
16.0833 543
16.1 540
16.1167 536
16.1333 533
16.15 529
16.1667 526
16.1833 522
16.2 519
16.2167 515
16.2333 512
16.25 508
16.2667 505
16.2833 501
16.3 497
16.3167 494
16.3333 490
16.35 487
16.3667 483
16.3833 479
16.4 476
16.4167 472
16.4333 468
16.45 465
16.4667 461
16.4833 457
16.5 453
16.5167 450
16.5333 446
16.55 442
16.5667 438
16.5833 435
16.6 431
16.6167 427
16.6333 423
16.65 420
16.6667 416
16.6833 412
16.7 408
16.7167 404
16.7333 400
16.75 397
16.7667 393
16.7833 389
16.8 385
16.8167 381
16.8333 377
16.85 373
16.8667 369
16.8833 366
16.9 362
16.9167 358
16.9333 354
16.95 350
16.9667 346
16.9833 342
