8.0 72
8.0167 75
8.0333 78
8.05 81
8.0667 84
8.0833 87
8.1 90
8.1167 93
8.1333 96
8.15 99
8.1667 102
8.1833 105
8.2 109
8.2167 112
8.2333 115
8.25 118
8.2667 121
8.2833 125
8.3 128
8.3167 131
8.3333 135
8.35 138
8.3667 142
8.3833 145
8.4 149
8.4167 152
8.4333 155
8.45 159
8.4667 162
8.4833 166
8.5 169
8.5167 173
8.5333 176
8.55 180
8.5667 184
8.5833 187
8.6 191
8.6167 194
8.6333 198
8.65 201
8.6667 205
8.6833 208
8.7 212
8.7167 216
8.7333 219
8.75 223
8.7667 226
8.7833 230
8.8 234
8.8167 237
8.8333 241
8.85 244
8.8667 248
8.8833 252
8.9 255
8.9167 259
8.9333 262
8.95 266
8.9667 270
8.9833 273
9.0 277
9.0167 281
9.0333 285
9.05 288
9.0667 292
9.0833 295
9.1 299
9.1167 302
9.1333 306
9.15 310
9.1667 313
9.1833 317
9.2 320
9.2167 324
9.2333 327
9.25 331
9.2667 334
9.2833 338
9.3 341
9.3167 345
9.3333 348
9.35 352
9.3667 355
9.3833 359
9.4 362
9.4167 366
9.4333 369
9.45 373
9.4667 376
9.4833 380
9.5 383
9.5167 386
9.5333 390
9.55 393
9.5667 397
9.5833 400
9.6 403
9.6167 407
9.6333 410
9.65 413
9.6667 417
9.6833 420
9.7 423
9.7167 427
9.7333 430
9.75 433
9.7667 437
9.7833 440
9.8 443
9.8167 446
9.8333 449
9.85 453
9.8667 456
9.8833 459
9.9 462
9.9167 465
9.9333 469
9.95 472
9.9667 475
9.9833 478
10.0 481
10.0167 484
10.0333 487
10.05 490
10.0667 493
10.0833 496
10.1 500
10.1167 503
10.1333 506
10.15 509
10.1667 512
10.1833 514
10.2 517
10.2167 520
10.2333 523
10.25 526
10.2667 529
10.2833 532
10.3 535
10.3167 538
10.3333 541
10.35 543
10.3667 546
10.3833 549
10.4 552
10.4167 555
10.4333 557
10.45 560
10.4667 563
10.4833 566
10.5 568
10.5167 571
10.5333 574
10.55 576
10.5667 579
10.5833 581
10.6 584
10.6167 587
10.6333 589
10.65 592
10.6667 594
10.6833 597
10.7 599
10.7167 602
10.7333 604
10.75 607
10.7667 609
10.7833 612
10.8 614
10.8167 617
10.8333 619
10.85 621
10.8667 624
10.8833 626
10.9 628
10.9167 631
10.9333 633
10.95 635
10.9667 637
10.9833 640
11.0 642
11.0167 644
11.0333 646
11.05 648
11.0667 651
11.0833 653
11.1 655
11.1167 657
11.1333 659
11.15 661
11.1667 663
11.1833 665
11.2 667
11.2167 669
11.2333 671
11.25 673
11.2667 675
11.2833 677
11.3 679
11.3167 681
11.3333 683
11.35 684
11.3667 686
11.3833 688
11.4 690
11.4167 692
11.4333 693
11.45 695
11.4667 697
11.4833 698
11.5 700
11.5167 702
11.5333 703
11.55 705
11.5667 707
11.5833 708
11.6 710
11.6167 711
11.6333 713
11.65 714
11.6667 716
11.6833 717
11.7 719
11.7167 720
11.7333 722
11.75 723
11.7667 725
11.7833 726
11.8 727
11.8167 729
11.8333 730
11.85 731
11.8667 732
11.8833 734
11.9 735
11.9167 736
11.9333 737
11.95 738
11.9667 740
11.9833 741
12.0 742
12.0167 743
12.0333 744
12.05 745
12.0667 746
12.0833 747
12.1 748
12.1167 749
12.1333 750
12.15 751
12.1667 752
12.1833 753
12.2 754
12.2167 755
12.2333 755
12.25 756
12.2667 757
12.2833 758
12.3 758
12.3167 759
12.3333 760
12.35 761
12.3667 761
12.3833 762
12.4 763
12.4167 763
12.4333 764
12.45 764
12.4667 765
12.4833 765
12.5 766
12.5167 766
12.5333 767
12.55 767
12.5667 768
12.5833 768
12.6 769
12.6167 769
12.6333 769
12.65 770
12.6667 770
12.6833 770
12.7 771
12.7167 771
12.7333 771
12.75 771
12.7667 771
12.7833 772
12.8 772
12.8167 772
12.8333 772
12.85 772
12.8667 772
12.8833 772
12.9 772
12.9167 772
12.9333 772
12.95 772
12.9667 772
12.9833 772
13.0 772
13.0167 772
13.0333 772
13.05 772
13.0667 772
13.0833 771
13.1 771
13.1167 771
13.1333 771
13.15 770
13.1667 770
13.1833 770
13.2 769
13.2167 769
13.2333 769
13.25 768
13.2667 768
13.2833 767
13.3 767
13.3167 767
13.3333 766
13.35 766
13.3667 765
13.3833 764
13.4 764
13.4167 763
13.4333 763
13.45 762
13.4667 761
13.4833 761
13.5 760
13.5167 759
13.5333 759
13.55 758
13.5667 757
13.5833 756
13.6 755
13.6167 755
13.6333 754
13.65 753
13.6667 752
13.6833 751
13.7 750
13.7167 749
13.7333 748
13.75 747
13.7667 746
13.7833 745
13.8 744
13.8167 743
13.8333 742
13.85 741
13.8667 740
13.8833 739
13.9 737
13.9167 736
13.9333 735
13.95 734
13.9667 732
13.9833 731
14.0 730
14.0167 729
14.0333 727
14.05 726
14.0667 725
14.0833 723
14.1 722
14.1167 720
14.1333 719
14.15 718
14.1667 716
14.1833 715
14.2 713
14.2167 712
14.2333 710
14.25 708
14.2667 707
14.2833 705
14.3 704
14.3167 702
14.3333 700
14.35 699
14.3667 697
14.3833 695
14.4 693
14.4167 692
14.4333 690
14.45 688
14.4667 686
14.4833 684
14.5 683
14.5167 681
14.5333 679
14.55 677
14.5667 675
14.5833 673
14.6 671
14.6167 669
14.6333 667
14.65 665
14.6667 663
14.6833 661
14.7 659
14.7167 657
14.7333 655
14.75 653
14.7667 651
14.7833 649
14.8 646
14.8167 644
14.8333 642
14.85 640
14.8667 638
14.8833 635
14.9 633
14.9167 631
14.9333 628
14.95 626
14.9667 624
14.9833 621
15.0 620
15.0167 618
15.0333 615
15.05 613
15.0667 610
15.0833 608
15.1 606
15.1167 603
15.1333 601
15.15 598
15.1667 596
15.1833 593
15.2 590
15.2167 588
15.2333 585
15.25 583
15.2667 580
15.2833 577
15.3 575
15.3167 572
15.3333 569
15.35 567
15.3667 564
15.3833 561
15.4 559
15.4167 556
15.4333 553
15.45 550
15.4667 547
15.4833 545
15.5 542
15.5167 539
15.5333 536
15.55 533
15.5667 530
15.5833 527
15.6 524
15.6167 522
15.6333 519
15.65 516
15.6667 513
15.6833 510
15.7 507
15.7167 504
15.7333 501
15.75 498
15.7667 495
15.7833 492
15.8 488
15.8167 485
15.8333 482
15.85 479
15.8667 476
15.8833 473
15.9 470
15.9167 467
15.9333 463
15.95 460
15.9667 457
15.9833 454
16.0 451
16.0167 447
16.0333 444
16.05 441
16.0667 438
16.0833 434
16.1 431
16.1167 428
16.1333 425
16.15 421
16.1667 418
16.1833 415
16.2 411
16.2167 408
16.2333 405
16.25 401
16.2667 398
16.2833 394
16.3 391
16.3167 388
16.3333 384
16.35 381
16.3667 377
16.3833 374
16.4 370
16.4167 367
16.4333 363
16.45 360
16.4667 357
16.4833 353
16.5 350
16.5167 346
16.5333 343
16.55 339
16.5667 335
16.5833 332
16.6 328
16.6167 325
16.6333 321
16.65 318
16.6667 314
16.6833 311
16.7 307
16.7167 304
16.7333 300
16.75 296
16.7667 293
16.7833 289
16.8 286
16.8167 282
16.8333 278
16.85 275
16.8667 271
16.8833 268
16.9 264
16.9167 260
16.9333 257
16.95 253
16.9667 250
16.9833 246
