8.0 205
8.0167 209
8.0333 213
8.05 217
8.0667 221
8.0833 224
8.1 228
8.1167 232
8.1333 236
8.15 240
8.1667 244
8.1833 248
8.2 252
8.2167 256
8.2333 260
8.25 264
8.2667 268
8.2833 272
8.3 276
8.3167 280
8.3333 284
8.35 288
8.3667 292
8.3833 295
8.4 299
8.4167 303
8.4333 307
8.45 311
8.4667 315
8.4833 319
8.5 323
8.5167 327
8.5333 331
8.55 335
8.5667 339
8.5833 343
8.6 347
8.6167 351
8.6333 355
8.65 359
8.6667 363
8.6833 367
8.7 371
8.7167 375
8.7333 379
8.75 382
8.7667 386
8.7833 390
8.8 394
8.8167 398
8.8333 402
8.85 406
8.8667 410
8.8833 414
8.9 417
8.9167 421
8.9333 425
8.95 429
8.9667 433
8.9833 437
9.0 441
9.0167 446
9.0333 449
9.05 453
9.0667 457
9.0833 461
9.1 465
9.1167 468
9.1333 472
9.15 476
9.1667 480
9.1833 483
9.2 487
9.2167 491
9.2333 494
9.25 498
9.2667 502
9.2833 506
9.3 509
9.3167 513
9.3333 517
9.35 520
9.3667 524
9.3833 527
9.4 531
9.4167 535
9.4333 538
9.45 542
9.4667 545
9.4833 549
9.5 553
9.5167 556
9.5333 560
9.55 563
9.5667 567
9.5833 570
9.6 574
9.6167 577
9.6333 581
9.65 584
9.6667 588
9.6833 591
9.7 594
9.7167 598
9.7333 601
9.75 604
9.7667 608
9.7833 611
9.8 615
9.8167 618
9.8333 621
9.85 624
9.8667 628
9.8833 631
9.9 634
9.9167 638
9.9333 641
9.95 644
9.9667 647
9.9833 650
10.0 653
10.0167 657
10.0333 660
10.05 663
10.0667 666
10.0833 669
10.1 672
10.1167 675
10.1333 678
10.15 681
10.1667 684
10.1833 687
10.2 690
10.2167 693
10.2333 696
10.25 699
10.2667 702
10.2833 705
10.3 708
10.3167 711
10.3333 714
10.35 717
10.3667 720
10.3833 722
10.4 725
10.4167 728
10.4333 731
10.45 734
10.4667 736
10.4833 739
10.5 742
10.5167 744
10.5333 747
10.55 750
10.5667 752
10.5833 755
10.6 758
10.6167 760
10.6333 763
10.65 765
10.6667 768
10.6833 770
10.7 773
10.7167 776
10.7333 778
10.75 780
10.7667 783
10.7833 785
10.8 788
10.8167 790
10.8333 793
10.85 795
10.8667 797
10.8833 800
10.9 802
10.9167 804
10.9333 806
10.95 809
10.9667 811
10.9833 813
11.0 815
11.0167 817
11.0333 820
11.05 822
11.0667 824
11.0833 826
11.1 828
11.1167 830
11.1333 832
11.15 834
11.1667 836
11.1833 838
11.2 840
11.2167 842
11.2333 844
11.25 846
11.2667 848
11.2833 850
11.3 852
11.3167 854
11.3333 855
11.35 857
11.3667 859
11.3833 861
11.4 862
11.4167 864
11.4333 866
11.45 868
11.4667 869
11.4833 871
11.5 873
11.5167 874
11.5333 876
11.55 877
11.5667 879
11.5833 880
11.6 882
11.6167 883
11.6333 885
11.65 886
11.6667 888
11.6833 889
11.7 891
11.7167 892
11.7333 893
11.75 895
11.7667 896
11.7833 897
11.8 899
11.8167 900
11.8333 901
11.85 902
11.8667 903
11.8833 905
11.9 906
11.9167 907
11.9333 908
11.95 909
11.9667 910
11.9833 911
12.0 912
12.0167 913
12.0333 914
12.05 915
12.0667 916
12.0833 917
12.1 918
12.1167 919
12.1333 920
12.15 921
12.1667 922
12.1833 922
12.2 923
12.2167 924
12.2333 925
12.25 925
12.2667 926
12.2833 927
12.3 927
12.3167 928
12.3333 929
12.35 929
12.3667 930
12.3833 930
12.4 931
12.4167 932
12.4333 932
12.45 932
12.4667 933
12.4833 933
12.5 934
12.5167 934
12.5333 935
12.55 935
12.5667 935
12.5833 936
12.6 936
12.6167 936
12.6333 936
12.65 937
12.6667 937
12.6833 937
12.7 937
12.7167 937
12.7333 937
12.75 938
12.7667 938
12.7833 938
12.8 938
12.8167 938
12.8333 938
12.85 938
12.8667 938
12.8833 938
12.9 938
12.9167 937
12.9333 937
12.95 937
12.9667 937
12.9833 937
13.0 937
13.0167 936
13.0333 936
13.05 936
13.0667 936
13.0833 935
13.1 935
13.1167 935
13.1333 934
13.15 934
13.1667 933
13.1833 933
13.2 932
13.2167 932
13.2333 931
13.25 931
13.2667 930
13.2833 930
13.3 929
13.3167 929
13.3333 928
13.35 927
13.3667 927
13.3833 926
13.4 925
13.4167 925
13.4333 924
13.45 923
13.4667 922
13.4833 921
13.5 921
13.5167 920
13.5333 919
13.55 918
13.5667 917
13.5833 916
13.6 915
13.6167 914
13.6333 913
13.65 912
13.6667 911
13.6833 910
13.7 909
13.7167 908
13.7333 907
13.75 906
13.7667 904
13.7833 903
13.8 902
13.8167 901
13.8333 900
13.85 898
13.8667 897
13.8833 896
13.9 894
13.9167 893
13.9333 892
13.95 890
13.9667 889
13.9833 888
14.0 886
14.0167 885
14.0333 883
14.05 882
14.0667 880
14.0833 879
14.1 877
14.1167 875
14.1333 874
14.15 872
14.1667 871
14.1833 869
14.2 867
14.2167 866
14.2333 864
14.25 862
14.2667 860
14.2833 859
14.3 857
14.3167 855
14.3333 853
14.35 851
14.3667 850
14.3833 848
14.4 846
14.4167 844
14.4333 842
14.45 840
14.4667 838
14.4833 836
14.5 834
14.5167 832
14.5333 830
14.55 828
14.5667 826
14.5833 824
14.6 821
14.6167 819
14.6333 817
14.65 815
14.6667 813
14.6833 811
14.7 808
14.7167 806
14.7333 804
14.75 801
14.7667 799
14.7833 797
14.8 794
14.8167 792
14.8333 790
14.85 787
14.8667 785
14.8833 783
14.9 780
14.9167 778
14.9333 775
14.95 773
14.9667 770
14.9833 768
15.0 766
15.0167 763
15.0333 761
15.05 758
15.0667 755
15.0833 753
15.1 750
15.1167 747
15.1333 745
15.15 742
15.1667 739
15.1833 736
15.2 734
15.2167 731
15.2333 728
15.25 725
15.2667 723
15.2833 720
15.3 717
15.3167 714
15.3333 711
15.35 708
15.3667 705
15.3833 702
15.4 699
15.4167 697
15.4333 694
15.45 691
15.4667 688
15.4833 685
15.5 682
15.5167 678
15.5333 675
15.55 672
15.5667 669
15.5833 666
15.6 663
15.6167 660
15.6333 657
15.65 654
15.6667 650
15.6833 647
15.7 644
15.7167 641
15.7333 638
15.75 634
15.7667 631
15.7833 628
15.8 625
15.8167 621
15.8333 618
15.85 615
15.8667 611
15.8833 608
15.9 605
15.9167 601
15.9333 598
15.95 594
15.9667 591
15.9833 588
16.0 584
16.0167 581
16.0333 577
16.05 574
16.0667 570
16.0833 567
16.1 563
16.1167 560
16.1333 556
16.15 553
16.1667 549
16.1833 545
16.2 542
16.2167 538
16.2333 535
16.25 531
16.2667 527
16.2833 524
16.3 520
16.3167 517
16.3333 513
16.35 509
16.3667 506
16.3833 502
16.4 498
16.4167 494
16.4333 491
16.45 487
16.4667 483
16.4833 480
16.5 476
16.5167 472
16.5333 468
16.55 464
16.5667 461
16.5833 457
16.6 453
16.6167 449
16.6333 445
16.65 442
16.6667 438
16.6833 434
16.7 430
16.7167 426
16.7333 422
16.75 419
16.7667 415
16.7833 411
16.8 407
16.8167 403
16.8333 399
16.85 395
16.8667 391
16.8833 387
16.9 383
16.9167 380
16.9333 376
16.95 372
16.9667 368
16.9833 364
