8.0 217
8.0167 221
8.0333 225
8.05 229
8.0667 233
8.0833 237
8.1 241
8.1167 245
8.1333 249
8.15 253
8.1667 257
8.1833 261
8.2 265
8.2167 269
8.2333 273
8.25 277
8.2667 281
8.2833 285
8.3 289
8.3167 293
8.3333 297
8.35 300
8.3667 304
8.3833 308
8.4 312
8.4167 316
8.4333 320
8.45 324
8.4667 328
8.4833 332
8.5 336
8.5167 340
8.5333 344
8.55 348
8.5667 352
8.5833 356
8.6 360
8.6167 364
8.6333 368
8.65 372
8.6667 376
8.6833 380
8.7 384
8.7167 388
8.7333 392
8.75 396
8.7667 400
8.7833 403
8.8 407
8.8167 411
8.8333 415
8.85 419
8.8667 423
8.8833 427
8.9 431
8.9167 435
8.9333 438
8.95 442
8.9667 446
8.9833 450
9.0 454
9.0167 459
9.0333 462
9.05 466
9.0667 470
9.0833 474
9.1 478
9.1167 481
9.1333 485
9.15 489
9.1667 493
9.1833 496
9.2 500
9.2167 504
9.2333 508
9.25 511
9.2667 515
9.2833 519
9.3 522
9.3167 526
9.3333 530
9.35 533
9.3667 537
9.3833 540
9.4 544
9.4167 548
9.4333 551
9.45 555
9.4667 558
9.4833 562
9.5 566
9.5167 569
9.5333 573
9.55 576
9.5667 580
9.5833 583
9.6 587
9.6167 590
9.6333 593
9.65 597
9.6667 600
9.6833 604
9.7 607
9.7167 610
9.7333 614
9.75 617
9.7667 621
9.7833 624
9.8 627
9.8167 631
9.8333 634
9.85 637
9.8667 640
9.8833 644
9.9 647
9.9167 650
9.9333 653
9.95 657
9.9667 660
9.9833 663
10.0 666
10.0167 669
10.0333 672
10.05 675
10.0667 679
10.0833 682
10.1 685
10.1167 688
10.1333 691
10.15 694
10.1667 697
10.1833 700
10.2 703
10.2167 706
10.2333 709
10.25 712
10.2667 715
10.2833 717
10.3 720
10.3167 723
10.3333 726
10.35 729
10.3667 732
10.3833 735
10.4 737
10.4167 740
10.4333 743
10.45 746
10.4667 748
10.4833 751
10.5 754
10.5167 756
10.5333 759
10.55 762
10.5667 764
10.5833 767
10.6 770
10.6167 772
10.6333 775
10.65 777
10.6667 780
10.6833 782
10.7 785
10.7167 787
10.7333 790
10.75 792
10.7667 795
10.7833 797
10.8 800
10.8167 802
10.8333 804
10.85 807
10.8667 809
10.8833 811
10.9 813
10.9167 816
10.9333 818
10.95 820
10.9667 822
10.9833 825
11.0 827
11.0167 829
11.0333 831
11.05 833
11.0667 835
11.0833 837
11.1 840
11.1167 842
11.1333 844
11.15 846
11.1667 848
11.1833 850
11.2 852
11.2167 853
11.2333 855
11.25 857
11.2667 859
11.2833 861
11.3 863
11.3167 865
11.3333 867
11.35 868
11.3667 870
11.3833 872
11.4 874
11.4167 875
11.4333 877
11.45 879
11.4667 880
11.4833 882
11.5 884
11.5167 885
11.5333 887
11.55 888
11.5667 890
11.5833 891
11.6 893
11.6167 894
11.6333 896
11.65 897
11.6667 899
11.6833 900
11.7 901
11.7167 903
11.7333 904
11.75 905
11.7667 907
11.7833 908
11.8 909
11.8167 910
11.8333 912
11.85 913
11.8667 914
11.8833 915
11.9 916
11.9167 917
11.9333 919
11.95 920
11.9667 921
11.9833 922
12.0 923
12.0167 924
12.0333 925
12.05 926
12.0667 927
12.0833 928
12.1 928
12.1167 929
12.1333 930
12.15 931
12.1667 932
12.1833 933
12.2 933
12.2167 934
12.2333 935
12.25 936
12.2667 936
12.2833 937
12.3 938
12.3167 938
12.3333 939
12.35 939
12.3667 940
12.3833 940
12.4 941
12.4167 941
12.4333 942
12.45 942
12.4667 943
12.4833 943
12.5 944
12.5167 944
12.5333 944
12.55 945
12.5667 945
12.5833 945
12.6 946
12.6167 946
12.6333 946
12.65 946
12.6667 947
12.6833 947
12.7 947
12.7167 947
12.7333 947
12.75 947
12.7667 947
12.7833 947
12.8 947
12.8167 947
12.8333 947
12.85 947
12.8667 947
12.8833 947
12.9 947
12.9167 947
12.9333 947
12.95 947
12.9667 946
12.9833 946
13.0 946
13.0167 946
13.0333 945
13.05 945
13.0667 945
13.0833 944
13.1 944
13.1167 944
13.1333 943
13.15 943
13.1667 942
13.1833 942
13.2 942
13.2167 941
13.2333 941
13.25 940
13.2667 939
13.2833 939
13.3 938
13.3167 938
13.3333 937
13.35 936
13.3667 936
13.3833 935
13.4 934
13.4167 933
13.4333 933
13.45 932
13.4667 931
13.4833 930
13.5 929
13.5167 928
13.5333 928
13.55 927
13.5667 926
13.5833 925
13.6 924
13.6167 923
13.6333 922
13.65 921
13.6667 920
13.6833 919
13.7 918
13.7167 916
13.7333 915
13.75 914
13.7667 913
13.7833 912
13.8 911
13.8167 909
13.8333 908
13.85 907
13.8667 905
13.8833 904
13.9 903
13.9167 901
13.9333 900
13.95 899
13.9667 897
13.9833 896
14.0 894
14.0167 893
14.0333 891
14.05 890
14.0667 888
14.0833 887
14.1 885
14.1167 884
14.1333 882
14.15 880
14.1667 879
14.1833 877
14.2 875
14.2167 874
14.2333 872
14.25 870
14.2667 868
14.2833 867
14.3 865
14.3167 863
14.3333 861
14.35 859
14.3667 857
14.3833 856
14.4 854
14.4167 852
14.4333 850
14.45 848
14.4667 846
14.4833 844
14.5 842
14.5167 840
14.5333 838
14.55 836
14.5667 833
14.5833 831
14.6 829
14.6167 827
14.6333 825
14.65 823
14.6667 820
14.6833 818
14.7 816
14.7167 814
14.7333 811
14.75 809
14.7667 807
14.7833 804
14.8 802
14.8167 800
14.8333 797
14.85 795
14.8667 792
14.8833 790
14.9 788
14.9167 785
14.9333 783
14.95 780
14.9667 778
14.9833 775
15.0 773
15.0167 770
15.0333 768
15.05 765
15.0667 763
15.0833 760
15.1 757
15.1167 755
15.1333 752
15.15 749
15.1667 746
15.1833 744
15.2 741
15.2167 738
15.2333 735
15.25 733
15.2667 730
15.2833 727
15.3 724
15.3167 721
15.3333 718
15.35 715
15.3667 712
15.3833 710
15.4 707
15.4167 704
15.4333 701
15.45 698
15.4667 695
15.4833 692
15.5 689
15.5167 685
15.5333 682
15.55 679
15.5667 676
15.5833 673
15.6 670
15.6167 667
15.6333 664
15.65 660
15.6667 657
15.6833 654
15.7 651
15.7167 648
15.7333 644
15.75 641
15.7667 638
15.7833 635
15.8 631
15.8167 628
15.8333 625
15.85 621
15.8667 618
15.8833 615
15.9 611
15.9167 608
15.9333 604
15.95 601
15.9667 598
15.9833 594
16.0 591
16.0167 587
16.0333 584
16.05 580
16.0667 577
16.0833 573
16.1 570
16.1167 566
16.1333 563
16.15 559
16.1667 556
16.1833 552
16.2 548
16.2167 545
16.2333 541
16.25 538
16.2667 534
16.2833 530
16.3 527
16.3167 523
16.3333 519
16.35 516
16.3667 512
16.3833 508
16.4 505
16.4167 501
16.4333 497
16.45 493
16.4667 490
16.4833 486
16.5 482
16.5167 478
16.5333 475
16.55 471
16.5667 467
16.5833 463
16.6 459
16.6167 456
16.6333 452
16.65 448
16.6667 444
16.6833 440
16.7 436
16.7167 433
16.7333 429
16.75 425
16.7667 421
16.7833 417
16.8 413
16.8167 409
16.8333 405
16.85 401
16.8667 397
16.8833 394
16.9 390
16.9167 386
16.9333 382
16.95 378
16.9667 374
16.9833 370
