8.0 189
8.0167 192
8.0333 196
8.05 200
8.0667 204
8.0833 208
8.1 212
8.1167 216
8.1333 219
8.15 223
8.1667 227
8.1833 231
8.2 235
8.2167 239
8.2333 243
8.25 247
8.2667 251
8.2833 255
8.3 259
8.3167 262
8.3333 266
8.35 270
8.3667 274
8.3833 278
8.4 282
8.4167 286
8.4333 290
8.45 294
8.4667 298
8.4833 302
8.5 306
8.5167 310
8.5333 314
8.55 318
8.5667 322
8.5833 326
8.6 330
8.6167 333
8.6333 337
8.65 341
8.6667 345
8.6833 349
8.7 353
8.7167 357
8.7333 361
8.75 365
8.7667 369
8.7833 373
8.8 377
8.8167 381
8.8333 384
8.85 388
8.8667 392
8.8833 396
8.9 400
8.9167 404
8.9333 408
8.95 411
8.9667 415
8.9833 419
9.0 423
9.0167 428
9.0333 432
9.05 436
9.0667 439
9.0833 443
9.1 447
9.1167 451
9.1333 454
9.15 458
9.1667 462
9.1833 466
9.2 469
9.2167 473
9.2333 477
9.25 481
9.2667 484
9.2833 488
9.3 492
9.3167 495
9.3333 499
9.35 503
9.3667 506
9.3833 510
9.4 514
9.4167 517
9.4333 521
9.45 524
9.4667 528
9.4833 532
9.5 535
9.5167 539
9.5333 542
9.55 546
9.5667 549
9.5833 553
9.6 556
9.6167 560
9.6333 563
9.65 567
9.6667 570
9.6833 574
9.7 577
9.7167 580
9.7333 584
9.75 587
9.7667 591
9.7833 594
9.8 597
9.8167 601
9.8333 604
9.85 607
9.8667 611
9.8833 614
9.9 617
9.9167 620
9.9333 624
9.95 627
9.9667 630
9.9833 633
10.0 636
10.0167 640
10.0333 643
10.05 646
10.0667 649
10.0833 652
10.1 655
10.1167 658
10.1333 661
10.15 665
10.1667 668
10.1833 671
10.2 674
10.2167 677
10.2333 680
10.25 683
10.2667 686
10.2833 688
10.3 691
10.3167 694
10.3333 697
10.35 700
10.3667 703
10.3833 706
10.4 709
10.4167 711
10.4333 714
10.45 717
10.4667 720
10.4833 722
10.5 725
10.5167 728
10.5333 731
10.55 733
10.5667 736
10.5833 739
10.6 741
10.6167 744
10.6333 746
10.65 749
10.6667 752
10.6833 754
10.7 757
10.7167 759
10.7333 762
10.75 764
10.7667 767
10.7833 769
10.8 772
10.8167 774
10.8333 776
10.85 779
10.8667 781
10.8833 783
10.9 786
10.9167 788
10.9333 790
10.95 793
10.9667 795
10.9833 797
11.0 799
11.0167 802
11.0333 804
11.05 806
11.0667 808
11.0833 810
11.1 812
11.1167 814
11.1333 816
11.15 819
11.1667 821
11.1833 823
11.2 825
11.2167 827
11.2333 829
11.25 830
11.2667 832
11.2833 834
11.3 836
11.3167 838
11.3333 840
11.35 842
11.3667 844
11.3833 845
11.4 847
11.4167 849
11.4333 851
11.45 852
11.4667 854
11.4833 856
11.5 857
11.5167 859
11.5333 861
11.55 862
11.5667 864
11.5833 865
11.6 867
11.6167 868
11.6333 870
11.65 871
11.6667 873
11.6833 874
11.7 876
11.7167 877
11.7333 878
11.75 880
11.7667 881
11.7833 882
11.8 884
11.8167 885
11.8333 886
11.85 888
11.8667 889
11.8833 890
11.9 891
11.9167 892
11.9333 893
11.95 895
11.9667 896
11.9833 897
12.0 898
12.0167 899
12.0333 900
12.05 901
12.0667 902
12.0833 903
12.1 904
12.1167 905
12.1333 906
12.15 906
12.1667 907
12.1833 908
12.2 909
12.2167 910
12.2333 910
12.25 911
12.2667 912
12.2833 913
12.3 913
12.3167 914
12.3333 915
12.35 915
12.3667 916
12.3833 916
12.4 917
12.4167 918
12.4333 918
12.45 919
12.4667 919
12.4833 920
12.5 920
12.5167 920
12.5333 921
12.55 921
12.5667 922
12.5833 922
12.6 922
12.6167 922
12.6333 923
12.65 923
12.6667 923
12.6833 923
12.7 924
12.7167 924
12.7333 924
12.75 924
12.7667 924
12.7833 924
12.8 924
12.8167 924
12.8333 924
12.85 924
12.8667 924
12.8833 924
12.9 924
12.9167 924
12.9333 924
12.95 924
12.9667 924
12.9833 924
13.0 923
13.0167 923
13.0333 923
13.05 923
13.0667 923
13.0833 922
13.1 922
13.1167 922
13.1333 921
13.15 921
13.1667 920
13.1833 920
13.2 920
13.2167 919
13.2333 919
13.25 918
13.2667 918
13.2833 917
13.3 917
13.3167 916
13.3333 915
13.35 915
13.3667 914
13.3833 913
13.4 913
13.4167 912
13.4333 911
13.45 911
13.4667 910
13.4833 909
13.5 908
13.5167 907
13.5333 906
13.55 906
13.5667 905
13.5833 904
13.6 903
13.6167 902
13.6333 901
13.65 900
13.6667 899
13.6833 898
13.7 897
13.7167 896
13.7333 895
13.75 894
13.7667 892
13.7833 891
13.8 890
13.8167 889
13.8333 888
13.85 886
13.8667 885
13.8833 884
13.9 883
13.9167 881
13.9333 880
13.95 879
13.9667 877
13.9833 876
14.0 874
14.0167 873
14.0333 871
14.05 870
14.0667 869
14.0833 867
14.1 865
14.1167 864
14.1333 862
14.15 861
14.1667 859
14.1833 857
14.2 856
14.2167 854
14.2333 852
14.25 851
14.2667 849
14.2833 847
14.3 846
14.3167 844
14.3333 842
14.35 840
14.3667 838
14.3833 836
14.4 835
14.4167 833
14.4333 831
14.45 829
14.4667 827
14.4833 825
14.5 823
14.5167 821
14.5333 819
14.55 817
14.5667 815
14.5833 813
14.6 810
14.6167 808
14.6333 806
14.65 804
14.6667 802
14.6833 800
14.7 797
14.7167 795
14.7333 793
14.75 791
14.7667 788
14.7833 786
14.8 784
14.8167 781
14.8333 779
14.85 777
14.8667 774
14.8833 772
14.9 769
14.9167 767
14.9333 765
14.95 762
14.9667 760
14.9833 757
15.0 755
15.0167 753
15.0333 750
15.05 747
15.0667 745
15.0833 742
15.1 740
15.1167 737
15.1333 734
15.15 732
15.1667 729
15.1833 726
15.2 723
15.2167 721
15.2333 718
15.25 715
15.2667 712
15.2833 710
15.3 707
15.3167 704
15.3333 701
15.35 698
15.3667 695
15.3833 692
15.4 689
15.4167 686
15.4333 684
15.45 681
15.4667 678
15.4833 675
15.5 672
15.5167 669
15.5333 666
15.55 662
15.5667 659
15.5833 656
15.6 653
15.6167 650
15.6333 647
15.65 644
15.6667 641
15.6833 637
15.7 634
15.7167 631
15.7333 628
15.75 625
15.7667 621
15.7833 618
15.8 615
15.8167 612
15.8333 608
15.85 605
15.8667 602
15.8833 598
15.9 595
15.9167 592
15.9333 588
15.95 585
15.9667 581
15.9833 578
16.0 575
16.0167 571
16.0333 568
16.05 564
16.0667 561
16.0833 557
16.1 554
16.1167 550
16.1333 547
16.15 543
16.1667 540
16.1833 536
16.2 533
16.2167 529
16.2333 525
16.25 522
16.2667 518
16.2833 515
16.3 511
16.3167 507
16.3333 504
16.35 500
16.3667 496
16.3833 493
16.4 489
16.4167 485
16.4333 482
16.45 478
16.4667 474
16.4833 471
16.5 467
16.5167 463
16.5333 459
16.55 456
16.5667 452
16.5833 448
16.6 444
16.6167 440
16.6333 437
16.65 433
16.6667 429
16.6833 425
16.7 421
16.7167 417
16.7333 414
16.75 410
16.7667 406
16.7833 402
16.8 398
16.8167 394
16.8333 390
16.85 387
16.8667 383
16.8833 379
16.9 375
16.9167 371
16.9333 367
16.95 363
16.9667 359
16.9833 355
