8.0 267
8.0167 270
8.0333 274
8.05 278
8.0667 282
8.0833 286
8.1 290
8.1167 294
8.1333 298
8.15 302
8.1667 306
8.1833 310
8.2 314
8.2167 318
8.2333 322
8.25 325
8.2667 329
8.2833 333
8.3 337
8.3167 341
8.3333 345
8.35 349
8.3667 353
8.3833 357
8.4 361
8.4167 365
8.4333 369
8.45 373
8.4667 377
8.4833 380
8.5 384
8.5167 388
8.5333 392
8.55 396
8.5667 400
8.5833 404
8.6 408
8.6167 412
8.6333 416
8.65 419
8.6667 423
8.6833 427
8.7 431
8.7167 435
8.7333 439
8.75 443
8.7667 446
8.7833 450
8.8 454
8.8167 458
8.8333 462
8.85 466
8.8667 469
8.8833 473
8.9 477
8.9167 481
8.9333 484
8.95 488
8.9667 492
8.9833 496
9.0 499
9.0167 504
9.0333 508
9.05 511
9.0667 515
9.0833 519
9.1 523
9.1167 526
9.1333 530
9.15 534
9.1667 537
9.1833 541
9.2 544
9.2167 548
9.2333 552
9.25 555
9.2667 559
9.2833 562
9.3 566
9.3167 570
9.3333 573
9.35 577
9.3667 580
9.3833 584
9.4 587
9.4167 591
9.4333 594
9.45 598
9.4667 601
9.4833 605
9.5 608
9.5167 611
9.5333 615
9.55 618
9.5667 622
9.5833 625
9.6 628
9.6167 632
9.6333 635
9.65 638
9.6667 642
9.6833 645
9.7 648
9.7167 652
9.7333 655
9.75 658
9.7667 661
9.7833 665
9.8 668
9.8167 671
9.8333 674
9.85 677
9.8667 680
9.8833 684
9.9 687
9.9167 690
9.9333 693
9.95 696
9.9667 699
9.9833 702
10.0 705
10.0167 708
10.0333 711
10.05 714
10.0667 717
10.0833 720
10.1 723
10.1167 726
10.1333 729
10.15 732
10.1667 735
10.1833 738
10.2 741
10.2167 743
10.2333 746
10.25 749
10.2667 752
10.2833 755
10.3 757
10.3167 760
10.3333 763
10.35 766
10.3667 768
10.3833 771
10.4 774
10.4167 776
10.4333 779
10.45 782
10.4667 784
10.4833 787
10.5 790
10.5167 792
10.5333 795
10.55 797
10.5667 800
10.5833 802
10.6 805
10.6167 807
10.6333 810
10.65 812
10.6667 814
10.6833 817
10.7 819
10.7167 822
10.7333 824
10.75 826
10.7667 829
10.7833 831
10.8 833
10.8167 835
10.8333 838
10.85 840
10.8667 842
10.8833 844
10.9 846
10.9167 849
10.9333 851
10.95 853
10.9667 855
10.9833 857
11.0 859
11.0167 861
11.0333 863
11.05 865
11.0667 867
11.0833 869
11.1 871
11.1167 873
11.1333 875
11.15 877
11.1667 879
11.1833 881
11.2 882
11.2167 884
11.2333 886
11.25 888
11.2667 890
11.2833 891
11.3 893
11.3167 895
11.3333 897
11.35 898
11.3667 900
11.3833 902
11.4 903
11.4167 905
11.4333 906
11.45 908
11.4667 909
11.4833 911
11.5 912
11.5167 914
11.5333 915
11.55 917
11.5667 918
11.5833 920
11.6 921
11.6167 922
11.6333 924
11.65 925
11.6667 926
11.6833 928
11.7 929
11.7167 930
11.7333 931
11.75 933
11.7667 934
11.7833 935
11.8 936
11.8167 937
11.8333 938
11.85 940
11.8667 941
11.8833 942
11.9 943
11.9167 944
11.9333 945
11.95 946
11.9667 947
11.9833 948
12.0 948
12.0167 949
12.0333 950
12.05 951
12.0667 952
12.0833 953
12.1 953
12.1167 954
12.1333 955
12.15 956
12.1667 956
12.1833 957
12.2 958
12.2167 958
12.2333 959
12.25 960
12.2667 960
12.2833 961
12.3 961
12.3167 962
12.3333 962
12.35 963
12.3667 963
12.3833 964
12.4 964
12.4167 965
12.4333 965
12.45 965
12.4667 966
12.4833 966
12.5 966
12.5167 967
12.5333 967
12.55 967
12.5667 967
12.5833 968
12.6 968
12.6167 968
12.6333 968
12.65 968
12.6667 968
12.6833 968
12.7 968
12.7167 968
12.7333 968
12.75 968
12.7667 968
12.7833 968
12.8 968
12.8167 968
12.8333 968
12.85 968
12.8667 968
12.8833 968
12.9 967
12.9167 967
12.9333 967
12.95 967
12.9667 966
12.9833 966
13.0 966
13.0167 965
13.0333 965
13.05 965
13.0667 964
13.0833 964
13.1 963
13.1167 963
13.1333 962
13.15 962
13.1667 961
13.1833 961
13.2 960
13.2167 960
13.2333 959
13.25 959
13.2667 958
13.2833 957
13.3 957
13.3167 956
13.3333 955
13.35 954
13.3667 954
13.3833 953
13.4 952
13.4167 951
13.4333 950
13.45 949
13.4667 949
13.4833 948
13.5 947
13.5167 946
13.5333 945
13.55 944
13.5667 943
13.5833 942
13.6 941
13.6167 940
13.6333 939
13.65 937
13.6667 936
13.6833 935
13.7 934
13.7167 933
13.7333 932
13.75 930
13.7667 929
13.7833 928
13.8 927
13.8167 925
13.8333 924
13.85 923
13.8667 921
13.8833 920
13.9 918
13.9167 917
13.9333 916
13.95 914
13.9667 913
13.9833 911
14.0 910
14.0167 908
14.0333 907
14.05 905
14.0667 903
14.0833 902
14.1 900
14.1167 898
14.1333 897
14.15 895
14.1667 893
14.1833 892
14.2 890
14.2167 888
14.2333 886
14.25 885
14.2667 883
14.2833 881
14.3 879
14.3167 877
14.3333 875
14.35 873
14.3667 871
14.3833 869
14.4 867
14.4167 865
14.4333 863
14.45 861
14.4667 859
14.4833 857
14.5 855
14.5167 853
14.5333 851
14.55 849
14.5667 847
14.5833 845
14.6 842
14.6167 840
14.6333 838
14.65 836
14.6667 833
14.6833 831
14.7 829
14.7167 827
14.7333 824
14.75 822
14.7667 820
14.7833 817
14.8 815
14.8167 812
14.8333 810
14.85 807
14.8667 805
14.8833 803
14.9 800
14.9167 798
14.9333 795
14.95 792
14.9667 790
14.9833 787
15.0 785
15.0167 782
15.0333 780
15.05 777
15.0667 775
15.0833 772
15.1 769
15.1167 766
15.1333 764
15.15 761
15.1667 758
15.1833 755
15.2 753
15.2167 750
15.2333 747
15.25 744
15.2667 741
15.2833 738
15.3 736
15.3167 733
15.3333 730
15.35 727
15.3667 724
15.3833 721
15.4 718
15.4167 715
15.4333 712
15.45 709
15.4667 706
15.4833 703
15.5 700
15.5167 697
15.5333 694
15.55 691
15.5667 687
15.5833 684
15.6 681
15.6167 678
15.6333 675
15.65 672
15.6667 669
15.6833 665
15.7 662
15.7167 659
15.7333 656
15.75 652
15.7667 649
15.7833 646
15.8 642
15.8167 639
15.8333 636
15.85 633
15.8667 629
15.8833 626
15.9 622
15.9167 619
15.9333 616
15.95 612
15.9667 609
15.9833 605
16.0 602
16.0167 598
16.0333 595
16.05 592
16.0667 588
16.0833 585
16.1 581
16.1167 577
16.1333 574
16.15 570
16.1667 567
16.1833 563
16.2 560
16.2167 556
16.2333 553
16.25 549
16.2667 545
16.2833 542
16.3 538
16.3167 534
16.3333 531
16.35 527
16.3667 523
16.3833 520
16.4 516
16.4167 512
16.4333 509
16.45 505
16.4667 501
16.4833 497
16.5 494
16.5167 490
16.5333 486
16.55 482
16.5667 479
16.5833 475
16.6 471
16.6167 467
16.6333 463
16.65 460
16.6667 456
16.6833 452
16.7 448
16.7167 444
16.7333 441
16.75 437
16.7667 433
16.7833 429
16.8 425
16.8167 421
16.8333 417
16.85 413
16.8667 410
16.8833 406
16.9 402
16.9167 398
16.9333 394
16.95 390
16.9667 386
16.9833 382
