8.0 275
8.0167 279
8.0333 282
8.05 286
8.0667 290
8.0833 294
8.1 298
8.1167 302
8.1333 306
8.15 310
8.1667 314
8.1833 318
8.2 322
8.2167 326
8.2333 330
8.25 334
8.2667 338
8.2833 342
8.3 345
8.3167 349
8.3333 353
8.35 357
8.3667 361
8.3833 365
8.4 369
8.4167 373
8.4333 377
8.45 381
8.4667 385
8.4833 389
8.5 393
8.5167 397
8.5333 400
8.55 404
8.5667 408
8.5833 412
8.6 416
8.6167 420
8.6333 424
8.65 428
8.6667 431
8.6833 435
8.7 439
8.7167 443
8.7333 447
8.75 451
8.7667 455
8.7833 458
8.8 462
8.8167 466
8.8333 470
8.85 474
8.8667 477
8.8833 481
8.9 485
8.9167 489
8.9333 492
8.95 496
8.9667 500
8.9833 504
9.0 507
9.0167 512
9.0333 516
9.05 519
9.0667 523
9.0833 527
9.1 530
9.1167 534
9.1333 538
9.15 541
9.1667 545
9.1833 549
9.2 552
9.2167 556
9.2333 560
9.25 563
9.2667 567
9.2833 570
9.3 574
9.3167 577
9.3333 581
9.35 584
9.3667 588
9.3833 591
9.4 595
9.4167 598
9.4333 602
9.45 605
9.4667 609
9.4833 612
9.5 616
9.5167 619
9.5333 622
9.55 626
9.5667 629
9.5833 633
9.6 636
9.6167 639
9.6333 643
9.65 646
9.6667 649
9.6833 653
9.7 656
9.7167 659
9.7333 662
9.75 666
9.7667 669
9.7833 672
9.8 675
9.8167 678
9.8333 682
9.85 685
9.8667 688
9.8833 691
9.9 694
9.9167 697
9.9333 700
9.95 703
9.9667 706
9.9833 709
10.0 712
10.0167 715
10.0333 718
10.05 721
10.0667 724
10.0833 727
10.1 730
10.1167 733
10.1333 736
10.15 739
10.1667 742
10.1833 745
10.2 748
10.2167 751
10.2333 753
10.25 756
10.2667 759
10.2833 762
10.3 765
10.3167 767
10.3333 770
10.35 773
10.3667 775
10.3833 778
10.4 781
10.4167 783
10.4333 786
10.45 789
10.4667 791
10.4833 794
10.5 796
10.5167 799
10.5333 801
10.55 804
10.5667 806
10.5833 809
10.6 811
10.6167 814
10.6333 816
10.65 819
10.6667 821
10.6833 824
10.7 826
10.7167 828
10.7333 831
10.75 833
10.7667 835
10.7833 837
10.8 840
10.8167 842
10.8333 844
10.85 846
10.8667 849
10.8833 851
10.9 853
10.9167 855
10.9333 857
10.95 859
10.9667 861
10.9833 863
11.0 866
11.0167 868
11.0333 870
11.05 872
11.0667 874
11.0833 876
11.1 877
11.1167 879
11.1333 881
11.15 883
11.1667 885
11.1833 887
11.2 889
11.2167 891
11.2333 892
11.25 894
11.2667 896
11.2833 898
11.3 899
11.3167 901
11.3333 903
11.35 904
11.3667 906
11.3833 908
11.4 909
11.4167 911
11.4333 912
11.45 914
11.4667 915
11.4833 917
11.5 918
11.5167 920
11.5333 921
11.55 923
11.5667 924
11.5833 926
11.6 927
11.6167 928
11.6333 930
11.65 931
11.6667 932
11.6833 934
11.7 935
11.7167 936
11.7333 937
11.75 938
11.7667 940
11.7833 941
11.8 942
11.8167 943
11.8333 944
11.85 945
11.8667 946
11.8833 947
11.9 948
11.9167 949
11.9333 950
11.95 951
11.9667 952
11.9833 953
12.0 954
12.0167 955
12.0333 956
12.05 957
12.0667 957
12.0833 958
12.1 959
12.1167 960
12.1333 960
12.15 961
12.1667 962
12.1833 963
12.2 963
12.2167 964
12.2333 964
12.25 965
12.2667 966
12.2833 966
12.3 967
12.3167 967
12.3333 968
12.35 968
12.3667 969
12.3833 969
12.4 969
12.4167 970
12.4333 970
12.45 971
12.4667 971
12.4833 971
12.5 971
12.5167 972
12.5333 972
12.55 972
12.5667 972
12.5833 973
12.6 973
12.6167 973
12.6333 973
12.65 973
12.6667 973
12.6833 973
12.7 973
12.7167 973
12.7333 973
12.75 973
12.7667 973
12.7833 973
12.8 973
12.8167 973
12.8333 973
12.85 973
12.8667 973
12.8833 972
12.9 972
12.9167 972
12.9333 972
12.95 971
12.9667 971
12.9833 971
13.0 971
13.0167 970
13.0333 970
13.05 969
13.0667 969
13.0833 969
13.1 968
13.1167 968
13.1333 967
13.15 967
13.1667 966
13.1833 966
13.2 965
13.2167 964
13.2333 964
13.25 963
13.2667 963
13.2833 962
13.3 961
13.3167 960
13.3333 960
13.35 959
13.3667 958
13.3833 957
13.4 957
13.4167 956
13.4333 955
13.45 954
13.4667 953
13.4833 952
13.5 951
13.5167 950
13.5333 949
13.55 948
13.5667 947
13.5833 946
13.6 945
13.6167 944
13.6333 943
13.65 942
13.6667 941
13.6833 940
13.7 938
13.7167 937
13.7333 936
13.75 935
13.7667 934
13.7833 932
13.8 931
13.8167 930
13.8333 928
13.85 927
13.8667 926
13.8833 924
13.9 923
13.9167 921
13.9333 920
13.95 918
13.9667 917
13.9833 915
14.0 914
14.0167 912
14.0333 911
14.05 909
14.0667 908
14.0833 906
14.1 904
14.1167 903
14.1333 901
14.15 899
14.1667 898
14.1833 896
14.2 894
14.2167 892
14.2333 890
14.25 889
14.2667 887
14.2833 885
14.3 883
14.3167 881
14.3333 879
14.35 877
14.3667 875
14.3833 874
14.4 872
14.4167 870
14.4333 868
14.45 866
14.4667 863
14.4833 861
14.5 859
14.5167 857
14.5333 855
14.55 853
14.5667 851
14.5833 849
14.6 846
14.6167 844
14.6333 842
14.65 840
14.6667 837
14.6833 835
14.7 833
14.7167 831
14.7333 828
14.75 826
14.7667 824
14.7833 821
14.8 819
14.8167 816
14.8333 814
14.85 811
14.8667 809
14.8833 806
14.9 804
14.9167 801
14.9333 799
14.95 796
14.9667 794
14.9833 791
15.0 789
15.0167 786
15.0333 784
15.05 781
15.0667 778
15.0833 776
15.1 773
15.1167 770
15.1333 768
15.15 765
15.1667 762
15.1833 759
15.2 757
15.2167 754
15.2333 751
15.25 748
15.2667 745
15.2833 742
15.3 739
15.3167 737
15.3333 734
15.35 731
15.3667 728
15.3833 725
15.4 722
15.4167 719
15.4333 716
15.45 713
15.4667 710
15.4833 707
15.5 704
15.5167 701
15.5333 698
15.55 694
15.5667 691
15.5833 688
15.6 685
15.6167 682
15.6333 679
15.65 676
15.6667 672
15.6833 669
15.7 666
15.7167 663
15.7333 659
15.75 656
15.7667 653
15.7833 650
15.8 646
15.8167 643
15.8333 640
15.85 636
15.8667 633
15.8833 630
15.9 626
15.9167 623
15.9333 619
15.95 616
15.9667 613
15.9833 609
16.0 606
16.0167 602
16.0333 599
16.05 595
16.0667 592
16.0833 588
16.1 585
16.1167 581
16.1333 578
16.15 574
16.1667 571
16.1833 567
16.2 563
16.2167 560
16.2333 556
16.25 553
16.2667 549
16.2833 545
16.3 542
16.3167 538
16.3333 534
16.35 531
16.3667 527
16.3833 523
16.4 520
16.4167 516
16.4333 512
16.45 509
16.4667 505
16.4833 501
16.5 497
16.5167 494
16.5333 490
16.55 486
16.5667 482
16.5833 479
16.6 475
16.6167 471
16.6333 467
16.65 463
16.6667 460
16.6833 456
16.7 452
16.7167 448
16.7333 444
16.75 440
16.7667 437
16.7833 433
16.8 429
16.8167 425
16.8333 421
16.85 417
16.8667 413
16.8833 409
16.9 406
16.9167 402
16.9333 398
16.95 394
16.9667 390
16.9833 386
