8.0 309
8.0167 313
8.0333 317
8.05 321
8.0667 325
8.0833 329
8.1 332
8.1167 336
8.1333 340
8.15 344
8.1667 348
8.1833 352
8.2 356
8.2167 360
8.2333 364
8.25 368
8.2667 372
8.2833 376
8.3 380
8.3167 383
8.3333 387
8.35 391
8.3667 395
8.3833 399
8.4 403
8.4167 407
8.4333 411
8.45 415
8.4667 418
8.4833 422
8.5 426
8.5167 430
8.5333 434
8.55 438
8.5667 442
8.5833 445
8.6 449
8.6167 453
8.6333 457
8.65 461
8.6667 465
8.6833 468
8.7 472
8.7167 476
8.7333 480
8.75 484
8.7667 487
8.7833 491
8.8 495
8.8167 499
8.8333 502
8.85 506
8.8667 510
8.8833 514
8.9 517
8.9167 521
8.9333 525
8.95 528
8.9667 532
8.9833 536
9.0 539
9.0167 544
9.0333 547
9.05 551
9.0667 555
9.0833 558
9.1 562
9.1167 566
9.1333 569
9.15 573
9.1667 576
9.1833 580
9.2 583
9.2167 587
9.2333 590
9.25 594
9.2667 598
9.2833 601
9.3 604
9.3167 608
9.3333 611
9.35 615
9.3667 618
9.3833 622
9.4 625
9.4167 629
9.4333 632
9.45 635
9.4667 639
9.4833 642
9.5 645
9.5167 649
9.5333 652
9.55 655
9.5667 659
9.5833 662
9.6 665
9.6167 669
9.6333 672
9.65 675
9.6667 678
9.6833 681
9.7 685
9.7167 688
9.7333 691
9.75 694
9.7667 697
9.7833 701
9.8 704
9.8167 707
9.8333 710
9.85 713
9.8667 716
9.8833 719
9.9 722
9.9167 725
9.9333 728
9.95 731
9.9667 734
9.9833 737
10.0 740
10.0167 743
10.0333 746
10.05 749
10.0667 752
10.0833 755
10.1 757
10.1167 760
10.1333 763
10.15 766
10.1667 769
10.1833 772
10.2 774
10.2167 777
10.2333 780
10.25 783
10.2667 785
10.2833 788
10.3 791
10.3167 793
10.3333 796
10.35 799
10.3667 801
10.3833 804
10.4 806
10.4167 809
10.4333 812
10.45 814
10.4667 817
10.4833 819
10.5 822
10.5167 824
10.5333 827
10.55 829
10.5667 831
10.5833 834
10.6 836
10.6167 839
10.6333 841
10.65 843
10.6667 846
10.6833 848
10.7 850
10.7167 852
10.7333 855
10.75 857
10.7667 859
10.7833 861
10.8 864
10.8167 866
10.8333 868
10.85 870
10.8667 872
10.8833 874
10.9 876
10.9167 878
10.9333 880
10.95 883
10.9667 885
10.9833 887
11.0 888
11.0167 890
11.0333 892
11.05 894
11.0667 896
11.0833 898
11.1 900
11.1167 902
11.1333 904
11.15 905
11.1667 907
11.1833 909
11.2 911
11.2167 913
11.2333 914
11.25 916
11.2667 918
11.2833 919
11.3 921
11.3167 923
11.3333 924
11.35 926
11.3667 927
11.3833 929
11.4 930
11.4167 932
11.4333 933
11.45 935
11.4667 936
11.4833 938
11.5 939
11.5167 941
11.5333 942
11.55 943
11.5667 945
11.5833 946
11.6 947
11.6167 949
11.6333 950
11.65 951
11.6667 952
11.6833 954
11.7 955
11.7167 956
11.7333 957
11.75 958
11.7667 959
11.7833 960
11.8 961
11.8167 963
11.8333 964
11.85 965
11.8667 966
11.8833 967
11.9 967
11.9167 968
11.9333 969
11.95 970
11.9667 971
11.9833 972
12.0 973
12.0167 974
12.0333 974
12.05 975
12.0667 976
12.0833 977
12.1 977
12.1167 978
12.1333 979
12.15 979
12.1667 980
12.1833 981
12.2 981
12.2167 982
12.2333 982
12.25 983
12.2667 983
12.2833 984
12.3 984
12.3167 985
12.3333 985
12.35 986
12.3667 986
12.3833 986
12.4 987
12.4167 987
12.4333 987
12.45 988
12.4667 988
12.4833 988
12.5 989
12.5167 989
12.5333 989
12.55 989
12.5667 989
12.5833 989
12.6 989
12.6167 990
12.6333 990
12.65 990
12.6667 990
12.6833 990
12.7 990
12.7167 990
12.7333 990
12.75 990
12.7667 989
12.7833 989
12.8 989
12.8167 989
12.8333 989
12.85 989
12.8667 988
12.8833 988
12.9 988
12.9167 988
12.9333 987
12.95 987
12.9667 987
12.9833 986
13.0 986
13.0167 986
13.0333 985
13.05 985
13.0667 984
13.0833 984
13.1 983
13.1167 983
13.1333 982
13.15 982
13.1667 981
13.1833 981
13.2 980
13.2167 979
13.2333 979
13.25 978
13.2667 977
13.2833 977
13.3 976
13.3167 975
13.3333 974
13.35 974
13.3667 973
13.3833 972
13.4 971
13.4167 970
13.4333 969
13.45 968
13.4667 967
13.4833 966
13.5 965
13.5167 964
13.5333 963
13.55 962
13.5667 961
13.5833 960
13.6 959
13.6167 958
13.6333 957
13.65 956
13.6667 955
13.6833 953
13.7 952
13.7167 951
13.7333 950
13.75 948
13.7667 947
13.7833 946
13.8 945
13.8167 943
13.8333 942
13.85 940
13.8667 939
13.8833 938
13.9 936
13.9167 935
13.9333 933
13.95 932
13.9667 930
13.9833 929
14.0 927
14.0167 926
14.0333 924
14.05 922
14.0667 921
14.0833 919
14.1 917
14.1167 916
14.1333 914
14.15 912
14.1667 911
14.1833 909
14.2 907
14.2167 905
14.2333 903
14.25 902
14.2667 900
14.2833 898
14.3 896
14.3167 894
14.3333 892
14.35 890
14.3667 888
14.3833 886
14.4 884
14.4167 882
14.4333 880
14.45 878
14.4667 876
14.4833 874
14.5 872
14.5167 870
14.5333 868
14.55 865
14.5667 863
14.5833 861
14.6 859
14.6167 857
14.6333 854
14.65 852
14.6667 850
14.6833 848
14.7 845
14.7167 843
14.7333 841
14.75 838
14.7667 836
14.7833 833
14.8 831
14.8167 829
14.8333 826
14.85 824
14.8667 821
14.8833 819
14.9 816
14.9167 814
14.9333 811
14.95 809
14.9667 806
14.9833 803
15.0 801
15.0167 798
15.0333 796
15.05 793
15.0667 791
15.0833 788
15.1 785
15.1167 782
15.1333 780
15.15 777
15.1667 774
15.1833 771
15.2 769
15.2167 766
15.2333 763
15.25 760
15.2667 757
15.2833 754
15.3 752
15.3167 749
15.3333 746
15.35 743
15.3667 740
15.3833 737
15.4 734
15.4167 731
15.4333 728
15.45 725
15.4667 722
15.4833 719
15.5 716
15.5167 713
15.5333 710
15.55 707
15.5667 703
15.5833 700
15.6 697
15.6167 694
15.6333 691
15.65 688
15.6667 685
15.6833 681
15.7 678
15.7167 675
15.7333 672
15.75 668
15.7667 665
15.7833 662
15.8 659
15.8167 655
15.8333 652
15.85 649
15.8667 645
15.8833 642
15.9 639
15.9167 635
15.9333 632
15.95 628
15.9667 625
15.9833 622
16.0 618
16.0167 615
16.0333 611
16.05 608
16.0667 604
16.0833 601
16.1 597
16.1167 594
16.1333 590
16.15 587
16.1667 583
16.1833 580
16.2 576
16.2167 572
16.2333 569
16.25 565
16.2667 562
16.2833 558
16.3 555
16.3167 551
16.3333 547
16.35 544
16.3667 540
16.3833 536
16.4 533
16.4167 529
16.4333 525
16.45 522
16.4667 518
16.4833 514
16.5 510
16.5167 507
16.5333 503
16.55 499
16.5667 495
16.5833 492
16.6 488
16.6167 484
16.6333 480
16.65 477
16.6667 473
16.6833 469
16.7 465
16.7167 461
16.7333 458
16.75 454
16.7667 450
16.7833 446
16.8 442
16.8167 438
16.8333 434
16.85 431
16.8667 427
16.8833 423
16.9 419
16.9167 415
16.9333 411
16.95 407
16.9667 403
16.9833 400
