8.0 273
8.0167 276
8.0333 280
8.05 284
8.0667 288
8.0833 291
8.1 295
8.1167 299
8.1333 303
8.15 307
8.1667 310
8.1833 314
8.2 318
8.2167 322
8.2333 326
8.25 329
8.2667 333
8.2833 337
8.3 341
8.3167 344
8.3333 348
8.35 352
8.3667 356
8.3833 360
8.4 363
8.4167 367
8.4333 371
8.45 375
8.4667 378
8.4833 382
8.5 386
8.5167 390
8.5333 394
8.55 397
8.5667 401
8.5833 405
8.6 409
8.6167 412
8.6333 416
8.65 420
8.6667 424
8.6833 427
8.7 431
8.7167 435
8.7333 438
8.75 442
8.7667 446
8.7833 449
8.8 453
8.8167 457
8.8333 461
8.85 464
8.8667 468
8.8833 472
8.9 475
8.9167 479
8.9333 482
8.95 486
8.9667 490
8.9833 493
9.0 497
9.0167 501
9.0333 505
9.05 509
9.0667 512
9.0833 516
9.1 519
9.1167 523
9.1333 526
9.15 530
9.1667 533
9.1833 537
9.2 540
9.2167 544
9.2333 547
9.25 551
9.2667 554
9.2833 558
9.3 561
9.3167 565
9.3333 568
9.35 572
9.3667 575
9.3833 578
9.4 582
9.4167 585
9.4333 588
9.45 592
9.4667 595
9.4833 598
9.5 602
9.5167 605
9.5333 608
9.55 612
9.5667 615
9.5833 618
9.6 622
9.6167 625
9.6333 628
9.65 631
9.6667 634
9.6833 638
9.7 641
9.7167 644
9.7333 647
9.75 650
9.7667 653
9.7833 656
9.8 660
9.8167 663
9.8333 666
9.85 669
9.8667 672
9.8833 675
9.9 678
9.9167 681
9.9333 684
9.95 687
9.9667 690
9.9833 693
10.0 696
10.0167 699
10.0333 702
10.05 705
10.0667 707
10.0833 710
10.1 713
10.1167 716
10.1333 719
10.15 722
10.1667 724
10.1833 727
10.2 730
10.2167 733
10.2333 736
10.25 738
10.2667 741
10.2833 744
10.3 746
10.3167 749
10.3333 752
10.35 754
10.3667 757
10.3833 759
10.4 762
10.4167 765
10.4333 767
10.45 770
10.4667 772
10.4833 775
10.5 777
10.5167 780
10.5333 782
10.55 785
10.5667 787
10.5833 789
10.6 792
10.6167 794
10.6333 797
10.65 799
10.6667 801
10.6833 804
10.7 806
10.7167 808
10.7333 810
10.75 813
10.7667 815
10.7833 817
10.8 819
10.8167 821
10.8333 824
10.85 826
10.8667 828
10.8833 830
10.9 832
10.9167 834
10.9333 836
10.95 838
10.9667 840
10.9833 842
11.0 844
11.0167 846
11.0333 848
11.05 850
11.0667 852
11.0833 854
11.1 856
11.1167 858
11.1333 859
11.15 861
11.1667 863
11.1833 865
11.2 867
11.2167 868
11.2333 870
11.25 872
11.2667 874
11.2833 875
11.3 877
11.3167 879
11.3333 880
11.35 882
11.3667 883
11.3833 885
11.4 886
11.4167 888
11.4333 889
11.45 891
11.4667 892
11.4833 894
11.5 895
11.5167 897
11.5333 898
11.55 899
11.5667 901
11.5833 902
11.6 904
11.6167 905
11.6333 906
11.65 907
11.6667 909
11.6833 910
11.7 911
11.7167 912
11.7333 913
11.75 915
11.7667 916
11.7833 917
11.8 918
11.8167 919
11.8333 920
11.85 921
11.8667 922
11.8833 923
11.9 924
11.9167 925
11.9333 926
11.95 927
11.9667 928
11.9833 928
12.0 929
12.0167 930
12.0333 931
12.05 932
12.0667 933
12.0833 933
12.1 934
12.1167 935
12.1333 935
12.15 936
12.1667 937
12.1833 937
12.2 938
12.2167 939
12.2333 939
12.25 940
12.2667 940
12.2833 941
12.3 941
12.3167 942
12.3333 942
12.35 943
12.3667 943
12.3833 943
12.4 944
12.4167 944
12.4333 944
12.45 945
12.4667 945
12.4833 945
12.5 946
12.5167 946
12.5333 946
12.55 946
12.5667 946
12.5833 947
12.6 947
12.6167 947
12.6333 947
12.65 947
12.6667 947
12.6833 947
12.7 947
12.7167 947
12.7333 947
12.75 947
12.7667 947
12.7833 947
12.8 947
12.8167 947
12.8333 946
12.85 946
12.8667 946
12.8833 946
12.9 946
12.9167 945
12.9333 945
12.95 945
12.9667 944
12.9833 944
13.0 944
13.0167 943
13.0333 943
13.05 943
13.0667 942
13.0833 942
13.1 941
13.1167 941
13.1333 940
13.15 940
13.1667 939
13.1833 938
13.2 938
13.2167 937
13.2333 937
13.25 936
13.2667 935
13.2833 935
13.3 934
13.3167 933
13.3333 932
13.35 932
13.3667 931
13.3833 930
13.4 929
13.4167 928
13.4333 927
13.45 927
13.4667 926
13.4833 925
13.5 924
13.5167 923
13.5333 922
13.55 921
13.5667 920
13.5833 919
13.6 918
13.6167 916
13.6333 915
13.65 914
13.6667 913
13.6833 912
13.7 911
13.7167 910
13.7333 908
13.75 907
13.7667 906
13.7833 905
13.8 903
13.8167 902
13.8333 901
13.85 899
13.8667 898
13.8833 896
13.9 895
13.9167 894
13.9333 892
13.95 891
13.9667 889
13.9833 888
14.0 886
14.0167 885
14.0333 883
14.05 881
14.0667 880
14.0833 878
14.1 877
14.1167 875
14.1333 873
14.15 871
14.1667 870
14.1833 868
14.2 866
14.2167 865
14.2333 863
14.25 861
14.2667 859
14.2833 857
14.3 855
14.3167 853
14.3333 852
14.35 850
14.3667 848
14.3833 846
14.4 844
14.4167 842
14.4333 840
14.45 838
14.4667 836
14.4833 834
14.5 832
14.5167 830
14.5333 827
14.55 825
14.5667 823
14.5833 821
14.6 819
14.6167 817
14.6333 814
14.65 812
14.6667 810
14.6833 808
14.7 805
14.7167 803
14.7333 801
14.75 798
14.7667 796
14.7833 794
14.8 791
14.8167 789
14.8333 787
14.85 784
14.8667 782
14.8833 779
14.9 777
14.9167 774
14.9333 772
14.95 769
14.9667 767
14.9833 764
15.0 762
15.0167 759
15.0333 757
15.05 754
15.0667 751
15.0833 749
15.1 746
15.1167 743
15.1333 741
15.15 738
15.1667 735
15.1833 732
15.2 730
15.2167 727
15.2333 724
15.25 721
15.2667 719
15.2833 716
15.3 713
15.3167 710
15.3333 707
15.35 704
15.3667 701
15.3833 698
15.4 695
15.4167 693
15.4333 690
15.45 687
15.4667 684
15.4833 681
15.5 678
15.5167 675
15.5333 672
15.55 668
15.5667 665
15.5833 662
15.6 659
15.6167 656
15.6333 653
15.65 650
15.6667 647
15.6833 644
15.7 640
15.7167 637
15.7333 634
15.75 631
15.7667 628
15.7833 624
15.8 621
15.8167 618
15.8333 615
15.85 611
15.8667 608
15.8833 605
15.9 601
15.9167 598
15.9333 595
15.95 591
15.9667 588
15.9833 585
16.0 581
16.0167 578
16.0333 575
16.05 571
16.0667 568
16.0833 564
16.1 561
16.1167 557
16.1333 554
16.15 550
16.1667 547
16.1833 543
16.2 540
16.2167 536
16.2333 533
16.25 529
16.2667 526
16.2833 522
16.3 519
16.3167 515
16.3333 512
16.35 508
16.3667 504
16.3833 501
16.4 497
16.4167 494
16.4333 490
16.45 486
16.4667 483
16.4833 479
16.5 476
16.5167 472
16.5333 468
16.55 465
16.5667 461
16.5833 457
16.6 454
16.6167 450
16.6333 446
16.65 442
16.6667 439
16.6833 435
16.7 431
16.7167 428
16.7333 424
16.75 420
16.7667 416
16.7833 413
16.8 409
16.8167 405
16.8333 401
16.85 398
16.8667 394
16.8833 390
16.9 386
16.9167 383
16.9333 379
16.95 375
16.9667 371
16.9833 367
