8.0 278
8.0167 282
8.0333 286
8.05 290
8.0667 294
8.0833 298
8.1 302
8.1167 306
8.1333 310
8.15 313
8.1667 317
8.1833 321
8.2 325
8.2167 329
8.2333 333
8.25 337
8.2667 341
8.2833 345
8.3 349
8.3167 353
8.3333 357
8.35 361
8.3667 365
8.3833 369
8.4 372
8.4167 376
8.4333 380
8.45 384
8.4667 388
8.4833 392
8.5 396
8.5167 400
8.5333 404
8.55 408
8.5667 412
8.5833 415
8.6 419
8.6167 423
8.6333 427
8.65 431
8.6667 435
8.6833 439
8.7 443
8.7167 446
8.7333 450
8.75 454
8.7667 458
8.7833 462
8.8 465
8.8167 469
8.8333 473
8.85 477
8.8667 481
8.8833 484
8.9 488
8.9167 492
8.9333 496
8.95 499
8.9667 503
8.9833 507
9.0 511
9.0167 515
9.0333 519
9.05 523
9.0667 526
9.0833 530
9.1 534
9.1167 537
9.1333 541
9.15 545
9.1667 548
9.1833 552
9.2 555
9.2167 559
9.2333 563
9.25 566
9.2667 570
9.2833 573
9.3 577
9.3167 580
9.3333 584
9.35 588
9.3667 591
9.3833 595
9.4 598
9.4167 601
9.4333 605
9.45 608
9.4667 612
9.4833 615
9.5 619
9.5167 622
9.5333 625
9.55 629
9.5667 632
9.5833 636
9.6 639
9.6167 642
9.6333 646
9.65 649
9.6667 652
9.6833 655
9.7 659
9.7167 662
9.7333 665
9.75 668
9.7667 672
9.7833 675
9.8 678
9.8167 681
9.8333 684
9.85 688
9.8667 691
9.8833 694
9.9 697
9.9167 700
9.9333 703
9.95 706
9.9667 709
9.9833 712
10.0 715
10.0167 718
10.0333 721
10.05 724
10.0667 727
10.0833 730
10.1 733
10.1167 736
10.1333 739
10.15 742
10.1667 745
10.1833 748
10.2 750
10.2167 753
10.2333 756
10.25 759
10.2667 762
10.2833 764
10.3 767
10.3167 770
10.3333 773
10.35 775
10.3667 778
10.3833 781
10.4 783
10.4167 786
10.4333 789
10.45 791
10.4667 794
10.4833 796
10.5 799
10.5167 801
10.5333 804
10.55 807
10.5667 809
10.5833 811
10.6 814
10.6167 816
10.6333 819
10.65 821
10.6667 824
10.6833 826
10.7 828
10.7167 831
10.7333 833
10.75 835
10.7667 838
10.7833 840
10.8 842
10.8167 844
10.8333 847
10.85 849
10.8667 851
10.8833 853
10.9 855
10.9167 857
10.9333 860
10.95 862
10.9667 864
10.9833 866
11.0 868
11.0167 870
11.0333 872
11.05 874
11.0667 876
11.0833 878
11.1 880
11.1167 882
11.1333 884
11.15 885
11.1667 887
11.1833 889
11.2 891
11.2167 893
11.2333 895
11.25 896
11.2667 898
11.2833 900
11.3 901
11.3167 903
11.3333 905
11.35 906
11.3667 908
11.3833 910
11.4 911
11.4167 913
11.4333 914
11.45 916
11.4667 918
11.4833 919
11.5 921
11.5167 922
11.5333 923
11.55 925
11.5667 926
11.5833 928
11.6 929
11.6167 930
11.6333 932
11.65 933
11.6667 934
11.6833 936
11.7 937
11.7167 938
11.7333 939
11.75 940
11.7667 942
11.7833 943
11.8 944
11.8167 945
11.8333 946
11.85 947
11.8667 948
11.8833 949
11.9 950
11.9167 951
11.9333 952
11.95 953
11.9667 954
11.9833 955
12.0 956
12.0167 957
12.0333 958
12.05 958
12.0667 959
12.0833 960
12.1 961
12.1167 962
12.1333 962
12.15 963
12.1667 964
12.1833 964
12.2 965
12.2167 966
12.2333 966
12.25 967
12.2667 967
12.2833 968
12.3 968
12.3167 969
12.3333 969
12.35 970
12.3667 970
12.3833 971
12.4 971
12.4167 972
12.4333 972
12.45 972
12.4667 973
12.4833 973
12.5 973
12.5167 973
12.5333 974
12.55 974
12.5667 974
12.5833 974
12.6 974
12.6167 975
12.6333 975
12.65 975
12.6667 975
12.6833 975
12.7 975
12.7167 975
12.7333 975
12.75 975
12.7667 975
12.7833 975
12.8 975
12.8167 975
12.8333 975
12.85 974
12.8667 974
12.8833 974
12.9 974
12.9167 974
12.9333 973
12.95 973
12.9667 973
12.9833 972
13.0 972
13.0167 972
13.0333 971
13.05 971
13.0667 971
13.0833 970
13.1 970
13.1167 969
13.1333 969
13.15 968
13.1667 968
13.1833 967
13.2 966
13.2167 966
13.2333 965
13.25 965
13.2667 964
13.2833 963
13.3 963
13.3167 962
13.3333 961
13.35 960
13.3667 960
13.3833 959
13.4 958
13.4167 957
13.4333 956
13.45 955
13.4667 954
13.4833 954
13.5 953
13.5167 952
13.5333 951
13.55 950
13.5667 949
13.5833 948
13.6 947
13.6167 945
13.6333 944
13.65 943
13.6667 942
13.6833 941
13.7 940
13.7167 939
13.7333 937
13.75 936
13.7667 935
13.7833 934
13.8 932
13.8167 931
13.8333 930
13.85 928
13.8667 927
13.8833 925
13.9 924
13.9167 923
13.9333 921
13.95 920
13.9667 918
13.9833 917
14.0 915
14.0167 914
14.0333 912
14.05 910
14.0667 909
14.0833 907
14.1 906
14.1167 904
14.1333 902
14.15 901
14.1667 899
14.1833 897
14.2 895
14.2167 894
14.2333 892
14.25 890
14.2667 888
14.2833 886
14.3 884
14.3167 882
14.3333 881
14.35 879
14.3667 877
14.3833 875
14.4 873
14.4167 871
14.4333 869
14.45 867
14.4667 865
14.4833 863
14.5 860
14.5167 858
14.5333 856
14.55 854
14.5667 852
14.5833 850
14.6 848
14.6167 845
14.6333 843
14.65 841
14.6667 839
14.6833 836
14.7 834
14.7167 832
14.7333 829
14.75 827
14.7667 825
14.7833 822
14.8 820
14.8167 817
14.8333 815
14.85 813
14.8667 810
14.8833 808
14.9 805
14.9167 803
14.9333 800
14.95 797
14.9667 795
14.9833 792
15.0 790
15.0167 787
15.0333 785
15.05 782
15.0667 780
15.0833 777
15.1 774
15.1167 771
15.1333 769
15.15 766
15.1667 763
15.1833 760
15.2 758
15.2167 755
15.2333 752
15.25 749
15.2667 746
15.2833 743
15.3 741
15.3167 738
15.3333 735
15.35 732
15.3667 729
15.3833 726
15.4 723
15.4167 720
15.4333 717
15.45 714
15.4667 711
15.4833 708
15.5 705
15.5167 702
15.5333 699
15.55 695
15.5667 692
15.5833 689
15.6 686
15.6167 683
15.6333 680
15.65 677
15.6667 673
15.6833 670
15.7 667
15.7167 664
15.7333 660
15.75 657
15.7667 654
15.7833 651
15.8 647
15.8167 644
15.8333 641
15.85 637
15.8667 634
15.8833 631
15.9 627
15.9167 624
15.9333 621
15.95 617
15.9667 614
15.9833 610
16.0 607
16.0167 603
16.0333 600
16.05 596
16.0667 593
16.0833 589
16.1 586
16.1167 582
16.1333 579
16.15 575
16.1667 572
16.1833 568
16.2 565
16.2167 561
16.2333 557
16.25 554
16.2667 550
16.2833 547
16.3 543
16.3167 539
16.3333 536
16.35 532
16.3667 528
16.3833 525
16.4 521
16.4167 517
16.4333 514
16.45 510
16.4667 506
16.4833 502
16.5 499
16.5167 495
16.5333 491
16.55 487
16.5667 484
16.5833 480
16.6 476
16.6167 472
16.6333 468
16.65 465
16.6667 461
16.6833 457
16.7 453
16.7167 449
16.7333 445
16.75 442
16.7667 438
16.7833 434
16.8 430
16.8167 426
16.8333 422
16.85 418
16.8667 415
16.8833 411
16.9 407
16.9167 403
16.9333 399
16.95 395
16.9667 391
16.9833 387
