8.0 334
8.0167 338
8.0333 342
8.05 346
8.0667 350
8.0833 354
8.1 358
8.1167 362
8.1333 366
8.15 370
8.1667 374
8.1833 377
8.2 381
8.2167 385
8.2333 389
8.25 393
8.2667 397
8.2833 401
8.3 405
8.3167 409
8.3333 413
8.35 417
8.3667 420
8.3833 424
8.4 428
8.4167 432
8.4333 436
8.45 440
8.4667 444
8.4833 447
8.5 451
8.5167 455
8.5333 459
8.55 463
8.5667 467
8.5833 470
8.6 474
8.6167 478
8.6333 482
8.65 486
8.6667 490
8.6833 493
8.7 497
8.7167 501
8.7333 505
8.75 508
8.7667 512
8.7833 516
8.8 520
8.8167 523
8.8333 527
8.85 531
8.8667 534
8.8833 538
8.9 542
8.9167 545
8.9333 549
8.95 553
8.9667 556
8.9833 560
9.0 564
9.0167 568
9.0333 571
9.05 575
9.0667 579
9.0833 582
9.1 586
9.1167 589
9.1333 593
9.15 596
9.1667 600
9.1833 603
9.2 607
9.2167 611
9.2333 614
9.25 617
9.2667 621
9.2833 624
9.3 628
9.3167 631
9.3333 635
9.35 638
9.3667 642
9.3833 645
9.4 648
9.4167 652
9.4333 655
9.45 658
9.4667 662
9.4833 665
9.5 668
9.5167 672
9.5333 675
9.55 678
9.5667 681
9.5833 685
9.6 688
9.6167 691
9.6333 694
9.65 697
9.6667 701
9.6833 704
9.7 707
9.7167 710
9.7333 713
9.75 716
9.7667 719
9.7833 723
9.8 726
9.8167 729
9.8333 732
9.85 735
9.8667 738
9.8833 741
9.9 744
9.9167 747
9.9333 750
9.95 753
9.9667 756
9.9833 759
10.0 761
10.0167 764
10.0333 767
10.05 770
10.0667 773
10.0833 776
10.1 779
10.1167 781
10.1333 784
10.15 787
10.1667 790
10.1833 792
10.2 795
10.2167 798
10.2333 801
10.25 803
10.2667 806
10.2833 809
10.3 811
10.3167 814
10.3333 816
10.35 819
10.3667 822
10.3833 824
10.4 827
10.4167 829
10.4333 832
10.45 834
10.4667 837
10.4833 839
10.5 842
10.5167 844
10.5333 846
10.55 849
10.5667 851
10.5833 854
10.6 856
10.6167 858
10.6333 861
10.65 863
10.6667 865
10.6833 867
10.7 870
10.7167 872
10.7333 874
10.75 876
10.7667 878
10.7833 881
10.8 883
10.8167 885
10.8333 887
10.85 889
10.8667 891
10.8833 893
10.9 895
10.9167 897
10.9333 899
10.95 901
10.9667 903
10.9833 905
11.0 907
11.0167 909
11.0333 911
11.05 913
11.0667 915
11.0833 916
11.1 918
11.1167 920
11.1333 922
11.15 924
11.1667 925
11.1833 927
11.2 929
11.2167 931
11.2333 932
11.25 934
11.2667 936
11.2833 937
11.3 939
11.3167 940
11.3333 942
11.35 943
11.3667 945
11.3833 946
11.4 948
11.4167 949
11.4333 951
11.45 952
11.4667 954
11.4833 955
11.5 957
11.5167 958
11.5333 959
11.55 961
11.5667 962
11.5833 963
11.6 964
11.6167 966
11.6333 967
11.65 968
11.6667 969
11.6833 970
11.7 972
11.7167 973
11.7333 974
11.75 975
11.7667 976
11.7833 977
11.8 978
11.8167 979
11.8333 980
11.85 981
11.8667 982
11.8833 983
11.9 984
11.9167 985
11.9333 986
11.95 986
11.9667 987
11.9833 988
12.0 989
12.0167 990
12.0333 990
12.05 991
12.0667 992
12.0833 993
12.1 993
12.1167 994
12.1333 995
12.15 995
12.1667 996
12.1833 996
12.2 997
12.2167 997
12.2333 998
12.25 999
12.2667 999
12.2833 999
12.3 1000
12.3167 1000
12.3333 1001
12.35 1001
12.3667 1001
12.3833 1002
12.4 1002
12.4167 1002
12.4333 1003
12.45 1003
12.4667 1003
12.4833 1003
12.5 1004
12.5167 1004
12.5333 1004
12.55 1004
12.5667 1004
12.5833 1004
12.6 1004
12.6167 1004
12.6333 1004
12.65 1005
12.6667 1005
12.6833 1004
12.7 1004
12.7167 1004
12.7333 1004
12.75 1004
12.7667 1004
12.7833 1004
12.8 1004
12.8167 1004
12.8333 1003
12.85 1003
12.8667 1003
12.8833 1003
12.9 1002
12.9167 1002
12.9333 1002
12.95 1001
12.9667 1001
12.9833 1001
13.0 1000
13.0167 1000
13.0333 999
13.05 999
13.0667 999
13.0833 998
13.1 997
13.1167 997
13.1333 996
13.15 996
13.1667 995
13.1833 995
13.2 994
13.2167 993
13.2333 993
13.25 992
13.2667 991
13.2833 990
13.3 990
13.3167 989
13.3333 988
13.35 987
13.3667 986
13.3833 986
13.4 985
13.4167 984
13.4333 983
13.45 982
13.4667 981
13.4833 980
13.5 979
13.5167 978
13.5333 977
13.55 976
13.5667 975
13.5833 974
13.6 973
13.6167 972
13.6333 970
13.65 969
13.6667 968
13.6833 967
13.7 966
13.7167 964
13.7333 963
13.75 962
13.7667 961
13.7833 959
13.8 958
13.8167 957
13.8333 955
13.85 954
13.8667 952
13.8833 951
13.9 949
13.9167 948
13.9333 946
13.95 945
13.9667 943
13.9833 942
14.0 940
14.0167 939
14.0333 937
14.05 936
14.0667 934
14.0833 932
14.1 931
14.1167 929
14.1333 927
14.15 925
14.1667 924
14.1833 922
14.2 920
14.2167 918
14.2333 916
14.25 915
14.2667 913
14.2833 911
14.3 909
14.3167 907
14.3333 905
14.35 903
14.3667 901
14.3833 899
14.4 897
14.4167 895
14.4333 893
14.45 891
14.4667 889
14.4833 887
14.5 885
14.5167 883
14.5333 881
14.55 878
14.5667 876
14.5833 874
14.6 872
14.6167 870
14.6333 867
14.65 865
14.6667 863
14.6833 861
14.7 858
14.7167 856
14.7333 854
14.75 851
14.7667 849
14.7833 846
14.8 844
14.8167 842
14.8333 839
14.85 837
14.8667 834
14.8833 832
14.9 829
14.9167 827
14.9333 824
14.95 822
14.9667 819
14.9833 816
15.0 814
15.0167 811
15.0333 809
15.05 806
15.0667 803
15.0833 801
15.1 798
15.1167 795
15.1333 793
15.15 790
15.1667 787
15.1833 784
15.2 782
15.2167 779
15.2333 776
15.25 773
15.2667 770
15.2833 767
15.3 765
15.3167 762
15.3333 759
15.35 756
15.3667 753
15.3833 750
15.4 747
15.4167 744
15.4333 741
15.45 738
15.4667 735
15.4833 732
15.5 729
15.5167 726
15.5333 723
15.55 720
15.5667 717
15.5833 713
15.6 710
15.6167 707
15.6333 704
15.65 701
15.6667 698
15.6833 695
15.7 691
15.7167 688
15.7333 685
15.75 682
15.7667 678
15.7833 675
15.8 672
15.8167 669
15.8333 665
15.85 662
15.8667 659
15.8833 655
15.9 652
15.9167 648
15.9333 645
15.95 642
15.9667 638
15.9833 635
16.0 632
16.0167 628
16.0333 625
16.05 621
16.0667 618
16.0833 614
16.1 611
16.1167 607
16.1333 604
16.15 600
16.1667 597
16.1833 593
16.2 590
16.2167 586
16.2333 582
16.25 579
16.2667 575
16.2833 572
16.3 568
16.3167 564
16.3333 561
16.35 557
16.3667 554
16.3833 550
16.4 546
16.4167 543
16.4333 539
16.45 535
16.4667 532
16.4833 528
16.5 524
16.5167 520
16.5333 517
16.55 513
16.5667 509
16.5833 505
16.6 502
16.6167 498
16.6333 494
16.65 490
16.6667 487
16.6833 483
16.7 479
16.7167 475
16.7333 471
16.75 468
16.7667 464
16.7833 460
16.8 456
16.8167 452
16.8333 448
16.85 445
16.8667 441
16.8833 437
16.9 433
16.9167 429
16.9333 425
16.95 421
16.9667 417
16.9833 414
