8.0 302
8.0167 306
8.0333 310
8.05 314
8.0667 318
8.0833 322
8.1 326
8.1167 330
8.1333 334
8.15 338
8.1667 341
8.1833 345
8.2 349
8.2167 353
8.2333 357
8.25 361
8.2667 365
8.2833 369
8.3 373
8.3167 377
8.3333 380
8.35 384
8.3667 388
8.3833 392
8.4 396
8.4167 400
8.4333 404
8.45 408
8.4667 412
8.4833 415
8.5 419
8.5167 423
8.5333 427
8.55 431
8.5667 435
8.5833 438
8.6 442
8.6167 446
8.6333 450
8.65 454
8.6667 458
8.6833 461
8.7 465
8.7167 469
8.7333 473
8.75 477
8.7667 480
8.7833 484
8.8 488
8.8167 492
8.8333 495
8.85 499
8.8667 503
8.8833 506
8.9 510
8.9167 514
8.9333 518
8.95 521
8.9667 525
8.9833 529
9.0 532
9.0167 537
9.0333 540
9.05 544
9.0667 548
9.0833 551
9.1 555
9.1167 558
9.1333 562
9.15 566
9.1667 569
9.1833 573
9.2 576
9.2167 580
9.2333 583
9.25 587
9.2667 590
9.2833 594
9.3 597
9.3167 601
9.3333 604
9.35 608
9.3667 611
9.3833 615
9.4 618
9.4167 621
9.4333 625
9.45 628
9.4667 632
9.4833 635
9.5 638
9.5167 642
9.5333 645
9.55 648
9.5667 652
9.5833 655
9.6 658
9.6167 661
9.6333 665
9.65 668
9.6667 671
9.6833 674
9.7 678
9.7167 681
9.7333 684
9.75 687
9.7667 690
9.7833 693
9.8 696
9.8167 700
9.8333 703
9.85 706
9.8667 709
9.8833 712
9.9 715
9.9167 718
9.9333 721
9.95 724
9.9667 727
9.9833 730
10.0 733
10.0167 736
10.0333 739
10.05 742
10.0667 745
10.0833 747
10.1 750
10.1167 753
10.1333 756
10.15 759
10.1667 762
10.1833 764
10.2 767
10.2167 770
10.2333 773
10.25 775
10.2667 778
10.2833 781
10.3 784
10.3167 786
10.3333 789
10.35 792
10.3667 794
10.3833 797
10.4 799
10.4167 802
10.4333 804
10.45 807
10.4667 810
10.4833 812
10.5 815
10.5167 817
10.5333 820
10.55 822
10.5667 824
10.5833 827
10.6 829
10.6167 832
10.6333 834
10.65 836
10.6667 839
10.6833 841
10.7 843
10.7167 846
10.7333 848
10.75 850
10.7667 852
10.7833 854
10.8 857
10.8167 859
10.8333 861
10.85 863
10.8667 865
10.8833 867
10.9 869
10.9167 872
10.9333 874
10.95 876
10.9667 878
10.9833 880
11.0 882
11.0167 884
11.0333 885
11.05 887
11.0667 889
11.0833 891
11.1 893
11.1167 895
11.1333 897
11.15 899
11.1667 900
11.1833 902
11.2 904
11.2167 906
11.2333 907
11.25 909
11.2667 911
11.2833 912
11.3 914
11.3167 916
11.3333 917
11.35 919
11.3667 921
11.3833 922
11.4 924
11.4167 925
11.4333 927
11.45 928
11.4667 930
11.4833 931
11.5 932
11.5167 934
11.5333 935
11.55 937
11.5667 938
11.5833 939
11.6 941
11.6167 942
11.6333 943
11.65 944
11.6667 946
11.6833 947
11.7 948
11.7167 949
11.7333 950
11.75 952
11.7667 953
11.7833 954
11.8 955
11.8167 956
11.8333 957
11.85 958
11.8667 959
11.8833 960
11.9 961
11.9167 962
11.9333 963
11.95 964
11.9667 965
11.9833 965
12.0 966
12.0167 967
12.0333 968
12.05 969
12.0667 969
12.0833 970
12.1 971
12.1167 972
12.1333 972
12.15 973
12.1667 974
12.1833 974
12.2 975
12.2167 975
12.2333 976
12.25 976
12.2667 977
12.2833 977
12.3 978
12.3167 978
12.3333 979
12.35 979
12.3667 980
12.3833 980
12.4 980
12.4167 981
12.4333 981
12.45 981
12.4667 982
12.4833 982
12.5 982
12.5167 982
12.5333 982
12.55 983
12.5667 983
12.5833 983
12.6 983
12.6167 983
12.6333 983
12.65 983
12.6667 983
12.6833 983
12.7 983
12.7167 983
12.7333 983
12.75 983
12.7667 983
12.7833 983
12.8 983
12.8167 983
12.8333 983
12.85 982
12.8667 982
12.8833 982
12.9 982
12.9167 981
12.9333 981
12.95 981
12.9667 980
12.9833 980
13.0 980
13.0167 979
13.0333 979
13.05 978
13.0667 978
13.0833 978
13.1 977
13.1167 977
13.1333 976
13.15 975
13.1667 975
13.1833 974
13.2 974
13.2167 973
13.2333 972
13.25 972
13.2667 971
13.2833 970
13.3 970
13.3167 969
13.3333 968
13.35 967
13.3667 966
13.3833 966
13.4 965
13.4167 964
13.4333 963
13.45 962
13.4667 961
13.4833 960
13.5 959
13.5167 958
13.5333 957
13.55 956
13.5667 955
13.5833 954
13.6 953
13.6167 952
13.6333 951
13.65 950
13.6667 948
13.6833 947
13.7 946
13.7167 945
13.7333 944
13.75 942
13.7667 941
13.7833 940
13.8 938
13.8167 937
13.8333 936
13.85 934
13.8667 933
13.8833 932
13.9 930
13.9167 929
13.9333 927
13.95 926
13.9667 924
13.9833 923
14.0 921
14.0167 919
14.0333 918
14.05 916
14.0667 915
14.0833 913
14.1 911
14.1167 910
14.1333 908
14.15 906
14.1667 904
14.1833 903
14.2 901
14.2167 899
14.2333 897
14.25 896
14.2667 894
14.2833 892
14.3 890
14.3167 888
14.3333 886
14.35 884
14.3667 882
14.3833 880
14.4 878
14.4167 876
14.4333 874
14.45 872
14.4667 870
14.4833 868
14.5 866
14.5167 864
14.5333 862
14.55 860
14.5667 857
14.5833 855
14.6 853
14.6167 851
14.6333 849
14.65 846
14.6667 844
14.6833 842
14.7 839
14.7167 837
14.7333 835
14.75 832
14.7667 830
14.7833 828
14.8 825
14.8167 823
14.8333 820
14.85 818
14.8667 815
14.8833 813
14.9 810
14.9167 808
14.9333 805
14.95 803
14.9667 800
14.9833 798
15.0 795
15.0167 793
15.0333 790
15.05 787
15.0667 785
15.0833 782
15.1 779
15.1167 777
15.1333 774
15.15 771
15.1667 768
15.1833 766
15.2 763
15.2167 760
15.2333 757
15.25 754
15.2667 752
15.2833 749
15.3 746
15.3167 743
15.3333 740
15.35 737
15.3667 734
15.3833 731
15.4 728
15.4167 725
15.4333 722
15.45 719
15.4667 716
15.4833 713
15.5 710
15.5167 707
15.5333 704
15.55 701
15.5667 698
15.5833 695
15.6 691
15.6167 688
15.6333 685
15.65 682
15.6667 679
15.6833 676
15.7 672
15.7167 669
15.7333 666
15.75 663
15.7667 659
15.7833 656
15.8 653
15.8167 650
15.8333 646
15.85 643
15.8667 640
15.8833 636
15.9 633
15.9167 630
15.9333 626
15.95 623
15.9667 619
15.9833 616
16.0 613
16.0167 609
16.0333 606
16.05 602
16.0667 599
16.0833 595
16.1 592
16.1167 588
16.1333 585
16.15 581
16.1667 578
16.1833 574
16.2 571
16.2167 567
16.2333 563
16.25 560
16.2667 556
16.2833 553
16.3 549
16.3167 545
16.3333 542
16.35 538
16.3667 534
16.3833 531
16.4 527
16.4167 523
16.4333 520
16.45 516
16.4667 512
16.4833 509
16.5 505
16.5167 501
16.5333 498
16.55 494
16.5667 490
16.5833 486
16.6 483
16.6167 479
16.6333 475
16.65 471
16.6667 467
16.6833 464
16.7 460
16.7167 456
16.7333 452
16.75 448
16.7667 445
16.7833 441
16.8 437
16.8167 433
16.8333 429
16.85 425
16.8667 422
16.8833 418
16.9 414
16.9167 410
16.9333 406
16.95 402
16.9667 398
16.9833 395
