8.0 398
8.0167 402
8.0333 406
8.05 410
8.0667 413
8.0833 417
8.1 421
8.1167 425
8.1333 429
8.15 432
8.1667 436
8.1833 440
8.2 444
8.2167 448
8.2333 451
8.25 455
8.2667 459
8.2833 463
8.3 466
8.3167 470
8.3333 474
8.35 478
8.3667 481
8.3833 485
8.4 489
8.4167 493
8.4333 496
8.45 500
8.4667 504
8.4833 507
8.5 511
8.5167 515
8.5333 518
8.55 522
8.5667 526
8.5833 529
8.6 533
8.6167 537
8.6333 540
8.65 544
8.6667 548
8.6833 551
8.7 555
8.7167 558
8.7333 562
8.75 566
8.7667 569
8.7833 573
8.8 576
8.8167 580
8.8333 583
8.85 587
8.8667 590
8.8833 594
8.9 597
8.9167 601
8.9333 604
8.95 608
8.9667 611
8.9833 615
9.0 618
9.0167 622
9.0333 625
9.05 629
9.0667 632
9.0833 636
9.1 639
9.1167 642
9.1333 646
9.15 649
9.1667 652
9.1833 656
9.2 659
9.2167 662
9.2333 666
9.25 669
9.2667 672
9.2833 676
9.3 679
9.3167 682
9.3333 685
9.35 689
9.3667 692
9.3833 695
9.4 698
9.4167 701
9.4333 705
9.45 708
9.4667 711
9.4833 714
9.5 717
9.5167 720
9.5333 723
9.55 727
9.5667 730
9.5833 733
9.6 736
9.6167 739
9.6333 742
9.65 745
9.6667 748
9.6833 751
9.7 754
9.7167 757
9.7333 760
9.75 763
9.7667 766
9.7833 769
9.8 772
9.8167 774
9.8333 777
9.85 780
9.8667 783
9.8833 786
9.9 789
9.9167 791
9.9333 794
9.95 797
9.9667 800
9.9833 803
10.0 805
10.0167 808
10.0333 811
10.05 814
10.0667 816
10.0833 819
10.1 822
10.1167 824
10.1333 827
10.15 829
10.1667 832
10.1833 835
10.2 837
10.2167 840
10.2333 842
10.25 845
10.2667 847
10.2833 850
10.3 852
10.3167 855
10.3333 857
10.35 860
10.3667 862
10.3833 865
10.4 867
10.4167 869
10.4333 872
10.45 874
10.4667 876
10.4833 879
10.5 881
10.5167 883
10.5333 885
10.55 888
10.5667 890
10.5833 892
10.6 894
10.6167 897
10.6333 899
10.65 901
10.6667 903
10.6833 905
10.7 907
10.7167 909
10.7333 911
10.75 914
10.7667 916
10.7833 918
10.8 920
10.8167 922
10.8333 924
10.85 926
10.8667 928
10.8833 929
10.9 931
10.9167 933
10.9333 935
10.95 937
10.9667 939
10.9833 941
11.0 942
11.0167 944
11.0333 946
11.05 948
11.0667 950
11.0833 951
11.1 953
11.1167 955
11.1333 956
11.15 958
11.1667 960
11.1833 961
11.2 963
11.2167 964
11.2333 966
11.25 968
11.2667 969
11.2833 971
11.3 972
11.3167 974
11.3333 975
11.35 977
11.3667 978
11.3833 979
11.4 981
11.4167 982
11.4333 983
11.45 985
11.4667 986
11.4833 987
11.5 989
11.5167 990
11.5333 991
11.55 992
11.5667 994
11.5833 995
11.6 996
11.6167 997
11.6333 998
11.65 999
11.6667 1001
11.6833 1002
11.7 1003
11.7167 1004
11.7333 1005
11.75 1006
11.7667 1007
11.7833 1008
11.8 1009
11.8167 1010
11.8333 1011
11.85 1012
11.8667 1012
11.8833 1013
11.9 1014
11.9167 1015
11.9333 1016
11.95 1017
11.9667 1017
11.9833 1018
12.0 1019
12.0167 1020
12.0333 1020
12.05 1021
12.0667 1022
12.0833 1022
12.1 1023
12.1167 1023
12.1333 1024
12.15 1025
12.1667 1025
12.1833 1026
12.2 1026
12.2167 1027
12.2333 1027
12.25 1028
12.2667 1028
12.2833 1028
12.3 1029
12.3167 1029
12.3333 1030
12.35 1030
12.3667 1030
12.3833 1031
12.4 1031
12.4167 1031
12.4333 1031
12.45 1032
12.4667 1032
12.4833 1032
12.5 1032
12.5167 1032
12.5333 1032
12.55 1033
12.5667 1033
12.5833 1033
12.6 1033
12.6167 1033
12.6333 1033
12.65 1033
12.6667 1033
12.6833 1033
12.7 1033
12.7167 1033
12.7333 1032
12.75 1032
12.7667 1032
12.7833 1032
12.8 1032
12.8167 1032
12.8333 1032
12.85 1031
12.8667 1031
12.8833 1031
12.9 1030
12.9167 1030
12.9333 1030
12.95 1029
12.9667 1029
12.9833 1029
13.0 1028
13.0167 1028
13.0333 1027
13.05 1027
13.0667 1027
13.0833 1026
13.1 1026
13.1167 1025
13.1333 1024
13.15 1024
13.1667 1023
13.1833 1023
13.2 1022
13.2167 1021
13.2333 1021
13.25 1020
13.2667 1019
13.2833 1019
13.3 1018
13.3167 1017
13.3333 1016
13.35 1016
13.3667 1015
13.3833 1014
13.4 1013
13.4167 1012
13.4333 1011
13.45 1010
13.4667 1009
13.4833 1009
13.5 1008
13.5167 1007
13.5333 1006
13.55 1005
13.5667 1004
13.5833 1002
13.6 1001
13.6167 1000
13.6333 999
13.65 998
13.6667 997
13.6833 996
13.7 995
13.7167 993
13.7333 992
13.75 991
13.7667 990
13.7833 988
13.8 987
13.8167 986
13.8333 984
13.85 983
13.8667 982
13.8833 980
13.9 979
13.9167 978
13.9333 976
13.95 975
13.9667 973
13.9833 972
14.0 970
14.0167 969
14.0333 967
14.05 966
14.0667 964
14.0833 962
14.1 961
14.1167 959
14.1333 958
14.15 956
14.1667 954
14.1833 953
14.2 951
14.2167 949
14.2333 947
14.25 946
14.2667 944
14.2833 942
14.3 940
14.3167 938
14.3333 937
14.35 935
14.3667 933
14.3833 931
14.4 929
14.4167 927
14.4333 925
14.45 923
14.4667 921
14.4833 919
14.5 917
14.5167 915
14.5333 913
14.55 911
14.5667 909
14.5833 907
14.6 905
14.6167 903
14.6333 900
14.65 898
14.6667 896
14.6833 894
14.7 892
14.7167 889
14.7333 887
14.75 885
14.7667 883
14.7833 880
14.8 878
14.8167 876
14.8333 873
14.85 871
14.8667 869
14.8833 866
14.9 864
14.9167 862
14.9333 859
14.95 857
14.9667 854
14.9833 852
15.0 849
15.0167 847
15.0333 844
15.05 842
15.0667 839
15.0833 837
15.1 834
15.1167 832
15.1333 829
15.15 826
15.1667 824
15.1833 821
15.2 818
15.2167 816
15.2333 813
15.25 810
15.2667 808
15.2833 805
15.3 802
15.3167 799
15.3333 797
15.35 794
15.3667 791
15.3833 788
15.4 785
15.4167 782
15.4333 780
15.45 777
15.4667 774
15.4833 771
15.5 768
15.5167 765
15.5333 762
15.55 759
15.5667 756
15.5833 753
15.6 750
15.6167 747
15.6333 744
15.65 741
15.6667 738
15.6833 735
15.7 732
15.7167 729
15.7333 726
15.75 723
15.7667 720
15.7833 717
15.8 713
15.8167 710
15.8333 707
15.85 704
15.8667 701
15.8833 698
15.9 694
15.9167 691
15.9333 688
15.95 685
15.9667 682
15.9833 678
16.0 675
16.0167 672
16.0333 668
16.05 665
16.0667 662
16.0833 658
16.1 655
16.1167 652
16.1333 648
16.15 645
16.1667 642
16.1833 638
16.2 635
16.2167 631
16.2333 628
16.25 625
16.2667 621
16.2833 618
16.3 614
16.3167 611
16.3333 607
16.35 604
16.3667 600
16.3833 597
16.4 593
16.4167 590
16.4333 586
16.45 583
16.4667 579
16.4833 576
16.5 572
16.5167 569
16.5333 565
16.55 561
16.5667 558
16.5833 554
16.6 551
16.6167 547
16.6333 543
16.65 540
16.6667 536
16.6833 533
16.7 529
16.7167 525
16.7333 522
16.75 518
16.7667 514
16.7833 510
16.8 507
16.8167 503
16.8333 499
16.85 496
16.8667 492
16.8833 488
16.9 485
16.9167 481
16.9333 477
16.95 473
16.9667 470
16.9833 466
