8.0 372
8.0167 376
8.0333 380
8.05 384
8.0667 387
8.0833 391
8.1 395
8.1167 399
8.1333 402
8.15 406
8.1667 410
8.1833 414
8.2 417
8.2167 421
8.2333 425
8.25 429
8.2667 432
8.2833 436
8.3 440
8.3167 444
8.3333 447
8.35 451
8.3667 455
8.3833 458
8.4 462
8.4167 466
8.4333 469
8.45 473
8.4667 477
8.4833 481
8.5 484
8.5167 488
8.5333 492
8.55 495
8.5667 499
8.5833 502
8.6 506
8.6167 510
8.6333 513
8.65 517
8.6667 521
8.6833 524
8.7 528
8.7167 531
8.7333 535
8.75 538
8.7667 542
8.7833 546
8.8 549
8.8167 553
8.8333 556
8.85 560
8.8667 563
8.8833 567
8.9 570
8.9167 574
8.9333 577
8.95 581
8.9667 584
8.9833 588
9.0 591
9.0167 595
9.0333 598
9.05 602
9.0667 605
9.0833 608
9.1 612
9.1167 615
9.1333 618
9.15 622
9.1667 625
9.1833 629
9.2 632
9.2167 635
9.2333 638
9.25 642
9.2667 645
9.2833 648
9.3 652
9.3167 655
9.3333 658
9.35 661
9.3667 665
9.3833 668
9.4 671
9.4167 674
9.4333 677
9.45 681
9.4667 684
9.4833 687
9.5 690
9.5167 693
9.5333 696
9.55 699
9.5667 702
9.5833 705
9.6 709
9.6167 712
9.6333 715
9.65 718
9.6667 721
9.6833 724
9.7 727
9.7167 730
9.7333 733
9.75 735
9.7667 738
9.7833 741
9.8 744
9.8167 747
9.8333 750
9.85 753
9.8667 756
9.8833 759
9.9 761
9.9167 764
9.9333 767
9.95 770
9.9667 773
9.9833 775
10.0 778
10.0167 781
10.0333 784
10.05 786
10.0667 789
10.0833 792
10.1 794
10.1167 797
10.1333 800
10.15 802
10.1667 805
10.1833 807
10.2 810
10.2167 813
10.2333 815
10.25 818
10.2667 820
10.2833 823
10.3 825
10.3167 828
10.3333 830
10.35 833
10.3667 835
10.3833 837
10.4 840
10.4167 842
10.4333 845
10.45 847
10.4667 849
10.4833 852
10.5 854
10.5167 856
10.5333 858
10.55 861
10.5667 863
10.5833 865
10.6 867
10.6167 870
10.6333 872
10.65 874
10.6667 876
10.6833 878
10.7 880
10.7167 882
10.7333 884
10.75 886
10.7667 889
10.7833 891
10.8 893
10.8167 895
10.8333 897
10.85 898
10.8667 900
10.8833 902
10.9 904
10.9167 906
10.9333 908
10.95 910
10.9667 912
10.9833 914
11.0 915
11.0167 917
11.0333 919
11.05 921
11.0667 922
11.0833 924
11.1 926
11.1167 928
11.1333 929
11.15 931
11.1667 933
11.1833 934
11.2 936
11.2167 937
11.2333 939
11.25 941
11.2667 942
11.2833 944
11.3 945
11.3167 947
11.3333 948
11.35 949
11.3667 951
11.3833 952
11.4 954
11.4167 955
11.4333 956
11.45 958
11.4667 959
11.4833 960
11.5 962
11.5167 963
11.5333 964
11.55 965
11.5667 967
11.5833 968
11.6 969
11.6167 970
11.6333 971
11.65 972
11.6667 973
11.6833 975
11.7 976
11.7167 977
11.7333 978
11.75 979
11.7667 980
11.7833 981
11.8 982
11.8167 983
11.8333 983
11.85 984
11.8667 985
11.8833 986
11.9 987
11.9167 988
11.9333 989
11.95 989
11.9667 990
11.9833 991
12.0 992
12.0167 992
12.0333 993
12.05 994
12.0667 994
12.0833 995
12.1 996
12.1167 996
12.1333 997
12.15 997
12.1667 998
12.1833 998
12.2 999
12.2167 999
12.2333 1000
12.25 1000
12.2667 1001
12.2833 1001
12.3 1002
12.3167 1002
12.3333 1002
12.35 1003
12.3667 1003
12.3833 1003
12.4 1003
12.4167 1004
12.4333 1004
12.45 1004
12.4667 1004
12.4833 1005
12.5 1005
12.5167 1005
12.5333 1005
12.55 1005
12.5667 1005
12.5833 1005
12.6 1005
12.6167 1005
12.6333 1005
12.65 1005
12.6667 1005
12.6833 1005
12.7 1005
12.7167 1005
12.7333 1005
12.75 1005
12.7667 1005
12.7833 1004
12.8 1004
12.8167 1004
12.8333 1004
12.85 1004
12.8667 1003
12.8833 1003
12.9 1003
12.9167 1002
12.9333 1002
12.95 1002
12.9667 1001
12.9833 1001
13.0 1001
13.0167 1000
13.0333 1000
13.05 999
13.0667 999
13.0833 998
13.1 998
13.1167 997
13.1333 997
13.15 996
13.1667 995
13.1833 995
13.2 994
13.2167 993
13.2333 993
13.25 992
13.2667 991
13.2833 991
13.3 990
13.3167 989
13.3333 988
13.35 987
13.3667 987
13.3833 986
13.4 985
13.4167 984
13.4333 983
13.45 982
13.4667 981
13.4833 980
13.5 979
13.5167 978
13.5333 977
13.55 976
13.5667 975
13.5833 974
13.6 973
13.6167 972
13.6333 971
13.65 970
13.6667 969
13.6833 967
13.7 966
13.7167 965
13.7333 964
13.75 962
13.7667 961
13.7833 960
13.8 959
13.8167 957
13.8333 956
13.85 955
13.8667 953
13.8833 952
13.9 950
13.9167 949
13.9333 947
13.95 946
13.9667 945
13.9833 943
14.0 941
14.0167 940
14.0333 938
14.05 937
14.0667 935
14.0833 934
14.1 932
14.1167 930
14.1333 929
14.15 927
14.1667 925
14.1833 924
14.2 922
14.2167 920
14.2333 918
14.25 917
14.2667 915
14.2833 913
14.3 911
14.3167 909
14.3333 907
14.35 905
14.3667 904
14.3833 902
14.4 900
14.4167 898
14.4333 896
14.45 894
14.4667 892
14.4833 890
14.5 888
14.5167 886
14.5333 884
14.55 882
14.5667 879
14.5833 877
14.6 875
14.6167 873
14.6333 871
14.65 869
14.6667 866
14.6833 864
14.7 862
14.7167 860
14.7333 858
14.75 855
14.7667 853
14.7833 851
14.8 848
14.8167 846
14.8333 844
14.85 841
14.8667 839
14.8833 836
14.9 834
14.9167 832
14.9333 829
14.95 827
14.9667 824
14.9833 822
15.0 819
15.0167 817
15.0333 814
15.05 812
15.0667 809
15.0833 807
15.1 804
15.1167 801
15.1333 799
15.15 796
15.1667 793
15.1833 791
15.2 788
15.2167 785
15.2333 783
15.25 780
15.2667 777
15.2833 775
15.3 772
15.3167 769
15.3333 766
15.35 763
15.3667 761
15.3833 758
15.4 755
15.4167 752
15.4333 749
15.45 746
15.4667 743
15.4833 740
15.5 738
15.5167 735
15.5333 732
15.55 729
15.5667 726
15.5833 723
15.6 720
15.6167 717
15.6333 714
15.65 711
15.6667 708
15.6833 704
15.7 701
15.7167 698
15.7333 695
15.75 692
15.7667 689
15.7833 686
15.8 683
15.8167 680
15.8333 676
15.85 673
15.8667 670
15.8833 667
15.9 664
15.9167 660
15.9333 657
15.95 654
15.9667 651
15.9833 647
16.0 644
16.0167 641
16.0333 637
16.05 634
16.0667 631
16.0833 628
16.1 624
16.1167 621
16.1333 617
16.15 614
16.1667 611
16.1833 607
16.2 604
16.2167 600
16.2333 597
16.25 594
16.2667 590
16.2833 587
16.3 583
16.3167 580
16.3333 576
16.35 573
16.3667 569
16.3833 566
16.4 562
16.4167 559
16.4333 555
16.45 552
16.4667 548
16.4833 545
16.5 541
16.5167 538
16.5333 534
16.55 530
16.5667 527
16.5833 523
16.6 520
16.6167 516
16.6333 512
16.65 509
16.6667 505
16.6833 502
16.7 498
16.7167 494
16.7333 491
16.75 487
16.7667 483
16.7833 480
16.8 476
16.8167 472
16.8333 469
16.85 465
16.8667 461
16.8833 458
16.9 454
16.9167 450
16.9333 446
16.95 443
16.9667 439
16.9833 435
