8.0 378
8.0167 382
8.0333 386
8.05 389
8.0667 393
8.0833 397
8.1 401
8.1167 404
8.1333 408
8.15 412
8.1667 415
8.1833 419
8.2 423
8.2167 427
8.2333 430
8.25 434
8.2667 438
8.2833 441
8.3 445
8.3167 449
8.3333 452
8.35 456
8.3667 460
8.3833 463
8.4 467
8.4167 471
8.4333 474
8.45 478
8.4667 482
8.4833 485
8.5 489
8.5167 493
8.5333 496
8.55 500
8.5667 503
8.5833 507
8.6 511
8.6167 514
8.6333 518
8.65 521
8.6667 525
8.6833 528
8.7 532
8.7167 536
8.7333 539
8.75 543
8.7667 546
8.7833 550
8.8 553
8.8167 557
8.8333 560
8.85 564
8.8667 567
8.8833 571
8.9 574
8.9167 578
8.9333 581
8.95 584
8.9667 588
8.9833 591
9.0 595
9.0167 598
9.0333 601
9.05 605
9.0667 608
9.0833 612
9.1 615
9.1167 618
9.1333 622
9.15 625
9.1667 628
9.1833 632
9.2 635
9.2167 638
9.2333 641
9.25 645
9.2667 648
9.2833 651
9.3 654
9.3167 658
9.3333 661
9.35 664
9.3667 667
9.3833 670
9.4 674
9.4167 677
9.4333 680
9.45 683
9.4667 686
9.4833 689
9.5 692
9.5167 695
9.5333 699
9.55 702
9.5667 705
9.5833 708
9.6 711
9.6167 714
9.6333 717
9.65 720
9.6667 723
9.6833 726
9.7 729
9.7167 732
9.7333 734
9.75 737
9.7667 740
9.7833 743
9.8 746
9.8167 749
9.8333 752
9.85 755
9.8667 757
9.8833 760
9.9 763
9.9167 766
9.9333 769
9.95 771
9.9667 774
9.9833 777
10.0 780
10.0167 782
10.0333 785
10.05 788
10.0667 790
10.0833 793
10.1 796
10.1167 798
10.1333 801
10.15 804
10.1667 806
10.1833 809
10.2 811
10.2167 814
10.2333 816
10.25 819
10.2667 821
10.2833 824
10.3 826
10.3167 829
10.3333 831
10.35 834
10.3667 836
10.3833 838
10.4 841
10.4167 843
10.4333 845
10.45 848
10.4667 850
10.4833 852
10.5 855
10.5167 857
10.5333 859
10.55 861
10.5667 864
10.5833 866
10.6 868
10.6167 870
10.6333 872
10.65 874
10.6667 877
10.6833 879
10.7 881
10.7167 883
10.7333 885
10.75 887
10.7667 889
10.7833 891
10.8 893
10.8167 895
10.8333 897
10.85 899
10.8667 901
10.8833 903
10.9 905
10.9167 907
10.9333 908
10.95 910
10.9667 912
10.9833 914
11.0 916
11.0167 918
11.0333 919
11.05 921
11.0667 923
11.0833 924
11.1 926
11.1167 928
11.1333 930
11.15 931
11.1667 933
11.1833 934
11.2 936
11.2167 938
11.2333 939
11.25 941
11.2667 942
11.2833 944
11.3 945
11.3167 947
11.3333 948
11.35 950
11.3667 951
11.3833 952
11.4 954
11.4167 955
11.4333 957
11.45 958
11.4667 959
11.4833 960
11.5 962
11.5167 963
11.5333 964
11.55 965
11.5667 967
11.5833 968
11.6 969
11.6167 970
11.6333 971
11.65 972
11.6667 974
11.6833 975
11.7 976
11.7167 977
11.7333 978
11.75 979
11.7667 980
11.7833 981
11.8 982
11.8167 983
11.8333 984
11.85 984
11.8667 985
11.8833 986
11.9 987
11.9167 988
11.9333 989
11.95 989
11.9667 990
11.9833 991
12.0 992
12.0167 992
12.0333 993
12.05 994
12.0667 995
12.0833 995
12.1 996
12.1167 996
12.1333 997
12.15 998
12.1667 998
12.1833 999
12.2 999
12.2167 1000
12.2333 1000
12.25 1001
12.2667 1001
12.2833 1001
12.3 1002
12.3167 1002
12.3333 1003
12.35 1003
12.3667 1003
12.3833 1004
12.4 1004
12.4167 1004
12.4333 1004
12.45 1005
12.4667 1005
12.4833 1005
12.5 1005
12.5167 1005
12.5333 1005
12.55 1006
12.5667 1006
12.5833 1006
12.6 1006
12.6167 1006
12.6333 1006
12.65 1006
12.6667 1006
12.6833 1006
12.7 1006
12.7167 1006
12.7333 1006
12.75 1005
12.7667 1005
12.7833 1005
12.8 1005
12.8167 1005
12.8333 1005
12.85 1004
12.8667 1004
12.8833 1004
12.9 1004
12.9167 1003
12.9333 1003
12.95 1003
12.9667 1002
12.9833 1002
13.0 1002
13.0167 1001
13.0333 1001
13.05 1000
13.0667 1000
13.0833 999
13.1 999
13.1167 998
13.1333 998
13.15 997
13.1667 997
13.1833 996
13.2 995
13.2167 995
13.2333 994
13.25 993
13.2667 993
13.2833 992
13.3 991
13.3167 990
13.3333 990
13.35 989
13.3667 988
13.3833 987
13.4 986
13.4167 986
13.4333 985
13.45 984
13.4667 983
13.4833 982
13.5 981
13.5167 980
13.5333 979
13.55 978
13.5667 977
13.5833 976
13.6 975
13.6167 974
13.6333 973
13.65 972
13.6667 970
13.6833 969
13.7 968
13.7167 967
13.7333 966
13.75 965
13.7667 963
13.7833 962
13.8 961
13.8167 959
13.8333 958
13.85 957
13.8667 955
13.8833 954
13.9 953
13.9167 951
13.9333 950
13.95 948
13.9667 947
13.9833 946
14.0 944
14.0167 943
14.0333 941
14.05 940
14.0667 938
14.0833 936
14.1 935
14.1167 933
14.1333 932
14.15 930
14.1667 928
14.1833 927
14.2 925
14.2167 923
14.2333 921
14.25 920
14.2667 918
14.2833 916
14.3 914
14.3167 913
14.3333 911
14.35 909
14.3667 907
14.3833 905
14.4 903
14.4167 901
14.4333 899
14.45 897
14.4667 895
14.4833 893
14.5 891
14.5167 889
14.5333 887
14.55 885
14.5667 883
14.5833 881
14.6 879
14.6167 877
14.6333 875
14.65 873
14.6667 871
14.6833 868
14.7 866
14.7167 864
14.7333 862
14.75 860
14.7667 857
14.7833 855
14.8 853
14.8167 851
14.8333 848
14.85 846
14.8667 844
14.8833 841
14.9 839
14.9167 836
14.9333 834
14.95 832
14.9667 829
14.9833 827
15.0 824
15.0167 822
15.0333 819
15.05 817
15.0667 814
15.0833 812
15.1 809
15.1167 807
15.1333 804
15.15 802
15.1667 799
15.1833 796
15.2 794
15.2167 791
15.2333 788
15.25 786
15.2667 783
15.2833 780
15.3 778
15.3167 775
15.3333 772
15.35 769
15.3667 767
15.3833 764
15.4 761
15.4167 758
15.4333 755
15.45 753
15.4667 750
15.4833 747
15.5 744
15.5167 741
15.5333 738
15.55 735
15.5667 732
15.5833 729
15.6 726
15.6167 724
15.6333 721
15.65 718
15.6667 715
15.6833 712
15.7 709
15.7167 705
15.7333 702
15.75 699
15.7667 696
15.7833 693
15.8 690
15.8167 687
15.8333 684
15.85 681
15.8667 678
15.8833 674
15.9 671
15.9167 668
15.9333 665
15.95 662
15.9667 659
15.9833 655
16.0 652
16.0167 649
16.0333 646
16.05 642
16.0667 639
16.0833 636
16.1 632
16.1167 629
16.1333 626
16.15 623
16.1667 619
16.1833 616
16.2 613
16.2167 609
16.2333 606
16.25 602
16.2667 599
16.2833 596
16.3 592
16.3167 589
16.3333 585
16.35 582
16.3667 579
16.3833 575
16.4 572
16.4167 568
16.4333 565
16.45 561
16.4667 558
16.4833 554
16.5 551
16.5167 547
16.5333 544
16.55 540
16.5667 537
16.5833 533
16.6 530
16.6167 526
16.6333 522
16.65 519
16.6667 515
16.6833 512
16.7 508
16.7167 504
16.7333 501
16.75 497
16.7667 494
16.7833 490
16.8 486
16.8167 483
16.8333 479
16.85 476
16.8667 472
16.8833 468
16.9 465
16.9167 461
16.9333 457
16.95 454
16.9667 450
16.9833 446
