8.0 348
8.0167 352
8.0333 355
8.05 359
8.0667 363
8.0833 367
8.1 371
8.1167 374
8.1333 378
8.15 382
8.1667 386
8.1833 389
8.2 393
8.2167 397
8.2333 401
8.25 404
8.2667 408
8.2833 412
8.3 416
8.3167 419
8.3333 423
8.35 427
8.3667 431
8.3833 434
8.4 438
8.4167 442
8.4333 446
8.45 449
8.4667 453
8.4833 457
8.5 460
8.5167 464
8.5333 468
8.55 471
8.5667 475
8.5833 479
8.6 482
8.6167 486
8.6333 490
8.65 493
8.6667 497
8.6833 501
8.7 504
8.7167 508
8.7333 512
8.75 515
8.7667 519
8.7833 522
8.8 526
8.8167 529
8.8333 533
8.85 537
8.8667 540
8.8833 544
8.9 547
8.9167 551
8.9333 554
8.95 558
8.9667 561
8.9833 565
9.0 568
9.0167 572
9.0333 576
9.05 579
9.0667 582
9.0833 586
9.1 589
9.1167 593
9.1333 596
9.15 600
9.1667 603
9.1833 606
9.2 610
9.2167 613
9.2333 616
9.25 620
9.2667 623
9.2833 626
9.3 630
9.3167 633
9.3333 636
9.35 640
9.3667 643
9.3833 646
9.4 649
9.4167 653
9.4333 656
9.45 659
9.4667 662
9.4833 665
9.5 669
9.5167 672
9.5333 675
9.55 678
9.5667 681
9.5833 684
9.6 687
9.6167 690
9.6333 694
9.65 697
9.6667 700
9.6833 703
9.7 706
9.7167 709
9.7333 712
9.75 715
9.7667 718
9.7833 721
9.8 724
9.8167 727
9.8333 729
9.85 732
9.8667 735
9.8833 738
9.9 741
9.9167 744
9.9333 747
9.95 750
9.9667 752
9.9833 755
10.0 758
10.0167 761
10.0333 764
10.05 766
10.0667 769
10.0833 772
10.1 774
10.1167 777
10.1333 780
10.15 782
10.1667 785
10.1833 788
10.2 790
10.2167 793
10.2333 796
10.25 798
10.2667 801
10.2833 803
10.3 806
10.3167 808
10.3333 811
10.35 813
10.3667 816
10.3833 818
10.4 821
10.4167 823
10.4333 825
10.45 828
10.4667 830
10.4833 832
10.5 835
10.5167 837
10.5333 839
10.55 842
10.5667 844
10.5833 846
10.6 849
10.6167 851
10.6333 853
10.65 855
10.6667 857
10.6833 860
10.7 862
10.7167 864
10.7333 866
10.75 868
10.7667 870
10.7833 872
10.8 874
10.8167 876
10.8333 878
10.85 880
10.8667 882
10.8833 884
10.9 886
10.9167 888
10.9333 890
10.95 892
10.9667 894
10.9833 896
11.0 897
11.0167 899
11.0333 901
11.05 903
11.0667 905
11.0833 906
11.1 908
11.1167 910
11.1333 912
11.15 913
11.1667 915
11.1833 917
11.2 918
11.2167 920
11.2333 921
11.25 923
11.2667 924
11.2833 926
11.3 928
11.3167 929
11.3333 931
11.35 932
11.3667 933
11.3833 935
11.4 936
11.4167 938
11.4333 939
11.45 940
11.4667 942
11.4833 943
11.5 944
11.5167 946
11.5333 947
11.55 948
11.5667 949
11.5833 951
11.6 952
11.6167 953
11.6333 954
11.65 955
11.6667 956
11.6833 958
11.7 959
11.7167 960
11.7333 961
11.75 962
11.7667 963
11.7833 964
11.8 965
11.8167 966
11.8333 967
11.85 968
11.8667 968
11.8833 969
11.9 970
11.9167 971
11.9333 972
11.95 973
11.9667 973
11.9833 974
12.0 975
12.0167 976
12.0333 976
12.05 977
12.0667 978
12.0833 978
12.1 979
12.1167 980
12.1333 980
12.15 981
12.1667 981
12.1833 982
12.2 982
12.2167 983
12.2333 983
12.25 984
12.2667 984
12.2833 985
12.3 985
12.3167 985
12.3333 986
12.35 986
12.3667 986
12.3833 987
12.4 987
12.4167 987
12.4333 987
12.45 988
12.4667 988
12.4833 988
12.5 988
12.5167 988
12.5333 988
12.55 989
12.5667 989
12.5833 989
12.6 989
12.6167 989
12.6333 989
12.65 989
12.6667 989
12.6833 989
12.7 989
12.7167 989
12.7333 988
12.75 988
12.7667 988
12.7833 988
12.8 988
12.8167 988
12.8333 987
12.85 987
12.8667 987
12.8833 987
12.9 986
12.9167 986
12.9333 986
12.95 985
12.9667 985
12.9833 984
13.0 984
13.0167 984
13.0333 983
13.05 983
13.0667 982
13.0833 982
13.1 981
13.1167 981
13.1333 980
13.15 979
13.1667 979
13.1833 978
13.2 977
13.2167 977
13.2333 976
13.25 975
13.2667 975
13.2833 974
13.3 973
13.3167 972
13.3333 972
13.35 971
13.3667 970
13.3833 969
13.4 968
13.4167 967
13.4333 966
13.45 965
13.4667 964
13.4833 963
13.5 962
13.5167 961
13.5333 960
13.55 959
13.5667 958
13.5833 957
13.6 956
13.6167 955
13.6333 954
13.65 953
13.6667 951
13.6833 950
13.7 949
13.7167 948
13.7333 947
13.75 945
13.7667 944
13.7833 943
13.8 941
13.8167 940
13.8333 939
13.85 937
13.8667 936
13.8833 934
13.9 933
13.9167 932
13.9333 930
13.95 929
13.9667 927
13.9833 926
14.0 924
14.0167 922
14.0333 921
14.05 919
14.0667 918
14.0833 916
14.1 914
14.1167 913
14.1333 911
14.15 909
14.1667 908
14.1833 906
14.2 904
14.2167 902
14.2333 900
14.25 899
14.2667 897
14.2833 895
14.3 893
14.3167 891
14.3333 889
14.35 887
14.3667 885
14.3833 884
14.4 882
14.4167 880
14.4333 878
14.45 876
14.4667 874
14.4833 871
14.5 869
14.5167 867
14.5333 865
14.55 863
14.5667 861
14.5833 859
14.6 857
14.6167 854
14.6333 852
14.65 850
14.6667 848
14.6833 846
14.7 843
14.7167 841
14.7333 839
14.75 836
14.7667 834
14.7833 832
14.8 829
14.8167 827
14.8333 825
14.85 822
14.8667 820
14.8833 817
14.9 815
14.9167 812
14.9333 810
14.95 807
14.9667 805
14.9833 802
15.0 800
15.0167 797
15.0333 795
15.05 792
15.0667 790
15.0833 787
15.1 784
15.1167 782
15.1333 779
15.15 776
15.1667 774
15.1833 771
15.2 768
15.2167 766
15.2333 763
15.25 760
15.2667 757
15.2833 754
15.3 752
15.3167 749
15.3333 746
15.35 743
15.3667 740
15.3833 737
15.4 735
15.4167 732
15.4333 729
15.45 726
15.4667 723
15.4833 720
15.5 717
15.5167 714
15.5333 711
15.55 708
15.5667 705
15.5833 702
15.6 699
15.6167 696
15.6333 693
15.65 690
15.6667 687
15.6833 683
15.7 680
15.7167 677
15.7333 674
15.75 671
15.7667 668
15.7833 665
15.8 661
15.8167 658
15.8333 655
15.85 652
15.8667 648
15.8833 645
15.9 642
15.9167 639
15.9333 635
15.95 632
15.9667 629
15.9833 626
16.0 622
16.0167 619
16.0333 616
16.05 612
16.0667 609
16.0833 605
16.1 602
16.1167 599
16.1333 595
16.15 592
16.1667 588
16.1833 585
16.2 582
16.2167 578
16.2333 575
16.25 571
16.2667 568
16.2833 564
16.3 561
16.3167 557
16.3333 554
16.35 550
16.3667 547
16.3833 543
16.4 540
16.4167 536
16.4333 533
16.45 529
16.4667 525
16.4833 522
16.5 518
16.5167 515
16.5333 511
16.55 507
16.5667 504
16.5833 500
16.6 496
16.6167 493
16.6333 489
16.65 486
16.6667 482
16.6833 478
16.7 475
16.7167 471
16.7333 467
16.75 464
16.7667 460
16.7833 456
16.8 452
16.8167 449
16.8333 445
16.85 441
16.8667 438
16.8833 434
16.9 430
16.9167 426
16.9333 423
16.95 419
16.9667 415
16.9833 411
