8.0 395
8.0167 399
8.0333 402
8.05 406
8.0667 410
8.0833 414
8.1 418
8.1167 421
8.1333 425
8.15 429
8.1667 433
8.1833 437
8.2 440
8.2167 444
8.2333 448
8.25 452
8.2667 456
8.2833 459
8.3 463
8.3167 467
8.3333 471
8.35 474
8.3667 478
8.3833 482
8.4 485
8.4167 489
8.4333 493
8.45 497
8.4667 500
8.4833 504
8.5 508
8.5167 511
8.5333 515
8.55 519
8.5667 522
8.5833 526
8.6 530
8.6167 533
8.6333 537
8.65 541
8.6667 544
8.6833 548
8.7 551
8.7167 555
8.7333 559
8.75 562
8.7667 566
8.7833 569
8.8 573
8.8167 576
8.8333 580
8.85 584
8.8667 587
8.8833 591
8.9 594
8.9167 598
8.9333 601
8.95 605
8.9667 608
8.9833 612
9.0 615
9.0167 618
9.0333 622
9.05 625
9.0667 629
9.0833 632
9.1 636
9.1167 639
9.1333 642
9.15 646
9.1667 649
9.1833 652
9.2 656
9.2167 659
9.2333 662
9.25 666
9.2667 669
9.2833 672
9.3 675
9.3167 679
9.3333 682
9.35 685
9.3667 688
9.3833 692
9.4 695
9.4167 698
9.4333 701
9.45 704
9.4667 708
9.4833 711
9.5 714
9.5167 717
9.5333 720
9.55 723
9.5667 726
9.5833 729
9.6 732
9.6167 735
9.6333 738
9.65 742
9.6667 745
9.6833 748
9.7 751
9.7167 753
9.7333 756
9.75 759
9.7667 762
9.7833 765
9.8 768
9.8167 771
9.8333 774
9.85 777
9.8667 780
9.8833 782
9.9 785
9.9167 788
9.9333 791
9.95 794
9.9667 796
9.9833 799
10.0 802
10.0167 805
10.0333 807
10.05 810
10.0667 813
10.0833 816
10.1 818
10.1167 821
10.1333 823
10.15 826
10.1667 829
10.1833 831
10.2 834
10.2167 836
10.2333 839
10.25 841
10.2667 844
10.2833 846
10.3 849
10.3167 851
10.3333 854
10.35 856
10.3667 859
10.3833 861
10.4 864
10.4167 866
10.4333 868
10.45 871
10.4667 873
10.4833 875
10.5 878
10.5167 880
10.5333 882
10.55 884
10.5667 887
10.5833 889
10.6 891
10.6167 893
10.6333 895
10.65 898
10.6667 900
10.6833 902
10.7 904
10.7167 906
10.7333 908
10.75 910
10.7667 912
10.7833 914
10.8 916
10.8167 918
10.8333 920
10.85 922
10.8667 924
10.8833 926
10.9 928
10.9167 930
10.9333 932
10.95 934
10.9667 935
10.9833 937
11.0 939
11.0167 941
11.0333 943
11.05 944
11.0667 946
11.0833 948
11.1 950
11.1167 951
11.1333 953
11.15 955
11.1667 956
11.1833 958
11.2 960
11.2167 961
11.2333 963
11.25 964
11.2667 966
11.2833 967
11.3 969
11.3167 970
11.3333 972
11.35 973
11.3667 975
11.3833 976
11.4 977
11.4167 979
11.4333 980
11.45 981
11.4667 983
11.4833 984
11.5 985
11.5167 987
11.5333 988
11.55 989
11.5667 990
11.5833 992
11.6 993
11.6167 994
11.6333 995
11.65 996
11.6667 997
11.6833 998
11.7 999
11.7167 1000
11.7333 1001
11.75 1002
11.7667 1003
11.7833 1004
11.8 1005
11.8167 1006
11.8333 1007
11.85 1008
11.8667 1009
11.8833 1010
11.9 1011
11.9167 1012
11.9333 1012
11.95 1013
11.9667 1014
11.9833 1015
12.0 1015
12.0167 1016
12.0333 1017
12.05 1018
12.0667 1018
12.0833 1019
12.1 1019
12.1167 1020
12.1333 1021
12.15 1021
12.1667 1022
12.1833 1022
12.2 1023
12.2167 1023
12.2333 1024
12.25 1024
12.2667 1025
12.2833 1025
12.3 1025
12.3167 1026
12.3333 1026
12.35 1027
12.3667 1027
12.3833 1027
12.4 1027
12.4167 1028
12.4333 1028
12.45 1028
12.4667 1028
12.4833 1029
12.5 1029
12.5167 1029
12.5333 1029
12.55 1029
12.5667 1029
12.5833 1029
12.6 1029
12.6167 1029
12.6333 1029
12.65 1029
12.6667 1029
12.6833 1029
12.7 1029
12.7167 1029
12.7333 1029
12.75 1029
12.7667 1029
12.7833 1029
12.8 1028
12.8167 1028
12.8333 1028
12.85 1028
12.8667 1028
12.8833 1027
12.9 1027
12.9167 1027
12.9333 1026
12.95 1026
12.9667 1026
12.9833 1025
13.0 1025
13.0167 1024
13.0333 1024
13.05 1024
13.0667 1023
13.0833 1023
13.1 1022
13.1167 1021
13.1333 1021
13.15 1020
13.1667 1020
13.1833 1019
13.2 1019
13.2167 1018
13.2333 1017
13.25 1017
13.2667 1016
13.2833 1015
13.3 1014
13.3167 1014
13.3333 1013
13.35 1012
13.3667 1011
13.3833 1010
13.4 1010
13.4167 1009
13.4333 1008
13.45 1007
13.4667 1006
13.4833 1005
13.5 1004
13.5167 1003
13.5333 1002
13.55 1001
13.5667 1000
13.5833 999
13.6 998
13.6167 997
13.6333 996
13.65 994
13.6667 993
13.6833 992
13.7 991
13.7167 990
13.7333 989
13.75 987
13.7667 986
13.7833 985
13.8 984
13.8167 982
13.8333 981
13.85 980
13.8667 978
13.8833 977
13.9 975
13.9167 974
13.9333 973
13.95 971
13.9667 970
13.9833 968
14.0 967
14.0167 965
14.0333 964
14.05 962
14.0667 960
14.0833 959
14.1 957
14.1167 956
14.1333 954
14.15 952
14.1667 951
14.1833 949
14.2 947
14.2167 945
14.2333 944
14.25 942
14.2667 940
14.2833 938
14.3 936
14.3167 935
14.3333 933
14.35 931
14.3667 929
14.3833 927
14.4 925
14.4167 923
14.4333 921
14.45 919
14.4667 917
14.4833 915
14.5 913
14.5167 911
14.5333 909
14.55 907
14.5667 905
14.5833 903
14.6 901
14.6167 899
14.6333 897
14.65 894
14.6667 892
14.6833 890
14.7 888
14.7167 886
14.7333 883
14.75 881
14.7667 879
14.7833 877
14.8 874
14.8167 872
14.8333 870
14.85 867
14.8667 865
14.8833 862
14.9 860
14.9167 858
14.9333 855
14.95 853
14.9667 850
14.9833 848
15.0 845
15.0167 843
15.0333 840
15.05 838
15.0667 835
15.0833 833
15.1 830
15.1167 828
15.1333 825
15.15 822
15.1667 820
15.1833 817
15.2 814
15.2167 812
15.2333 809
15.25 806
15.2667 804
15.2833 801
15.3 798
15.3167 795
15.3333 793
15.35 790
15.3667 787
15.3833 784
15.4 781
15.4167 778
15.4333 776
15.45 773
15.4667 770
15.4833 767
15.5 764
15.5167 761
15.5333 758
15.55 755
15.5667 752
15.5833 749
15.6 746
15.6167 743
15.6333 740
15.65 737
15.6667 734
15.6833 731
15.7 728
15.7167 725
15.7333 722
15.75 719
15.7667 716
15.7833 713
15.8 709
15.8167 706
15.8333 703
15.85 700
15.8667 697
15.8833 694
15.9 690
15.9167 687
15.9333 684
15.95 681
15.9667 677
15.9833 674
16.0 671
16.0167 668
16.0333 664
16.05 661
16.0667 658
16.0833 654
16.1 651
16.1167 648
16.1333 644
16.15 641
16.1667 638
16.1833 634
16.2 631
16.2167 627
16.2333 624
16.25 621
16.2667 617
16.2833 614
16.3 610
16.3167 607
16.3333 603
16.35 600
16.3667 596
16.3833 593
16.4 589
16.4167 586
16.4333 582
16.45 579
16.4667 575
16.4833 572
16.5 568
16.5167 564
16.5333 561
16.55 557
16.5667 554
16.5833 550
16.6 547
16.6167 543
16.6333 539
16.65 536
16.6667 532
16.6833 528
16.7 525
16.7167 521
16.7333 517
16.75 514
16.7667 510
16.7833 506
16.8 503
16.8167 499
16.8333 495
16.85 492
16.8667 488
16.8833 484
16.9 480
16.9167 477
16.9333 473
16.95 469
16.9667 465
16.9833 462
