8.0 365
8.0167 369
8.0333 373
8.05 377
8.0667 380
8.0833 384
8.1 388
8.1167 392
8.1333 396
8.15 399
8.1667 403
8.1833 407
8.2 411
8.2167 415
8.2333 418
8.25 422
8.2667 426
8.2833 430
8.3 434
8.3167 437
8.3333 441
8.35 445
8.3667 449
8.3833 452
8.4 456
8.4167 460
8.4333 464
8.45 467
8.4667 471
8.4833 475
8.5 478
8.5167 482
8.5333 486
8.55 490
8.5667 493
8.5833 497
8.6 501
8.6167 504
8.6333 508
8.65 512
8.6667 515
8.6833 519
8.7 523
8.7167 526
8.7333 530
8.75 533
8.7667 537
8.7833 541
8.8 544
8.8167 548
8.8333 551
8.85 555
8.8667 558
8.8833 562
8.9 566
8.9167 569
8.9333 573
8.95 576
8.9667 580
8.9833 583
9.0 587
9.0167 590
9.0333 594
9.05 597
9.0667 601
9.0833 604
9.1 608
9.1167 611
9.1333 614
9.15 618
9.1667 621
9.1833 625
9.2 628
9.2167 631
9.2333 635
9.25 638
9.2667 641
9.2833 645
9.3 648
9.3167 651
9.3333 655
9.35 658
9.3667 661
9.3833 664
9.4 668
9.4167 671
9.4333 674
9.45 677
9.4667 680
9.4833 684
9.5 687
9.5167 690
9.5333 693
9.55 696
9.5667 699
9.5833 702
9.6 706
9.6167 709
9.6333 712
9.65 715
9.6667 718
9.6833 721
9.7 724
9.7167 727
9.7333 730
9.75 733
9.7667 736
9.7833 739
9.8 742
9.8167 745
9.8333 748
9.85 751
9.8667 753
9.8833 756
9.9 759
9.9167 762
9.9333 765
9.95 768
9.9667 770
9.9833 773
10.0 776
10.0167 779
10.0333 782
10.05 784
10.0667 787
10.0833 790
10.1 792
10.1167 795
10.1333 798
10.15 800
10.1667 803
10.1833 806
10.2 808
10.2167 811
10.2333 813
10.25 816
10.2667 819
10.2833 821
10.3 824
10.3167 826
10.3333 829
10.35 831
10.3667 834
10.3833 836
10.4 838
10.4167 841
10.4333 843
10.45 846
10.4667 848
10.4833 850
10.5 853
10.5167 855
10.5333 857
10.55 860
10.5667 862
10.5833 864
10.6 866
10.6167 869
10.6333 871
10.65 873
10.6667 875
10.6833 877
10.7 879
10.7167 881
10.7333 884
10.75 886
10.7667 888
10.7833 890
10.8 892
10.8167 894
10.8333 896
10.85 898
10.8667 900
10.8833 902
10.9 904
10.9167 906
10.9333 908
10.95 909
10.9667 911
10.9833 913
11.0 915
11.0167 917
11.0333 919
11.05 920
11.0667 922
11.0833 924
11.1 926
11.1167 927
11.1333 929
11.15 931
11.1667 932
11.1833 934
11.2 936
11.2167 937
11.2333 939
11.25 940
11.2667 942
11.2833 943
11.3 945
11.3167 946
11.3333 948
11.35 949
11.3667 951
11.3833 952
11.4 954
11.4167 955
11.4333 956
11.45 958
11.4667 959
11.4833 960
11.5 962
11.5167 963
11.5333 964
11.55 966
11.5667 967
11.5833 968
11.6 969
11.6167 970
11.6333 971
11.65 973
11.6667 974
11.6833 975
11.7 976
11.7167 977
11.7333 978
11.75 979
11.7667 980
11.7833 981
11.8 982
11.8167 983
11.8333 984
11.85 985
11.8667 986
11.8833 986
11.9 987
11.9167 988
11.9333 989
11.95 990
11.9667 991
11.9833 991
12.0 992
12.0167 993
12.0333 993
12.05 994
12.0667 995
12.0833 995
12.1 996
12.1167 997
12.1333 997
12.15 998
12.1667 998
12.1833 999
12.2 999
12.2167 1000
12.2333 1000
12.25 1001
12.2667 1001
12.2833 1002
12.3 1002
12.3167 1002
12.3333 1003
12.35 1003
12.3667 1003
12.3833 1004
12.4 1004
12.4167 1004
12.4333 1004
12.45 1005
12.4667 1005
12.4833 1005
12.5 1005
12.5167 1005
12.5333 1005
12.55 1006
12.5667 1006
12.5833 1006
12.6 1006
12.6167 1006
12.6333 1006
12.65 1006
12.6667 1006
12.6833 1006
12.7 1006
12.7167 1005
12.7333 1005
12.75 1005
12.7667 1005
12.7833 1005
12.8 1005
12.8167 1005
12.8333 1004
12.85 1004
12.8667 1004
12.8833 1003
12.9 1003
12.9167 1003
12.9333 1003
12.95 1002
12.9667 1002
12.9833 1001
13.0 1001
13.0167 1000
13.0333 1000
13.05 1000
13.0667 999
13.0833 999
13.1 998
13.1167 997
13.1333 997
13.15 996
13.1667 996
13.1833 995
13.2 994
13.2167 994
13.2333 993
13.25 992
13.2667 992
13.2833 991
13.3 990
13.3167 989
13.3333 988
13.35 988
13.3667 987
13.3833 986
13.4 985
13.4167 984
13.4333 983
13.45 982
13.4667 981
13.4833 980
13.5 979
13.5167 978
13.5333 977
13.55 976
13.5667 975
13.5833 974
13.6 973
13.6167 972
13.6333 971
13.65 970
13.6667 968
13.6833 967
13.7 966
13.7167 965
13.7333 963
13.75 962
13.7667 961
13.7833 960
13.8 958
13.8167 957
13.8333 956
13.85 954
13.8667 953
13.8833 951
13.9 950
13.9167 948
13.9333 947
13.95 946
13.9667 944
13.9833 943
14.0 941
14.0167 939
14.0333 938
14.05 936
14.0667 935
14.0833 933
14.1 931
14.1167 930
14.1333 928
14.15 926
14.1667 925
14.1833 923
14.2 921
14.2167 919
14.2333 917
14.25 916
14.2667 914
14.2833 912
14.3 910
14.3167 908
14.3333 906
14.35 904
14.3667 903
14.3833 901
14.4 899
14.4167 897
14.4333 895
14.45 893
14.4667 891
14.4833 889
14.5 886
14.5167 884
14.5333 882
14.55 880
14.5667 878
14.5833 876
14.6 874
14.6167 872
14.6333 869
14.65 867
14.6667 865
14.6833 863
14.7 860
14.7167 858
14.7333 856
14.75 854
14.7667 851
14.7833 849
14.8 847
14.8167 844
14.8333 842
14.85 839
14.8667 837
14.8833 835
14.9 832
14.9167 830
14.9333 827
14.95 825
14.9667 822
14.9833 820
15.0 817
15.0167 815
15.0333 812
15.05 809
15.0667 807
15.0833 804
15.1 802
15.1167 799
15.1333 796
15.15 794
15.1667 791
15.1833 788
15.2 786
15.2167 783
15.2333 780
15.25 777
15.2667 775
15.2833 772
15.3 769
15.3167 766
15.3333 763
15.35 760
15.3667 758
15.3833 755
15.4 752
15.4167 749
15.4333 746
15.45 743
15.4667 740
15.4833 737
15.5 734
15.5167 731
15.5333 728
15.55 725
15.5667 722
15.5833 719
15.6 716
15.6167 713
15.6333 710
15.65 707
15.6667 704
15.6833 701
15.7 698
15.7167 695
15.7333 691
15.75 688
15.7667 685
15.7833 682
15.8 679
15.8167 675
15.8333 672
15.85 669
15.8667 666
15.8833 663
15.9 659
15.9167 656
15.9333 653
15.95 649
15.9667 646
15.9833 643
16.0 640
16.0167 636
16.0333 633
16.05 630
16.0667 626
16.0833 623
16.1 619
16.1167 616
16.1333 613
16.15 609
16.1667 606
16.1833 602
16.2 599
16.2167 595
16.2333 592
16.25 588
16.2667 585
16.2833 582
16.3 578
16.3167 574
16.3333 571
16.35 567
16.3667 564
16.3833 560
16.4 557
16.4167 553
16.4333 550
16.45 546
16.4667 543
16.4833 539
16.5 535
16.5167 532
16.5333 528
16.55 524
16.5667 521
16.5833 517
16.6 514
16.6167 510
16.6333 506
16.65 503
16.6667 499
16.6833 495
16.7 492
16.7167 488
16.7333 484
16.75 480
16.7667 477
16.7833 473
16.8 469
16.8167 466
16.8333 462
16.85 458
16.8667 454
16.8833 451
16.9 447
16.9167 443
16.9333 439
16.95 436
16.9667 432
16.9833 428
