8.0 428
8.0167 432
8.0333 436
8.05 440
8.0667 444
8.0833 447
8.1 451
8.1167 455
8.1333 459
8.15 463
8.1667 467
8.1833 470
8.2 474
8.2167 478
8.2333 482
8.25 486
8.2667 490
8.2833 493
8.3 497
8.3167 501
8.3333 505
8.35 508
8.3667 512
8.3833 516
8.4 520
8.4167 523
8.4333 527
8.45 531
8.4667 535
8.4833 538
8.5 542
8.5167 546
8.5333 550
8.55 553
8.5667 557
8.5833 561
8.6 564
8.6167 568
8.6333 572
8.65 575
8.6667 579
8.6833 582
8.7 586
8.7167 590
8.7333 593
8.75 597
8.7667 601
8.7833 604
8.8 608
8.8167 611
8.8333 615
8.85 618
8.8667 622
8.8833 625
8.9 629
8.9167 632
8.9333 636
8.95 639
8.9667 643
8.9833 646
9.0 650
9.0167 653
9.0333 657
9.05 660
9.0667 664
9.0833 667
9.1 670
9.1167 674
9.1333 677
9.15 681
9.1667 684
9.1833 687
9.2 691
9.2167 694
9.2333 697
9.25 701
9.2667 704
9.2833 707
9.3 711
9.3167 714
9.3333 717
9.35 720
9.3667 724
9.3833 727
9.4 730
9.4167 733
9.4333 736
9.45 740
9.4667 743
9.4833 746
9.5 749
9.5167 752
9.5333 755
9.55 758
9.5667 761
9.5833 764
9.6 768
9.6167 771
9.6333 774
9.65 777
9.6667 780
9.6833 783
9.7 786
9.7167 789
9.7333 792
9.75 795
9.7667 798
9.7833 800
9.8 803
9.8167 806
9.8333 809
9.85 812
9.8667 815
9.8833 818
9.9 821
9.9167 823
9.9333 826
9.95 829
9.9667 832
9.9833 834
10.0 837
10.0167 840
10.0333 843
10.05 845
10.0667 848
10.0833 851
10.1 853
10.1167 856
10.1333 859
10.15 861
10.1667 864
10.1833 867
10.2 869
10.2167 872
10.2333 874
10.25 877
10.2667 879
10.2833 882
10.3 884
10.3167 887
10.3333 889
10.35 892
10.3667 894
10.3833 896
10.4 899
10.4167 901
10.4333 904
10.45 906
10.4667 908
10.4833 911
10.5 913
10.5167 915
10.5333 917
10.55 920
10.5667 922
10.5833 924
10.6 926
10.6167 929
10.6333 931
10.65 933
10.6667 935
10.6833 937
10.7 939
10.7167 941
10.7333 944
10.75 946
10.7667 948
10.7833 950
10.8 952
10.8167 954
10.8333 956
10.85 958
10.8667 960
10.8833 962
10.9 963
10.9167 965
10.9333 967
10.95 969
10.9667 971
10.9833 973
11.0 975
11.0167 976
11.0333 978
11.05 980
11.0667 982
11.0833 983
11.1 985
11.1167 987
11.1333 989
11.15 990
11.1667 992
11.1833 993
11.2 995
11.2167 997
11.2333 998
11.25 1000
11.2667 1001
11.2833 1003
11.3 1004
11.3167 1006
11.3333 1007
11.35 1009
11.3667 1010
11.3833 1012
11.4 1013
11.4167 1014
11.4333 1016
11.45 1017
11.4667 1018
11.4833 1020
11.5 1021
11.5167 1022
11.5333 1024
11.55 1025
11.5667 1026
11.5833 1027
11.6 1028
11.6167 1030
11.6333 1031
11.65 1032
11.6667 1033
11.6833 1034
11.7 1035
11.7167 1036
11.7333 1037
11.75 1038
11.7667 1039
11.7833 1040
11.8 1041
11.8167 1042
11.8333 1043
11.85 1044
11.8667 1045
11.8833 1046
11.9 1047
11.9167 1047
11.9333 1048
11.95 1049
11.9667 1050
11.9833 1051
12.0 1051
12.0167 1052
12.0333 1053
12.05 1053
12.0667 1054
12.0833 1055
12.1 1055
12.1167 1056
12.1333 1057
12.15 1057
12.1667 1058
12.1833 1058
12.2 1059
12.2167 1059
12.2333 1060
12.25 1060
12.2667 1061
12.2833 1061
12.3 1062
12.3167 1062
12.3333 1062
12.35 1063
12.3667 1063
12.3833 1063
12.4 1064
12.4167 1064
12.4333 1064
12.45 1064
12.4667 1065
12.4833 1065
12.5 1065
12.5167 1065
12.5333 1065
12.55 1065
12.5667 1066
12.5833 1066
12.6 1066
12.6167 1066
12.6333 1066
12.65 1066
12.6667 1066
12.6833 1066
12.7 1066
12.7167 1066
12.7333 1066
12.75 1065
12.7667 1065
12.7833 1065
12.8 1065
12.8167 1065
12.8333 1065
12.85 1064
12.8667 1064
12.8833 1064
12.9 1064
12.9167 1063
12.9333 1063
12.95 1063
12.9667 1062
12.9833 1062
13.0 1062
13.0167 1061
13.0333 1061
13.05 1060
13.0667 1060
13.0833 1059
13.1 1059
13.1167 1058
13.1333 1058
13.15 1057
13.1667 1057
13.1833 1056
13.2 1056
13.2167 1055
13.2333 1054
13.25 1054
13.2667 1053
13.2833 1052
13.3 1052
13.3167 1051
13.3333 1050
13.35 1049
13.3667 1049
13.3833 1048
13.4 1047
13.4167 1046
13.4333 1045
13.45 1044
13.4667 1043
13.4833 1042
13.5 1042
13.5167 1041
13.5333 1040
13.55 1039
13.5667 1038
13.5833 1037
13.6 1036
13.6167 1034
13.6333 1033
13.65 1032
13.6667 1031
13.6833 1030
13.7 1029
13.7167 1028
13.7333 1026
13.75 1025
13.7667 1024
13.7833 1023
13.8 1021
13.8167 1020
13.8333 1019
13.85 1018
13.8667 1016
13.8833 1015
13.9 1013
13.9167 1012
13.9333 1011
13.95 1009
13.9667 1008
13.9833 1006
14.0 1005
14.0167 1003
14.0333 1002
14.05 1000
14.0667 999
14.0833 997
14.1 996
14.1167 994
14.1333 992
14.15 991
14.1667 989
14.1833 987
14.2 986
14.2167 984
14.2333 982
14.25 981
14.2667 979
14.2833 977
14.3 975
14.3167 973
14.3333 972
14.35 970
14.3667 968
14.3833 966
14.4 964
14.4167 962
14.4333 960
14.45 958
14.4667 956
14.4833 954
14.5 952
14.5167 950
14.5333 948
14.55 946
14.5667 944
14.5833 942
14.6 940
14.6167 938
14.6333 936
14.65 934
14.6667 932
14.6833 929
14.7 927
14.7167 925
14.7333 923
14.75 921
14.7667 918
14.7833 916
14.8 914
14.8167 911
14.8333 909
14.85 907
14.8667 904
14.8833 902
14.9 900
14.9167 897
14.9333 895
14.95 892
14.9667 890
14.9833 888
15.0 885
15.0167 883
15.0333 880
15.05 878
15.0667 875
15.0833 873
15.1 870
15.1167 868
15.1333 865
15.15 862
15.1667 860
15.1833 857
15.2 854
15.2167 852
15.2333 849
15.25 846
15.2667 844
15.2833 841
15.3 838
15.3167 836
15.3333 833
15.35 830
15.3667 827
15.3833 824
15.4 822
15.4167 819
15.4333 816
15.45 813
15.4667 810
15.4833 807
15.5 804
15.5167 802
15.5333 799
15.55 796
15.5667 793
15.5833 790
15.6 787
15.6167 784
15.6333 781
15.65 778
15.6667 775
15.6833 772
15.7 769
15.7167 766
15.7333 763
15.75 760
15.7667 756
15.7833 753
15.8 750
15.8167 747
15.8333 744
15.85 741
15.8667 738
15.8833 734
15.9 731
15.9167 728
15.9333 725
15.95 722
15.9667 718
15.9833 715
16.0 712
16.0167 709
16.0333 705
16.05 702
16.0667 699
16.0833 695
16.1 692
16.1167 689
16.1333 685
16.15 682
16.1667 679
16.1833 675
16.2 672
16.2167 668
16.2333 665
16.25 662
16.2667 658
16.2833 655
16.3 651
16.3167 648
16.3333 644
16.35 641
16.3667 637
16.3833 634
16.4 630
16.4167 627
16.4333 623
16.45 620
16.4667 616
16.4833 613
16.5 609
16.5167 606
16.5333 602
16.55 598
16.5667 595
16.5833 591
16.6 588
16.6167 584
16.6333 580
16.65 577
16.6667 573
16.6833 569
16.7 566
16.7167 562
16.7333 558
16.75 555
16.7667 551
16.7833 547
16.8 544
16.8167 540
16.8333 536
16.85 532
16.8667 529
16.8833 525
16.9 521
16.9167 517
16.9333 514
16.95 510
16.9667 506
16.9833 502
