8.0 350
8.0167 354
8.0333 357
8.05 361
8.0667 365
8.0833 368
8.1 372
8.1167 375
8.1333 379
8.15 383
8.1667 386
8.1833 390
8.2 393
8.2167 397
8.2333 401
8.25 404
8.2667 408
8.2833 412
8.3 415
8.3167 419
8.3333 422
8.35 426
8.3667 430
8.3833 433
8.4 437
8.4167 440
8.4333 444
8.45 447
8.4667 451
8.4833 455
8.5 458
8.5167 462
8.5333 465
8.55 469
8.5667 472
8.5833 476
8.6 479
8.6167 483
8.6333 486
8.65 490
8.6667 494
8.6833 497
8.7 501
8.7167 504
8.7333 507
8.75 511
8.7667 514
8.7833 518
8.8 521
8.8167 525
8.8333 528
8.85 532
8.8667 535
8.8833 539
8.9 542
8.9167 545
8.9333 549
8.95 552
8.9667 556
8.9833 559
9.0 562
9.0167 566
9.0333 569
9.05 572
9.0667 576
9.0833 579
9.1 582
9.1167 586
9.1333 589
9.15 592
9.1667 595
9.1833 599
9.2 602
9.2167 605
9.2333 609
9.25 612
9.2667 615
9.2833 618
9.3 621
9.3167 625
9.3333 628
9.35 631
9.3667 634
9.3833 637
9.4 641
9.4167 644
9.4333 647
9.45 650
9.4667 653
9.4833 656
9.5 659
9.5167 662
9.5333 665
9.55 669
9.5667 672
9.5833 675
9.6 678
9.6167 681
9.6333 684
9.65 687
9.6667 690
9.6833 693
9.7 696
9.7167 699
9.7333 702
9.75 704
9.7667 707
9.7833 710
9.8 713
9.8167 716
9.8333 719
9.85 722
9.8667 725
9.8833 727
9.9 730
9.9167 733
9.9333 736
9.95 739
9.9667 741
9.9833 744
10.0 747
10.0167 750
10.0333 752
10.05 755
10.0667 758
10.0833 760
10.1 763
10.1167 766
10.1333 768
10.15 771
10.1667 774
10.1833 776
10.2 779
10.2167 781
10.2333 784
10.25 786
10.2667 789
10.2833 791
10.3 794
10.3167 796
10.3333 799
10.35 801
10.3667 804
10.3833 806
10.4 809
10.4167 811
10.4333 813
10.45 816
10.4667 818
10.4833 821
10.5 823
10.5167 825
10.5333 827
10.55 830
10.5667 832
10.5833 834
10.6 837
10.6167 839
10.6333 841
10.65 843
10.6667 845
10.6833 847
10.7 850
10.7167 852
10.7333 854
10.75 856
10.7667 858
10.7833 860
10.8 862
10.8167 864
10.8333 866
10.85 868
10.8667 870
10.8833 872
10.9 874
10.9167 876
10.9333 878
10.95 880
10.9667 882
10.9833 884
11.0 886
11.0167 888
11.0333 889
11.05 891
11.0667 893
11.0833 895
11.1 896
11.1167 898
11.1333 900
11.15 902
11.1667 903
11.1833 905
11.2 907
11.2167 908
11.2333 910
11.25 912
11.2667 913
11.2833 915
11.3 916
11.3167 918
11.3333 919
11.35 921
11.3667 923
11.3833 924
11.4 925
11.4167 927
11.4333 928
11.45 930
11.4667 931
11.4833 933
11.5 934
11.5167 935
11.5333 937
11.55 938
11.5667 939
11.5833 940
11.6 942
11.6167 943
11.6333 944
11.65 945
11.6667 947
11.6833 948
11.7 949
11.7167 950
11.7333 951
11.75 952
11.7667 953
11.7833 954
11.8 955
11.8167 957
11.8333 958
11.85 959
11.8667 959
11.8833 960
11.9 961
11.9167 962
11.9333 963
11.95 964
11.9667 965
11.9833 966
12.0 967
12.0167 967
12.0333 968
12.05 969
12.0667 970
12.0833 971
12.1 971
12.1167 972
12.1333 973
12.15 973
12.1667 974
12.1833 975
12.2 975
12.2167 976
12.2333 976
12.25 977
12.2667 978
12.2833 978
12.3 979
12.3167 979
12.3333 980
12.35 980
12.3667 980
12.3833 981
12.4 981
12.4167 982
12.4333 982
12.45 982
12.4667 983
12.4833 983
12.5 983
12.5167 984
12.5333 984
12.55 984
12.5667 984
12.5833 984
12.6 985
12.6167 985
12.6333 985
12.65 985
12.6667 985
12.6833 985
12.7 985
12.7167 985
12.7333 985
12.75 985
12.7667 985
12.7833 985
12.8 985
12.8167 985
12.8333 985
12.85 985
12.8667 985
12.8833 985
12.9 985
12.9167 984
12.9333 984
12.95 984
12.9667 984
12.9833 984
13.0 983
13.0167 983
13.0333 983
13.05 982
13.0667 982
13.0833 982
13.1 981
13.1167 981
13.1333 980
13.15 980
13.1667 980
13.1833 979
13.2 979
13.2167 978
13.2333 978
13.25 977
13.2667 976
13.2833 976
13.3 975
13.3167 975
13.3333 974
13.35 973
13.3667 973
13.3833 972
13.4 971
13.4167 971
13.4333 970
13.45 969
13.4667 968
13.4833 968
13.5 967
13.5167 966
13.5333 965
13.55 964
13.5667 963
13.5833 962
13.6 961
13.6167 960
13.6333 960
13.65 959
13.6667 958
13.6833 957
13.7 955
13.7167 954
13.7333 953
13.75 952
13.7667 951
13.7833 950
13.8 949
13.8167 948
13.8333 947
13.85 945
13.8667 944
13.8833 943
13.9 942
13.9167 940
13.9333 939
13.95 938
13.9667 937
13.9833 935
14.0 934
14.0167 933
14.0333 931
14.05 930
14.0667 928
14.0833 927
14.1 925
14.1167 924
14.1333 923
14.15 921
14.1667 920
14.1833 918
14.2 916
14.2167 915
14.2333 913
14.25 912
14.2667 910
14.2833 908
14.3 907
14.3167 905
14.3333 903
14.35 902
14.3667 900
14.3833 898
14.4 897
14.4167 895
14.4333 893
14.45 891
14.4667 889
14.4833 888
14.5 886
14.5167 884
14.5333 882
14.55 880
14.5667 878
14.5833 876
14.6 874
14.6167 872
14.6333 870
14.65 868
14.6667 866
14.6833 864
14.7 862
14.7167 860
14.7333 858
14.75 856
14.7667 854
14.7833 852
14.8 850
14.8167 848
14.8333 845
14.85 843
14.8667 841
14.8833 839
14.9 837
14.9167 834
14.9333 832
14.95 830
14.9667 828
14.9833 825
15.0 823
15.0167 821
15.0333 818
15.05 816
15.0667 814
15.0833 811
15.1 809
15.1167 806
15.1333 804
15.15 802
15.1667 799
15.1833 797
15.2 794
15.2167 792
15.2333 789
15.25 787
15.2667 784
15.2833 781
15.3 779
15.3167 776
15.3333 774
15.35 771
15.3667 768
15.3833 766
15.4 763
15.4167 761
15.4333 758
15.45 755
15.4667 752
15.4833 750
15.5 747
15.5167 744
15.5333 742
15.55 739
15.5667 736
15.5833 733
15.6 730
15.6167 728
15.6333 725
15.65 722
15.6667 719
15.6833 716
15.7 713
15.7167 710
15.7333 708
15.75 705
15.7667 702
15.7833 699
15.8 696
15.8167 693
15.8333 690
15.85 687
15.8667 684
15.8833 681
15.9 678
15.9167 675
15.9333 672
15.95 669
15.9667 666
15.9833 663
16.0 659
16.0167 656
16.0333 653
16.05 650
16.0667 647
16.0833 644
16.1 641
16.1167 638
16.1333 634
16.15 631
16.1667 628
16.1833 625
16.2 622
16.2167 618
16.2333 615
16.25 612
16.2667 609
16.2833 605
16.3 602
16.3167 599
16.3333 596
16.35 592
16.3667 589
16.3833 586
16.4 582
16.4167 579
16.4333 576
16.45 572
16.4667 569
16.4833 566
16.5 562
16.5167 559
16.5333 556
16.55 552
16.5667 549
16.5833 545
16.6 542
16.6167 539
16.6333 535
16.65 532
16.6667 528
16.6833 525
16.7 521
16.7167 518
16.7333 514
16.75 511
16.7667 507
16.7833 504
16.8 500
16.8167 497
16.8333 493
16.85 490
16.8667 486
16.8833 483
16.9 479
16.9167 476
16.9333 472
16.95 469
16.9667 465
16.9833 462
