8.0 372
8.0167 375
8.0333 379
8.05 383
8.0667 386
8.0833 390
8.1 394
8.1167 397
8.1333 401
8.15 405
8.1667 408
8.1833 412
8.2 416
8.2167 419
8.2333 423
8.25 427
8.2667 430
8.2833 434
8.3 438
8.3167 441
8.3333 445
8.35 448
8.3667 452
8.3833 456
8.4 459
8.4167 463
8.4333 467
8.45 470
8.4667 474
8.4833 477
8.5 481
8.5167 484
8.5333 488
8.55 492
8.5667 495
8.5833 499
8.6 502
8.6167 506
8.6333 509
8.65 513
8.6667 516
8.6833 520
8.7 523
8.7167 527
8.7333 530
8.75 534
8.7667 537
8.7833 541
8.8 544
8.8167 548
8.8333 551
8.85 555
8.8667 558
8.8833 562
8.9 565
8.9167 568
8.9333 572
8.95 575
8.9667 579
8.9833 582
9.0 585
9.0167 589
9.0333 592
9.05 595
9.0667 599
9.0833 602
9.1 605
9.1167 609
9.1333 612
9.15 615
9.1667 619
9.1833 622
9.2 625
9.2167 628
9.2333 632
9.25 635
9.2667 638
9.2833 641
9.3 644
9.3167 648
9.3333 651
9.35 654
9.3667 657
9.3833 660
9.4 663
9.4167 667
9.4333 670
9.45 673
9.4667 676
9.4833 679
9.5 682
9.5167 685
9.5333 688
9.55 691
9.5667 694
9.5833 697
9.6 700
9.6167 703
9.6333 706
9.65 709
9.6667 712
9.6833 715
9.7 718
9.7167 721
9.7333 724
9.75 727
9.7667 730
9.7833 733
9.8 735
9.8167 738
9.8333 741
9.85 744
9.8667 747
9.8833 750
9.9 752
9.9167 755
9.9333 758
9.95 761
9.9667 763
9.9833 766
10.0 769
10.0167 771
10.0333 774
10.05 777
10.0667 779
10.0833 782
10.1 785
10.1167 787
10.1333 790
10.15 792
10.1667 795
10.1833 798
10.2 800
10.2167 803
10.2333 805
10.25 808
10.2667 810
10.2833 813
10.3 815
10.3167 817
10.3333 820
10.35 822
10.3667 825
10.3833 827
10.4 829
10.4167 832
10.4333 834
10.45 836
10.4667 839
10.4833 841
10.5 843
10.5167 846
10.5333 848
10.55 850
10.5667 852
10.5833 854
10.6 857
10.6167 859
10.6333 861
10.65 863
10.6667 865
10.6833 867
10.7 869
10.7167 871
10.7333 874
10.75 876
10.7667 878
10.7833 880
10.8 882
10.8167 884
10.8333 886
10.85 887
10.8667 889
10.8833 891
10.9 893
10.9167 895
10.9333 897
10.95 899
10.9667 901
10.9833 902
11.0 904
11.0167 906
11.0333 908
11.05 910
11.0667 911
11.0833 913
11.1 915
11.1167 916
11.1333 918
11.15 920
11.1667 921
11.1833 923
11.2 925
11.2167 926
11.2333 928
11.25 929
11.2667 931
11.2833 932
11.3 934
11.3167 935
11.3333 937
11.35 938
11.3667 940
11.3833 941
11.4 942
11.4167 944
11.4333 945
11.45 946
11.4667 948
11.4833 949
11.5 950
11.5167 952
11.5333 953
11.55 954
11.5667 955
11.5833 956
11.6 958
11.6167 959
11.6333 960
11.65 961
11.6667 962
11.6833 963
11.7 964
11.7167 965
11.7333 966
11.75 967
11.7667 968
11.7833 969
11.8 970
11.8167 971
11.8333 972
11.85 973
11.8667 974
11.8833 975
11.9 976
11.9167 977
11.9333 977
11.95 978
11.9667 979
11.9833 980
12.0 981
12.0167 981
12.0333 982
12.05 983
12.0667 983
12.0833 984
12.1 985
12.1167 985
12.1333 986
12.15 986
12.1667 987
12.1833 988
12.2 988
12.2167 989
12.2333 989
12.25 990
12.2667 990
12.2833 990
12.3 991
12.3167 991
12.3333 992
12.35 992
12.3667 992
12.3833 993
12.4 993
12.4167 993
12.4333 994
12.45 994
12.4667 994
12.4833 994
12.5 994
12.5167 995
12.5333 995
12.55 995
12.5667 995
12.5833 995
12.6 995
12.6167 995
12.6333 995
12.65 995
12.6667 995
12.6833 995
12.7 995
12.7167 995
12.7333 995
12.75 995
12.7667 995
12.7833 995
12.8 995
12.8167 994
12.8333 994
12.85 994
12.8667 994
12.8833 994
12.9 993
12.9167 993
12.9333 993
12.95 992
12.9667 992
12.9833 992
13.0 991
13.0167 991
13.0333 991
13.05 990
13.0667 990
13.0833 989
13.1 989
13.1167 988
13.1333 988
13.15 987
13.1667 987
13.1833 986
13.2 985
13.2167 985
13.2333 984
13.25 984
13.2667 983
13.2833 982
13.3 982
13.3167 981
13.3333 980
13.35 979
13.3667 979
13.3833 978
13.4 977
13.4167 976
13.4333 975
13.45 974
13.4667 973
13.4833 973
13.5 972
13.5167 971
13.5333 970
13.55 969
13.5667 968
13.5833 967
13.6 966
13.6167 965
13.6333 964
13.65 963
13.6667 961
13.6833 960
13.7 959
13.7167 958
13.7333 957
13.75 956
13.7667 954
13.7833 953
13.8 952
13.8167 951
13.8333 949
13.85 948
13.8667 947
13.8833 945
13.9 944
13.9167 943
13.9333 941
13.95 940
13.9667 939
13.9833 937
14.0 936
14.0167 934
14.0333 933
14.05 931
14.0667 930
14.0833 928
14.1 927
14.1167 925
14.1333 923
14.15 922
14.1667 920
14.1833 919
14.2 917
14.2167 915
14.2333 914
14.25 912
14.2667 910
14.2833 908
14.3 907
14.3167 905
14.3333 903
14.35 901
14.3667 899
14.3833 898
14.4 896
14.4167 894
14.4333 892
14.45 890
14.4667 888
14.4833 886
14.5 884
14.5167 882
14.5333 880
14.55 878
14.5667 876
14.5833 874
14.6 872
14.6167 870
14.6333 868
14.65 866
14.6667 864
14.6833 862
14.7 860
14.7167 857
14.7333 855
14.75 853
14.7667 851
14.7833 849
14.8 846
14.8167 844
14.8333 842
14.85 839
14.8667 837
14.8833 835
14.9 833
14.9167 830
14.9333 828
14.95 825
14.9667 823
14.9833 821
15.0 818
15.0167 816
15.0333 814
15.05 811
15.0667 809
15.0833 806
15.1 804
15.1167 801
15.1333 799
15.15 796
15.1667 793
15.1833 791
15.2 788
15.2167 786
15.2333 783
15.25 780
15.2667 778
15.2833 775
15.3 772
15.3167 770
15.3333 767
15.35 764
15.3667 762
15.3833 759
15.4 756
15.4167 753
15.4333 751
15.45 748
15.4667 745
15.4833 742
15.5 739
15.5167 736
15.5333 734
15.55 731
15.5667 728
15.5833 725
15.6 722
15.6167 719
15.6333 716
15.65 713
15.6667 710
15.6833 707
15.7 704
15.7167 701
15.7333 698
15.75 695
15.7667 692
15.7833 689
15.8 686
15.8167 683
15.8333 680
15.85 677
15.8667 674
15.8833 671
15.9 668
15.9167 665
15.9333 662
15.95 658
15.9667 655
15.9833 652
16.0 649
16.0167 646
16.0333 643
16.05 639
16.0667 636
16.0833 633
16.1 630
16.1167 626
16.1333 623
16.15 620
16.1667 617
16.1833 613
16.2 610
16.2167 607
16.2333 603
16.25 600
16.2667 597
16.2833 593
16.3 590
16.3167 587
16.3333 583
16.35 580
16.3667 576
16.3833 573
16.4 570
16.4167 566
16.4333 563
16.45 559
16.4667 556
16.4833 553
16.5 549
16.5167 546
16.5333 542
16.55 539
16.5667 535
16.5833 532
16.6 528
16.6167 525
16.6333 521
16.65 518
16.6667 514
16.6833 511
16.7 507
16.7167 504
16.7333 500
16.75 497
16.7667 493
16.7833 489
16.8 486
16.8167 482
16.8333 479
16.85 475
16.8667 471
16.8833 468
16.9 464
16.9167 461
16.9333 457
16.95 453
16.9667 450
16.9833 446
