8.0 333
8.0167 337
8.0333 340
8.05 344
8.0667 348
8.0833 351
8.1 355
8.1167 359
8.1333 362
8.15 366
8.1667 370
8.1833 373
8.2 377
8.2167 381
8.2333 384
8.25 388
8.2667 392
8.2833 395
8.3 399
8.3167 403
8.3333 406
8.35 410
8.3667 413
8.3833 417
8.4 421
8.4167 424
8.4333 428
8.45 432
8.4667 435
8.4833 439
8.5 443
8.5167 446
8.5333 450
8.55 453
8.5667 457
8.5833 461
8.6 464
8.6167 468
8.6333 471
8.65 475
8.6667 478
8.6833 482
8.7 486
8.7167 489
8.7333 493
8.75 496
8.7667 500
8.7833 503
8.8 507
8.8167 510
8.8333 514
8.85 517
8.8667 521
8.8833 524
8.9 528
8.9167 531
8.9333 535
8.95 538
8.9667 542
8.9833 545
9.0 549
9.0167 552
9.0333 555
9.05 559
9.0667 562
9.0833 565
9.1 569
9.1167 572
9.1333 576
9.15 579
9.1667 582
9.1833 586
9.2 589
9.2167 592
9.2333 596
9.25 599
9.2667 602
9.2833 606
9.3 609
9.3167 612
9.3333 615
9.35 619
9.3667 622
9.3833 625
9.4 628
9.4167 632
9.4333 635
9.45 638
9.4667 641
9.4833 644
9.5 647
9.5167 651
9.5333 654
9.55 657
9.5667 660
9.5833 663
9.6 666
9.6167 669
9.6333 672
9.65 675
9.6667 679
9.6833 682
9.7 685
9.7167 688
9.7333 691
9.75 694
9.7667 697
9.7833 700
9.8 703
9.8167 706
9.8333 708
9.85 711
9.8667 714
9.8833 717
9.9 720
9.9167 723
9.9333 726
9.95 729
9.9667 731
9.9833 734
10.0 737
10.0167 740
10.0333 743
10.05 745
10.0667 748
10.0833 751
10.1 754
10.1167 756
10.1333 759
10.15 762
10.1667 765
10.1833 767
10.2 770
10.2167 772
10.2333 775
10.25 778
10.2667 780
10.2833 783
10.3 785
10.3167 788
10.3333 791
10.35 793
10.3667 796
10.3833 798
10.4 801
10.4167 803
10.4333 806
10.45 808
10.4667 810
10.4833 813
10.5 815
10.5167 818
10.5333 820
10.55 822
10.5667 825
10.5833 827
10.6 829
10.6167 832
10.6333 834
10.65 836
10.6667 838
10.6833 841
10.7 843
10.7167 845
10.7333 847
10.75 849
10.7667 851
10.7833 854
10.8 856
10.8167 858
10.8333 860
10.85 862
10.8667 864
10.8833 866
10.9 868
10.9167 870
10.9333 872
10.95 874
10.9667 876
10.9833 878
11.0 880
11.0167 882
11.0333 884
11.05 886
11.0667 888
11.0833 889
11.1 891
11.1167 893
11.1333 895
11.15 897
11.1667 898
11.1833 900
11.2 902
11.2167 904
11.2333 905
11.25 907
11.2667 909
11.2833 910
11.3 912
11.3167 913
11.3333 915
11.35 917
11.3667 918
11.3833 920
11.4 921
11.4167 923
11.4333 924
11.45 926
11.4667 927
11.4833 929
11.5 930
11.5167 932
11.5333 933
11.55 934
11.5667 936
11.5833 937
11.6 938
11.6167 940
11.6333 941
11.65 942
11.6667 943
11.6833 945
11.7 946
11.7167 947
11.7333 948
11.75 949
11.7667 951
11.7833 952
11.8 953
11.8167 954
11.8333 955
11.85 956
11.8667 957
11.8833 958
11.9 959
11.9167 960
11.9333 961
11.95 962
11.9667 963
11.9833 964
12.0 965
12.0167 965
12.0333 966
12.05 967
12.0667 968
12.0833 969
12.1 970
12.1167 970
12.1333 971
12.15 972
12.1667 973
12.1833 973
12.2 974
12.2167 975
12.2333 975
12.25 976
12.2667 976
12.2833 977
12.3 978
12.3167 978
12.3333 979
12.35 979
12.3667 980
12.3833 980
12.4 980
12.4167 981
12.4333 981
12.45 982
12.4667 982
12.4833 982
12.5 983
12.5167 983
12.5333 983
12.55 984
12.5667 984
12.5833 984
12.6 984
12.6167 985
12.6333 985
12.65 985
12.6667 985
12.6833 985
12.7 985
12.7167 985
12.7333 986
12.75 986
12.7667 986
12.7833 986
12.8 986
12.8167 986
12.8333 986
12.85 986
12.8667 985
12.8833 985
12.9 985
12.9167 985
12.9333 985
12.95 985
12.9667 985
12.9833 984
13.0 984
13.0167 984
13.0333 984
13.05 983
13.0667 983
13.0833 983
13.1 982
13.1167 982
13.1333 982
13.15 981
13.1667 981
13.1833 980
13.2 980
13.2167 979
13.2333 979
13.25 978
13.2667 978
13.2833 977
13.3 977
13.3167 976
13.3333 976
13.35 975
13.3667 974
13.3833 974
13.4 973
13.4167 972
13.4333 972
13.45 971
13.4667 970
13.4833 969
13.5 969
13.5167 968
13.5333 967
13.55 966
13.5667 965
13.5833 964
13.6 964
13.6167 963
13.6333 962
13.65 961
13.6667 960
13.6833 959
13.7 958
13.7167 957
13.7333 956
13.75 955
13.7667 954
13.7833 953
13.8 951
13.8167 950
13.8333 949
13.85 948
13.8667 947
13.8833 946
13.9 944
13.9167 943
13.9333 942
13.95 941
13.9667 939
13.9833 938
14.0 937
14.0167 935
14.0333 934
14.05 933
14.0667 931
14.0833 930
14.1 928
14.1167 927
14.1333 926
14.15 924
14.1667 923
14.1833 921
14.2 920
14.2167 918
14.2333 916
14.25 915
14.2667 913
14.2833 912
14.3 910
14.3167 908
14.3333 907
14.35 905
14.3667 903
14.3833 902
14.4 900
14.4167 898
14.4333 896
14.45 895
14.4667 893
14.4833 891
14.5 889
14.5167 887
14.5333 885
14.55 883
14.5667 882
14.5833 880
14.6 878
14.6167 876
14.6333 874
14.65 872
14.6667 870
14.6833 868
14.7 866
14.7167 864
14.7333 862
14.75 860
14.7667 857
14.7833 855
14.8 853
14.8167 851
14.8333 849
14.85 847
14.8667 845
14.8833 842
14.9 840
14.9167 838
14.9333 836
14.95 833
14.9667 831
14.9833 829
15.0 827
15.0167 824
15.0333 822
15.05 820
15.0667 817
15.0833 815
15.1 812
15.1167 810
15.1333 808
15.15 805
15.1667 803
15.1833 800
15.2 798
15.2167 795
15.2333 793
15.25 790
15.2667 788
15.2833 785
15.3 782
15.3167 780
15.3333 777
15.35 775
15.3667 772
15.3833 769
15.4 767
15.4167 764
15.4333 761
15.45 759
15.4667 756
15.4833 753
15.5 751
15.5167 748
15.5333 745
15.55 742
15.5667 739
15.5833 737
15.6 734
15.6167 731
15.6333 728
15.65 725
15.6667 722
15.6833 720
15.7 717
15.7167 714
15.7333 711
15.75 708
15.7667 705
15.7833 702
15.8 699
15.8167 696
15.8333 693
15.85 690
15.8667 687
15.8833 684
15.9 681
15.9167 678
15.9333 675
15.95 672
15.9667 669
15.9833 666
16.0 663
16.0167 659
16.0333 656
16.05 653
16.0667 650
16.0833 647
16.1 644
16.1167 641
16.1333 637
16.15 634
16.1667 631
16.1833 628
16.2 625
16.2167 621
16.2333 618
16.25 615
16.2667 611
16.2833 608
16.3 605
16.3167 602
16.3333 598
16.35 595
16.3667 592
16.3833 588
16.4 585
16.4167 582
16.4333 578
16.45 575
16.4667 572
16.4833 568
16.5 565
16.5167 561
16.5333 558
16.55 555
16.5667 551
16.5833 548
16.6 544
16.6167 541
16.6333 537
16.65 534
16.6667 530
16.6833 527
16.7 523
16.7167 520
16.7333 516
16.75 513
16.7667 509
16.7833 506
16.8 502
16.8167 499
16.8333 495
16.85 492
16.8667 488
16.8833 485
16.9 481
16.9167 477
16.9333 474
16.95 470
16.9667 467
16.9833 463
