8.0 334
8.0167 337
8.0333 341
8.05 345
8.0667 349
8.0833 352
8.1 356
8.1167 360
8.1333 364
8.15 367
8.1667 371
8.1833 375
8.2 378
8.2167 382
8.2333 386
8.25 390
8.2667 393
8.2833 397
8.3 401
8.3167 405
8.3333 408
8.35 412
8.3667 416
8.3833 419
8.4 423
8.4167 427
8.4333 430
8.45 434
8.4667 438
8.4833 441
8.5 445
8.5167 449
8.5333 452
8.55 456
8.5667 460
8.5833 463
8.6 467
8.6167 471
8.6333 474
8.65 478
8.6667 482
8.6833 485
8.7 489
8.7167 492
8.7333 496
8.75 500
8.7667 503
8.7833 507
8.8 510
8.8167 514
8.8333 518
8.85 521
8.8667 525
8.8833 528
8.9 532
8.9167 535
8.9333 539
8.95 542
8.9667 546
8.9833 549
9.0 553
9.0167 556
9.0333 560
9.05 563
9.0667 566
9.0833 570
9.1 573
9.1167 577
9.1333 580
9.15 584
9.1667 587
9.1833 590
9.2 594
9.2167 597
9.2333 601
9.25 604
9.2667 607
9.2833 611
9.3 614
9.3167 617
9.3333 621
9.35 624
9.3667 627
9.3833 630
9.4 634
9.4167 637
9.4333 640
9.45 643
9.4667 647
9.4833 650
9.5 653
9.5167 656
9.5333 660
9.55 663
9.5667 666
9.5833 669
9.6 672
9.6167 675
9.6333 678
9.65 682
9.6667 685
9.6833 688
9.7 691
9.7167 694
9.7333 697
9.75 700
9.7667 703
9.7833 706
9.8 709
9.8167 712
9.8333 715
9.85 718
9.8667 721
9.8833 724
9.9 727
9.9167 730
9.9333 733
9.95 735
9.9667 738
9.9833 741
10.0 744
10.0167 747
10.0333 750
10.05 752
10.0667 755
10.0833 758
10.1 761
10.1167 764
10.1333 766
10.15 769
10.1667 772
10.1833 774
10.2 777
10.2167 780
10.2333 783
10.25 785
10.2667 788
10.2833 790
10.3 793
10.3167 796
10.3333 798
10.35 801
10.3667 803
10.3833 806
10.4 808
10.4167 811
10.4333 813
10.45 816
10.4667 818
10.4833 821
10.5 823
10.5167 826
10.5333 828
10.55 830
10.5667 833
10.5833 835
10.6 837
10.6167 840
10.6333 842
10.65 844
10.6667 847
10.6833 849
10.7 851
10.7167 853
10.7333 856
10.75 858
10.7667 860
10.7833 862
10.8 864
10.8167 866
10.8333 869
10.85 871
10.8667 873
10.8833 875
10.9 877
10.9167 879
10.9333 881
10.95 883
10.9667 885
10.9833 887
11.0 889
11.0167 891
11.0333 893
11.05 895
11.0667 897
11.0833 898
11.1 900
11.1167 902
11.1333 904
11.15 906
11.1667 908
11.1833 909
11.2 911
11.2167 913
11.2333 914
11.25 916
11.2667 918
11.2833 920
11.3 921
11.3167 923
11.3333 924
11.35 926
11.3667 928
11.3833 929
11.4 931
11.4167 932
11.4333 934
11.45 935
11.4667 937
11.4833 938
11.5 940
11.5167 941
11.5333 943
11.55 944
11.5667 945
11.5833 947
11.6 948
11.6167 949
11.6333 951
11.65 952
11.6667 953
11.6833 954
11.7 956
11.7167 957
11.7333 958
11.75 959
11.7667 960
11.7833 962
11.8 963
11.8167 964
11.8333 965
11.85 966
11.8667 967
11.8833 968
11.9 969
11.9167 970
11.9333 971
11.95 972
11.9667 973
11.9833 974
12.0 975
12.0167 976
12.0333 977
12.05 977
12.0667 978
12.0833 979
12.1 980
12.1167 981
12.1333 981
12.15 982
12.1667 983
12.1833 984
12.2 984
12.2167 985
12.2333 986
12.25 986
12.2667 987
12.2833 987
12.3 988
12.3167 989
12.3333 989
12.35 990
12.3667 990
12.3833 991
12.4 991
12.4167 991
12.4333 992
12.45 992
12.4667 993
12.4833 993
12.5 993
12.5167 994
12.5333 994
12.55 994
12.5667 995
12.5833 995
12.6 995
12.6167 995
12.6333 995
12.65 996
12.6667 996
12.6833 996
12.7 996
12.7167 996
12.7333 996
12.75 996
12.7667 996
12.7833 996
12.8 996
12.8167 996
12.8333 996
12.85 996
12.8667 996
12.8833 996
12.9 996
12.9167 996
12.9333 996
12.95 996
12.9667 995
12.9833 995
13.0 995
13.0167 995
13.0333 994
13.05 994
13.0667 994
13.0833 994
13.1 993
13.1167 993
13.1333 993
13.15 992
13.1667 992
13.1833 991
13.2 991
13.2167 990
13.2333 990
13.25 989
13.2667 989
13.2833 988
13.3 988
13.3167 987
13.3333 987
13.35 986
13.3667 985
13.3833 985
13.4 984
13.4167 983
13.4333 983
13.45 982
13.4667 981
13.4833 980
13.5 980
13.5167 979
13.5333 978
13.55 977
13.5667 976
13.5833 975
13.6 974
13.6167 974
13.6333 973
13.65 972
13.6667 971
13.6833 970
13.7 969
13.7167 968
13.7333 967
13.75 966
13.7667 965
13.7833 963
13.8 962
13.8167 961
13.8333 960
13.85 959
13.8667 958
13.8833 956
13.9 955
13.9167 954
13.9333 953
13.95 951
13.9667 950
13.9833 949
14.0 948
14.0167 946
14.0333 945
14.05 943
14.0667 942
14.0833 941
14.1 939
14.1167 938
14.1333 936
14.15 935
14.1667 933
14.1833 932
14.2 930
14.2167 929
14.2333 927
14.25 925
14.2667 924
14.2833 922
14.3 921
14.3167 919
14.3333 917
14.35 916
14.3667 914
14.3833 912
14.4 910
14.4167 909
14.4333 907
14.45 905
14.4667 903
14.4833 901
14.5 900
14.5167 898
14.5333 896
14.55 894
14.5667 892
14.5833 890
14.6 888
14.6167 886
14.6333 884
14.65 882
14.6667 880
14.6833 878
14.7 876
14.7167 874
14.7333 872
14.75 870
14.7667 868
14.7833 866
14.8 863
14.8167 861
14.8333 859
14.85 857
14.8667 855
14.8833 852
14.9 850
14.9167 848
14.9333 846
14.95 843
14.9667 841
14.9833 839
15.0 836
15.0167 834
15.0333 832
15.05 829
15.0667 827
15.0833 825
15.1 822
15.1167 820
15.1333 817
15.15 815
15.1667 812
15.1833 810
15.2 807
15.2167 805
15.2333 802
15.25 800
15.2667 797
15.2833 795
15.3 792
15.3167 789
15.3333 787
15.35 784
15.3667 781
15.3833 779
15.4 776
15.4167 773
15.4333 771
15.45 768
15.4667 765
15.4833 762
15.5 760
15.5167 757
15.5333 754
15.55 751
15.5667 748
15.5833 746
15.6 743
15.6167 740
15.6333 737
15.65 734
15.6667 731
15.6833 728
15.7 725
15.7167 723
15.7333 720
15.75 717
15.7667 714
15.7833 711
15.8 708
15.8167 705
15.8333 702
15.85 699
15.8667 696
15.8833 693
15.9 689
15.9167 686
15.9333 683
15.95 680
15.9667 677
15.9833 674
16.0 671
16.0167 668
16.0333 665
16.05 661
16.0667 658
16.0833 655
16.1 652
16.1167 649
16.1333 645
16.15 642
16.1667 639
16.1833 636
16.2 632
16.2167 629
16.2333 626
16.25 622
16.2667 619
16.2833 616
16.3 612
16.3167 609
16.3333 606
16.35 602
16.3667 599
16.3833 596
16.4 592
16.4167 589
16.4333 586
16.45 582
16.4667 579
16.4833 575
16.5 572
16.5167 568
16.5333 565
16.55 561
16.5667 558
16.5833 555
16.6 551
16.6167 548
16.6333 544
16.65 541
16.6667 537
16.6833 533
16.7 530
16.7167 526
16.7333 523
16.75 519
16.7667 516
16.7833 512
16.8 509
16.8167 505
16.8333 501
16.85 498
16.8667 494
16.8833 491
16.9 487
16.9167 483
16.9333 480
16.95 476
16.9667 473
16.9833 469
