8.0 217
8.0167 220
8.0333 223
8.05 226
8.0667 228
8.0833 231
8.1 234
8.1167 236
8.1333 239
8.15 242
8.1667 245
8.1833 247
8.2 250
8.2167 253
8.2333 256
8.25 258
8.2667 261
8.2833 264
8.3 267
8.3167 270
8.3333 272
8.35 275
8.3667 278
8.3833 281
8.4 284
8.4167 286
8.4333 289
8.45 292
8.4667 295
8.4833 298
8.5 300
8.5167 303
8.5333 306
8.55 309
8.5667 312
8.5833 315
8.6 317
8.6167 320
8.6333 323
8.65 326
8.6667 329
8.6833 332
8.7 334
8.7167 337
8.7333 340
8.75 343
8.7667 346
8.7833 349
8.8 351
8.8167 354
8.8333 357
8.85 360
8.8667 363
8.8833 366
8.9 368
8.9167 371
8.9333 374
8.95 377
8.9667 380
8.9833 382
9.0 385
9.0167 388
9.0333 391
9.05 393
9.0667 396
9.0833 399
9.1 402
9.1167 405
9.1333 407
9.15 410
9.1667 413
9.1833 416
9.2 418
9.2167 421
9.2333 424
9.25 427
9.2667 429
9.2833 432
9.3 435
9.3167 438
9.3333 440
9.35 443
9.3667 446
9.3833 448
9.4 451
9.4167 454
9.4333 457
9.45 459
9.4667 462
9.4833 465
9.5 467
9.5167 470
9.5333 473
9.55 475
9.5667 478
9.5833 480
9.6 483
9.6167 486
9.6333 488
9.65 491
9.6667 493
9.6833 496
9.7 499
9.7167 501
9.7333 504
9.75 506
9.7667 509
9.7833 511
9.8 514
9.8167 516
9.8333 519
9.85 521
9.8667 524
9.8833 526
9.9 529
9.9167 531
9.9333 534
9.95 536
9.9667 539
9.9833 541
10.0 543
10.0167 546
10.0333 548
10.05 551
10.0667 553
10.0833 555
10.1 558
10.1167 560
10.1333 562
10.15 565
10.1667 567
10.1833 569
10.2 572
10.2167 574
10.2333 576
10.25 578
10.2667 581
10.2833 583
10.3 585
10.3167 587
10.3333 590
10.35 592
10.3667 594
10.3833 596
10.4 598
10.4167 600
10.4333 603
10.45 605
10.4667 607
10.4833 609
10.5 611
10.5167 613
10.5333 615
10.55 617
10.5667 619
10.5833 621
10.6 623
10.6167 625
10.6333 627
10.65 629
10.6667 631
10.6833 633
10.7 635
10.7167 637
10.7333 639
10.75 641
10.7667 643
10.7833 645
10.8 646
10.8167 648
10.8333 650
10.85 652
10.8667 654
10.8833 655
10.9 657
10.9167 659
10.9333 661
10.95 662
10.9667 664
10.9833 666
11.0 668
11.0167 669
11.0333 671
11.05 673
11.0667 674
11.0833 676
11.1 677
11.1167 679
11.1333 681
11.15 682
11.1667 684
11.1833 685
11.2 687
11.2167 688
11.2333 690
11.25 691
11.2667 693
11.2833 694
11.3 696
11.3167 697
11.3333 698
11.35 700
11.3667 701
11.3833 703
11.4 704
11.4167 705
11.4333 707
11.45 708
11.4667 709
11.4833 710
11.5 712
11.5167 713
11.5333 714
11.55 715
11.5667 717
11.5833 718
11.6 719
11.6167 720
11.6333 721
11.65 722
11.6667 723
11.6833 724
11.7 726
11.7167 727
11.7333 728
11.75 729
11.7667 730
11.7833 731
11.8 732
11.8167 733
11.8333 734
11.85 734
11.8667 735
11.8833 736
11.9 737
11.9167 738
11.9333 739
11.95 740
11.9667 740
11.9833 741
12.0 742
12.0167 743
12.0333 744
12.05 744
12.0667 745
12.0833 746
12.1 746
12.1167 747
12.1333 748
12.15 748
12.1667 749
12.1833 750
12.2 750
12.2167 751
12.2333 751
12.25 752
12.2667 752
12.2833 753
12.3 753
12.3167 754
12.3333 754
12.35 755
12.3667 755
12.3833 755
12.4 756
12.4167 756
12.4333 757
12.45 757
12.4667 757
12.4833 758
12.5 758
12.5167 758
12.5333 758
12.55 759
12.5667 759
12.5833 759
12.6 759
12.6167 759
12.6333 760
12.65 760
12.6667 760
12.6833 760
12.7 760
12.7167 760
12.7333 760
12.75 760
12.7667 760
12.7833 760
12.8 760
12.8167 760
12.8333 760
12.85 760
12.8667 760
12.8833 760
12.9 760
12.9167 760
12.9333 759
12.95 759
12.9667 759
12.9833 759
13.0 759
13.0167 758
13.0333 758
13.05 758
13.0667 758
13.0833 757
13.1 757
13.1167 757
13.1333 756
13.15 756
13.1667 756
13.1833 755
13.2 755
13.2167 754
13.2333 754
13.25 753
13.2667 753
13.2833 752
13.3 752
13.3167 751
13.3333 751
13.35 750
13.3667 750
13.3833 749
13.4 748
13.4167 748
13.4333 747
13.45 747
13.4667 746
13.4833 745
13.5 744
13.5167 744
13.5333 743
13.55 742
13.5667 741
13.5833 741
13.6 740
13.6167 739
13.6333 738
13.65 737
13.6667 736
13.6833 736
13.7 735
13.7167 734
13.7333 733
13.75 732
13.7667 731
13.7833 730
13.8 729
13.8167 728
13.8333 727
13.85 726
13.8667 725
13.8833 724
13.9 722
13.9167 721
13.9333 720
13.95 719
13.9667 718
13.9833 717
14.0 716
14.0167 714
14.0333 713
14.05 712
14.0667 711
14.0833 709
14.1 708
14.1167 707
14.1333 705
14.15 704
14.1667 703
14.1833 701
14.2 700
14.2167 699
14.2333 697
14.25 696
14.2667 694
14.2833 693
14.3 692
14.3167 690
14.3333 689
14.35 687
14.3667 686
14.3833 684
14.4 682
14.4167 681
14.4333 679
14.45 678
14.4667 676
14.4833 674
14.5 673
14.5167 671
14.5333 670
14.55 668
14.5667 666
14.5833 664
14.6 663
14.6167 661
14.6333 659
14.65 658
14.6667 656
14.6833 654
14.7 652
14.7167 650
14.7333 648
14.75 647
14.7667 645
14.7833 643
14.8 641
14.8167 639
14.8333 637
14.85 635
14.8667 633
14.8833 631
14.9 629
14.9167 628
14.9333 626
14.95 624
14.9667 622
14.9833 619
15.0 617
15.0167 615
15.0333 613
15.05 611
15.0667 609
15.0833 607
15.1 605
15.1167 603
15.1333 601
15.15 599
15.1667 596
15.1833 594
15.2 592
15.2167 590
15.2333 588
15.25 586
15.2667 583
15.2833 581
15.3 579
15.3167 577
15.3333 574
15.35 572
15.3667 570
15.3833 567
15.4 565
15.4167 563
15.4333 560
15.45 558
15.4667 556
15.4833 553
15.5 551
15.5167 549
15.5333 546
15.55 544
15.5667 541
15.5833 539
15.6 537
15.6167 534
15.6333 532
15.65 529
15.6667 527
15.6833 524
15.7 522
15.7167 519
15.7333 517
15.75 514
15.7667 512
15.7833 509
15.8 507
15.8167 504
15.8333 502
15.85 499
15.8667 496
15.8833 494
15.9 491
15.9167 489
15.9333 486
15.95 483
15.9667 481
15.9833 478
16.0 476
16.0167 473
16.0333 470
16.05 468
16.0667 465
16.0833 462
16.1 460
16.1167 457
16.1333 454
16.15 452
16.1667 449
16.1833 446
16.2 443
16.2167 441
16.2333 438
16.25 435
16.2667 433
16.2833 430
16.3 427
16.3167 424
16.3333 422
16.35 419
16.3667 416
16.3833 413
16.4 411
16.4167 408
16.4333 405
16.45 402
16.4667 399
16.4833 397
16.5 394
16.5167 391
16.5333 388
16.55 385
16.5667 383
16.5833 380
16.6 377
16.6167 374
16.6333 371
16.65 369
16.6667 366
16.6833 363
16.7 360
16.7167 357
16.7333 354
16.75 352
16.7667 349
16.7833 346
16.8 343
16.8167 340
16.8333 337
16.85 335
16.8667 332
16.8833 329
16.9 326
16.9167 323
16.9333 320
16.95 318
16.9667 315
16.9833 312
