8.0 343
8.0167 346
8.0333 350
8.05 354
8.0667 357
8.0833 361
8.1 364
8.1167 368
8.1333 372
8.15 375
8.1667 379
8.1833 383
8.2 386
8.2167 390
8.2333 394
8.25 397
8.2667 401
8.2833 405
8.3 408
8.3167 412
8.3333 415
8.35 419
8.3667 423
8.3833 426
8.4 430
8.4167 433
8.4333 437
8.45 441
8.4667 444
8.4833 448
8.5 451
8.5167 455
8.5333 459
8.55 462
8.5667 466
8.5833 469
8.6 473
8.6167 476
8.6333 480
8.65 484
8.6667 487
8.6833 491
8.7 494
8.7167 498
8.7333 501
8.75 505
8.7667 508
8.7833 512
8.8 515
8.8167 519
8.8333 522
8.85 526
8.8667 529
8.8833 533
8.9 536
8.9167 539
8.9333 543
8.95 546
8.9667 550
8.9833 553
9.0 557
9.0167 560
9.0333 563
9.05 567
9.0667 570
9.0833 573
9.1 577
9.1167 580
9.1333 583
9.15 587
9.1667 590
9.1833 593
9.2 597
9.2167 600
9.2333 603
9.25 606
9.2667 610
9.2833 613
9.3 616
9.3167 619
9.3333 623
9.35 626
9.3667 629
9.3833 632
9.4 636
9.4167 639
9.4333 642
9.45 645
9.4667 648
9.4833 651
9.5 654
9.5167 658
9.5333 661
9.55 664
9.5667 667
9.5833 670
9.6 673
9.6167 676
9.6333 679
9.65 682
9.6667 685
9.6833 688
9.7 691
9.7167 694
9.7333 697
9.75 700
9.7667 703
9.7833 706
9.8 709
9.8167 712
9.8333 715
9.85 718
9.8667 720
9.8833 723
9.9 726
9.9167 729
9.9333 732
9.95 735
9.9667 737
9.9833 740
10.0 743
10.0167 746
10.0333 749
10.05 751
10.0667 754
10.0833 757
10.1 759
10.1167 762
10.1333 765
10.15 767
10.1667 770
10.1833 773
10.2 775
10.2167 778
10.2333 781
10.25 783
10.2667 786
10.2833 788
10.3 791
10.3167 793
10.3333 796
10.35 798
10.3667 801
10.3833 803
10.4 806
10.4167 808
10.4333 811
10.45 813
10.4667 815
10.4833 818
10.5 820
10.5167 822
10.5333 825
10.55 827
10.5667 829
10.5833 832
10.6 834
10.6167 836
10.6333 838
10.65 841
10.6667 843
10.6833 845
10.7 847
10.7167 849
10.7333 852
10.75 854
10.7667 856
10.7833 858
10.8 860
10.8167 862
10.8333 864
10.85 866
10.8667 868
10.8833 870
10.9 872
10.9167 874
10.9333 876
10.95 878
10.9667 880
10.9833 882
11.0 884
11.0167 886
11.0333 888
11.05 889
11.0667 891
11.0833 893
11.1 895
11.1167 897
11.1333 898
11.15 900
11.1667 902
11.1833 904
11.2 905
11.2167 907
11.2333 909
11.25 910
11.2667 912
11.2833 914
11.3 915
11.3167 917
11.3333 918
11.35 920
11.3667 921
11.3833 923
11.4 924
11.4167 926
11.4333 927
11.45 929
11.4667 930
11.4833 932
11.5 933
11.5167 934
11.5333 936
11.55 937
11.5667 938
11.5833 940
11.6 941
11.6167 942
11.6333 944
11.65 945
11.6667 946
11.6833 947
11.7 948
11.7167 950
11.7333 951
11.75 952
11.7667 953
11.7833 954
11.8 955
11.8167 956
11.8333 957
11.85 958
11.8667 959
11.8833 960
11.9 961
11.9167 962
11.9333 963
11.95 964
11.9667 965
11.9833 966
12.0 967
12.0167 968
12.0333 968
12.05 969
12.0667 970
12.0833 971
12.1 972
12.1167 972
12.1333 973
12.15 974
12.1667 974
12.1833 975
12.2 976
12.2167 976
12.2333 977
12.25 978
12.2667 978
12.2833 979
12.3 979
12.3167 980
12.3333 980
12.35 981
12.3667 981
12.3833 982
12.4 982
12.4167 982
12.4333 983
12.45 983
12.4667 984
12.4833 984
12.5 984
12.5167 985
12.5333 985
12.55 985
12.5667 985
12.5833 986
12.6 986
12.6167 986
12.6333 986
12.65 986
12.6667 986
12.6833 986
12.7 987
12.7167 987
12.7333 987
12.75 987
12.7667 987
12.7833 987
12.8 987
12.8167 987
12.8333 987
12.85 987
12.8667 986
12.8833 986
12.9 986
12.9167 986
12.9333 986
12.95 986
12.9667 986
12.9833 985
13.0 985
13.0167 985
13.0333 985
13.05 984
13.0667 984
13.0833 984
13.1 983
13.1167 983
13.1333 982
13.15 982
13.1667 982
13.1833 981
13.2 981
13.2167 980
13.2333 980
13.25 979
13.2667 979
13.2833 978
13.3 977
13.3167 977
13.3333 976
13.35 976
13.3667 975
13.3833 974
13.4 974
13.4167 973
13.4333 972
13.45 971
13.4667 971
13.4833 970
13.5 969
13.5167 968
13.5333 967
13.55 967
13.5667 966
13.5833 965
13.6 964
13.6167 963
13.6333 962
13.65 961
13.6667 960
13.6833 959
13.7 958
13.7167 957
13.7333 956
13.75 955
13.7667 954
13.7833 953
13.8 952
13.8167 951
13.8333 949
13.85 948
13.8667 947
13.8833 946
13.9 945
13.9167 943
13.9333 942
13.95 941
13.9667 940
13.9833 938
14.0 937
14.0167 936
14.0333 934
14.05 933
14.0667 931
14.0833 930
14.1 929
14.1167 927
14.1333 926
14.15 924
14.1667 923
14.1833 921
14.2 920
14.2167 918
14.2333 917
14.25 915
14.2667 913
14.2833 912
14.3 910
14.3167 908
14.3333 907
14.35 905
14.3667 903
14.3833 902
14.4 900
14.4167 898
14.4333 896
14.45 895
14.4667 893
14.4833 891
14.5 889
14.5167 887
14.5333 885
14.55 884
14.5667 882
14.5833 880
14.6 878
14.6167 876
14.6333 874
14.65 872
14.6667 870
14.6833 868
14.7 866
14.7167 864
14.7333 862
14.75 860
14.7667 858
14.7833 855
14.8 853
14.8167 851
14.8333 849
14.85 847
14.8667 845
14.8833 843
14.9 840
14.9167 838
14.9333 836
14.95 834
14.9667 831
14.9833 829
15.0 827
15.0167 824
15.0333 822
15.05 820
15.0667 817
15.0833 815
15.1 813
15.1167 810
15.1333 808
15.15 805
15.1667 803
15.1833 800
15.2 798
15.2167 795
15.2333 793
15.25 790
15.2667 788
15.2833 785
15.3 783
15.3167 780
15.3333 778
15.35 775
15.3667 772
15.3833 770
15.4 767
15.4167 764
15.4333 762
15.45 759
15.4667 756
15.4833 754
15.5 751
15.5167 748
15.5333 745
15.55 743
15.5667 740
15.5833 737
15.6 734
15.6167 731
15.6333 729
15.65 726
15.6667 723
15.6833 720
15.7 717
15.7167 714
15.7333 711
15.75 708
15.7667 706
15.7833 703
15.8 700
15.8167 697
15.8333 694
15.85 691
15.8667 688
15.8833 685
15.9 682
15.9167 679
15.9333 676
15.95 673
15.9667 669
15.9833 666
16.0 663
16.0167 660
16.0333 657
16.05 654
16.0667 651
16.0833 648
16.1 645
16.1167 641
16.1333 638
16.15 635
16.1667 632
16.1833 629
16.2 625
16.2167 622
16.2333 619
16.25 616
16.2667 612
16.2833 609
16.3 606
16.3167 603
16.3333 599
16.35 596
16.3667 593
16.3833 589
16.4 586
16.4167 583
16.4333 579
16.45 576
16.4667 573
16.4833 569
16.5 566
16.5167 563
16.5333 559
16.55 556
16.5667 552
16.5833 549
16.6 546
16.6167 542
16.6333 539
16.65 535
16.6667 532
16.6833 528
16.7 525
16.7167 521
16.7333 518
16.75 514
16.7667 511
16.7833 507
16.8 504
16.8167 500
16.8333 497
16.85 493
16.8667 490
16.8833 486
16.9 483
16.9167 479
16.9333 476
16.95 472
16.9667 469
16.9833 465
