8.0 308
8.0167 312
8.0333 316
8.05 320
8.0667 324
8.0833 327
8.1 331
8.1167 335
8.1333 339
8.15 343
8.1667 347
8.1833 350
8.2 354
8.2167 358
8.2333 362
8.25 366
8.2667 370
8.2833 373
8.3 377
8.3167 381
8.3333 385
8.35 389
8.3667 392
8.3833 396
8.4 400
8.4167 404
8.4333 408
8.45 411
8.4667 415
8.4833 419
8.5 423
8.5167 426
8.5333 430
8.55 434
8.5667 438
8.5833 441
8.6 445
8.6167 449
8.6333 453
8.65 456
8.6667 460
8.6833 464
8.7 468
8.7167 471
8.7333 475
8.75 479
8.7667 482
8.7833 486
8.8 490
8.8167 493
8.8333 497
8.85 501
8.8667 504
8.8833 508
8.9 512
8.9167 515
8.9333 519
8.95 523
8.9667 526
8.9833 530
9.0 533
9.0167 537
9.0333 540
9.05 544
9.0667 547
9.0833 551
9.1 555
9.1167 558
9.1333 562
9.15 565
9.1667 569
9.1833 572
9.2 576
9.2167 579
9.2333 583
9.25 586
9.2667 589
9.2833 593
9.3 596
9.3167 600
9.3333 603
9.35 607
9.3667 610
9.3833 613
9.4 617
9.4167 620
9.4333 623
9.45 627
9.4667 630
9.4833 633
9.5 637
9.5167 640
9.5333 643
9.55 646
9.5667 650
9.5833 653
9.6 656
9.6167 659
9.6333 663
9.65 666
9.6667 669
9.6833 672
9.7 675
9.7167 679
9.7333 682
9.75 685
9.7667 688
9.7833 691
9.8 694
9.8167 697
9.8333 700
9.85 703
9.8667 706
9.8833 709
9.9 712
9.9167 715
9.9333 718
9.95 721
9.9667 724
9.9833 727
10.0 730
10.0167 733
10.0333 736
10.05 739
10.0667 742
10.0833 745
10.1 747
10.1167 750
10.1333 753
10.15 756
10.1667 759
10.1833 761
10.2 764
10.2167 767
10.2333 770
10.25 772
10.2667 775
10.2833 778
10.3 780
10.3167 783
10.3333 786
10.35 788
10.3667 791
10.3833 794
10.4 796
10.4167 799
10.4333 801
10.45 804
10.4667 806
10.4833 809
10.5 811
10.5167 814
10.5333 816
10.55 819
10.5667 821
10.5833 824
10.6 826
10.6167 828
10.6333 831
10.65 833
10.6667 835
10.6833 838
10.7 840
10.7167 842
10.7333 845
10.75 847
10.7667 849
10.7833 851
10.8 854
10.8167 856
10.8333 858
10.85 860
10.8667 862
10.8833 864
10.9 866
10.9167 868
10.9333 871
10.95 873
10.9667 875
10.9833 877
11.0 879
11.0167 881
11.0333 883
11.05 885
11.0667 886
11.0833 888
11.1 890
11.1167 892
11.1333 894
11.15 896
11.1667 898
11.1833 900
11.2 901
11.2167 903
11.2333 905
11.25 907
11.2667 908
11.2833 910
11.3 912
11.3167 913
11.3333 915
11.35 917
11.3667 918
11.3833 920
11.4 921
11.4167 923
11.4333 925
11.45 926
11.4667 928
11.4833 929
11.5 931
11.5167 932
11.5333 933
11.55 935
11.5667 936
11.5833 938
11.6 939
11.6167 940
11.6333 942
11.65 943
11.6667 944
11.6833 945
11.7 947
11.7167 948
11.7333 949
11.75 950
11.7667 952
11.7833 953
11.8 954
11.8167 955
11.8333 956
11.85 957
11.8667 958
11.8833 959
11.9 960
11.9167 961
11.9333 962
11.95 963
11.9667 964
11.9833 965
12.0 966
12.0167 967
12.0333 968
12.05 969
12.0667 969
12.0833 970
12.1 971
12.1167 972
12.1333 973
12.15 973
12.1667 974
12.1833 975
12.2 975
12.2167 976
12.2333 977
12.25 977
12.2667 978
12.2833 978
12.3 979
12.3167 980
12.3333 980
12.35 981
12.3667 981
12.3833 982
12.4 982
12.4167 982
12.4333 983
12.45 983
12.4667 984
12.4833 984
12.5 984
12.5167 985
12.5333 985
12.55 985
12.5667 985
12.5833 986
12.6 986
12.6167 986
12.6333 986
12.65 986
12.6667 986
12.6833 987
12.7 987
12.7167 987
12.7333 987
12.75 987
12.7667 987
12.7833 987
12.8 987
12.8167 987
12.8333 987
12.85 987
12.8667 987
12.8833 986
12.9 986
12.9167 986
12.9333 986
12.95 986
12.9667 985
12.9833 985
13.0 985
13.0167 985
13.0333 984
13.05 984
13.0667 984
13.0833 983
13.1 983
13.1167 983
13.1333 982
13.15 982
13.1667 981
13.1833 981
13.2 980
13.2167 980
13.2333 979
13.25 979
13.2667 978
13.2833 978
13.3 977
13.3167 976
13.3333 976
13.35 975
13.3667 974
13.3833 974
13.4 973
13.4167 972
13.4333 971
13.45 971
13.4667 970
13.4833 969
13.5 968
13.5167 967
13.5333 966
13.55 965
13.5667 965
13.5833 964
13.6 963
13.6167 962
13.6333 961
13.65 960
13.6667 959
13.6833 958
13.7 957
13.7167 955
13.7333 954
13.75 953
13.7667 952
13.7833 951
13.8 950
13.8167 948
13.8333 947
13.85 946
13.8667 945
13.8833 943
13.9 942
13.9167 941
13.9333 940
13.95 938
13.9667 937
13.9833 935
14.0 934
14.0167 933
14.0333 931
14.05 930
14.0667 928
14.0833 927
14.1 925
14.1167 924
14.1333 922
14.15 921
14.1667 919
14.1833 917
14.2 916
14.2167 914
14.2333 912
14.25 911
14.2667 909
14.2833 907
14.3 906
14.3167 904
14.3333 902
14.35 900
14.3667 898
14.3833 897
14.4 895
14.4167 893
14.4333 891
14.45 889
14.4667 887
14.4833 885
14.5 883
14.5167 881
14.5333 880
14.55 878
14.5667 875
14.5833 873
14.6 871
14.6167 869
14.6333 867
14.65 865
14.6667 863
14.6833 861
14.7 859
14.7167 857
14.7333 854
14.75 852
14.7667 850
14.7833 848
14.8 846
14.8167 843
14.8333 841
14.85 839
14.8667 836
14.8833 834
14.9 832
14.9167 829
14.9333 827
14.95 825
14.9667 822
14.9833 820
15.0 817
15.0167 815
15.0333 812
15.05 810
15.0667 807
15.0833 805
15.1 802
15.1167 799
15.1333 797
15.15 794
15.1667 792
15.1833 789
15.2 786
15.2167 784
15.2333 781
15.25 779
15.2667 776
15.2833 773
15.3 770
15.3167 768
15.3333 765
15.35 762
15.3667 759
15.3833 757
15.4 754
15.4167 751
15.4333 748
15.45 745
15.4667 742
15.4833 740
15.5 737
15.5167 734
15.5333 731
15.55 728
15.5667 725
15.5833 722
15.6 719
15.6167 716
15.6333 713
15.65 710
15.6667 707
15.6833 704
15.7 701
15.7167 698
15.7333 695
15.75 692
15.7667 689
15.7833 686
15.8 683
15.8167 679
15.8333 676
15.85 673
15.8667 670
15.8833 667
15.9 664
15.9167 660
15.9333 657
15.95 654
15.9667 651
15.9833 647
16.0 644
16.0167 641
16.0333 638
16.05 634
16.0667 631
16.0833 628
16.1 624
16.1167 621
16.1333 618
16.15 614
16.1667 611
16.1833 607
16.2 604
16.2167 601
16.2333 597
16.25 594
16.2667 590
16.2833 587
16.3 583
16.3167 580
16.3333 577
16.35 573
16.3667 570
16.3833 566
16.4 563
16.4167 559
16.4333 556
16.45 552
16.4667 548
16.4833 545
16.5 541
16.5167 538
16.5333 534
16.55 531
16.5667 527
16.5833 523
16.6 520
16.6167 516
16.6333 512
16.65 509
16.6667 505
16.6833 502
16.7 498
16.7167 494
16.7333 491
16.75 487
16.7667 483
16.7833 479
16.8 476
16.8167 472
16.8333 468
16.85 465
16.8667 461
16.8833 457
16.9 453
16.9167 450
16.9333 446
16.95 442
16.9667 438
16.9833 435
