8.0 339
8.0167 343
8.0333 347
8.05 351
8.0667 354
8.0833 358
8.1 362
8.1167 366
8.1333 370
8.15 374
8.1667 378
8.1833 382
8.2 386
8.2167 390
8.2333 393
8.25 397
8.2667 401
8.2833 405
8.3 409
8.3167 413
8.3333 417
8.35 421
8.3667 425
8.3833 428
8.4 432
8.4167 436
8.4333 440
8.45 444
8.4667 448
8.4833 451
8.5 455
8.5167 459
8.5333 463
8.55 467
8.5667 471
8.5833 474
8.6 478
8.6167 482
8.6333 486
8.65 490
8.6667 493
8.6833 497
8.7 501
8.7167 505
8.7333 508
8.75 512
8.7667 516
8.7833 520
8.8 523
8.8167 527
8.8333 531
8.85 534
8.8667 538
8.8833 542
8.9 545
8.9167 549
8.9333 553
8.95 556
8.9667 560
8.9833 564
9.0 567
9.0167 571
9.0333 574
9.05 578
9.0667 581
9.0833 585
9.1 589
9.1167 592
9.1333 596
9.15 599
9.1667 603
9.1833 606
9.2 610
9.2167 613
9.2333 617
9.25 620
9.2667 624
9.2833 627
9.3 631
9.3167 634
9.3333 638
9.35 641
9.3667 644
9.3833 648
9.4 651
9.4167 655
9.4333 658
9.45 661
9.4667 665
9.4833 668
9.5 671
9.5167 675
9.5333 678
9.55 681
9.5667 684
9.5833 688
9.6 691
9.6167 694
9.6333 697
9.65 701
9.6667 704
9.6833 707
9.7 710
9.7167 713
9.7333 716
9.75 720
9.7667 723
9.7833 726
9.8 729
9.8167 732
9.8333 735
9.85 738
9.8667 741
9.8833 744
9.9 747
9.9167 750
9.9333 753
9.95 756
9.9667 759
9.9833 762
10.0 765
10.0167 768
10.0333 771
10.05 774
10.0667 777
10.0833 780
10.1 782
10.1167 785
10.1333 788
10.15 791
10.1667 794
10.1833 797
10.2 799
10.2167 802
10.2333 805
10.25 808
10.2667 810
10.2833 813
10.3 816
10.3167 818
10.3333 821
10.35 824
10.3667 826
10.3833 829
10.4 831
10.4167 834
10.4333 837
10.45 839
10.4667 842
10.4833 844
10.5 847
10.5167 849
10.5333 852
10.55 854
10.5667 856
10.5833 859
10.6 861
10.6167 864
10.6333 866
10.65 868
10.6667 871
10.6833 873
10.7 875
10.7167 878
10.7333 880
10.75 882
10.7667 884
10.7833 887
10.8 889
10.8167 891
10.8333 893
10.85 895
10.8667 898
10.8833 900
10.9 902
10.9167 904
10.9333 906
10.95 908
10.9667 910
10.9833 912
11.0 914
11.0167 916
11.0333 918
11.05 920
11.0667 922
11.0833 924
11.1 926
11.1167 928
11.1333 930
11.15 931
11.1667 933
11.1833 935
11.2 937
11.2167 939
11.2333 940
11.25 942
11.2667 944
11.2833 946
11.3 947
11.3167 949
11.3333 951
11.35 952
11.3667 954
11.3833 956
11.4 957
11.4167 959
11.4333 960
11.45 962
11.4667 963
11.4833 965
11.5 966
11.5167 968
11.5333 969
11.55 971
11.5667 972
11.5833 973
11.6 975
11.6167 976
11.6333 978
11.65 979
11.6667 980
11.6833 981
11.7 983
11.7167 984
11.7333 985
11.75 986
11.7667 988
11.7833 989
11.8 990
11.8167 991
11.8333 992
11.85 993
11.8667 994
11.8833 995
11.9 996
11.9167 997
11.9333 998
11.95 999
11.9667 1000
11.9833 1001
12.0 1002
12.0167 1003
12.0333 1004
12.05 1005
12.0667 1006
12.0833 1006
12.1 1007
12.1167 1008
12.1333 1009
12.15 1010
12.1667 1010
12.1833 1011
12.2 1012
12.2167 1012
12.2333 1013
12.25 1014
12.2667 1014
12.2833 1015
12.3 1015
12.3167 1016
12.3333 1017
12.35 1017
12.3667 1018
12.3833 1018
12.4 1019
12.4167 1019
12.4333 1019
12.45 1020
12.4667 1020
12.4833 1021
12.5 1021
12.5167 1021
12.5333 1021
12.55 1022
12.5667 1022
12.5833 1022
12.6 1023
12.6167 1023
12.6333 1023
12.65 1023
12.6667 1023
12.6833 1023
12.7 1023
12.7167 1024
12.7333 1024
12.75 1024
12.7667 1024
12.7833 1024
12.8 1024
12.8167 1024
12.8333 1024
12.85 1024
12.8667 1023
12.8833 1023
12.9 1023
12.9167 1023
12.9333 1023
12.95 1023
12.9667 1023
12.9833 1022
13.0 1022
13.0167 1022
13.0333 1022
13.05 1021
13.0667 1021
13.0833 1021
13.1 1020
13.1167 1020
13.1333 1019
13.15 1019
13.1667 1019
13.1833 1018
13.2 1018
13.2167 1017
13.2333 1017
13.25 1016
13.2667 1016
13.2833 1015
13.3 1014
13.3167 1014
13.3333 1013
13.35 1013
13.3667 1012
13.3833 1011
13.4 1010
13.4167 1010
13.4333 1009
13.45 1008
13.4667 1007
13.4833 1007
13.5 1006
13.5167 1005
13.5333 1004
13.55 1003
13.5667 1002
13.5833 1001
13.6 1001
13.6167 1000
13.6333 999
13.65 998
13.6667 997
13.6833 996
13.7 994
13.7167 993
13.7333 992
13.75 991
13.7667 990
13.7833 989
13.8 988
13.8167 987
13.8333 985
13.85 984
13.8667 983
13.8833 982
13.9 980
13.9167 979
13.9333 978
13.95 977
13.9667 975
13.9833 974
14.0 972
14.0167 971
14.0333 970
14.05 968
14.0667 967
14.0833 965
14.1 964
14.1167 962
14.1333 961
14.15 959
14.1667 958
14.1833 956
14.2 954
14.2167 953
14.2333 951
14.25 949
14.2667 948
14.2833 946
14.3 944
14.3167 943
14.3333 941
14.35 939
14.3667 937
14.3833 936
14.4 934
14.4167 932
14.4333 930
14.45 928
14.4667 926
14.4833 924
14.5 923
14.5167 921
14.5333 919
14.55 917
14.5667 915
14.5833 913
14.6 911
14.6167 909
14.6333 907
14.65 904
14.6667 902
14.6833 900
14.7 898
14.7167 896
14.7333 894
14.75 892
14.7667 889
14.7833 887
14.8 885
14.8167 883
14.8333 881
14.85 878
14.8667 876
14.8833 874
14.9 871
14.9167 869
14.9333 867
14.95 864
14.9667 862
14.9833 860
15.0 857
15.0167 854
15.0333 852
15.05 849
15.0667 847
15.0833 844
15.1 842
15.1167 839
15.1333 837
15.15 834
15.1667 832
15.1833 829
15.2 827
15.2167 824
15.2333 821
15.25 819
15.2667 816
15.2833 813
15.3 811
15.3167 808
15.3333 805
15.35 802
15.3667 800
15.3833 797
15.4 794
15.4167 791
15.4333 788
15.45 786
15.4667 783
15.4833 780
15.5 777
15.5167 774
15.5333 771
15.55 768
15.5667 765
15.5833 763
15.6 760
15.6167 757
15.6333 754
15.65 751
15.6667 748
15.6833 745
15.7 742
15.7167 739
15.7333 735
15.75 732
15.7667 729
15.7833 726
15.8 723
15.8167 720
15.8333 717
15.85 714
15.8667 711
15.8833 707
15.9 704
15.9167 701
15.9333 698
15.95 695
15.9667 691
15.9833 688
16.0 685
16.0167 682
16.0333 678
16.05 675
16.0667 672
16.0833 668
16.1 665
16.1167 662
16.1333 658
16.15 655
16.1667 652
16.1833 648
16.2 645
16.2167 641
16.2333 638
16.25 635
16.2667 631
16.2833 628
16.3 624
16.3167 621
16.3333 617
16.35 614
16.3667 610
16.3833 607
16.4 603
16.4167 600
16.4333 596
16.45 593
16.4667 589
16.4833 585
16.5 582
16.5167 578
16.5333 575
16.55 571
16.5667 567
16.5833 564
16.6 560
16.6167 557
16.6333 553
16.65 549
16.6667 546
16.6833 542
16.7 538
16.7167 535
16.7333 531
16.75 527
16.7667 523
16.7833 520
16.8 516
16.8167 512
16.8333 509
16.85 505
16.8667 501
16.8833 497
16.9 494
16.9167 490
16.9333 486
16.95 482
16.9667 478
16.9833 475
