8.0 243
8.0167 246
8.0333 250
8.05 253
8.0667 257
8.0833 260
8.1 264
8.1167 267
8.1333 270
8.15 274
8.1667 277
8.1833 281
8.2 284
8.2167 288
8.2333 291
8.25 295
8.2667 298
8.2833 302
8.3 305
8.3167 309
8.3333 312
8.35 316
8.3667 319
8.3833 323
8.4 326
8.4167 330
8.4333 333
8.45 337
8.4667 340
8.4833 344
8.5 347
8.5167 351
8.5333 354
8.55 358
8.5667 361
8.5833 365
8.6 368
8.6167 372
8.6333 375
8.65 379
8.6667 382
8.6833 385
8.7 389
8.7167 392
8.7333 396
8.75 399
8.7667 403
8.7833 406
8.8 410
8.8167 413
8.8333 417
8.85 420
8.8667 424
8.8833 427
8.9 430
8.9167 434
8.9333 437
8.95 441
8.9667 444
8.9833 447
9.0 451
9.0167 454
9.0333 457
9.05 461
9.0667 464
9.0833 467
9.1 471
9.1167 474
9.1333 478
9.15 481
9.1667 484
9.1833 488
9.2 491
9.2167 494
9.2333 497
9.25 501
9.2667 504
9.2833 507
9.3 511
9.3167 514
9.3333 517
9.35 520
9.3667 524
9.3833 527
9.4 530
9.4167 533
9.4333 536
9.45 540
9.4667 543
9.4833 546
9.5 549
9.5167 552
9.5333 555
9.55 559
9.5667 562
9.5833 565
9.6 568
9.6167 571
9.6333 574
9.65 577
9.6667 580
9.6833 583
9.7 586
9.7167 589
9.7333 592
9.75 595
9.7667 598
9.7833 601
9.8 604
9.8167 607
9.8333 610
9.85 613
9.8667 616
9.8833 619
9.9 622
9.9167 625
9.9333 628
9.95 630
9.9667 633
9.9833 636
10.0 639
10.0167 642
10.0333 645
10.05 647
10.0667 650
10.0833 653
10.1 656
10.1167 658
10.1333 661
10.15 664
10.1667 666
10.1833 669
10.2 672
10.2167 674
10.2333 677
10.25 680
10.2667 682
10.2833 685
10.3 687
10.3167 690
10.3333 693
10.35 695
10.3667 698
10.3833 700
10.4 703
10.4167 705
10.4333 708
10.45 710
10.4667 712
10.4833 715
10.5 717
10.5167 720
10.5333 722
10.55 724
10.5667 727
10.5833 729
10.6 731
10.6167 734
10.6333 736
10.65 738
10.6667 741
10.6833 743
10.7 745
10.7167 747
10.7333 749
10.75 752
10.7667 754
10.7833 756
10.8 758
10.8167 760
10.8333 762
10.85 764
10.8667 766
10.8833 768
10.9 770
10.9167 772
10.9333 774
10.95 776
10.9667 778
10.9833 780
11.0 782
11.0167 784
11.0333 786
11.05 788
11.0667 790
11.0833 792
11.1 793
11.1167 795
11.1333 797
11.15 799
11.1667 801
11.1833 802
11.2 804
11.2167 806
11.2333 807
11.25 809
11.2667 811
11.2833 812
11.3 814
11.3167 816
11.3333 817
11.35 819
11.3667 820
11.3833 822
11.4 823
11.4167 825
11.4333 826
11.45 828
11.4667 829
11.4833 831
11.5 832
11.5167 833
11.5333 835
11.55 836
11.5667 838
11.5833 839
11.6 840
11.6167 841
11.6333 843
11.65 844
11.6667 845
11.6833 846
11.7 848
11.7167 849
11.7333 850
11.75 851
11.7667 852
11.7833 853
11.8 854
11.8167 855
11.8333 856
11.85 857
11.8667 858
11.8833 859
11.9 860
11.9167 861
11.9333 862
11.95 863
11.9667 864
11.9833 865
12.0 866
12.0167 867
12.0333 867
12.05 868
12.0667 869
12.0833 870
12.1 870
12.1167 871
12.1333 872
12.15 873
12.1667 873
12.1833 874
12.2 874
12.2167 875
12.2333 876
12.25 876
12.2667 877
12.2833 877
12.3 878
12.3167 878
12.3333 879
12.35 879
12.3667 880
12.3833 880
12.4 880
12.4167 881
12.4333 881
12.45 881
12.4667 882
12.4833 882
12.5 882
12.5167 883
12.5333 883
12.55 883
12.5667 883
12.5833 883
12.6 884
12.6167 884
12.6333 884
12.65 884
12.6667 884
12.6833 884
12.7 884
12.7167 884
12.7333 884
12.75 884
12.7667 884
12.7833 884
12.8 884
12.8167 884
12.8333 884
12.85 884
12.8667 883
12.8833 883
12.9 883
12.9167 883
12.9333 883
12.95 882
12.9667 882
12.9833 882
13.0 882
13.0167 881
13.0333 881
13.05 881
13.0667 880
13.0833 880
13.1 879
13.1167 879
13.1333 878
13.15 878
13.1667 877
13.1833 877
13.2 876
13.2167 876
13.2333 875
13.25 875
13.2667 874
13.2833 873
13.3 873
13.3167 872
13.3333 871
13.35 871
13.3667 870
13.3833 869
13.4 868
13.4167 868
13.4333 867
13.45 866
13.4667 865
13.4833 864
13.5 863
13.5167 863
13.5333 862
13.55 861
13.5667 860
13.5833 859
13.6 858
13.6167 857
13.6333 856
13.65 855
13.6667 854
13.6833 853
13.7 851
13.7167 850
13.7333 849
13.75 848
13.7667 847
13.7833 846
13.8 844
13.8167 843
13.8333 842
13.85 841
13.8667 839
13.8833 838
13.9 837
13.9167 835
13.9333 834
13.95 833
13.9667 831
13.9833 830
14.0 828
14.0167 827
14.0333 826
14.05 824
14.0667 822
14.0833 821
14.1 819
14.1167 818
14.1333 816
14.15 815
14.1667 813
14.1833 811
14.2 810
14.2167 808
14.2333 806
14.25 805
14.2667 803
14.2833 801
14.3 800
14.3167 798
14.3333 796
14.35 794
14.3667 792
14.3833 791
14.4 789
14.4167 787
14.4333 785
14.45 783
14.4667 781
14.4833 779
14.5 777
14.5167 775
14.5333 773
14.55 771
14.5667 769
14.5833 767
14.6 765
14.6167 763
14.6333 761
14.65 759
14.6667 757
14.6833 755
14.7 753
14.7167 750
14.7333 748
14.75 746
14.7667 744
14.7833 742
14.8 739
14.8167 737
14.8333 735
14.85 732
14.8667 730
14.8833 728
14.9 725
14.9167 723
14.9333 721
14.95 718
14.9667 716
14.9833 714
15.0 711
15.0167 708
15.0333 706
15.05 703
15.0667 701
15.0833 698
15.1 696
15.1167 693
15.1333 691
15.15 688
15.1667 685
15.1833 683
15.2 680
15.2167 678
15.2333 675
15.25 672
15.2667 670
15.2833 667
15.3 664
15.3167 662
15.3333 659
15.35 656
15.3667 653
15.3833 651
15.4 648
15.4167 645
15.4333 642
15.45 640
15.4667 637
15.4833 634
15.5 631
15.5167 628
15.5333 625
15.55 622
15.5667 620
15.5833 617
15.6 614
15.6167 611
15.6333 608
15.65 605
15.6667 602
15.6833 599
15.7 596
15.7167 593
15.7333 590
15.75 587
15.7667 584
15.7833 581
15.8 578
15.8167 575
15.8333 572
15.85 569
15.8667 565
15.8833 562
15.9 559
15.9167 556
15.9333 553
15.95 550
15.9667 547
15.9833 544
16.0 540
16.0167 537
16.0333 534
16.05 531
16.0667 528
16.0833 524
16.1 521
16.1167 518
16.1333 515
16.15 511
16.1667 508
16.1833 505
16.2 502
16.2167 498
16.2333 495
16.25 492
16.2667 488
16.2833 485
16.3 482
16.3167 478
16.3333 475
16.35 472
16.3667 468
16.3833 465
16.4 462
16.4167 458
16.4333 455
16.45 451
16.4667 448
16.4833 445
16.5 441
16.5167 438
16.5333 434
16.55 431
16.5667 427
16.5833 424
16.6 421
16.6167 417
16.6333 414
16.65 410
16.6667 407
16.6833 403
16.7 400
16.7167 396
16.7333 393
16.75 390
16.7667 386
16.7833 383
16.8 379
16.8167 376
16.8333 372
16.85 369
16.8667 365
16.8833 362
16.9 358
16.9167 355
16.9333 351
16.95 348
16.9667 344
16.9833 341
