8.0 295
8.0167 298
8.0333 302
8.05 306
8.0667 310
8.0833 313
8.1 317
8.1167 321
8.1333 325
8.15 328
8.1667 332
8.1833 336
8.2 340
8.2167 344
8.2333 347
8.25 351
8.2667 355
8.2833 359
8.3 362
8.3167 366
8.3333 370
8.35 374
8.3667 378
8.3833 381
8.4 385
8.4167 389
8.4333 393
8.45 396
8.4667 400
8.4833 404
8.5 408
8.5167 411
8.5333 415
8.55 419
8.5667 423
8.5833 426
8.6 430
8.6167 434
8.6333 438
8.65 441
8.6667 445
8.6833 449
8.7 452
8.7167 456
8.7333 460
8.75 463
8.7667 467
8.7833 471
8.8 474
8.8167 478
8.8333 482
8.85 485
8.8667 489
8.8833 493
8.9 496
8.9167 500
8.9333 503
8.95 507
8.9667 511
8.9833 514
9.0 518
9.0167 521
9.0333 525
9.05 528
9.0667 532
9.0833 535
9.1 539
9.1167 542
9.1333 546
9.15 549
9.1667 553
9.1833 556
9.2 560
9.2167 563
9.2333 567
9.25 570
9.2667 574
9.2833 577
9.3 580
9.3167 584
9.3333 587
9.35 591
9.3667 594
9.3833 597
9.4 601
9.4167 604
9.4333 607
9.45 611
9.4667 614
9.4833 617
9.5 621
9.5167 624
9.5333 627
9.55 630
9.5667 634
9.5833 637
9.6 640
9.6167 643
9.6333 647
9.65 650
9.6667 653
9.6833 656
9.7 659
9.7167 662
9.7333 666
9.75 669
9.7667 672
9.7833 675
9.8 678
9.8167 681
9.8333 684
9.85 687
9.8667 690
9.8833 693
9.9 696
9.9167 699
9.9333 702
9.95 705
9.9667 708
9.9833 711
10.0 714
10.0167 717
10.0333 720
10.05 723
10.0667 725
10.0833 728
10.1 731
10.1167 734
10.1333 737
10.15 740
10.1667 742
10.1833 745
10.2 748
10.2167 751
10.2333 753
10.25 756
10.2667 759
10.2833 761
10.3 764
10.3167 767
10.3333 769
10.35 772
10.3667 775
10.3833 777
10.4 780
10.4167 782
10.4333 785
10.45 787
10.4667 790
10.4833 792
10.5 795
10.5167 797
10.5333 800
10.55 802
10.5667 805
10.5833 807
10.6 810
10.6167 812
10.6333 814
10.65 817
10.6667 819
10.6833 821
10.7 824
10.7167 826
10.7333 828
10.75 830
10.7667 833
10.7833 835
10.8 837
10.8167 839
10.8333 841
10.85 843
10.8667 846
10.8833 848
10.9 850
10.9167 852
10.9333 854
10.95 856
10.9667 858
10.9833 860
11.0 862
11.0167 864
11.0333 866
11.05 868
11.0667 870
11.0833 872
11.1 874
11.1167 875
11.1333 877
11.15 879
11.1667 881
11.1833 883
11.2 885
11.2167 886
11.2333 888
11.25 890
11.2667 892
11.2833 893
11.3 895
11.3167 897
11.3333 898
11.35 900
11.3667 901
11.3833 903
11.4 905
11.4167 906
11.4333 908
11.45 909
11.4667 911
11.4833 912
11.5 914
11.5167 915
11.5333 916
11.55 918
11.5667 919
11.5833 921
11.6 922
11.6167 923
11.6333 925
11.65 926
11.6667 927
11.6833 928
11.7 930
11.7167 931
11.7333 932
11.75 933
11.7667 934
11.7833 936
11.8 937
11.8167 938
11.8333 939
11.85 940
11.8667 941
11.8833 942
11.9 943
11.9167 944
11.9333 945
11.95 946
11.9667 947
11.9833 948
12.0 949
12.0167 950
12.0333 950
12.05 951
12.0667 952
12.0833 953
12.1 954
12.1167 954
12.1333 955
12.15 956
12.1667 957
12.1833 957
12.2 958
12.2167 959
12.2333 959
12.25 960
12.2667 960
12.2833 961
12.3 962
12.3167 962
12.3333 963
12.35 963
12.3667 964
12.3833 964
12.4 964
12.4167 965
12.4333 965
12.45 966
12.4667 966
12.4833 966
12.5 967
12.5167 967
12.5333 967
12.55 967
12.5667 968
12.5833 968
12.6 968
12.6167 968
12.6333 968
12.65 969
12.6667 969
12.6833 969
12.7 969
12.7167 969
12.7333 969
12.75 969
12.7667 969
12.7833 969
12.8 969
12.8167 969
12.8333 969
12.85 969
12.8667 969
12.8833 968
12.9 968
12.9167 968
12.9333 968
12.95 968
12.9667 967
12.9833 967
13.0 967
13.0167 967
13.0333 966
13.05 966
13.0667 966
13.0833 965
13.1 965
13.1167 964
13.1333 964
13.15 963
13.1667 963
13.1833 962
13.2 962
13.2167 961
13.2333 961
13.25 960
13.2667 960
13.2833 959
13.3 958
13.3167 958
13.3333 957
13.35 956
13.3667 956
13.3833 955
13.4 954
13.4167 954
13.4333 953
13.45 952
13.4667 951
13.4833 950
13.5 949
13.5167 949
13.5333 948
13.55 947
13.5667 946
13.5833 945
13.6 944
13.6167 943
13.6333 942
13.65 941
13.6667 940
13.6833 939
13.7 938
13.7167 937
13.7333 935
13.75 934
13.7667 933
13.7833 932
13.8 931
13.8167 929
13.8333 928
13.85 927
13.8667 926
13.8833 924
13.9 923
13.9167 922
13.9333 920
13.95 919
13.9667 918
13.9833 916
14.0 915
14.0167 913
14.0333 912
14.05 910
14.0667 909
14.0833 907
14.1 906
14.1167 904
14.1333 903
14.15 901
14.1667 900
14.1833 898
14.2 896
14.2167 895
14.2333 893
14.25 891
14.2667 890
14.2833 888
14.3 886
14.3167 884
14.3333 882
14.35 881
14.3667 879
14.3833 877
14.4 875
14.4167 873
14.4333 871
14.45 869
14.4667 868
14.4833 866
14.5 864
14.5167 862
14.5333 860
14.55 858
14.5667 856
14.5833 854
14.6 852
14.6167 849
14.6333 847
14.65 845
14.6667 843
14.6833 841
14.7 839
14.7167 837
14.7333 834
14.75 832
14.7667 830
14.7833 828
14.8 825
14.8167 823
14.8333 821
14.85 819
14.8667 816
14.8833 814
14.9 812
14.9167 809
14.9333 807
14.95 804
14.9667 802
14.9833 799
15.0 797
15.0167 794
15.0333 792
15.05 789
15.0667 787
15.0833 784
15.1 781
15.1167 779
15.1333 776
15.15 774
15.1667 771
15.1833 769
15.2 766
15.2167 763
15.2333 761
15.25 758
15.2667 755
15.2833 752
15.3 750
15.3167 747
15.3333 744
15.35 741
15.3667 739
15.3833 736
15.4 733
15.4167 730
15.4333 727
15.45 724
15.4667 722
15.4833 719
15.5 716
15.5167 713
15.5333 710
15.55 707
15.5667 704
15.5833 701
15.6 698
15.6167 695
15.6333 692
15.65 689
15.6667 686
15.6833 683
15.7 680
15.7167 677
15.7333 674
15.75 671
15.7667 668
15.7833 665
15.8 661
15.8167 658
15.8333 655
15.85 652
15.8667 649
15.8833 646
15.9 642
15.9167 639
15.9333 636
15.95 633
15.9667 629
15.9833 626
16.0 623
16.0167 620
16.0333 616
16.05 613
16.0667 610
16.0833 606
16.1 603
16.1167 600
16.1333 596
16.15 593
16.1667 590
16.1833 586
16.2 583
16.2167 579
16.2333 576
16.25 572
16.2667 569
16.2833 566
16.3 562
16.3167 559
16.3333 555
16.35 552
16.3667 548
16.3833 545
16.4 541
16.4167 538
16.4333 534
16.45 531
16.4667 527
16.4833 524
16.5 520
16.5167 516
16.5333 513
16.55 509
16.5667 506
16.5833 502
16.6 498
16.6167 495
16.6333 491
16.65 488
16.6667 484
16.6833 480
16.7 477
16.7167 473
16.7333 469
16.75 466
16.7667 462
16.7833 458
16.8 455
16.8167 451
16.8333 447
16.85 443
16.8667 440
16.8833 436
16.9 432
16.9167 429
16.9333 425
16.95 421
16.9667 417
16.9833 414
