8.0 276
8.0167 280
8.0333 283
8.05 287
8.0667 291
8.0833 295
8.1 298
8.1167 302
8.1333 306
8.15 309
8.1667 313
8.1833 317
8.2 320
8.2167 324
8.2333 328
8.25 331
8.2667 335
8.2833 339
8.3 343
8.3167 346
8.3333 350
8.35 354
8.3667 357
8.3833 361
8.4 365
8.4167 369
8.4333 372
8.45 376
8.4667 380
8.4833 383
8.5 387
8.5167 391
8.5333 394
8.55 398
8.5667 402
8.5833 405
8.6 409
8.6167 413
8.6333 416
8.65 420
8.6667 424
8.6833 427
8.7 431
8.7167 435
8.7333 438
8.75 442
8.7667 445
8.7833 449
8.8 453
8.8167 456
8.8333 460
8.85 464
8.8667 467
8.8833 471
8.9 474
8.9167 478
8.9333 481
8.95 485
8.9667 489
8.9833 492
9.0 496
9.0167 499
9.0333 502
9.05 506
9.0667 509
9.0833 513
9.1 516
9.1167 520
9.1333 523
9.15 527
9.1667 530
9.1833 534
9.2 537
9.2167 541
9.2333 544
9.25 547
9.2667 551
9.2833 554
9.3 558
9.3167 561
9.3333 564
9.35 568
9.3667 571
9.3833 574
9.4 578
9.4167 581
9.4333 584
9.45 588
9.4667 591
9.4833 594
9.5 597
9.5167 601
9.5333 604
9.55 607
9.5667 610
9.5833 614
9.6 617
9.6167 620
9.6333 623
9.65 626
9.6667 629
9.6833 633
9.7 636
9.7167 639
9.7333 642
9.75 645
9.7667 648
9.7833 651
9.8 654
9.8167 657
9.8333 660
9.85 663
9.8667 666
9.8833 669
9.9 672
9.9167 675
9.9333 678
9.95 681
9.9667 684
9.9833 687
10.0 690
10.0167 693
10.0333 696
10.05 699
10.0667 701
10.0833 704
10.1 707
10.1167 710
10.1333 713
10.15 715
10.1667 718
10.1833 721
10.2 724
10.2167 726
10.2333 729
10.25 732
10.2667 734
10.2833 737
10.3 740
10.3167 742
10.3333 745
10.35 748
10.3667 750
10.3833 753
10.4 755
10.4167 758
10.4333 760
10.45 763
10.4667 765
10.4833 768
10.5 770
10.5167 773
10.5333 775
10.55 778
10.5667 780
10.5833 782
10.6 785
10.6167 787
10.6333 789
10.65 792
10.6667 794
10.6833 796
10.7 799
10.7167 801
10.7333 803
10.75 805
10.7667 808
10.7833 810
10.8 812
10.8167 814
10.8333 816
10.85 818
10.8667 821
10.8833 823
10.9 825
10.9167 827
10.9333 829
10.95 831
10.9667 833
10.9833 835
11.0 837
11.0167 839
11.0333 841
11.05 843
11.0667 845
11.0833 846
11.1 848
11.1167 850
11.1333 852
11.15 854
11.1667 856
11.1833 857
11.2 859
11.2167 861
11.2333 863
11.25 864
11.2667 866
11.2833 868
11.3 869
11.3167 871
11.3333 873
11.35 874
11.3667 876
11.3833 877
11.4 879
11.4167 881
11.4333 882
11.45 884
11.4667 885
11.4833 886
11.5 888
11.5167 889
11.5333 891
11.55 892
11.5667 893
11.5833 895
11.6 896
11.6167 897
11.6333 899
11.65 900
11.6667 901
11.6833 903
11.7 904
11.7167 905
11.7333 906
11.75 907
11.7667 908
11.7833 910
11.8 911
11.8167 912
11.8333 913
11.85 914
11.8667 915
11.8833 916
11.9 917
11.9167 918
11.9333 919
11.95 920
11.9667 921
11.9833 922
12.0 922
12.0167 923
12.0333 924
12.05 925
12.0667 926
12.0833 927
12.1 927
12.1167 928
12.1333 929
12.15 930
12.1667 930
12.1833 931
12.2 932
12.2167 932
12.2333 933
12.25 933
12.2667 934
12.2833 934
12.3 935
12.3167 936
12.3333 936
12.35 936
12.3667 937
12.3833 937
12.4 938
12.4167 938
12.4333 939
12.45 939
12.4667 939
12.4833 940
12.5 940
12.5167 940
12.5333 940
12.55 941
12.5667 941
12.5833 941
12.6 941
12.6167 941
12.6333 941
12.65 942
12.6667 942
12.6833 942
12.7 942
12.7167 942
12.7333 942
12.75 942
12.7667 942
12.7833 942
12.8 942
12.8167 942
12.8333 942
12.85 941
12.8667 941
12.8833 941
12.9 941
12.9167 941
12.9333 941
12.95 940
12.9667 940
12.9833 940
13.0 940
13.0167 939
13.0333 939
13.05 939
13.0667 938
13.0833 938
13.1 937
13.1167 937
13.1333 936
13.15 936
13.1667 936
13.1833 935
13.2 934
13.2167 934
13.2333 933
13.25 933
13.2667 932
13.2833 932
13.3 931
13.3167 930
13.3333 930
13.35 929
13.3667 928
13.3833 927
13.4 927
13.4167 926
13.4333 925
13.45 924
13.4667 923
13.4833 922
13.5 922
13.5167 921
13.5333 920
13.55 919
13.5667 918
13.5833 917
13.6 916
13.6167 915
13.6333 914
13.65 913
13.6667 912
13.6833 911
13.7 910
13.7167 908
13.7333 907
13.75 906
13.7667 905
13.7833 904
13.8 903
13.8167 901
13.8333 900
13.85 899
13.8667 897
13.8833 896
13.9 895
13.9167 893
13.9333 892
13.95 891
13.9667 889
13.9833 888
14.0 886
14.0167 885
14.0333 884
14.05 882
14.0667 880
14.0833 879
14.1 877
14.1167 876
14.1333 874
14.15 873
14.1667 871
14.1833 869
14.2 868
14.2167 866
14.2333 864
14.25 863
14.2667 861
14.2833 859
14.3 857
14.3167 856
14.3333 854
14.35 852
14.3667 850
14.3833 848
14.4 846
14.4167 845
14.4333 843
14.45 841
14.4667 839
14.4833 837
14.5 835
14.5167 833
14.5333 831
14.55 829
14.5667 827
14.5833 825
14.6 823
14.6167 821
14.6333 818
14.65 816
14.6667 814
14.6833 812
14.7 810
14.7167 808
14.7333 805
14.75 803
14.7667 801
14.7833 799
14.8 796
14.8167 794
14.8333 792
14.85 789
14.8667 787
14.8833 785
14.9 782
14.9167 780
14.9333 778
14.95 775
14.9667 773
14.9833 770
15.0 767
15.0167 765
15.0333 762
15.05 760
15.0667 757
15.0833 755
15.1 752
15.1167 750
15.1333 747
15.15 744
15.1667 742
15.1833 739
15.2 737
15.2167 734
15.2333 731
15.25 728
15.2667 726
15.2833 723
15.3 720
15.3167 718
15.3333 715
15.35 712
15.3667 709
15.3833 706
15.4 704
15.4167 701
15.4333 698
15.45 695
15.4667 692
15.4833 689
15.5 686
15.5167 683
15.5333 681
15.55 678
15.5667 675
15.5833 672
15.6 669
15.6167 666
15.6333 663
15.65 660
15.6667 657
15.6833 654
15.7 651
15.7167 647
15.7333 644
15.75 641
15.7667 638
15.7833 635
15.8 632
15.8167 629
15.8333 626
15.85 623
15.8667 619
15.8833 616
15.9 613
15.9167 610
15.9333 607
15.95 603
15.9667 600
15.9833 597
16.0 594
16.0167 590
16.0333 587
16.05 584
16.0667 580
16.0833 577
16.1 574
16.1167 570
16.1333 567
16.15 564
16.1667 560
16.1833 557
16.2 554
16.2167 550
16.2333 547
16.25 543
16.2667 540
16.2833 536
16.3 533
16.3167 530
16.3333 526
16.35 523
16.3667 519
16.3833 516
16.4 512
16.4167 509
16.4333 505
16.45 502
16.4667 498
16.4833 495
16.5 491
16.5167 488
16.5333 484
16.55 480
16.5667 477
16.5833 473
16.6 470
16.6167 466
16.6333 463
16.65 459
16.6667 455
16.6833 452
16.7 448
16.7167 444
16.7333 441
16.75 437
16.7667 434
16.7833 430
16.8 426
16.8167 423
16.8333 419
16.85 415
16.8667 412
16.8833 408
16.9 404
16.9167 401
16.9333 397
16.95 393
16.9667 390
16.9833 386
