8.0 353
8.0167 357
8.0333 361
8.05 365
8.0667 369
8.0833 373
8.1 377
8.1167 381
8.1333 385
8.15 389
8.1667 392
8.1833 396
8.2 400
8.2167 404
8.2333 408
8.25 412
8.2667 416
8.2833 420
8.3 424
8.3167 427
8.3333 431
8.35 435
8.3667 439
8.3833 443
8.4 447
8.4167 451
8.4333 454
8.45 458
8.4667 462
8.4833 466
8.5 470
8.5167 474
8.5333 477
8.55 481
8.5667 485
8.5833 489
8.6 493
8.6167 496
8.6333 500
8.65 504
8.6667 508
8.6833 512
8.7 515
8.7167 519
8.7333 523
8.75 527
8.7667 530
8.7833 534
8.8 538
8.8167 541
8.8333 545
8.85 549
8.8667 552
8.8833 556
8.9 560
8.9167 563
8.9333 567
8.95 571
8.9667 574
8.9833 578
9.0 582
9.0167 585
9.0333 589
9.05 592
9.0667 596
9.0833 599
9.1 603
9.1167 606
9.1333 610
9.15 613
9.1667 617
9.1833 620
9.2 624
9.2167 627
9.2333 631
9.25 634
9.2667 638
9.2833 641
9.3 645
9.3167 648
9.3333 652
9.35 655
9.3667 658
9.3833 662
9.4 665
9.4167 669
9.4333 672
9.45 675
9.4667 679
9.4833 682
9.5 685
9.5167 688
9.5333 692
9.55 695
9.5667 698
9.5833 702
9.6 705
9.6167 708
9.6333 711
9.65 714
9.6667 718
9.6833 721
9.7 724
9.7167 727
9.7333 730
9.75 733
9.7667 736
9.7833 740
9.8 743
9.8167 746
9.8333 749
9.85 752
9.8667 755
9.8833 758
9.9 761
9.9167 764
9.9333 767
9.95 770
9.9667 773
9.9833 776
10.0 779
10.0167 782
10.0333 785
10.05 787
10.0667 790
10.0833 793
10.1 796
10.1167 799
10.1333 802
10.15 804
10.1667 807
10.1833 810
10.2 813
10.2167 816
10.2333 818
10.25 821
10.2667 824
10.2833 826
10.3 829
10.3167 832
10.3333 834
10.35 837
10.3667 840
10.3833 842
10.4 845
10.4167 847
10.4333 850
10.45 852
10.4667 855
10.4833 857
10.5 860
10.5167 862
10.5333 865
10.55 867
10.5667 870
10.5833 872
10.6 875
10.6167 877
10.6333 879
10.65 882
10.6667 884
10.6833 886
10.7 889
10.7167 891
10.7333 893
10.75 895
10.7667 898
10.7833 900
10.8 902
10.8167 904
10.8333 906
10.85 909
10.8667 911
10.8833 913
10.9 915
10.9167 917
10.9333 919
10.95 921
10.9667 923
10.9833 925
11.0 927
11.0167 929
11.0333 931
11.05 933
11.0667 935
11.0833 937
11.1 939
11.1167 941
11.1333 943
11.15 945
11.1667 946
11.1833 948
11.2 950
11.2167 952
11.2333 954
11.25 955
11.2667 957
11.2833 959
11.3 960
11.3167 962
11.3333 964
11.35 965
11.3667 967
11.3833 969
11.4 970
11.4167 972
11.4333 973
11.45 975
11.4667 976
11.4833 978
11.5 979
11.5167 981
11.5333 982
11.55 984
11.5667 985
11.5833 986
11.6 988
11.6167 989
11.6333 991
11.65 992
11.6667 993
11.6833 994
11.7 996
11.7167 997
11.7333 998
11.75 999
11.7667 1001
11.7833 1002
11.8 1003
11.8167 1004
11.8333 1005
11.85 1006
11.8667 1007
11.8833 1008
11.9 1009
11.9167 1010
11.9333 1011
11.95 1012
11.9667 1013
11.9833 1014
12.0 1015
12.0167 1016
12.0333 1017
12.05 1018
12.0667 1019
12.0833 1019
12.1 1020
12.1167 1021
12.1333 1022
12.15 1023
12.1667 1023
12.1833 1024
12.2 1025
12.2167 1025
12.2333 1026
12.25 1027
12.2667 1027
12.2833 1028
12.3 1029
12.3167 1029
12.3333 1030
12.35 1030
12.3667 1031
12.3833 1031
12.4 1032
12.4167 1032
12.4333 1032
12.45 1033
12.4667 1033
12.4833 1034
12.5 1034
12.5167 1034
12.5333 1035
12.55 1035
12.5667 1035
12.5833 1035
12.6 1036
12.6167 1036
12.6333 1036
12.65 1036
12.6667 1036
12.6833 1037
12.7 1037
12.7167 1037
12.7333 1037
12.75 1037
12.7667 1037
12.7833 1037
12.8 1037
12.8167 1037
12.8333 1037
12.85 1037
12.8667 1037
12.8833 1037
12.9 1037
12.9167 1036
12.9333 1036
12.95 1036
12.9667 1036
12.9833 1036
13.0 1036
13.0167 1035
13.0333 1035
13.05 1035
13.0667 1034
13.0833 1034
13.1 1034
13.1167 1033
13.1333 1033
13.15 1033
13.1667 1032
13.1833 1032
13.2 1031
13.2167 1031
13.2333 1030
13.25 1030
13.2667 1029
13.2833 1029
13.3 1028
13.3167 1027
13.3333 1027
13.35 1026
13.3667 1026
13.3833 1025
13.4 1024
13.4167 1024
13.4333 1023
13.45 1022
13.4667 1021
13.4833 1020
13.5 1020
13.5167 1019
13.5333 1018
13.55 1017
13.5667 1016
13.5833 1015
13.6 1014
13.6167 1014
13.6333 1013
13.65 1012
13.6667 1011
13.6833 1010
13.7 1009
13.7167 1007
13.7333 1006
13.75 1005
13.7667 1004
13.7833 1003
13.8 1002
13.8167 1001
13.8333 1000
13.85 998
13.8667 997
13.8833 996
13.9 995
13.9167 993
13.9333 992
13.95 991
13.9667 989
13.9833 988
14.0 987
14.0167 985
14.0333 984
14.05 983
14.0667 981
14.0833 980
14.1 978
14.1167 977
14.1333 975
14.15 974
14.1667 972
14.1833 971
14.2 969
14.2167 967
14.2333 966
14.25 964
14.2667 962
14.2833 961
14.3 959
14.3167 957
14.3333 956
14.35 954
14.3667 952
14.3833 950
14.4 949
14.4167 947
14.4333 945
14.45 943
14.4667 941
14.4833 939
14.5 937
14.5167 936
14.5333 934
14.55 932
14.5667 930
14.5833 928
14.6 926
14.6167 924
14.6333 922
14.65 920
14.6667 918
14.6833 915
14.7 913
14.7167 911
14.7333 909
14.75 907
14.7667 905
14.7833 903
14.8 900
14.8167 898
14.8333 896
14.85 894
14.8667 891
14.8833 889
14.9 887
14.9167 885
14.9333 882
14.95 880
14.9667 878
14.9833 875
15.0 873
15.0167 870
15.0333 868
15.05 865
15.0667 863
15.0833 860
15.1 858
15.1167 855
15.1333 853
15.15 850
15.1667 848
15.1833 845
15.2 843
15.2167 840
15.2333 837
15.25 835
15.2667 832
15.2833 829
15.3 827
15.3167 824
15.3333 821
15.35 819
15.3667 816
15.3833 813
15.4 810
15.4167 808
15.4333 805
15.45 802
15.4667 799
15.4833 796
15.5 794
15.5167 791
15.5333 788
15.55 785
15.5667 782
15.5833 779
15.6 776
15.6167 773
15.6333 770
15.65 767
15.6667 764
15.6833 761
15.7 758
15.7167 755
15.7333 752
15.75 749
15.7667 746
15.7833 743
15.8 740
15.8167 737
15.8333 734
15.85 731
15.8667 728
15.8833 724
15.9 721
15.9167 718
15.9333 715
15.95 712
15.9667 708
15.9833 705
16.0 702
16.0167 699
16.0333 695
16.05 692
16.0667 689
16.0833 686
16.1 682
16.1167 679
16.1333 676
16.15 672
16.1667 669
16.1833 666
16.2 662
16.2167 659
16.2333 655
16.25 652
16.2667 649
16.2833 645
16.3 642
16.3167 638
16.3333 635
16.35 631
16.3667 628
16.3833 624
16.4 621
16.4167 617
16.4333 614
16.45 610
16.4667 607
16.4833 603
16.5 600
16.5167 596
16.5333 593
16.55 589
16.5667 585
16.5833 582
16.6 578
16.6167 575
16.6333 571
16.65 567
16.6667 564
16.6833 560
16.7 556
16.7167 553
16.7333 549
16.75 545
16.7667 542
16.7833 538
16.8 534
16.8167 530
16.8333 527
16.85 523
16.8667 519
16.8833 516
16.9 512
16.9167 508
16.9333 504
16.95 500
16.9667 497
16.9833 493
