8.0 235
8.0167 238
8.0333 242
8.05 245
8.0667 248
8.0833 251
8.1 255
8.1167 258
8.1333 261
8.15 264
8.1667 268
8.1833 271
8.2 274
8.2167 277
8.2333 281
8.25 284
8.2667 287
8.2833 291
8.3 294
8.3167 297
8.3333 300
8.35 304
8.3667 307
8.3833 310
8.4 314
8.4167 317
8.4333 320
8.45 324
8.4667 327
8.4833 330
8.5 334
8.5167 337
8.5333 340
8.55 344
8.5667 347
8.5833 350
8.6 354
8.6167 357
8.6333 360
8.65 363
8.6667 367
8.6833 370
8.7 373
8.7167 377
8.7333 380
8.75 383
8.7667 387
8.7833 390
8.8 393
8.8167 397
8.8333 400
8.85 403
8.8667 406
8.8833 410
8.9 413
8.9167 416
8.9333 420
8.95 423
8.9667 426
8.9833 429
9.0 433
9.0167 436
9.0333 439
9.05 442
9.0667 445
9.0833 449
9.1 452
9.1167 455
9.1333 458
9.15 461
9.1667 465
9.1833 468
9.2 471
9.2167 474
9.2333 477
9.25 480
9.2667 484
9.2833 487
9.3 490
9.3167 493
9.3333 496
9.35 499
9.3667 502
9.3833 506
9.4 509
9.4167 512
9.4333 515
9.45 518
9.4667 521
9.4833 524
9.5 527
9.5167 530
9.5333 533
9.55 536
9.5667 539
9.5833 542
9.6 545
9.6167 548
9.6333 551
9.65 554
9.6667 557
9.6833 560
9.7 563
9.7167 566
9.7333 569
9.75 572
9.7667 575
9.7833 577
9.8 580
9.8167 583
9.8333 586
9.85 589
9.8667 592
9.8833 595
9.9 597
9.9167 600
9.9333 603
9.95 606
9.9667 608
9.9833 611
10.0 614
10.0167 617
10.0333 619
10.05 622
10.0667 625
10.0833 627
10.1 630
10.1167 633
10.1333 635
10.15 638
10.1667 641
10.1833 643
10.2 646
10.2167 648
10.2333 651
10.25 654
10.2667 656
10.2833 659
10.3 661
10.3167 664
10.3333 666
10.35 669
10.3667 671
10.3833 674
10.4 676
10.4167 678
10.4333 681
10.45 683
10.4667 686
10.4833 688
10.5 690
10.5167 693
10.5333 695
10.55 697
10.5667 700
10.5833 702
10.6 704
10.6167 706
10.6333 709
10.65 711
10.6667 713
10.6833 715
10.7 717
10.7167 720
10.7333 722
10.75 724
10.7667 726
10.7833 728
10.8 730
10.8167 732
10.8333 734
10.85 736
10.8667 738
10.8833 740
10.9 742
10.9167 744
10.9333 746
10.95 748
10.9667 750
10.9833 752
11.0 754
11.0167 756
11.0333 758
11.05 760
11.0667 761
11.0833 763
11.1 765
11.1167 767
11.1333 769
11.15 770
11.1667 772
11.1833 774
11.2 776
11.2167 777
11.2333 779
11.25 781
11.2667 782
11.2833 784
11.3 785
11.3167 787
11.3333 789
11.35 790
11.3667 792
11.3833 793
11.4 795
11.4167 796
11.4333 798
11.45 799
11.4667 801
11.4833 802
11.5 803
11.5167 805
11.5333 806
11.55 807
11.5667 809
11.5833 810
11.6 811
11.6167 813
11.6333 814
11.65 815
11.6667 816
11.6833 818
11.7 819
11.7167 820
11.7333 821
11.75 822
11.7667 823
11.7833 825
11.8 826
11.8167 827
11.8333 828
11.85 829
11.8667 830
11.8833 831
11.9 832
11.9167 833
11.9333 834
11.95 835
11.9667 835
11.9833 836
12.0 837
12.0167 838
12.0333 839
12.05 840
12.0667 841
12.0833 841
12.1 842
12.1167 843
12.1333 844
12.15 844
12.1667 845
12.1833 846
12.2 846
12.2167 847
12.2333 847
12.25 848
12.2667 849
12.2833 849
12.3 850
12.3167 850
12.3333 851
12.35 851
12.3667 852
12.3833 852
12.4 853
12.4167 853
12.4333 853
12.45 854
12.4667 854
12.4833 854
12.5 855
12.5167 855
12.5333 855
12.55 856
12.5667 856
12.5833 856
12.6 856
12.6167 856
12.6333 857
12.65 857
12.6667 857
12.6833 857
12.7 857
12.7167 857
12.7333 857
12.75 857
12.7667 857
12.7833 857
12.8 857
12.8167 857
12.8333 857
12.85 857
12.8667 857
12.8833 857
12.9 857
12.9167 857
12.9333 856
12.95 856
12.9667 856
12.9833 856
13.0 856
13.0167 855
13.0333 855
13.05 855
13.0667 854
13.0833 854
13.1 854
13.1167 853
13.1333 853
13.15 852
13.1667 852
13.1833 852
13.2 851
13.2167 851
13.2333 850
13.25 850
13.2667 849
13.2833 849
13.3 848
13.3167 847
13.3333 847
13.35 846
13.3667 845
13.3833 845
13.4 844
13.4167 843
13.4333 843
13.45 842
13.4667 841
13.4833 840
13.5 840
13.5167 839
13.5333 838
13.55 837
13.5667 836
13.5833 835
13.6 834
13.6167 833
13.6333 832
13.65 832
13.6667 831
13.6833 830
13.7 829
13.7167 827
13.7333 826
13.75 825
13.7667 824
13.7833 823
13.8 822
13.8167 821
13.8333 820
13.85 819
13.8667 817
13.8833 816
13.9 815
13.9167 814
13.9333 812
13.95 811
13.9667 810
13.9833 808
14.0 807
14.0167 806
14.0333 804
14.05 803
14.0667 802
14.0833 800
14.1 799
14.1167 797
14.1333 796
14.15 794
14.1667 793
14.1833 791
14.2 790
14.2167 788
14.2333 787
14.25 785
14.2667 783
14.2833 782
14.3 780
14.3167 779
14.3333 777
14.35 775
14.3667 773
14.3833 772
14.4 770
14.4167 768
14.4333 766
14.45 765
14.4667 763
14.4833 761
14.5 759
14.5167 757
14.5333 755
14.55 754
14.5667 752
14.5833 750
14.6 748
14.6167 746
14.6333 744
14.65 742
14.6667 740
14.6833 738
14.7 736
14.7167 734
14.7333 732
14.75 730
14.7667 728
14.7833 725
14.8 723
14.8167 721
14.8333 719
14.85 717
14.8667 715
14.8833 713
14.9 710
14.9167 708
14.9333 706
14.95 704
14.9667 701
14.9833 699
15.0 696
15.0167 694
15.0333 692
15.05 689
15.0667 687
15.0833 685
15.1 682
15.1167 680
15.1333 677
15.15 675
15.1667 673
15.1833 670
15.2 668
15.2167 665
15.2333 663
15.25 660
15.2667 658
15.2833 655
15.3 653
15.3167 650
15.3333 648
15.35 645
15.3667 642
15.3833 640
15.4 637
15.4167 634
15.4333 632
15.45 629
15.4667 626
15.4833 624
15.5 621
15.5167 618
15.5333 616
15.55 613
15.5667 610
15.5833 607
15.6 605
15.6167 602
15.6333 599
15.65 596
15.6667 593
15.6833 591
15.7 588
15.7167 585
15.7333 582
15.75 579
15.7667 576
15.7833 573
15.8 571
15.8167 568
15.8333 565
15.85 562
15.8667 559
15.8833 556
15.9 553
15.9167 550
15.9333 547
15.95 544
15.9667 541
15.9833 538
16.0 535
16.0167 532
16.0333 529
16.05 526
16.0667 523
16.0833 520
16.1 517
16.1167 514
16.1333 511
16.15 507
16.1667 504
16.1833 501
16.2 498
16.2167 495
16.2333 492
16.25 489
16.2667 486
16.2833 482
16.3 479
16.3167 476
16.3333 473
16.35 470
16.3667 467
16.3833 463
16.4 460
16.4167 457
16.4333 454
16.45 451
16.4667 447
16.4833 444
16.5 441
16.5167 438
16.5333 434
16.55 431
16.5667 428
16.5833 425
16.6 421
16.6167 418
16.6333 415
16.65 412
16.6667 408
16.6833 405
16.7 402
16.7167 398
16.7333 395
16.75 392
16.7667 388
16.7833 385
16.8 382
16.8167 379
16.8333 375
16.85 372
16.8667 369
16.8833 365
16.9 362
16.9167 359
16.9333 355
16.95 352
16.9667 349
16.9833 345
