8.0 241
8.0167 244
8.0333 248
8.05 252
8.0667 256
8.0833 259
8.1 263
8.1167 267
8.1333 271
8.15 274
8.1667 278
8.1833 282
8.2 286
8.2167 289
8.2333 293
8.25 297
8.2667 301
8.2833 304
8.3 308
8.3167 312
8.3333 316
8.35 319
8.3667 323
8.3833 327
8.4 331
8.4167 334
8.4333 338
8.45 342
8.4667 346
8.4833 349
8.5 353
8.5167 357
8.5333 361
8.55 364
8.5667 368
8.5833 372
8.6 375
8.6167 379
8.6333 383
8.65 387
8.6667 390
8.6833 394
8.7 398
8.7167 401
8.7333 405
8.75 409
8.7667 412
8.7833 416
8.8 420
8.8167 423
8.8333 427
8.85 430
8.8667 434
8.8833 438
8.9 441
8.9167 445
8.9333 448
8.95 452
8.9667 456
8.9833 459
9.0 463
9.0167 466
9.0333 469
9.05 473
9.0667 476
9.0833 480
9.1 483
9.1167 487
9.1333 490
9.15 494
9.1667 497
9.1833 501
9.2 504
9.2167 508
9.2333 511
9.25 514
9.2667 518
9.2833 521
9.3 525
9.3167 528
9.3333 531
9.35 535
9.3667 538
9.3833 541
9.4 545
9.4167 548
9.4333 551
9.45 554
9.4667 558
9.4833 561
9.5 564
9.5167 567
9.5333 571
9.55 574
9.5667 577
9.5833 580
9.6 583
9.6167 587
9.6333 590
9.65 593
9.6667 596
9.6833 599
9.7 602
9.7167 605
9.7333 608
9.75 611
9.7667 614
9.7833 617
9.8 620
9.8167 623
9.8333 626
9.85 629
9.8667 632
9.8833 635
9.9 638
9.9167 641
9.9333 644
9.95 647
9.9667 650
9.9833 652
10.0 655
10.0167 658
10.0333 661
10.05 664
10.0667 666
10.0833 669
10.1 672
10.1167 675
10.1333 677
10.15 680
10.1667 683
10.1833 685
10.2 688
10.2167 691
10.2333 693
10.25 696
10.2667 699
10.2833 701
10.3 704
10.3167 706
10.3333 709
10.35 711
10.3667 714
10.3833 716
10.4 719
10.4167 721
10.4333 723
10.45 726
10.4667 728
10.4833 731
10.5 733
10.5167 735
10.5333 738
10.55 740
10.5667 742
10.5833 745
10.6 747
10.6167 749
10.6333 751
10.65 753
10.6667 756
10.6833 758
10.7 760
10.7167 762
10.7333 764
10.75 766
10.7667 768
10.7833 770
10.8 772
10.8167 774
10.8333 776
10.85 778
10.8667 780
10.8833 782
10.9 784
10.9167 786
10.9333 788
10.95 790
10.9667 792
10.9833 794
11.0 796
11.0167 797
11.0333 799
11.05 801
11.0667 803
11.0833 804
11.1 806
11.1167 808
11.1333 809
11.15 811
11.1667 813
11.1833 814
11.2 816
11.2167 818
11.2333 819
11.25 821
11.2667 822
11.2833 824
11.3 825
11.3167 827
11.3333 828
11.35 830
11.3667 831
11.3833 832
11.4 834
11.4167 835
11.4333 836
11.45 838
11.4667 839
11.4833 840
11.5 842
11.5167 843
11.5333 844
11.55 845
11.5667 846
11.5833 847
11.6 849
11.6167 850
11.6333 851
11.65 852
11.6667 853
11.6833 854
11.7 855
11.7167 856
11.7333 857
11.75 858
11.7667 859
11.7833 860
11.8 861
11.8167 862
11.8333 862
11.85 863
11.8667 864
11.8833 865
11.9 866
11.9167 866
11.9333 867
11.95 868
11.9667 869
11.9833 869
12.0 870
12.0167 871
12.0333 871
12.05 872
12.0667 872
12.0833 873
12.1 873
12.1167 874
12.1333 874
12.15 875
12.1667 875
12.1833 876
12.2 876
12.2167 877
12.2333 877
12.25 877
12.2667 878
12.2833 878
12.3 878
12.3167 879
12.3333 879
12.35 879
12.3667 879
12.3833 879
12.4 880
12.4167 880
12.4333 880
12.45 880
12.4667 880
12.4833 880
12.5 880
12.5167 880
12.5333 880
12.55 880
12.5667 880
12.5833 880
12.6 880
12.6167 880
12.6333 880
12.65 880
12.6667 879
12.6833 879
12.7 879
12.7167 879
12.7333 879
12.75 878
12.7667 878
12.7833 878
12.8 877
12.8167 877
12.8333 877
12.85 876
12.8667 876
12.8833 876
12.9 875
12.9167 875
12.9333 874
12.95 874
12.9667 873
12.9833 873
13.0 872
13.0167 871
13.0333 871
13.05 870
13.0667 869
13.0833 869
13.1 868
13.1167 867
13.1333 867
13.15 866
13.1667 865
13.1833 864
13.2 864
13.2167 863
13.2333 862
13.25 861
13.2667 860
13.2833 859
13.3 858
13.3167 857
13.3333 856
13.35 855
13.3667 854
13.3833 853
13.4 852
13.4167 851
13.4333 850
13.45 849
13.4667 848
13.4833 847
13.5 846
13.5167 844
13.5333 843
13.55 842
13.5667 841
13.5833 839
13.6 838
13.6167 837
13.6333 836
13.65 834
13.6667 833
13.6833 831
13.7 830
13.7167 829
13.7333 827
13.75 826
13.7667 824
13.7833 823
13.8 821
13.8167 820
13.8333 818
13.85 817
13.8667 815
13.8833 813
13.9 812
13.9167 810
13.9333 808
13.95 807
13.9667 805
13.9833 803
14.0 802
14.0167 800
14.0333 798
14.05 796
14.0667 794
14.0833 793
14.1 791
14.1167 789
14.1333 787
14.15 785
14.1667 783
14.1833 781
14.2 779
14.2167 777
14.2333 775
14.25 773
14.2667 771
14.2833 769
14.3 767
14.3167 765
14.3333 763
14.35 761
14.3667 759
14.3833 756
14.4 754
14.4167 752
14.4333 750
14.45 748
14.4667 745
14.4833 743
14.5 741
14.5167 738
14.5333 736
14.55 734
14.5667 731
14.5833 729
14.6 727
14.6167 724
14.6333 722
14.65 719
14.6667 717
14.6833 715
14.7 712
14.7167 710
14.7333 707
14.75 705
14.7667 702
14.7833 699
14.8 697
14.8167 694
14.8333 692
14.85 689
14.8667 686
14.8833 684
14.9 681
14.9167 678
14.9333 676
14.95 673
14.9667 670
14.9833 667
15.0 664
15.0167 661
15.0333 658
15.05 655
15.0667 652
15.0833 649
15.1 647
15.1167 644
15.1333 641
15.15 638
15.1667 635
15.1833 632
15.2 629
15.2167 626
15.2333 623
15.25 620
15.2667 617
15.2833 614
15.3 611
15.3167 608
15.3333 605
15.35 602
15.3667 599
15.3833 596
15.4 593
15.4167 590
15.4333 587
15.45 583
15.4667 580
15.4833 577
15.5 574
15.5167 571
15.5333 567
15.55 564
15.5667 561
15.5833 558
15.6 554
15.6167 551
15.6333 548
15.65 545
15.6667 541
15.6833 538
15.7 535
15.7167 531
15.7333 528
15.75 525
15.7667 521
15.7833 518
15.8 514
15.8167 511
15.8333 508
15.85 504
15.8667 501
15.8833 497
15.9 494
15.9167 490
15.9333 487
15.95 483
15.9667 480
15.9833 476
16.0 473
16.0167 469
16.0333 466
16.05 462
16.0667 459
16.0833 455
16.1 452
16.1167 448
16.1333 445
16.15 441
16.1667 437
16.1833 434
16.2 430
16.2167 426
16.2333 423
16.25 419
16.2667 416
16.2833 412
16.3 408
16.3167 405
16.3333 401
16.35 397
16.3667 394
16.3833 390
16.4 386
16.4167 383
16.4333 379
16.45 375
16.4667 371
16.4833 368
16.5 364
16.5167 360
16.5333 357
16.55 353
16.5667 349
16.5833 345
16.6 342
16.6167 338
16.6333 334
16.65 330
16.6667 327
16.6833 323
16.7 319
16.7167 315
16.7333 312
16.75 308
16.7667 304
16.7833 300
16.8 297
16.8167 293
16.8333 289
16.85 285
16.8667 282
16.8833 278
16.9 274
16.9167 270
16.9333 267
16.95 263
16.9667 259
16.9833 255
