8.0 266
8.0167 270
8.0333 274
8.05 278
8.0667 282
8.0833 285
8.1 289
8.1167 293
8.1333 297
8.15 301
8.1667 305
8.1833 308
8.2 312
8.2167 316
8.2333 320
8.25 324
8.2667 327
8.2833 331
8.3 335
8.3167 339
8.3333 343
8.35 347
8.3667 350
8.3833 354
8.4 358
8.4167 362
8.4333 366
8.45 369
8.4667 373
8.4833 377
8.5 381
8.5167 385
8.5333 388
8.55 392
8.5667 396
8.5833 400
8.6 403
8.6167 407
8.6333 411
8.65 415
8.6667 418
8.6833 422
8.7 426
8.7167 430
8.7333 433
8.75 437
8.7667 441
8.7833 445
8.8 448
8.8167 452
8.8333 456
8.85 459
8.8667 463
8.8833 467
8.9 470
8.9167 474
8.9333 478
8.95 481
8.9667 485
8.9833 488
9.0 492
9.0167 495
9.0333 499
9.05 502
9.0667 506
9.0833 510
9.1 513
9.1167 517
9.1333 520
9.15 524
9.1667 527
9.1833 531
9.2 534
9.2167 538
9.2333 541
9.25 545
9.2667 548
9.2833 552
9.3 555
9.3167 558
9.3333 562
9.35 565
9.3667 569
9.3833 572
9.4 575
9.4167 579
9.4333 582
9.45 585
9.4667 589
9.4833 592
9.5 595
9.5167 599
9.5333 602
9.55 605
9.5667 609
9.5833 612
9.6 615
9.6167 618
9.6333 621
9.65 625
9.6667 628
9.6833 631
9.7 634
9.7167 637
9.7333 640
9.75 643
9.7667 647
9.7833 650
9.8 653
9.8167 656
9.8333 659
9.85 662
9.8667 665
9.8833 668
9.9 671
9.9167 674
9.9333 677
9.95 680
9.9667 683
9.9833 686
10.0 689
10.0167 691
10.0333 694
10.05 697
10.0667 700
10.0833 703
10.1 706
10.1167 709
10.1333 711
10.15 714
10.1667 717
10.1833 720
10.2 722
10.2167 725
10.2333 728
10.25 730
10.2667 733
10.2833 736
10.3 738
10.3167 741
10.3333 744
10.35 746
10.3667 749
10.3833 751
10.4 754
10.4167 756
10.4333 759
10.45 761
10.4667 764
10.4833 766
10.5 769
10.5167 771
10.5333 774
10.55 776
10.5667 778
10.5833 781
10.6 783
10.6167 785
10.6333 788
10.65 790
10.6667 792
10.6833 794
10.7 797
10.7167 799
10.7333 801
10.75 803
10.7667 805
10.7833 808
10.8 810
10.8167 812
10.8333 814
10.85 816
10.8667 818
10.8833 820
10.9 822
10.9167 824
10.9333 826
10.95 828
10.9667 830
10.9833 832
11.0 834
11.0167 836
11.0333 838
11.05 840
11.0667 842
11.0833 843
11.1 845
11.1167 847
11.1333 849
11.15 850
11.1667 852
11.1833 854
11.2 856
11.2167 857
11.2333 859
11.25 861
11.2667 862
11.2833 864
11.3 865
11.3167 867
11.3333 869
11.35 870
11.3667 872
11.3833 873
11.4 875
11.4167 876
11.4333 877
11.45 879
11.4667 880
11.4833 882
11.5 883
11.5167 884
11.5333 886
11.55 887
11.5667 888
11.5833 890
11.6 891
11.6167 892
11.6333 893
11.65 894
11.6667 896
11.6833 897
11.7 898
11.7167 899
11.7333 900
11.75 901
11.7667 902
11.7833 903
11.8 904
11.8167 905
11.8333 906
11.85 907
11.8667 908
11.8833 909
11.9 910
11.9167 911
11.9333 912
11.95 912
11.9667 913
11.9833 914
12.0 915
12.0167 916
12.0333 916
12.05 917
12.0667 918
12.0833 918
12.1 919
12.1167 920
12.1333 920
12.15 921
12.1667 921
12.1833 922
12.2 922
12.2167 923
12.2333 923
12.25 924
12.2667 924
12.2833 925
12.3 925
12.3167 926
12.3333 926
12.35 926
12.3667 927
12.3833 927
12.4 927
12.4167 928
12.4333 928
12.45 928
12.4667 928
12.4833 928
12.5 929
12.5167 929
12.5333 929
12.55 929
12.5667 929
12.5833 929
12.6 929
12.6167 929
12.6333 929
12.65 929
12.6667 929
12.6833 929
12.7 929
12.7167 929
12.7333 929
12.75 929
12.7667 928
12.7833 928
12.8 928
12.8167 928
12.8333 928
12.85 927
12.8667 927
12.8833 927
12.9 926
12.9167 926
12.9333 926
12.95 925
12.9667 925
12.9833 925
13.0 924
13.0167 924
13.0333 923
13.05 923
13.0667 922
13.0833 922
13.1 921
13.1167 920
13.1333 920
13.15 919
13.1667 919
13.1833 918
13.2 917
13.2167 916
13.2333 916
13.25 915
13.2667 914
13.2833 913
13.3 913
13.3167 912
13.3333 911
13.35 910
13.3667 909
13.3833 908
13.4 907
13.4167 906
13.4333 905
13.45 904
13.4667 903
13.4833 902
13.5 901
13.5167 900
13.5333 899
13.55 898
13.5667 897
13.5833 896
13.6 895
13.6167 894
13.6333 892
13.65 891
13.6667 890
13.6833 889
13.7 887
13.7167 886
13.7333 885
13.75 883
13.7667 882
13.7833 881
13.8 879
13.8167 878
13.8333 876
13.85 875
13.8667 874
13.8833 872
13.9 871
13.9167 869
13.9333 867
13.95 866
13.9667 864
13.9833 863
14.0 861
14.0167 859
14.0333 858
14.05 856
14.0667 854
14.0833 853
14.1 851
14.1167 849
14.1333 847
14.15 846
14.1667 844
14.1833 842
14.2 840
14.2167 838
14.2333 836
14.25 835
14.2667 833
14.2833 831
14.3 829
14.3167 827
14.3333 825
14.35 823
14.3667 821
14.3833 819
14.4 817
14.4167 815
14.4333 812
14.45 810
14.4667 808
14.4833 806
14.5 804
14.5167 802
14.5333 800
14.55 797
14.5667 795
14.5833 793
14.6 791
14.6167 788
14.6333 786
14.65 784
14.6667 781
14.6833 779
14.7 777
14.7167 774
14.7333 772
14.75 769
14.7667 767
14.7833 764
14.8 762
14.8167 759
14.8333 757
14.85 754
14.8667 752
14.8833 749
14.9 747
14.9167 744
14.9333 742
14.95 739
14.9667 736
14.9833 734
15.0 730
15.0167 728
15.0333 725
15.05 722
15.0667 719
15.0833 717
15.1 714
15.1167 711
15.1333 708
15.15 706
15.1667 703
15.1833 700
15.2 697
15.2167 694
15.2333 691
15.25 688
15.2667 686
15.2833 683
15.3 680
15.3167 677
15.3333 674
15.35 671
15.3667 668
15.3833 665
15.4 662
15.4167 659
15.4333 656
15.45 653
15.4667 650
15.4833 646
15.5 643
15.5167 640
15.5333 637
15.55 634
15.5667 631
15.5833 628
15.6 624
15.6167 621
15.6333 618
15.65 615
15.6667 612
15.6833 608
15.7 605
15.7167 602
15.7333 599
15.75 595
15.7667 592
15.7833 589
15.8 585
15.8167 582
15.8333 579
15.85 575
15.8667 572
15.8833 569
15.9 565
15.9167 562
15.9333 558
15.95 555
15.9667 552
15.9833 548
16.0 545
16.0167 541
16.0333 538
16.05 534
16.0667 531
16.0833 527
16.1 524
16.1167 520
16.1333 517
16.15 513
16.1667 510
16.1833 506
16.2 502
16.2167 499
16.2333 495
16.25 492
16.2667 488
16.2833 484
16.3 481
16.3167 477
16.3333 474
16.35 470
16.3667 466
16.3833 463
16.4 459
16.4167 455
16.4333 452
16.45 448
16.4667 444
16.4833 440
16.5 437
16.5167 433
16.5333 429
16.55 426
16.5667 422
16.5833 418
16.6 414
16.6167 411
16.6333 407
16.65 403
16.6667 399
16.6833 396
16.7 392
16.7167 388
16.7333 384
16.75 380
16.7667 377
16.7833 373
16.8 369
16.8167 365
16.8333 361
16.85 358
16.8667 354
16.8833 350
16.9 346
16.9167 342
16.9333 339
16.95 335
16.9667 331
16.9833 327
