8.0 241
8.0167 245
8.0333 249
8.05 253
8.0667 257
8.0833 261
8.1 265
8.1167 269
8.1333 272
8.15 276
8.1667 280
8.1833 284
8.2 288
8.2167 292
8.2333 296
8.25 299
8.2667 303
8.2833 307
8.3 311
8.3167 315
8.3333 319
8.35 323
8.3667 326
8.3833 330
8.4 334
8.4167 338
8.4333 342
8.45 346
8.4667 349
8.4833 353
8.5 357
8.5167 361
8.5333 365
8.55 368
8.5667 372
8.5833 376
8.6 380
8.6167 384
8.6333 387
8.65 391
8.6667 395
8.6833 399
8.7 402
8.7167 406
8.7333 410
8.75 413
8.7667 417
8.7833 421
8.8 424
8.8167 428
8.8333 432
8.85 435
8.8667 439
8.8833 443
8.9 446
8.9167 450
8.9333 454
8.95 457
8.9667 461
8.9833 464
9.0 468
9.0167 471
9.0333 474
9.05 478
9.0667 482
9.0833 485
9.1 489
9.1167 492
9.1333 496
9.15 499
9.1667 503
9.1833 506
9.2 509
9.2167 513
9.2333 516
9.25 520
9.2667 523
9.2833 527
9.3 530
9.3167 533
9.3333 537
9.35 540
9.3667 543
9.3833 547
9.4 550
9.4167 553
9.4333 556
9.45 560
9.4667 563
9.4833 566
9.5 569
9.5167 573
9.5333 576
9.55 579
9.5667 582
9.5833 585
9.6 589
9.6167 592
9.6333 595
9.65 598
9.6667 601
9.6833 604
9.7 607
9.7167 610
9.7333 613
9.75 616
9.7667 619
9.7833 622
9.8 625
9.8167 628
9.8333 631
9.85 634
9.8667 637
9.8833 640
9.9 643
9.9167 646
9.9333 649
9.95 651
9.9667 654
9.9833 657
10.0 660
10.0167 663
10.0333 665
10.05 668
10.0667 671
10.0833 674
10.1 676
10.1167 679
10.1333 682
10.15 684
10.1667 687
10.1833 690
10.2 692
10.2167 695
10.2333 697
10.25 700
10.2667 703
10.2833 705
10.3 708
10.3167 710
10.3333 712
10.35 715
10.3667 717
10.3833 720
10.4 722
10.4167 725
10.4333 727
10.45 729
10.4667 732
10.4833 734
10.5 736
10.5167 739
10.5333 741
10.55 743
10.5667 745
10.5833 748
10.6 750
10.6167 752
10.6333 754
10.65 756
10.6667 758
10.6833 760
10.7 763
10.7167 765
10.7333 767
10.75 769
10.7667 771
10.7833 773
10.8 775
10.8167 777
10.8333 779
10.85 781
10.8667 782
10.8833 784
10.9 786
10.9167 788
10.9333 790
10.95 792
10.9667 794
10.9833 795
11.0 797
11.0167 799
11.0333 801
11.05 802
11.0667 804
11.0833 806
11.1 807
11.1167 809
11.1333 810
11.15 812
11.1667 814
11.1833 815
11.2 817
11.2167 818
11.2333 820
11.25 821
11.2667 823
11.2833 824
11.3 825
11.3167 827
11.3333 828
11.35 830
11.3667 831
11.3833 832
11.4 834
11.4167 835
11.4333 836
11.45 837
11.4667 839
11.4833 840
11.5 841
11.5167 842
11.5333 843
11.55 844
11.5667 845
11.5833 847
11.6 848
11.6167 849
11.6333 850
11.65 851
11.6667 852
11.6833 853
11.7 853
11.7167 854
11.7333 855
11.75 856
11.7667 857
11.7833 858
11.8 859
11.8167 859
11.8333 860
11.85 861
11.8667 862
11.8833 862
11.9 863
11.9167 864
11.9333 865
11.95 865
11.9667 866
11.9833 866
12.0 867
12.0167 867
12.0333 868
12.05 869
12.0667 869
12.0833 869
12.1 870
12.1167 870
12.1333 871
12.15 871
12.1667 872
12.1833 872
12.2 872
12.2167 872
12.2333 873
12.25 873
12.2667 873
12.2833 874
12.3 874
12.3167 874
12.3333 874
12.35 874
12.3667 874
12.3833 874
12.4 875
12.4167 875
12.4333 875
12.45 875
12.4667 875
12.4833 875
12.5 875
12.5167 874
12.5333 874
12.55 874
12.5667 874
12.5833 874
12.6 874
12.6167 874
12.6333 873
12.65 873
12.6667 873
12.6833 873
12.7 872
12.7167 872
12.7333 872
12.75 871
12.7667 871
12.7833 871
12.8 870
12.8167 870
12.8333 869
12.85 869
12.8667 868
12.8833 868
12.9 867
12.9167 867
12.9333 866
12.95 866
12.9667 865
12.9833 864
13.0 864
13.0167 863
13.0333 862
13.05 862
13.0667 861
13.0833 860
13.1 859
13.1167 858
13.1333 858
13.15 857
13.1667 856
13.1833 855
13.2 854
13.2167 853
13.2333 852
13.25 851
13.2667 850
13.2833 849
13.3 848
13.3167 847
13.3333 846
13.35 845
13.3667 844
13.3833 843
13.4 842
13.4167 841
13.4333 839
13.45 838
13.4667 837
13.4833 836
13.5 834
13.5167 833
13.5333 832
13.55 831
13.5667 829
13.5833 828
13.6 826
13.6167 825
13.6333 824
13.65 822
13.6667 821
13.6833 819
13.7 818
13.7167 816
13.7333 815
13.75 813
13.7667 812
13.7833 810
13.8 808
13.8167 807
13.8333 805
13.85 803
13.8667 802
13.8833 800
13.9 798
13.9167 797
13.9333 795
13.95 793
13.9667 791
13.9833 789
14.0 788
14.0167 786
14.0333 784
14.05 782
14.0667 780
14.0833 778
14.1 776
14.1167 774
14.1333 772
14.15 770
14.1667 768
14.1833 766
14.2 764
14.2167 762
14.2333 760
14.25 758
14.2667 756
14.2833 753
14.3 751
14.3167 749
14.3333 747
14.35 745
14.3667 742
14.3833 740
14.4 738
14.4167 736
14.4333 733
14.45 731
14.4667 729
14.4833 726
14.5 724
14.5167 722
14.5333 719
14.55 717
14.5667 714
14.5833 712
14.6 709
14.6167 707
14.6333 704
14.65 702
14.6667 699
14.6833 697
14.7 694
14.7167 691
14.7333 689
14.75 686
14.7667 684
14.7833 681
14.8 678
14.8167 676
14.8333 673
14.85 670
14.8667 667
14.8833 665
14.9 662
14.9167 659
14.9333 656
14.95 653
14.9667 651
14.9833 648
15.0 644
15.0167 641
15.0333 638
15.05 635
15.0667 632
15.0833 629
15.1 626
15.1167 623
15.1333 620
15.15 617
15.1667 614
15.1833 611
15.2 608
15.2167 605
15.2333 602
15.25 599
15.2667 596
15.2833 593
15.3 590
15.3167 587
15.3333 583
15.35 580
15.3667 577
15.3833 574
15.4 571
15.4167 567
15.4333 564
15.45 561
15.4667 558
15.4833 554
15.5 551
15.5167 548
15.5333 545
15.55 541
15.5667 538
15.5833 535
15.6 531
15.6167 528
15.6333 524
15.65 521
15.6667 518
15.6833 514
15.7 511
15.7167 507
15.7333 504
15.75 500
15.7667 497
15.7833 493
15.8 490
15.8167 486
15.8333 483
15.85 479
15.8667 476
15.8833 472
15.9 469
15.9167 465
15.9333 462
15.95 458
15.9667 454
15.9833 451
16.0 447
16.0167 444
16.0333 440
16.05 436
16.0667 433
16.0833 429
16.1 425
16.1167 422
16.1333 418
16.15 414
16.1667 411
16.1833 407
16.2 403
16.2167 399
16.2333 396
16.25 392
16.2667 388
16.2833 384
16.3 381
16.3167 377
16.3333 373
16.35 369
16.3667 366
16.3833 362
16.4 358
16.4167 354
16.4333 350
16.45 347
16.4667 343
16.4833 339
16.5 335
16.5167 331
16.5333 327
16.55 324
16.5667 320
16.5833 316
16.6 312
16.6167 308
16.6333 304
16.65 301
16.6667 297
16.6833 293
16.7 289
16.7167 285
16.7333 281
16.75 277
16.7667 274
16.7833 270
16.8 266
16.8167 262
16.8333 258
16.85 254
16.8667 250
16.8833 247
16.9 243
16.9167 239
16.9333 235
16.95 231
16.9667 227
16.9833 223
