8.0 238
8.0167 242
8.0333 246
8.05 250
8.0667 253
8.0833 257
8.1 261
8.1167 265
8.1333 269
8.15 273
8.1667 276
8.1833 280
8.2 284
8.2167 288
8.2333 292
8.25 296
8.2667 299
8.2833 303
8.3 307
8.3167 311
8.3333 315
8.35 319
8.3667 322
8.3833 326
8.4 330
8.4167 334
8.4333 338
8.45 341
8.4667 345
8.4833 349
8.5 353
8.5167 357
8.5333 360
8.55 364
8.5667 368
8.5833 372
8.6 375
8.6167 379
8.6333 383
8.65 387
8.6667 390
8.6833 394
8.7 398
8.7167 402
8.7333 405
8.75 409
8.7667 413
8.7833 416
8.8 420
8.8167 424
8.8333 427
8.85 431
8.8667 435
8.8833 438
8.9 442
8.9167 445
8.9333 449
8.95 453
8.9667 456
8.9833 460
9.0 463
9.0167 466
9.0333 470
9.05 473
9.0667 477
9.0833 480
9.1 484
9.1167 487
9.1333 491
9.15 494
9.1667 498
9.1833 501
9.2 505
9.2167 508
9.2333 512
9.25 515
9.2667 518
9.2833 522
9.3 525
9.3167 529
9.3333 532
9.35 535
9.3667 539
9.3833 542
9.4 545
9.4167 548
9.4333 552
9.45 555
9.4667 558
9.4833 561
9.5 565
9.5167 568
9.5333 571
9.55 574
9.5667 577
9.5833 581
9.6 584
9.6167 587
9.6333 590
9.65 593
9.6667 596
9.6833 599
9.7 602
9.7167 605
9.7333 608
9.75 611
9.7667 614
9.7833 617
9.8 620
9.8167 623
9.8333 626
9.85 629
9.8667 632
9.8833 635
9.9 638
9.9167 641
9.9333 644
9.95 647
9.9667 649
9.9833 652
10.0 655
10.0167 658
10.0333 661
10.05 663
10.0667 666
10.0833 669
10.1 671
10.1167 674
10.1333 677
10.15 679
10.1667 682
10.1833 685
10.2 687
10.2167 690
10.2333 692
10.25 695
10.2667 698
10.2833 700
10.3 703
10.3167 705
10.3333 708
10.35 710
10.3667 712
10.3833 715
10.4 717
10.4167 720
10.4333 722
10.45 724
10.4667 727
10.4833 729
10.5 731
10.5167 734
10.5333 736
10.55 738
10.5667 740
10.5833 743
10.6 745
10.6167 747
10.6333 749
10.65 751
10.6667 753
10.6833 756
10.7 758
10.7167 760
10.7333 762
10.75 764
10.7667 766
10.7833 768
10.8 770
10.8167 772
10.8333 774
10.85 776
10.8667 778
10.8833 779
10.9 781
10.9167 783
10.9333 785
10.95 787
10.9667 789
10.9833 790
11.0 792
11.0167 794
11.0333 796
11.05 797
11.0667 799
11.0833 801
11.1 802
11.1167 804
11.1333 806
11.15 807
11.1667 809
11.1833 810
11.2 812
11.2167 813
11.2333 815
11.25 816
11.2667 818
11.2833 819
11.3 821
11.3167 822
11.3333 823
11.35 825
11.3667 826
11.3833 827
11.4 829
11.4167 830
11.4333 831
11.45 833
11.4667 834
11.4833 835
11.5 836
11.5167 837
11.5333 838
11.55 840
11.5667 841
11.5833 842
11.6 843
11.6167 844
11.6333 845
11.65 846
11.6667 847
11.6833 848
11.7 849
11.7167 850
11.7333 851
11.75 851
11.7667 852
11.7833 853
11.8 854
11.8167 855
11.8333 856
11.85 856
11.8667 857
11.8833 858
11.9 858
11.9167 859
11.9333 860
11.95 860
11.9667 861
11.9833 862
12.0 862
12.0167 863
12.0333 863
12.05 864
12.0667 864
12.0833 865
12.1 865
12.1167 866
12.1333 866
12.15 867
12.1667 867
12.1833 867
12.2 868
12.2167 868
12.2333 868
12.25 868
12.2667 869
12.2833 869
12.3 869
12.3167 869
12.3333 869
12.35 870
12.3667 870
12.3833 870
12.4 870
12.4167 870
12.4333 870
12.45 870
12.4667 870
12.4833 870
12.5 870
12.5167 870
12.5333 870
12.55 870
12.5667 870
12.5833 870
12.6 869
12.6167 869
12.6333 869
12.65 869
12.6667 868
12.6833 868
12.7 868
12.7167 868
12.7333 867
12.75 867
12.7667 867
12.7833 866
12.8 866
12.8167 865
12.8333 865
12.85 864
12.8667 864
12.8833 863
12.9 863
12.9167 862
12.9333 862
12.95 861
12.9667 861
12.9833 860
13.0 859
13.0167 859
13.0333 858
13.05 857
13.0667 856
13.0833 856
13.1 855
13.1167 854
13.1333 853
13.15 852
13.1667 852
13.1833 851
13.2 850
13.2167 849
13.2333 848
13.25 847
13.2667 846
13.2833 845
13.3 844
13.3167 843
13.3333 842
13.35 841
13.3667 840
13.3833 839
13.4 838
13.4167 836
13.4333 835
13.45 834
13.4667 833
13.4833 832
13.5 830
13.5167 829
13.5333 828
13.55 826
13.5667 825
13.5833 824
13.6 822
13.6167 821
13.6333 820
13.65 818
13.6667 817
13.6833 815
13.7 814
13.7167 812
13.7333 811
13.75 809
13.7667 808
13.7833 806
13.8 804
13.8167 803
13.8333 801
13.85 799
13.8667 798
13.8833 796
13.9 794
13.9167 793
13.9333 791
13.95 789
13.9667 787
13.9833 785
14.0 784
14.0167 782
14.0333 780
14.05 778
14.0667 776
14.0833 774
14.1 772
14.1167 770
14.1333 768
14.15 766
14.1667 764
14.1833 762
14.2 760
14.2167 758
14.2333 756
14.25 754
14.2667 752
14.2833 750
14.3 747
14.3167 745
14.3333 743
14.35 741
14.3667 739
14.3833 736
14.4 734
14.4167 732
14.4333 730
14.45 727
14.4667 725
14.4833 723
14.5 720
14.5167 718
14.5333 715
14.55 713
14.5667 710
14.5833 708
14.6 706
14.6167 703
14.6333 701
14.65 698
14.6667 696
14.6833 693
14.7 690
14.7167 688
14.7333 685
14.75 683
14.7667 680
14.7833 677
14.8 675
14.8167 672
14.8333 669
14.85 667
14.8667 664
14.8833 661
14.9 658
14.9167 655
14.9333 653
14.95 650
14.9667 647
14.9833 644
15.0 640
15.0167 637
15.0333 635
15.05 632
15.0667 629
15.0833 626
15.1 623
15.1167 620
15.1333 617
15.15 614
15.1667 611
15.1833 608
15.2 605
15.2167 602
15.2333 599
15.25 596
15.2667 593
15.2833 589
15.3 586
15.3167 583
15.3333 580
15.35 577
15.3667 574
15.3833 571
15.4 567
15.4167 564
15.4333 561
15.45 558
15.4667 554
15.4833 551
15.5 548
15.5167 545
15.5333 541
15.55 538
15.5667 535
15.5833 531
15.6 528
15.6167 525
15.6333 521
15.65 518
15.6667 515
15.6833 511
15.7 508
15.7167 504
15.7333 501
15.75 497
15.7667 494
15.7833 490
15.8 487
15.8167 483
15.8333 480
15.85 476
15.8667 473
15.8833 469
15.9 466
15.9167 462
15.9333 459
15.95 455
15.9667 452
15.9833 448
16.0 444
16.0167 441
16.0333 437
16.05 434
16.0667 430
16.0833 426
16.1 423
16.1167 419
16.1333 415
16.15 412
16.1667 408
16.1833 404
16.2 401
16.2167 397
16.2333 393
16.25 389
16.2667 386
16.2833 382
16.3 378
16.3167 374
16.3333 371
16.35 367
16.3667 363
16.3833 359
16.4 356
16.4167 352
16.4333 348
16.45 344
16.4667 340
16.4833 337
16.5 333
16.5167 329
16.5333 325
16.55 321
16.5667 318
16.5833 314
16.6 310
16.6167 306
16.6333 302
16.65 298
16.6667 295
16.6833 291
16.7 287
16.7167 283
16.7333 279
16.75 275
16.7667 272
16.7833 268
16.8 264
16.8167 260
16.8333 256
16.85 253
16.8667 249
16.8833 245
16.9 241
16.9167 237
16.9333 233
16.95 230
16.9667 226
16.9833 222
