8.0 212
8.0167 215
8.0333 219
8.05 223
8.0667 227
8.0833 230
8.1 234
8.1167 238
8.1333 242
8.15 245
8.1667 249
8.1833 253
8.2 257
8.2167 261
8.2333 264
8.25 268
8.2667 272
8.2833 276
8.3 279
8.3167 283
8.3333 287
8.35 291
8.3667 294
8.3833 298
8.4 302
8.4167 306
8.4333 309
8.45 313
8.4667 317
8.4833 321
8.5 324
8.5167 328
8.5333 332
8.55 335
8.5667 339
8.5833 343
8.6 347
8.6167 350
8.6333 354
8.65 358
8.6667 361
8.6833 365
8.7 369
8.7167 372
8.7333 376
8.75 379
8.7667 383
8.7833 387
8.8 390
8.8167 394
8.8333 398
8.85 401
8.8667 405
8.8833 408
8.9 412
8.9167 415
8.9333 419
8.95 422
8.9667 426
8.9833 429
9.0 433
9.0167 436
9.0333 439
9.05 443
9.0667 446
9.0833 450
9.1 453
9.1167 456
9.1333 460
9.15 463
9.1667 467
9.1833 470
9.2 473
9.2167 477
9.2333 480
9.25 483
9.2667 487
9.2833 490
9.3 493
9.3167 497
9.3333 500
9.35 503
9.3667 507
9.3833 510
9.4 513
9.4167 516
9.4333 519
9.45 523
9.4667 526
9.4833 529
9.5 532
9.5167 535
9.5333 538
9.55 542
9.5667 545
9.5833 548
9.6 551
9.6167 554
9.6333 557
9.65 560
9.6667 563
9.6833 566
9.7 569
9.7167 572
9.7333 575
9.75 578
9.7667 581
9.7833 584
9.8 587
9.8167 590
9.8333 593
9.85 595
9.8667 598
9.8833 601
9.9 604
9.9167 607
9.9333 609
9.95 612
9.9667 615
9.9833 618
10.0 621
10.0167 623
10.0333 626
10.05 629
10.0667 631
10.0833 634
10.1 637
10.1167 639
10.1333 642
10.15 644
10.1667 647
10.1833 650
10.2 652
10.2167 655
10.2333 657
10.25 660
10.2667 662
10.2833 665
10.3 667
10.3167 669
10.3333 672
10.35 674
10.3667 677
10.3833 679
10.4 681
10.4167 684
10.4333 686
10.45 688
10.4667 691
10.4833 693
10.5 695
10.5167 697
10.5333 699
10.55 702
10.5667 704
10.5833 706
10.6 708
10.6167 710
10.6333 712
10.65 714
10.6667 716
10.6833 718
10.7 721
10.7167 723
10.7333 725
10.75 726
10.7667 728
10.7833 730
10.8 732
10.8167 734
10.8333 736
10.85 738
10.8667 740
10.8833 742
10.9 743
10.9167 745
10.9333 747
10.95 749
10.9667 751
10.9833 752
11.0 754
11.0167 756
11.0333 757
11.05 759
11.0667 761
11.0833 762
11.1 764
11.1167 765
11.1333 767
11.15 768
11.1667 770
11.1833 771
11.2 773
11.2167 774
11.2333 776
11.25 777
11.2667 779
11.2833 780
11.3 781
11.3167 783
11.3333 784
11.35 785
11.3667 786
11.3833 788
11.4 789
11.4167 790
11.4333 791
11.45 793
11.4667 794
11.4833 795
11.5 796
11.5167 797
11.5333 798
11.55 799
11.5667 800
11.5833 801
11.6 802
11.6167 803
11.6333 804
11.65 805
11.6667 806
11.6833 807
11.7 808
11.7167 809
11.7333 810
11.75 810
11.7667 811
11.7833 812
11.8 813
11.8167 814
11.8333 814
11.85 815
11.8667 816
11.8833 816
11.9 817
11.9167 818
11.9333 818
11.95 819
11.9667 819
11.9833 820
12.0 820
12.0167 821
12.0333 821
12.05 822
12.0667 822
12.0833 823
12.1 823
12.1167 823
12.1333 824
12.15 824
12.1667 824
12.1833 825
12.2 825
12.2167 825
12.2333 826
12.25 826
12.2667 826
12.2833 826
12.3 826
12.3167 826
12.3333 827
12.35 827
12.3667 827
12.3833 827
12.4 827
12.4167 827
12.4333 827
12.45 827
12.4667 827
12.4833 827
12.5 827
12.5167 826
12.5333 826
12.55 826
12.5667 826
12.5833 826
12.6 826
12.6167 825
12.6333 825
12.65 825
12.6667 825
12.6833 824
12.7 824
12.7167 824
12.7333 823
12.75 823
12.7667 822
12.7833 822
12.8 821
12.8167 821
12.8333 821
12.85 820
12.8667 819
12.8833 819
12.9 818
12.9167 818
12.9333 817
12.95 816
12.9667 816
12.9833 815
13.0 814
13.0167 814
13.0333 813
13.05 812
13.0667 811
13.0833 811
13.1 810
13.1167 809
13.1333 808
13.15 807
13.1667 806
13.1833 805
13.2 805
13.2167 804
13.2333 803
13.25 802
13.2667 801
13.2833 800
13.3 798
13.3167 797
13.3333 796
13.35 795
13.3667 794
13.3833 793
13.4 792
13.4167 791
13.4333 789
13.45 788
13.4667 787
13.4833 786
13.5 784
13.5167 783
13.5333 782
13.55 780
13.5667 779
13.5833 778
13.6 776
13.6167 775
13.6333 773
13.65 772
13.6667 770
13.6833 769
13.7 767
13.7167 766
13.7333 764
13.75 763
13.7667 761
13.7833 759
13.8 758
13.8167 756
13.8333 754
13.85 753
13.8667 751
13.8833 749
13.9 747
13.9167 746
13.9333 744
13.95 742
13.9667 740
13.9833 738
14.0 737
14.0167 735
14.0333 733
14.05 731
14.0667 729
14.0833 727
14.1 725
14.1167 723
14.1333 721
14.15 719
14.1667 717
14.1833 715
14.2 713
14.2167 711
14.2333 709
14.25 707
14.2667 704
14.2833 702
14.3 700
14.3167 698
14.3333 696
14.35 693
14.3667 691
14.3833 689
14.4 687
14.4167 684
14.4333 682
14.45 680
14.4667 677
14.4833 675
14.5 672
14.5167 670
14.5333 668
14.55 665
14.5667 663
14.5833 660
14.6 658
14.6167 655
14.6333 653
14.65 650
14.6667 648
14.6833 645
14.7 643
14.7167 640
14.7333 637
14.75 635
14.7667 632
14.7833 629
14.8 627
14.8167 624
14.8333 621
14.85 619
14.8667 616
14.8833 613
14.9 610
14.9167 607
14.9333 605
14.95 602
14.9667 599
14.9833 596
15.0 592
15.0167 589
15.0333 587
15.05 584
15.0667 581
15.0833 578
15.1 575
15.1167 572
15.1333 569
15.15 566
15.1667 563
15.1833 560
15.2 557
15.2167 554
15.2333 551
15.25 548
15.2667 545
15.2833 541
15.3 538
15.3167 535
15.3333 532
15.35 529
15.3667 526
15.3833 523
15.4 519
15.4167 516
15.4333 513
15.45 510
15.4667 506
15.4833 503
15.5 500
15.5167 497
15.5333 493
15.55 490
15.5667 487
15.5833 483
15.6 480
15.6167 477
15.6333 473
15.65 470
15.6667 467
15.6833 463
15.7 460
15.7167 456
15.7333 453
15.75 450
15.7667 446
15.7833 443
15.8 439
15.8167 436
15.8333 432
15.85 429
15.8667 425
15.8833 422
15.9 418
15.9167 415
15.9333 411
15.95 407
15.9667 404
15.9833 400
16.0 397
16.0167 393
16.0333 390
16.05 386
16.0667 382
16.0833 379
16.1 375
16.1167 371
16.1333 368
16.15 364
16.1667 361
16.1833 357
16.2 353
16.2167 350
16.2333 346
16.25 342
16.2667 338
16.2833 335
16.3 331
16.3167 327
16.3333 324
16.35 320
16.3667 316
16.3833 313
16.4 309
16.4167 305
16.4333 301
16.45 298
16.4667 294
16.4833 290
16.5 286
16.5167 283
16.5333 279
16.55 275
16.5667 271
16.5833 268
16.6 264
16.6167 260
16.6333 256
16.65 252
16.6667 249
16.6833 245
16.7 241
16.7167 237
16.7333 234
16.75 230
16.7667 226
16.7833 222
16.8 219
16.8167 215
16.8333 211
16.85 207
16.8667 204
16.8833 200
16.9 196
16.9167 192
16.9333 189
16.95 185
16.9667 181
16.9833 178
