8.0 184
8.0167 187
8.0333 191
8.05 194
8.0667 198
8.0833 202
8.1 205
8.1167 209
8.1333 212
8.15 216
8.1667 220
8.1833 223
8.2 227
8.2167 231
8.2333 234
8.25 238
8.2667 242
8.2833 245
8.3 249
8.3167 253
8.3333 256
8.35 260
8.3667 263
8.3833 267
8.4 271
8.4167 274
8.4333 278
8.45 282
8.4667 285
8.4833 289
8.5 293
8.5167 296
8.5333 300
8.55 303
8.5667 307
8.5833 311
8.6 314
8.6167 318
8.6333 321
8.65 325
8.6667 329
8.6833 332
8.7 336
8.7167 339
8.7333 343
8.75 346
8.7667 350
8.7833 353
8.8 357
8.8167 361
8.8333 364
8.85 368
8.8667 371
8.8833 375
8.9 378
8.9167 381
8.9333 385
8.95 388
8.9667 392
8.9833 395
9.0 399
9.0167 401
9.0333 405
9.05 408
9.0667 412
9.0833 415
9.1 418
9.1167 422
9.1333 425
9.15 428
9.1667 432
9.1833 435
9.2 438
9.2167 442
9.2333 445
9.25 448
9.2667 451
9.2833 455
9.3 458
9.3167 461
9.3333 464
9.35 468
9.3667 471
9.3833 474
9.4 477
9.4167 480
9.4333 484
9.45 487
9.4667 490
9.4833 493
9.5 496
9.5167 499
9.5333 502
9.55 505
9.5667 508
9.5833 511
9.6 514
9.6167 517
9.6333 520
9.65 523
9.6667 526
9.6833 529
9.7 532
9.7167 535
9.7333 538
9.75 541
9.7667 544
9.7833 547
9.8 550
9.8167 553
9.8333 555
9.85 558
9.8667 561
9.8833 564
9.9 567
9.9167 569
9.9333 572
9.95 575
9.9667 578
9.9833 580
10.0 583
10.0167 586
10.0333 588
10.05 591
10.0667 594
10.0833 596
10.1 599
10.1167 601
10.1333 604
10.15 607
10.1667 609
10.1833 612
10.2 614
10.2167 617
10.2333 619
10.25 622
10.2667 624
10.2833 626
10.3 629
10.3167 631
10.3333 634
10.35 636
10.3667 638
10.3833 641
10.4 643
10.4167 645
10.4333 648
10.45 650
10.4667 652
10.4833 654
10.5 656
10.5167 659
10.5333 661
10.55 663
10.5667 665
10.5833 667
10.6 669
10.6167 671
10.6333 674
10.65 676
10.6667 678
10.6833 680
10.7 682
10.7167 684
10.7333 686
10.75 688
10.7667 689
10.7833 691
10.8 693
10.8167 695
10.8333 697
10.85 699
10.8667 701
10.8833 702
10.9 704
10.9167 706
10.9333 708
10.95 709
10.9667 711
10.9833 713
11.0 715
11.0167 716
11.0333 718
11.05 719
11.0667 721
11.0833 723
11.1 724
11.1167 726
11.1333 727
11.15 729
11.1667 730
11.1833 732
11.2 733
11.2167 735
11.2333 736
11.25 737
11.2667 739
11.2833 740
11.3 742
11.3167 743
11.3333 744
11.35 745
11.3667 747
11.3833 748
11.4 749
11.4167 750
11.4333 752
11.45 753
11.4667 754
11.4833 755
11.5 756
11.5167 757
11.5333 758
11.55 759
11.5667 760
11.5833 761
11.6 762
11.6167 763
11.6333 764
11.65 765
11.6667 766
11.6833 767
11.7 768
11.7167 769
11.7333 769
11.75 770
11.7667 771
11.7833 772
11.8 773
11.8167 773
11.8333 774
11.85 775
11.8667 775
11.8833 776
11.9 777
11.9167 777
11.9333 778
11.95 778
11.9667 779
11.9833 780
12.0 780
12.0167 781
12.0333 781
12.05 781
12.0667 782
12.0833 782
12.1 783
12.1167 783
12.1333 783
12.15 784
12.1667 784
12.1833 784
12.2 785
12.2167 785
12.2333 785
12.25 785
12.2667 785
12.2833 786
12.3 786
12.3167 786
12.3333 786
12.35 786
12.3667 786
12.3833 786
12.4 786
12.4167 786
12.4333 786
12.45 786
12.4667 786
12.4833 786
12.5 786
12.5167 786
12.5333 786
12.55 786
12.5667 785
12.5833 785
12.6 785
12.6167 785
12.6333 785
12.65 784
12.6667 784
12.6833 784
12.7 783
12.7167 783
12.7333 783
12.75 782
12.7667 782
12.7833 781
12.8 781
12.8167 780
12.8333 780
12.85 779
12.8667 779
12.8833 778
12.9 778
12.9167 777
12.9333 777
12.95 776
12.9667 775
12.9833 775
13.0 774
13.0167 773
13.0333 772
13.05 772
13.0667 771
13.0833 770
13.1 769
13.1167 769
13.1333 768
13.15 767
13.1667 766
13.1833 765
13.2 764
13.2167 763
13.2333 762
13.25 761
13.2667 760
13.2833 759
13.3 758
13.3167 757
13.3333 756
13.35 755
13.3667 754
13.3833 753
13.4 751
13.4167 750
13.4333 749
13.45 748
13.4667 746
13.4833 745
13.5 744
13.5167 743
13.5333 741
13.55 740
13.5667 739
13.5833 737
13.6 736
13.6167 734
13.6333 733
13.65 732
13.6667 730
13.6833 729
13.7 727
13.7167 726
13.7333 724
13.75 722
13.7667 721
13.7833 719
13.8 718
13.8167 716
13.8333 714
13.85 713
13.8667 711
13.8833 709
13.9 708
13.9167 706
13.9333 704
13.95 702
13.9667 700
13.9833 699
14.0 697
14.0167 695
14.0333 693
14.05 691
14.0667 689
14.0833 687
14.1 685
14.1167 683
14.1333 681
14.15 679
14.1667 677
14.1833 675
14.2 673
14.2167 671
14.2333 669
14.25 667
14.2667 665
14.2833 663
14.3 661
14.3167 658
14.3333 656
14.35 654
14.3667 652
14.3833 650
14.4 647
14.4167 645
14.4333 643
14.45 640
14.4667 638
14.4833 636
14.5 633
14.5167 631
14.5333 629
14.55 626
14.5667 624
14.5833 621
14.6 619
14.6167 616
14.6333 614
14.65 611
14.6667 609
14.6833 606
14.7 604
14.7167 601
14.7333 599
14.75 596
14.7667 593
14.7833 591
14.8 588
14.8167 585
14.8333 583
14.85 580
14.8667 577
14.8833 575
14.9 572
14.9167 569
14.9333 566
14.95 564
14.9667 561
14.9833 558
15.0 554
15.0167 551
15.0333 549
15.05 546
15.0667 543
15.0833 540
15.1 537
15.1167 534
15.1333 531
15.15 528
15.1667 525
15.1833 522
15.2 519
15.2167 516
15.2333 513
15.25 510
15.2667 507
15.2833 504
15.3 501
15.3167 498
15.3333 495
15.35 492
15.3667 489
15.3833 485
15.4 482
15.4167 479
15.4333 476
15.45 473
15.4667 470
15.4833 466
15.5 463
15.5167 460
15.5333 457
15.55 453
15.5667 450
15.5833 447
15.6 444
15.6167 440
15.6333 437
15.65 434
15.6667 430
15.6833 427
15.7 424
15.7167 420
15.7333 417
15.75 414
15.7667 410
15.7833 407
15.8 403
15.8167 400
15.8333 397
15.85 393
15.8667 390
15.8833 386
15.9 383
15.9167 379
15.9333 376
15.95 372
15.9667 369
15.9833 365
16.0 362
16.0167 358
16.0333 355
16.05 351
16.0667 348
16.0833 344
16.1 341
16.1167 337
16.1333 334
16.15 330
16.1667 327
16.1833 323
16.2 319
16.2167 316
16.2333 312
16.25 309
16.2667 305
16.2833 301
16.3 298
16.3167 294
16.3333 291
16.35 287
16.3667 283
16.3833 280
16.4 276
16.4167 272
16.4333 269
16.45 265
16.4667 261
16.4833 258
16.5 254
16.5167 251
16.5333 247
16.55 243
16.5667 240
16.5833 236
16.6 232
16.6167 229
16.6333 225
16.65 221
16.6667 218
16.6833 214
16.7 211
16.7167 207
16.7333 203
16.75 200
16.7667 196
16.7833 193
16.8 189
16.8167 185
16.8333 182
16.85 178
16.8667 175
16.8833 171
16.9 168
16.9167 164
16.9333 160
16.95 157
16.9667 153
16.9833 150
