8.0 190
8.0167 194
8.0333 197
8.05 201
8.0667 205
8.0833 208
8.1 212
8.1167 216
8.1333 219
8.15 223
8.1667 226
8.1833 230
8.2 234
8.2167 237
8.2333 241
8.25 245
8.2667 248
8.2833 252
8.3 256
8.3167 259
8.3333 263
8.35 267
8.3667 270
8.3833 274
8.4 278
8.4167 281
8.4333 285
8.45 289
8.4667 292
8.4833 296
8.5 299
8.5167 303
8.5333 307
8.55 310
8.5667 314
8.5833 318
8.6 321
8.6167 325
8.6333 328
8.65 332
8.6667 336
8.6833 339
8.7 343
8.7167 346
8.7333 350
8.75 353
8.7667 357
8.7833 360
8.8 364
8.8167 368
8.8333 371
8.85 375
8.8667 378
8.8833 382
8.9 385
8.9167 389
8.9333 392
8.95 395
8.9667 399
8.9833 402
9.0 406
9.0167 408
9.0333 412
9.05 415
9.0667 419
9.0833 422
9.1 425
9.1167 429
9.1333 432
9.15 436
9.1667 439
9.1833 442
9.2 446
9.2167 449
9.2333 452
9.25 455
9.2667 459
9.2833 462
9.3 465
9.3167 469
9.3333 472
9.35 475
9.3667 478
9.3833 481
9.4 485
9.4167 488
9.4333 491
9.45 494
9.4667 497
9.4833 500
9.5 503
9.5167 507
9.5333 510
9.55 513
9.5667 516
9.5833 519
9.6 522
9.6167 525
9.6333 528
9.65 531
9.6667 534
9.6833 537
9.7 540
9.7167 543
9.7333 546
9.75 549
9.7667 552
9.7833 554
9.8 557
9.8167 560
9.8333 563
9.85 566
9.8667 569
9.8833 571
9.9 574
9.9167 577
9.9333 580
9.95 583
9.9667 585
9.9833 588
10.0 591
10.0167 593
10.0333 596
10.05 599
10.0667 601
10.0833 604
10.1 607
10.1167 609
10.1333 612
10.15 614
10.1667 617
10.1833 619
10.2 622
10.2167 624
10.2333 627
10.25 629
10.2667 632
10.2833 634
10.3 637
10.3167 639
10.3333 641
10.35 644
10.3667 646
10.3833 648
10.4 651
10.4167 653
10.4333 655
10.45 658
10.4667 660
10.4833 662
10.5 664
10.5167 666
10.5333 669
10.55 671
10.5667 673
10.5833 675
10.6 677
10.6167 679
10.6333 681
10.65 683
10.6667 685
10.6833 687
10.7 690
10.7167 692
10.7333 693
10.75 695
10.7667 697
10.7833 699
10.8 701
10.8167 703
10.8333 705
10.85 707
10.8667 709
10.8833 710
10.9 712
10.9167 714
10.9333 716
10.95 717
10.9667 719
10.9833 721
11.0 723
11.0167 724
11.0333 726
11.05 727
11.0667 729
11.0833 731
11.1 732
11.1167 734
11.1333 735
11.15 737
11.1667 738
11.1833 740
11.2 741
11.2167 743
11.2333 744
11.25 745
11.2667 747
11.2833 748
11.3 750
11.3167 751
11.3333 752
11.35 753
11.3667 755
11.3833 756
11.4 757
11.4167 758
11.4333 760
11.45 761
11.4667 762
11.4833 763
11.5 764
11.5167 765
11.5333 766
11.55 767
11.5667 768
11.5833 769
11.6 770
11.6167 771
11.6333 772
11.65 773
11.6667 774
11.6833 775
11.7 776
11.7167 777
11.7333 778
11.75 778
11.7667 779
11.7833 780
11.8 781
11.8167 781
11.8333 782
11.85 783
11.8667 784
11.8833 784
11.9 785
11.9167 785
11.9333 786
11.95 787
11.9667 787
11.9833 788
12.0 788
12.0167 789
12.0333 789
12.05 790
12.0667 790
12.0833 790
12.1 791
12.1167 791
12.1333 792
12.15 792
12.1667 792
12.1833 793
12.2 793
12.2167 793
12.2333 793
12.25 794
12.2667 794
12.2833 794
12.3 794
12.3167 794
12.3333 794
12.35 794
12.3667 794
12.3833 794
12.4 794
12.4167 794
12.4333 794
12.45 794
12.4667 794
12.4833 794
12.5 794
12.5167 794
12.5333 794
12.55 794
12.5667 794
12.5833 793
12.6 793
12.6167 793
12.6333 793
12.65 792
12.6667 792
12.6833 792
12.7 792
12.7167 791
12.7333 791
12.75 790
12.7667 790
12.7833 790
12.8 789
12.8167 789
12.8333 788
12.85 788
12.8667 787
12.8833 787
12.9 786
12.9167 785
12.9333 785
12.95 784
12.9667 783
12.9833 783
13.0 782
13.0167 781
13.0333 781
13.05 780
13.0667 779
13.0833 778
13.1 777
13.1167 777
13.1333 776
13.15 775
13.1667 774
13.1833 773
13.2 772
13.2167 771
13.2333 770
13.25 769
13.2667 768
13.2833 767
13.3 766
13.3167 765
13.3333 764
13.35 763
13.3667 762
13.3833 761
13.4 759
13.4167 758
13.4333 757
13.45 756
13.4667 755
13.4833 753
13.5 752
13.5167 751
13.5333 749
13.55 748
13.5667 747
13.5833 745
13.6 744
13.6167 742
13.6333 741
13.65 740
13.6667 738
13.6833 737
13.7 735
13.7167 734
13.7333 732
13.75 730
13.7667 729
13.7833 727
13.8 726
13.8167 724
13.8333 722
13.85 721
13.8667 719
13.8833 717
13.9 715
13.9167 714
13.9333 712
13.95 710
13.9667 708
13.9833 706
14.0 705
14.0167 703
14.0333 701
14.05 699
14.0667 697
14.0833 695
14.1 693
14.1167 691
14.1333 689
14.15 687
14.1667 685
14.1833 683
14.2 681
14.2167 679
14.2333 677
14.25 675
14.2667 673
14.2833 671
14.3 668
14.3167 666
14.3333 664
14.35 662
14.3667 660
14.3833 657
14.4 655
14.4167 653
14.4333 650
14.45 648
14.4667 646
14.4833 643
14.5 641
14.5167 639
14.5333 636
14.55 634
14.5667 631
14.5833 629
14.6 626
14.6167 624
14.6333 621
14.65 619
14.6667 616
14.6833 614
14.7 611
14.7167 609
14.7333 606
14.75 604
14.7667 601
14.7833 598
14.8 596
14.8167 593
14.8333 590
14.85 588
14.8667 585
14.8833 582
14.9 579
14.9167 577
14.9333 574
14.95 571
14.9667 568
14.9833 565
15.0 562
15.0167 559
15.0333 556
15.05 553
15.0667 550
15.0833 547
15.1 544
15.1167 541
15.1333 538
15.15 536
15.1667 533
15.1833 530
15.2 527
15.2167 524
15.2333 521
15.25 517
15.2667 514
15.2833 511
15.3 508
15.3167 505
15.3333 502
15.35 499
15.3667 496
15.3833 493
15.4 490
15.4167 486
15.4333 483
15.45 480
15.4667 477
15.4833 474
15.5 470
15.5167 467
15.5333 464
15.55 461
15.5667 457
15.5833 454
15.6 451
15.6167 447
15.6333 444
15.65 441
15.6667 438
15.6833 434
15.7 431
15.7167 427
15.7333 424
15.75 421
15.7667 417
15.7833 414
15.8 410
15.8167 407
15.8333 404
15.85 400
15.8667 397
15.8833 393
15.9 390
15.9167 386
15.9333 383
15.95 379
15.9667 376
15.9833 372
16.0 369
16.0167 365
16.0333 362
16.05 358
16.0667 355
16.0833 351
16.1 348
16.1167 344
16.1333 341
16.15 337
16.1667 333
16.1833 330
16.2 326
16.2167 323
16.2333 319
16.25 315
16.2667 312
16.2833 308
16.3 305
16.3167 301
16.3333 297
16.35 294
16.3667 290
16.3833 286
16.4 283
16.4167 279
16.4333 276
16.45 272
16.4667 268
16.4833 265
16.5 261
16.5167 257
16.5333 254
16.55 250
16.5667 246
16.5833 243
16.6 239
16.6167 235
16.6333 232
16.65 228
16.6667 224
16.6833 221
16.7 217
16.7167 214
16.7333 210
16.75 206
16.7667 203
16.7833 199
16.8 195
16.8167 192
16.8333 188
16.85 185
16.8667 181
16.8833 178
16.9 174
16.9167 170
16.9333 167
16.95 163
16.9667 160
16.9833 156
