8.0 66
8.0167 68
8.0333 71
8.05 74
8.0667 77
8.0833 80
8.1 83
8.1167 86
8.1333 89
8.15 92
8.1667 95
8.1833 98
8.2 101
8.2167 104
8.2333 107
8.25 111
8.2667 114
8.2833 117
8.3 120
8.3167 123
8.3333 127
8.35 130
8.3667 133
8.3833 137
8.4 140
8.4167 143
8.4333 147
8.45 150
8.4667 153
8.4833 157
8.5 160
8.5167 163
8.5333 167
8.55 170
8.5667 173
8.5833 177
8.6 180
8.6167 183
8.6333 187
8.65 190
8.6667 194
8.6833 197
8.7 200
8.7167 204
8.7333 207
8.75 211
8.7667 214
8.7833 217
8.8 221
8.8167 224
8.8333 228
8.85 231
8.8667 234
8.8833 238
8.9 241
8.9167 245
8.9333 248
8.95 251
8.9667 255
8.9833 258
9.0 261
9.0167 265
9.0333 268
9.05 271
9.0667 275
9.0833 278
9.1 281
9.1167 285
9.1333 288
9.15 291
9.1667 295
9.1833 298
9.2 301
9.2167 305
9.2333 308
9.25 311
9.2667 315
9.2833 318
9.3 321
9.3167 324
9.3333 328
9.35 331
9.3667 334
9.3833 337
9.4 341
9.4167 344
9.4333 347
9.45 350
9.4667 354
9.4833 357
9.5 360
9.5167 363
9.5333 366
9.55 369
9.5667 373
9.5833 376
9.6 379
9.6167 382
9.6333 385
9.65 388
9.6667 391
9.6833 394
9.7 397
9.7167 400
9.7333 403
9.75 406
9.7667 409
9.7833 412
9.8 415
9.8167 418
9.8333 421
9.85 424
9.8667 427
9.8833 430
9.9 433
9.9167 436
9.9333 439
9.95 442
9.9667 445
9.9833 448
10.0 450
10.0167 453
10.0333 456
10.05 459
10.0667 462
10.0833 464
10.1 467
10.1167 470
10.1333 473
10.15 475
10.1667 478
10.1833 481
10.2 484
10.2167 486
10.2333 489
10.25 492
10.2667 494
10.2833 497
10.3 499
10.3167 502
10.3333 505
10.35 507
10.3667 510
10.3833 512
10.4 515
10.4167 517
10.4333 520
10.45 522
10.4667 525
10.4833 527
10.5 529
10.5167 532
10.5333 534
10.55 537
10.5667 539
10.5833 541
10.6 544
10.6167 546
10.6333 548
10.65 551
10.6667 553
10.6833 555
10.7 557
10.7167 560
10.7333 562
10.75 564
10.7667 566
10.7833 568
10.8 570
10.8167 573
10.8333 575
10.85 577
10.8667 579
10.8833 581
10.9 583
10.9167 585
10.9333 587
10.95 589
10.9667 591
10.9833 593
11.0 595
11.0167 597
11.0333 599
11.05 601
11.0667 603
11.0833 604
11.1 606
11.1167 608
11.1333 610
11.15 612
11.1667 613
11.1833 615
11.2 617
11.2167 619
11.2333 620
11.25 622
11.2667 624
11.2833 625
11.3 627
11.3167 629
11.3333 630
11.35 632
11.3667 633
11.3833 635
11.4 636
11.4167 638
11.4333 639
11.45 641
11.4667 642
11.4833 644
11.5 645
11.5167 647
11.5333 648
11.55 649
11.5667 651
11.5833 652
11.6 653
11.6167 655
11.6333 656
11.65 657
11.6667 658
11.6833 660
11.7 661
11.7167 662
11.7333 663
11.75 664
11.7667 665
11.7833 666
11.8 668
11.8167 669
11.8333 670
11.85 671
11.8667 672
11.8833 673
11.9 674
11.9167 675
11.9333 676
11.95 676
11.9667 677
11.9833 678
12.0 679
12.0167 680
12.0333 681
12.05 682
12.0667 682
12.0833 683
12.1 684
12.1167 685
12.1333 685
12.15 686
12.1667 687
12.1833 687
12.2 688
12.2167 688
12.2333 689
12.25 690
12.2667 690
12.2833 691
12.3 691
12.3167 692
12.3333 692
12.35 693
12.3667 693
12.3833 693
12.4 694
12.4167 694
12.4333 695
12.45 695
12.4667 695
12.4833 696
12.5 696
12.5167 696
12.5333 696
12.55 697
12.5667 697
12.5833 697
12.6 697
12.6167 697
12.6333 697
12.65 697
12.6667 698
12.6833 698
12.7 698
12.7167 698
12.7333 698
12.75 698
12.7667 698
12.7833 698
12.8 698
12.8167 697
12.8333 697
12.85 697
12.8667 697
12.8833 697
12.9 697
12.9167 696
12.9333 696
12.95 696
12.9667 696
12.9833 695
13.0 695
13.0167 695
13.0333 694
13.05 694
13.0667 694
13.0833 693
13.1 693
13.1167 692
13.1333 692
13.15 692
13.1667 691
13.1833 691
13.2 690
13.2167 689
13.2333 689
13.25 688
13.2667 688
13.2833 687
13.3 686
13.3167 686
13.3333 685
13.35 684
13.3667 684
13.3833 683
13.4 682
13.4167 681
13.4333 680
13.45 680
13.4667 679
13.4833 678
13.5 677
13.5167 676
13.5333 675
13.55 674
13.5667 673
13.5833 672
13.6 671
13.6167 670
13.6333 669
13.65 668
13.6667 667
13.6833 666
13.7 665
13.7167 664
13.7333 663
13.75 662
13.7667 660
13.7833 659
13.8 658
13.8167 657
13.8333 655
13.85 654
13.8667 653
13.8833 652
13.9 650
13.9167 649
13.9333 647
13.95 646
13.9667 645
13.9833 643
14.0 642
14.0167 640
14.0333 639
14.05 637
14.0667 636
14.0833 634
14.1 633
14.1167 631
14.1333 630
14.15 628
14.1667 626
14.1833 625
14.2 623
14.2167 621
14.2333 620
14.25 618
14.2667 616
14.2833 615
14.3 613
14.3167 611
14.3333 609
14.35 607
14.3667 606
14.3833 604
14.4 602
14.4167 600
14.4333 598
14.45 596
14.4667 594
14.4833 592
14.5 590
14.5167 588
14.5333 586
14.55 584
14.5667 582
14.5833 580
14.6 578
14.6167 576
14.6333 574
14.65 572
14.6667 570
14.6833 568
14.7 565
14.7167 563
14.7333 561
14.75 559
14.7667 557
14.7833 554
14.8 552
14.8167 550
14.8333 548
14.85 545
14.8667 543
14.8833 541
14.9 538
14.9167 536
14.9333 533
14.95 531
14.9667 529
14.9833 526
15.0 524
15.0167 522
15.0333 519
15.05 517
15.0667 514
15.0833 512
15.1 509
15.1167 507
15.1333 504
15.15 502
15.1667 499
15.1833 496
15.2 494
15.2167 491
15.2333 488
15.25 486
15.2667 483
15.2833 480
15.3 478
15.3167 475
15.3333 472
15.35 470
15.3667 467
15.3833 464
15.4 461
15.4167 458
15.4333 456
15.45 453
15.4667 450
15.4833 447
15.5 444
15.5167 441
15.5333 438
15.55 436
15.5667 433
15.5833 430
15.6 427
15.6167 424
15.6333 421
15.65 418
15.6667 415
15.6833 412
15.7 409
15.7167 406
15.7333 403
15.75 400
15.7667 397
15.7833 394
15.8 391
15.8167 388
15.8333 385
15.85 381
15.8667 378
15.8833 375
15.9 372
15.9167 369
15.9333 366
15.95 363
15.9667 359
15.9833 356
16.0 353
16.0167 350
16.0333 347
16.05 343
16.0667 340
16.0833 337
16.1 334
16.1167 330
16.1333 327
16.15 324
16.1667 321
16.1833 317
16.2 314
16.2167 311
16.2333 308
16.25 304
16.2667 301
16.2833 298
16.3 294
16.3167 291
16.3333 288
16.35 284
16.3667 281
16.3833 278
16.4 274
16.4167 271
16.4333 267
16.45 264
16.4667 261
16.4833 257
16.5 254
16.5167 251
16.5333 247
16.55 244
16.5667 240
16.5833 237
16.6 234
16.6167 230
16.6333 227
16.65 223
16.6667 220
16.6833 217
16.7 213
16.7167 210
16.7333 206
16.75 203
16.7667 200
16.7833 196
16.8 193
16.8167 189
16.8333 186
16.85 183
16.8667 179
16.8833 176
16.9 172
16.9167 169
16.9333 166
16.95 162
16.9667 159
16.9833 156
