8.0 84
8.0167 87
8.0333 90
8.05 93
8.0667 97
8.0833 100
8.1 103
8.1167 106
8.1333 109
8.15 113
8.1667 116
8.1833 119
8.2 122
8.2167 126
8.2333 129
8.25 132
8.2667 136
8.2833 139
8.3 143
8.3167 146
8.3333 149
8.35 153
8.3667 156
8.3833 160
8.4 163
8.4167 166
8.4333 170
8.45 173
8.4667 177
8.4833 180
8.5 184
8.5167 187
8.5333 190
8.55 194
8.5667 197
8.5833 201
8.6 204
8.6167 208
8.6333 211
8.65 214
8.6667 218
8.6833 221
8.7 225
8.7167 228
8.7333 232
8.75 235
8.7667 239
8.7833 242
8.8 245
8.8167 249
8.8333 252
8.85 256
8.8667 259
8.8833 263
8.9 266
8.9167 269
8.9333 273
8.95 276
8.9667 280
8.9833 283
9.0 286
9.0167 289
9.0333 293
9.05 296
9.0667 299
9.0833 303
9.1 306
9.1167 309
9.1333 313
9.15 316
9.1667 319
9.1833 323
9.2 326
9.2167 329
9.2333 333
9.25 336
9.2667 339
9.2833 342
9.3 346
9.3167 349
9.3333 352
9.35 355
9.3667 359
9.3833 362
9.4 365
9.4167 368
9.4333 371
9.45 374
9.4667 378
9.4833 381
9.5 384
9.5167 387
9.5333 390
9.55 393
9.5667 396
9.5833 399
9.6 402
9.6167 406
9.6333 409
9.65 412
9.6667 415
9.6833 418
9.7 421
9.7167 424
9.7333 427
9.75 430
9.7667 433
9.7833 436
9.8 439
9.8167 441
9.8333 444
9.85 447
9.8667 450
9.8833 453
9.9 456
9.9167 459
9.9333 462
9.95 464
9.9667 467
9.9833 470
10.0 473
10.0167 476
10.0333 478
10.05 481
10.0667 484
10.0833 486
10.1 489
10.1167 492
10.1333 494
10.15 497
10.1667 500
10.1833 502
10.2 505
10.2167 508
10.2333 510
10.25 513
10.2667 515
10.2833 518
10.3 520
10.3167 523
10.3333 525
10.35 528
10.3667 530
10.3833 533
10.4 535
10.4167 538
10.4333 540
10.45 543
10.4667 545
10.4833 547
10.5 550
10.5167 552
10.5333 554
10.55 557
10.5667 559
10.5833 561
10.6 563
10.6167 566
10.6333 568
10.65 570
10.6667 572
10.6833 574
10.7 576
10.7167 579
10.7333 581
10.75 583
10.7667 585
10.7833 587
10.8 589
10.8167 591
10.8333 593
10.85 595
10.8667 597
10.8833 599
10.9 601
10.9167 603
10.9333 605
10.95 607
10.9667 609
10.9833 611
11.0 612
11.0167 614
11.0333 616
11.05 618
11.0667 620
11.0833 621
11.1 623
11.1167 625
11.1333 627
11.15 628
11.1667 630
11.1833 632
11.2 633
11.2167 635
11.2333 637
11.25 638
11.2667 640
11.2833 641
11.3 643
11.3167 644
11.3333 646
11.35 647
11.3667 649
11.3833 650
11.4 652
11.4167 653
11.4333 654
11.45 656
11.4667 657
11.4833 658
11.5 660
11.5167 661
11.5333 662
11.55 664
11.5667 665
11.5833 666
11.6 667
11.6167 668
11.6333 670
11.65 671
11.6667 672
11.6833 673
11.7 674
11.7167 675
11.7333 676
11.75 677
11.7667 678
11.7833 679
11.8 680
11.8167 681
11.8333 682
11.85 683
11.8667 684
11.8833 685
11.9 686
11.9167 687
11.9333 687
11.95 688
11.9667 689
11.9833 690
12.0 691
12.0167 691
12.0333 692
12.05 693
12.0667 693
12.0833 694
12.1 695
12.1167 695
12.1333 696
12.15 696
12.1667 697
12.1833 698
12.2 698
12.2167 699
12.2333 699
12.25 700
12.2667 700
12.2833 700
12.3 701
12.3167 701
12.3333 702
12.35 702
12.3667 702
12.3833 703
12.4 703
12.4167 703
12.4333 703
12.45 704
12.4667 704
12.4833 704
12.5 704
12.5167 704
12.5333 705
12.55 705
12.5667 705
12.5833 705
12.6 705
12.6167 705
12.6333 705
12.65 705
12.6667 705
12.6833 705
12.7 705
12.7167 705
12.7333 705
12.75 704
12.7667 704
12.7833 704
12.8 704
12.8167 704
12.8333 704
12.85 703
12.8667 703
12.8833 703
12.9 703
12.9167 702
12.9333 702
12.95 702
12.9667 701
12.9833 701
13.0 700
13.0167 700
13.0333 699
13.05 699
13.0667 699
13.0833 698
13.1 697
13.1167 697
13.1333 696
13.15 696
13.1667 695
13.1833 695
13.2 694
13.2167 693
13.2333 693
13.25 692
13.2667 691
13.2833 690
13.3 690
13.3167 689
13.3333 688
13.35 687
13.3667 686
13.3833 686
13.4 685
13.4167 684
13.4333 683
13.45 682
13.4667 681
13.4833 680
13.5 679
13.5167 678
13.5333 677
13.55 676
13.5667 675
13.5833 674
13.6 673
13.6167 672
13.6333 671
13.65 669
13.6667 668
13.6833 667
13.7 666
13.7167 665
13.7333 663
13.75 662
13.7667 661
13.7833 659
13.8 658
13.8167 657
13.8333 655
13.85 654
13.8667 653
13.8833 651
13.9 650
13.9167 648
13.9333 647
13.95 645
13.9667 644
13.9833 642
14.0 641
14.0167 639
14.0333 638
14.05 636
14.0667 635
14.0833 633
14.1 631
14.1167 630
14.1333 628
14.15 626
14.1667 625
14.1833 623
14.2 621
14.2167 619
14.2333 618
14.25 616
14.2667 614
14.2833 612
14.3 610
14.3167 608
14.3333 606
14.35 605
14.3667 603
14.3833 601
14.4 599
14.4167 597
14.4333 595
14.45 593
14.4667 591
14.4833 589
14.5 587
14.5167 585
14.5333 582
14.55 580
14.5667 578
14.5833 576
14.6 574
14.6167 572
14.6333 570
14.65 567
14.6667 565
14.6833 563
14.7 561
14.7167 558
14.7333 556
14.75 554
14.7667 551
14.7833 549
14.8 547
14.8167 544
14.8333 542
14.85 540
14.8667 537
14.8833 535
14.9 532
14.9167 530
14.9333 527
14.95 525
14.9667 522
14.9833 520
15.0 518
15.0167 515
15.0333 513
15.05 510
15.0667 507
15.0833 505
15.1 502
15.1167 500
15.1333 497
15.15 494
15.1667 492
15.1833 489
15.2 486
15.2167 483
15.2333 481
15.25 478
15.2667 475
15.2833 472
15.3 470
15.3167 467
15.3333 464
15.35 461
15.3667 458
15.3833 456
15.4 453
15.4167 450
15.4333 447
15.45 444
15.4667 441
15.4833 438
15.5 435
15.5167 432
15.5333 429
15.55 426
15.5667 423
15.5833 420
15.6 417
15.6167 414
15.6333 411
15.65 408
15.6667 405
15.6833 402
15.7 399
15.7167 396
15.7333 393
15.75 390
15.7667 387
15.7833 384
15.8 380
15.8167 377
15.8333 374
15.85 371
15.8667 368
15.8833 365
15.9 361
15.9167 358
15.9333 355
15.95 352
15.9667 348
15.9833 345
16.0 342
16.0167 339
16.0333 335
16.05 332
16.0667 329
16.0833 326
16.1 322
16.1167 319
16.1333 316
16.15 312
16.1667 309
16.1833 306
16.2 302
16.2167 299
16.2333 296
16.25 292
16.2667 289
16.2833 286
16.3 282
16.3167 279
16.3333 275
16.35 272
16.3667 269
16.3833 265
16.4 262
16.4167 258
16.4333 255
16.45 251
16.4667 248
16.4833 245
16.5 241
16.5167 238
16.5333 234
16.55 231
16.5667 227
16.5833 224
16.6 221
16.6167 217
16.6333 214
16.65 210
16.6667 207
16.6833 203
16.7 200
16.7167 196
16.7333 193
16.75 190
16.7667 186
16.7833 183
16.8 179
16.8167 176
16.8333 172
16.85 169
16.8667 166
16.8833 162
16.9 159
16.9167 155
16.9333 152
16.95 149
16.9667 145
16.9833 142
