8.0 82
8.0167 84
8.0333 87
8.05 90
8.0667 93
8.0833 95
8.1 98
8.1167 101
8.1333 104
8.15 107
8.1667 110
8.1833 113
8.2 115
8.2167 118
8.2333 121
8.25 124
8.2667 128
8.2833 131
8.3 134
8.3167 137
8.3333 140
8.35 143
8.3667 146
8.3833 149
8.4 152
8.4167 155
8.4333 159
8.45 162
8.4667 165
8.4833 168
8.5 171
8.5167 174
8.5333 178
8.55 181
8.5667 184
8.5833 187
8.6 190
8.6167 194
8.6333 197
8.65 200
8.6667 203
8.6833 206
8.7 210
8.7167 213
8.7333 216
8.75 219
8.7667 222
8.7833 226
8.8 229
8.8167 232
8.8333 235
8.85 239
8.8667 242
8.8833 245
8.9 248
8.9167 251
8.9333 255
8.95 258
8.9667 261
8.9833 264
9.0 267
9.0167 270
9.0333 273
9.05 276
9.0667 280
9.0833 283
9.1 286
9.1167 289
9.1333 292
9.15 295
9.1667 299
9.1833 302
9.2 305
9.2167 308
9.2333 311
9.25 314
9.2667 317
9.2833 320
9.3 323
9.3167 327
9.3333 330
9.35 333
9.3667 336
9.3833 339
9.4 342
9.4167 345
9.4333 348
9.45 351
9.4667 354
9.4833 357
9.5 360
9.5167 363
9.5333 366
9.55 369
9.5667 372
9.5833 375
9.6 378
9.6167 381
9.6333 384
9.65 386
9.6667 389
9.6833 392
9.7 395
9.7167 398
9.7333 401
9.75 404
9.7667 407
9.7833 409
9.8 412
9.8167 415
9.8333 418
9.85 421
9.8667 423
9.8833 426
9.9 429
9.9167 432
9.9333 434
9.95 437
9.9667 440
9.9833 442
10.0 445
10.0167 448
10.0333 450
10.05 453
10.0667 455
10.0833 458
10.1 461
10.1167 463
10.1333 466
10.15 468
10.1667 471
10.1833 473
10.2 476
10.2167 478
10.2333 481
10.25 483
10.2667 486
10.2833 488
10.3 491
10.3167 493
10.3333 495
10.35 498
10.3667 500
10.3833 502
10.4 505
10.4167 507
10.4333 509
10.45 512
10.4667 514
10.4833 516
10.5 519
10.5167 521
10.5333 523
10.55 525
10.5667 527
10.5833 529
10.6 532
10.6167 534
10.6333 536
10.65 538
10.6667 540
10.6833 542
10.7 544
10.7167 546
10.7333 548
10.75 550
10.7667 552
10.7833 554
10.8 556
10.8167 558
10.8333 560
10.85 562
10.8667 564
10.8833 566
10.9 568
10.9167 569
10.9333 571
10.95 573
10.9667 575
10.9833 577
11.0 578
11.0167 580
11.0333 582
11.05 584
11.0667 585
11.0833 587
11.1 589
11.1167 590
11.1333 592
11.15 593
11.1667 595
11.1833 597
11.2 598
11.2167 600
11.2333 601
11.25 603
11.2667 604
11.2833 606
11.3 607
11.3167 609
11.3333 610
11.35 611
11.3667 613
11.3833 614
11.4 615
11.4167 617
11.4333 618
11.45 619
11.4667 621
11.4833 622
11.5 623
11.5167 624
11.5333 625
11.55 627
11.5667 628
11.5833 629
11.6 630
11.6167 631
11.6333 632
11.65 633
11.6667 634
11.6833 635
11.7 636
11.7167 637
11.7333 638
11.75 639
11.7667 640
11.7833 641
11.8 642
11.8167 643
11.8333 644
11.85 645
11.8667 645
11.8833 646
11.9 647
11.9167 648
11.9333 648
11.95 649
11.9667 650
11.9833 651
12.0 651
12.0167 652
12.0333 653
12.05 653
12.0667 654
12.0833 654
12.1 655
12.1167 655
12.1333 656
12.15 656
12.1667 657
12.1833 657
12.2 658
12.2167 658
12.2333 659
12.25 659
12.2667 659
12.2833 660
12.3 660
12.3167 660
12.3333 661
12.35 661
12.3667 661
12.3833 661
12.4 662
12.4167 662
12.4333 662
12.45 662
12.4667 662
12.4833 662
12.5 663
12.5167 663
12.5333 663
12.55 663
12.5667 663
12.5833 663
12.6 663
12.6167 663
12.6333 663
12.65 663
12.6667 662
12.6833 662
12.7 662
12.7167 662
12.7333 662
12.75 662
12.7667 661
12.7833 661
12.8 661
12.8167 661
12.8333 660
12.85 660
12.8667 660
12.8833 659
12.9 659
12.9167 659
12.9333 658
12.95 658
12.9667 657
12.9833 657
13.0 657
13.0167 656
13.0333 656
13.05 655
13.0667 654
13.0833 654
13.1 653
13.1167 653
13.1333 652
13.15 651
13.1667 651
13.1833 650
13.2 649
13.2167 649
13.2333 648
13.25 647
13.2667 646
13.2833 645
13.3 645
13.3167 644
13.3333 643
13.35 642
13.3667 641
13.3833 640
13.4 639
13.4167 638
13.4333 637
13.45 636
13.4667 635
13.4833 634
13.5 633
13.5167 632
13.5333 631
13.55 630
13.5667 629
13.5833 628
13.6 627
13.6167 626
13.6333 624
13.65 623
13.6667 622
13.6833 621
13.7 619
13.7167 618
13.7333 617
13.75 616
13.7667 614
13.7833 613
13.8 611
13.8167 610
13.8333 609
13.85 607
13.8667 606
13.8833 604
13.9 603
13.9167 601
13.9333 600
13.95 598
13.9667 597
13.9833 595
14.0 594
14.0167 592
14.0333 590
14.05 589
14.0667 587
14.0833 585
14.1 584
14.1167 582
14.1333 580
14.15 579
14.1667 577
14.1833 575
14.2 573
14.2167 571
14.2333 570
14.25 568
14.2667 566
14.2833 564
14.3 562
14.3167 560
14.3333 558
14.35 556
14.3667 554
14.3833 552
14.4 550
14.4167 548
14.4333 546
14.45 544
14.4667 542
14.4833 540
14.5 538
14.5167 536
14.5333 534
14.55 532
14.5667 530
14.5833 528
14.6 525
14.6167 523
14.6333 521
14.65 519
14.6667 517
14.6833 514
14.7 512
14.7167 510
14.7333 507
14.75 505
14.7667 503
14.7833 500
14.8 498
14.8167 496
14.8333 493
14.85 491
14.8667 488
14.8833 486
14.9 484
14.9167 481
14.9333 479
14.95 476
14.9667 474
14.9833 471
15.0 469
15.0167 466
15.0333 464
15.05 461
15.0667 458
15.0833 456
15.1 453
15.1167 451
15.1333 448
15.15 445
15.1667 443
15.1833 440
15.2 437
15.2167 435
15.2333 432
15.25 429
15.2667 426
15.2833 424
15.3 421
15.3167 418
15.3333 415
15.35 413
15.3667 410
15.3833 407
15.4 404
15.4167 401
15.4333 398
15.45 396
15.4667 393
15.4833 390
15.5 387
15.5167 384
15.5333 381
15.55 378
15.5667 375
15.5833 372
15.6 369
15.6167 366
15.6333 363
15.65 360
15.6667 357
15.6833 354
15.7 351
15.7167 348
15.7333 345
15.75 342
15.7667 339
15.7833 336
15.8 333
15.8167 330
15.8333 327
15.85 324
15.8667 321
15.8833 318
15.9 315
15.9167 311
15.9333 308
15.95 305
15.9667 302
15.9833 299
16.0 296
16.0167 293
16.0333 290
16.05 286
16.0667 283
16.0833 280
16.1 277
16.1167 274
16.1333 271
16.15 267
16.1667 264
16.1833 261
16.2 258
16.2167 255
16.2333 251
16.25 248
16.2667 245
16.2833 242
16.3 238
16.3167 235
16.3333 232
16.35 229
16.3667 226
16.3833 222
16.4 219
16.4167 216
16.4333 213
16.45 210
16.4667 206
16.4833 203
16.5 200
16.5167 197
16.5333 193
16.55 190
16.5667 187
16.5833 184
16.6 181
16.6167 178
16.6333 174
16.65 171
16.6667 168
16.6833 165
16.7 162
16.7167 159
16.7333 155
16.75 152
16.7667 149
16.7833 146
16.8 143
16.8167 140
16.8333 137
16.85 134
16.8667 131
16.8833 128
16.9 124
16.9167 121
16.9333 118
16.95 115
16.9667 113
16.9833 110
