8.0 98
8.0167 101
8.0333 104
8.05 108
8.0667 111
8.0833 114
8.1 118
8.1167 121
8.1333 125
8.15 128
8.1667 131
8.1833 135
8.2 138
8.2167 142
8.2333 145
8.25 150
8.2667 153
8.2833 157
8.3 160
8.3167 164
8.3333 167
8.35 171
8.3667 174
8.3833 178
8.4 181
8.4167 185
8.4333 188
8.45 192
8.4667 196
8.4833 199
8.5 203
8.5167 206
8.5333 210
8.55 213
8.5667 217
8.5833 220
8.6 224
8.6167 227
8.6333 231
8.65 234
8.6667 238
8.6833 241
8.7 245
8.7167 248
8.7333 252
8.75 255
8.7667 259
8.7833 262
8.8 266
8.8167 269
8.8333 273
8.85 276
8.8667 280
8.8833 283
8.9 287
8.9167 290
8.9333 294
8.95 297
8.9667 301
8.9833 304
9.0 307
9.0167 310
9.0333 314
9.05 317
9.0667 321
9.0833 324
9.1 327
9.1167 331
9.1333 334
9.15 337
9.1667 341
9.1833 344
9.2 347
9.2167 351
9.2333 354
9.25 357
9.2667 361
9.2833 364
9.3 367
9.3167 370
9.3333 374
9.35 377
9.3667 380
9.3833 383
9.4 387
9.4167 390
9.4333 393
9.45 396
9.4667 399
9.4833 402
9.5 406
9.5167 409
9.5333 412
9.55 415
9.5667 418
9.5833 421
9.6 424
9.6167 427
9.6333 430
9.65 433
9.6667 436
9.6833 439
9.7 442
9.7167 445
9.7333 448
9.75 451
9.7667 454
9.7833 457
9.8 460
9.8167 463
9.8333 466
9.85 469
9.8667 472
9.8833 475
9.9 478
9.9167 480
9.9333 483
9.95 486
9.9667 489
9.9833 492
10.0 494
10.0167 497
10.0333 500
10.05 503
10.0667 505
10.0833 508
10.1 511
10.1167 513
10.1333 516
10.15 519
10.1667 521
10.1833 524
10.2 527
10.2167 529
10.2333 532
10.25 534
10.2667 537
10.2833 539
10.3 542
10.3167 544
10.3333 547
10.35 549
10.3667 552
10.3833 554
10.4 557
10.4167 559
10.4333 561
10.45 564
10.4667 566
10.4833 569
10.5 571
10.5167 573
10.5333 575
10.55 578
10.5667 580
10.5833 582
10.6 584
10.6167 587
10.6333 589
10.65 591
10.6667 593
10.6833 595
10.7 597
10.7167 600
10.7333 602
10.75 604
10.7667 606
10.7833 608
10.8 610
10.8167 612
10.8333 614
10.85 616
10.8667 618
10.8833 620
10.9 622
10.9167 624
10.9333 626
10.95 627
10.9667 629
10.9833 631
11.0 633
11.0167 635
11.0333 637
11.05 638
11.0667 640
11.0833 642
11.1 644
11.1167 645
11.1333 647
11.15 649
11.1667 650
11.1833 652
11.2 653
11.2167 655
11.2333 657
11.25 658
11.2667 660
11.2833 661
11.3 663
11.3167 664
11.3333 666
11.35 667
11.3667 669
11.3833 670
11.4 671
11.4167 673
11.4333 674
11.45 676
11.4667 677
11.4833 678
11.5 679
11.5167 681
11.5333 682
11.55 683
11.5667 684
11.5833 686
11.6 687
11.6167 688
11.6333 689
11.65 690
11.6667 691
11.6833 692
11.7 693
11.7167 694
11.7333 695
11.75 696
11.7667 697
11.7833 698
11.8 699
11.8167 700
11.8333 701
11.85 702
11.8667 703
11.8833 704
11.9 705
11.9167 705
11.9333 706
11.95 707
11.9667 708
11.9833 709
12.0 709
12.0167 710
12.0333 711
12.05 711
12.0667 712
12.0833 713
12.1 713
12.1167 714
12.1333 714
12.15 715
12.1667 715
12.1833 716
12.2 716
12.2167 717
12.2333 717
12.25 718
12.2667 718
12.2833 718
12.3 719
12.3167 719
12.3333 720
12.35 720
12.3667 720
12.3833 720
12.4 721
12.4167 721
12.4333 721
12.45 721
12.4667 721
12.4833 722
12.5 722
12.5167 722
12.5333 722
12.55 722
12.5667 722
12.5833 722
12.6 722
12.6167 722
12.6333 722
12.65 722
12.6667 722
12.6833 722
12.7 722
12.7167 722
12.7333 722
12.75 721
12.7667 721
12.7833 721
12.8 721
12.8167 721
12.8333 720
12.85 720
12.8667 720
12.8833 719
12.9 719
12.9167 719
12.9333 718
12.95 718
12.9667 718
12.9833 717
13.0 717
13.0167 716
13.0333 716
13.05 715
13.0667 715
13.0833 714
13.1 714
13.1167 713
13.1333 712
13.15 712
13.1667 711
13.1833 711
13.2 710
13.2167 709
13.2333 708
13.25 708
13.2667 707
13.2833 706
13.3 705
13.3167 705
13.3333 704
13.35 703
13.3667 702
13.3833 701
13.4 700
13.4167 699
13.4333 698
13.45 697
13.4667 696
13.4833 695
13.5 694
13.5167 693
13.5333 692
13.55 691
13.5667 690
13.5833 689
13.6 688
13.6167 687
13.6333 685
13.65 684
13.6667 683
13.6833 682
13.7 681
13.7167 679
13.7333 678
13.75 677
13.7667 675
13.7833 674
13.8 673
13.8167 671
13.8333 670
13.85 668
13.8667 667
13.8833 666
13.9 664
13.9167 663
13.9333 661
13.95 660
13.9667 658
13.9833 656
14.0 655
14.0167 653
14.0333 652
14.05 650
14.0667 648
14.0833 647
14.1 645
14.1167 643
14.1333 642
14.15 640
14.1667 638
14.1833 636
14.2 635
14.2167 633
14.2333 631
14.25 629
14.2667 627
14.2833 625
14.3 623
14.3167 622
14.3333 620
14.35 618
14.3667 616
14.3833 614
14.4 612
14.4167 610
14.4333 608
14.45 606
14.4667 604
14.4833 601
14.5 599
14.5167 597
14.5333 595
14.55 593
14.5667 591
14.5833 589
14.6 586
14.6167 584
14.6333 582
14.65 580
14.6667 577
14.6833 575
14.7 573
14.7167 571
14.7333 568
14.75 566
14.7667 564
14.7833 561
14.8 559
14.8167 556
14.8333 554
14.85 552
14.8667 549
14.8833 547
14.9 544
14.9167 542
14.9333 539
14.95 537
14.9667 534
14.9833 531
15.0 529
15.0167 526
15.0333 524
15.05 521
15.0667 519
15.0833 516
15.1 513
15.1167 511
15.1333 508
15.15 505
15.1667 503
15.1833 500
15.2 497
15.2167 494
15.2333 492
15.25 489
15.2667 486
15.2833 483
15.3 480
15.3167 477
15.3333 475
15.35 472
15.3667 469
15.3833 466
15.4 463
15.4167 460
15.4333 457
15.45 454
15.4667 451
15.4833 448
15.5 445
15.5167 442
15.5333 439
15.55 436
15.5667 433
15.5833 430
15.6 427
15.6167 424
15.6333 421
15.65 418
15.6667 415
15.6833 412
15.7 409
15.7167 405
15.7333 402
15.75 399
15.7667 396
15.7833 393
15.8 390
15.8167 386
15.8333 383
15.85 380
15.8667 377
15.8833 374
15.9 370
15.9167 367
15.9333 364
15.95 360
15.9667 357
15.9833 354
16.0 351
16.0167 347
16.0333 344
16.05 341
16.0667 337
16.0833 334
16.1 331
16.1167 327
16.1333 324
16.15 320
16.1667 317
16.1833 314
16.2 310
16.2167 307
16.2333 303
16.25 300
16.2667 296
16.2833 293
16.3 290
16.3167 286
16.3333 283
16.35 279
16.3667 276
16.3833 272
16.4 269
16.4167 265
16.4333 262
16.45 258
16.4667 255
16.4833 251
16.5 248
16.5167 244
16.5333 241
16.55 237
16.5667 234
16.5833 230
16.6 227
16.6167 223
16.6333 220
16.65 216
16.6667 213
16.6833 209
16.7 205
16.7167 202
16.7333 198
16.75 195
16.7667 191
16.7833 188
16.8 184
16.8167 181
16.8333 177
16.85 174
16.8667 170
16.8833 167
16.9 163
16.9167 160
16.9333 156
16.95 153
16.9667 149
16.9833 145
