8.0 88
8.0167 91
8.0333 94
8.05 97
8.0667 100
8.0833 103
8.1 106
8.1167 110
8.1333 113
8.15 116
8.1667 119
8.1833 122
8.2 126
8.2167 129
8.2333 132
8.25 136
8.2667 139
8.2833 142
8.3 145
8.3167 149
8.3333 152
8.35 155
8.3667 159
8.3833 162
8.4 165
8.4167 169
8.4333 172
8.45 175
8.4667 179
8.4833 182
8.5 186
8.5167 189
8.5333 192
8.55 196
8.5667 199
8.5833 202
8.6 206
8.6167 209
8.6333 213
8.65 216
8.6667 219
8.6833 223
8.7 226
8.7167 230
8.7333 233
8.75 236
8.7667 240
8.7833 243
8.8 247
8.8167 250
8.8333 253
8.85 257
8.8667 260
8.8833 263
8.9 267
8.9167 270
8.9333 273
8.95 277
8.9667 280
8.9833 283
9.0 287
9.0167 290
9.0333 293
9.05 296
9.0667 300
9.0833 303
9.1 306
9.1167 309
9.1333 313
9.15 316
9.1667 319
9.1833 322
9.2 326
9.2167 329
9.2333 332
9.25 335
9.2667 339
9.2833 342
9.3 345
9.3167 348
9.3333 351
9.35 355
9.3667 358
9.3833 361
9.4 364
9.4167 367
9.4333 370
9.45 374
9.4667 377
9.4833 380
9.5 383
9.5167 386
9.5333 389
9.55 392
9.5667 395
9.5833 398
9.6 401
9.6167 404
9.6333 407
9.65 410
9.6667 413
9.6833 416
9.7 419
9.7167 422
9.7333 425
9.75 428
9.7667 431
9.7833 434
9.8 437
9.8167 440
9.8333 442
9.85 445
9.8667 448
9.8833 451
9.9 454
9.9167 457
9.9333 459
9.95 462
9.9667 465
9.9833 468
10.0 470
10.0167 473
10.0333 476
10.05 479
10.0667 481
10.0833 484
10.1 487
10.1167 489
10.1333 492
10.15 494
10.1667 497
10.1833 500
10.2 502
10.2167 505
10.2333 507
10.25 510
10.2667 512
10.2833 515
10.3 517
10.3167 520
10.3333 522
10.35 525
10.3667 527
10.3833 529
10.4 532
10.4167 534
10.4333 537
10.45 539
10.4667 541
10.4833 544
10.5 546
10.5167 548
10.5333 550
10.55 553
10.5667 555
10.5833 557
10.6 559
10.6167 562
10.6333 564
10.65 566
10.6667 568
10.6833 570
10.7 572
10.7167 574
10.7333 576
10.75 578
10.7667 581
10.7833 583
10.8 585
10.8167 587
10.8333 588
10.85 590
10.8667 592
10.8833 594
10.9 596
10.9167 598
10.9333 600
10.95 602
10.9667 604
10.9833 606
11.0 607
11.0167 609
11.0333 611
11.05 613
11.0667 614
11.0833 616
11.1 618
11.1167 619
11.1333 621
11.15 623
11.1667 624
11.1833 626
11.2 628
11.2167 629
11.2333 631
11.25 632
11.2667 634
11.2833 635
11.3 637
11.3167 638
11.3333 640
11.35 641
11.3667 643
11.3833 644
11.4 645
11.4167 647
11.4333 648
11.45 649
11.4667 651
11.4833 652
11.5 653
11.5167 655
11.5333 656
11.55 657
11.5667 658
11.5833 659
11.6 660
11.6167 662
11.6333 663
11.65 664
11.6667 665
11.6833 666
11.7 667
11.7167 668
11.7333 669
11.75 670
11.7667 671
11.7833 672
11.8 673
11.8167 674
11.8333 675
11.85 676
11.8667 676
11.8833 677
11.9 678
11.9167 679
11.9333 680
11.95 680
11.9667 681
11.9833 682
12.0 683
12.0167 683
12.0333 684
12.05 685
12.0667 685
12.0833 686
12.1 686
12.1167 687
12.1333 688
12.15 688
12.1667 689
12.1833 689
12.2 690
12.2167 690
12.2333 690
12.25 691
12.2667 691
12.2833 692
12.3 692
12.3167 692
12.3333 693
12.35 693
12.3667 693
12.3833 694
12.4 694
12.4167 694
12.4333 694
12.45 694
12.4667 695
12.4833 695
12.5 695
12.5167 695
12.5333 695
12.55 695
12.5667 695
12.5833 695
12.6 695
12.6167 695
12.6333 695
12.65 695
12.6667 695
12.6833 695
12.7 695
12.7167 695
12.7333 695
12.75 694
12.7667 694
12.7833 694
12.8 694
12.8167 694
12.8333 693
12.85 693
12.8667 693
12.8833 692
12.9 692
12.9167 692
12.9333 691
12.95 691
12.9667 690
12.9833 690
13.0 690
13.0167 689
13.0333 689
13.05 688
13.0667 688
13.0833 687
13.1 686
13.1167 686
13.1333 685
13.15 685
13.1667 684
13.1833 683
13.2 683
13.2167 682
13.2333 681
13.25 680
13.2667 680
13.2833 679
13.3 678
13.3167 677
13.3333 676
13.35 676
13.3667 675
13.3833 674
13.4 673
13.4167 672
13.4333 671
13.45 670
13.4667 669
13.4833 668
13.5 667
13.5167 666
13.5333 665
13.55 664
13.5667 663
13.5833 662
13.6 660
13.6167 659
13.6333 658
13.65 657
13.6667 656
13.6833 654
13.7 653
13.7167 652
13.7333 651
13.75 649
13.7667 648
13.7833 647
13.8 645
13.8167 644
13.8333 642
13.85 641
13.8667 640
13.8833 638
13.9 637
13.9167 635
13.9333 634
13.95 632
13.9667 631
13.9833 629
14.0 628
14.0167 626
14.0333 624
14.05 623
14.0667 621
14.0833 619
14.1 618
14.1167 616
14.1333 614
14.15 613
14.1667 611
14.1833 609
14.2 607
14.2167 605
14.2333 604
14.25 602
14.2667 600
14.2833 598
14.3 596
14.3167 594
14.3333 592
14.35 590
14.3667 588
14.3833 586
14.4 584
14.4167 582
14.4333 580
14.45 578
14.4667 576
14.4833 574
14.5 572
14.5167 570
14.5333 568
14.55 566
14.5667 564
14.5833 561
14.6 559
14.6167 557
14.6333 555
14.65 553
14.6667 550
14.6833 548
14.7 546
14.7167 543
14.7333 541
14.75 539
14.7667 536
14.7833 534
14.8 532
14.8167 529
14.8333 527
14.85 524
14.8667 522
14.8833 520
14.9 517
14.9167 515
14.9333 512
14.95 510
14.9667 507
14.9833 505
15.0 502
15.0167 500
15.0333 497
15.05 494
15.0667 492
15.0833 489
15.1 486
15.1167 484
15.1333 481
15.15 478
15.1667 476
15.1833 473
15.2 470
15.2167 468
15.2333 465
15.25 462
15.2667 459
15.2833 457
15.3 454
15.3167 451
15.3333 448
15.35 445
15.3667 442
15.3833 440
15.4 437
15.4167 434
15.4333 431
15.45 428
15.4667 425
15.4833 422
15.5 419
15.5167 416
15.5333 413
15.55 410
15.5667 407
15.5833 404
15.6 401
15.6167 398
15.6333 395
15.65 392
15.6667 389
15.6833 386
15.7 383
15.7167 380
15.7333 377
15.75 374
15.7667 370
15.7833 367
15.8 364
15.8167 361
15.8333 358
15.85 355
15.8667 351
15.8833 348
15.9 345
15.9167 342
15.9333 339
15.95 335
15.9667 332
15.9833 329
16.0 326
16.0167 322
16.0333 319
16.05 316
16.0667 313
16.0833 309
16.1 306
16.1167 303
16.1333 300
16.15 296
16.1667 293
16.1833 290
16.2 286
16.2167 283
16.2333 280
16.25 276
16.2667 273
16.2833 270
16.3 266
16.3167 263
16.3333 259
16.35 256
16.3667 253
16.3833 249
16.4 246
16.4167 243
16.4333 239
16.45 236
16.4667 232
16.4833 229
16.5 226
16.5167 222
16.5333 219
16.55 215
16.5667 212
16.5833 209
16.6 205
16.6167 202
16.6333 199
16.65 195
16.6667 192
16.6833 188
16.7 185
16.7167 182
16.7333 178
16.75 175
16.7667 172
16.7833 168
16.8 165
16.8167 162
16.8333 158
16.85 155
16.8667 152
16.8833 148
16.9 145
16.9167 142
16.9333 138
16.95 135
16.9667 132
16.9833 128
