8.0 69
8.0167 72
8.0333 75
8.05 79
8.0667 82
8.0833 85
8.1 88
8.1167 91
8.1333 94
8.15 98
8.1667 101
8.1833 104
8.2 108
8.2167 111
8.2333 114
8.25 118
8.2667 121
8.2833 125
8.3 128
8.3167 131
8.3333 135
8.35 139
8.3667 142
8.3833 146
8.4 149
8.4167 153
8.4333 156
8.45 160
8.4667 163
8.4833 167
8.5 171
8.5167 174
8.5333 178
8.55 181
8.5667 185
8.5833 189
8.6 192
8.6167 196
8.6333 199
8.65 203
8.6667 207
8.6833 210
8.7 214
8.7167 217
8.7333 221
8.75 225
8.7667 228
8.7833 232
8.8 236
8.8167 239
8.8333 243
8.85 247
8.8667 250
8.8833 254
8.9 257
8.9167 261
8.9333 265
8.95 268
8.9667 272
8.9833 276
9.0 279
9.0167 283
9.0333 287
9.05 290
9.0667 294
9.0833 298
9.1 301
9.1167 305
9.1333 308
9.15 312
9.1667 315
9.1833 319
9.2 323
9.2167 326
9.2333 330
9.25 333
9.2667 337
9.2833 340
9.3 344
9.3167 347
9.3333 351
9.35 354
9.3667 358
9.3833 361
9.4 365
9.4167 368
9.4333 372
9.45 375
9.4667 379
9.4833 382
9.5 385
9.5167 389
9.5333 392
9.55 396
9.5667 399
9.5833 402
9.6 406
9.6167 409
9.6333 412
9.65 416
9.6667 419
9.6833 422
9.7 426
9.7167 429
9.7333 432
9.75 435
9.7667 439
9.7833 442
9.8 445
9.8167 448
9.8333 452
9.85 455
9.8667 458
9.8833 461
9.9 464
9.9167 467
9.9333 471
9.95 474
9.9667 477
9.9833 480
10.0 483
10.0167 486
10.0333 489
10.05 492
10.0667 495
10.0833 498
10.1 501
10.1167 504
10.1333 507
10.15 510
10.1667 513
10.1833 516
10.2 519
10.2167 522
10.2333 525
10.25 528
10.2667 531
10.2833 533
10.3 536
10.3167 539
10.3333 542
10.35 545
10.3667 547
10.3833 550
10.4 553
10.4167 556
10.4333 558
10.45 561
10.4667 564
10.4833 567
10.5 569
10.5167 572
10.5333 574
10.55 577
10.5667 580
10.5833 582
10.6 585
10.6167 587
10.6333 590
10.65 592
10.6667 595
10.6833 597
10.7 600
10.7167 602
10.7333 605
10.75 607
10.7667 610
10.7833 612
10.8 615
10.8167 617
10.8333 619
10.85 622
10.8667 624
10.8833 626
10.9 628
10.9167 631
10.9333 633
10.95 635
10.9667 637
10.9833 640
11.0 642
11.0167 644
11.0333 646
11.05 648
11.0667 650
11.0833 652
11.1 655
11.1167 657
11.1333 659
11.15 661
11.1667 663
11.1833 665
11.2 667
11.2167 669
11.2333 670
11.25 672
11.2667 674
11.2833 676
11.3 678
11.3167 680
11.3333 682
11.35 684
11.3667 685
11.3833 687
11.4 689
11.4167 691
11.4333 692
11.45 694
11.4667 696
11.4833 697
11.5 699
11.5167 701
11.5333 702
11.55 704
11.5667 705
11.5833 707
11.6 708
11.6167 710
11.6333 712
11.65 713
11.6667 714
11.6833 716
11.7 717
11.7167 719
11.7333 720
11.75 721
11.7667 723
11.7833 724
11.8 725
11.8167 727
11.8333 728
11.85 729
11.8667 730
11.8833 732
11.9 733
11.9167 734
11.9333 735
11.95 736
11.9667 737
11.9833 739
12.0 740
12.0167 741
12.0333 742
12.05 743
12.0667 744
12.0833 745
12.1 746
12.1167 747
12.1333 748
12.15 748
12.1667 749
12.1833 750
12.2 751
12.2167 752
12.2333 753
12.25 753
12.2667 754
12.2833 755
12.3 756
12.3167 756
12.3333 757
12.35 758
12.3667 758
12.3833 759
12.4 760
12.4167 760
12.4333 761
12.45 761
12.4667 762
12.4833 762
12.5 763
12.5167 763
12.5333 764
12.55 764
12.5667 764
12.5833 765
12.6 765
12.6167 766
12.6333 766
12.65 766
12.6667 766
12.6833 767
12.7 767
12.7167 767
12.7333 767
12.75 768
12.7667 768
12.7833 768
12.8 768
12.8167 768
12.8333 768
12.85 768
12.8667 768
12.8833 768
12.9 768
12.9167 768
12.9333 768
12.95 768
12.9667 768
12.9833 768
13.0 768
13.0167 768
13.0333 768
13.05 767
13.0667 767
13.0833 767
13.1 767
13.1167 767
13.1333 766
13.15 766
13.1667 766
13.1833 765
13.2 765
13.2167 765
13.2333 764
13.25 764
13.2667 763
13.2833 763
13.3 762
13.3167 762
13.3333 761
13.35 761
13.3667 760
13.3833 760
13.4 759
13.4167 758
13.4333 758
13.45 757
13.4667 756
13.4833 756
13.5 755
13.5167 754
13.5333 754
13.55 753
13.5667 752
13.5833 751
13.6 750
13.6167 749
13.6333 749
13.65 748
13.6667 747
13.6833 746
13.7 745
13.7167 744
13.7333 743
13.75 742
13.7667 741
13.7833 740
13.8 739
13.8167 738
13.8333 737
13.85 735
13.8667 734
13.8833 733
13.9 732
13.9167 731
13.9333 729
13.95 728
13.9667 727
13.9833 726
14.0 724
14.0167 723
14.0333 722
14.05 720
14.0667 719
14.0833 718
14.1 716
14.1167 715
14.1333 713
14.15 712
14.1667 710
14.1833 709
14.2 707
14.2167 706
14.2333 704
14.25 703
14.2667 701
14.2833 699
14.3 698
14.3167 696
14.3333 694
14.35 693
14.3667 691
14.3833 689
14.4 687
14.4167 686
14.4333 684
14.45 682
14.4667 680
14.4833 678
14.5 677
14.5167 675
14.5333 673
14.55 671
14.5667 669
14.5833 667
14.6 665
14.6167 663
14.6333 661
14.65 659
14.6667 657
14.6833 655
14.7 653
14.7167 651
14.7333 649
14.75 646
14.7667 644
14.7833 642
14.8 640
14.8167 638
14.8333 636
14.85 633
14.8667 631
14.8833 629
14.9 627
14.9167 624
14.9333 622
14.95 620
14.9667 617
14.9833 615
15.0 614
15.0167 611
15.0333 609
15.05 606
15.0667 604
15.0833 601
15.1 599
15.1167 596
15.1333 594
15.15 591
15.1667 589
15.1833 586
15.2 584
15.2167 581
15.2333 579
15.25 576
15.2667 573
15.2833 571
15.3 568
15.3167 565
15.3333 563
15.35 560
15.3667 557
15.3833 554
15.4 552
15.4167 549
15.4333 546
15.45 543
15.4667 541
15.4833 538
15.5 535
15.5167 532
15.5333 529
15.55 526
15.5667 523
15.5833 520
15.6 518
15.6167 515
15.6333 512
15.65 509
15.6667 506
15.6833 503
15.7 500
15.7167 497
15.7333 494
15.75 491
15.7667 488
15.7833 484
15.8 481
15.8167 478
15.8333 475
15.85 472
15.8667 469
15.8833 466
15.9 463
15.9167 459
15.9333 456
15.95 453
15.9667 450
15.9833 447
16.0 443
16.0167 440
16.0333 437
16.05 434
16.0667 430
16.0833 427
16.1 424
16.1167 420
16.1333 417
16.15 414
16.1667 411
16.1833 407
16.2 404
16.2167 400
16.2333 397
16.25 394
16.2667 390
16.2833 387
16.3 383
16.3167 380
16.3333 377
16.35 373
16.3667 370
16.3833 366
16.4 363
16.4167 359
16.4333 356
16.45 352
16.4667 349
16.4833 345
16.5 342
16.5167 338
16.5333 335
16.55 331
16.5667 328
16.5833 324
16.6 321
16.6167 317
16.6333 313
16.65 310
16.6667 306
16.6833 303
16.7 299
16.7167 296
16.7333 292
16.75 288
16.7667 285
16.7833 281
16.8 278
16.8167 274
16.8333 270
16.85 267
16.8667 263
16.8833 259
16.9 256
16.9167 252
16.9333 249
16.95 245
16.9667 241
16.9833 238
