8.0 57
8.0167 60
8.0333 62
8.05 65
8.0667 67
8.0833 70
8.1 72
8.1167 75
8.1333 78
8.15 80
8.1667 83
8.1833 86
8.2 89
8.2167 91
8.2333 94
8.25 97
8.2667 100
8.2833 103
8.3 106
8.3167 109
8.3333 112
8.35 115
8.3667 118
8.3833 121
8.4 124
8.4167 127
8.4333 130
8.45 133
8.4667 136
8.4833 139
8.5 142
8.5167 146
8.5333 149
8.55 152
8.5667 155
8.5833 158
8.6 162
8.6167 165
8.6333 168
8.65 171
8.6667 175
8.6833 178
8.7 181
8.7167 184
8.7333 188
8.75 191
8.7667 194
8.7833 198
8.8 201
8.8167 204
8.8333 208
8.85 211
8.8667 214
8.8833 217
8.9 221
8.9167 224
8.9333 228
8.95 231
8.9667 234
8.9833 238
9.0 241
9.0167 245
9.0333 248
9.05 251
9.0667 255
9.0833 258
9.1 262
9.1167 265
9.1333 268
9.15 272
9.1667 275
9.1833 278
9.2 282
9.2167 285
9.2333 288
9.25 292
9.2667 295
9.2833 298
9.3 302
9.3167 305
9.3333 308
9.35 311
9.3667 315
9.3833 318
9.4 321
9.4167 325
9.4333 328
9.45 331
9.4667 334
9.4833 338
9.5 341
9.5167 344
9.5333 347
9.55 351
9.5667 354
9.5833 357
9.6 360
9.6167 364
9.6333 367
9.65 370
9.6667 373
9.6833 376
9.7 380
9.7167 383
9.7333 386
9.75 389
9.7667 392
9.7833 395
9.8 398
9.8167 401
9.8333 405
9.85 408
9.8667 411
9.8833 414
9.9 417
9.9167 420
9.9333 423
9.95 426
9.9667 429
9.9833 432
10.0 435
10.0167 438
10.0333 441
10.05 444
10.0667 447
10.0833 450
10.1 453
10.1167 456
10.1333 458
10.15 461
10.1667 464
10.1833 467
10.2 470
10.2167 473
10.2333 476
10.25 478
10.2667 481
10.2833 484
10.3 487
10.3167 489
10.3333 492
10.35 495
10.3667 498
10.3833 500
10.4 503
10.4167 506
10.4333 508
10.45 511
10.4667 514
10.4833 516
10.5 519
10.5167 522
10.5333 524
10.55 527
10.5667 529
10.5833 532
10.6 534
10.6167 537
10.6333 539
10.65 542
10.6667 544
10.6833 547
10.7 549
10.7167 552
10.7333 554
10.75 556
10.7667 559
10.7833 561
10.8 563
10.8167 566
10.8333 568
10.85 570
10.8667 573
10.8833 575
10.9 577
10.9167 579
10.9333 582
10.95 584
10.9667 586
10.9833 588
11.0 590
11.0167 592
11.0333 595
11.05 597
11.0667 599
11.0833 601
11.1 603
11.1167 605
11.1333 607
11.15 609
11.1667 611
11.1833 613
11.2 615
11.2167 617
11.2333 619
11.25 621
11.2667 622
11.2833 624
11.3 626
11.3167 628
11.3333 630
11.35 632
11.3667 633
11.3833 635
11.4 637
11.4167 639
11.4333 640
11.45 642
11.4667 644
11.4833 645
11.5 647
11.5167 648
11.5333 650
11.55 652
11.5667 653
11.5833 655
11.6 656
11.6167 658
11.6333 659
11.65 661
11.6667 662
11.6833 664
11.7 665
11.7167 666
11.7333 668
11.75 669
11.7667 671
11.7833 672
11.8 673
11.8167 674
11.8333 676
11.85 677
11.8667 678
11.8833 679
11.9 681
11.9167 682
11.9333 683
11.95 684
11.9667 685
11.9833 686
12.0 687
12.0167 688
12.0333 689
12.05 690
12.0667 691
12.0833 692
12.1 693
12.1167 694
12.1333 695
12.15 696
12.1667 697
12.1833 698
12.2 699
12.2167 700
12.2333 700
12.25 701
12.2667 702
12.2833 703
12.3 703
12.3167 704
12.3333 705
12.35 705
12.3667 706
12.3833 707
12.4 707
12.4167 708
12.4333 708
12.45 709
12.4667 710
12.4833 710
12.5 711
12.5167 711
12.5333 711
12.55 712
12.5667 712
12.5833 713
12.6 713
12.6167 713
12.6333 714
12.65 714
12.6667 714
12.6833 715
12.7 715
12.7167 715
12.7333 715
12.75 716
12.7667 716
12.7833 716
12.8 716
12.8167 716
12.8333 716
12.85 716
12.8667 716
12.8833 716
12.9 716
12.9167 716
12.9333 716
12.95 716
12.9667 716
12.9833 716
13.0 716
13.0167 716
13.0333 716
13.05 716
13.0667 716
13.0833 715
13.1 715
13.1167 715
13.1333 715
13.15 714
13.1667 714
13.1833 714
13.2 713
13.2167 713
13.2333 713
13.25 712
13.2667 712
13.2833 711
13.3 711
13.3167 710
13.3333 710
13.35 709
13.3667 709
13.3833 708
13.4 708
13.4167 707
13.4333 707
13.45 706
13.4667 705
13.4833 705
13.5 704
13.5167 703
13.5333 702
13.55 702
13.5667 701
13.5833 700
13.6 699
13.6167 699
13.6333 698
13.65 697
13.6667 696
13.6833 695
13.7 694
13.7167 693
13.7333 692
13.75 691
13.7667 690
13.7833 689
13.8 688
13.8167 687
13.8333 686
13.85 685
13.8667 684
13.8833 683
13.9 681
13.9167 680
13.9333 679
13.95 678
13.9667 677
13.9833 675
14.0 674
14.0167 673
14.0333 672
14.05 670
14.0667 669
14.0833 668
14.1 666
14.1167 665
14.1333 663
14.15 662
14.1667 660
14.1833 659
14.2 657
14.2167 656
14.2333 654
14.25 653
14.2667 651
14.2833 650
14.3 648
14.3167 647
14.3333 645
14.35 643
14.3667 642
14.3833 640
14.4 638
14.4167 636
14.4333 635
14.45 633
14.4667 631
14.4833 629
14.5 628
14.5167 626
14.5333 624
14.55 622
14.5667 620
14.5833 618
14.6 616
14.6167 614
14.6333 612
14.65 610
14.6667 608
14.6833 606
14.7 604
14.7167 602
14.7333 600
14.75 598
14.7667 596
14.7833 594
14.8 592
14.8167 590
14.8333 588
14.85 586
14.8667 583
14.8833 581
14.9 579
14.9167 577
14.9333 574
14.95 572
14.9667 570
14.9833 568
15.0 566
15.0167 564
15.0333 562
15.05 559
15.0667 557
15.0833 554
15.1 552
15.1167 550
15.1333 547
15.15 545
15.1667 542
15.1833 540
15.2 537
15.2167 535
15.2333 532
15.25 530
15.2667 527
15.2833 525
15.3 522
15.3167 519
15.3333 517
15.35 514
15.3667 512
15.3833 509
15.4 506
15.4167 504
15.4333 501
15.45 498
15.4667 495
15.4833 493
15.5 490
15.5167 487
15.5333 484
15.55 482
15.5667 479
15.5833 476
15.6 473
15.6167 470
15.6333 467
15.65 465
15.6667 462
15.6833 459
15.7 456
15.7167 453
15.7333 450
15.75 447
15.7667 444
15.7833 441
15.8 438
15.8167 435
15.8333 432
15.85 429
15.8667 426
15.8833 423
15.9 420
15.9167 417
15.9333 414
15.95 411
15.9667 408
15.9833 405
16.0 402
16.0167 399
16.0333 396
16.05 392
16.0667 389
16.0833 386
16.1 383
16.1167 380
16.1333 377
16.15 373
16.1667 370
16.1833 367
16.2 364
16.2167 361
16.2333 357
16.25 354
16.2667 351
16.2833 348
16.3 345
16.3167 341
16.3333 338
16.35 335
16.3667 331
16.3833 328
16.4 325
16.4167 322
16.4333 318
16.45 315
16.4667 312
16.4833 308
16.5 305
16.5167 302
16.5333 298
16.55 295
16.5667 292
16.5833 288
16.6 285
16.6167 282
16.6333 278
16.65 275
16.6667 272
16.6833 268
16.7 265
16.7167 262
16.7333 258
16.75 255
16.7667 252
16.7833 248
16.8 245
16.8167 242
16.8333 238
16.85 235
16.8667 232
16.8833 228
16.9 225
16.9167 221
16.9333 218
16.95 215
16.9667 211
16.9833 208
