8.0 62
8.0167 65
8.0333 68
8.05 71
8.0667 73
8.0833 76
8.1 79
8.1167 82
8.1333 85
8.15 88
8.1667 91
8.1833 94
8.2 98
8.2167 101
8.2333 104
8.25 107
8.2667 110
8.2833 113
8.3 117
8.3167 120
8.3333 123
8.35 126
8.3667 130
8.3833 133
8.4 136
8.4167 140
8.4333 143
8.45 146
8.4667 150
8.4833 153
8.5 156
8.5167 160
8.5333 163
8.55 166
8.5667 170
8.5833 173
8.6 177
8.6167 180
8.6333 183
8.65 187
8.6667 190
8.6833 194
8.7 197
8.7167 200
8.7333 204
8.75 207
8.7667 211
8.7833 214
8.8 218
8.8167 221
8.8333 224
8.85 228
8.8667 231
8.8833 235
8.9 238
8.9167 242
8.9333 245
8.95 248
8.9667 252
8.9833 255
9.0 259
9.0167 262
9.0333 265
9.05 269
9.0667 272
9.0833 275
9.1 279
9.1167 282
9.1333 286
9.15 289
9.1667 292
9.1833 296
9.2 299
9.2167 302
9.2333 306
9.25 309
9.2667 312
9.2833 316
9.3 319
9.3167 322
9.3333 326
9.35 329
9.3667 332
9.3833 335
9.4 339
9.4167 342
9.4333 345
9.45 348
9.4667 352
9.4833 355
9.5 358
9.5167 361
9.5333 365
9.55 368
9.5667 371
9.5833 374
9.6 377
9.6167 380
9.6333 384
9.65 387
9.6667 390
9.6833 393
9.7 396
9.7167 399
9.7333 402
9.75 405
9.7667 408
9.7833 411
9.8 414
9.8167 417
9.8333 420
9.85 423
9.8667 426
9.8833 429
9.9 432
9.9167 435
9.9333 438
9.95 441
9.9667 444
9.9833 447
10.0 450
10.0167 453
10.0333 456
10.05 458
10.0667 461
10.0833 464
10.1 467
10.1167 470
10.1333 472
10.15 475
10.1667 478
10.1833 481
10.2 484
10.2167 486
10.2333 489
10.25 492
10.2667 494
10.2833 497
10.3 500
10.3167 502
10.3333 505
10.35 507
10.3667 510
10.3833 513
10.4 515
10.4167 518
10.4333 520
10.45 523
10.4667 525
10.4833 528
10.5 530
10.5167 533
10.5333 535
10.55 538
10.5667 540
10.5833 542
10.6 545
10.6167 547
10.6333 549
10.65 552
10.6667 554
10.6833 556
10.7 559
10.7167 561
10.7333 563
10.75 566
10.7667 568
10.7833 570
10.8 572
10.8167 574
10.8333 576
10.85 579
10.8667 581
10.8833 583
10.9 585
10.9167 587
10.9333 589
10.95 591
10.9667 593
10.9833 595
11.0 597
11.0167 599
11.0333 601
11.05 603
11.0667 605
11.0833 607
11.1 609
11.1167 611
11.1333 612
11.15 614
11.1667 616
11.1833 618
11.2 620
11.2167 621
11.2333 623
11.25 625
11.2667 627
11.2833 628
11.3 630
11.3167 632
11.3333 633
11.35 635
11.3667 637
11.3833 638
11.4 640
11.4167 641
11.4333 643
11.45 644
11.4667 646
11.4833 647
11.5 649
11.5167 650
11.5333 652
11.55 653
11.5667 654
11.5833 656
11.6 657
11.6167 659
11.6333 660
11.65 661
11.6667 662
11.6833 664
11.7 665
11.7167 666
11.7333 667
11.75 669
11.7667 670
11.7833 671
11.8 672
11.8167 673
11.8333 674
11.85 675
11.8667 676
11.8833 677
11.9 678
11.9167 679
11.9333 680
11.95 681
11.9667 682
11.9833 683
12.0 684
12.0167 685
12.0333 686
12.05 687
12.0667 688
12.0833 688
12.1 689
12.1167 690
12.1333 691
12.15 691
12.1667 692
12.1833 693
12.2 694
12.2167 694
12.2333 695
12.25 695
12.2667 696
12.2833 697
12.3 697
12.3167 698
12.3333 698
12.35 699
12.3667 699
12.3833 700
12.4 700
12.4167 701
12.4333 701
12.45 701
12.4667 702
12.4833 702
12.5 702
12.5167 703
12.5333 703
12.55 703
12.5667 703
12.5833 704
12.6 704
12.6167 704
12.6333 704
12.65 704
12.6667 705
12.6833 705
12.7 705
12.7167 705
12.7333 705
12.75 705
12.7667 705
12.7833 705
12.8 705
12.8167 705
12.8333 705
12.85 705
12.8667 705
12.8833 704
12.9 704
12.9167 704
12.9333 704
12.95 704
12.9667 704
12.9833 703
13.0 703
13.0167 703
13.0333 702
13.05 702
13.0667 702
13.0833 701
13.1 701
13.1167 701
13.1333 700
13.15 700
13.1667 699
13.1833 699
13.2 698
13.2167 698
13.2333 697
13.25 697
13.2667 696
13.2833 696
13.3 695
13.3167 694
13.3333 694
13.35 693
13.3667 692
13.3833 692
13.4 691
13.4167 690
13.4333 689
13.45 689
13.4667 688
13.4833 687
13.5 686
13.5167 685
13.5333 684
13.55 684
13.5667 683
13.5833 682
13.6 681
13.6167 680
13.6333 679
13.65 678
13.6667 677
13.6833 676
13.7 675
13.7167 674
13.7333 672
13.75 671
13.7667 670
13.7833 669
13.8 668
13.8167 667
13.8333 665
13.85 664
13.8667 663
13.8833 662
13.9 660
13.9167 659
13.9333 658
13.95 656
13.9667 655
13.9833 654
14.0 652
14.0167 651
14.0333 649
14.05 648
14.0667 646
14.0833 645
14.1 643
14.1167 642
14.1333 640
14.15 639
14.1667 637
14.1833 636
14.2 634
14.2167 632
14.2333 631
14.25 629
14.2667 627
14.2833 626
14.3 624
14.3167 622
14.3333 620
14.35 619
14.3667 617
14.3833 615
14.4 613
14.4167 611
14.4333 609
14.45 607
14.4667 606
14.4833 604
14.5 602
14.5167 600
14.5333 598
14.55 596
14.5667 594
14.5833 592
14.6 590
14.6167 588
14.6333 586
14.65 584
14.6667 581
14.6833 579
14.7 577
14.7167 575
14.7333 573
14.75 571
14.7667 568
14.7833 566
14.8 564
14.8167 562
14.8333 560
14.85 557
14.8667 555
14.8833 553
14.9 550
14.9167 548
14.9333 546
14.95 543
14.9667 541
14.9833 538
15.0 537
15.0167 534
15.0333 532
15.05 529
15.0667 527
15.0833 524
15.1 522
15.1167 519
15.1333 517
15.15 514
15.1667 512
15.1833 509
15.2 506
15.2167 504
15.2333 501
15.25 499
15.2667 496
15.2833 493
15.3 491
15.3167 488
15.3333 485
15.35 482
15.3667 480
15.3833 477
15.4 474
15.4167 471
15.4333 469
15.45 466
15.4667 463
15.4833 460
15.5 457
15.5167 454
15.5333 452
15.55 449
15.5667 446
15.5833 443
15.6 440
15.6167 437
15.6333 434
15.65 431
15.6667 428
15.6833 425
15.7 422
15.7167 419
15.7333 416
15.75 413
15.7667 410
15.7833 407
15.8 404
15.8167 401
15.8333 398
15.85 395
15.8667 392
15.8833 388
15.9 385
15.9167 382
15.9333 379
15.95 376
15.9667 373
15.9833 370
16.0 366
16.0167 363
16.0333 360
16.05 357
16.0667 354
16.0833 350
16.1 347
16.1167 344
16.1333 341
16.15 337
16.1667 334
16.1833 331
16.2 327
16.2167 324
16.2333 321
16.25 318
16.2667 314
16.2833 311
16.3 308
16.3167 304
16.3333 301
16.35 298
16.3667 294
16.3833 291
16.4 287
16.4167 284
16.4333 281
16.45 277
16.4667 274
16.4833 271
16.5 267
16.5167 264
16.5333 260
16.55 257
16.5667 254
16.5833 250
16.6 247
16.6167 243
16.6333 240
16.65 236
16.6667 233
16.6833 230
16.7 226
16.7167 223
16.7333 219
16.75 216
16.7667 212
16.7833 209
16.8 206
16.8167 202
16.8333 199
16.85 195
16.8667 192
16.8833 188
16.9 185
16.9167 182
16.9333 178
16.95 175
16.9667 171
16.9833 168
