8.0 65
8.0167 68
8.0333 71
8.05 74
8.0667 77
8.0833 80
8.1 83
8.1167 86
8.1333 89
8.15 93
8.1667 96
8.1833 99
8.2 102
8.2167 106
8.2333 109
8.25 112
8.2667 116
8.2833 119
8.3 122
8.3167 126
8.3333 129
8.35 133
8.3667 136
8.3833 140
8.4 143
8.4167 147
8.4333 150
8.45 154
8.4667 157
8.4833 161
8.5 164
8.5167 168
8.5333 171
8.55 175
8.5667 178
8.5833 182
8.6 185
8.6167 189
8.6333 193
8.65 196
8.6667 200
8.6833 203
8.7 207
8.7167 210
8.7333 214
8.75 218
8.7667 221
8.7833 225
8.8 228
8.8167 232
8.8333 235
8.85 239
8.8667 243
8.8833 246
8.9 250
8.9167 253
8.9333 257
8.95 260
8.9667 264
8.9833 268
9.0 271
9.0167 275
9.0333 278
9.05 282
9.0667 286
9.0833 289
9.1 293
9.1167 296
9.1333 300
9.15 303
9.1667 307
9.1833 310
9.2 314
9.2167 317
9.2333 321
9.25 324
9.2667 328
9.2833 331
9.3 335
9.3167 338
9.3333 341
9.35 345
9.3667 348
9.3833 352
9.4 355
9.4167 359
9.4333 362
9.45 365
9.4667 369
9.4833 372
9.5 375
9.5167 379
9.5333 382
9.55 385
9.5667 389
9.5833 392
9.6 395
9.6167 399
9.6333 402
9.65 405
9.6667 408
9.6833 412
9.7 415
9.7167 418
9.7333 421
9.75 425
9.7667 428
9.7833 431
9.8 434
9.8167 437
9.8333 440
9.85 444
9.8667 447
9.8833 450
9.9 453
9.9167 456
9.9333 459
9.95 462
9.9667 465
9.9833 468
10.0 471
10.0167 474
10.0333 477
10.05 480
10.0667 483
10.0833 486
10.1 489
10.1167 492
10.1333 495
10.15 498
10.1667 501
10.1833 504
10.2 507
10.2167 509
10.2333 512
10.25 515
10.2667 518
10.2833 521
10.3 524
10.3167 526
10.3333 529
10.35 532
10.3667 535
10.3833 537
10.4 540
10.4167 543
10.4333 545
10.45 548
10.4667 551
10.4833 553
10.5 556
10.5167 558
10.5333 561
10.55 564
10.5667 566
10.5833 569
10.6 571
10.6167 574
10.6333 576
10.65 579
10.6667 581
10.6833 584
10.7 586
10.7167 588
10.7333 591
10.75 593
10.7667 595
10.7833 598
10.8 600
10.8167 602
10.8333 605
10.85 607
10.8667 609
10.8833 612
10.9 614
10.9167 616
10.9333 618
10.95 620
10.9667 622
10.9833 625
11.0 627
11.0167 629
11.0333 631
11.05 633
11.0667 635
11.0833 637
11.1 639
11.1167 641
11.1333 643
11.15 645
11.1667 647
11.1833 649
11.2 651
11.2167 653
11.2333 655
11.25 657
11.2667 658
11.2833 660
11.3 662
11.3167 664
11.3333 666
11.35 667
11.3667 669
11.3833 671
11.4 673
11.4167 674
11.4333 676
11.45 678
11.4667 679
11.4833 681
11.5 682
11.5167 684
11.5333 686
11.55 687
11.5667 689
11.5833 690
11.6 692
11.6167 693
11.6333 694
11.65 696
11.6667 697
11.6833 699
11.7 700
11.7167 701
11.7333 703
11.75 704
11.7667 705
11.7833 707
11.8 708
11.8167 709
11.8333 710
11.85 712
11.8667 713
11.8833 714
11.9 715
11.9167 716
11.9333 717
11.95 718
11.9667 719
11.9833 720
12.0 722
12.0167 723
12.0333 724
12.05 724
12.0667 725
12.0833 726
12.1 727
12.1167 728
12.1333 729
12.15 730
12.1667 731
12.1833 732
12.2 732
12.2167 733
12.2333 734
12.25 735
12.2667 735
12.2833 736
12.3 737
12.3167 737
12.3333 738
12.35 739
12.3667 739
12.3833 740
12.4 740
12.4167 741
12.4333 741
12.45 742
12.4667 742
12.4833 743
12.5 743
12.5167 744
12.5333 744
12.55 744
12.5667 745
12.5833 745
12.6 746
12.6167 746
12.6333 746
12.65 746
12.6667 747
12.6833 747
12.7 747
12.7167 747
12.7333 747
12.75 748
12.7667 748
12.7833 748
12.8 748
12.8167 748
12.8333 748
12.85 748
12.8667 748
12.8833 748
12.9 748
12.9167 748
12.9333 748
12.95 748
12.9667 748
12.9833 747
13.0 747
13.0167 747
13.0333 747
13.05 747
13.0667 746
13.0833 746
13.1 746
13.1167 746
13.1333 745
13.15 745
13.1667 745
13.1833 744
13.2 744
13.2167 743
13.2333 743
13.25 743
13.2667 742
13.2833 742
13.3 741
13.3167 741
13.3333 740
13.35 739
13.3667 739
13.3833 738
13.4 738
13.4167 737
13.4333 736
13.45 736
13.4667 735
13.4833 734
13.5 733
13.5167 733
13.5333 732
13.55 731
13.5667 730
13.5833 729
13.6 728
13.6167 728
13.6333 727
13.65 726
13.6667 725
13.6833 724
13.7 723
13.7167 722
13.7333 721
13.75 720
13.7667 719
13.7833 718
13.8 717
13.8167 715
13.8333 714
13.85 713
13.8667 712
13.8833 711
13.9 710
13.9167 708
13.9333 707
13.95 706
13.9667 705
13.9833 703
14.0 702
14.0167 701
14.0333 699
14.05 698
14.0667 696
14.0833 695
14.1 694
14.1167 692
14.1333 691
14.15 689
14.1667 688
14.1833 686
14.2 684
14.2167 683
14.2333 681
14.25 680
14.2667 678
14.2833 676
14.3 675
14.3167 673
14.3333 671
14.35 670
14.3667 668
14.3833 666
14.4 664
14.4167 663
14.4333 661
14.45 659
14.4667 657
14.4833 655
14.5 653
14.5167 652
14.5333 650
14.55 648
14.5667 646
14.5833 644
14.6 642
14.6167 640
14.6333 638
14.65 636
14.6667 634
14.6833 632
14.7 630
14.7167 627
14.7333 625
14.75 623
14.7667 621
14.7833 619
14.8 617
14.8167 614
14.8333 612
14.85 610
14.8667 608
14.8833 605
14.9 603
14.9167 601
14.9333 599
14.95 596
14.9667 594
14.9833 592
15.0 590
15.0167 588
15.0333 585
15.05 583
15.0667 580
15.0833 578
15.1 575
15.1167 573
15.1333 570
15.15 568
15.1667 565
15.1833 563
15.2 560
15.2167 558
15.2333 555
15.25 552
15.2667 550
15.2833 547
15.3 544
15.3167 542
15.3333 539
15.35 536
15.3667 534
15.3833 531
15.4 528
15.4167 525
15.4333 523
15.45 520
15.4667 517
15.4833 514
15.5 511
15.5167 508
15.5333 506
15.55 503
15.5667 500
15.5833 497
15.6 494
15.6167 491
15.6333 488
15.65 485
15.6667 482
15.6833 479
15.7 476
15.7167 473
15.7333 470
15.75 467
15.7667 464
15.7833 461
15.8 458
15.8167 455
15.8333 452
15.85 449
15.8667 446
15.8833 442
15.9 439
15.9167 436
15.9333 433
15.95 430
15.9667 427
15.9833 423
16.0 420
16.0167 417
16.0333 414
16.05 410
16.0667 407
16.0833 404
16.1 401
16.1167 397
16.1333 394
16.15 391
16.1667 387
16.1833 384
16.2 381
16.2167 377
16.2333 374
16.25 371
16.2667 367
16.2833 364
16.3 361
16.3167 357
16.3333 354
16.35 350
16.3667 347
16.3833 343
16.4 340
16.4167 337
16.4333 333
16.45 330
16.4667 326
16.4833 323
16.5 319
16.5167 316
16.5333 312
16.55 309
16.5667 305
16.5833 302
16.6 298
16.6167 295
16.6333 291
16.65 288
16.6667 284
16.6833 280
16.7 277
16.7167 273
16.7333 270
16.75 266
16.7667 263
16.7833 259
16.8 256
16.8167 252
16.8333 248
16.85 245
16.8667 241
16.8833 238
16.9 234
16.9167 231
16.9333 227
16.95 223
16.9667 220
16.9833 216
