8.0 59
8.0167 62
8.0333 65
8.05 68
8.0667 70
8.0833 73
8.1 76
8.1167 79
8.1333 82
8.15 85
8.1667 88
8.1833 91
8.2 94
8.2167 97
8.2333 100
8.25 104
8.2667 107
8.2833 110
8.3 113
8.3167 116
8.3333 120
8.35 123
8.3667 126
8.3833 129
8.4 133
8.4167 136
8.4333 139
8.45 143
8.4667 146
8.4833 149
8.5 153
8.5167 156
8.5333 160
8.55 163
8.5667 166
8.5833 170
8.6 173
8.6167 177
8.6333 180
8.65 184
8.6667 187
8.6833 191
8.7 194
8.7167 197
8.7333 201
8.75 204
8.7667 208
8.7833 211
8.8 215
8.8167 218
8.8333 222
8.85 225
8.8667 229
8.8833 232
8.9 236
8.9167 239
8.9333 243
8.95 246
8.9667 250
8.9833 253
9.0 257
9.0167 261
9.0333 264
9.05 267
9.0667 271
9.0833 274
9.1 278
9.1167 281
9.1333 285
9.15 288
9.1667 292
9.1833 295
9.2 299
9.2167 302
9.2333 305
9.25 309
9.2667 312
9.2833 316
9.3 319
9.3167 323
9.3333 326
9.35 329
9.3667 333
9.3833 336
9.4 339
9.4167 343
9.4333 346
9.45 349
9.4667 353
9.4833 356
9.5 359
9.5167 363
9.5333 366
9.55 369
9.5667 373
9.5833 376
9.6 379
9.6167 382
9.6333 386
9.65 389
9.6667 392
9.6833 395
9.7 399
9.7167 402
9.7333 405
9.75 408
9.7667 411
9.7833 414
9.8 418
9.8167 421
9.8333 424
9.85 427
9.8667 430
9.8833 433
9.9 436
9.9167 439
9.9333 442
9.95 445
9.9667 448
9.9833 451
10.0 454
10.0167 458
10.0333 460
10.05 463
10.0667 466
10.0833 469
10.1 472
10.1167 475
10.1333 478
10.15 481
10.1667 484
10.1833 487
10.2 490
10.2167 492
10.2333 495
10.25 498
10.2667 501
10.2833 504
10.3 506
10.3167 509
10.3333 512
10.35 515
10.3667 517
10.3833 520
10.4 523
10.4167 525
10.4333 528
10.45 531
10.4667 533
10.4833 536
10.5 539
10.5167 541
10.5333 544
10.55 546
10.5667 549
10.5833 551
10.6 554
10.6167 556
10.6333 559
10.65 561
10.6667 564
10.6833 566
10.7 569
10.7167 571
10.7333 573
10.75 576
10.7667 578
10.7833 580
10.8 583
10.8167 585
10.8333 587
10.85 590
10.8667 592
10.8833 594
10.9 596
10.9167 599
10.9333 601
10.95 603
10.9667 605
10.9833 607
11.0 609
11.0167 611
11.0333 613
11.05 616
11.0667 618
11.0833 620
11.1 622
11.1167 624
11.1333 626
11.15 628
11.1667 630
11.1833 632
11.2 633
11.2167 635
11.2333 637
11.25 639
11.2667 641
11.2833 643
11.3 645
11.3167 646
11.3333 648
11.35 650
11.3667 652
11.3833 653
11.4 655
11.4167 657
11.4333 658
11.45 660
11.4667 662
11.4833 663
11.5 665
11.5167 666
11.5333 668
11.55 670
11.5667 671
11.5833 673
11.6 674
11.6167 676
11.6333 677
11.65 678
11.6667 680
11.6833 681
11.7 683
11.7167 684
11.7333 685
11.75 687
11.7667 688
11.7833 689
11.8 690
11.8167 692
11.8333 693
11.85 694
11.8667 695
11.8833 696
11.9 698
11.9167 699
11.9333 700
11.95 701
11.9667 702
11.9833 703
12.0 704
12.0167 705
12.0333 706
12.05 707
12.0667 708
12.0833 709
12.1 710
12.1167 711
12.1333 712
12.15 712
12.1667 713
12.1833 714
12.2 715
12.2167 716
12.2333 716
12.25 717
12.2667 718
12.2833 719
12.3 719
12.3167 720
12.3333 721
12.35 721
12.3667 722
12.3833 722
12.4 723
12.4167 724
12.4333 724
12.45 725
12.4667 725
12.4833 726
12.5 726
12.5167 726
12.5333 727
12.55 727
12.5667 728
12.5833 728
12.6 728
12.6167 729
12.6333 729
12.65 729
12.6667 729
12.6833 730
12.7 730
12.7167 730
12.7333 730
12.75 730
12.7667 730
12.7833 730
12.8 731
12.8167 731
12.8333 731
12.85 731
12.8667 731
12.8833 731
12.9 731
12.9167 731
12.9333 731
12.95 730
12.9667 730
12.9833 730
13.0 730
13.0167 730
13.0333 730
13.05 730
13.0667 729
13.0833 729
13.1 729
13.1167 729
13.1333 728
13.15 728
13.1667 728
13.1833 727
13.2 727
13.2167 726
13.2333 726
13.25 725
13.2667 725
13.2833 725
13.3 724
13.3167 724
13.3333 723
13.35 722
13.3667 722
13.3833 721
13.4 721
13.4167 720
13.4333 719
13.45 719
13.4667 718
13.4833 717
13.5 716
13.5167 716
13.5333 715
13.55 714
13.5667 713
13.5833 712
13.6 712
13.6167 711
13.6333 710
13.65 709
13.6667 708
13.6833 707
13.7 706
13.7167 705
13.7333 704
13.75 703
13.7667 702
13.7833 701
13.8 700
13.8167 699
13.8333 698
13.85 696
13.8667 695
13.8833 694
13.9 693
13.9167 692
13.9333 690
13.95 689
13.9667 688
13.9833 687
14.0 685
14.0167 684
14.0333 683
14.05 681
14.0667 680
14.0833 678
14.1 677
14.1167 675
14.1333 674
14.15 673
14.1667 671
14.1833 669
14.2 668
14.2167 666
14.2333 665
14.25 663
14.2667 662
14.2833 660
14.3 658
14.3167 657
14.3333 655
14.35 653
14.3667 652
14.3833 650
14.4 648
14.4167 646
14.4333 644
14.45 643
14.4667 641
14.4833 639
14.5 637
14.5167 635
14.5333 633
14.55 631
14.5667 629
14.5833 628
14.6 626
14.6167 624
14.6333 622
14.65 620
14.6667 618
14.6833 615
14.7 613
14.7167 611
14.7333 609
14.75 607
14.7667 605
14.7833 603
14.8 601
14.8167 598
14.8333 596
14.85 594
14.8667 592
14.8833 590
14.9 587
14.9167 585
14.9333 583
14.95 580
14.9667 578
14.9833 576
15.0 574
15.0167 572
15.0333 569
15.05 567
15.0667 565
15.0833 562
15.1 560
15.1167 557
15.1333 555
15.15 552
15.1667 550
15.1833 547
15.2 545
15.2167 542
15.2333 539
15.25 537
15.2667 534
15.2833 532
15.3 529
15.3167 526
15.3333 524
15.35 521
15.3667 518
15.3833 515
15.4 513
15.4167 510
15.4333 507
15.45 504
15.4667 502
15.4833 499
15.5 496
15.5167 493
15.5333 490
15.55 488
15.5667 485
15.5833 482
15.6 479
15.6167 476
15.6333 473
15.65 470
15.6667 467
15.6833 464
15.7 461
15.7167 458
15.7333 455
15.75 452
15.7667 449
15.7833 446
15.8 443
15.8167 440
15.8333 437
15.85 434
15.8667 431
15.8833 428
15.9 425
15.9167 422
15.9333 418
15.95 415
15.9667 412
15.9833 409
16.0 406
16.0167 403
16.0333 399
16.05 396
16.0667 393
16.0833 390
16.1 386
16.1167 383
16.1333 380
16.15 377
16.1667 373
16.1833 370
16.2 367
16.2167 364
16.2333 360
16.25 357
16.2667 354
16.2833 350
16.3 347
16.3167 344
16.3333 340
16.35 337
16.3667 333
16.3833 330
16.4 327
16.4167 323
16.4333 320
16.45 316
16.4667 313
16.4833 310
16.5 306
16.5167 303
16.5333 299
16.55 296
16.5667 292
16.5833 289
16.6 286
16.6167 282
16.6333 279
16.65 275
16.6667 272
16.6833 268
16.7 265
16.7167 261
16.7333 258
16.75 254
16.7667 251
16.7833 247
16.8 244
16.8167 240
16.8333 237
16.85 233
16.8667 230
16.8833 226
16.9 223
16.9167 219
16.9333 216
16.95 212
16.9667 209
16.9833 205
