8.0 61
8.0167 64
8.0333 66
8.05 69
8.0667 72
8.0833 75
8.1 78
8.1167 81
8.1333 84
8.15 87
8.1667 90
8.1833 93
8.2 97
8.2167 100
8.2333 103
8.25 106
8.2667 109
8.2833 113
8.3 116
8.3167 119
8.3333 122
8.35 126
8.3667 129
8.3833 133
8.4 136
8.4167 139
8.4333 143
8.45 146
8.4667 150
8.4833 153
8.5 156
8.5167 160
8.5333 163
8.55 167
8.5667 170
8.5833 174
8.6 177
8.6167 181
8.6333 184
8.65 187
8.6667 191
8.6833 194
8.7 198
8.7167 201
8.7333 205
8.75 208
8.7667 212
8.7833 215
8.8 219
8.8167 222
8.8333 226
8.85 229
8.8667 233
8.8833 236
8.9 240
8.9167 243
8.9333 247
8.95 250
8.9667 254
8.9833 257
9.0 261
9.0167 265
9.0333 268
9.05 272
9.0667 275
9.0833 279
9.1 282
9.1167 286
9.1333 289
9.15 292
9.1667 296
9.1833 299
9.2 303
9.2167 306
9.2333 310
9.25 313
9.2667 316
9.2833 320
9.3 323
9.3167 327
9.3333 330
9.35 333
9.3667 337
9.3833 340
9.4 344
9.4167 347
9.4333 350
9.45 354
9.4667 357
9.4833 360
9.5 364
9.5167 367
9.5333 370
9.55 373
9.5667 377
9.5833 380
9.6 383
9.6167 386
9.6333 390
9.65 393
9.6667 396
9.6833 399
9.7 403
9.7167 406
9.7333 409
9.75 412
9.7667 415
9.7833 418
9.8 421
9.8167 425
9.8333 428
9.85 431
9.8667 434
9.8833 437
9.9 440
9.9167 443
9.9333 446
9.95 449
9.9667 452
9.9833 455
10.0 458
10.0167 461
10.0333 464
10.05 467
10.0667 470
10.0833 473
10.1 476
10.1167 479
10.1333 482
10.15 484
10.1667 487
10.1833 490
10.2 493
10.2167 496
10.2333 499
10.25 501
10.2667 504
10.2833 507
10.3 510
10.3167 512
10.3333 515
10.35 518
10.3667 521
10.3833 523
10.4 526
10.4167 529
10.4333 531
10.45 534
10.4667 536
10.4833 539
10.5 542
10.5167 544
10.5333 547
10.55 549
10.5667 552
10.5833 554
10.6 557
10.6167 559
10.6333 562
10.65 564
10.6667 566
10.6833 569
10.7 571
10.7167 574
10.7333 576
10.75 578
10.7667 581
10.7833 583
10.8 585
10.8167 588
10.8333 590
10.85 592
10.8667 594
10.8833 596
10.9 599
10.9167 601
10.9333 603
10.95 605
10.9667 607
10.9833 609
11.0 611
11.0167 614
11.0333 616
11.05 618
11.0667 620
11.0833 622
11.1 624
11.1167 626
11.1333 628
11.15 630
11.1667 631
11.1833 633
11.2 635
11.2167 637
11.2333 639
11.25 641
11.2667 643
11.2833 644
11.3 646
11.3167 648
11.3333 650
11.35 651
11.3667 653
11.3833 655
11.4 657
11.4167 658
11.4333 660
11.45 661
11.4667 663
11.4833 665
11.5 666
11.5167 668
11.5333 669
11.55 671
11.5667 672
11.5833 674
11.6 675
11.6167 677
11.6333 678
11.65 679
11.6667 681
11.6833 682
11.7 684
11.7167 685
11.7333 686
11.75 687
11.7667 689
11.7833 690
11.8 691
11.8167 692
11.8333 694
11.85 695
11.8667 696
11.8833 697
11.9 698
11.9167 699
11.9333 700
11.95 701
11.9667 703
11.9833 704
12.0 705
12.0167 706
12.0333 706
12.05 707
12.0667 708
12.0833 709
12.1 710
12.1167 711
12.1333 712
12.15 713
12.1667 714
12.1833 714
12.2 715
12.2167 716
12.2333 717
12.25 717
12.2667 718
12.2833 719
12.3 719
12.3167 720
12.3333 721
12.35 721
12.3667 722
12.3833 722
12.4 723
12.4167 723
12.4333 724
12.45 724
12.4667 725
12.4833 725
12.5 726
12.5167 726
12.5333 726
12.55 727
12.5667 727
12.5833 727
12.6 728
12.6167 728
12.6333 728
12.65 728
12.6667 729
12.6833 729
12.7 729
12.7167 729
12.7333 729
12.75 730
12.7667 730
12.7833 730
12.8 730
12.8167 730
12.8333 730
12.85 730
12.8667 730
12.8833 730
12.9 730
12.9167 730
12.9333 730
12.95 729
12.9667 729
12.9833 729
13.0 729
13.0167 729
13.0333 729
13.05 728
13.0667 728
13.0833 728
13.1 727
13.1167 727
13.1333 727
13.15 726
13.1667 726
13.1833 726
13.2 725
13.2167 725
13.2333 724
13.25 724
13.2667 723
13.2833 723
13.3 722
13.3167 722
13.3333 721
13.35 721
13.3667 720
13.3833 719
13.4 719
13.4167 718
13.4333 717
13.45 717
13.4667 716
13.4833 715
13.5 715
13.5167 714
13.5333 713
13.55 712
13.5667 711
13.5833 710
13.6 710
13.6167 709
13.6333 708
13.65 707
13.6667 706
13.6833 705
13.7 704
13.7167 703
13.7333 702
13.75 701
13.7667 700
13.7833 699
13.8 697
13.8167 696
13.8333 695
13.85 694
13.8667 693
13.8833 692
13.9 690
13.9167 689
13.9333 688
13.95 687
13.9667 685
13.9833 684
14.0 683
14.0167 681
14.0333 680
14.05 679
14.0667 677
14.0833 676
14.1 674
14.1167 673
14.1333 671
14.15 670
14.1667 668
14.1833 667
14.2 665
14.2167 664
14.2333 662
14.25 660
14.2667 659
14.2833 657
14.3 655
14.3167 654
14.3333 652
14.35 650
14.3667 649
14.3833 647
14.4 645
14.4167 643
14.4333 641
14.45 640
14.4667 638
14.4833 636
14.5 634
14.5167 632
14.5333 630
14.55 628
14.5667 626
14.5833 624
14.6 622
14.6167 620
14.6333 618
14.65 616
14.6667 614
14.6833 612
14.7 610
14.7167 608
14.7333 606
14.75 604
14.7667 602
14.7833 599
14.8 597
14.8167 595
14.8333 593
14.85 590
14.8667 588
14.8833 586
14.9 584
14.9167 581
14.9333 579
14.95 577
14.9667 574
14.9833 572
15.0 570
15.0167 568
15.0333 566
15.05 563
15.0667 561
15.0833 558
15.1 556
15.1167 553
15.1333 551
15.15 548
15.1667 546
15.1833 543
15.2 541
15.2167 538
15.2333 535
15.25 533
15.2667 530
15.2833 528
15.3 525
15.3167 522
15.3333 520
15.35 517
15.3667 514
15.3833 511
15.4 509
15.4167 506
15.4333 503
15.45 500
15.4667 498
15.4833 495
15.5 492
15.5167 489
15.5333 486
15.55 483
15.5667 480
15.5833 478
15.6 475
15.6167 472
15.6333 469
15.65 466
15.6667 463
15.6833 460
15.7 457
15.7167 454
15.7333 451
15.75 448
15.7667 445
15.7833 442
15.8 439
15.8167 436
15.8333 433
15.85 430
15.8667 426
15.8833 423
15.9 420
15.9167 417
15.9333 414
15.95 411
15.9667 408
15.9833 404
16.0 401
16.0167 398
16.0333 395
16.05 392
16.0667 388
16.0833 385
16.1 382
16.1167 379
16.1333 375
16.15 372
16.1667 369
16.1833 365
16.2 362
16.2167 359
16.2333 355
16.25 352
16.2667 349
16.2833 345
16.3 342
16.3167 339
16.3333 335
16.35 332
16.3667 329
16.3833 325
16.4 322
16.4167 318
16.4333 315
16.45 312
16.4667 308
16.4833 305
16.5 301
16.5167 298
16.5333 294
16.55 291
16.5667 287
16.5833 284
16.6 280
16.6167 277
16.6333 274
16.65 270
16.6667 267
16.6833 263
16.7 260
16.7167 256
16.7333 253
16.75 249
16.7667 246
16.7833 242
16.8 239
16.8167 235
16.8333 232
16.85 228
16.8667 225
16.8833 221
16.9 218
16.9167 214
16.9333 210
16.95 207
16.9667 203
16.9833 200
