8.0 75
8.0167 78
8.0333 81
8.05 85
8.0667 88
8.0833 91
8.1 94
8.1167 98
8.1333 101
8.15 105
8.1667 108
8.1833 111
8.2 115
8.2167 118
8.2333 122
8.25 125
8.2667 129
8.2833 132
8.3 136
8.3167 140
8.3333 143
8.35 147
8.3667 150
8.3833 154
8.4 158
8.4167 161
8.4333 165
8.45 168
8.4667 172
8.4833 176
8.5 179
8.5167 183
8.5333 187
8.55 190
8.5667 194
8.5833 198
8.6 201
8.6167 205
8.6333 209
8.65 212
8.6667 216
8.6833 220
8.7 224
8.7167 227
8.7333 231
8.75 235
8.7667 238
8.7833 242
8.8 246
8.8167 249
8.8333 253
8.85 257
8.8667 260
8.8833 264
8.9 268
8.9167 272
8.9333 275
8.95 279
8.9667 283
8.9833 286
9.0 290
9.0167 294
9.0333 298
9.05 301
9.0667 305
9.0833 309
9.1 312
9.1167 316
9.1333 320
9.15 323
9.1667 327
9.1833 330
9.2 334
9.2167 338
9.2333 341
9.25 345
9.2667 348
9.2833 352
9.3 355
9.3167 359
9.3333 363
9.35 366
9.3667 370
9.3833 373
9.4 377
9.4167 380
9.4333 384
9.45 387
9.4667 391
9.4833 394
9.5 397
9.5167 401
9.5333 404
9.55 408
9.5667 411
9.5833 415
9.6 418
9.6167 421
9.6333 425
9.65 428
9.6667 431
9.6833 435
9.7 438
9.7167 441
9.7333 445
9.75 448
9.7667 451
9.7833 455
9.8 458
9.8167 461
9.8333 464
9.85 468
9.8667 471
9.8833 474
9.9 477
9.9167 480
9.9333 484
9.95 487
9.9667 490
9.9833 493
10.0 496
10.0167 499
10.0333 502
10.05 505
10.0667 508
10.0833 511
10.1 515
10.1167 518
10.1333 521
10.15 524
10.1667 527
10.1833 530
10.2 532
10.2167 535
10.2333 538
10.25 541
10.2667 544
10.2833 547
10.3 550
10.3167 553
10.3333 556
10.35 558
10.3667 561
10.3833 564
10.4 567
10.4167 570
10.4333 572
10.45 575
10.4667 578
10.4833 581
10.5 583
10.5167 586
10.5333 589
10.55 591
10.5667 594
10.5833 596
10.6 599
10.6167 602
10.6333 604
10.65 607
10.6667 609
10.6833 612
10.7 614
10.7167 617
10.7333 619
10.75 622
10.7667 624
10.7833 627
10.8 629
10.8167 631
10.8333 634
10.85 636
10.8667 638
10.8833 641
10.9 643
10.9167 645
10.9333 648
10.95 650
10.9667 652
10.9833 654
11.0 657
11.0167 659
11.0333 661
11.05 663
11.0667 665
11.0833 667
11.1 669
11.1167 672
11.1333 674
11.15 676
11.1667 678
11.1833 680
11.2 682
11.2167 684
11.2333 686
11.25 688
11.2667 689
11.2833 691
11.3 693
11.3167 695
11.3333 697
11.35 699
11.3667 701
11.3833 702
11.4 704
11.4167 706
11.4333 708
11.45 709
11.4667 711
11.4833 713
11.5 714
11.5167 716
11.5333 718
11.55 719
11.5667 721
11.5833 723
11.6 724
11.6167 726
11.6333 727
11.65 729
11.6667 730
11.6833 732
11.7 733
11.7167 734
11.7333 736
11.75 737
11.7667 739
11.7833 740
11.8 741
11.8167 743
11.8333 744
11.85 745
11.8667 746
11.8833 748
11.9 749
11.9167 750
11.9333 751
11.95 752
11.9667 753
11.9833 755
12.0 756
12.0167 757
12.0333 758
12.05 759
12.0667 760
12.0833 761
12.1 762
12.1167 763
12.1333 764
12.15 765
12.1667 766
12.1833 766
12.2 767
12.2167 768
12.2333 769
12.25 770
12.2667 770
12.2833 771
12.3 772
12.3167 773
12.3333 773
12.35 774
12.3667 775
12.3833 775
12.4 776
12.4167 777
12.4333 777
12.45 778
12.4667 778
12.4833 779
12.5 779
12.5167 780
12.5333 780
12.55 781
12.5667 781
12.5833 781
12.6 782
12.6167 782
12.6333 783
12.65 783
12.6667 783
12.6833 783
12.7 784
12.7167 784
12.7333 784
12.75 784
12.7667 785
12.7833 785
12.8 785
12.8167 785
12.8333 785
12.85 785
12.8667 785
12.8833 785
12.9 785
12.9167 785
12.9333 785
12.95 785
12.9667 785
12.9833 785
13.0 785
13.0167 785
13.0333 785
13.05 784
13.0667 784
13.0833 784
13.1 784
13.1167 784
13.1333 783
13.15 783
13.1667 783
13.1833 782
13.2 782
13.2167 782
13.2333 781
13.25 781
13.2667 780
13.2833 780
13.3 780
13.3167 779
13.3333 779
13.35 778
13.3667 777
13.3833 777
13.4 776
13.4167 776
13.4333 775
13.45 774
13.4667 774
13.4833 773
13.5 772
13.5167 772
13.5333 771
13.55 770
13.5667 769
13.5833 768
13.6 768
13.6167 767
13.6333 766
13.65 765
13.6667 764
13.6833 763
13.7 762
13.7167 761
13.7333 760
13.75 759
13.7667 758
13.7833 757
13.8 756
13.8167 755
13.8333 754
13.85 753
13.8667 752
13.8833 751
13.9 749
13.9167 748
13.9333 747
13.95 746
13.9667 744
13.9833 743
14.0 742
14.0167 741
14.0333 739
14.05 738
14.0667 736
14.0833 735
14.1 734
14.1167 732
14.1333 731
14.15 729
14.1667 728
14.1833 726
14.2 725
14.2167 723
14.2333 722
14.25 720
14.2667 718
14.2833 717
14.3 715
14.3167 714
14.3333 712
14.35 710
14.3667 708
14.3833 707
14.4 705
14.4167 703
14.4333 701
14.45 700
14.4667 698
14.4833 696
14.5 694
14.5167 692
14.5333 690
14.55 688
14.5667 686
14.5833 685
14.6 683
14.6167 681
14.6333 679
14.65 677
14.6667 674
14.6833 672
14.7 670
14.7167 668
14.7333 666
14.75 664
14.7667 662
14.7833 660
14.8 658
14.8167 655
14.8333 653
14.85 651
14.8667 649
14.8833 646
14.9 644
14.9167 642
14.9333 639
14.95 637
14.9667 635
14.9833 632
15.0 631
15.0167 629
15.0333 626
15.05 624
15.0667 621
15.0833 619
15.1 616
15.1167 614
15.1333 611
15.15 609
15.1667 606
15.1833 604
15.2 601
15.2167 599
15.2333 596
15.25 593
15.2667 591
15.2833 588
15.3 585
15.3167 583
15.3333 580
15.35 577
15.3667 575
15.3833 572
15.4 569
15.4167 566
15.4333 563
15.45 561
15.4667 558
15.4833 555
15.5 552
15.5167 549
15.5333 546
15.55 544
15.5667 541
15.5833 538
15.6 535
15.6167 532
15.6333 529
15.65 526
15.6667 523
15.6833 520
15.7 517
15.7167 514
15.7333 511
15.75 508
15.7667 505
15.7833 502
15.8 498
15.8167 495
15.8333 492
15.85 489
15.8667 486
15.8833 483
15.9 480
15.9167 476
15.9333 473
15.95 470
15.9667 467
15.9833 464
16.0 460
16.0167 457
16.0333 454
16.05 450
16.0667 447
16.0833 444
16.1 441
16.1167 437
16.1333 434
16.15 431
16.1667 427
16.1833 424
16.2 420
16.2167 417
16.2333 414
16.25 410
16.2667 407
16.2833 403
16.3 400
16.3167 396
16.3333 393
16.35 390
16.3667 386
16.3833 383
16.4 379
16.4167 376
16.4333 372
16.45 369
16.4667 365
16.4833 361
16.5 358
16.5167 354
16.5333 351
16.55 347
16.5667 344
16.5833 340
16.6 336
16.6167 333
16.6333 329
16.65 326
16.6667 322
16.6833 318
16.7 315
16.7167 311
16.7333 308
16.75 304
16.7667 300
16.7833 297
16.8 293
16.8167 289
16.8333 286
16.85 282
16.8667 278
16.8833 275
16.9 271
16.9167 267
16.9333 263
16.95 260
16.9667 256
16.9833 252
