8.0 117
8.0167 120
8.0333 124
8.05 127
8.0667 131
8.0833 134
8.1 138
8.1167 141
8.1333 145
8.15 148
8.1667 152
8.1833 156
8.2 159
8.2167 163
8.2333 167
8.25 170
8.2667 174
8.2833 178
8.3 181
8.3167 185
8.3333 189
8.35 192
8.3667 196
8.3833 200
8.4 204
8.4167 207
8.4333 211
8.45 215
8.4667 219
8.4833 222
8.5 226
8.5167 230
8.5333 234
8.55 238
8.5667 241
8.5833 245
8.6 249
8.6167 253
8.6333 257
8.65 260
8.6667 264
8.6833 268
8.7 272
8.7167 276
8.7333 279
8.75 283
8.7667 287
8.7833 291
8.8 295
8.8167 298
8.8333 302
8.85 306
8.8667 310
8.8833 314
8.9 317
8.9167 321
8.9333 325
8.95 329
8.9667 332
8.9833 336
9.0 340
9.0167 345
9.0333 349
9.05 352
9.0667 356
9.0833 360
9.1 363
9.1167 367
9.1333 371
9.15 375
9.1667 378
9.1833 382
9.2 386
9.2167 389
9.2333 393
9.25 397
9.2667 400
9.2833 404
9.3 408
9.3167 411
9.3333 415
9.35 419
9.3667 422
9.3833 426
9.4 430
9.4167 433
9.4333 437
9.45 440
9.4667 444
9.4833 447
9.5 451
9.5167 455
9.5333 458
9.55 462
9.5667 465
9.5833 469
9.6 472
9.6167 476
9.6333 479
9.65 482
9.6667 486
9.6833 489
9.7 493
9.7167 496
9.7333 500
9.75 503
9.7667 506
9.7833 510
9.8 513
9.8167 516
9.8333 520
9.85 523
9.8667 526
9.8833 530
9.9 533
9.9167 536
9.9333 539
9.95 543
9.9667 546
9.9833 549
10.0 552
10.0167 556
10.0333 559
10.05 562
10.0667 565
10.0833 568
10.1 571
10.1167 574
10.1333 577
10.15 581
10.1667 584
10.1833 587
10.2 590
10.2167 593
10.2333 596
10.25 599
10.2667 602
10.2833 605
10.3 608
10.3167 611
10.3333 614
10.35 616
10.3667 619
10.3833 622
10.4 625
10.4167 628
10.4333 631
10.45 634
10.4667 636
10.4833 639
10.5 642
10.5167 645
10.5333 647
10.55 650
10.5667 653
10.5833 656
10.6 658
10.6167 661
10.6333 664
10.65 666
10.6667 669
10.6833 671
10.7 674
10.7167 677
10.7333 679
10.75 682
10.7667 684
10.7833 687
10.8 689
10.8167 692
10.8333 694
10.85 696
10.8667 699
10.8833 701
10.9 704
10.9167 706
10.9333 708
10.95 711
10.9667 713
10.9833 715
11.0 717
11.0167 720
11.0333 722
11.05 724
11.0667 726
11.0833 729
11.1 731
11.1167 733
11.1333 735
11.15 737
11.1667 739
11.1833 741
11.2 743
11.2167 745
11.2333 747
11.25 749
11.2667 751
11.2833 753
11.3 755
11.3167 757
11.3333 759
11.35 761
11.3667 763
11.3833 765
11.4 767
11.4167 768
11.4333 770
11.45 772
11.4667 774
11.4833 776
11.5 777
11.5167 779
11.5333 781
11.55 782
11.5667 784
11.5833 786
11.6 787
11.6167 789
11.6333 790
11.65 792
11.6667 793
11.6833 795
11.7 796
11.7167 798
11.7333 799
11.75 801
11.7667 802
11.7833 804
11.8 805
11.8167 806
11.8333 808
11.85 809
11.8667 810
11.8833 812
11.9 813
11.9167 814
11.9333 815
11.95 816
11.9667 818
11.9833 819
12.0 820
12.0167 821
12.0333 822
12.05 823
12.0667 824
12.0833 825
12.1 826
12.1167 827
12.1333 828
12.15 829
12.1667 830
12.1833 831
12.2 832
12.2167 833
12.2333 834
12.25 835
12.2667 835
12.2833 836
12.3 837
12.3167 838
12.3333 838
12.35 839
12.3667 840
12.3833 840
12.4 841
12.4167 842
12.4333 842
12.45 843
12.4667 843
12.4833 844
12.5 845
12.5167 845
12.5333 846
12.55 846
12.5667 846
12.5833 847
12.6 847
12.6167 848
12.6333 848
12.65 848
12.6667 849
12.6833 849
12.7 849
12.7167 849
12.7333 850
12.75 850
12.7667 850
12.7833 850
12.8 850
12.8167 851
12.8333 851
12.85 851
12.8667 851
12.8833 851
12.9 851
12.9167 851
12.9333 851
12.95 851
12.9667 851
12.9833 851
13.0 851
13.0167 851
13.0333 850
13.05 850
13.0667 850
13.0833 850
13.1 850
13.1167 849
13.1333 849
13.15 849
13.1667 849
13.1833 848
13.2 848
13.2167 848
13.2333 847
13.25 847
13.2667 846
13.2833 846
13.3 845
13.3167 845
13.3333 844
13.35 844
13.3667 843
13.3833 843
13.4 842
13.4167 842
13.4333 841
13.45 840
13.4667 840
13.4833 839
13.5 838
13.5167 837
13.5333 837
13.55 836
13.5667 835
13.5833 834
13.6 833
13.6167 833
13.6333 832
13.65 831
13.6667 830
13.6833 829
13.7 828
13.7167 827
13.7333 826
13.75 825
13.7667 824
13.7833 823
13.8 822
13.8167 821
13.8333 820
13.85 818
13.8667 817
13.8833 816
13.9 815
13.9167 814
13.9333 812
13.95 811
13.9667 810
13.9833 809
14.0 807
14.0167 806
14.0333 805
14.05 803
14.0667 802
14.0833 800
14.1 799
14.1167 797
14.1333 796
14.15 794
14.1667 793
14.1833 791
14.2 790
14.2167 788
14.2333 787
14.25 785
14.2667 783
14.2833 782
14.3 780
14.3167 778
14.3333 777
14.35 775
14.3667 773
14.3833 771
14.4 770
14.4167 768
14.4333 766
14.45 764
14.4667 762
14.4833 761
14.5 759
14.5167 757
14.5333 755
14.55 753
14.5667 751
14.5833 749
14.6 747
14.6167 745
14.6333 743
14.65 741
14.6667 739
14.6833 737
14.7 734
14.7167 732
14.7333 730
14.75 728
14.7667 726
14.7833 724
14.8 721
14.8167 719
14.8333 717
14.85 715
14.8667 712
14.8833 710
14.9 708
14.9167 705
14.9333 703
14.95 701
14.9667 698
14.9833 696
15.0 694
15.0167 692
15.0333 689
15.05 687
15.0667 684
15.0833 682
15.1 679
15.1167 677
15.1333 674
15.15 672
15.1667 669
15.1833 666
15.2 664
15.2167 661
15.2333 658
15.25 656
15.2667 653
15.2833 650
15.3 648
15.3167 645
15.3333 642
15.35 639
15.3667 636
15.3833 634
15.4 631
15.4167 628
15.4333 625
15.45 622
15.4667 619
15.4833 616
15.5 614
15.5167 611
15.5333 608
15.55 605
15.5667 602
15.5833 599
15.6 596
15.6167 593
15.6333 590
15.65 587
15.6667 584
15.6833 581
15.7 577
15.7167 574
15.7333 571
15.75 568
15.7667 565
15.7833 562
15.8 559
15.8167 555
15.8333 552
15.85 549
15.8667 546
15.8833 543
15.9 539
15.9167 536
15.9333 533
15.95 529
15.9667 526
15.9833 523
16.0 520
16.0167 516
16.0333 513
16.05 510
16.0667 506
16.0833 503
16.1 499
16.1167 496
16.1333 493
16.15 489
16.1667 486
16.1833 482
16.2 479
16.2167 475
16.2333 472
16.25 468
16.2667 465
16.2833 461
16.3 458
16.3167 454
16.3333 451
16.35 447
16.3667 444
16.3833 440
16.4 436
16.4167 433
16.4333 429
16.45 426
16.4667 422
16.4833 418
16.5 415
16.5167 411
16.5333 408
16.55 404
16.5667 400
16.5833 397
16.6 393
16.6167 389
16.6333 385
16.65 382
16.6667 378
16.6833 374
16.7 371
16.7167 367
16.7333 363
16.75 359
16.7667 356
16.7833 352
16.8 348
16.8167 344
16.8333 341
16.85 337
16.8667 333
16.8833 329
16.9 326
16.9167 322
16.9333 318
16.95 314
16.9667 310
16.9833 307
