8.0 100
8.0167 103
8.0333 107
8.05 110
8.0667 114
8.0833 117
8.1 121
8.1167 125
8.1333 128
8.15 132
8.1667 135
8.1833 139
8.2 143
8.2167 147
8.2333 150
8.25 154
8.2667 158
8.2833 162
8.3 165
8.3167 169
8.3333 173
8.35 177
8.3667 180
8.3833 184
8.4 188
8.4167 192
8.4333 196
8.45 199
8.4667 203
8.4833 207
8.5 211
8.5167 215
8.5333 218
8.55 222
8.5667 226
8.5833 230
8.6 234
8.6167 238
8.6333 242
8.65 245
8.6667 249
8.6833 253
8.7 257
8.7167 261
8.7333 265
8.75 268
8.7667 272
8.7833 276
8.8 280
8.8167 284
8.8333 288
8.85 291
8.8667 295
8.8833 299
8.9 303
8.9167 307
8.9333 310
8.95 314
8.9667 318
8.9833 322
9.0 326
9.0167 330
9.0333 334
9.05 338
9.0667 342
9.0833 345
9.1 349
9.1167 353
9.1333 356
9.15 360
9.1667 364
9.1833 368
9.2 371
9.2167 375
9.2333 379
9.25 382
9.2667 386
9.2833 390
9.3 393
9.3167 397
9.3333 401
9.35 404
9.3667 408
9.3833 412
9.4 415
9.4167 419
9.4333 422
9.45 426
9.4667 430
9.4833 433
9.5 437
9.5167 440
9.5333 444
9.55 447
9.5667 451
9.5833 454
9.6 458
9.6167 461
9.6333 465
9.65 468
9.6667 472
9.6833 475
9.7 479
9.7167 482
9.7333 485
9.75 489
9.7667 492
9.7833 496
9.8 499
9.8167 502
9.8333 506
9.85 509
9.8667 512
9.8833 515
9.9 519
9.9167 522
9.9333 525
9.95 529
9.9667 532
9.9833 535
10.0 538
10.0167 541
10.0333 545
10.05 548
10.0667 551
10.0833 554
10.1 557
10.1167 560
10.1333 563
10.15 566
10.1667 569
10.1833 573
10.2 576
10.2167 579
10.2333 582
10.25 585
10.2667 588
10.2833 591
10.3 594
10.3167 596
10.3333 599
10.35 602
10.3667 605
10.3833 608
10.4 611
10.4167 614
10.4333 617
10.45 619
10.4667 622
10.4833 625
10.5 628
10.5167 631
10.5333 633
10.55 636
10.5667 639
10.5833 641
10.6 644
10.6167 647
10.6333 649
10.65 652
10.6667 655
10.6833 657
10.7 660
10.7167 662
10.7333 665
10.75 667
10.7667 670
10.7833 672
10.8 675
10.8167 677
10.8333 680
10.85 682
10.8667 685
10.8833 687
10.9 689
10.9167 692
10.9333 694
10.95 696
10.9667 699
10.9833 701
11.0 703
11.0167 706
11.0333 708
11.05 710
11.0667 712
11.0833 714
11.1 717
11.1167 719
11.1333 721
11.15 723
11.1667 725
11.1833 727
11.2 729
11.2167 731
11.2333 733
11.25 735
11.2667 737
11.2833 739
11.3 741
11.3167 743
11.3333 745
11.35 747
11.3667 749
11.3833 751
11.4 752
11.4167 754
11.4333 756
11.45 758
11.4667 760
11.4833 761
11.5 763
11.5167 765
11.5333 766
11.55 768
11.5667 770
11.5833 771
11.6 773
11.6167 775
11.6333 776
11.65 778
11.6667 779
11.6833 781
11.7 782
11.7167 784
11.7333 785
11.75 787
11.7667 788
11.7833 789
11.8 791
11.8167 792
11.8333 793
11.85 795
11.8667 796
11.8833 797
11.9 799
11.9167 800
11.9333 801
11.95 802
11.9667 803
11.9833 805
12.0 806
12.0167 807
12.0333 808
12.05 809
12.0667 810
12.0833 811
12.1 812
12.1167 813
12.1333 814
12.15 815
12.1667 816
12.1833 817
12.2 818
12.2167 819
12.2333 820
12.25 820
12.2667 821
12.2833 822
12.3 823
12.3167 824
12.3333 824
12.35 825
12.3667 826
12.3833 826
12.4 827
12.4167 828
12.4333 828
12.45 829
12.4667 830
12.4833 830
12.5 831
12.5167 831
12.5333 832
12.55 832
12.5667 833
12.5833 833
12.6 833
12.6167 834
12.6333 834
12.65 835
12.6667 835
12.6833 835
12.7 835
12.7167 836
12.7333 836
12.75 836
12.7667 836
12.7833 837
12.8 837
12.8167 837
12.8333 837
12.85 837
12.8667 837
12.8833 837
12.9 837
12.9167 837
12.9333 837
12.95 837
12.9667 837
12.9833 837
13.0 837
13.0167 837
13.0333 837
13.05 837
13.0667 837
13.0833 836
13.1 836
13.1167 836
13.1333 836
13.15 835
13.1667 835
13.1833 835
13.2 835
13.2167 834
13.2333 834
13.25 833
13.2667 833
13.2833 833
13.3 832
13.3167 832
13.3333 831
13.35 831
13.3667 830
13.3833 830
13.4 829
13.4167 828
13.4333 828
13.45 827
13.4667 827
13.4833 826
13.5 825
13.5167 824
13.5333 824
13.55 823
13.5667 822
13.5833 821
13.6 821
13.6167 820
13.6333 819
13.65 818
13.6667 817
13.6833 816
13.7 815
13.7167 814
13.7333 813
13.75 812
13.7667 811
13.7833 810
13.8 809
13.8167 808
13.8333 807
13.85 806
13.8667 805
13.8833 804
13.9 802
13.9167 801
13.9333 800
13.95 799
13.9667 797
13.9833 796
14.0 795
14.0167 794
14.0333 792
14.05 791
14.0667 790
14.0833 788
14.1 787
14.1167 785
14.1333 784
14.15 782
14.1667 781
14.1833 779
14.2 778
14.2167 776
14.2333 775
14.25 773
14.2667 771
14.2833 770
14.3 768
14.3167 767
14.3333 765
14.35 763
14.3667 761
14.3833 760
14.4 758
14.4167 756
14.4333 754
14.45 753
14.4667 751
14.4833 749
14.5 747
14.5167 745
14.5333 743
14.55 741
14.5667 739
14.5833 737
14.6 735
14.6167 733
14.6333 731
14.65 729
14.6667 727
14.6833 725
14.7 723
14.7167 721
14.7333 719
14.75 717
14.7667 715
14.7833 712
14.8 710
14.8167 708
14.8333 706
14.85 703
14.8667 701
14.8833 699
14.9 697
14.9167 694
14.9333 692
14.95 690
14.9667 687
14.9833 685
15.0 683
15.0167 681
15.0333 679
15.05 676
15.0667 674
15.0833 671
15.1 669
15.1167 666
15.1333 664
15.15 661
15.1667 658
15.1833 656
15.2 653
15.2167 651
15.2333 648
15.25 645
15.2667 643
15.2833 640
15.3 637
15.3167 634
15.3333 632
15.35 629
15.3667 626
15.3833 623
15.4 621
15.4167 618
15.4333 615
15.45 612
15.4667 609
15.4833 606
15.5 604
15.5167 601
15.5333 598
15.55 595
15.5667 592
15.5833 589
15.6 586
15.6167 583
15.6333 580
15.65 577
15.6667 574
15.6833 571
15.7 568
15.7167 565
15.7333 562
15.75 558
15.7667 555
15.7833 552
15.8 549
15.8167 546
15.8333 543
15.85 539
15.8667 536
15.8833 533
15.9 530
15.9167 527
15.9333 523
15.95 520
15.9667 517
15.9833 513
16.0 510
16.0167 507
16.0333 504
16.05 500
16.0667 497
16.0833 493
16.1 490
16.1167 487
16.1333 483
16.15 480
16.1667 476
16.1833 473
16.2 470
16.2167 466
16.2333 463
16.25 459
16.2667 456
16.2833 452
16.3 449
16.3167 445
16.3333 442
16.35 438
16.3667 434
16.3833 431
16.4 427
16.4167 424
16.4333 420
16.45 417
16.4667 413
16.4833 409
16.5 406
16.5167 402
16.5333 398
16.55 395
16.5667 391
16.5833 387
16.6 384
16.6167 380
16.6333 376
16.65 373
16.6667 369
16.6833 365
16.7 361
16.7167 358
16.7333 354
16.75 350
16.7667 346
16.7833 343
16.8 339
16.8167 335
16.8333 331
16.85 328
16.8667 324
16.8833 320
16.9 316
16.9167 312
16.9333 309
16.95 305
16.9667 301
16.9833 297
