8.0 91
8.0167 94
8.0333 97
8.05 101
8.0667 104
8.0833 107
8.1 110
8.1167 114
8.1333 117
8.15 120
8.1667 123
8.1833 127
8.2 130
8.2167 134
8.2333 137
8.25 141
8.2667 144
8.2833 148
8.3 151
8.3167 155
8.3333 158
8.35 162
8.3667 166
8.3833 169
8.4 173
8.4167 176
8.4333 180
8.45 184
8.4667 187
8.4833 191
8.5 195
8.5167 198
8.5333 202
8.55 206
8.5667 209
8.5833 213
8.6 217
8.6167 220
8.6333 224
8.65 228
8.6667 231
8.6833 235
8.7 239
8.7167 242
8.7333 246
8.75 250
8.7667 254
8.7833 257
8.8 261
8.8167 265
8.8333 268
8.85 272
8.8667 276
8.8833 280
8.9 283
8.9167 287
8.9333 291
8.95 294
8.9667 298
8.9833 302
9.0 305
9.0167 310
9.0333 314
9.05 317
9.0667 321
9.0833 325
9.1 328
9.1167 332
9.1333 336
9.15 339
9.1667 343
9.1833 347
9.2 350
9.2167 354
9.2333 357
9.25 361
9.2667 365
9.2833 368
9.3 372
9.3167 375
9.3333 379
9.35 383
9.3667 386
9.3833 390
9.4 393
9.4167 397
9.4333 400
9.45 404
9.4667 407
9.4833 411
9.5 414
9.5167 418
9.5333 421
9.55 425
9.5667 428
9.5833 432
9.6 435
9.6167 439
9.6333 442
9.65 445
9.6667 449
9.6833 452
9.7 456
9.7167 459
9.7333 462
9.75 466
9.7667 469
9.7833 472
9.8 476
9.8167 479
9.8333 482
9.85 486
9.8667 489
9.8833 492
9.9 495
9.9167 499
9.9333 502
9.95 505
9.9667 508
9.9833 511
10.0 515
10.0167 518
10.0333 521
10.05 524
10.0667 527
10.0833 530
10.1 533
10.1167 536
10.1333 539
10.15 542
10.1667 546
10.1833 549
10.2 552
10.2167 555
10.2333 558
10.25 561
10.2667 563
10.2833 566
10.3 569
10.3167 572
10.3333 575
10.35 578
10.3667 581
10.3833 584
10.4 587
10.4167 589
10.4333 592
10.45 595
10.4667 598
10.4833 601
10.5 603
10.5167 606
10.5333 609
10.55 611
10.5667 614
10.5833 617
10.6 619
10.6167 622
10.6333 625
10.65 627
10.6667 630
10.6833 633
10.7 635
10.7167 638
10.7333 640
10.75 643
10.7667 645
10.7833 648
10.8 650
10.8167 653
10.8333 655
10.85 657
10.8667 660
10.8833 662
10.9 665
10.9167 667
10.9333 669
10.95 672
10.9667 674
10.9833 676
11.0 678
11.0167 681
11.0333 683
11.05 685
11.0667 687
11.0833 689
11.1 692
11.1167 694
11.1333 696
11.15 698
11.1667 700
11.1833 702
11.2 704
11.2167 706
11.2333 708
11.25 710
11.2667 712
11.2833 714
11.3 716
11.3167 718
11.3333 720
11.35 722
11.3667 724
11.3833 725
11.4 727
11.4167 729
11.4333 731
11.45 733
11.4667 734
11.4833 736
11.5 738
11.5167 739
11.5333 741
11.55 743
11.5667 744
11.5833 746
11.6 748
11.6167 749
11.6333 751
11.65 752
11.6667 754
11.6833 755
11.7 757
11.7167 758
11.7333 760
11.75 761
11.7667 763
11.7833 764
11.8 765
11.8167 767
11.8333 768
11.85 769
11.8667 771
11.8833 772
11.9 773
11.9167 774
11.9333 776
11.95 777
11.9667 778
11.9833 779
12.0 780
12.0167 781
12.0333 783
12.05 784
12.0667 785
12.0833 786
12.1 787
12.1167 788
12.1333 789
12.15 790
12.1667 791
12.1833 792
12.2 792
12.2167 793
12.2333 794
12.25 795
12.2667 796
12.2833 797
12.3 797
12.3167 798
12.3333 799
12.35 800
12.3667 800
12.3833 801
12.4 802
12.4167 802
12.4333 803
12.45 804
12.4667 804
12.4833 805
12.5 805
12.5167 806
12.5333 806
12.55 807
12.5667 807
12.5833 808
12.6 808
12.6167 808
12.6333 809
12.65 809
12.6667 809
12.6833 810
12.7 810
12.7167 810
12.7333 810
12.75 811
12.7667 811
12.7833 811
12.8 811
12.8167 811
12.8333 812
12.85 812
12.8667 812
12.8833 812
12.9 812
12.9167 812
12.9333 812
12.95 812
12.9667 812
12.9833 812
13.0 812
13.0167 812
13.0333 811
13.05 811
13.0667 811
13.0833 811
13.1 811
13.1167 811
13.1333 810
13.15 810
13.1667 810
13.1833 809
13.2 809
13.2167 809
13.2333 808
13.25 808
13.2667 808
13.2833 807
13.3 807
13.3167 806
13.3333 806
13.35 805
13.3667 805
13.3833 804
13.4 804
13.4167 803
13.4333 802
13.45 802
13.4667 801
13.4833 800
13.5 800
13.5167 799
13.5333 798
13.55 798
13.5667 797
13.5833 796
13.6 795
13.6167 794
13.6333 793
13.65 793
13.6667 792
13.6833 791
13.7 790
13.7167 789
13.7333 788
13.75 787
13.7667 786
13.7833 785
13.8 784
13.8167 783
13.8333 782
13.85 780
13.8667 779
13.8833 778
13.9 777
13.9167 776
13.9333 775
13.95 773
13.9667 772
13.9833 771
14.0 770
14.0167 768
14.0333 767
14.05 766
14.0667 764
14.0833 763
14.1 761
14.1167 760
14.1333 759
14.15 757
14.1667 756
14.1833 754
14.2 753
14.2167 751
14.2333 749
14.25 748
14.2667 746
14.2833 745
14.3 743
14.3167 741
14.3333 740
14.35 738
14.3667 736
14.3833 735
14.4 733
14.4167 731
14.4333 729
14.45 727
14.4667 726
14.4833 724
14.5 722
14.5167 720
14.5333 718
14.55 716
14.5667 714
14.5833 712
14.6 710
14.6167 708
14.6333 706
14.65 704
14.6667 702
14.6833 700
14.7 698
14.7167 696
14.7333 694
14.75 692
14.7667 690
14.7833 687
14.8 685
14.8167 683
14.8333 681
14.85 679
14.8667 676
14.8833 674
14.9 672
14.9167 669
14.9333 667
14.95 665
14.9667 662
14.9833 660
15.0 659
15.0167 656
15.0333 654
15.05 651
15.0667 649
15.0833 646
15.1 644
15.1167 641
15.1333 639
15.15 636
15.1667 634
15.1833 631
15.2 629
15.2167 626
15.2333 623
15.25 621
15.2667 618
15.2833 615
15.3 613
15.3167 610
15.3333 607
15.35 605
15.3667 602
15.3833 599
15.4 596
15.4167 593
15.4333 591
15.45 588
15.4667 585
15.4833 582
15.5 579
15.5167 576
15.5333 574
15.55 571
15.5667 568
15.5833 565
15.6 562
15.6167 559
15.6333 556
15.65 553
15.6667 550
15.6833 547
15.7 544
15.7167 541
15.7333 538
15.75 535
15.7667 531
15.7833 528
15.8 525
15.8167 522
15.8333 519
15.85 516
15.8667 513
15.8833 509
15.9 506
15.9167 503
15.9333 500
15.95 497
15.9667 493
15.9833 490
16.0 487
16.0167 484
16.0333 480
16.05 477
16.0667 474
16.0833 470
16.1 467
16.1167 464
16.1333 460
16.15 457
16.1667 454
16.1833 450
16.2 447
16.2167 443
16.2333 440
16.25 436
16.2667 433
16.2833 430
16.3 426
16.3167 423
16.3333 419
16.35 416
16.3667 412
16.3833 409
16.4 405
16.4167 402
16.4333 398
16.45 395
16.4667 391
16.4833 387
16.5 384
16.5167 380
16.5333 377
16.55 373
16.5667 370
16.5833 366
16.6 362
16.6167 359
16.6333 355
16.65 351
16.6667 348
16.6833 344
16.7 341
16.7167 337
16.7333 333
16.75 330
16.7667 326
16.7833 322
16.8 319
16.8167 315
16.8333 311
16.85 307
16.8667 304
16.8833 300
16.9 296
16.9167 293
16.9333 289
16.95 285
16.9667 282
16.9833 278
