8.0 171
8.0167 175
8.0333 178
8.05 182
8.0667 186
8.0833 189
8.1 193
8.1167 197
8.1333 200
8.15 204
8.1667 208
8.1833 212
8.2 215
8.2167 219
8.2333 223
8.25 227
8.2667 230
8.2833 234
8.3 238
8.3167 242
8.3333 246
8.35 249
8.3667 253
8.3833 257
8.4 261
8.4167 265
8.4333 268
8.45 272
8.4667 276
8.4833 280
8.5 284
8.5167 288
8.5333 291
8.55 295
8.5667 299
8.5833 303
8.6 307
8.6167 311
8.6333 314
8.65 318
8.6667 322
8.6833 326
8.7 330
8.7167 333
8.7333 337
8.75 341
8.7667 345
8.7833 349
8.8 353
8.8167 356
8.8333 360
8.85 364
8.8667 368
8.8833 372
8.9 375
8.9167 379
8.9333 383
8.95 387
8.9667 390
8.9833 394
9.0 398
9.0167 403
9.0333 407
9.05 410
9.0667 414
9.0833 418
9.1 422
9.1167 425
9.1333 429
9.15 433
9.1667 436
9.1833 440
9.2 444
9.2167 447
9.2333 451
9.25 455
9.2667 458
9.2833 462
9.3 466
9.3167 469
9.3333 473
9.35 476
9.3667 480
9.3833 484
9.4 487
9.4167 491
9.4333 494
9.45 498
9.4667 501
9.4833 505
9.5 508
9.5167 512
9.5333 515
9.55 519
9.5667 522
9.5833 526
9.6 529
9.6167 533
9.6333 536
9.65 540
9.6667 543
9.6833 546
9.7 550
9.7167 553
9.7333 557
9.75 560
9.7667 563
9.7833 567
9.8 570
9.8167 573
9.8333 576
9.85 580
9.8667 583
9.8833 586
9.9 589
9.9167 593
9.9333 596
9.95 599
9.9667 602
9.9833 605
10.0 609
10.0167 612
10.0333 615
10.05 618
10.0667 621
10.0833 624
10.1 627
10.1167 630
10.1333 633
10.15 636
10.1667 639
10.1833 642
10.2 645
10.2167 648
10.2333 651
10.25 654
10.2667 657
10.2833 660
10.3 663
10.3167 666
10.3333 669
10.35 672
10.3667 675
10.3833 677
10.4 680
10.4167 683
10.4333 686
10.45 689
10.4667 691
10.4833 694
10.5 697
10.5167 699
10.5333 702
10.55 705
10.5667 707
10.5833 710
10.6 713
10.6167 715
10.6333 718
10.65 720
10.6667 723
10.6833 725
10.7 728
10.7167 731
10.7333 733
10.75 735
10.7667 738
10.7833 740
10.8 743
10.8167 745
10.8333 748
10.85 750
10.8667 752
10.8833 755
10.9 757
10.9167 759
10.9333 761
10.95 764
10.9667 766
10.9833 768
11.0 770
11.0167 773
11.0333 775
11.05 777
11.0667 779
11.0833 781
11.1 783
11.1167 785
11.1333 787
11.15 789
11.1667 792
11.1833 794
11.2 796
11.2167 797
11.2333 799
11.25 801
11.2667 803
11.2833 805
11.3 807
11.3167 809
11.3333 811
11.35 813
11.3667 814
11.3833 816
11.4 818
11.4167 820
11.4333 821
11.45 823
11.4667 825
11.4833 826
11.5 828
11.5167 830
11.5333 831
11.55 833
11.5667 835
11.5833 836
11.6 838
11.6167 839
11.6333 841
11.65 842
11.6667 844
11.6833 845
11.7 846
11.7167 848
11.7333 849
11.75 851
11.7667 852
11.7833 853
11.8 855
11.8167 856
11.8333 857
11.85 858
11.8667 860
11.8833 861
11.9 862
11.9167 863
11.9333 864
11.95 865
11.9667 866
11.9833 868
12.0 869
12.0167 870
12.0333 871
12.05 872
12.0667 873
12.0833 874
12.1 875
12.1167 875
12.1333 876
12.15 877
12.1667 878
12.1833 879
12.2 880
12.2167 880
12.2333 881
12.25 882
12.2667 883
12.2833 883
12.3 884
12.3167 885
12.3333 885
12.35 886
12.3667 887
12.3833 887
12.4 888
12.4167 888
12.4333 889
12.45 889
12.4667 890
12.4833 890
12.5 891
12.5167 891
12.5333 892
12.55 892
12.5667 892
12.5833 893
12.6 893
12.6167 893
12.6333 894
12.65 894
12.6667 894
12.6833 894
12.7 895
12.7167 895
12.7333 895
12.75 895
12.7667 895
12.7833 895
12.8 895
12.8167 895
12.8333 895
12.85 895
12.8667 895
12.8833 895
12.9 895
12.9167 895
12.9333 895
12.95 895
12.9667 895
12.9833 895
13.0 895
13.0167 894
13.0333 894
13.05 894
13.0667 894
13.0833 893
13.1 893
13.1167 893
13.1333 892
13.15 892
13.1667 892
13.1833 891
13.2 891
13.2167 890
13.2333 890
13.25 889
13.2667 889
13.2833 888
13.3 888
13.3167 887
13.3333 887
13.35 886
13.3667 885
13.3833 885
13.4 884
13.4167 883
13.4333 883
13.45 882
13.4667 881
13.4833 880
13.5 880
13.5167 879
13.5333 878
13.55 877
13.5667 876
13.5833 875
13.6 874
13.6167 873
13.6333 872
13.65 871
13.6667 870
13.6833 869
13.7 868
13.7167 867
13.7333 866
13.75 865
13.7667 864
13.7833 863
13.8 862
13.8167 860
13.8333 859
13.85 858
13.8667 857
13.8833 856
13.9 854
13.9167 853
13.9333 852
13.95 850
13.9667 849
13.9833 848
14.0 846
14.0167 845
14.0333 843
14.05 842
14.0667 840
14.0833 839
14.1 837
14.1167 836
14.1333 834
14.15 833
14.1667 831
14.1833 829
14.2 828
14.2167 826
14.2333 824
14.25 823
14.2667 821
14.2833 819
14.3 818
14.3167 816
14.3333 814
14.35 812
14.3667 810
14.3833 809
14.4 807
14.4167 805
14.4333 803
14.45 801
14.4667 799
14.4833 797
14.5 795
14.5167 793
14.5333 791
14.55 789
14.5667 787
14.5833 785
14.6 783
14.6167 781
14.6333 779
14.65 777
14.6667 774
14.6833 772
14.7 770
14.7167 768
14.7333 766
14.75 763
14.7667 761
14.7833 759
14.8 756
14.8167 754
14.8333 752
14.85 749
14.8667 747
14.8833 745
14.9 742
14.9167 740
14.9333 737
14.95 735
14.9667 732
14.9833 730
15.0 728
15.0167 726
15.0333 723
15.05 721
15.0667 718
15.0833 715
15.1 713
15.1167 710
15.1333 708
15.15 705
15.1667 702
15.1833 700
15.2 697
15.2167 694
15.2333 691
15.25 689
15.2667 686
15.2833 683
15.3 680
15.3167 677
15.3333 675
15.35 672
15.3667 669
15.3833 666
15.4 663
15.4167 660
15.4333 657
15.45 654
15.4667 651
15.4833 648
15.5 645
15.5167 642
15.5333 639
15.55 636
15.5667 633
15.5833 630
15.6 627
15.6167 624
15.6333 621
15.65 618
15.6667 615
15.6833 612
15.7 609
15.7167 605
15.7333 602
15.75 599
15.7667 596
15.7833 593
15.8 589
15.8167 586
15.8333 583
15.85 580
15.8667 576
15.8833 573
15.9 570
15.9167 566
15.9333 563
15.95 560
15.9667 556
15.9833 553
16.0 550
16.0167 546
16.0333 543
16.05 540
16.0667 536
16.0833 533
16.1 529
16.1167 526
16.1333 522
16.15 519
16.1667 515
16.1833 512
16.2 508
16.2167 505
16.2333 501
16.25 498
16.2667 494
16.2833 491
16.3 487
16.3167 483
16.3333 480
16.35 476
16.3667 473
16.3833 469
16.4 465
16.4167 462
16.4333 458
16.45 455
16.4667 451
16.4833 447
16.5 444
16.5167 440
16.5333 436
16.55 432
16.5667 429
16.5833 425
16.6 421
16.6167 418
16.6333 414
16.65 410
16.6667 406
16.6833 403
16.7 399
16.7167 395
16.7333 391
16.75 388
16.7667 384
16.7833 380
16.8 376
16.8167 372
16.8333 369
16.85 365
16.8667 361
16.8833 357
16.9 353
16.9167 350
16.9333 346
16.95 342
16.9667 338
16.9833 334
