8.0 230
8.0167 234
8.0333 237
8.05 241
8.0667 245
8.0833 249
8.1 253
8.1167 257
8.1333 261
8.15 264
8.1667 268
8.1833 272
8.2 276
8.2167 280
8.2333 284
8.25 288
8.2667 292
8.2833 295
8.3 299
8.3167 303
8.3333 307
8.35 311
8.3667 315
8.3833 319
8.4 323
8.4167 327
8.4333 330
8.45 334
8.4667 338
8.4833 342
8.5 346
8.5167 350
8.5333 354
8.55 358
8.5667 362
8.5833 365
8.6 369
8.6167 373
8.6333 377
8.65 381
8.6667 385
8.6833 389
8.7 392
8.7167 396
8.7333 400
8.75 404
8.7667 408
8.7833 412
8.8 416
8.8167 419
8.8333 423
8.85 427
8.8667 431
8.8833 435
8.9 438
8.9167 442
8.9333 446
8.95 450
8.9667 453
8.9833 457
9.0 461
9.0167 466
9.0333 469
9.05 473
9.0667 477
9.0833 481
9.1 484
9.1167 488
9.1333 492
9.15 495
9.1667 499
9.1833 503
9.2 506
9.2167 510
9.2333 514
9.25 517
9.2667 521
9.2833 524
9.3 528
9.3167 532
9.3333 535
9.35 539
9.3667 542
9.3833 546
9.4 549
9.4167 553
9.4333 556
9.45 560
9.4667 563
9.4833 567
9.5 570
9.5167 574
9.5333 577
9.55 581
9.5667 584
9.5833 588
9.6 591
9.6167 594
9.6333 598
9.65 601
9.6667 604
9.6833 608
9.7 611
9.7167 614
9.7333 618
9.75 621
9.7667 624
9.7833 628
9.8 631
9.8167 634
9.8333 637
9.85 640
9.8667 644
9.8833 647
9.9 650
9.9167 653
9.9333 656
9.95 659
9.9667 663
9.9833 666
10.0 669
10.0167 672
10.0333 675
10.05 678
10.0667 681
10.0833 684
10.1 687
10.1167 690
10.1333 693
10.15 696
10.1667 699
10.1833 702
10.2 705
10.2167 708
10.2333 710
10.25 713
10.2667 716
10.2833 719
10.3 722
10.3167 725
10.3333 727
10.35 730
10.3667 733
10.3833 736
10.4 738
10.4167 741
10.4333 744
10.45 747
10.4667 749
10.4833 752
10.5 755
10.5167 757
10.5333 760
10.55 762
10.5667 765
10.5833 767
10.6 770
10.6167 773
10.6333 775
10.65 777
10.6667 780
10.6833 782
10.7 785
10.7167 787
10.7333 790
10.75 792
10.7667 794
10.7833 797
10.8 799
10.8167 801
10.8333 804
10.85 806
10.8667 808
10.8833 810
10.9 813
10.9167 815
10.9333 817
10.95 819
10.9667 821
10.9833 824
11.0 826
11.0167 828
11.0333 830
11.05 832
11.0667 834
11.0833 836
11.1 838
11.1167 840
11.1333 842
11.15 844
11.1667 846
11.1833 848
11.2 850
11.2167 852
11.2333 853
11.25 855
11.2667 857
11.2833 859
11.3 861
11.3167 862
11.3333 864
11.35 866
11.3667 868
11.3833 869
11.4 871
11.4167 873
11.4333 874
11.45 876
11.4667 878
11.4833 879
11.5 881
11.5167 882
11.5333 884
11.55 885
11.5667 887
11.5833 888
11.6 890
11.6167 891
11.6333 892
11.65 894
11.6667 895
11.6833 897
11.7 898
11.7167 899
11.7333 900
11.75 902
11.7667 903
11.7833 904
11.8 905
11.8167 907
11.8333 908
11.85 909
11.8667 910
11.8833 911
11.9 912
11.9167 913
11.9333 914
11.95 915
11.9667 916
11.9833 917
12.0 918
12.0167 919
12.0333 920
12.05 921
12.0667 922
12.0833 923
12.1 924
12.1167 925
12.1333 925
12.15 926
12.1667 927
12.1833 928
12.2 928
12.2167 929
12.2333 930
12.25 930
12.2667 931
12.2833 932
12.3 932
12.3167 933
12.3333 933
12.35 934
12.3667 934
12.3833 935
12.4 935
12.4167 936
12.4333 936
12.45 937
12.4667 937
12.4833 937
12.5 938
12.5167 938
12.5333 938
12.55 939
12.5667 939
12.5833 939
12.6 939
12.6167 940
12.6333 940
12.65 940
12.6667 940
12.6833 940
12.7 940
12.7167 940
12.7333 941
12.75 941
12.7667 941
12.7833 941
12.8 941
12.8167 941
12.8333 941
12.85 940
12.8667 940
12.8833 940
12.9 940
12.9167 940
12.9333 940
12.95 939
12.9667 939
12.9833 939
13.0 939
13.0167 938
13.0333 938
13.05 938
13.0667 937
13.0833 937
13.1 937
13.1167 936
13.1333 936
13.15 935
13.1667 935
13.1833 934
13.2 934
13.2167 933
13.2333 933
13.25 932
13.2667 932
13.2833 931
13.3 930
13.3167 930
13.3333 929
13.35 928
13.3667 928
13.3833 927
13.4 926
13.4167 925
13.4333 925
13.45 924
13.4667 923
13.4833 922
13.5 921
13.5167 920
13.5333 919
13.55 918
13.5667 917
13.5833 916
13.6 915
13.6167 914
13.6333 913
13.65 912
13.6667 911
13.6833 910
13.7 909
13.7167 908
13.7333 907
13.75 905
13.7667 904
13.7833 903
13.8 902
13.8167 900
13.8333 899
13.85 898
13.8667 897
13.8833 895
13.9 894
13.9167 892
13.9333 891
13.95 890
13.9667 888
13.9833 887
14.0 885
14.0167 884
14.0333 882
14.05 881
14.0667 879
14.0833 878
14.1 876
14.1167 874
14.1333 873
14.15 871
14.1667 869
14.1833 868
14.2 866
14.2167 864
14.2333 863
14.25 861
14.2667 859
14.2833 857
14.3 855
14.3167 853
14.3333 852
14.35 850
14.3667 848
14.3833 846
14.4 844
14.4167 842
14.4333 840
14.45 838
14.4667 836
14.4833 834
14.5 832
14.5167 830
14.5333 828
14.55 826
14.5667 824
14.5833 821
14.6 819
14.6167 817
14.6333 815
14.65 813
14.6667 810
14.6833 808
14.7 806
14.7167 804
14.7333 801
14.75 799
14.7667 797
14.7833 794
14.8 792
14.8167 790
14.8333 787
14.85 785
14.8667 782
14.8833 780
14.9 778
14.9167 775
14.9333 773
14.95 770
14.9667 767
14.9833 765
15.0 763
15.0167 760
15.0333 758
15.05 755
15.0667 752
15.0833 750
15.1 747
15.1167 744
15.1333 742
15.15 739
15.1667 736
15.1833 734
15.2 731
15.2167 728
15.2333 725
15.25 722
15.2667 720
15.2833 717
15.3 714
15.3167 711
15.3333 708
15.35 705
15.3667 702
15.3833 699
15.4 696
15.4167 693
15.4333 690
15.45 687
15.4667 684
15.4833 681
15.5 678
15.5167 675
15.5333 672
15.55 669
15.5667 666
15.5833 663
15.6 660
15.6167 657
15.6333 654
15.65 650
15.6667 647
15.6833 644
15.7 641
15.7167 638
15.7333 634
15.75 631
15.7667 628
15.7833 625
15.8 621
15.8167 618
15.8333 615
15.85 612
15.8667 608
15.8833 605
15.9 602
15.9167 598
15.9333 595
15.95 591
15.9667 588
15.9833 585
16.0 581
16.0167 578
16.0333 574
16.05 571
16.0667 567
16.0833 564
16.1 560
16.1167 557
16.1333 553
16.15 550
16.1667 546
16.1833 543
16.2 539
16.2167 536
16.2333 532
16.25 528
16.2667 525
16.2833 521
16.3 518
16.3167 514
16.3333 510
16.35 507
16.3667 503
16.3833 499
16.4 496
16.4167 492
16.4333 488
16.45 485
16.4667 481
16.4833 477
16.5 474
16.5167 470
16.5333 466
16.55 462
16.5667 459
16.5833 455
16.6 451
16.6167 447
16.6333 444
16.65 440
16.6667 436
16.6833 432
16.7 428
16.7167 425
16.7333 421
16.75 417
16.7667 413
16.7833 409
16.8 405
16.8167 402
16.8333 398
16.85 394
16.8667 390
16.8833 386
16.9 382
16.9167 379
16.9333 375
16.95 371
16.9667 367
16.9833 363
