8.0 137
8.0167 141
8.0333 144
8.05 148
8.0667 151
8.0833 155
8.1 158
8.1167 162
8.1333 166
8.15 169
8.1667 173
8.1833 176
8.2 180
8.2167 184
8.2333 188
8.25 191
8.2667 195
8.2833 199
8.3 202
8.3167 206
8.3333 210
8.35 214
8.3667 217
8.3833 221
8.4 225
8.4167 229
8.4333 232
8.45 236
8.4667 240
8.4833 244
8.5 248
8.5167 251
8.5333 255
8.55 259
8.5667 263
8.5833 267
8.6 270
8.6167 274
8.6333 278
8.65 282
8.6667 286
8.6833 289
8.7 293
8.7167 297
8.7333 301
8.75 305
8.7667 308
8.7833 312
8.8 316
8.8167 320
8.8333 324
8.85 327
8.8667 331
8.8833 335
8.9 339
8.9167 343
8.9333 346
8.95 350
8.9667 354
8.9833 358
9.0 361
9.0167 366
9.0333 370
9.05 374
9.0667 378
9.0833 381
9.1 385
9.1167 389
9.1333 392
9.15 396
9.1667 400
9.1833 404
9.2 407
9.2167 411
9.2333 415
9.25 418
9.2667 422
9.2833 426
9.3 429
9.3167 433
9.3333 437
9.35 440
9.3667 444
9.3833 447
9.4 451
9.4167 455
9.4333 458
9.45 462
9.4667 465
9.4833 469
9.5 472
9.5167 476
9.5333 479
9.55 483
9.5667 486
9.5833 490
9.6 493
9.6167 497
9.6333 500
9.65 504
9.6667 507
9.6833 511
9.7 514
9.7167 517
9.7333 521
9.75 524
9.7667 528
9.7833 531
9.8 534
9.8167 538
9.8333 541
9.85 544
9.8667 547
9.8833 551
9.9 554
9.9167 557
9.9333 561
9.95 564
9.9667 567
9.9833 570
10.0 573
10.0167 577
10.0333 580
10.05 583
10.0667 586
10.0833 589
10.1 592
10.1167 595
10.1333 598
10.15 602
10.1667 605
10.1833 608
10.2 611
10.2167 614
10.2333 617
10.25 620
10.2667 623
10.2833 626
10.3 628
10.3167 631
10.3333 634
10.35 637
10.3667 640
10.3833 643
10.4 646
10.4167 649
10.4333 651
10.45 654
10.4667 657
10.4833 660
10.5 663
10.5167 665
10.5333 668
10.55 671
10.5667 673
10.5833 676
10.6 679
10.6167 681
10.6333 684
10.65 687
10.6667 689
10.6833 692
10.7 694
10.7167 697
10.7333 699
10.75 702
10.7667 705
10.7833 707
10.8 709
10.8167 712
10.8333 714
10.85 717
10.8667 719
10.8833 721
10.9 724
10.9167 726
10.9333 729
10.95 731
10.9667 733
10.9833 735
11.0 738
11.0167 740
11.0333 742
11.05 744
11.0667 746
11.0833 749
11.1 751
11.1167 753
11.1333 755
11.15 757
11.1667 759
11.1833 761
11.2 763
11.2167 765
11.2333 767
11.25 769
11.2667 771
11.2833 773
11.3 775
11.3167 777
11.3333 779
11.35 781
11.3667 783
11.3833 785
11.4 786
11.4167 788
11.4333 790
11.45 792
11.4667 793
11.4833 795
11.5 797
11.5167 798
11.5333 800
11.55 802
11.5667 803
11.5833 805
11.6 807
11.6167 808
11.6333 810
11.65 811
11.6667 813
11.6833 814
11.7 816
11.7167 817
11.7333 819
11.75 820
11.7667 821
11.7833 823
11.8 824
11.8167 825
11.8333 827
11.85 828
11.8667 829
11.8833 831
11.9 832
11.9167 833
11.9333 834
11.95 835
11.9667 837
11.9833 838
12.0 839
12.0167 840
12.0333 841
12.05 842
12.0667 843
12.0833 844
12.1 845
12.1167 846
12.1333 847
12.15 848
12.1667 849
12.1833 850
12.2 851
12.2167 851
12.2333 852
12.25 853
12.2667 854
12.2833 855
12.3 855
12.3167 856
12.3333 857
12.35 857
12.3667 858
12.3833 859
12.4 859
12.4167 860
12.4333 861
12.45 861
12.4667 862
12.4833 862
12.5 863
12.5167 863
12.5333 864
12.55 864
12.5667 864
12.5833 865
12.6 865
12.6167 866
12.6333 866
12.65 866
12.6667 867
12.6833 867
12.7 867
12.7167 867
12.7333 867
12.75 868
12.7667 868
12.7833 868
12.8 868
12.8167 868
12.8333 868
12.85 868
12.8667 868
12.8833 868
12.9 868
12.9167 868
12.9333 868
12.95 868
12.9667 868
12.9833 868
13.0 868
13.0167 868
13.0333 868
13.05 868
13.0667 867
13.0833 867
13.1 867
13.1167 867
13.1333 866
13.15 866
13.1667 866
13.1833 865
13.2 865
13.2167 864
13.2333 864
13.25 864
13.2667 863
13.2833 863
13.3 862
13.3167 862
13.3333 861
13.35 861
13.3667 860
13.3833 859
13.4 859
13.4167 858
13.4333 857
13.45 857
13.4667 856
13.4833 855
13.5 855
13.5167 854
13.5333 853
13.55 852
13.5667 851
13.5833 851
13.6 850
13.6167 849
13.6333 848
13.65 847
13.6667 846
13.6833 845
13.7 844
13.7167 843
13.7333 842
13.75 841
13.7667 840
13.7833 839
13.8 838
13.8167 837
13.8333 835
13.85 834
13.8667 833
13.8833 832
13.9 831
13.9167 829
13.9333 828
13.95 827
13.9667 826
13.9833 824
14.0 823
14.0167 821
14.0333 820
14.05 819
14.0667 817
14.0833 816
14.1 814
14.1167 813
14.1333 811
14.15 810
14.1667 808
14.1833 807
14.2 805
14.2167 804
14.2333 802
14.25 800
14.2667 799
14.2833 797
14.3 795
14.3167 793
14.3333 792
14.35 790
14.3667 788
14.3833 786
14.4 785
14.4167 783
14.4333 781
14.45 779
14.4667 777
14.4833 775
14.5 773
14.5167 771
14.5333 769
14.55 767
14.5667 765
14.5833 763
14.6 761
14.6167 759
14.6333 757
14.65 755
14.6667 753
14.6833 751
14.7 749
14.7167 747
14.7333 744
14.75 742
14.7667 740
14.7833 738
14.8 736
14.8167 733
14.8333 731
14.85 729
14.8667 726
14.8833 724
14.9 722
14.9167 719
14.9333 717
14.95 714
14.9667 712
14.9833 710
15.0 708
15.0167 705
15.0333 703
15.05 700
15.0667 698
15.0833 695
15.1 693
15.1167 690
15.1333 688
15.15 685
15.1667 682
15.1833 680
15.2 677
15.2167 674
15.2333 672
15.25 669
15.2667 666
15.2833 664
15.3 661
15.3167 658
15.3333 655
15.35 652
15.3667 650
15.3833 647
15.4 644
15.4167 641
15.4333 638
15.45 635
15.4667 632
15.4833 629
15.5 627
15.5167 624
15.5333 621
15.55 618
15.5667 615
15.5833 612
15.6 609
15.6167 606
15.6333 602
15.65 599
15.6667 596
15.6833 593
15.7 590
15.7167 587
15.7333 584
15.75 581
15.7667 578
15.7833 574
15.8 571
15.8167 568
15.8333 565
15.85 562
15.8667 558
15.8833 555
15.9 552
15.9167 548
15.9333 545
15.95 542
15.9667 539
15.9833 535
16.0 532
16.0167 528
16.0333 525
16.05 522
16.0667 518
16.0833 515
16.1 512
16.1167 508
16.1333 505
16.15 501
16.1667 498
16.1833 494
16.2 491
16.2167 487
16.2333 484
16.25 480
16.2667 477
16.2833 473
16.3 470
16.3167 466
16.3333 463
16.35 459
16.3667 455
16.3833 452
16.4 448
16.4167 445
16.4333 441
16.45 437
16.4667 434
16.4833 430
16.5 427
16.5167 423
16.5333 419
16.55 416
16.5667 412
16.5833 408
16.6 404
16.6167 401
16.6333 397
16.65 393
16.6667 390
16.6833 386
16.7 382
16.7167 378
16.7333 375
16.75 371
16.7667 367
16.7833 363
16.8 360
16.8167 356
16.8333 352
16.85 348
16.8667 345
16.8833 341
16.9 337
16.9167 333
16.9333 329
16.95 326
16.9667 322
16.9833 318
