8.0 331
8.0167 335
8.0333 339
8.05 343
8.0667 347
8.0833 351
8.1 355
8.1167 359
8.1333 363
8.15 367
8.1667 371
8.1833 375
8.2 379
8.2167 383
8.2333 387
8.25 391
8.2667 395
8.2833 399
8.3 403
8.3167 407
8.3333 410
8.35 414
8.3667 418
8.3833 422
8.4 426
8.4167 430
8.4333 434
8.45 438
8.4667 442
8.4833 446
8.5 450
8.5167 453
8.5333 457
8.55 461
8.5667 465
8.5833 469
8.6 473
8.6167 477
8.6333 480
8.65 484
8.6667 488
8.6833 492
8.7 496
8.7167 500
8.7333 503
8.75 507
8.7667 511
8.7833 515
8.8 518
8.8167 522
8.8333 526
8.85 530
8.8667 533
8.8833 537
8.9 541
8.9167 545
8.9333 548
8.95 552
8.9667 556
8.9833 559
9.0 563
9.0167 567
9.0333 571
9.05 575
9.0667 578
9.0833 582
9.1 586
9.1167 589
9.1333 593
9.15 596
9.1667 600
9.1833 603
9.2 607
9.2167 610
9.2333 614
9.25 618
9.2667 621
9.2833 625
9.3 628
9.3167 631
9.3333 635
9.35 638
9.3667 642
9.3833 645
9.4 649
9.4167 652
9.4333 655
9.45 659
9.4667 662
9.4833 666
9.5 669
9.5167 672
9.5333 676
9.55 679
9.5667 682
9.5833 685
9.6 689
9.6167 692
9.6333 695
9.65 698
9.6667 702
9.6833 705
9.7 708
9.7167 711
9.7333 714
9.75 717
9.7667 721
9.7833 724
9.8 727
9.8167 730
9.8333 733
9.85 736
9.8667 739
9.8833 742
9.9 745
9.9167 748
9.9333 751
9.95 754
9.9667 757
9.9833 760
10.0 763
10.0167 766
10.0333 769
10.05 772
10.0667 775
10.0833 778
10.1 780
10.1167 783
10.1333 786
10.15 789
10.1667 792
10.1833 794
10.2 797
10.2167 800
10.2333 803
10.25 805
10.2667 808
10.2833 811
10.3 813
10.3167 816
10.3333 819
10.35 821
10.3667 824
10.3833 826
10.4 829
10.4167 832
10.4333 834
10.45 837
10.4667 839
10.4833 842
10.5 844
10.5167 847
10.5333 849
10.55 851
10.5667 854
10.5833 856
10.6 859
10.6167 861
10.6333 863
10.65 866
10.6667 868
10.6833 870
10.7 873
10.7167 875
10.7333 877
10.75 879
10.7667 881
10.7833 884
10.8 886
10.8167 888
10.8333 890
10.85 892
10.8667 894
10.8833 896
10.9 898
10.9167 900
10.9333 902
10.95 904
10.9667 906
10.9833 908
11.0 910
11.0167 912
11.0333 914
11.05 916
11.0667 918
11.0833 920
11.1 922
11.1167 924
11.1333 925
11.15 927
11.1667 929
11.1833 931
11.2 932
11.2167 934
11.2333 936
11.25 938
11.2667 939
11.2833 941
11.3 943
11.3167 944
11.3333 946
11.35 947
11.3667 949
11.3833 950
11.4 952
11.4167 953
11.4333 955
11.45 956
11.4667 958
11.4833 959
11.5 961
11.5167 962
11.5333 963
11.55 965
11.5667 966
11.5833 967
11.6 969
11.6167 970
11.6333 971
11.65 972
11.6667 974
11.6833 975
11.7 976
11.7167 977
11.7333 978
11.75 979
11.7667 980
11.7833 981
11.8 982
11.8167 983
11.8333 985
11.85 986
11.8667 986
11.8833 987
11.9 988
11.9167 989
11.9333 990
11.95 991
11.9667 992
11.9833 993
12.0 994
12.0167 994
12.0333 995
12.05 996
12.0667 997
12.0833 997
12.1 998
12.1167 999
12.1333 999
12.15 1000
12.1667 1001
12.1833 1001
12.2 1002
12.2167 1002
12.2333 1003
12.25 1003
12.2667 1004
12.2833 1004
12.3 1005
12.3167 1005
12.3333 1006
12.35 1006
12.3667 1006
12.3833 1007
12.4 1007
12.4167 1007
12.4333 1008
12.45 1008
12.4667 1008
12.4833 1009
12.5 1009
12.5167 1009
12.5333 1009
12.55 1009
12.5667 1009
12.5833 1010
12.6 1010
12.6167 1010
12.6333 1010
12.65 1010
12.6667 1010
12.6833 1010
12.7 1010
12.7167 1010
12.7333 1010
12.75 1010
12.7667 1009
12.7833 1009
12.8 1009
12.8167 1009
12.8333 1009
12.85 1009
12.8667 1008
12.8833 1008
12.9 1008
12.9167 1008
12.9333 1007
12.95 1007
12.9667 1007
12.9833 1006
13.0 1006
13.0167 1005
13.0333 1005
13.05 1004
13.0667 1004
13.0833 1004
13.1 1003
13.1167 1002
13.1333 1002
13.15 1001
13.1667 1001
13.1833 1000
13.2 999
13.2167 999
13.2333 998
13.25 997
13.2667 997
13.2833 996
13.3 995
13.3167 995
13.3333 994
13.35 993
13.3667 992
13.3833 991
13.4 990
13.4167 989
13.4333 989
13.45 988
13.4667 987
13.4833 986
13.5 985
13.5167 984
13.5333 983
13.55 982
13.5667 981
13.5833 980
13.6 978
13.6167 977
13.6333 976
13.65 975
13.6667 974
13.6833 973
13.7 971
13.7167 970
13.7333 969
13.75 968
13.7667 966
13.7833 965
13.8 964
13.8167 962
13.8333 961
13.85 959
13.8667 958
13.8833 957
13.9 955
13.9167 954
13.9333 952
13.95 951
13.9667 949
13.9833 948
14.0 946
14.0167 944
14.0333 943
14.05 941
14.0667 940
14.0833 938
14.1 936
14.1167 935
14.1333 933
14.15 931
14.1667 929
14.1833 928
14.2 926
14.2167 924
14.2333 922
14.25 920
14.2667 918
14.2833 917
14.3 915
14.3167 913
14.3333 911
14.35 909
14.3667 907
14.3833 905
14.4 903
14.4167 901
14.4333 899
14.45 897
14.4667 895
14.4833 893
14.5 891
14.5167 888
14.5333 886
14.55 884
14.5667 882
14.5833 880
14.6 878
14.6167 875
14.6333 873
14.65 871
14.6667 868
14.6833 866
14.7 864
14.7167 862
14.7333 859
14.75 857
14.7667 854
14.7833 852
14.8 850
14.8167 847
14.8333 845
14.85 842
14.8667 840
14.8833 837
14.9 835
14.9167 832
14.9333 830
14.95 827
14.9667 824
14.9833 822
15.0 820
15.0167 817
15.0333 814
15.05 812
15.0667 809
15.0833 806
15.1 803
15.1167 801
15.1333 798
15.15 795
15.1667 792
15.1833 790
15.2 787
15.2167 784
15.2333 781
15.25 778
15.2667 776
15.2833 773
15.3 770
15.3167 767
15.3333 764
15.35 761
15.3667 758
15.3833 755
15.4 752
15.4167 749
15.4333 746
15.45 743
15.4667 740
15.4833 737
15.5 734
15.5167 731
15.5333 728
15.55 725
15.5667 722
15.5833 718
15.6 715
15.6167 712
15.6333 709
15.65 706
15.6667 703
15.6833 699
15.7 696
15.7167 693
15.7333 690
15.75 686
15.7667 683
15.7833 680
15.8 677
15.8167 673
15.8333 670
15.85 667
15.8667 663
15.8833 660
15.9 656
15.9167 653
15.9333 650
15.95 646
15.9667 643
15.9833 639
16.0 636
16.0167 633
16.0333 629
16.05 626
16.0667 622
16.0833 619
16.1 615
16.1167 612
16.1333 608
16.15 604
16.1667 601
16.1833 597
16.2 594
16.2167 590
16.2333 587
16.25 583
16.2667 579
16.2833 576
16.3 572
16.3167 568
16.3333 565
16.35 561
16.3667 558
16.3833 554
16.4 550
16.4167 546
16.4333 543
16.45 539
16.4667 535
16.4833 532
16.5 528
16.5167 524
16.5333 520
16.55 517
16.5667 513
16.5833 509
16.6 505
16.6167 501
16.6333 498
16.65 494
16.6667 490
16.6833 486
16.7 482
16.7167 478
16.7333 475
16.75 471
16.7667 467
16.7833 463
16.8 459
16.8167 455
16.8333 451
16.85 448
16.8667 444
16.8833 440
16.9 436
16.9167 432
16.9333 428
16.95 424
16.9667 420
16.9833 416
