8.0 287
8.0167 291
8.0333 294
8.05 298
8.0667 302
8.0833 306
8.1 310
8.1167 314
8.1333 317
8.15 321
8.1667 325
8.1833 329
8.2 333
8.2167 337
8.2333 340
8.25 344
8.2667 348
8.2833 352
8.3 356
8.3167 360
8.3333 363
8.35 367
8.3667 371
8.3833 375
8.4 379
8.4167 383
8.4333 386
8.45 390
8.4667 394
8.4833 398
8.5 402
8.5167 405
8.5333 409
8.55 413
8.5667 417
8.5833 421
8.6 424
8.6167 428
8.6333 432
8.65 436
8.6667 439
8.6833 443
8.7 447
8.7167 451
8.7333 454
8.75 458
8.7667 462
8.7833 466
8.8 469
8.8167 473
8.8333 477
8.85 480
8.8667 484
8.8833 488
8.9 492
8.9167 495
8.9333 499
8.95 503
8.9667 506
8.9833 510
9.0 513
9.0167 518
9.0333 521
9.05 525
9.0667 529
9.0833 532
9.1 536
9.1167 539
9.1333 543
9.15 546
9.1667 550
9.1833 554
9.2 557
9.2167 561
9.2333 564
9.25 568
9.2667 571
9.2833 575
9.3 578
9.3167 581
9.3333 585
9.35 588
9.3667 592
9.3833 595
9.4 599
9.4167 602
9.4333 605
9.45 609
9.4667 612
9.4833 615
9.5 619
9.5167 622
9.5333 625
9.55 629
9.5667 632
9.5833 635
9.6 638
9.6167 642
9.6333 645
9.65 648
9.6667 651
9.6833 655
9.7 658
9.7167 661
9.7333 664
9.75 667
9.7667 670
9.7833 673
9.8 677
9.8167 680
9.8333 683
9.85 686
9.8667 689
9.8833 692
9.9 695
9.9167 698
9.9333 701
9.95 704
9.9667 707
9.9833 710
10.0 713
10.0167 716
10.0333 719
10.05 722
10.0667 725
10.0833 727
10.1 730
10.1167 733
10.1333 736
10.15 739
10.1667 742
10.1833 744
10.2 747
10.2167 750
10.2333 753
10.25 755
10.2667 758
10.2833 761
10.3 763
10.3167 766
10.3333 769
10.35 771
10.3667 774
10.3833 777
10.4 779
10.4167 782
10.4333 784
10.45 787
10.4667 789
10.4833 792
10.5 794
10.5167 797
10.5333 799
10.55 802
10.5667 804
10.5833 807
10.6 809
10.6167 811
10.6333 814
10.65 816
10.6667 818
10.6833 821
10.7 823
10.7167 825
10.7333 827
10.75 830
10.7667 832
10.7833 834
10.8 836
10.8167 839
10.8333 841
10.85 843
10.8667 845
10.8833 847
10.9 849
10.9167 851
10.9333 853
10.95 855
10.9667 857
10.9833 859
11.0 861
11.0167 863
11.0333 865
11.05 867
11.0667 869
11.0833 871
11.1 873
11.1167 875
11.1333 876
11.15 878
11.1667 880
11.1833 882
11.2 884
11.2167 885
11.2333 887
11.25 889
11.2667 890
11.2833 892
11.3 894
11.3167 895
11.3333 897
11.35 899
11.3667 900
11.3833 902
11.4 903
11.4167 905
11.4333 906
11.45 908
11.4667 909
11.4833 911
11.5 912
11.5167 914
11.5333 915
11.55 916
11.5667 918
11.5833 919
11.6 920
11.6167 922
11.6333 923
11.65 924
11.6667 925
11.6833 927
11.7 928
11.7167 929
11.7333 930
11.75 931
11.7667 932
11.7833 933
11.8 935
11.8167 936
11.8333 937
11.85 938
11.8667 939
11.8833 940
11.9 941
11.9167 942
11.9333 942
11.95 943
11.9667 944
11.9833 945
12.0 946
12.0167 947
12.0333 948
12.05 948
12.0667 949
12.0833 950
12.1 951
12.1167 951
12.1333 952
12.15 953
12.1667 953
12.1833 954
12.2 955
12.2167 955
12.2333 956
12.25 956
12.2667 957
12.2833 957
12.3 958
12.3167 958
12.3333 959
12.35 959
12.3667 959
12.3833 960
12.4 960
12.4167 961
12.4333 961
12.45 961
12.4667 961
12.4833 962
12.5 962
12.5167 962
12.5333 962
12.55 963
12.5667 963
12.5833 963
12.6 963
12.6167 963
12.6333 963
12.65 963
12.6667 963
12.6833 963
12.7 963
12.7167 963
12.7333 963
12.75 963
12.7667 963
12.7833 963
12.8 963
12.8167 963
12.8333 963
12.85 962
12.8667 962
12.8833 962
12.9 962
12.9167 961
12.9333 961
12.95 961
12.9667 961
12.9833 960
13.0 960
13.0167 959
13.0333 959
13.05 959
13.0667 958
13.0833 958
13.1 957
13.1167 957
13.1333 956
13.15 956
13.1667 955
13.1833 954
13.2 954
13.2167 953
13.2333 953
13.25 952
13.2667 951
13.2833 951
13.3 950
13.3167 949
13.3333 948
13.35 948
13.3667 947
13.3833 946
13.4 945
13.4167 944
13.4333 943
13.45 942
13.4667 941
13.4833 941
13.5 940
13.5167 939
13.5333 938
13.55 937
13.5667 936
13.5833 934
13.6 933
13.6167 932
13.6333 931
13.65 930
13.6667 929
13.6833 928
13.7 926
13.7167 925
13.7333 924
13.75 923
13.7667 922
13.7833 920
13.8 919
13.8167 918
13.8333 916
13.85 915
13.8667 913
13.8833 912
13.9 911
13.9167 909
13.9333 908
13.95 906
13.9667 905
13.9833 903
14.0 902
14.0167 900
14.0333 899
14.05 897
14.0667 895
14.0833 894
14.1 892
14.1167 890
14.1333 889
14.15 887
14.1667 885
14.1833 883
14.2 882
14.2167 880
14.2333 878
14.25 876
14.2667 874
14.2833 873
14.3 871
14.3167 869
14.3333 867
14.35 865
14.3667 863
14.3833 861
14.4 859
14.4167 857
14.4333 855
14.45 853
14.4667 851
14.4833 849
14.5 847
14.5167 845
14.5333 843
14.55 840
14.5667 838
14.5833 836
14.6 834
14.6167 832
14.6333 830
14.65 827
14.6667 825
14.6833 823
14.7 820
14.7167 818
14.7333 816
14.75 813
14.7667 811
14.7833 809
14.8 806
14.8167 804
14.8333 802
14.85 799
14.8667 797
14.8833 794
14.9 792
14.9167 789
14.9333 787
14.95 784
14.9667 782
14.9833 779
15.0 777
15.0167 774
15.0333 771
15.05 769
15.0667 766
15.0833 763
15.1 761
15.1167 758
15.1333 755
15.15 753
15.1667 750
15.1833 747
15.2 744
15.2167 742
15.2333 739
15.25 736
15.2667 733
15.2833 730
15.3 727
15.3167 725
15.3333 722
15.35 719
15.3667 716
15.3833 713
15.4 710
15.4167 707
15.4333 704
15.45 701
15.4667 698
15.4833 695
15.5 692
15.5167 689
15.5333 686
15.55 683
15.5667 680
15.5833 677
15.6 674
15.6167 670
15.6333 667
15.65 664
15.6667 661
15.6833 658
15.7 655
15.7167 651
15.7333 648
15.75 645
15.7667 642
15.7833 638
15.8 635
15.8167 632
15.8333 629
15.85 625
15.8667 622
15.8833 619
15.9 615
15.9167 612
15.9333 609
15.95 605
15.9667 602
15.9833 599
16.0 595
16.0167 592
16.0333 588
16.05 585
16.0667 581
16.0833 578
16.1 575
16.1167 571
16.1333 568
16.15 564
16.1667 561
16.1833 557
16.2 554
16.2167 550
16.2333 546
16.25 543
16.2667 539
16.2833 536
16.3 532
16.3167 529
16.3333 525
16.35 521
16.3667 518
16.3833 514
16.4 511
16.4167 507
16.4333 503
16.45 500
16.4667 496
16.4833 492
16.5 489
16.5167 485
16.5333 481
16.55 478
16.5667 474
16.5833 470
16.6 466
16.6167 463
16.6333 459
16.65 455
16.6667 451
16.6833 448
16.7 444
16.7167 440
16.7333 436
16.75 433
16.7667 429
16.7833 425
16.8 421
16.8167 418
16.8333 414
16.85 410
16.8667 406
16.8833 402
16.9 399
16.9167 395
16.9333 391
16.95 387
16.9667 383
16.9833 379
