8.0 369
8.0167 373
8.0333 377
8.05 381
8.0667 385
8.0833 389
8.1 393
8.1167 397
8.1333 401
8.15 405
8.1667 409
8.1833 413
8.2 417
8.2167 421
8.2333 425
8.25 429
8.2667 433
8.2833 437
8.3 441
8.3167 445
8.3333 448
8.35 452
8.3667 456
8.3833 460
8.4 464
8.4167 468
8.4333 472
8.45 476
8.4667 480
8.4833 484
8.5 487
8.5167 491
8.5333 495
8.55 499
8.5667 503
8.5833 507
8.6 511
8.6167 514
8.6333 518
8.65 522
8.6667 526
8.6833 530
8.7 533
8.7167 537
8.7333 541
8.75 545
8.7667 548
8.7833 552
8.8 556
8.8167 560
8.8333 563
8.85 567
8.8667 571
8.8833 574
8.9 578
8.9167 582
8.9333 585
8.95 589
8.9667 593
8.9833 596
9.0 600
9.0167 604
9.0333 608
9.05 611
9.0667 615
9.0833 618
9.1 622
9.1167 626
9.1333 629
9.15 633
9.1667 636
9.1833 640
9.2 643
9.2167 647
9.2333 650
9.25 654
9.2667 657
9.2833 660
9.3 664
9.3167 667
9.3333 671
9.35 674
9.3667 678
9.3833 681
9.4 684
9.4167 688
9.4333 691
9.45 694
9.4667 698
9.4833 701
9.5 704
9.5167 707
9.5333 711
9.55 714
9.5667 717
9.5833 720
9.6 724
9.6167 727
9.6333 730
9.65 733
9.6667 736
9.6833 740
9.7 743
9.7167 746
9.7333 749
9.75 752
9.7667 755
9.7833 758
9.8 761
9.8167 764
9.8333 767
9.85 770
9.8667 773
9.8833 776
9.9 779
9.9167 782
9.9333 785
9.95 788
9.9667 791
9.9833 794
10.0 797
10.0167 800
10.0333 802
10.05 805
10.0667 808
10.0833 811
10.1 814
10.1167 817
10.1333 819
10.15 822
10.1667 825
10.1833 827
10.2 830
10.2167 833
10.2333 836
10.25 838
10.2667 841
10.2833 843
10.3 846
10.3167 849
10.3333 851
10.35 854
10.3667 856
10.3833 859
10.4 861
10.4167 864
10.4333 866
10.45 869
10.4667 871
10.4833 874
10.5 876
10.5167 879
10.5333 881
10.55 883
10.5667 886
10.5833 888
10.6 890
10.6167 893
10.6333 895
10.65 897
10.6667 899
10.6833 902
10.7 904
10.7167 906
10.7333 908
10.75 910
10.7667 913
10.7833 915
10.8 917
10.8167 919
10.8333 921
10.85 923
10.8667 925
10.8833 927
10.9 929
10.9167 931
10.9333 933
10.95 935
10.9667 937
10.9833 939
11.0 941
11.0167 943
11.0333 945
11.05 946
11.0667 948
11.0833 950
11.1 952
11.1167 954
11.1333 955
11.15 957
11.1667 959
11.1833 961
11.2 962
11.2167 964
11.2333 966
11.25 967
11.2667 969
11.2833 970
11.3 972
11.3167 974
11.3333 975
11.35 977
11.3667 978
11.3833 980
11.4 981
11.4167 983
11.4333 984
11.45 985
11.4667 987
11.4833 988
11.5 990
11.5167 991
11.5333 992
11.55 993
11.5667 995
11.5833 996
11.6 997
11.6167 998
11.6333 1000
11.65 1001
11.6667 1002
11.6833 1003
11.7 1004
11.7167 1005
11.7333 1006
11.75 1008
11.7667 1009
11.7833 1010
11.8 1011
11.8167 1012
11.8333 1013
11.85 1014
11.8667 1014
11.8833 1015
11.9 1016
11.9167 1017
11.9333 1018
11.95 1019
11.9667 1020
11.9833 1020
12.0 1021
12.0167 1022
12.0333 1023
12.05 1023
12.0667 1024
12.0833 1025
12.1 1025
12.1167 1026
12.1333 1027
12.15 1027
12.1667 1028
12.1833 1028
12.2 1029
12.2167 1029
12.2333 1030
12.25 1030
12.2667 1031
12.2833 1031
12.3 1032
12.3167 1032
12.3333 1033
12.35 1033
12.3667 1033
12.3833 1034
12.4 1034
12.4167 1034
12.4333 1034
12.45 1035
12.4667 1035
12.4833 1035
12.5 1035
12.5167 1035
12.5333 1036
12.55 1036
12.5667 1036
12.5833 1036
12.6 1036
12.6167 1036
12.6333 1036
12.65 1036
12.6667 1036
12.6833 1036
12.7 1036
12.7167 1036
12.7333 1036
12.75 1036
12.7667 1035
12.7833 1035
12.8 1035
12.8167 1035
12.8333 1035
12.85 1034
12.8667 1034
12.8833 1034
12.9 1034
12.9167 1033
12.9333 1033
12.95 1033
12.9667 1032
12.9833 1032
13.0 1031
13.0167 1031
13.0333 1031
13.05 1030
13.0667 1030
13.0833 1029
13.1 1029
13.1167 1028
13.1333 1027
13.15 1027
13.1667 1026
13.1833 1026
13.2 1025
13.2167 1024
13.2333 1024
13.25 1023
13.2667 1022
13.2833 1021
13.3 1021
13.3167 1020
13.3333 1019
13.35 1018
13.3667 1017
13.3833 1016
13.4 1016
13.4167 1015
13.4333 1014
13.45 1013
13.4667 1012
13.4833 1011
13.5 1010
13.5167 1009
13.5333 1008
13.55 1007
13.5667 1006
13.5833 1004
13.6 1003
13.6167 1002
13.6333 1001
13.65 1000
13.6667 999
13.6833 997
13.7 996
13.7167 995
13.7333 994
13.75 992
13.7667 991
13.7833 990
13.8 988
13.8167 987
13.8333 986
13.85 984
13.8667 983
13.8833 981
13.9 980
13.9167 978
13.9333 977
13.95 975
13.9667 974
13.9833 972
14.0 971
14.0167 969
14.0333 968
14.05 966
14.0667 964
14.0833 963
14.1 961
14.1167 959
14.1333 958
14.15 956
14.1667 954
14.1833 952
14.2 950
14.2167 949
14.2333 947
14.25 945
14.2667 943
14.2833 941
14.3 939
14.3167 937
14.3333 936
14.35 934
14.3667 932
14.3833 930
14.4 928
14.4167 926
14.4333 924
14.45 921
14.4667 919
14.4833 917
14.5 915
14.5167 913
14.5333 911
14.55 909
14.5667 907
14.5833 904
14.6 902
14.6167 900
14.6333 898
14.65 895
14.6667 893
14.6833 891
14.7 888
14.7167 886
14.7333 884
14.75 881
14.7667 879
14.7833 877
14.8 874
14.8167 872
14.8333 869
14.85 867
14.8667 864
14.8833 862
14.9 859
14.9167 857
14.9333 854
14.95 852
14.9667 849
14.9833 847
15.0 844
15.0167 842
15.0333 839
15.05 836
15.0667 834
15.0833 831
15.1 828
15.1167 826
15.1333 823
15.15 820
15.1667 817
15.1833 815
15.2 812
15.2167 809
15.2333 806
15.25 803
15.2667 800
15.2833 798
15.3 795
15.3167 792
15.3333 789
15.35 786
15.3667 783
15.3833 780
15.4 777
15.4167 774
15.4333 771
15.45 768
15.4667 765
15.4833 762
15.5 759
15.5167 756
15.5333 753
15.55 750
15.5667 747
15.5833 744
15.6 740
15.6167 737
15.6333 734
15.65 731
15.6667 728
15.6833 725
15.7 721
15.7167 718
15.7333 715
15.75 712
15.7667 708
15.7833 705
15.8 702
15.8167 698
15.8333 695
15.85 692
15.8667 689
15.8833 685
15.9 682
15.9167 678
15.9333 675
15.95 672
15.9667 668
15.9833 665
16.0 661
16.0167 658
16.0333 655
16.05 651
16.0667 648
16.0833 644
16.1 641
16.1167 637
16.1333 634
16.15 630
16.1667 627
16.1833 623
16.2 619
16.2167 616
16.2333 612
16.25 609
16.2667 605
16.2833 601
16.3 598
16.3167 594
16.3333 591
16.35 587
16.3667 583
16.3833 580
16.4 576
16.4167 572
16.4333 569
16.45 565
16.4667 561
16.4833 557
16.5 554
16.5167 550
16.5333 546
16.55 542
16.5667 539
16.5833 535
16.6 531
16.6167 527
16.6333 524
16.65 520
16.6667 516
16.6833 512
16.7 508
16.7167 504
16.7333 501
16.75 497
16.7667 493
16.7833 489
16.8 485
16.8167 481
16.8333 477
16.85 474
16.8667 470
16.8833 466
16.9 462
16.9167 458
16.9333 454
16.95 450
16.9667 446
16.9833 442
