8.0 306
8.0167 310
8.0333 315
8.05 319
8.0667 323
8.0833 327
8.1 331
8.1167 335
8.1333 339
8.15 343
8.1667 347
8.1833 352
8.2 356
8.2167 360
8.2333 364
8.25 368
8.2667 372
8.2833 376
8.3 380
8.3167 384
8.3333 388
8.35 392
8.3667 397
8.3833 401
8.4 405
8.4167 409
8.4333 413
8.45 417
8.4667 421
8.4833 425
8.5 429
8.5167 433
8.5333 437
8.55 441
8.5667 445
8.5833 449
8.6 453
8.6167 457
8.6333 461
8.65 465
8.6667 469
8.6833 473
8.7 477
8.7167 481
8.7333 485
8.75 489
8.7667 493
8.7833 497
8.8 501
8.8167 504
8.8333 508
8.85 512
8.8667 516
8.8833 520
8.9 524
8.9167 528
8.9333 532
8.95 535
8.9667 539
8.9833 543
9.0 547
9.0167 552
9.0333 555
9.05 559
9.0667 563
9.0833 567
9.1 570
9.1167 574
9.1333 578
9.15 582
9.1667 585
9.1833 589
9.2 593
9.2167 596
9.2333 600
9.25 604
9.2667 607
9.2833 611
9.3 615
9.3167 618
9.3333 622
9.35 625
9.3667 629
9.3833 633
9.4 636
9.4167 640
9.4333 643
9.45 647
9.4667 650
9.4833 654
9.5 657
9.5167 661
9.5333 664
9.55 668
9.5667 671
9.5833 674
9.6 678
9.6167 681
9.6333 685
9.65 688
9.6667 691
9.6833 695
9.7 698
9.7167 701
9.7333 705
9.75 708
9.7667 711
9.7833 714
9.8 718
9.8167 721
9.8333 724
9.85 727
9.8667 731
9.8833 734
9.9 737
9.9167 740
9.9333 743
9.95 746
9.9667 749
9.9833 752
10.0 755
10.0167 759
10.0333 762
10.05 765
10.0667 768
10.0833 771
10.1 774
10.1167 777
10.1333 780
10.15 782
10.1667 785
10.1833 788
10.2 791
10.2167 794
10.2333 797
10.25 800
10.2667 803
10.2833 805
10.3 808
10.3167 811
10.3333 814
10.35 816
10.3667 819
10.3833 822
10.4 825
10.4167 827
10.4333 830
10.45 833
10.4667 835
10.4833 838
10.5 840
10.5167 843
10.5333 846
10.55 848
10.5667 851
10.5833 853
10.6 856
10.6167 858
10.6333 861
10.65 863
10.6667 865
10.6833 868
10.7 870
10.7167 873
10.7333 875
10.75 877
10.7667 880
10.7833 882
10.8 884
10.8167 887
10.8333 889
10.85 891
10.8667 893
10.8833 895
10.9 898
10.9167 900
10.9333 902
10.95 904
10.9667 906
10.9833 908
11.0 910
11.0167 912
11.0333 914
11.05 916
11.0667 918
11.0833 920
11.1 922
11.1167 924
11.1333 926
11.15 928
11.1667 930
11.1833 932
11.2 934
11.2167 936
11.2333 937
11.25 939
11.2667 941
11.2833 943
11.3 944
11.3167 946
11.3333 948
11.35 949
11.3667 951
11.3833 953
11.4 954
11.4167 956
11.4333 958
11.45 959
11.4667 961
11.4833 962
11.5 964
11.5167 965
11.5333 967
11.55 968
11.5667 970
11.5833 971
11.6 972
11.6167 974
11.6333 975
11.65 976
11.6667 978
11.6833 979
11.7 980
11.7167 981
11.7333 983
11.75 984
11.7667 985
11.7833 986
11.8 987
11.8167 989
11.8333 990
11.85 991
11.8667 992
11.8833 993
11.9 994
11.9167 995
11.9333 996
11.95 997
11.9667 998
11.9833 999
12.0 1000
12.0167 1000
12.0333 1001
12.05 1002
12.0667 1003
12.0833 1004
12.1 1005
12.1167 1005
12.1333 1006
12.15 1007
12.1667 1008
12.1833 1008
12.2 1009
12.2167 1010
12.2333 1010
12.25 1011
12.2667 1011
12.2833 1012
12.3 1012
12.3167 1013
12.3333 1013
12.35 1014
12.3667 1014
12.3833 1015
12.4 1015
12.4167 1016
12.4333 1016
12.45 1016
12.4667 1017
12.4833 1017
12.5 1017
12.5167 1018
12.5333 1018
12.55 1018
12.5667 1018
12.5833 1018
12.6 1019
12.6167 1019
12.6333 1019
12.65 1019
12.6667 1019
12.6833 1019
12.7 1019
12.7167 1019
12.7333 1019
12.75 1019
12.7667 1019
12.7833 1019
12.8 1019
12.8167 1019
12.8333 1019
12.85 1019
12.8667 1018
12.8833 1018
12.9 1018
12.9167 1018
12.9333 1018
12.95 1017
12.9667 1017
12.9833 1017
13.0 1016
13.0167 1016
13.0333 1016
13.05 1015
13.0667 1015
13.0833 1014
13.1 1014
13.1167 1013
13.1333 1013
13.15 1012
13.1667 1012
13.1833 1011
13.2 1011
13.2167 1010
13.2333 1010
13.25 1009
13.2667 1008
13.2833 1008
13.3 1007
13.3167 1006
13.3333 1005
13.35 1005
13.3667 1004
13.3833 1003
13.4 1002
13.4167 1001
13.4333 1001
13.45 1000
13.4667 999
13.4833 998
13.5 997
13.5167 996
13.5333 995
13.55 994
13.5667 993
13.5833 992
13.6 991
13.6167 990
13.6333 989
13.65 988
13.6667 986
13.6833 985
13.7 984
13.7167 983
13.7333 982
13.75 980
13.7667 979
13.7833 978
13.8 977
13.8167 975
13.8333 974
13.85 972
13.8667 971
13.8833 970
13.9 968
13.9167 967
13.9333 965
13.95 964
13.9667 962
13.9833 961
14.0 959
14.0167 958
14.0333 956
14.05 955
14.0667 953
14.0833 951
14.1 950
14.1167 948
14.1333 946
14.15 945
14.1667 943
14.1833 941
14.2 939
14.2167 938
14.2333 936
14.25 934
14.2667 932
14.2833 930
14.3 928
14.3167 926
14.3333 925
14.35 923
14.3667 921
14.3833 919
14.4 917
14.4167 915
14.4333 913
14.45 911
14.4667 908
14.4833 906
14.5 904
14.5167 902
14.5333 900
14.55 898
14.5667 896
14.5833 893
14.6 891
14.6167 889
14.6333 887
14.65 885
14.6667 882
14.6833 880
14.7 878
14.7167 875
14.7333 873
14.75 871
14.7667 868
14.7833 866
14.8 863
14.8167 861
14.8333 858
14.85 856
14.8667 853
14.8833 851
14.9 848
14.9167 846
14.9333 843
14.95 841
14.9667 838
14.9833 836
15.0 833
15.0167 831
15.0333 828
15.05 825
15.0667 823
15.0833 820
15.1 817
15.1167 814
15.1333 812
15.15 809
15.1667 806
15.1833 803
15.2 800
15.2167 798
15.2333 795
15.25 792
15.2667 789
15.2833 786
15.3 783
15.3167 780
15.3333 777
15.35 774
15.3667 771
15.3833 768
15.4 765
15.4167 762
15.4333 759
15.45 756
15.4667 753
15.4833 750
15.5 747
15.5167 744
15.5333 741
15.55 738
15.5667 734
15.5833 731
15.6 728
15.6167 725
15.6333 722
15.65 718
15.6667 715
15.6833 712
15.7 709
15.7167 705
15.7333 702
15.75 699
15.7667 695
15.7833 692
15.8 689
15.8167 685
15.8333 682
15.85 679
15.8667 675
15.8833 672
15.9 668
15.9167 665
15.9333 661
15.95 658
15.9667 655
15.9833 651
16.0 648
16.0167 644
16.0333 641
16.05 637
16.0667 633
16.0833 630
16.1 626
16.1167 623
16.1333 619
16.15 615
16.1667 612
16.1833 608
16.2 605
16.2167 601
16.2333 597
16.25 594
16.2667 590
16.2833 586
16.3 582
16.3167 579
16.3333 575
16.35 571
16.3667 568
16.3833 564
16.4 560
16.4167 556
16.4333 552
16.45 549
16.4667 545
16.4833 541
16.5 537
16.5167 533
16.5333 530
16.55 526
16.5667 522
16.5833 518
16.6 514
16.6167 510
16.6333 506
16.65 502
16.6667 498
16.6833 495
16.7 491
16.7167 487
16.7333 483
16.75 479
16.7667 475
16.7833 471
16.8 467
16.8167 463
16.8333 459
16.85 455
16.8667 451
16.8833 447
16.9 443
16.9167 439
16.9333 435
16.95 431
16.9667 427
16.9833 423
