8.0 380
8.0167 384
8.0333 388
8.05 392
8.0667 395
8.0833 399
8.1 403
8.1167 406
8.1333 410
8.15 414
8.1667 418
8.1833 421
8.2 425
8.2167 429
8.2333 432
8.25 436
8.2667 440
8.2833 444
8.3 447
8.3167 451
8.3333 455
8.35 458
8.3667 462
8.3833 466
8.4 469
8.4167 473
8.4333 477
8.45 480
8.4667 484
8.4833 488
8.5 491
8.5167 495
8.5333 498
8.55 502
8.5667 506
8.5833 509
8.6 513
8.6167 516
8.6333 520
8.65 524
8.6667 527
8.6833 531
8.7 534
8.7167 538
8.7333 541
8.75 545
8.7667 548
8.7833 552
8.8 555
8.8167 559
8.8333 562
8.85 566
8.8667 569
8.8833 573
8.9 576
8.9167 580
8.9333 583
8.95 587
8.9667 590
8.9833 593
9.0 597
9.0167 600
9.0333 604
9.05 607
9.0667 610
9.0833 614
9.1 617
9.1167 621
9.1333 624
9.15 627
9.1667 631
9.1833 634
9.2 637
9.2167 640
9.2333 644
9.25 647
9.2667 650
9.2833 653
9.3 657
9.3167 660
9.3333 663
9.35 666
9.3667 669
9.3833 673
9.4 676
9.4167 679
9.4333 682
9.45 685
9.4667 688
9.4833 692
9.5 695
9.5167 698
9.5333 701
9.55 704
9.5667 707
9.5833 710
9.6 713
9.6167 716
9.6333 719
9.65 722
9.6667 725
9.6833 728
9.7 731
9.7167 734
9.7333 737
9.75 740
9.7667 743
9.7833 745
9.8 748
9.8167 751
9.8333 754
9.85 757
9.8667 760
9.8833 763
9.9 765
9.9167 768
9.9333 771
9.95 774
9.9667 776
9.9833 779
10.0 782
10.0167 785
10.0333 787
10.05 790
10.0667 793
10.0833 795
10.1 798
10.1167 801
10.1333 803
10.15 806
10.1667 808
10.1833 811
10.2 813
10.2167 816
10.2333 819
10.25 821
10.2667 824
10.2833 826
10.3 828
10.3167 831
10.3333 833
10.35 836
10.3667 838
10.3833 841
10.4 843
10.4167 845
10.4333 848
10.45 850
10.4667 852
10.4833 855
10.5 857
10.5167 859
10.5333 861
10.55 864
10.5667 866
10.5833 868
10.6 870
10.6167 872
10.6333 875
10.65 877
10.6667 879
10.6833 881
10.7 883
10.7167 885
10.7333 887
10.75 889
10.7667 891
10.7833 893
10.8 895
10.8167 897
10.8333 899
10.85 901
10.8667 903
10.8833 905
10.9 907
10.9167 909
10.9333 911
10.95 913
10.9667 914
10.9833 916
11.0 918
11.0167 920
11.0333 922
11.05 923
11.0667 925
11.0833 927
11.1 929
11.1167 930
11.1333 932
11.15 934
11.1667 935
11.1833 937
11.2 938
11.2167 940
11.2333 941
11.25 943
11.2667 945
11.2833 946
11.3 948
11.3167 949
11.3333 951
11.35 952
11.3667 953
11.3833 955
11.4 956
11.4167 958
11.4333 959
11.45 960
11.4667 962
11.4833 963
11.5 964
11.5167 965
11.5333 967
11.55 968
11.5667 969
11.5833 970
11.6 971
11.6167 973
11.6333 974
11.65 975
11.6667 976
11.6833 977
11.7 978
11.7167 979
11.7333 980
11.75 981
11.7667 982
11.7833 983
11.8 984
11.8167 985
11.8333 986
11.85 987
11.8667 988
11.8833 989
11.9 989
11.9167 990
11.9333 991
11.95 992
11.9667 993
11.9833 993
12.0 994
12.0167 995
12.0333 996
12.05 996
12.0667 997
12.0833 998
12.1 998
12.1167 999
12.1333 999
12.15 1000
12.1667 1000
12.1833 1001
12.2 1002
12.2167 1002
12.2333 1003
12.25 1003
12.2667 1003
12.2833 1004
12.3 1004
12.3167 1005
12.3333 1005
12.35 1005
12.3667 1006
12.3833 1006
12.4 1006
12.4167 1007
12.4333 1007
12.45 1007
12.4667 1007
12.4833 1007
12.5 1008
12.5167 1008
12.5333 1008
12.55 1008
12.5667 1008
12.5833 1008
12.6 1008
12.6167 1008
12.6333 1008
12.65 1008
12.6667 1008
12.6833 1008
12.7 1008
12.7167 1008
12.7333 1008
12.75 1008
12.7667 1008
12.7833 1008
12.8 1007
12.8167 1007
12.8333 1007
12.85 1007
12.8667 1007
12.8833 1006
12.9 1006
12.9167 1006
12.9333 1005
12.95 1005
12.9667 1005
12.9833 1004
13.0 1004
13.0167 1004
13.0333 1003
13.05 1003
13.0667 1002
13.0833 1002
13.1 1001
13.1167 1001
13.1333 1000
13.15 1000
13.1667 999
13.1833 998
13.2 998
13.2167 997
13.2333 997
13.25 996
13.2667 995
13.2833 994
13.3 994
13.3167 993
13.3333 992
13.35 991
13.3667 991
13.3833 990
13.4 989
13.4167 988
13.4333 987
13.45 986
13.4667 985
13.4833 985
13.5 984
13.5167 983
13.5333 982
13.55 981
13.5667 980
13.5833 979
13.6 977
13.6167 976
13.6333 975
13.65 974
13.6667 973
13.6833 972
13.7 971
13.7167 970
13.7333 968
13.75 967
13.7667 966
13.7833 965
13.8 963
13.8167 962
13.8333 961
13.85 959
13.8667 958
13.8833 957
13.9 955
13.9167 954
13.9333 953
13.95 951
13.9667 950
13.9833 948
14.0 947
14.0167 945
14.0333 944
14.05 942
14.0667 941
14.0833 939
14.1 937
14.1167 936
14.1333 934
14.15 933
14.1667 931
14.1833 929
14.2 928
14.2167 926
14.2333 924
14.25 922
14.2667 921
14.2833 919
14.3 917
14.3167 915
14.3333 913
14.35 912
14.3667 910
14.3833 908
14.4 906
14.4167 904
14.4333 902
14.45 900
14.4667 898
14.4833 896
14.5 894
14.5167 892
14.5333 890
14.55 888
14.5667 886
14.5833 884
14.6 882
14.6167 880
14.6333 878
14.65 876
14.6667 873
14.6833 871
14.7 869
14.7167 867
14.7333 865
14.75 862
14.7667 860
14.7833 858
14.8 856
14.8167 853
14.8333 851
14.85 849
14.8667 846
14.8833 844
14.9 842
14.9167 839
14.9333 837
14.95 834
14.9667 832
14.9833 830
15.0 827
15.0167 825
15.0333 822
15.05 820
15.0667 817
15.0833 815
15.1 812
15.1167 810
15.1333 807
15.15 804
15.1667 802
15.1833 799
15.2 797
15.2167 794
15.2333 791
15.25 789
15.2667 786
15.2833 783
15.3 780
15.3167 778
15.3333 775
15.35 772
15.3667 769
15.3833 767
15.4 764
15.4167 761
15.4333 758
15.45 755
15.4667 753
15.4833 750
15.5 747
15.5167 744
15.5333 741
15.55 738
15.5667 735
15.5833 732
15.6 729
15.6167 726
15.6333 723
15.65 720
15.6667 717
15.6833 714
15.7 711
15.7167 708
15.7333 705
15.75 702
15.7667 699
15.7833 696
15.8 693
15.8167 690
15.8333 687
15.85 684
15.8667 680
15.8833 677
15.9 674
15.9167 671
15.9333 668
15.95 665
15.9667 661
15.9833 658
16.0 655
16.0167 652
16.0333 648
16.05 645
16.0667 642
16.0833 639
16.1 635
16.1167 632
16.1333 629
16.15 625
16.1667 622
16.1833 619
16.2 615
16.2167 612
16.2333 609
16.25 605
16.2667 602
16.2833 599
16.3 595
16.3167 592
16.3333 588
16.35 585
16.3667 581
16.3833 578
16.4 575
16.4167 571
16.4333 568
16.45 564
16.4667 561
16.4833 557
16.5 554
16.5167 550
16.5333 547
16.55 543
16.5667 540
16.5833 536
16.6 532
16.6167 529
16.6333 525
16.65 522
16.6667 518
16.6833 515
16.7 511
16.7167 507
16.7333 504
16.75 500
16.7667 497
16.7833 493
16.8 489
16.8167 486
16.8333 482
16.85 478
16.8667 475
16.8833 471
16.9 467
16.9167 464
16.9333 460
16.95 456
16.9667 453
16.9833 449
