8.0 384
8.0167 388
8.0333 392
8.05 396
8.0667 400
8.0833 404
8.1 408
8.1167 412
8.1333 416
8.15 420
8.1667 424
8.1833 428
8.2 432
8.2167 435
8.2333 439
8.25 443
8.2667 447
8.2833 451
8.3 455
8.3167 459
8.3333 463
8.35 467
8.3667 470
8.3833 474
8.4 478
8.4167 482
8.4333 486
8.45 490
8.4667 493
8.4833 497
8.5 501
8.5167 505
8.5333 509
8.55 512
8.5667 516
8.5833 520
8.6 524
8.6167 528
8.6333 531
8.65 535
8.6667 539
8.6833 542
8.7 546
8.7167 550
8.7333 554
8.75 557
8.7667 561
8.7833 565
8.8 568
8.8167 572
8.8333 576
8.85 579
8.8667 583
8.8833 587
8.9 590
8.9167 594
8.9333 597
8.95 601
8.9667 605
8.9833 608
9.0 612
9.0167 616
9.0333 619
9.05 623
9.0667 626
9.0833 630
9.1 633
9.1167 637
9.1333 640
9.15 644
9.1667 647
9.1833 651
9.2 654
9.2167 658
9.2333 661
9.25 664
9.2667 668
9.2833 671
9.3 674
9.3167 678
9.3333 681
9.35 685
9.3667 688
9.3833 691
9.4 694
9.4167 698
9.4333 701
9.45 704
9.4667 708
9.4833 711
9.5 714
9.5167 717
9.5333 720
9.55 724
9.5667 727
9.5833 730
9.6 733
9.6167 736
9.6333 739
9.65 743
9.6667 746
9.6833 749
9.7 752
9.7167 755
9.7333 758
9.75 761
9.7667 764
9.7833 767
9.8 770
9.8167 773
9.8333 776
9.85 779
9.8667 782
9.8833 785
9.9 788
9.9167 791
9.9333 794
9.95 796
9.9667 799
9.9833 802
10.0 805
10.0167 808
10.0333 811
10.05 813
10.0667 816
10.0833 819
10.1 822
10.1167 824
10.1333 827
10.15 830
10.1667 832
10.1833 835
10.2 838
10.2167 840
10.2333 843
10.25 846
10.2667 848
10.2833 851
10.3 853
10.3167 856
10.3333 858
10.35 861
10.3667 863
10.3833 866
10.4 868
10.4167 871
10.4333 873
10.45 876
10.4667 878
10.4833 880
10.5 883
10.5167 885
10.5333 888
10.55 890
10.5667 892
10.5833 894
10.6 897
10.6167 899
10.6333 901
10.65 903
10.6667 906
10.6833 908
10.7 910
10.7167 912
10.7333 914
10.75 916
10.7667 918
10.7833 921
10.8 923
10.8167 925
10.8333 927
10.85 929
10.8667 931
10.8833 933
10.9 935
10.9167 937
10.9333 939
10.95 941
10.9667 942
10.9833 944
11.0 946
11.0167 948
11.0333 950
11.05 952
11.0667 953
11.0833 955
11.1 957
11.1167 959
11.1333 960
11.15 962
11.1667 964
11.1833 965
11.2 967
11.2167 969
11.2333 970
11.25 972
11.2667 974
11.2833 975
11.3 977
11.3167 978
11.3333 980
11.35 981
11.3667 983
11.3833 984
11.4 985
11.4167 987
11.4333 988
11.45 990
11.4667 991
11.4833 992
11.5 994
11.5167 995
11.5333 996
11.55 997
11.5667 999
11.5833 1000
11.6 1001
11.6167 1002
11.6333 1004
11.65 1005
11.6667 1006
11.6833 1007
11.7 1008
11.7167 1009
11.7333 1010
11.75 1011
11.7667 1012
11.7833 1013
11.8 1014
11.8167 1015
11.8333 1016
11.85 1017
11.8667 1018
11.8833 1019
11.9 1020
11.9167 1020
11.9333 1021
11.95 1022
11.9667 1023
11.9833 1024
12.0 1024
12.0167 1025
12.0333 1026
12.05 1027
12.0667 1027
12.0833 1028
12.1 1029
12.1167 1029
12.1333 1030
12.15 1030
12.1667 1031
12.1833 1031
12.2 1032
12.2167 1032
12.2333 1033
12.25 1033
12.2667 1034
12.2833 1034
12.3 1035
12.3167 1035
12.3333 1035
12.35 1036
12.3667 1036
12.3833 1036
12.4 1037
12.4167 1037
12.4333 1037
12.45 1037
12.4667 1038
12.4833 1038
12.5 1038
12.5167 1038
12.5333 1038
12.55 1038
12.5667 1038
12.5833 1038
12.6 1038
12.6167 1038
12.6333 1038
12.65 1038
12.6667 1038
12.6833 1038
12.7 1038
12.7167 1038
12.7333 1038
12.75 1038
12.7667 1038
12.7833 1038
12.8 1037
12.8167 1037
12.8333 1037
12.85 1037
12.8667 1036
12.8833 1036
12.9 1036
12.9167 1036
12.9333 1035
12.95 1035
12.9667 1034
12.9833 1034
13.0 1034
13.0167 1033
13.0333 1033
13.05 1032
13.0667 1032
13.0833 1031
13.1 1031
13.1167 1030
13.1333 1030
13.15 1029
13.1667 1028
13.1833 1028
13.2 1027
13.2167 1026
13.2333 1026
13.25 1025
13.2667 1024
13.2833 1023
13.3 1023
13.3167 1022
13.3333 1021
13.35 1020
13.3667 1019
13.3833 1019
13.4 1018
13.4167 1017
13.4333 1016
13.45 1015
13.4667 1014
13.4833 1013
13.5 1012
13.5167 1011
13.5333 1010
13.55 1009
13.5667 1008
13.5833 1007
13.6 1005
13.6167 1004
13.6333 1003
13.65 1002
13.6667 1001
13.6833 1000
13.7 998
13.7167 997
13.7333 996
13.75 995
13.7667 993
13.7833 992
13.8 991
13.8167 989
13.8333 988
13.85 986
13.8667 985
13.8833 984
13.9 982
13.9167 981
13.9333 979
13.95 978
13.9667 976
13.9833 975
14.0 973
14.0167 971
14.0333 970
14.05 968
14.0667 967
14.0833 965
14.1 963
14.1167 962
14.1333 960
14.15 958
14.1667 956
14.1833 955
14.2 953
14.2167 951
14.2333 949
14.25 947
14.2667 946
14.2833 944
14.3 942
14.3167 940
14.3333 938
14.35 936
14.3667 934
14.3833 932
14.4 930
14.4167 928
14.4333 926
14.45 924
14.4667 922
14.4833 920
14.5 918
14.5167 916
14.5333 914
14.55 912
14.5667 909
14.5833 907
14.6 905
14.6167 903
14.6333 901
14.65 898
14.6667 896
14.6833 894
14.7 891
14.7167 889
14.7333 887
14.75 884
14.7667 882
14.7833 880
14.8 877
14.8167 875
14.8333 873
14.85 870
14.8667 868
14.8833 865
14.9 863
14.9167 860
14.9333 858
14.95 855
14.9667 853
14.9833 850
15.0 848
15.0167 845
15.0333 842
15.05 840
15.0667 837
15.0833 834
15.1 832
15.1167 829
15.1333 826
15.15 824
15.1667 821
15.1833 818
15.2 815
15.2167 813
15.2333 810
15.25 807
15.2667 804
15.2833 801
15.3 799
15.3167 796
15.3333 793
15.35 790
15.3667 787
15.3833 784
15.4 781
15.4167 778
15.4333 775
15.45 772
15.4667 769
15.4833 766
15.5 763
15.5167 760
15.5333 757
15.55 754
15.5667 751
15.5833 748
15.6 745
15.6167 742
15.6333 739
15.65 736
15.6667 732
15.6833 729
15.7 726
15.7167 723
15.7333 720
15.75 717
15.7667 713
15.7833 710
15.8 707
15.8167 704
15.8333 700
15.85 697
15.8667 694
15.8833 690
15.9 687
15.9167 684
15.9333 680
15.95 677
15.9667 674
15.9833 670
16.0 667
16.0167 664
16.0333 660
16.05 657
16.0667 653
16.0833 650
16.1 646
16.1167 643
16.1333 639
16.15 636
16.1667 632
16.1833 629
16.2 625
16.2167 622
16.2333 618
16.25 615
16.2667 611
16.2833 608
16.3 604
16.3167 601
16.3333 597
16.35 593
16.3667 590
16.3833 586
16.4 583
16.4167 579
16.4333 575
16.45 572
16.4667 568
16.4833 564
16.5 561
16.5167 557
16.5333 553
16.55 549
16.5667 546
16.5833 542
16.6 538
16.6167 535
16.6333 531
16.65 527
16.6667 523
16.6833 520
16.7 516
16.7167 512
16.7333 508
16.75 504
16.7667 501
16.7833 497
16.8 493
16.8167 489
16.8333 485
16.85 481
16.8667 478
16.8833 474
16.9 470
16.9167 466
16.9333 462
16.95 458
16.9667 454
16.9833 451
