8.0 371
8.0167 375
8.0333 379
8.05 383
8.0667 387
8.0833 390
8.1 394
8.1167 398
8.1333 402
8.15 406
8.1667 410
8.1833 414
8.2 418
8.2167 422
8.2333 426
8.25 429
8.2667 433
8.2833 437
8.3 441
8.3167 445
8.3333 449
8.35 453
8.3667 457
8.3833 460
8.4 464
8.4167 468
8.4333 472
8.45 476
8.4667 480
8.4833 483
8.5 487
8.5167 491
8.5333 495
8.55 499
8.5667 502
8.5833 506
8.6 510
8.6167 514
8.6333 517
8.65 521
8.6667 525
8.6833 529
8.7 532
8.7167 536
8.7333 540
8.75 544
8.7667 547
8.7833 551
8.8 555
8.8167 558
8.8333 562
8.85 566
8.8667 569
8.8833 573
8.9 576
8.9167 580
8.9333 584
8.95 587
8.9667 591
8.9833 594
9.0 598
9.0167 602
9.0333 606
9.05 609
9.0667 613
9.0833 616
9.1 620
9.1167 623
9.1333 627
9.15 630
9.1667 634
9.1833 637
9.2 641
9.2167 644
9.2333 647
9.25 651
9.2667 654
9.2833 658
9.3 661
9.3167 664
9.3333 668
9.35 671
9.3667 674
9.3833 678
9.4 681
9.4167 684
9.4333 688
9.45 691
9.4667 694
9.4833 697
9.5 701
9.5167 704
9.5333 707
9.55 710
9.5667 714
9.5833 717
9.6 720
9.6167 723
9.6333 726
9.65 729
9.6667 732
9.6833 736
9.7 739
9.7167 742
9.7333 745
9.75 748
9.7667 751
9.7833 754
9.8 757
9.8167 760
9.8333 763
9.85 766
9.8667 769
9.8833 772
9.9 775
9.9167 778
9.9333 780
9.95 783
9.9667 786
9.9833 789
10.0 792
10.0167 795
10.0333 798
10.05 800
10.0667 803
10.0833 806
10.1 809
10.1167 811
10.1333 814
10.15 817
10.1667 820
10.1833 822
10.2 825
10.2167 828
10.2333 830
10.25 833
10.2667 835
10.2833 838
10.3 841
10.3167 843
10.3333 846
10.35 848
10.3667 851
10.3833 853
10.4 856
10.4167 858
10.4333 861
10.45 863
10.4667 865
10.4833 868
10.5 870
10.5167 873
10.5333 875
10.55 877
10.5667 880
10.5833 882
10.6 884
10.6167 886
10.6333 889
10.65 891
10.6667 893
10.6833 895
10.7 897
10.7167 900
10.7333 902
10.75 904
10.7667 906
10.7833 908
10.8 910
10.8167 912
10.8333 914
10.85 916
10.8667 918
10.8833 920
10.9 922
10.9167 924
10.9333 926
10.95 928
10.9667 930
10.9833 932
11.0 934
11.0167 936
11.0333 938
11.05 939
11.0667 941
11.0833 943
11.1 945
11.1167 946
11.1333 948
11.15 950
11.1667 952
11.1833 953
11.2 955
11.2167 957
11.2333 958
11.25 960
11.2667 961
11.2833 963
11.3 965
11.3167 966
11.3333 968
11.35 969
11.3667 971
11.3833 972
11.4 973
11.4167 975
11.4333 976
11.45 978
11.4667 979
11.4833 980
11.5 982
11.5167 983
11.5333 984
11.55 986
11.5667 987
11.5833 988
11.6 989
11.6167 990
11.6333 992
11.65 993
11.6667 994
11.6833 995
11.7 996
11.7167 997
11.7333 998
11.75 999
11.7667 1000
11.7833 1001
11.8 1002
11.8167 1003
11.8333 1004
11.85 1005
11.8667 1006
11.8833 1007
11.9 1008
11.9167 1009
11.9333 1010
11.95 1010
11.9667 1011
11.9833 1012
12.0 1013
12.0167 1013
12.0333 1014
12.05 1015
12.0667 1016
12.0833 1016
12.1 1017
12.1167 1017
12.1333 1018
12.15 1019
12.1667 1019
12.1833 1020
12.2 1020
12.2167 1021
12.2333 1021
12.25 1022
12.2667 1022
12.2833 1023
12.3 1023
12.3167 1023
12.3333 1024
12.35 1024
12.3667 1024
12.3833 1025
12.4 1025
12.4167 1025
12.4333 1026
12.45 1026
12.4667 1026
12.4833 1026
12.5 1026
12.5167 1026
12.5333 1027
12.55 1027
12.5667 1027
12.5833 1027
12.6 1027
12.6167 1027
12.6333 1027
12.65 1027
12.6667 1027
12.6833 1027
12.7 1027
12.7167 1027
12.7333 1027
12.75 1027
12.7667 1026
12.7833 1026
12.8 1026
12.8167 1026
12.8333 1026
12.85 1025
12.8667 1025
12.8833 1025
12.9 1024
12.9167 1024
12.9333 1024
12.95 1023
12.9667 1023
12.9833 1023
13.0 1022
13.0167 1022
13.0333 1021
13.05 1021
13.0667 1020
13.0833 1020
13.1 1019
13.1167 1019
13.1333 1018
13.15 1018
13.1667 1017
13.1833 1016
13.2 1016
13.2167 1015
13.2333 1014
13.25 1014
13.2667 1013
13.2833 1012
13.3 1011
13.3167 1010
13.3333 1010
13.35 1009
13.3667 1008
13.3833 1007
13.4 1006
13.4167 1005
13.4333 1004
13.45 1003
13.4667 1002
13.4833 1002
13.5 1001
13.5167 999
13.5333 998
13.55 997
13.5667 996
13.5833 995
13.6 994
13.6167 993
13.6333 992
13.65 991
13.6667 989
13.6833 988
13.7 987
13.7167 986
13.7333 984
13.75 983
13.7667 982
13.7833 981
13.8 979
13.8167 978
13.8333 976
13.85 975
13.8667 974
13.8833 972
13.9 971
13.9167 969
13.9333 968
13.95 966
13.9667 965
13.9833 963
14.0 962
14.0167 960
14.0333 958
14.05 957
14.0667 955
14.0833 954
14.1 952
14.1167 950
14.1333 948
14.15 947
14.1667 945
14.1833 943
14.2 941
14.2167 940
14.2333 938
14.25 936
14.2667 934
14.2833 932
14.3 930
14.3167 928
14.3333 927
14.35 925
14.3667 923
14.3833 921
14.4 919
14.4167 917
14.4333 915
14.45 913
14.4667 911
14.4833 908
14.5 906
14.5167 904
14.5333 902
14.55 900
14.5667 898
14.5833 896
14.6 893
14.6167 891
14.6333 889
14.65 887
14.6667 884
14.6833 882
14.7 880
14.7167 878
14.7333 875
14.75 873
14.7667 870
14.7833 868
14.8 866
14.8167 863
14.8333 861
14.85 858
14.8667 856
14.8833 854
14.9 851
14.9167 848
14.9333 846
14.95 843
14.9667 841
14.9833 838
15.0 836
15.0167 833
15.0333 831
15.05 828
15.0667 825
15.0833 823
15.1 820
15.1167 817
15.1333 815
15.15 812
15.1667 809
15.1833 806
15.2 804
15.2167 801
15.2333 798
15.25 795
15.2667 792
15.2833 790
15.3 787
15.3167 784
15.3333 781
15.35 778
15.3667 775
15.3833 772
15.4 769
15.4167 766
15.4333 763
15.45 760
15.4667 757
15.4833 754
15.5 751
15.5167 748
15.5333 745
15.55 742
15.5667 739
15.5833 736
15.6 733
15.6167 730
15.6333 727
15.65 724
15.6667 720
15.6833 717
15.7 714
15.7167 711
15.7333 708
15.75 705
15.7667 701
15.7833 698
15.8 695
15.8167 692
15.8333 688
15.85 685
15.8667 682
15.8833 678
15.9 675
15.9167 672
15.9333 668
15.95 665
15.9667 662
15.9833 658
16.0 655
16.0167 651
16.0333 648
16.05 645
16.0667 641
16.0833 638
16.1 634
16.1167 631
16.1333 627
16.15 624
16.1667 620
16.1833 617
16.2 613
16.2167 610
16.2333 606
16.25 603
16.2667 599
16.2833 596
16.3 592
16.3167 588
16.3333 585
16.35 581
16.3667 578
16.3833 574
16.4 570
16.4167 567
16.4333 563
16.45 559
16.4667 556
16.4833 552
16.5 548
16.5167 545
16.5333 541
16.55 537
16.5667 534
16.5833 530
16.6 526
16.6167 522
16.6333 519
16.65 515
16.6667 511
16.6833 507
16.7 504
16.7167 500
16.7333 496
16.75 492
16.7667 488
16.7833 485
16.8 481
16.8167 477
16.8333 473
16.85 469
16.8667 465
16.8833 462
16.9 458
16.9167 454
16.9333 450
16.95 446
16.9667 442
16.9833 438
