8.0 369
8.0167 372
8.0333 376
8.05 380
8.0667 384
8.0833 387
8.1 391
8.1167 395
8.1333 398
8.15 402
8.1667 406
8.1833 410
8.2 413
8.2167 417
8.2333 421
8.25 425
8.2667 428
8.2833 432
8.3 436
8.3167 439
8.3333 443
8.35 447
8.3667 450
8.3833 454
8.4 458
8.4167 462
8.4333 465
8.45 469
8.4667 473
8.4833 476
8.5 480
8.5167 483
8.5333 487
8.55 491
8.5667 494
8.5833 498
8.6 502
8.6167 505
8.6333 509
8.65 512
8.6667 516
8.6833 520
8.7 523
8.7167 527
8.7333 530
8.75 534
8.7667 537
8.7833 541
8.8 544
8.8167 548
8.8333 551
8.85 555
8.8667 559
8.8833 562
8.9 565
8.9167 569
8.9333 572
8.95 576
8.9667 579
8.9833 583
9.0 586
9.0167 590
9.0333 593
9.05 597
9.0667 600
9.0833 603
9.1 607
9.1167 610
9.1333 613
9.15 617
9.1667 620
9.1833 623
9.2 627
9.2167 630
9.2333 633
9.25 637
9.2667 640
9.2833 643
9.3 646
9.3167 650
9.3333 653
9.35 656
9.3667 659
9.3833 663
9.4 666
9.4167 669
9.4333 672
9.45 675
9.4667 678
9.4833 682
9.5 685
9.5167 688
9.5333 691
9.55 694
9.5667 697
9.5833 700
9.6 703
9.6167 706
9.6333 709
9.65 712
9.6667 715
9.6833 718
9.7 721
9.7167 724
9.7333 727
9.75 730
9.7667 733
9.7833 736
9.8 739
9.8167 742
9.8333 745
9.85 747
9.8667 750
9.8833 753
9.9 756
9.9167 759
9.9333 762
9.95 764
9.9667 767
9.9833 770
10.0 773
10.0167 775
10.0333 778
10.05 781
10.0667 783
10.0833 786
10.1 789
10.1167 791
10.1333 794
10.15 797
10.1667 799
10.1833 802
10.2 804
10.2167 807
10.2333 809
10.25 812
10.2667 814
10.2833 817
10.3 819
10.3167 822
10.3333 824
10.35 827
10.3667 829
10.3833 832
10.4 834
10.4167 836
10.4333 839
10.45 841
10.4667 843
10.4833 846
10.5 848
10.5167 850
10.5333 853
10.55 855
10.5667 857
10.5833 859
10.6 861
10.6167 864
10.6333 866
10.65 868
10.6667 870
10.6833 872
10.7 874
10.7167 876
10.7333 879
10.75 881
10.7667 883
10.7833 885
10.8 887
10.8167 889
10.8333 891
10.85 893
10.8667 895
10.8833 896
10.9 898
10.9167 900
10.9333 902
10.95 904
10.9667 906
10.9833 908
11.0 909
11.0167 911
11.0333 913
11.05 915
11.0667 917
11.0833 918
11.1 920
11.1167 922
11.1333 923
11.15 925
11.1667 927
11.1833 928
11.2 930
11.2167 931
11.2333 933
11.25 935
11.2667 936
11.2833 938
11.3 939
11.3167 941
11.3333 942
11.35 943
11.3667 945
11.3833 946
11.4 948
11.4167 949
11.4333 950
11.45 952
11.4667 953
11.4833 954
11.5 956
11.5167 957
11.5333 958
11.55 959
11.5667 961
11.5833 962
11.6 963
11.6167 964
11.6333 965
11.65 966
11.6667 967
11.6833 969
11.7 970
11.7167 971
11.7333 972
11.75 973
11.7667 974
11.7833 975
11.8 976
11.8167 977
11.8333 977
11.85 978
11.8667 979
11.8833 980
11.9 981
11.9167 982
11.9333 983
11.95 983
11.9667 984
11.9833 985
12.0 986
12.0167 986
12.0333 987
12.05 988
12.0667 988
12.0833 989
12.1 990
12.1167 990
12.1333 991
12.15 991
12.1667 992
12.1833 992
12.2 993
12.2167 993
12.2333 994
12.25 994
12.2667 995
12.2833 995
12.3 995
12.3167 996
12.3333 996
12.35 997
12.3667 997
12.3833 997
12.4 997
12.4167 998
12.4333 998
12.45 998
12.4667 998
12.4833 998
12.5 999
12.5167 999
12.5333 999
12.55 999
12.5667 999
12.5833 999
12.6 999
12.6167 999
12.6333 999
12.65 999
12.6667 999
12.6833 999
12.7 999
12.7167 999
12.7333 999
12.75 999
12.7667 999
12.7833 998
12.8 998
12.8167 998
12.8333 998
12.85 998
12.8667 997
12.8833 997
12.9 997
12.9167 996
12.9333 996
12.95 996
12.9667 995
12.9833 995
13.0 995
13.0167 994
13.0333 994
13.05 993
13.0667 993
13.0833 992
13.1 992
13.1167 991
13.1333 991
13.15 990
13.1667 989
13.1833 989
13.2 988
13.2167 987
13.2333 987
13.25 986
13.2667 985
13.2833 985
13.3 984
13.3167 983
13.3333 982
13.35 981
13.3667 981
13.3833 980
13.4 979
13.4167 978
13.4333 977
13.45 976
13.4667 975
13.4833 974
13.5 973
13.5167 972
13.5333 971
13.55 970
13.5667 969
13.5833 968
13.6 967
13.6167 966
13.6333 965
13.65 964
13.6667 963
13.6833 961
13.7 960
13.7167 959
13.7333 958
13.75 957
13.7667 955
13.7833 954
13.8 953
13.8167 951
13.8333 950
13.85 949
13.8667 947
13.8833 946
13.9 944
13.9167 943
13.9333 942
13.95 940
13.9667 939
13.9833 937
14.0 936
14.0167 934
14.0333 933
14.05 931
14.0667 929
14.0833 928
14.1 926
14.1167 924
14.1333 923
14.15 921
14.1667 919
14.1833 918
14.2 916
14.2167 914
14.2333 913
14.25 911
14.2667 909
14.2833 907
14.3 905
14.3167 903
14.3333 902
14.35 900
14.3667 898
14.3833 896
14.4 894
14.4167 892
14.4333 890
14.45 888
14.4667 886
14.4833 884
14.5 882
14.5167 880
14.5333 878
14.55 876
14.5667 874
14.5833 872
14.6 870
14.6167 867
14.6333 865
14.65 863
14.6667 861
14.6833 859
14.7 856
14.7167 854
14.7333 852
14.75 850
14.7667 847
14.7833 845
14.8 843
14.8167 840
14.8333 838
14.85 836
14.8667 833
14.8833 831
14.9 829
14.9167 826
14.9333 824
14.95 821
14.9667 819
14.9833 816
15.0 814
15.0167 811
15.0333 809
15.05 806
15.0667 804
15.0833 801
15.1 799
15.1167 796
15.1333 793
15.15 791
15.1667 788
15.1833 785
15.2 783
15.2167 780
15.2333 777
15.25 775
15.2667 772
15.2833 769
15.3 766
15.3167 764
15.3333 761
15.35 758
15.3667 755
15.3833 752
15.4 750
15.4167 747
15.4333 744
15.45 741
15.4667 738
15.4833 735
15.5 732
15.5167 729
15.5333 726
15.55 724
15.5667 721
15.5833 718
15.6 715
15.6167 712
15.6333 709
15.65 706
15.6667 702
15.6833 699
15.7 696
15.7167 693
15.7333 690
15.75 687
15.7667 684
15.7833 681
15.8 678
15.8167 675
15.8333 671
15.85 668
15.8667 665
15.8833 662
15.9 659
15.9167 655
15.9333 652
15.95 649
15.9667 646
15.9833 642
16.0 639
16.0167 636
16.0333 633
16.05 629
16.0667 626
16.0833 623
16.1 619
16.1167 616
16.1333 613
16.15 609
16.1667 606
16.1833 603
16.2 599
16.2167 596
16.2333 592
16.25 589
16.2667 586
16.2833 582
16.3 579
16.3167 575
16.3333 572
16.35 568
16.3667 565
16.3833 561
16.4 558
16.4167 554
16.4333 551
16.45 547
16.4667 544
16.4833 540
16.5 537
16.5167 533
16.5333 530
16.55 526
16.5667 523
16.5833 519
16.6 515
16.6167 512
16.6333 508
16.65 505
16.6667 501
16.6833 497
16.7 494
16.7167 490
16.7333 486
16.75 483
16.7667 479
16.7833 476
16.8 472
16.8167 468
16.8333 465
16.85 461
16.8667 457
16.8833 454
16.9 450
16.9167 446
16.9333 442
16.95 439
16.9667 435
16.9833 431
