8.0 359
8.0167 363
8.0333 367
8.05 371
8.0667 375
8.0833 378
8.1 382
8.1167 386
8.1333 390
8.15 393
8.1667 397
8.1833 401
8.2 405
8.2167 408
8.2333 412
8.25 416
8.2667 420
8.2833 424
8.3 427
8.3167 431
8.3333 435
8.35 438
8.3667 442
8.3833 446
8.4 450
8.4167 453
8.4333 457
8.45 461
8.4667 465
8.4833 468
8.5 472
8.5167 476
8.5333 479
8.55 483
8.5667 487
8.5833 490
8.6 494
8.6167 498
8.6333 501
8.65 505
8.6667 509
8.6833 512
8.7 516
8.7167 519
8.7333 523
8.75 527
8.7667 530
8.7833 534
8.8 537
8.8167 541
8.8333 544
8.85 548
8.8667 552
8.8833 555
8.9 559
8.9167 562
8.9333 566
8.95 569
8.9667 573
8.9833 576
9.0 580
9.0167 583
9.0333 587
9.05 590
9.0667 594
9.0833 597
9.1 601
9.1167 604
9.1333 607
9.15 611
9.1667 614
9.1833 618
9.2 621
9.2167 624
9.2333 628
9.25 631
9.2667 634
9.2833 638
9.3 641
9.3167 644
9.3333 647
9.35 651
9.3667 654
9.3833 657
9.4 660
9.4167 664
9.4333 667
9.45 670
9.4667 673
9.4833 676
9.5 680
9.5167 683
9.5333 686
9.55 689
9.5667 692
9.5833 695
9.6 698
9.6167 701
9.6333 704
9.65 707
9.6667 711
9.6833 714
9.7 717
9.7167 720
9.7333 723
9.75 726
9.7667 729
9.7833 731
9.8 734
9.8167 737
9.8333 740
9.85 743
9.8667 746
9.8833 749
9.9 752
9.9167 755
9.9333 757
9.95 760
9.9667 763
9.9833 766
10.0 769
10.0167 771
10.0333 774
10.05 777
10.0667 780
10.0833 782
10.1 785
10.1167 788
10.1333 790
10.15 793
10.1667 796
10.1833 798
10.2 801
10.2167 803
10.2333 806
10.25 809
10.2667 811
10.2833 814
10.3 816
10.3167 819
10.3333 821
10.35 824
10.3667 826
10.3833 828
10.4 831
10.4167 833
10.4333 836
10.45 838
10.4667 840
10.4833 843
10.5 845
10.5167 847
10.5333 850
10.55 852
10.5667 854
10.5833 856
10.6 859
10.6167 861
10.6333 863
10.65 865
10.6667 867
10.6833 870
10.7 872
10.7167 874
10.7333 876
10.75 878
10.7667 880
10.7833 882
10.8 884
10.8167 886
10.8333 888
10.85 890
10.8667 892
10.8833 894
10.9 896
10.9167 898
10.9333 900
10.95 902
10.9667 904
10.9833 905
11.0 907
11.0167 909
11.0333 911
11.05 913
11.0667 914
11.0833 916
11.1 918
11.1167 920
11.1333 921
11.15 923
11.1667 925
11.1833 926
11.2 928
11.2167 929
11.2333 931
11.25 933
11.2667 934
11.2833 936
11.3 937
11.3167 939
11.3333 940
11.35 942
11.3667 943
11.3833 945
11.4 946
11.4167 947
11.4333 949
11.45 950
11.4667 951
11.4833 953
11.5 954
11.5167 955
11.5333 957
11.55 958
11.5667 959
11.5833 960
11.6 961
11.6167 963
11.6333 964
11.65 965
11.6667 966
11.6833 967
11.7 968
11.7167 969
11.7333 970
11.75 971
11.7667 972
11.7833 973
11.8 974
11.8167 975
11.8333 976
11.85 977
11.8667 978
11.8833 979
11.9 980
11.9167 980
11.9333 981
11.95 982
11.9667 983
11.9833 984
12.0 984
12.0167 985
12.0333 986
12.05 986
12.0667 987
12.0833 988
12.1 988
12.1167 989
12.1333 989
12.15 990
12.1667 991
12.1833 991
12.2 992
12.2167 992
12.2333 993
12.25 993
12.2667 993
12.2833 994
12.3 994
12.3167 995
12.3333 995
12.35 995
12.3667 996
12.3833 996
12.4 996
12.4167 996
12.4333 997
12.45 997
12.4667 997
12.4833 997
12.5 997
12.5167 998
12.5333 998
12.55 998
12.5667 998
12.5833 998
12.6 998
12.6167 998
12.6333 998
12.65 998
12.6667 998
12.6833 998
12.7 998
12.7167 998
12.7333 998
12.75 997
12.7667 997
12.7833 997
12.8 997
12.8167 997
12.8333 997
12.85 996
12.8667 996
12.8833 996
12.9 995
12.9167 995
12.9333 995
12.95 994
12.9667 994
12.9833 994
13.0 993
13.0167 993
13.0333 992
13.05 992
13.0667 991
13.0833 991
13.1 990
13.1167 990
13.1333 989
13.15 989
13.1667 988
13.1833 987
13.2 987
13.2167 986
13.2333 985
13.25 985
13.2667 984
13.2833 983
13.3 982
13.3167 982
13.3333 981
13.35 980
13.3667 979
13.3833 978
13.4 977
13.4167 976
13.4333 975
13.45 975
13.4667 974
13.4833 973
13.5 972
13.5167 971
13.5333 970
13.55 969
13.5667 967
13.5833 966
13.6 965
13.6167 964
13.6333 963
13.65 962
13.6667 961
13.6833 959
13.7 958
13.7167 957
13.7333 956
13.75 955
13.7667 953
13.7833 952
13.8 951
13.8167 949
13.8333 948
13.85 947
13.8667 945
13.8833 944
13.9 942
13.9167 941
13.9333 939
13.95 938
13.9667 936
13.9833 935
14.0 933
14.0167 932
14.0333 930
14.05 929
14.0667 927
14.0833 925
14.1 924
14.1167 922
14.1333 920
14.15 919
14.1667 917
14.1833 915
14.2 913
14.2167 912
14.2333 910
14.25 908
14.2667 906
14.2833 904
14.3 902
14.3167 901
14.3333 899
14.35 897
14.3667 895
14.3833 893
14.4 891
14.4167 889
14.4333 887
14.45 885
14.4667 883
14.4833 881
14.5 879
14.5167 877
14.5333 875
14.55 873
14.5667 870
14.5833 868
14.6 866
14.6167 864
14.6333 862
14.65 860
14.6667 857
14.6833 855
14.7 853
14.7167 851
14.7333 848
14.75 846
14.7667 844
14.7833 841
14.8 839
14.8167 837
14.8333 834
14.85 832
14.8667 829
14.8833 827
14.9 825
14.9167 822
14.9333 820
14.95 817
14.9667 815
14.9833 812
15.0 810
15.0167 807
15.0333 805
15.05 802
15.0667 799
15.0833 797
15.1 794
15.1167 792
15.1333 789
15.15 786
15.1667 783
15.1833 781
15.2 778
15.2167 775
15.2333 773
15.25 770
15.2667 767
15.2833 764
15.3 762
15.3167 759
15.3333 756
15.35 753
15.3667 750
15.3833 747
15.4 744
15.4167 742
15.4333 739
15.45 736
15.4667 733
15.4833 730
15.5 727
15.5167 724
15.5333 721
15.55 718
15.5667 715
15.5833 712
15.6 709
15.6167 706
15.6333 703
15.65 700
15.6667 697
15.6833 694
15.7 690
15.7167 687
15.7333 684
15.75 681
15.7667 678
15.7833 675
15.8 672
15.8167 668
15.8333 665
15.85 662
15.8667 659
15.8833 655
15.9 652
15.9167 649
15.9333 646
15.95 642
15.9667 639
15.9833 636
16.0 632
16.0167 629
16.0333 626
16.05 622
16.0667 619
16.0833 616
16.1 612
16.1167 609
16.1333 606
16.15 602
16.1667 599
16.1833 595
16.2 592
16.2167 588
16.2333 585
16.25 582
16.2667 578
16.2833 575
16.3 571
16.3167 568
16.3333 564
16.35 561
16.3667 557
16.3833 554
16.4 550
16.4167 546
16.4333 543
16.45 539
16.4667 536
16.4833 532
16.5 529
16.5167 525
16.5333 521
16.55 518
16.5667 514
16.5833 511
16.6 507
16.6167 503
16.6333 500
16.65 496
16.6667 492
16.6833 489
16.7 485
16.7167 481
16.7333 478
16.75 474
16.7667 470
16.7833 467
16.8 463
16.8167 459
16.8333 456
16.85 452
16.8667 448
16.8833 444
16.9 441
16.9167 437
16.9333 433
16.95 429
16.9667 426
16.9833 422
