8.0 353
8.0167 357
8.0333 360
8.05 364
8.0667 368
8.0833 371
8.1 375
8.1167 379
8.1333 382
8.15 386
8.1667 389
8.1833 393
8.2 397
8.2167 400
8.2333 404
8.25 408
8.2667 411
8.2833 415
8.3 419
8.3167 422
8.3333 426
8.35 429
8.3667 433
8.3833 437
8.4 440
8.4167 444
8.4333 447
8.45 451
8.4667 455
8.4833 458
8.5 462
8.5167 465
8.5333 469
8.55 472
8.5667 476
8.5833 480
8.6 483
8.6167 487
8.6333 490
8.65 494
8.6667 497
8.6833 501
8.7 504
8.7167 508
8.7333 511
8.75 515
8.7667 518
8.7833 522
8.8 525
8.8167 529
8.8333 532
8.85 536
8.8667 539
8.8833 542
8.9 546
8.9167 549
8.9333 553
8.95 556
8.9667 560
8.9833 563
9.0 566
9.0167 569
9.0333 573
9.05 576
9.0667 580
9.0833 583
9.1 586
9.1167 590
9.1333 593
9.15 596
9.1667 600
9.1833 603
9.2 606
9.2167 609
9.2333 613
9.25 616
9.2667 619
9.2833 622
9.3 626
9.3167 629
9.3333 632
9.35 635
9.3667 638
9.3833 642
9.4 645
9.4167 648
9.4333 651
9.45 654
9.4667 657
9.4833 660
9.5 664
9.5167 667
9.5333 670
9.55 673
9.5667 676
9.5833 679
9.6 682
9.6167 685
9.6333 688
9.65 691
9.6667 694
9.6833 697
9.7 700
9.7167 703
9.7333 706
9.75 709
9.7667 712
9.7833 715
9.8 718
9.8167 720
9.8333 723
9.85 726
9.8667 729
9.8833 732
9.9 735
9.9167 738
9.9333 740
9.95 743
9.9667 746
9.9833 749
10.0 751
10.0167 754
10.0333 757
10.05 760
10.0667 762
10.0833 765
10.1 768
10.1167 770
10.1333 773
10.15 776
10.1667 778
10.1833 781
10.2 783
10.2167 786
10.2333 789
10.25 791
10.2667 794
10.2833 796
10.3 799
10.3167 801
10.3333 804
10.35 806
10.3667 809
10.3833 811
10.4 813
10.4167 816
10.4333 818
10.45 821
10.4667 823
10.4833 825
10.5 828
10.5167 830
10.5333 832
10.55 835
10.5667 837
10.5833 839
10.6 841
10.6167 844
10.6333 846
10.65 848
10.6667 850
10.6833 852
10.7 854
10.7167 857
10.7333 859
10.75 861
10.7667 863
10.7833 865
10.8 867
10.8167 869
10.8333 871
10.85 873
10.8667 875
10.8833 877
10.9 879
10.9167 881
10.9333 883
10.95 885
10.9667 887
10.9833 889
11.0 891
11.0167 892
11.0333 894
11.05 896
11.0667 898
11.0833 900
11.1 901
11.1167 903
11.1333 905
11.15 907
11.1667 908
11.1833 910
11.2 912
11.2167 913
11.2333 915
11.25 917
11.2667 918
11.2833 920
11.3 921
11.3167 923
11.3333 925
11.35 926
11.3667 928
11.3833 929
11.4 931
11.4167 932
11.4333 933
11.45 935
11.4667 936
11.4833 938
11.5 939
11.5167 940
11.5333 942
11.55 943
11.5667 944
11.5833 946
11.6 947
11.6167 948
11.6333 949
11.65 951
11.6667 952
11.6833 953
11.7 954
11.7167 955
11.7333 956
11.75 957
11.7667 959
11.7833 960
11.8 961
11.8167 962
11.8333 963
11.85 964
11.8667 965
11.8833 966
11.9 967
11.9167 968
11.9333 968
11.95 969
11.9667 970
11.9833 971
12.0 972
12.0167 973
12.0333 974
12.05 974
12.0667 975
12.0833 976
12.1 977
12.1167 977
12.1333 978
12.15 979
12.1667 979
12.1833 980
12.2 981
12.2167 981
12.2333 982
12.25 982
12.2667 983
12.2833 983
12.3 984
12.3167 984
12.3333 985
12.35 985
12.3667 986
12.3833 986
12.4 987
12.4167 987
12.4333 987
12.45 988
12.4667 988
12.4833 988
12.5 989
12.5167 989
12.5333 989
12.55 989
12.5667 990
12.5833 990
12.6 990
12.6167 990
12.6333 990
12.65 990
12.6667 991
12.6833 991
12.7 991
12.7167 991
12.7333 991
12.75 991
12.7667 991
12.7833 991
12.8 991
12.8167 991
12.8333 991
12.85 990
12.8667 990
12.8833 990
12.9 990
12.9167 990
12.9333 990
12.95 989
12.9667 989
12.9833 989
13.0 989
13.0167 988
13.0333 988
13.05 988
13.0667 987
13.0833 987
13.1 987
13.1167 986
13.1333 986
13.15 985
13.1667 985
13.1833 985
13.2 984
13.2167 984
13.2333 983
13.25 982
13.2667 982
13.2833 981
13.3 981
13.3167 980
13.3333 979
13.35 979
13.3667 978
13.3833 977
13.4 977
13.4167 976
13.4333 975
13.45 975
13.4667 974
13.4833 973
13.5 972
13.5167 971
13.5333 970
13.55 970
13.5667 969
13.5833 968
13.6 967
13.6167 966
13.6333 965
13.65 964
13.6667 963
13.6833 962
13.7 961
13.7167 960
13.7333 959
13.75 958
13.7667 957
13.7833 956
13.8 954
13.8167 953
13.8333 952
13.85 951
13.8667 950
13.8833 948
13.9 947
13.9167 946
13.9333 945
13.95 943
13.9667 942
13.9833 941
14.0 939
14.0167 938
14.0333 937
14.05 935
14.0667 934
14.0833 932
14.1 931
14.1167 930
14.1333 928
14.15 927
14.1667 925
14.1833 924
14.2 922
14.2167 920
14.2333 919
14.25 917
14.2667 916
14.2833 914
14.3 912
14.3167 911
14.3333 909
14.35 907
14.3667 906
14.3833 904
14.4 902
14.4167 900
14.4333 898
14.45 897
14.4667 895
14.4833 893
14.5 891
14.5167 889
14.5333 887
14.55 886
14.5667 884
14.5833 882
14.6 880
14.6167 878
14.6333 876
14.65 874
14.6667 872
14.6833 870
14.7 868
14.7167 866
14.7333 864
14.75 862
14.7667 859
14.7833 857
14.8 855
14.8167 853
14.8333 851
14.85 849
14.8667 846
14.8833 844
14.9 842
14.9167 840
14.9333 838
14.95 835
14.9667 833
14.9833 831
15.0 828
15.0167 826
15.0333 824
15.05 821
15.0667 819
15.0833 817
15.1 814
15.1167 812
15.1333 809
15.15 807
15.1667 804
15.1833 802
15.2 800
15.2167 797
15.2333 795
15.25 792
15.2667 789
15.2833 787
15.3 784
15.3167 782
15.3333 779
15.35 776
15.3667 774
15.3833 771
15.4 769
15.4167 766
15.4333 763
15.45 761
15.4667 758
15.4833 755
15.5 752
15.5167 750
15.5333 747
15.55 744
15.5667 741
15.5833 739
15.6 736
15.6167 733
15.6333 730
15.65 727
15.6667 724
15.6833 721
15.7 719
15.7167 716
15.7333 713
15.75 710
15.7667 707
15.7833 704
15.8 701
15.8167 698
15.8333 695
15.85 692
15.8667 689
15.8833 686
15.9 683
15.9167 680
15.9333 677
15.95 674
15.9667 671
15.9833 668
16.0 665
16.0167 662
16.0333 658
16.05 655
16.0667 652
16.0833 649
16.1 646
16.1167 643
16.1333 640
16.15 636
16.1667 633
16.1833 630
16.2 627
16.2167 624
16.2333 620
16.25 617
16.2667 614
16.2833 611
16.3 607
16.3167 604
16.3333 601
16.35 597
16.3667 594
16.3833 591
16.4 587
16.4167 584
16.4333 581
16.45 577
16.4667 574
16.4833 571
16.5 567
16.5167 564
16.5333 560
16.55 557
16.5667 554
16.5833 550
16.6 547
16.6167 543
16.6333 540
16.65 537
16.6667 533
16.6833 530
16.7 526
16.7167 523
16.7333 519
16.75 516
16.7667 512
16.7833 509
16.8 505
16.8167 502
16.8333 498
16.85 495
16.8667 491
16.8833 488
16.9 484
16.9167 480
16.9333 477
16.95 473
16.9667 470
16.9833 466
