8.0 405
8.0167 409
8.0333 412
8.05 416
8.0667 420
8.0833 424
8.1 428
8.1167 431
8.1333 435
8.15 439
8.1667 443
8.1833 446
8.2 450
8.2167 454
8.2333 458
8.25 461
8.2667 465
8.2833 469
8.3 473
8.3167 476
8.3333 480
8.35 484
8.3667 487
8.3833 491
8.4 495
8.4167 499
8.4333 502
8.45 506
8.4667 510
8.4833 513
8.5 517
8.5167 521
8.5333 524
8.55 528
8.5667 532
8.5833 535
8.6 539
8.6167 542
8.6333 546
8.65 550
8.6667 553
8.6833 557
8.7 560
8.7167 564
8.7333 568
8.75 571
8.7667 575
8.7833 578
8.8 582
8.8167 585
8.8333 589
8.85 592
8.8667 596
8.8833 599
8.9 603
8.9167 606
8.9333 610
8.95 613
8.9667 617
8.9833 620
9.0 624
9.0167 627
9.0333 630
9.05 634
9.0667 637
9.0833 640
9.1 644
9.1167 647
9.1333 650
9.15 654
9.1667 657
9.1833 660
9.2 664
9.2167 667
9.2333 670
9.25 674
9.2667 677
9.2833 680
9.3 683
9.3167 687
9.3333 690
9.35 693
9.3667 696
9.3833 700
9.4 703
9.4167 706
9.4333 709
9.45 712
9.4667 715
9.4833 719
9.5 722
9.5167 725
9.5333 728
9.55 731
9.5667 734
9.5833 737
9.6 740
9.6167 743
9.6333 746
9.65 749
9.6667 752
9.6833 755
9.7 758
9.7167 761
9.7333 764
9.75 767
9.7667 770
9.7833 773
9.8 776
9.8167 779
9.8333 782
9.85 785
9.8667 787
9.8833 790
9.9 793
9.9167 796
9.9333 799
9.95 801
9.9667 804
9.9833 807
10.0 810
10.0167 812
10.0333 815
10.05 818
10.0667 821
10.0833 823
10.1 826
10.1167 829
10.1333 831
10.15 834
10.1667 836
10.1833 839
10.2 842
10.2167 844
10.2333 847
10.25 849
10.2667 852
10.2833 854
10.3 857
10.3167 859
10.3333 862
10.35 864
10.3667 867
10.3833 869
10.4 871
10.4167 874
10.4333 876
10.45 879
10.4667 881
10.4833 883
10.5 886
10.5167 888
10.5333 890
10.55 892
10.5667 895
10.5833 897
10.6 899
10.6167 901
10.6333 904
10.65 906
10.6667 908
10.6833 910
10.7 912
10.7167 914
10.7333 916
10.75 918
10.7667 921
10.7833 923
10.8 925
10.8167 927
10.8333 929
10.85 931
10.8667 933
10.8833 935
10.9 936
10.9167 938
10.9333 940
10.95 942
10.9667 944
10.9833 946
11.0 948
11.0167 950
11.0333 951
11.05 953
11.0667 955
11.0833 957
11.1 958
11.1167 960
11.1333 962
11.15 964
11.1667 965
11.1833 967
11.2 969
11.2167 970
11.2333 972
11.25 973
11.2667 975
11.2833 976
11.3 978
11.3167 980
11.3333 981
11.35 983
11.3667 984
11.3833 985
11.4 987
11.4167 988
11.4333 990
11.45 991
11.4667 992
11.4833 994
11.5 995
11.5167 996
11.5333 998
11.55 999
11.5667 1000
11.5833 1001
11.6 1003
11.6167 1004
11.6333 1005
11.65 1006
11.6667 1007
11.6833 1009
11.7 1010
11.7167 1011
11.7333 1012
11.75 1013
11.7667 1014
11.7833 1015
11.8 1016
11.8167 1017
11.8333 1018
11.85 1019
11.8667 1020
11.8833 1021
11.9 1022
11.9167 1023
11.9333 1023
11.95 1024
11.9667 1025
11.9833 1026
12.0 1027
12.0167 1027
12.0333 1028
12.05 1029
12.0667 1030
12.0833 1030
12.1 1031
12.1167 1032
12.1333 1032
12.15 1033
12.1667 1034
12.1833 1034
12.2 1035
12.2167 1035
12.2333 1036
12.25 1036
12.2667 1037
12.2833 1037
12.3 1038
12.3167 1038
12.3333 1039
12.35 1039
12.3667 1039
12.3833 1040
12.4 1040
12.4167 1040
12.4333 1041
12.45 1041
12.4667 1041
12.4833 1042
12.5 1042
12.5167 1042
12.5333 1042
12.55 1042
12.5667 1043
12.5833 1043
12.6 1043
12.6167 1043
12.6333 1043
12.65 1043
12.6667 1043
12.6833 1043
12.7 1043
12.7167 1043
12.7333 1043
12.75 1043
12.7667 1043
12.7833 1043
12.8 1043
12.8167 1043
12.8333 1043
12.85 1042
12.8667 1042
12.8833 1042
12.9 1042
12.9167 1042
12.9333 1041
12.95 1041
12.9667 1041
12.9833 1041
13.0 1040
13.0167 1040
13.0333 1040
13.05 1039
13.0667 1039
13.0833 1038
13.1 1038
13.1167 1037
13.1333 1037
13.15 1037
13.1667 1036
13.1833 1035
13.2 1035
13.2167 1034
13.2333 1034
13.25 1033
13.2667 1033
13.2833 1032
13.3 1031
13.3167 1031
13.3333 1030
13.35 1029
13.3667 1028
13.3833 1028
13.4 1027
13.4167 1026
13.4333 1025
13.45 1025
13.4667 1024
13.4833 1023
13.5 1022
13.5167 1021
13.5333 1020
13.55 1019
13.5667 1018
13.5833 1017
13.6 1016
13.6167 1015
13.6333 1014
13.65 1013
13.6667 1012
13.6833 1011
13.7 1010
13.7167 1009
13.7333 1008
13.75 1007
13.7667 1006
13.7833 1004
13.8 1003
13.8167 1002
13.8333 1001
13.85 1000
13.8667 998
13.8833 997
13.9 996
13.9167 994
13.9333 993
13.95 992
13.9667 990
13.9833 989
14.0 987
14.0167 986
14.0333 985
14.05 983
14.0667 982
14.0833 980
14.1 979
14.1167 977
14.1333 976
14.15 974
14.1667 972
14.1833 971
14.2 969
14.2167 968
14.2333 966
14.25 964
14.2667 963
14.2833 961
14.3 959
14.3167 957
14.3333 956
14.35 954
14.3667 952
14.3833 950
14.4 949
14.4167 947
14.4333 945
14.45 943
14.4667 941
14.4833 939
14.5 937
14.5167 935
14.5333 933
14.55 931
14.5667 929
14.5833 927
14.6 925
14.6167 923
14.6333 921
14.65 919
14.6667 917
14.6833 915
14.7 913
14.7167 911
14.7333 909
14.75 907
14.7667 904
14.7833 902
14.8 900
14.8167 898
14.8333 896
14.85 893
14.8667 891
14.8833 889
14.9 887
14.9167 884
14.9333 882
14.95 880
14.9667 877
14.9833 875
15.0 873
15.0167 870
15.0333 868
15.05 865
15.0667 863
15.0833 860
15.1 858
15.1167 855
15.1333 853
15.15 850
15.1667 848
15.1833 845
15.2 843
15.2167 840
15.2333 838
15.25 835
15.2667 832
15.2833 830
15.3 827
15.3167 824
15.3333 822
15.35 819
15.3667 816
15.3833 814
15.4 811
15.4167 808
15.4333 805
15.45 803
15.4667 800
15.4833 797
15.5 794
15.5167 791
15.5333 789
15.55 786
15.5667 783
15.5833 780
15.6 777
15.6167 774
15.6333 771
15.65 768
15.6667 766
15.6833 763
15.7 760
15.7167 757
15.7333 754
15.75 751
15.7667 748
15.7833 745
15.8 742
15.8167 739
15.8333 735
15.85 732
15.8667 729
15.8833 726
15.9 723
15.9167 720
15.9333 717
15.95 714
15.9667 711
15.9833 707
16.0 704
16.0167 701
16.0333 698
16.05 695
16.0667 691
16.0833 688
16.1 685
16.1167 682
16.1333 678
16.15 675
16.1667 672
16.1833 669
16.2 665
16.2167 662
16.2333 659
16.25 655
16.2667 652
16.2833 649
16.3 645
16.3167 642
16.3333 639
16.35 635
16.3667 632
16.3833 628
16.4 625
16.4167 621
16.4333 618
16.45 615
16.4667 611
16.4833 608
16.5 604
16.5167 601
16.5333 597
16.55 594
16.5667 590
16.5833 587
16.6 583
16.6167 580
16.6333 576
16.65 573
16.6667 569
16.6833 565
16.7 562
16.7167 558
16.7333 555
16.75 551
16.7667 547
16.7833 544
16.8 540
16.8167 537
16.8333 533
16.85 529
16.8667 526
16.8833 522
16.9 518
16.9167 515
16.9333 511
16.95 507
16.9667 504
16.9833 500
