8.0 349
8.0167 352
8.0333 356
8.05 360
8.0667 363
8.0833 367
8.1 370
8.1167 374
8.1333 378
8.15 381
8.1667 385
8.1833 389
8.2 392
8.2167 396
8.2333 399
8.25 403
8.2667 407
8.2833 410
8.3 414
8.3167 417
8.3333 421
8.35 424
8.3667 428
8.3833 432
8.4 435
8.4167 439
8.4333 442
8.45 446
8.4667 449
8.4833 453
8.5 457
8.5167 460
8.5333 464
8.55 467
8.5667 471
8.5833 474
8.6 478
8.6167 481
8.6333 485
8.65 488
8.6667 492
8.6833 495
8.7 499
8.7167 502
8.7333 506
8.75 509
8.7667 513
8.7833 516
8.8 520
8.8167 523
8.8333 526
8.85 530
8.8667 533
8.8833 537
8.9 540
8.9167 544
8.9333 547
8.95 550
8.9667 554
8.9833 557
9.0 560
9.0167 564
9.0333 567
9.05 570
9.0667 574
9.0833 577
9.1 580
9.1167 584
9.1333 587
9.15 590
9.1667 593
9.1833 597
9.2 600
9.2167 603
9.2333 606
9.25 610
9.2667 613
9.2833 616
9.3 619
9.3167 623
9.3333 626
9.35 629
9.3667 632
9.3833 635
9.4 638
9.4167 642
9.4333 645
9.45 648
9.4667 651
9.4833 654
9.5 657
9.5167 660
9.5333 663
9.55 666
9.5667 669
9.5833 672
9.6 675
9.6167 678
9.6333 681
9.65 684
9.6667 687
9.6833 690
9.7 693
9.7167 696
9.7333 699
9.75 702
9.7667 705
9.7833 708
9.8 711
9.8167 714
9.8333 717
9.85 719
9.8667 722
9.8833 725
9.9 728
9.9167 731
9.9333 733
9.95 736
9.9667 739
9.9833 742
10.0 744
10.0167 747
10.0333 750
10.05 753
10.0667 755
10.0833 758
10.1 761
10.1167 763
10.1333 766
10.15 768
10.1667 771
10.1833 774
10.2 776
10.2167 779
10.2333 781
10.25 784
10.2667 786
10.2833 789
10.3 791
10.3167 794
10.3333 796
10.35 799
10.3667 801
10.3833 804
10.4 806
10.4167 808
10.4333 811
10.45 813
10.4667 816
10.4833 818
10.5 820
10.5167 823
10.5333 825
10.55 827
10.5667 829
10.5833 832
10.6 834
10.6167 836
10.6333 838
10.65 840
10.6667 843
10.6833 845
10.7 847
10.7167 849
10.7333 851
10.75 853
10.7667 855
10.7833 857
10.8 859
10.8167 861
10.8333 863
10.85 865
10.8667 867
10.8833 869
10.9 871
10.9167 873
10.9333 875
10.95 877
10.9667 879
10.9833 881
11.0 883
11.0167 885
11.0333 886
11.05 888
11.0667 890
11.0833 892
11.1 894
11.1167 895
11.1333 897
11.15 899
11.1667 900
11.1833 902
11.2 904
11.2167 905
11.2333 907
11.25 909
11.2667 910
11.2833 912
11.3 913
11.3167 915
11.3333 916
11.35 918
11.3667 919
11.3833 921
11.4 922
11.4167 924
11.4333 925
11.45 927
11.4667 928
11.4833 929
11.5 931
11.5167 932
11.5333 933
11.55 935
11.5667 936
11.5833 937
11.6 939
11.6167 940
11.6333 941
11.65 942
11.6667 943
11.6833 945
11.7 946
11.7167 947
11.7333 948
11.75 949
11.7667 950
11.7833 951
11.8 952
11.8167 953
11.8333 954
11.85 955
11.8667 956
11.8833 957
11.9 958
11.9167 959
11.9333 960
11.95 961
11.9667 962
11.9833 963
12.0 963
12.0167 964
12.0333 965
12.05 966
12.0667 967
12.0833 967
12.1 968
12.1167 969
12.1333 969
12.15 970
12.1667 971
12.1833 971
12.2 972
12.2167 973
12.2333 973
12.25 974
12.2667 974
12.2833 975
12.3 975
12.3167 976
12.3333 976
12.35 977
12.3667 977
12.3833 978
12.4 978
12.4167 978
12.4333 979
12.45 979
12.4667 979
12.4833 980
12.5 980
12.5167 980
12.5333 980
12.55 981
12.5667 981
12.5833 981
12.6 981
12.6167 981
12.6333 981
12.65 982
12.6667 982
12.6833 982
12.7 982
12.7167 982
12.7333 982
12.75 982
12.7667 982
12.7833 982
12.8 982
12.8167 982
12.8333 982
12.85 982
12.8667 981
12.8833 981
12.9 981
12.9167 981
12.9333 981
12.95 981
12.9667 980
12.9833 980
13.0 980
13.0167 979
13.0333 979
13.05 979
13.0667 978
13.0833 978
13.1 978
13.1167 977
13.1333 977
13.15 976
13.1667 976
13.1833 976
13.2 975
13.2167 975
13.2333 974
13.25 973
13.2667 973
13.2833 972
13.3 972
13.3167 971
13.3333 970
13.35 970
13.3667 969
13.3833 968
13.4 968
13.4167 967
13.4333 966
13.45 965
13.4667 965
13.4833 964
13.5 963
13.5167 962
13.5333 961
13.55 960
13.5667 960
13.5833 959
13.6 958
13.6167 957
13.6333 956
13.65 955
13.6667 954
13.6833 953
13.7 952
13.7167 951
13.7333 950
13.75 949
13.7667 947
13.7833 946
13.8 945
13.8167 944
13.8333 943
13.85 942
13.8667 940
13.8833 939
13.9 938
13.9167 937
13.9333 935
13.95 934
13.9667 933
13.9833 932
14.0 930
14.0167 929
14.0333 927
14.05 926
14.0667 925
14.0833 923
14.1 922
14.1167 920
14.1333 919
14.15 917
14.1667 916
14.1833 914
14.2 913
14.2167 911
14.2333 910
14.25 908
14.2667 906
14.2833 905
14.3 903
14.3167 901
14.3333 900
14.35 898
14.3667 896
14.3833 894
14.4 893
14.4167 891
14.4333 889
14.45 887
14.4667 886
14.4833 884
14.5 882
14.5167 880
14.5333 878
14.55 876
14.5667 874
14.5833 872
14.6 870
14.6167 868
14.6333 867
14.65 865
14.6667 863
14.6833 860
14.7 858
14.7167 856
14.7333 854
14.75 852
14.7667 850
14.7833 848
14.8 846
14.8167 844
14.8333 842
14.85 839
14.8667 837
14.8833 835
14.9 833
14.9167 831
14.9333 828
14.95 826
14.9667 824
14.9833 821
15.0 819
15.0167 817
15.0333 815
15.05 812
15.0667 810
15.0833 807
15.1 805
15.1167 803
15.1333 800
15.15 798
15.1667 795
15.1833 793
15.2 790
15.2167 788
15.2333 785
15.25 783
15.2667 780
15.2833 778
15.3 775
15.3167 773
15.3333 770
15.35 767
15.3667 765
15.3833 762
15.4 759
15.4167 757
15.4333 754
15.45 751
15.4667 749
15.4833 746
15.5 743
15.5167 740
15.5333 738
15.55 735
15.5667 732
15.5833 729
15.6 727
15.6167 724
15.6333 721
15.65 718
15.6667 715
15.6833 712
15.7 710
15.7167 707
15.7333 704
15.75 701
15.7667 698
15.7833 695
15.8 692
15.8167 689
15.8333 686
15.85 683
15.8667 680
15.8833 677
15.9 674
15.9167 671
15.9333 668
15.95 665
15.9667 662
15.9833 659
16.0 656
16.0167 653
16.0333 650
16.05 646
16.0667 643
16.0833 640
16.1 637
16.1167 634
16.1333 631
16.15 628
16.1667 624
16.1833 621
16.2 618
16.2167 615
16.2333 612
16.25 608
16.2667 605
16.2833 602
16.3 599
16.3167 595
16.3333 592
16.35 589
16.3667 585
16.3833 582
16.4 579
16.4167 575
16.4333 572
16.45 569
16.4667 565
16.4833 562
16.5 559
16.5167 555
16.5333 552
16.55 549
16.5667 545
16.5833 542
16.6 538
16.6167 535
16.6333 532
16.65 528
16.6667 525
16.6833 521
16.7 518
16.7167 514
16.7333 511
16.75 507
16.7667 504
16.7833 501
16.8 497
16.8167 494
16.8333 490
16.85 487
16.8667 483
16.8833 479
16.9 476
16.9167 472
16.9333 469
16.95 465
16.9667 462
16.9833 458
