8.0 359
8.0167 362
8.0333 366
8.05 369
8.0667 373
8.0833 377
8.1 380
8.1167 384
8.1333 387
8.15 391
8.1667 395
8.1833 398
8.2 402
8.2167 405
8.2333 409
8.25 413
8.2667 416
8.2833 420
8.3 423
8.3167 427
8.3333 431
8.35 434
8.3667 438
8.3833 441
8.4 445
8.4167 448
8.4333 452
8.45 456
8.4667 459
8.4833 463
8.5 466
8.5167 470
8.5333 473
8.55 477
8.5667 480
8.5833 484
8.6 487
8.6167 491
8.6333 494
8.65 498
8.6667 501
8.6833 505
8.7 508
8.7167 512
8.7333 515
8.75 519
8.7667 522
8.7833 526
8.8 529
8.8167 532
8.8333 536
8.85 539
8.8667 543
8.8833 546
8.9 550
8.9167 553
8.9333 556
8.95 560
8.9667 563
8.9833 566
9.0 570
9.0167 573
9.0333 576
9.05 580
9.0667 583
9.0833 586
9.1 589
9.1167 593
9.1333 596
9.15 599
9.1667 603
9.1833 606
9.2 609
9.2167 612
9.2333 615
9.25 619
9.2667 622
9.2833 625
9.3 628
9.3167 631
9.3333 635
9.35 638
9.3667 641
9.3833 644
9.4 647
9.4167 650
9.4333 653
9.45 657
9.4667 660
9.4833 663
9.5 666
9.5167 669
9.5333 672
9.55 675
9.5667 678
9.5833 681
9.6 684
9.6167 687
9.6333 690
9.65 693
9.6667 696
9.6833 699
9.7 702
9.7167 705
9.7333 707
9.75 710
9.7667 713
9.7833 716
9.8 719
9.8167 722
9.8333 725
9.85 727
9.8667 730
9.8833 733
9.9 736
9.9167 739
9.9333 741
9.95 744
9.9667 747
9.9833 749
10.0 752
10.0167 755
10.0333 758
10.05 760
10.0667 763
10.0833 766
10.1 768
10.1167 771
10.1333 773
10.15 776
10.1667 779
10.1833 781
10.2 784
10.2167 786
10.2333 789
10.25 791
10.2667 794
10.2833 796
10.3 799
10.3167 801
10.3333 803
10.35 806
10.3667 808
10.3833 811
10.4 813
10.4167 815
10.4333 818
10.45 820
10.4667 822
10.4833 825
10.5 827
10.5167 829
10.5333 832
10.55 834
10.5667 836
10.5833 838
10.6 840
10.6167 843
10.6333 845
10.65 847
10.6667 849
10.6833 851
10.7 853
10.7167 855
10.7333 857
10.75 859
10.7667 862
10.7833 864
10.8 866
10.8167 868
10.8333 870
10.85 871
10.8667 873
10.8833 875
10.9 877
10.9167 879
10.9333 881
10.95 883
10.9667 885
10.9833 887
11.0 888
11.0167 890
11.0333 892
11.05 894
11.0667 896
11.0833 897
11.1 899
11.1167 901
11.1333 902
11.15 904
11.1667 906
11.1833 907
11.2 909
11.2167 911
11.2333 912
11.25 914
11.2667 915
11.2833 917
11.3 918
11.3167 920
11.3333 921
11.35 923
11.3667 924
11.3833 926
11.4 927
11.4167 929
11.4333 930
11.45 931
11.4667 933
11.4833 934
11.5 935
11.5167 937
11.5333 938
11.55 939
11.5667 940
11.5833 942
11.6 943
11.6167 944
11.6333 945
11.65 946
11.6667 948
11.6833 949
11.7 950
11.7167 951
11.7333 952
11.75 953
11.7667 954
11.7833 955
11.8 956
11.8167 957
11.8333 958
11.85 959
11.8667 960
11.8833 961
11.9 962
11.9167 963
11.9333 963
11.95 964
11.9667 965
11.9833 966
12.0 967
12.0167 967
12.0333 968
12.05 969
12.0667 970
12.0833 970
12.1 971
12.1167 972
12.1333 972
12.15 973
12.1667 974
12.1833 974
12.2 975
12.2167 975
12.2333 976
12.25 976
12.2667 977
12.2833 977
12.3 978
12.3167 978
12.3333 979
12.35 979
12.3667 979
12.3833 980
12.4 980
12.4167 980
12.4333 981
12.45 981
12.4667 981
12.4833 982
12.5 982
12.5167 982
12.5333 982
12.55 982
12.5667 983
12.5833 983
12.6 983
12.6167 983
12.6333 983
12.65 983
12.6667 983
12.6833 983
12.7 983
12.7167 983
12.7333 983
12.75 983
12.7667 983
12.7833 983
12.8 983
12.8167 983
12.8333 983
12.85 983
12.8667 982
12.8833 982
12.9 982
12.9167 982
12.9333 982
12.95 981
12.9667 981
12.9833 981
13.0 980
13.0167 980
13.0333 980
13.05 979
13.0667 979
13.0833 979
13.1 978
13.1167 978
13.1333 977
13.15 977
13.1667 976
13.1833 976
13.2 975
13.2167 975
13.2333 974
13.25 973
13.2667 973
13.2833 972
13.3 972
13.3167 971
13.3333 970
13.35 970
13.3667 969
13.3833 968
13.4 967
13.4167 967
13.4333 966
13.45 965
13.4667 964
13.4833 963
13.5 962
13.5167 962
13.5333 961
13.55 960
13.5667 959
13.5833 958
13.6 957
13.6167 956
13.6333 955
13.65 954
13.6667 953
13.6833 952
13.7 951
13.7167 950
13.7333 948
13.75 947
13.7667 946
13.7833 945
13.8 944
13.8167 943
13.8333 941
13.85 940
13.8667 939
13.8833 938
13.9 936
13.9167 935
13.9333 934
13.95 932
13.9667 931
13.9833 930
14.0 928
14.0167 927
14.0333 926
14.05 924
14.0667 923
14.0833 921
14.1 920
14.1167 918
14.1333 917
14.15 915
14.1667 914
14.1833 912
14.2 910
14.2167 909
14.2333 907
14.25 905
14.2667 904
14.2833 902
14.3 900
14.3167 899
14.3333 897
14.35 895
14.3667 894
14.3833 892
14.4 890
14.4167 888
14.4333 886
14.45 884
14.4667 883
14.4833 881
14.5 879
14.5167 877
14.5333 875
14.55 873
14.5667 871
14.5833 869
14.6 867
14.6167 865
14.6333 863
14.65 861
14.6667 859
14.6833 857
14.7 855
14.7167 853
14.7333 851
14.75 849
14.7667 847
14.7833 844
14.8 842
14.8167 840
14.8333 838
14.85 836
14.8667 833
14.8833 831
14.9 829
14.9167 827
14.9333 824
14.95 822
14.9667 820
14.9833 817
15.0 815
15.0167 813
15.0333 810
15.05 808
15.0667 806
15.0833 803
15.1 801
15.1167 798
15.1333 796
15.15 793
15.1667 791
15.1833 788
15.2 786
15.2167 783
15.2333 781
15.25 778
15.2667 776
15.2833 773
15.3 770
15.3167 768
15.3333 765
15.35 763
15.3667 760
15.3833 757
15.4 755
15.4167 752
15.4333 749
15.45 746
15.4667 744
15.4833 741
15.5 738
15.5167 735
15.5333 733
15.55 730
15.5667 727
15.5833 724
15.6 721
15.6167 719
15.6333 716
15.65 713
15.6667 710
15.6833 707
15.7 704
15.7167 701
15.7333 698
15.75 695
15.7667 692
15.7833 689
15.8 687
15.8167 684
15.8333 681
15.85 678
15.8667 674
15.8833 671
15.9 668
15.9167 665
15.9333 662
15.95 659
15.9667 656
15.9833 653
16.0 650
16.0167 647
16.0333 644
16.05 641
16.0667 637
16.0833 634
16.1 631
16.1167 628
16.1333 625
16.15 622
16.1667 618
16.1833 615
16.2 612
16.2167 609
16.2333 605
16.25 602
16.2667 599
16.2833 596
16.3 592
16.3167 589
16.3333 586
16.35 582
16.3667 579
16.3833 576
16.4 572
16.4167 569
16.4333 566
16.45 562
16.4667 559
16.4833 556
16.5 552
16.5167 549
16.5333 546
16.55 542
16.5667 539
16.5833 535
16.6 532
16.6167 528
16.6333 525
16.65 522
16.6667 518
16.6833 515
16.7 511
16.7167 508
16.7333 504
16.75 501
16.7667 497
16.7833 494
16.8 490
16.8167 487
16.8333 483
16.85 480
16.8667 476
16.8833 473
16.9 469
16.9167 466
16.9333 462
16.95 459
16.9667 455
16.9833 451
