8.0 395
8.0167 399
8.0333 402
8.05 406
8.0667 410
8.0833 414
8.1 418
8.1167 421
8.1333 425
8.15 429
8.1667 433
8.1833 436
8.2 440
8.2167 444
8.2333 448
8.25 451
8.2667 455
8.2833 459
8.3 462
8.3167 466
8.3333 470
8.35 474
8.3667 477
8.3833 481
8.4 485
8.4167 488
8.4333 492
8.45 496
8.4667 499
8.4833 503
8.5 507
8.5167 510
8.5333 514
8.55 518
8.5667 521
8.5833 525
8.6 529
8.6167 532
8.6333 536
8.65 539
8.6667 543
8.6833 547
8.7 550
8.7167 554
8.7333 557
8.75 561
8.7667 564
8.7833 568
8.8 572
8.8167 575
8.8333 579
8.85 582
8.8667 586
8.8833 589
8.9 593
8.9167 596
8.9333 600
8.95 603
8.9667 606
8.9833 610
9.0 613
9.0167 617
9.0333 620
9.05 623
9.0667 627
9.0833 630
9.1 634
9.1167 637
9.1333 640
9.15 644
9.1667 647
9.1833 650
9.2 654
9.2167 657
9.2333 660
9.25 664
9.2667 667
9.2833 670
9.3 673
9.3167 677
9.3333 680
9.35 683
9.3667 686
9.3833 690
9.4 693
9.4167 696
9.4333 699
9.45 702
9.4667 705
9.4833 709
9.5 712
9.5167 715
9.5333 718
9.55 721
9.5667 724
9.5833 727
9.6 730
9.6167 733
9.6333 736
9.65 739
9.6667 742
9.6833 745
9.7 748
9.7167 751
9.7333 754
9.75 757
9.7667 760
9.7833 763
9.8 766
9.8167 769
9.8333 772
9.85 775
9.8667 778
9.8833 780
9.9 783
9.9167 786
9.9333 789
9.95 792
9.9667 795
9.9833 797
10.0 800
10.0167 803
10.0333 806
10.05 808
10.0667 811
10.0833 814
10.1 816
10.1167 819
10.1333 822
10.15 824
10.1667 827
10.1833 830
10.2 832
10.2167 835
10.2333 837
10.25 840
10.2667 842
10.2833 845
10.3 847
10.3167 850
10.3333 852
10.35 855
10.3667 857
10.3833 860
10.4 862
10.4167 865
10.4333 867
10.45 869
10.4667 872
10.4833 874
10.5 876
10.5167 879
10.5333 881
10.55 883
10.5667 886
10.5833 888
10.6 890
10.6167 892
10.6333 895
10.65 897
10.6667 899
10.6833 901
10.7 903
10.7167 905
10.7333 908
10.75 910
10.7667 912
10.7833 914
10.8 916
10.8167 918
10.8333 920
10.85 922
10.8667 924
10.8833 926
10.9 928
10.9167 930
10.9333 932
10.95 934
10.9667 936
10.9833 937
11.0 939
11.0167 941
11.0333 943
11.05 945
11.0667 947
11.0833 948
11.1 950
11.1167 952
11.1333 954
11.15 955
11.1667 957
11.1833 959
11.2 960
11.2167 962
11.2333 964
11.25 965
11.2667 967
11.2833 968
11.3 970
11.3167 971
11.3333 973
11.35 974
11.3667 976
11.3833 977
11.4 979
11.4167 980
11.4333 982
11.45 983
11.4667 985
11.4833 986
11.5 987
11.5167 989
11.5333 990
11.55 991
11.5667 992
11.5833 994
11.6 995
11.6167 996
11.6333 997
11.65 999
11.6667 1000
11.6833 1001
11.7 1002
11.7167 1003
11.7333 1004
11.75 1005
11.7667 1007
11.7833 1008
11.8 1009
11.8167 1010
11.8333 1011
11.85 1012
11.8667 1013
11.8833 1013
11.9 1014
11.9167 1015
11.9333 1016
11.95 1017
11.9667 1018
11.9833 1019
12.0 1020
12.0167 1020
12.0333 1021
12.05 1022
12.0667 1023
12.0833 1023
12.1 1024
12.1167 1025
12.1333 1025
12.15 1026
12.1667 1027
12.1833 1027
12.2 1028
12.2167 1029
12.2333 1029
12.25 1030
12.2667 1030
12.2833 1031
12.3 1031
12.3167 1032
12.3333 1032
12.35 1033
12.3667 1033
12.3833 1033
12.4 1034
12.4167 1034
12.4333 1034
12.45 1035
12.4667 1035
12.4833 1035
12.5 1036
12.5167 1036
12.5333 1036
12.55 1036
12.5667 1036
12.5833 1037
12.6 1037
12.6167 1037
12.6333 1037
12.65 1037
12.6667 1037
12.6833 1037
12.7 1037
12.7167 1037
12.7333 1037
12.75 1037
12.7667 1037
12.7833 1037
12.8 1037
12.8167 1037
12.8333 1037
12.85 1037
12.8667 1037
12.8833 1037
12.9 1036
12.9167 1036
12.9333 1036
12.95 1036
12.9667 1035
12.9833 1035
13.0 1035
13.0167 1035
13.0333 1034
13.05 1034
13.0667 1033
13.0833 1033
13.1 1033
13.1167 1032
13.1333 1032
13.15 1031
13.1667 1031
13.1833 1030
13.2 1030
13.2167 1029
13.2333 1029
13.25 1028
13.2667 1028
13.2833 1027
13.3 1026
13.3167 1026
13.3333 1025
13.35 1024
13.3667 1024
13.3833 1023
13.4 1022
13.4167 1021
13.4333 1021
13.45 1020
13.4667 1019
13.4833 1018
13.5 1017
13.5167 1017
13.5333 1016
13.55 1015
13.5667 1014
13.5833 1013
13.6 1012
13.6167 1011
13.6333 1010
13.65 1009
13.6667 1008
13.6833 1007
13.7 1006
13.7167 1005
13.7333 1004
13.75 1003
13.7667 1001
13.7833 1000
13.8 999
13.8167 998
13.8333 997
13.85 996
13.8667 994
13.8833 993
13.9 992
13.9167 990
13.9333 989
13.95 988
13.9667 987
13.9833 985
14.0 984
14.0167 982
14.0333 981
14.05 980
14.0667 978
14.0833 977
14.1 975
14.1167 974
14.1333 972
14.15 971
14.1667 969
14.1833 967
14.2 966
14.2167 964
14.2333 963
14.25 961
14.2667 959
14.2833 958
14.3 956
14.3167 954
14.3333 953
14.35 951
14.3667 949
14.3833 947
14.4 946
14.4167 944
14.4333 942
14.45 940
14.4667 938
14.4833 936
14.5 934
14.5167 933
14.5333 931
14.55 929
14.5667 927
14.5833 925
14.6 923
14.6167 921
14.6333 919
14.65 917
14.6667 915
14.6833 913
14.7 911
14.7167 908
14.7333 906
14.75 904
14.7667 902
14.7833 900
14.8 898
14.8167 896
14.8333 893
14.85 891
14.8667 889
14.8833 887
14.9 884
14.9167 882
14.9333 880
14.95 877
14.9667 875
14.9833 873
15.0 871
15.0167 868
15.0333 866
15.05 863
15.0667 861
15.0833 859
15.1 856
15.1167 854
15.1333 851
15.15 849
15.1667 846
15.1833 844
15.2 841
15.2167 839
15.2333 836
15.25 833
15.2667 831
15.2833 828
15.3 826
15.3167 823
15.3333 820
15.35 818
15.3667 815
15.3833 812
15.4 810
15.4167 807
15.4333 804
15.45 801
15.4667 799
15.4833 796
15.5 793
15.5167 790
15.5333 788
15.55 785
15.5667 782
15.5833 779
15.6 776
15.6167 773
15.6333 770
15.65 767
15.6667 765
15.6833 762
15.7 759
15.7167 756
15.7333 753
15.75 750
15.7667 747
15.7833 744
15.8 741
15.8167 738
15.8333 735
15.85 732
15.8667 729
15.8833 726
15.9 723
15.9167 719
15.9333 716
15.95 713
15.9667 710
15.9833 707
16.0 704
16.0167 701
16.0333 697
16.05 694
16.0667 691
16.0833 688
16.1 685
16.1167 681
16.1333 678
16.15 675
16.1667 672
16.1833 668
16.2 665
16.2167 662
16.2333 659
16.25 655
16.2667 652
16.2833 649
16.3 645
16.3167 642
16.3333 639
16.35 635
16.3667 632
16.3833 628
16.4 625
16.4167 622
16.4333 618
16.45 615
16.4667 611
16.4833 608
16.5 604
16.5167 601
16.5333 598
16.55 594
16.5667 591
16.5833 587
16.6 584
16.6167 580
16.6333 577
16.65 573
16.6667 569
16.6833 566
16.7 562
16.7167 559
16.7333 555
16.75 552
16.7667 548
16.7833 545
16.8 541
16.8167 537
16.8333 534
16.85 530
16.8667 526
16.8833 523
16.9 519
16.9167 516
16.9333 512
16.95 508
16.9667 505
16.9833 501
