8.0 361
8.0167 365
8.0333 368
8.05 372
8.0667 376
8.0833 379
8.1 383
8.1167 386
8.1333 390
8.15 394
8.1667 397
8.1833 401
8.2 405
8.2167 408
8.2333 412
8.25 415
8.2667 419
8.2833 423
8.3 426
8.3167 430
8.3333 433
8.35 437
8.3667 440
8.3833 444
8.4 448
8.4167 451
8.4333 455
8.45 458
8.4667 462
8.4833 465
8.5 469
8.5167 472
8.5333 476
8.55 480
8.5667 483
8.5833 487
8.6 490
8.6167 494
8.6333 497
8.65 501
8.6667 504
8.6833 508
8.7 511
8.7167 514
8.7333 518
8.75 521
8.7667 525
8.7833 528
8.8 532
8.8167 535
8.8333 539
8.85 542
8.8667 545
8.8833 549
8.9 552
8.9167 556
8.9333 559
8.95 562
8.9667 566
8.9833 569
9.0 572
9.0167 576
9.0333 579
9.05 582
9.0667 586
9.0833 589
9.1 592
9.1167 595
9.1333 599
9.15 602
9.1667 605
9.1833 608
9.2 612
9.2167 615
9.2333 618
9.25 621
9.2667 625
9.2833 628
9.3 631
9.3167 634
9.3333 637
9.35 640
9.3667 644
9.3833 647
9.4 650
9.4167 653
9.4333 656
9.45 659
9.4667 662
9.4833 665
9.5 668
9.5167 671
9.5333 674
9.55 677
9.5667 681
9.5833 683
9.6 686
9.6167 689
9.6333 692
9.65 695
9.6667 698
9.6833 701
9.7 704
9.7167 707
9.7333 710
9.75 713
9.7667 716
9.7833 719
9.8 721
9.8167 724
9.8333 727
9.85 730
9.8667 733
9.8833 736
9.9 738
9.9167 741
9.9333 744
9.95 747
9.9667 749
9.9833 752
10.0 755
10.0167 757
10.0333 760
10.05 763
10.0667 765
10.0833 768
10.1 771
10.1167 773
10.1333 776
10.15 778
10.1667 781
10.1833 783
10.2 786
10.2167 789
10.2333 791
10.25 794
10.2667 796
10.2833 798
10.3 801
10.3167 803
10.3333 806
10.35 808
10.3667 811
10.3833 813
10.4 815
10.4167 818
10.4333 820
10.45 822
10.4667 825
10.4833 827
10.5 829
10.5167 831
10.5333 834
10.55 836
10.5667 838
10.5833 840
10.6 843
10.6167 845
10.6333 847
10.65 849
10.6667 851
10.6833 853
10.7 855
10.7167 857
10.7333 860
10.75 862
10.7667 864
10.7833 866
10.8 868
10.8167 870
10.8333 872
10.85 874
10.8667 875
10.8833 877
10.9 879
10.9167 881
10.9333 883
10.95 885
10.9667 887
10.9833 889
11.0 890
11.0167 892
11.0333 894
11.05 896
11.0667 897
11.0833 899
11.1 901
11.1167 903
11.1333 904
11.15 906
11.1667 908
11.1833 909
11.2 911
11.2167 912
11.2333 914
11.25 916
11.2667 917
11.2833 919
11.3 920
11.3167 922
11.3333 923
11.35 925
11.3667 926
11.3833 927
11.4 929
11.4167 930
11.4333 932
11.45 933
11.4667 934
11.4833 936
11.5 937
11.5167 938
11.5333 939
11.55 941
11.5667 942
11.5833 943
11.6 944
11.6167 946
11.6333 947
11.65 948
11.6667 949
11.6833 950
11.7 951
11.7167 952
11.7333 953
11.75 954
11.7667 955
11.7833 956
11.8 957
11.8167 958
11.8333 959
11.85 960
11.8667 961
11.8833 962
11.9 963
11.9167 964
11.9333 965
11.95 966
11.9667 966
11.9833 967
12.0 968
12.0167 969
12.0333 969
12.05 970
12.0667 971
12.0833 971
12.1 972
12.1167 973
12.1333 973
12.15 974
12.1667 975
12.1833 975
12.2 976
12.2167 976
12.2333 977
12.25 977
12.2667 978
12.2833 978
12.3 979
12.3167 979
12.3333 980
12.35 980
12.3667 980
12.3833 981
12.4 981
12.4167 981
12.4333 982
12.45 982
12.4667 982
12.4833 982
12.5 983
12.5167 983
12.5333 983
12.55 983
12.5667 983
12.5833 983
12.6 984
12.6167 984
12.6333 984
12.65 984
12.6667 984
12.6833 984
12.7 984
12.7167 984
12.7333 984
12.75 984
12.7667 984
12.7833 984
12.8 983
12.8167 983
12.8333 983
12.85 983
12.8667 983
12.8833 983
12.9 982
12.9167 982
12.9333 982
12.95 982
12.9667 981
12.9833 981
13.0 981
13.0167 980
13.0333 980
13.05 980
13.0667 979
13.0833 979
13.1 978
13.1167 978
13.1333 977
13.15 977
13.1667 976
13.1833 976
13.2 975
13.2167 975
13.2333 974
13.25 973
13.2667 973
13.2833 972
13.3 972
13.3167 971
13.3333 970
13.35 969
13.3667 969
13.3833 968
13.4 967
13.4167 966
13.4333 966
13.45 965
13.4667 964
13.4833 963
13.5 962
13.5167 961
13.5333 960
13.55 959
13.5667 958
13.5833 958
13.6 957
13.6167 956
13.6333 955
13.65 953
13.6667 952
13.6833 951
13.7 950
13.7167 949
13.7333 948
13.75 947
13.7667 946
13.7833 945
13.8 943
13.8167 942
13.8333 941
13.85 940
13.8667 938
13.8833 937
13.9 936
13.9167 934
13.9333 933
13.95 932
13.9667 930
13.9833 929
14.0 928
14.0167 926
14.0333 925
14.05 923
14.0667 922
14.0833 920
14.1 919
14.1167 917
14.1333 916
14.15 914
14.1667 913
14.1833 911
14.2 909
14.2167 908
14.2333 906
14.25 904
14.2667 903
14.2833 901
14.3 899
14.3167 898
14.3333 896
14.35 894
14.3667 892
14.3833 891
14.4 889
14.4167 887
14.4333 885
14.45 883
14.4667 881
14.4833 880
14.5 878
14.5167 876
14.5333 874
14.55 872
14.5667 870
14.5833 868
14.6 866
14.6167 864
14.6333 862
14.65 860
14.6667 858
14.6833 856
14.7 854
14.7167 851
14.7333 849
14.75 847
14.7667 845
14.7833 843
14.8 841
14.8167 838
14.8333 836
14.85 834
14.8667 832
14.8833 829
14.9 827
14.9167 825
14.9333 823
14.95 820
14.9667 818
14.9833 816
15.0 813
15.0167 811
15.0333 809
15.05 806
15.0667 804
15.0833 801
15.1 799
15.1167 796
15.1333 794
15.15 791
15.1667 789
15.1833 786
15.2 784
15.2167 781
15.2333 779
15.25 776
15.2667 774
15.2833 771
15.3 768
15.3167 766
15.3333 763
15.35 760
15.3667 758
15.3833 755
15.4 752
15.4167 750
15.4333 747
15.45 744
15.4667 742
15.4833 739
15.5 736
15.5167 733
15.5333 730
15.55 728
15.5667 725
15.5833 722
15.6 719
15.6167 716
15.6333 713
15.65 710
15.6667 708
15.6833 705
15.7 702
15.7167 699
15.7333 696
15.75 693
15.7667 690
15.7833 687
15.8 684
15.8167 681
15.8333 678
15.85 675
15.8667 672
15.8833 669
15.9 666
15.9167 663
15.9333 660
15.95 657
15.9667 653
15.9833 650
16.0 647
16.0167 644
16.0333 641
16.05 638
16.0667 635
16.0833 632
16.1 628
16.1167 625
16.1333 622
16.15 619
16.1667 616
16.1833 612
16.2 609
16.2167 606
16.2333 603
16.25 599
16.2667 596
16.2833 593
16.3 589
16.3167 586
16.3333 583
16.35 579
16.3667 576
16.3833 573
16.4 569
16.4167 566
16.4333 563
16.45 559
16.4667 556
16.4833 553
16.5 549
16.5167 546
16.5333 542
16.55 539
16.5667 536
16.5833 532
16.6 529
16.6167 525
16.6333 522
16.65 518
16.6667 515
16.6833 511
16.7 508
16.7167 505
16.7333 501
16.75 498
16.7667 494
16.7833 491
16.8 487
16.8167 483
16.8333 480
16.85 476
16.8667 473
16.8833 469
16.9 466
16.9167 462
16.9333 459
16.95 455
16.9667 452
16.9833 448
