8.0 305
8.0167 308
8.0333 312
8.05 315
8.0667 319
8.0833 323
8.1 326
8.1167 330
8.1333 333
8.15 337
8.1667 340
8.1833 344
8.2 348
8.2167 351
8.2333 355
8.25 358
8.2667 362
8.2833 366
8.3 369
8.3167 373
8.3333 376
8.35 380
8.3667 384
8.3833 387
8.4 391
8.4167 394
8.4333 398
8.45 401
8.4667 405
8.4833 409
8.5 412
8.5167 416
8.5333 419
8.55 423
8.5667 426
8.5833 430
8.6 433
8.6167 437
8.6333 441
8.65 444
8.6667 448
8.6833 451
8.7 455
8.7167 458
8.7333 462
8.75 465
8.7667 469
8.7833 472
8.8 476
8.8167 479
8.8333 483
8.85 486
8.8667 490
8.8833 493
8.9 496
8.9167 500
8.9333 503
8.95 507
8.9667 510
8.9833 514
9.0 517
9.0167 520
9.0333 524
9.05 527
9.0667 530
9.0833 534
9.1 537
9.1167 541
9.1333 544
9.15 547
9.1667 551
9.1833 554
9.2 557
9.2167 561
9.2333 564
9.25 567
9.2667 570
9.2833 574
9.3 577
9.3167 580
9.3333 583
9.35 587
9.3667 590
9.3833 593
9.4 596
9.4167 600
9.4333 603
9.45 606
9.4667 609
9.4833 612
9.5 615
9.5167 619
9.5333 622
9.55 625
9.5667 628
9.5833 631
9.6 634
9.6167 637
9.6333 640
9.65 643
9.6667 646
9.6833 649
9.7 653
9.7167 656
9.7333 659
9.75 662
9.7667 665
9.7833 667
9.8 670
9.8167 673
9.8333 676
9.85 679
9.8667 682
9.8833 685
9.9 688
9.9167 691
9.9333 694
9.95 697
9.9667 699
9.9833 702
10.0 705
10.0167 708
10.0333 711
10.05 713
10.0667 716
10.0833 719
10.1 722
10.1167 724
10.1333 727
10.15 730
10.1667 732
10.1833 735
10.2 738
10.2167 740
10.2333 743
10.25 746
10.2667 748
10.2833 751
10.3 753
10.3167 756
10.3333 759
10.35 761
10.3667 764
10.3833 766
10.4 769
10.4167 771
10.4333 774
10.45 776
10.4667 778
10.4833 781
10.5 783
10.5167 786
10.5333 788
10.55 790
10.5667 793
10.5833 795
10.6 797
10.6167 800
10.6333 802
10.65 804
10.6667 806
10.6833 809
10.7 811
10.7167 813
10.7333 815
10.75 817
10.7667 820
10.7833 822
10.8 824
10.8167 826
10.8333 828
10.85 830
10.8667 832
10.8833 834
10.9 836
10.9167 838
10.9333 840
10.95 842
10.9667 844
10.9833 846
11.0 848
11.0167 850
11.0333 852
11.05 854
11.0667 856
11.0833 858
11.1 860
11.1167 861
11.1333 863
11.15 865
11.1667 867
11.1833 868
11.2 870
11.2167 872
11.2333 874
11.25 875
11.2667 877
11.2833 879
11.3 880
11.3167 882
11.3333 884
11.35 885
11.3667 887
11.3833 888
11.4 890
11.4167 891
11.4333 893
11.45 894
11.4667 896
11.4833 897
11.5 899
11.5167 900
11.5333 902
11.55 903
11.5667 904
11.5833 906
11.6 907
11.6167 908
11.6333 910
11.65 911
11.6667 912
11.6833 913
11.7 915
11.7167 916
11.7333 917
11.75 918
11.7667 919
11.7833 920
11.8 922
11.8167 923
11.8333 924
11.85 925
11.8667 926
11.8833 927
11.9 928
11.9167 929
11.9333 930
11.95 931
11.9667 932
11.9833 933
12.0 934
12.0167 934
12.0333 935
12.05 936
12.0667 937
12.0833 938
12.1 939
12.1167 939
12.1333 940
12.15 941
12.1667 942
12.1833 942
12.2 943
12.2167 944
12.2333 944
12.25 945
12.2667 945
12.2833 946
12.3 947
12.3167 947
12.3333 948
12.35 948
12.3667 949
12.3833 949
12.4 950
12.4167 950
12.4333 950
12.45 951
12.4667 951
12.4833 952
12.5 952
12.5167 952
12.5333 953
12.55 953
12.5667 953
12.5833 953
12.6 954
12.6167 954
12.6333 954
12.65 954
12.6667 954
12.6833 955
12.7 955
12.7167 955
12.7333 955
12.75 955
12.7667 955
12.7833 955
12.8 955
12.8167 955
12.8333 955
12.85 955
12.8667 955
12.8833 955
12.9 955
12.9167 954
12.9333 954
12.95 954
12.9667 954
12.9833 954
13.0 954
13.0167 953
13.0333 953
13.05 953
13.0667 953
13.0833 952
13.1 952
13.1167 952
13.1333 951
13.15 951
13.1667 950
13.1833 950
13.2 949
13.2167 949
13.2333 949
13.25 948
13.2667 948
13.2833 947
13.3 946
13.3167 946
13.3333 945
13.35 945
13.3667 944
13.3833 943
13.4 943
13.4167 942
13.4333 941
13.45 941
13.4667 940
13.4833 939
13.5 938
13.5167 938
13.5333 937
13.55 936
13.5667 935
13.5833 934
13.6 933
13.6167 932
13.6333 931
13.65 931
13.6667 930
13.6833 929
13.7 928
13.7167 927
13.7333 926
13.75 924
13.7667 923
13.7833 922
13.8 921
13.8167 920
13.8333 919
13.85 918
13.8667 917
13.8833 915
13.9 914
13.9167 913
13.9333 912
13.95 910
13.9667 909
13.9833 908
14.0 907
14.0167 905
14.0333 904
14.05 903
14.0667 901
14.0833 900
14.1 898
14.1167 897
14.1333 895
14.15 894
14.1667 892
14.1833 891
14.2 889
14.2167 888
14.2333 886
14.25 885
14.2667 883
14.2833 882
14.3 880
14.3167 878
14.3333 877
14.35 875
14.3667 873
14.3833 871
14.4 870
14.4167 868
14.4333 866
14.45 864
14.4667 863
14.4833 861
14.5 859
14.5167 857
14.5333 855
14.55 853
14.5667 852
14.5833 850
14.6 848
14.6167 846
14.6333 844
14.65 842
14.6667 840
14.6833 838
14.7 836
14.7167 834
14.7333 832
14.75 830
14.7667 828
14.7833 825
14.8 823
14.8167 821
14.8333 819
14.85 817
14.8667 815
14.8833 812
14.9 810
14.9167 808
14.9333 806
14.95 804
14.9667 801
14.9833 799
15.0 797
15.0167 794
15.0333 792
15.05 790
15.0667 787
15.0833 785
15.1 782
15.1167 780
15.1333 778
15.15 775
15.1667 773
15.1833 770
15.2 768
15.2167 765
15.2333 763
15.25 760
15.2667 758
15.2833 755
15.3 753
15.3167 750
15.3333 747
15.35 745
15.3667 742
15.3833 740
15.4 737
15.4167 734
15.4333 732
15.45 729
15.4667 726
15.4833 723
15.5 721
15.5167 718
15.5333 715
15.55 712
15.5667 710
15.5833 707
15.6 704
15.6167 701
15.6333 698
15.65 696
15.6667 693
15.6833 690
15.7 687
15.7167 684
15.7333 681
15.75 678
15.7667 675
15.7833 672
15.8 669
15.8167 666
15.8333 664
15.85 661
15.8667 658
15.8833 655
15.9 652
15.9167 648
15.9333 645
15.95 642
15.9667 639
15.9833 636
16.0 633
16.0167 630
16.0333 627
16.05 624
16.0667 621
16.0833 618
16.1 614
16.1167 611
16.1333 608
16.15 605
16.1667 602
16.1833 599
16.2 595
16.2167 592
16.2333 589
16.25 586
16.2667 582
16.2833 579
16.3 576
16.3167 573
16.3333 569
16.35 566
16.3667 563
16.3833 559
16.4 556
16.4167 553
16.4333 549
16.45 546
16.4667 543
16.4833 539
16.5 536
16.5167 533
16.5333 529
16.55 526
16.5667 522
16.5833 519
16.6 516
16.6167 512
16.6333 509
16.65 505
16.6667 502
16.6833 498
16.7 495
16.7167 492
16.7333 488
16.75 485
16.7667 481
16.7833 478
16.8 474
16.8167 471
16.8333 467
16.85 464
16.8667 460
16.8833 457
16.9 453
16.9167 450
16.9333 446
16.95 443
16.9667 439
16.9833 435
