8.0 339
8.0167 343
8.0333 347
8.05 350
8.0667 354
8.0833 358
8.1 362
8.1167 366
8.1333 369
8.15 373
8.1667 377
8.1833 381
8.2 384
8.2167 388
8.2333 392
8.25 396
8.2667 400
8.2833 403
8.3 407
8.3167 411
8.3333 415
8.35 418
8.3667 422
8.3833 426
8.4 430
8.4167 433
8.4333 437
8.45 441
8.4667 445
8.4833 448
8.5 452
8.5167 456
8.5333 460
8.55 463
8.5667 467
8.5833 471
8.6 474
8.6167 478
8.6333 482
8.65 485
8.6667 489
8.6833 493
8.7 496
8.7167 500
8.7333 504
8.75 507
8.7667 511
8.7833 515
8.8 518
8.8167 522
8.8333 526
8.85 529
8.8667 533
8.8833 536
8.9 540
8.9167 543
8.9333 547
8.95 551
8.9667 554
8.9833 558
9.0 561
9.0167 564
9.0333 568
9.05 572
9.0667 575
9.0833 578
9.1 582
9.1167 585
9.1333 589
9.15 592
9.1667 596
9.1833 599
9.2 603
9.2167 606
9.2333 610
9.25 613
9.2667 616
9.2833 620
9.3 623
9.3167 626
9.3333 630
9.35 633
9.3667 636
9.3833 640
9.4 643
9.4167 646
9.4333 650
9.45 653
9.4667 656
9.4833 659
9.5 663
9.5167 666
9.5333 669
9.55 672
9.5667 676
9.5833 679
9.6 682
9.6167 685
9.6333 688
9.65 691
9.6667 695
9.6833 698
9.7 701
9.7167 704
9.7333 707
9.75 710
9.7667 713
9.7833 716
9.8 719
9.8167 722
9.8333 725
9.85 728
9.8667 731
9.8833 734
9.9 737
9.9167 740
9.9333 743
9.95 746
9.9667 749
9.9833 752
10.0 755
10.0167 757
10.0333 760
10.05 763
10.0667 766
10.0833 769
10.1 772
10.1167 774
10.1333 777
10.15 780
10.1667 783
10.1833 785
10.2 788
10.2167 791
10.2333 793
10.25 796
10.2667 799
10.2833 801
10.3 804
10.3167 807
10.3333 809
10.35 812
10.3667 814
10.3833 817
10.4 819
10.4167 822
10.4333 825
10.45 827
10.4667 830
10.4833 832
10.5 834
10.5167 837
10.5333 839
10.55 842
10.5667 844
10.5833 846
10.6 849
10.6167 851
10.6333 853
10.65 856
10.6667 858
10.6833 860
10.7 863
10.7167 865
10.7333 867
10.75 869
10.7667 872
10.7833 874
10.8 876
10.8167 878
10.8333 880
10.85 882
10.8667 884
10.8833 887
10.9 889
10.9167 891
10.9333 893
10.95 895
10.9667 897
10.9833 899
11.0 901
11.0167 903
11.0333 905
11.05 907
11.0667 908
11.0833 910
11.1 912
11.1167 914
11.1333 916
11.15 918
11.1667 920
11.1833 921
11.2 923
11.2167 925
11.2333 927
11.25 928
11.2667 930
11.2833 932
11.3 933
11.3167 935
11.3333 937
11.35 938
11.3667 940
11.3833 941
11.4 943
11.4167 945
11.4333 946
11.45 948
11.4667 949
11.4833 951
11.5 952
11.5167 954
11.5333 955
11.55 956
11.5667 958
11.5833 959
11.6 960
11.6167 962
11.6333 963
11.65 964
11.6667 966
11.6833 967
11.7 968
11.7167 969
11.7333 971
11.75 972
11.7667 973
11.7833 974
11.8 975
11.8167 976
11.8333 978
11.85 979
11.8667 980
11.8833 981
11.9 982
11.9167 983
11.9333 984
11.95 985
11.9667 986
11.9833 987
12.0 987
12.0167 988
12.0333 989
12.05 990
12.0667 991
12.0833 992
12.1 993
12.1167 993
12.1333 994
12.15 995
12.1667 996
12.1833 996
12.2 997
12.2167 998
12.2333 998
12.25 999
12.2667 1000
12.2833 1000
12.3 1001
12.3167 1001
12.3333 1002
12.35 1002
12.3667 1003
12.3833 1003
12.4 1004
12.4167 1004
12.4333 1005
12.45 1005
12.4667 1006
12.4833 1006
12.5 1006
12.5167 1007
12.5333 1007
12.55 1007
12.5667 1007
12.5833 1008
12.6 1008
12.6167 1008
12.6333 1008
12.65 1009
12.6667 1009
12.6833 1009
12.7 1009
12.7167 1009
12.7333 1009
12.75 1009
12.7667 1009
12.7833 1009
12.8 1009
12.8167 1009
12.8333 1009
12.85 1009
12.8667 1009
12.8833 1009
12.9 1009
12.9167 1009
12.9333 1009
12.95 1008
12.9667 1008
12.9833 1008
13.0 1008
13.0167 1008
13.0333 1007
13.05 1007
13.0667 1007
13.0833 1006
13.1 1006
13.1167 1006
13.1333 1005
13.15 1005
13.1667 1005
13.1833 1004
13.2 1004
13.2167 1003
13.2333 1003
13.25 1002
13.2667 1002
13.2833 1001
13.3 1001
13.3167 1000
13.3333 999
13.35 999
13.3667 998
13.3833 998
13.4 997
13.4167 996
13.4333 995
13.45 995
13.4667 994
13.4833 993
13.5 992
13.5167 992
13.5333 991
13.55 990
13.5667 989
13.5833 988
13.6 987
13.6167 986
13.6333 985
13.65 984
13.6667 983
13.6833 983
13.7 981
13.7167 980
13.7333 979
13.75 978
13.7667 977
13.7833 976
13.8 975
13.8167 974
13.8333 973
13.85 972
13.8667 970
13.8833 969
13.9 968
13.9167 967
13.9333 965
13.95 964
13.9667 963
13.9833 961
14.0 960
14.0167 959
14.0333 957
14.05 956
14.0667 955
14.0833 953
14.1 952
14.1167 950
14.1333 949
14.15 947
14.1667 946
14.1833 944
14.2 943
14.2167 941
14.2333 940
14.25 938
14.2667 936
14.2833 935
14.3 933
14.3167 931
14.3333 930
14.35 928
14.3667 926
14.3833 924
14.4 923
14.4167 921
14.4333 919
14.45 917
14.4667 915
14.4833 914
14.5 912
14.5167 910
14.5333 908
14.55 906
14.5667 904
14.5833 902
14.6 900
14.6167 898
14.6333 896
14.65 894
14.6667 892
14.6833 890
14.7 888
14.7167 886
14.7333 884
14.75 882
14.7667 880
14.7833 878
14.8 875
14.8167 873
14.8333 871
14.85 869
14.8667 867
14.8833 864
14.9 862
14.9167 860
14.9333 858
14.95 855
14.9667 853
14.9833 851
15.0 848
15.0167 846
15.0333 843
15.05 841
15.0667 839
15.0833 836
15.1 834
15.1167 831
15.1333 829
15.15 826
15.1667 824
15.1833 821
15.2 819
15.2167 816
15.2333 814
15.25 811
15.2667 808
15.2833 806
15.3 803
15.3167 801
15.3333 798
15.35 795
15.3667 793
15.3833 790
15.4 787
15.4167 784
15.4333 782
15.45 779
15.4667 776
15.4833 773
15.5 771
15.5167 768
15.5333 765
15.55 762
15.5667 759
15.5833 757
15.6 754
15.6167 751
15.6333 748
15.65 745
15.6667 742
15.6833 739
15.7 736
15.7167 733
15.7333 730
15.75 727
15.7667 724
15.7833 721
15.8 718
15.8167 715
15.8333 712
15.85 709
15.8667 706
15.8833 703
15.9 700
15.9167 697
15.9333 694
15.95 690
15.9667 687
15.9833 684
16.0 681
16.0167 678
16.0333 675
16.05 671
16.0667 668
16.0833 665
16.1 662
16.1167 658
16.1333 655
16.15 652
16.1667 649
16.1833 645
16.2 642
16.2167 639
16.2333 635
16.25 632
16.2667 629
16.2833 625
16.3 622
16.3167 619
16.3333 615
16.35 612
16.3667 608
16.3833 605
16.4 602
16.4167 598
16.4333 595
16.45 591
16.4667 588
16.4833 584
16.5 581
16.5167 577
16.5333 574
16.55 570
16.5667 567
16.5833 563
16.6 560
16.6167 556
16.6333 553
16.65 549
16.6667 546
16.6833 542
16.7 539
16.7167 535
16.7333 531
16.75 528
16.7667 524
16.7833 521
16.8 517
16.8167 513
16.8333 510
16.85 506
16.8667 502
16.8833 499
16.9 495
16.9167 491
16.9333 488
16.95 484
16.9667 480
16.9833 477
