8.0 328
8.0167 332
8.0333 336
8.05 339
8.0667 343
8.0833 347
8.1 350
8.1167 354
8.1333 358
8.15 361
8.1667 365
8.1833 369
8.2 372
8.2167 376
8.2333 380
8.25 383
8.2667 387
8.2833 391
8.3 394
8.3167 398
8.3333 402
8.35 405
8.3667 409
8.3833 413
8.4 416
8.4167 420
8.4333 424
8.45 427
8.4667 431
8.4833 435
8.5 438
8.5167 442
8.5333 446
8.55 449
8.5667 453
8.5833 456
8.6 460
8.6167 464
8.6333 467
8.65 471
8.6667 474
8.6833 478
8.7 482
8.7167 485
8.7333 489
8.75 492
8.7667 496
8.7833 499
8.8 503
8.8167 506
8.8333 510
8.85 513
8.8667 517
8.8833 520
8.9 524
8.9167 527
8.9333 531
8.95 534
8.9667 538
8.9833 541
9.0 545
9.0167 548
9.0333 551
9.05 555
9.0667 558
9.0833 562
9.1 565
9.1167 569
9.1333 572
9.15 575
9.1667 579
9.1833 582
9.2 585
9.2167 589
9.2333 592
9.25 595
9.2667 599
9.2833 602
9.3 605
9.3167 609
9.3333 612
9.35 615
9.3667 619
9.3833 622
9.4 625
9.4167 628
9.4333 631
9.45 635
9.4667 638
9.4833 641
9.5 644
9.5167 647
9.5333 651
9.55 654
9.5667 657
9.5833 660
9.6 663
9.6167 666
9.6333 669
9.65 672
9.6667 675
9.6833 679
9.7 682
9.7167 685
9.7333 688
9.75 691
9.7667 694
9.7833 697
9.8 700
9.8167 703
9.8333 706
9.85 708
9.8667 711
9.8833 714
9.9 717
9.9167 720
9.9333 723
9.95 726
9.9667 729
9.9833 732
10.0 734
10.0167 737
10.0333 740
10.05 743
10.0667 746
10.0833 748
10.1 751
10.1167 754
10.1333 757
10.15 759
10.1667 762
10.1833 765
10.2 767
10.2167 770
10.2333 773
10.25 775
10.2667 778
10.2833 780
10.3 783
10.3167 786
10.3333 788
10.35 791
10.3667 793
10.3833 796
10.4 798
10.4167 801
10.4333 803
10.45 806
10.4667 808
10.4833 811
10.5 813
10.5167 815
10.5333 818
10.55 820
10.5667 822
10.5833 825
10.6 827
10.6167 829
10.6333 832
10.65 834
10.6667 836
10.6833 838
10.7 841
10.7167 843
10.7333 845
10.75 847
10.7667 849
10.7833 852
10.8 854
10.8167 856
10.8333 858
10.85 860
10.8667 862
10.8833 864
10.9 866
10.9167 868
10.9333 870
10.95 872
10.9667 874
10.9833 876
11.0 878
11.0167 880
11.0333 882
11.05 884
11.0667 886
11.0833 888
11.1 889
11.1167 891
11.1333 893
11.15 895
11.1667 897
11.1833 898
11.2 900
11.2167 902
11.2333 904
11.25 905
11.2667 907
11.2833 909
11.3 910
11.3167 912
11.3333 914
11.35 915
11.3667 917
11.3833 918
11.4 920
11.4167 921
11.4333 923
11.45 924
11.4667 926
11.4833 927
11.5 929
11.5167 930
11.5333 932
11.55 933
11.5667 934
11.5833 936
11.6 937
11.6167 938
11.6333 940
11.65 941
11.6667 942
11.6833 943
11.7 945
11.7167 946
11.7333 947
11.75 948
11.7667 949
11.7833 950
11.8 952
11.8167 953
11.8333 954
11.85 955
11.8667 956
11.8833 957
11.9 958
11.9167 959
11.9333 960
11.95 961
11.9667 962
11.9833 963
12.0 964
12.0167 964
12.0333 965
12.05 966
12.0667 967
12.0833 968
12.1 969
12.1167 969
12.1333 970
12.15 971
12.1667 972
12.1833 972
12.2 973
12.2167 974
12.2333 974
12.25 975
12.2667 975
12.2833 976
12.3 977
12.3167 977
12.3333 978
12.35 978
12.3667 979
12.3833 979
12.4 980
12.4167 980
12.4333 980
12.45 981
12.4667 981
12.4833 982
12.5 982
12.5167 982
12.5333 983
12.55 983
12.5667 983
12.5833 983
12.6 984
12.6167 984
12.6333 984
12.65 984
12.6667 984
12.6833 984
12.7 985
12.7167 985
12.7333 985
12.75 985
12.7667 985
12.7833 985
12.8 985
12.8167 985
12.8333 985
12.85 985
12.8667 985
12.8833 985
12.9 985
12.9167 984
12.9333 984
12.95 984
12.9667 984
12.9833 984
13.0 983
13.0167 983
13.0333 983
13.05 983
13.0667 982
13.0833 982
13.1 982
13.1167 981
13.1333 981
13.15 981
13.1667 980
13.1833 980
13.2 979
13.2167 979
13.2333 978
13.25 978
13.2667 977
13.2833 977
13.3 976
13.3167 976
13.3333 975
13.35 974
13.3667 974
13.3833 973
13.4 972
13.4167 972
13.4333 971
13.45 970
13.4667 970
13.4833 969
13.5 968
13.5167 967
13.5333 966
13.55 966
13.5667 965
13.5833 964
13.6 963
13.6167 962
13.6333 961
13.65 960
13.6667 959
13.6833 958
13.7 957
13.7167 956
13.7333 955
13.75 954
13.7667 953
13.7833 952
13.8 951
13.8167 950
13.8333 949
13.85 947
13.8667 946
13.8833 945
13.9 944
13.9167 943
13.9333 941
13.95 940
13.9667 939
13.9833 937
14.0 936
14.0167 935
14.0333 933
14.05 932
14.0667 931
14.0833 929
14.1 928
14.1167 926
14.1333 925
14.15 923
14.1667 922
14.1833 920
14.2 919
14.2167 917
14.2333 916
14.25 914
14.2667 913
14.2833 911
14.3 909
14.3167 908
14.3333 906
14.35 904
14.3667 903
14.3833 901
14.4 899
14.4167 897
14.4333 896
14.45 894
14.4667 892
14.4833 890
14.5 888
14.5167 887
14.5333 885
14.55 883
14.5667 881
14.5833 879
14.6 877
14.6167 875
14.6333 873
14.65 871
14.6667 869
14.6833 867
14.7 865
14.7167 863
14.7333 861
14.75 859
14.7667 857
14.7833 855
14.8 852
14.8167 850
14.8333 848
14.85 846
14.8667 844
14.8833 842
14.9 839
14.9167 837
14.9333 835
14.95 833
14.9667 830
14.9833 828
15.0 826
15.0167 823
15.0333 821
15.05 819
15.0667 816
15.0833 814
15.1 811
15.1167 809
15.1333 807
15.15 804
15.1667 802
15.1833 799
15.2 797
15.2167 794
15.2333 792
15.25 789
15.2667 787
15.2833 784
15.3 781
15.3167 779
15.3333 776
15.35 774
15.3667 771
15.3833 768
15.4 766
15.4167 763
15.4333 760
15.45 758
15.4667 755
15.4833 752
15.5 749
15.5167 747
15.5333 744
15.55 741
15.5667 738
15.5833 735
15.6 733
15.6167 730
15.6333 727
15.65 724
15.6667 721
15.6833 718
15.7 715
15.7167 713
15.7333 710
15.75 707
15.7667 704
15.7833 701
15.8 698
15.8167 695
15.8333 692
15.85 689
15.8667 686
15.8833 683
15.9 680
15.9167 677
15.9333 674
15.95 670
15.9667 667
15.9833 664
16.0 661
16.0167 658
16.0333 655
16.05 652
16.0667 649
16.0833 645
16.1 642
16.1167 639
16.1333 636
16.15 633
16.1667 629
16.1833 626
16.2 623
16.2167 620
16.2333 616
16.25 613
16.2667 610
16.2833 607
16.3 603
16.3167 600
16.3333 597
16.35 593
16.3667 590
16.3833 587
16.4 583
16.4167 580
16.4333 577
16.45 573
16.4667 570
16.4833 566
16.5 563
16.5167 560
16.5333 556
16.55 553
16.5667 549
16.5833 546
16.6 542
16.6167 539
16.6333 535
16.65 532
16.6667 528
16.6833 525
16.7 521
16.7167 518
16.7333 514
16.75 511
16.7667 507
16.7833 504
16.8 500
16.8167 497
16.8333 493
16.85 490
16.8667 486
16.8833 483
16.9 479
16.9167 475
16.9333 472
16.95 468
16.9667 465
16.9833 461
