8.0 337
8.0167 340
8.0333 344
8.05 348
8.0667 351
8.0833 355
8.1 359
8.1167 362
8.1333 366
8.15 370
8.1667 373
8.1833 377
8.2 381
8.2167 384
8.2333 388
8.25 392
8.2667 395
8.2833 399
8.3 403
8.3167 406
8.3333 410
8.35 413
8.3667 417
8.3833 421
8.4 424
8.4167 428
8.4333 432
8.45 435
8.4667 439
8.4833 442
8.5 446
8.5167 450
8.5333 453
8.55 457
8.5667 460
8.5833 464
8.6 468
8.6167 471
8.6333 475
8.65 478
8.6667 482
8.6833 485
8.7 489
8.7167 493
8.7333 496
8.75 500
8.7667 503
8.7833 507
8.8 510
8.8167 514
8.8333 517
8.85 521
8.8667 524
8.8833 528
8.9 531
8.9167 534
8.9333 538
8.95 541
8.9667 545
8.9833 548
9.0 552
9.0167 555
9.0333 558
9.05 562
9.0667 565
9.0833 568
9.1 572
9.1167 575
9.1333 579
9.15 582
9.1667 585
9.1833 589
9.2 592
9.2167 595
9.2333 599
9.25 602
9.2667 605
9.2833 608
9.3 612
9.3167 615
9.3333 618
9.35 621
9.3667 625
9.3833 628
9.4 631
9.4167 634
9.4333 637
9.45 641
9.4667 644
9.4833 647
9.5 650
9.5167 653
9.5333 656
9.55 660
9.5667 663
9.5833 666
9.6 669
9.6167 672
9.6333 675
9.65 678
9.6667 681
9.6833 684
9.7 687
9.7167 690
9.7333 693
9.75 696
9.7667 699
9.7833 702
9.8 705
9.8167 708
9.8333 711
9.85 714
9.8667 717
9.8833 720
9.9 722
9.9167 725
9.9333 728
9.95 731
9.9667 734
9.9833 737
10.0 739
10.0167 742
10.0333 745
10.05 748
10.0667 750
10.0833 753
10.1 756
10.1167 759
10.1333 761
10.15 764
10.1667 767
10.1833 769
10.2 772
10.2167 775
10.2333 777
10.25 780
10.2667 782
10.2833 785
10.3 787
10.3167 790
10.3333 792
10.35 795
10.3667 798
10.3833 800
10.4 802
10.4167 805
10.4333 807
10.45 810
10.4667 812
10.4833 815
10.5 817
10.5167 819
10.5333 822
10.55 824
10.5667 826
10.5833 829
10.6 831
10.6167 833
10.6333 835
10.65 838
10.6667 840
10.6833 842
10.7 844
10.7167 847
10.7333 849
10.75 851
10.7667 853
10.7833 855
10.8 857
10.8167 859
10.8333 861
10.85 864
10.8667 866
10.8833 868
10.9 870
10.9167 872
10.9333 874
10.95 876
10.9667 878
10.9833 879
11.0 881
11.0167 883
11.0333 885
11.05 887
11.0667 889
11.0833 891
11.1 893
11.1167 894
11.1333 896
11.15 898
11.1667 900
11.1833 901
11.2 903
11.2167 905
11.2333 906
11.25 908
11.2667 910
11.2833 911
11.3 913
11.3167 915
11.3333 916
11.35 918
11.3667 919
11.3833 921
11.4 922
11.4167 924
11.4333 925
11.45 927
11.4667 928
11.4833 930
11.5 931
11.5167 933
11.5333 934
11.55 935
11.5667 937
11.5833 938
11.6 939
11.6167 941
11.6333 942
11.65 943
11.6667 944
11.6833 946
11.7 947
11.7167 948
11.7333 949
11.75 950
11.7667 951
11.7833 952
11.8 954
11.8167 955
11.8333 956
11.85 957
11.8667 958
11.8833 959
11.9 960
11.9167 961
11.9333 962
11.95 963
11.9667 964
11.9833 964
12.0 965
12.0167 966
12.0333 967
12.05 968
12.0667 969
12.0833 969
12.1 970
12.1167 971
12.1333 972
12.15 972
12.1667 973
12.1833 974
12.2 974
12.2167 975
12.2333 976
12.25 976
12.2667 977
12.2833 978
12.3 978
12.3167 979
12.3333 979
12.35 980
12.3667 980
12.3833 981
12.4 981
12.4167 981
12.4333 982
12.45 982
12.4667 983
12.4833 983
12.5 983
12.5167 984
12.5333 984
12.55 984
12.5667 984
12.5833 985
12.6 985
12.6167 985
12.6333 985
12.65 985
12.6667 986
12.6833 986
12.7 986
12.7167 986
12.7333 986
12.75 986
12.7667 986
12.7833 986
12.8 986
12.8167 986
12.8333 986
12.85 986
12.8667 986
12.8833 986
12.9 986
12.9167 985
12.9333 985
12.95 985
12.9667 985
12.9833 985
13.0 984
13.0167 984
13.0333 984
13.05 984
13.0667 983
13.0833 983
13.1 983
13.1167 982
13.1333 982
13.15 981
13.1667 981
13.1833 981
13.2 980
13.2167 980
13.2333 979
13.25 979
13.2667 978
13.2833 978
13.3 977
13.3167 976
13.3333 976
13.35 975
13.3667 975
13.3833 974
13.4 973
13.4167 973
13.4333 972
13.45 971
13.4667 970
13.4833 970
13.5 969
13.5167 968
13.5333 967
13.55 966
13.5667 965
13.5833 965
13.6 964
13.6167 963
13.6333 962
13.65 961
13.6667 960
13.6833 959
13.7 958
13.7167 957
13.7333 956
13.75 955
13.7667 954
13.7833 953
13.8 952
13.8167 950
13.8333 949
13.85 948
13.8667 947
13.8833 946
13.9 945
13.9167 943
13.9333 942
13.95 941
13.9667 939
13.9833 938
14.0 937
14.0167 935
14.0333 934
14.05 933
14.0667 931
14.0833 930
14.1 929
14.1167 927
14.1333 926
14.15 924
14.1667 923
14.1833 921
14.2 920
14.2167 918
14.2333 916
14.25 915
14.2667 913
14.2833 912
14.3 910
14.3167 908
14.3333 907
14.35 905
14.3667 903
14.3833 902
14.4 900
14.4167 898
14.4333 896
14.45 895
14.4667 893
14.4833 891
14.5 889
14.5167 887
14.5333 885
14.55 884
14.5667 882
14.5833 880
14.6 878
14.6167 876
14.6333 874
14.65 872
14.6667 870
14.6833 868
14.7 866
14.7167 864
14.7333 862
14.75 860
14.7667 858
14.7833 856
14.8 853
14.8167 851
14.8333 849
14.85 847
14.8667 845
14.8833 843
14.9 840
14.9167 838
14.9333 836
14.95 834
14.9667 831
14.9833 829
15.0 827
15.0167 824
15.0333 822
15.05 820
15.0667 817
15.0833 815
15.1 813
15.1167 810
15.1333 808
15.15 805
15.1667 803
15.1833 800
15.2 798
15.2167 795
15.2333 793
15.25 790
15.2667 788
15.2833 785
15.3 783
15.3167 780
15.3333 778
15.35 775
15.3667 772
15.3833 770
15.4 767
15.4167 764
15.4333 762
15.45 759
15.4667 756
15.4833 754
15.5 751
15.5167 748
15.5333 745
15.55 743
15.5667 740
15.5833 737
15.6 734
15.6167 731
15.6333 729
15.65 726
15.6667 723
15.6833 720
15.7 717
15.7167 714
15.7333 711
15.75 708
15.7667 705
15.7833 702
15.8 699
15.8167 697
15.8333 694
15.85 691
15.8667 688
15.8833 685
15.9 681
15.9167 678
15.9333 675
15.95 672
15.9667 669
15.9833 666
16.0 663
16.0167 660
16.0333 657
16.05 654
16.0667 651
16.0833 647
16.1 644
16.1167 641
16.1333 638
16.15 635
16.1667 632
16.1833 628
16.2 625
16.2167 622
16.2333 619
16.25 615
16.2667 612
16.2833 609
16.3 606
16.3167 602
16.3333 599
16.35 596
16.3667 592
16.3833 589
16.4 586
16.4167 582
16.4333 579
16.45 576
16.4667 572
16.4833 569
16.5 566
16.5167 562
16.5333 559
16.55 555
16.5667 552
16.5833 549
16.6 545
16.6167 542
16.6333 538
16.65 535
16.6667 531
16.6833 528
16.7 524
16.7167 521
16.7333 517
16.75 514
16.7667 510
16.7833 507
16.8 503
16.8167 500
16.8333 496
16.85 493
16.8667 489
16.8833 486
16.9 482
16.9167 479
16.9333 475
16.95 471
16.9667 468
16.9833 464
