8.0 357
8.0167 360
8.0333 364
8.05 368
8.0667 372
8.0833 375
8.1 379
8.1167 383
8.1333 387
8.15 390
8.1667 394
8.1833 398
8.2 401
8.2167 405
8.2333 409
8.25 413
8.2667 416
8.2833 420
8.3 424
8.3167 427
8.3333 431
8.35 435
8.3667 438
8.3833 442
8.4 446
8.4167 449
8.4333 453
8.45 457
8.4667 460
8.4833 464
8.5 468
8.5167 471
8.5333 475
8.55 479
8.5667 482
8.5833 486
8.6 490
8.6167 493
8.6333 497
8.65 500
8.6667 504
8.6833 508
8.7 511
8.7167 515
8.7333 518
8.75 522
8.7667 525
8.7833 529
8.8 532
8.8167 536
8.8333 540
8.85 543
8.8667 547
8.8833 550
8.9 554
8.9167 557
8.9333 561
8.95 564
8.9667 568
8.9833 571
9.0 574
9.0167 578
9.0333 581
9.05 584
9.0667 588
9.0833 591
9.1 595
9.1167 598
9.1333 601
9.15 605
9.1667 608
9.1833 612
9.2 615
9.2167 618
9.2333 622
9.25 625
9.2667 628
9.2833 632
9.3 635
9.3167 638
9.3333 641
9.35 645
9.3667 648
9.3833 651
9.4 654
9.4167 658
9.4333 661
9.45 664
9.4667 667
9.4833 670
9.5 674
9.5167 677
9.5333 680
9.55 683
9.5667 686
9.5833 689
9.6 692
9.6167 695
9.6333 698
9.65 702
9.6667 705
9.6833 708
9.7 711
9.7167 714
9.7333 717
9.75 720
9.7667 723
9.7833 726
9.8 729
9.8167 732
9.8333 734
9.85 737
9.8667 740
9.8833 743
9.9 746
9.9167 749
9.9333 752
9.95 755
9.9667 757
9.9833 760
10.0 763
10.0167 766
10.0333 769
10.05 771
10.0667 774
10.0833 777
10.1 780
10.1167 782
10.1333 785
10.15 788
10.1667 790
10.1833 793
10.2 796
10.2167 798
10.2333 801
10.25 804
10.2667 806
10.2833 809
10.3 811
10.3167 814
10.3333 816
10.35 819
10.3667 821
10.3833 824
10.4 826
10.4167 829
10.4333 831
10.45 834
10.4667 836
10.4833 838
10.5 841
10.5167 843
10.5333 846
10.55 848
10.5667 850
10.5833 853
10.6 855
10.6167 857
10.6333 859
10.65 862
10.6667 864
10.6833 866
10.7 868
10.7167 870
10.7333 873
10.75 875
10.7667 877
10.7833 879
10.8 881
10.8167 883
10.8333 885
10.85 887
10.8667 889
10.8833 891
10.9 893
10.9167 895
10.9333 897
10.95 899
10.9667 901
10.9833 903
11.0 905
11.0167 907
11.0333 909
11.05 911
11.0667 913
11.0833 915
11.1 916
11.1167 918
11.1333 920
11.15 922
11.1667 923
11.1833 925
11.2 927
11.2167 929
11.2333 930
11.25 932
11.2667 934
11.2833 935
11.3 937
11.3167 938
11.3333 940
11.35 942
11.3667 943
11.3833 945
11.4 946
11.4167 948
11.4333 949
11.45 951
11.4667 952
11.4833 954
11.5 955
11.5167 956
11.5333 958
11.55 959
11.5667 960
11.5833 962
11.6 963
11.6167 964
11.6333 966
11.65 967
11.6667 968
11.6833 969
11.7 970
11.7167 972
11.7333 973
11.75 974
11.7667 975
11.7833 976
11.8 977
11.8167 978
11.8333 979
11.85 980
11.8667 981
11.8833 982
11.9 983
11.9167 984
11.9333 985
11.95 986
11.9667 987
11.9833 988
12.0 989
12.0167 990
12.0333 991
12.05 992
12.0667 992
12.0833 993
12.1 994
12.1167 995
12.1333 995
12.15 996
12.1667 997
12.1833 997
12.2 998
12.2167 999
12.2333 999
12.25 1000
12.2667 1001
12.2833 1001
12.3 1002
12.3167 1002
12.3333 1003
12.35 1003
12.3667 1004
12.3833 1004
12.4 1004
12.4167 1005
12.4333 1005
12.45 1006
12.4667 1006
12.4833 1006
12.5 1007
12.5167 1007
12.5333 1007
12.55 1008
12.5667 1008
12.5833 1008
12.6 1008
12.6167 1008
12.6333 1009
12.65 1009
12.6667 1009
12.6833 1009
12.7 1009
12.7167 1009
12.7333 1009
12.75 1009
12.7667 1009
12.7833 1009
12.8 1009
12.8167 1009
12.8333 1009
12.85 1009
12.8667 1009
12.8833 1009
12.9 1009
12.9167 1009
12.9333 1009
12.95 1008
12.9667 1008
12.9833 1008
13.0 1008
13.0167 1007
13.0333 1007
13.05 1007
13.0667 1006
13.0833 1006
13.1 1006
13.1167 1005
13.1333 1005
13.15 1005
13.1667 1004
13.1833 1004
13.2 1003
13.2167 1003
13.2333 1002
13.25 1002
13.2667 1001
13.2833 1001
13.3 1000
13.3167 1000
13.3333 999
13.35 998
13.3667 998
13.3833 997
13.4 996
13.4167 996
13.4333 995
13.45 994
13.4667 993
13.4833 993
13.5 992
13.5167 991
13.5333 990
13.55 989
13.5667 988
13.5833 988
13.6 987
13.6167 986
13.6333 985
13.65 984
13.6667 983
13.6833 982
13.7 981
13.7167 980
13.7333 979
13.75 978
13.7667 977
13.7833 976
13.8 974
13.8167 973
13.8333 972
13.85 971
13.8667 970
13.8833 969
13.9 967
13.9167 966
13.9333 965
13.95 964
13.9667 962
13.9833 961
14.0 960
14.0167 958
14.0333 957
14.05 955
14.0667 954
14.0833 953
14.1 951
14.1167 950
14.1333 948
14.15 947
14.1667 945
14.1833 944
14.2 942
14.2167 941
14.2333 939
14.25 937
14.2667 936
14.2833 934
14.3 933
14.3167 931
14.3333 929
14.35 928
14.3667 926
14.3833 924
14.4 922
14.4167 921
14.4333 919
14.45 917
14.4667 915
14.4833 913
14.5 912
14.5167 910
14.5333 908
14.55 906
14.5667 904
14.5833 902
14.6 900
14.6167 898
14.6333 896
14.65 894
14.6667 892
14.6833 890
14.7 888
14.7167 886
14.7333 884
14.75 882
14.7667 880
14.7833 878
14.8 876
14.8167 873
14.8333 871
14.85 869
14.8667 867
14.8833 865
14.9 862
14.9167 860
14.9333 858
14.95 856
14.9667 853
14.9833 851
15.0 849
15.0167 846
15.0333 844
15.05 842
15.0667 839
15.0833 837
15.1 835
15.1167 832
15.1333 830
15.15 827
15.1667 825
15.1833 822
15.2 820
15.2167 817
15.2333 815
15.25 812
15.2667 810
15.2833 807
15.3 805
15.3167 802
15.3333 799
15.35 797
15.3667 794
15.3833 791
15.4 789
15.4167 786
15.4333 783
15.45 781
15.4667 778
15.4833 775
15.5 772
15.5167 770
15.5333 767
15.55 764
15.5667 761
15.5833 759
15.6 756
15.6167 753
15.6333 750
15.65 747
15.6667 744
15.6833 741
15.7 738
15.7167 736
15.7333 733
15.75 730
15.7667 727
15.7833 724
15.8 721
15.8167 718
15.8333 715
15.85 712
15.8667 709
15.8833 706
15.9 703
15.9167 700
15.9333 697
15.95 693
15.9667 690
15.9833 687
16.0 684
16.0167 681
16.0333 678
16.05 675
16.0667 672
16.0833 668
16.1 665
16.1167 662
16.1333 659
16.15 656
16.1667 652
16.1833 649
16.2 646
16.2167 643
16.2333 639
16.25 636
16.2667 633
16.2833 629
16.3 626
16.3167 623
16.3333 620
16.35 616
16.3667 613
16.3833 610
16.4 606
16.4167 603
16.4333 599
16.45 596
16.4667 593
16.4833 589
16.5 586
16.5167 582
16.5333 579
16.55 575
16.5667 572
16.5833 569
16.6 565
16.6167 562
16.6333 558
16.65 555
16.6667 551
16.6833 548
16.7 544
16.7167 541
16.7333 537
16.75 534
16.7667 530
16.7833 526
16.8 523
16.8167 519
16.8333 516
16.85 512
16.8667 509
16.8833 505
16.9 501
16.9167 498
16.9333 494
16.95 491
16.9667 487
16.9833 483
