8.0 346
8.0167 350
8.0333 354
8.05 358
8.0667 361
8.0833 365
8.1 369
8.1167 372
8.1333 376
8.15 380
8.1667 384
8.1833 387
8.2 391
8.2167 395
8.2333 398
8.25 402
8.2667 406
8.2833 410
8.3 413
8.3167 417
8.3333 421
8.35 424
8.3667 428
8.3833 432
8.4 436
8.4167 439
8.4333 443
8.45 447
8.4667 450
8.4833 454
8.5 458
8.5167 461
8.5333 465
8.55 469
8.5667 472
8.5833 476
8.6 479
8.6167 483
8.6333 487
8.65 490
8.6667 494
8.6833 498
8.7 501
8.7167 505
8.7333 508
8.75 512
8.7667 515
8.7833 519
8.8 523
8.8167 526
8.8333 530
8.85 533
8.8667 537
8.8833 540
8.9 544
8.9167 547
8.9333 551
8.95 554
8.9667 558
8.9833 561
9.0 565
9.0167 568
9.0333 571
9.05 575
9.0667 578
9.0833 582
9.1 585
9.1167 589
9.1333 592
9.15 595
9.1667 599
9.1833 602
9.2 606
9.2167 609
9.2333 612
9.25 616
9.2667 619
9.2833 622
9.3 626
9.3167 629
9.3333 632
9.35 635
9.3667 639
9.3833 642
9.4 645
9.4167 648
9.4333 652
9.45 655
9.4667 658
9.4833 661
9.5 665
9.5167 668
9.5333 671
9.55 674
9.5667 677
9.5833 680
9.6 683
9.6167 687
9.6333 690
9.65 693
9.6667 696
9.6833 699
9.7 702
9.7167 705
9.7333 708
9.75 711
9.7667 714
9.7833 717
9.8 720
9.8167 723
9.8333 726
9.85 729
9.8667 732
9.8833 735
9.9 738
9.9167 740
9.9333 743
9.95 746
9.9667 749
9.9833 752
10.0 755
10.0167 758
10.0333 760
10.05 763
10.0667 766
10.0833 769
10.1 771
10.1167 774
10.1333 777
10.15 780
10.1667 782
10.1833 785
10.2 788
10.2167 790
10.2333 793
10.25 796
10.2667 798
10.2833 801
10.3 803
10.3167 806
10.3333 808
10.35 811
10.3667 814
10.3833 816
10.4 819
10.4167 821
10.4333 823
10.45 826
10.4667 828
10.4833 831
10.5 833
10.5167 836
10.5333 838
10.55 840
10.5667 843
10.5833 845
10.6 847
10.6167 850
10.6333 852
10.65 854
10.6667 856
10.6833 859
10.7 861
10.7167 863
10.7333 865
10.75 868
10.7667 870
10.7833 872
10.8 874
10.8167 876
10.8333 878
10.85 880
10.8667 882
10.8833 884
10.9 886
10.9167 888
10.9333 890
10.95 892
10.9667 894
10.9833 896
11.0 898
11.0167 900
11.0333 902
11.05 904
11.0667 906
11.0833 908
11.1 910
11.1167 911
11.1333 913
11.15 915
11.1667 917
11.1833 919
11.2 920
11.2167 922
11.2333 924
11.25 925
11.2667 927
11.2833 929
11.3 930
11.3167 932
11.3333 934
11.35 935
11.3667 937
11.3833 938
11.4 940
11.4167 941
11.4333 943
11.45 944
11.4667 946
11.4833 947
11.5 949
11.5167 950
11.5333 951
11.55 953
11.5667 954
11.5833 956
11.6 957
11.6167 958
11.6333 959
11.65 961
11.6667 962
11.6833 963
11.7 964
11.7167 966
11.7333 967
11.75 968
11.7667 969
11.7833 970
11.8 971
11.8167 972
11.8333 974
11.85 975
11.8667 976
11.8833 977
11.9 978
11.9167 979
11.9333 980
11.95 981
11.9667 981
11.9833 982
12.0 983
12.0167 984
12.0333 985
12.05 986
12.0667 987
12.0833 987
12.1 988
12.1167 989
12.1333 990
12.15 990
12.1667 991
12.1833 992
12.2 993
12.2167 993
12.2333 994
12.25 994
12.2667 995
12.2833 996
12.3 996
12.3167 997
12.3333 997
12.35 998
12.3667 998
12.3833 999
12.4 999
12.4167 1000
12.4333 1000
12.45 1000
12.4667 1001
12.4833 1001
12.5 1001
12.5167 1002
12.5333 1002
12.55 1002
12.5667 1003
12.5833 1003
12.6 1003
12.6167 1003
12.6333 1003
12.65 1004
12.6667 1004
12.6833 1004
12.7 1004
12.7167 1004
12.7333 1004
12.75 1004
12.7667 1004
12.7833 1004
12.8 1004
12.8167 1004
12.8333 1004
12.85 1004
12.8667 1004
12.8833 1004
12.9 1004
12.9167 1004
12.9333 1004
12.95 1003
12.9667 1003
12.9833 1003
13.0 1003
13.0167 1003
13.0333 1002
13.05 1002
13.0667 1002
13.0833 1001
13.1 1001
13.1167 1001
13.1333 1000
13.15 1000
13.1667 1000
13.1833 999
13.2 999
13.2167 998
13.2333 998
13.25 997
13.2667 997
13.2833 996
13.3 996
13.3167 995
13.3333 994
13.35 994
13.3667 993
13.3833 992
13.4 992
13.4167 991
13.4333 990
13.45 990
13.4667 989
13.4833 988
13.5 987
13.5167 986
13.5333 986
13.55 985
13.5667 984
13.5833 983
13.6 982
13.6167 981
13.6333 980
13.65 979
13.6667 978
13.6833 977
13.7 976
13.7167 975
13.7333 974
13.75 973
13.7667 972
13.7833 971
13.8 970
13.8167 969
13.8333 968
13.85 967
13.8667 965
13.8833 964
13.9 963
13.9167 962
13.9333 960
13.95 959
13.9667 958
13.9833 957
14.0 955
14.0167 954
14.0333 953
14.05 951
14.0667 950
14.0833 948
14.1 947
14.1167 945
14.1333 944
14.15 943
14.1667 941
14.1833 939
14.2 938
14.2167 936
14.2333 935
14.25 933
14.2667 932
14.2833 930
14.3 928
14.3167 927
14.3333 925
14.35 923
14.3667 922
14.3833 920
14.4 918
14.4167 916
14.4333 915
14.45 913
14.4667 911
14.4833 909
14.5 907
14.5167 905
14.5333 904
14.55 902
14.5667 900
14.5833 898
14.6 896
14.6167 894
14.6333 892
14.65 890
14.6667 888
14.6833 886
14.7 884
14.7167 882
14.7333 880
14.75 878
14.7667 876
14.7833 874
14.8 871
14.8167 869
14.8333 867
14.85 865
14.8667 863
14.8833 860
14.9 858
14.9167 856
14.9333 854
14.95 851
14.9667 849
14.9833 847
15.0 845
15.0167 842
15.0333 840
15.05 837
15.0667 835
15.0833 833
15.1 830
15.1167 828
15.1333 825
15.15 823
15.1667 820
15.1833 818
15.2 815
15.2167 813
15.2333 810
15.25 808
15.2667 805
15.2833 803
15.3 800
15.3167 798
15.3333 795
15.35 792
15.3667 790
15.3833 787
15.4 784
15.4167 782
15.4333 779
15.45 776
15.4667 774
15.4833 771
15.5 768
15.5167 765
15.5333 763
15.55 760
15.5667 757
15.5833 754
15.6 751
15.6167 748
15.6333 746
15.65 743
15.6667 740
15.6833 737
15.7 734
15.7167 731
15.7333 728
15.75 725
15.7667 722
15.7833 719
15.8 716
15.8167 713
15.8333 710
15.85 707
15.8667 704
15.8833 701
15.9 698
15.9167 695
15.9333 692
15.95 689
15.9667 686
15.9833 683
16.0 680
16.0167 676
16.0333 673
16.05 670
16.0667 667
16.0833 664
16.1 661
16.1167 657
16.1333 654
16.15 651
16.1667 648
16.1833 644
16.2 641
16.2167 638
16.2333 635
16.25 631
16.2667 628
16.2833 625
16.3 621
16.3167 618
16.3333 615
16.35 611
16.3667 608
16.3833 605
16.4 601
16.4167 598
16.4333 595
16.45 591
16.4667 588
16.4833 584
16.5 581
16.5167 578
16.5333 574
16.55 571
16.5667 567
16.5833 564
16.6 560
16.6167 557
16.6333 553
16.65 550
16.6667 546
16.6833 543
16.7 539
16.7167 536
16.7333 532
16.75 529
16.7667 525
16.7833 522
16.8 518
16.8167 514
16.8333 511
16.85 507
16.8667 504
16.8833 500
16.9 496
16.9167 493
16.9333 489
16.95 486
16.9667 482
16.9833 478
