8.0 287
8.0167 291
8.0333 295
8.05 299
8.0667 302
8.0833 306
8.1 310
8.1167 314
8.1333 318
8.15 321
8.1667 325
8.1833 329
8.2 333
8.2167 337
8.2333 340
8.25 344
8.2667 348
8.2833 352
8.3 356
8.3167 360
8.3333 363
8.35 367
8.3667 371
8.3833 375
8.4 379
8.4167 382
8.4333 386
8.45 390
8.4667 394
8.4833 398
8.5 401
8.5167 405
8.5333 409
8.55 413
8.5667 416
8.5833 420
8.6 424
8.6167 428
8.6333 431
8.65 435
8.6667 439
8.6833 443
8.7 446
8.7167 450
8.7333 454
8.75 458
8.7667 461
8.7833 465
8.8 469
8.8167 472
8.8333 476
8.85 480
8.8667 483
8.8833 487
8.9 491
8.9167 494
8.9333 498
8.95 502
8.9667 505
8.9833 509
9.0 512
9.0167 516
9.0333 519
9.05 523
9.0667 527
9.0833 530
9.1 534
9.1167 537
9.1333 541
9.15 544
9.1667 548
9.1833 551
9.2 555
9.2167 558
9.2333 562
9.25 565
9.2667 569
9.2833 572
9.3 576
9.3167 579
9.3333 582
9.35 586
9.3667 589
9.3833 593
9.4 596
9.4167 599
9.4333 603
9.45 606
9.4667 609
9.4833 613
9.5 616
9.5167 619
9.5333 623
9.55 626
9.5667 629
9.5833 632
9.6 636
9.6167 639
9.6333 642
9.65 645
9.6667 649
9.6833 652
9.7 655
9.7167 658
9.7333 661
9.75 664
9.7667 667
9.7833 671
9.8 674
9.8167 677
9.8333 680
9.85 683
9.8667 686
9.8833 689
9.9 692
9.9167 695
9.9333 698
9.95 701
9.9667 704
9.9833 707
10.0 710
10.0167 713
10.0333 716
10.05 719
10.0667 721
10.0833 724
10.1 727
10.1167 730
10.1333 733
10.15 736
10.1667 738
10.1833 741
10.2 744
10.2167 747
10.2333 749
10.25 752
10.2667 755
10.2833 757
10.3 760
10.3167 763
10.3333 765
10.35 768
10.3667 771
10.3833 773
10.4 776
10.4167 778
10.4333 781
10.45 783
10.4667 786
10.4833 789
10.5 791
10.5167 793
10.5333 796
10.55 798
10.5667 801
10.5833 803
10.6 806
10.6167 808
10.6333 810
10.65 813
10.6667 815
10.6833 817
10.7 820
10.7167 822
10.7333 824
10.75 826
10.7667 829
10.7833 831
10.8 833
10.8167 835
10.8333 837
10.85 839
10.8667 842
10.8833 844
10.9 846
10.9167 848
10.9333 850
10.95 852
10.9667 854
10.9833 856
11.0 858
11.0167 860
11.0333 862
11.05 864
11.0667 866
11.0833 868
11.1 869
11.1167 871
11.1333 873
11.15 875
11.1667 877
11.1833 879
11.2 880
11.2167 882
11.2333 884
11.25 886
11.2667 887
11.2833 889
11.3 891
11.3167 892
11.3333 894
11.35 895
11.3667 897
11.3833 899
11.4 900
11.4167 902
11.4333 903
11.45 905
11.4667 906
11.4833 908
11.5 909
11.5167 910
11.5333 912
11.55 913
11.5667 915
11.5833 916
11.6 917
11.6167 919
11.6333 920
11.65 921
11.6667 922
11.6833 924
11.7 925
11.7167 926
11.7333 927
11.75 928
11.7667 930
11.7833 931
11.8 932
11.8167 933
11.8333 934
11.85 935
11.8667 936
11.8833 937
11.9 938
11.9167 939
11.9333 940
11.95 941
11.9667 942
11.9833 943
12.0 943
12.0167 944
12.0333 945
12.05 946
12.0667 947
12.0833 947
12.1 948
12.1167 949
12.1333 950
12.15 950
12.1667 951
12.1833 952
12.2 952
12.2167 953
12.2333 953
12.25 954
12.2667 955
12.2833 955
12.3 956
12.3167 956
12.3333 957
12.35 957
12.3667 958
12.3833 958
12.4 958
12.4167 959
12.4333 959
12.45 959
12.4667 960
12.4833 960
12.5 960
12.5167 961
12.5333 961
12.55 961
12.5667 961
12.5833 961
12.6 961
12.6167 962
12.6333 962
12.65 962
12.6667 962
12.6833 962
12.7 962
12.7167 962
12.7333 962
12.75 962
12.7667 962
12.7833 962
12.8 962
12.8167 962
12.8333 962
12.85 961
12.8667 961
12.8833 961
12.9 961
12.9167 961
12.9333 960
12.95 960
12.9667 960
12.9833 960
13.0 959
13.0167 959
13.0333 958
13.05 958
13.0667 958
13.0833 957
13.1 957
13.1167 956
13.1333 956
13.15 955
13.1667 955
13.1833 954
13.2 954
13.2167 953
13.2333 953
13.25 952
13.2667 951
13.2833 951
13.3 950
13.3167 949
13.3333 949
13.35 948
13.3667 947
13.3833 946
13.4 945
13.4167 945
13.4333 944
13.45 943
13.4667 942
13.4833 941
13.5 940
13.5167 939
13.5333 938
13.55 937
13.5667 936
13.5833 935
13.6 934
13.6167 933
13.6333 932
13.65 931
13.6667 930
13.6833 929
13.7 928
13.7167 927
13.7333 925
13.75 924
13.7667 923
13.7833 922
13.8 920
13.8167 919
13.8333 918
13.85 917
13.8667 915
13.8833 914
13.9 913
13.9167 911
13.9333 910
13.95 908
13.9667 907
13.9833 905
14.0 904
14.0167 902
14.0333 901
14.05 899
14.0667 898
14.0833 896
14.1 895
14.1167 893
14.1333 891
14.15 890
14.1667 888
14.1833 886
14.2 885
14.2167 883
14.2333 881
14.25 879
14.2667 878
14.2833 876
14.3 874
14.3167 872
14.3333 870
14.35 868
14.3667 867
14.3833 865
14.4 863
14.4167 861
14.4333 859
14.45 857
14.4667 855
14.4833 853
14.5 851
14.5167 849
14.5333 847
14.55 845
14.5667 843
14.5833 840
14.6 838
14.6167 836
14.6333 834
14.65 832
14.6667 830
14.6833 827
14.7 825
14.7167 823
14.7333 821
14.75 818
14.7667 816
14.7833 814
14.8 811
14.8167 809
14.8333 807
14.85 804
14.8667 802
14.8833 799
14.9 797
14.9167 795
14.9333 792
14.95 790
14.9667 787
14.9833 785
15.0 782
15.0167 779
15.0333 776
15.05 774
15.0667 771
15.0833 769
15.1 766
15.1167 763
15.1333 761
15.15 758
15.1667 755
15.1833 753
15.2 750
15.2167 747
15.2333 745
15.25 742
15.2667 739
15.2833 736
15.3 733
15.3167 731
15.3333 728
15.35 725
15.3667 722
15.3833 719
15.4 716
15.4167 713
15.4333 710
15.45 708
15.4667 705
15.4833 702
15.5 699
15.5167 696
15.5333 693
15.55 690
15.5667 687
15.5833 684
15.6 681
15.6167 678
15.6333 674
15.65 671
15.6667 668
15.6833 665
15.7 662
15.7167 659
15.7333 656
15.75 653
15.7667 649
15.7833 646
15.8 643
15.8167 640
15.8333 637
15.85 633
15.8667 630
15.8833 627
15.9 623
15.9167 620
15.9333 617
15.95 614
15.9667 610
15.9833 607
16.0 604
16.0167 600
16.0333 597
16.05 593
16.0667 590
16.0833 587
16.1 583
16.1167 580
16.1333 576
16.15 573
16.1667 570
16.1833 566
16.2 563
16.2167 559
16.2333 556
16.25 552
16.2667 549
16.2833 545
16.3 542
16.3167 538
16.3333 535
16.35 531
16.3667 527
16.3833 524
16.4 520
16.4167 517
16.4333 513
16.45 509
16.4667 506
16.4833 502
16.5 499
16.5167 495
16.5333 491
16.55 488
16.5667 484
16.5833 480
16.6 477
16.6167 473
16.6333 469
16.65 466
16.6667 462
16.6833 458
16.7 455
16.7167 451
16.7333 447
16.75 443
16.7667 440
16.7833 436
16.8 432
16.8167 428
16.8333 425
16.85 421
16.8667 417
16.8833 413
16.9 410
16.9167 406
16.9333 402
16.95 398
16.9667 394
16.9833 391
