8.0 331
8.0167 335
8.0333 339
8.05 343
8.0667 347
8.0833 351
8.1 355
8.1167 359
8.1333 363
8.15 367
8.1667 371
8.1833 375
8.2 379
8.2167 383
8.2333 386
8.25 390
8.2667 394
8.2833 398
8.3 402
8.3167 406
8.3333 410
8.35 414
8.3667 418
8.3833 422
8.4 425
8.4167 429
8.4333 433
8.45 437
8.4667 441
8.4833 445
8.5 449
8.5167 452
8.5333 456
8.55 460
8.5667 464
8.5833 468
8.6 472
8.6167 475
8.6333 479
8.65 483
8.6667 487
8.6833 491
8.7 494
8.7167 498
8.7333 502
8.75 506
8.7667 510
8.7833 513
8.8 517
8.8167 521
8.8333 524
8.85 528
8.8667 532
8.8833 536
8.9 539
8.9167 543
8.9333 547
8.95 550
8.9667 554
8.9833 558
9.0 561
9.0167 565
9.0333 568
9.05 572
9.0667 576
9.0833 579
9.1 583
9.1167 586
9.1333 590
9.15 593
9.1667 597
9.1833 601
9.2 604
9.2167 608
9.2333 611
9.25 615
9.2667 618
9.2833 622
9.3 625
9.3167 629
9.3333 632
9.35 635
9.3667 639
9.3833 642
9.4 646
9.4167 649
9.4333 653
9.45 656
9.4667 659
9.4833 663
9.5 666
9.5167 669
9.5333 673
9.55 676
9.5667 679
9.5833 682
9.6 686
9.6167 689
9.6333 692
9.65 695
9.6667 699
9.6833 702
9.7 705
9.7167 708
9.7333 711
9.75 715
9.7667 718
9.7833 721
9.8 724
9.8167 727
9.8333 730
9.85 733
9.8667 736
9.8833 739
9.9 742
9.9167 745
9.9333 748
9.95 751
9.9667 754
9.9833 757
10.0 760
10.0167 763
10.0333 766
10.05 769
10.0667 772
10.0833 775
10.1 778
10.1167 781
10.1333 783
10.15 786
10.1667 789
10.1833 792
10.2 795
10.2167 798
10.2333 800
10.25 803
10.2667 806
10.2833 808
10.3 811
10.3167 814
10.3333 816
10.35 819
10.3667 822
10.3833 824
10.4 827
10.4167 830
10.4333 832
10.45 835
10.4667 837
10.4833 840
10.5 842
10.5167 845
10.5333 847
10.55 850
10.5667 852
10.5833 855
10.6 857
10.6167 859
10.6333 862
10.65 864
10.6667 867
10.6833 869
10.7 871
10.7167 873
10.7333 876
10.75 878
10.7667 880
10.7833 882
10.8 885
10.8167 887
10.8333 889
10.85 891
10.8667 893
10.8833 896
10.9 898
10.9167 900
10.9333 902
10.95 904
10.9667 906
10.9833 908
11.0 910
11.0167 912
11.0333 914
11.05 916
11.0667 918
11.0833 920
11.1 922
11.1167 924
11.1333 926
11.15 927
11.1667 929
11.1833 931
11.2 933
11.2167 935
11.2333 936
11.25 938
11.2667 940
11.2833 942
11.3 943
11.3167 945
11.3333 947
11.35 948
11.3667 950
11.3833 952
11.4 953
11.4167 955
11.4333 956
11.45 958
11.4667 959
11.4833 961
11.5 962
11.5167 964
11.5333 965
11.55 967
11.5667 968
11.5833 969
11.6 971
11.6167 972
11.6333 973
11.65 975
11.6667 976
11.6833 977
11.7 979
11.7167 980
11.7333 981
11.75 982
11.7667 983
11.7833 985
11.8 986
11.8167 987
11.8333 988
11.85 989
11.8667 990
11.8833 991
11.9 992
11.9167 993
11.9333 994
11.95 995
11.9667 996
11.9833 997
12.0 998
12.0167 999
12.0333 1000
12.05 1001
12.0667 1001
12.0833 1002
12.1 1003
12.1167 1004
12.1333 1005
12.15 1005
12.1667 1006
12.1833 1007
12.2 1007
12.2167 1008
12.2333 1009
12.25 1009
12.2667 1010
12.2833 1010
12.3 1011
12.3167 1012
12.3333 1012
12.35 1013
12.3667 1013
12.3833 1014
12.4 1014
12.4167 1014
12.4333 1015
12.45 1015
12.4667 1016
12.4833 1016
12.5 1016
12.5167 1017
12.5333 1017
12.55 1017
12.5667 1017
12.5833 1018
12.6 1018
12.6167 1018
12.6333 1018
12.65 1018
12.6667 1018
12.6833 1019
12.7 1019
12.7167 1019
12.7333 1019
12.75 1019
12.7667 1019
12.7833 1019
12.8 1019
12.8167 1019
12.8333 1019
12.85 1019
12.8667 1019
12.8833 1018
12.9 1018
12.9167 1018
12.9333 1018
12.95 1018
12.9667 1018
12.9833 1017
13.0 1017
13.0167 1017
13.0333 1016
13.05 1016
13.0667 1016
13.0833 1015
13.1 1015
13.1167 1015
13.1333 1014
13.15 1014
13.1667 1013
13.1833 1013
13.2 1012
13.2167 1012
13.2333 1011
13.25 1011
13.2667 1010
13.2833 1010
13.3 1009
13.3167 1008
13.3333 1008
13.35 1007
13.3667 1006
13.3833 1006
13.4 1005
13.4167 1004
13.4333 1003
13.45 1003
13.4667 1002
13.4833 1001
13.5 1000
13.5167 999
13.5333 998
13.55 997
13.5667 997
13.5833 996
13.6 995
13.6167 994
13.6333 993
13.65 992
13.6667 991
13.6833 990
13.7 988
13.7167 987
13.7333 986
13.75 985
13.7667 984
13.7833 983
13.8 982
13.8167 980
13.8333 979
13.85 978
13.8667 977
13.8833 975
13.9 974
13.9167 973
13.9333 971
13.95 970
13.9667 969
13.9833 967
14.0 966
14.0167 964
14.0333 963
14.05 962
14.0667 960
14.0833 959
14.1 957
14.1167 955
14.1333 954
14.15 952
14.1667 951
14.1833 949
14.2 947
14.2167 946
14.2333 944
14.25 942
14.2667 941
14.2833 939
14.3 937
14.3167 936
14.3333 934
14.35 932
14.3667 930
14.3833 928
14.4 926
14.4167 925
14.4333 923
14.45 921
14.4667 919
14.4833 917
14.5 915
14.5167 913
14.5333 911
14.55 909
14.5667 907
14.5833 905
14.6 903
14.6167 901
14.6333 899
14.65 897
14.6667 895
14.6833 892
14.7 890
14.7167 888
14.7333 886
14.75 884
14.7667 881
14.7833 879
14.8 877
14.8167 875
14.8333 872
14.85 870
14.8667 868
14.8833 865
14.9 863
14.9167 861
14.9333 858
14.95 856
14.9667 853
14.9833 851
15.0 848
15.0167 846
15.0333 843
15.05 841
15.0667 838
15.0833 836
15.1 833
15.1167 830
15.1333 828
15.15 825
15.1667 823
15.1833 820
15.2 817
15.2167 815
15.2333 812
15.25 809
15.2667 807
15.2833 804
15.3 801
15.3167 798
15.3333 796
15.35 793
15.3667 790
15.3833 787
15.4 785
15.4167 782
15.4333 779
15.45 776
15.4667 773
15.4833 770
15.5 767
15.5167 764
15.5333 761
15.55 758
15.5667 756
15.5833 753
15.6 750
15.6167 747
15.6333 744
15.65 740
15.6667 737
15.6833 734
15.7 731
15.7167 728
15.7333 725
15.75 722
15.7667 719
15.7833 716
15.8 713
15.8167 709
15.8333 706
15.85 703
15.8667 700
15.8833 697
15.9 693
15.9167 690
15.9333 687
15.95 684
15.9667 680
15.9833 677
16.0 674
16.0167 670
16.0333 667
16.05 664
16.0667 660
16.0833 657
16.1 654
16.1167 650
16.1333 647
16.15 644
16.1667 640
16.1833 637
16.2 633
16.2167 630
16.2333 626
16.25 623
16.2667 619
16.2833 616
16.3 612
16.3167 609
16.3333 605
16.35 602
16.3667 598
16.3833 595
16.4 591
16.4167 588
16.4333 584
16.45 580
16.4667 577
16.4833 573
16.5 570
16.5167 566
16.5333 562
16.55 559
16.5667 555
16.5833 551
16.6 548
16.6167 544
16.6333 540
16.65 537
16.6667 533
16.6833 529
16.7 526
16.7167 522
16.7333 518
16.75 514
16.7667 511
16.7833 507
16.8 503
16.8167 499
16.8333 496
16.85 492
16.8667 488
16.8833 484
16.9 480
16.9167 477
16.9333 473
16.95 469
16.9667 465
16.9833 461
