8.0 316
8.0167 320
8.0333 323
8.05 327
8.0667 331
8.0833 335
8.1 339
8.1167 343
8.1333 347
8.15 350
8.1667 354
8.1833 358
8.2 362
8.2167 366
8.2333 370
8.25 373
8.2667 377
8.2833 381
8.3 385
8.3167 389
8.3333 393
8.35 396
8.3667 400
8.3833 404
8.4 408
8.4167 412
8.4333 415
8.45 419
8.4667 423
8.4833 427
8.5 431
8.5167 434
8.5333 438
8.55 442
8.5667 446
8.5833 449
8.6 453
8.6167 457
8.6333 461
8.65 464
8.6667 468
8.6833 472
8.7 476
8.7167 479
8.7333 483
8.75 487
8.7667 490
8.7833 494
8.8 498
8.8167 502
8.8333 505
8.85 509
8.8667 513
8.8833 516
8.9 520
8.9167 523
8.9333 527
8.95 531
8.9667 534
8.9833 538
9.0 541
9.0167 545
9.0333 548
9.05 552
9.0667 556
9.0833 559
9.1 563
9.1167 566
9.1333 570
9.15 573
9.1667 577
9.1833 580
9.2 584
9.2167 587
9.2333 591
9.25 594
9.2667 598
9.2833 601
9.3 604
9.3167 608
9.3333 611
9.35 615
9.3667 618
9.3833 621
9.4 625
9.4167 628
9.4333 632
9.45 635
9.4667 638
9.4833 642
9.5 645
9.5167 648
9.5333 651
9.55 655
9.5667 658
9.5833 661
9.6 664
9.6167 668
9.6333 671
9.65 674
9.6667 677
9.6833 680
9.7 684
9.7167 687
9.7333 690
9.75 693
9.7667 696
9.7833 699
9.8 702
9.8167 705
9.8333 708
9.85 712
9.8667 715
9.8833 718
9.9 721
9.9167 724
9.9333 727
9.95 730
9.9667 733
9.9833 735
10.0 738
10.0167 741
10.0333 744
10.05 747
10.0667 750
10.0833 753
10.1 756
10.1167 759
10.1333 761
10.15 764
10.1667 767
10.1833 770
10.2 772
10.2167 775
10.2333 778
10.25 781
10.2667 783
10.2833 786
10.3 789
10.3167 791
10.3333 794
10.35 797
10.3667 799
10.3833 802
10.4 804
10.4167 807
10.4333 810
10.45 812
10.4667 815
10.4833 817
10.5 820
10.5167 822
10.5333 825
10.55 827
10.5667 830
10.5833 832
10.6 834
10.6167 837
10.6333 839
10.65 841
10.6667 844
10.6833 846
10.7 848
10.7167 851
10.7333 853
10.75 855
10.7667 857
10.7833 860
10.8 862
10.8167 864
10.8333 866
10.85 868
10.8667 871
10.8833 873
10.9 875
10.9167 877
10.9333 879
10.95 881
10.9667 883
10.9833 885
11.0 887
11.0167 889
11.0333 891
11.05 893
11.0667 895
11.0833 897
11.1 899
11.1167 901
11.1333 902
11.15 904
11.1667 906
11.1833 908
11.2 910
11.2167 912
11.2333 913
11.25 915
11.2667 917
11.2833 918
11.3 920
11.3167 922
11.3333 923
11.35 925
11.3667 927
11.3833 928
11.4 930
11.4167 931
11.4333 933
11.45 935
11.4667 936
11.4833 938
11.5 939
11.5167 940
11.5333 942
11.55 943
11.5667 945
11.5833 946
11.6 947
11.6167 949
11.6333 950
11.65 951
11.6667 953
11.6833 954
11.7 955
11.7167 956
11.7333 958
11.75 959
11.7667 960
11.7833 961
11.8 962
11.8167 963
11.8333 965
11.85 966
11.8667 967
11.8833 968
11.9 969
11.9167 970
11.9333 971
11.95 972
11.9667 973
11.9833 974
12.0 975
12.0167 975
12.0333 976
12.05 977
12.0667 978
12.0833 979
12.1 980
12.1167 980
12.1333 981
12.15 982
12.1667 983
12.1833 983
12.2 984
12.2167 985
12.2333 985
12.25 986
12.2667 987
12.2833 987
12.3 988
12.3167 988
12.3333 989
12.35 989
12.3667 990
12.3833 990
12.4 991
12.4167 991
12.4333 992
12.45 992
12.4667 992
12.4833 993
12.5 993
12.5167 993
12.5333 994
12.55 994
12.5667 994
12.5833 994
12.6 995
12.6167 995
12.6333 995
12.65 995
12.6667 995
12.6833 995
12.7 996
12.7167 996
12.7333 996
12.75 996
12.7667 996
12.7833 996
12.8 996
12.8167 996
12.8333 996
12.85 996
12.8667 995
12.8833 995
12.9 995
12.9167 995
12.9333 995
12.95 995
12.9667 994
12.9833 994
13.0 994
13.0167 994
13.0333 993
13.05 993
13.0667 993
13.0833 992
13.1 992
13.1167 992
13.1333 991
13.15 991
13.1667 990
13.1833 990
13.2 989
13.2167 989
13.2333 988
13.25 988
13.2667 987
13.2833 987
13.3 986
13.3167 985
13.3333 985
13.35 984
13.3667 983
13.3833 983
13.4 982
13.4167 981
13.4333 981
13.45 980
13.4667 979
13.4833 978
13.5 977
13.5167 977
13.5333 976
13.55 975
13.5667 974
13.5833 973
13.6 972
13.6167 971
13.6333 970
13.65 969
13.6667 968
13.6833 967
13.7 966
13.7167 965
13.7333 964
13.75 963
13.7667 961
13.7833 960
13.8 959
13.8167 958
13.8333 957
13.85 955
13.8667 954
13.8833 953
13.9 952
13.9167 950
13.9333 949
13.95 948
13.9667 946
13.9833 945
14.0 944
14.0167 942
14.0333 941
14.05 939
14.0667 938
14.0833 936
14.1 935
14.1167 933
14.1333 932
14.15 930
14.1667 929
14.1833 927
14.2 925
14.2167 924
14.2333 922
14.25 920
14.2667 919
14.2833 917
14.3 915
14.3167 914
14.3333 912
14.35 910
14.3667 908
14.3833 906
14.4 905
14.4167 903
14.4333 901
14.45 899
14.4667 897
14.4833 895
14.5 893
14.5167 891
14.5333 889
14.55 887
14.5667 885
14.5833 883
14.6 881
14.6167 879
14.6333 877
14.65 875
14.6667 873
14.6833 871
14.7 869
14.7167 867
14.7333 864
14.75 862
14.7667 860
14.7833 858
14.8 856
14.8167 853
14.8333 851
14.85 849
14.8667 847
14.8833 844
14.9 842
14.9167 840
14.9333 837
14.95 835
14.9667 832
14.9833 830
15.0 827
15.0167 825
15.0333 822
15.05 820
15.0667 817
15.0833 815
15.1 812
15.1167 810
15.1333 807
15.15 805
15.1667 802
15.1833 799
15.2 797
15.2167 794
15.2333 792
15.25 789
15.2667 786
15.2833 784
15.3 781
15.3167 778
15.3333 775
15.35 773
15.3667 770
15.3833 767
15.4 764
15.4167 761
15.4333 759
15.45 756
15.4667 753
15.4833 750
15.5 747
15.5167 744
15.5333 741
15.55 739
15.5667 736
15.5833 733
15.6 730
15.6167 727
15.6333 724
15.65 721
15.6667 718
15.6833 715
15.7 712
15.7167 709
15.7333 706
15.75 702
15.7667 699
15.7833 696
15.8 693
15.8167 690
15.8333 687
15.85 684
15.8667 681
15.8833 677
15.9 674
15.9167 671
15.9333 668
15.95 665
15.9667 661
15.9833 658
16.0 655
16.0167 652
16.0333 648
16.05 645
16.0667 642
16.0833 638
16.1 635
16.1167 632
16.1333 628
16.15 625
16.1667 622
16.1833 618
16.2 615
16.2167 611
16.2333 608
16.25 605
16.2667 601
16.2833 598
16.3 594
16.3167 591
16.3333 587
16.35 584
16.3667 580
16.3833 577
16.4 573
16.4167 570
16.4333 566
16.45 563
16.4667 559
16.4833 556
16.5 552
16.5167 549
16.5333 545
16.55 541
16.5667 538
16.5833 534
16.6 531
16.6167 527
16.6333 523
16.65 520
16.6667 516
16.6833 512
16.7 509
16.7167 505
16.7333 501
16.75 498
16.7667 494
16.7833 490
16.8 487
16.8167 483
16.8333 479
16.85 476
16.8667 472
16.8833 468
16.9 464
16.9167 461
16.9333 457
16.95 453
16.9667 449
16.9833 446
