8.0 283
8.0167 287
8.0333 291
8.05 295
8.0667 298
8.0833 302
8.1 306
8.1167 309
8.1333 313
8.15 317
8.1667 321
8.1833 324
8.2 328
8.2167 332
8.2333 335
8.25 339
8.2667 343
8.2833 347
8.3 350
8.3167 354
8.3333 358
8.35 362
8.3667 365
8.3833 369
8.4 373
8.4167 376
8.4333 380
8.45 384
8.4667 388
8.4833 391
8.5 395
8.5167 399
8.5333 402
8.55 406
8.5667 410
8.5833 413
8.6 417
8.6167 421
8.6333 425
8.65 428
8.6667 432
8.6833 436
8.7 439
8.7167 443
8.7333 447
8.75 450
8.7667 454
8.7833 457
8.8 461
8.8167 465
8.8333 468
8.85 472
8.8667 476
8.8833 479
8.9 483
8.9167 486
8.9333 490
8.95 493
8.9667 497
8.9833 501
9.0 504
9.0167 507
9.0333 511
9.05 514
9.0667 518
9.0833 521
9.1 525
9.1167 528
9.1333 532
9.15 535
9.1667 539
9.1833 542
9.2 546
9.2167 549
9.2333 553
9.25 556
9.2667 560
9.2833 563
9.3 566
9.3167 570
9.3333 573
9.35 576
9.3667 580
9.3833 583
9.4 586
9.4167 590
9.4333 593
9.45 596
9.4667 600
9.4833 603
9.5 606
9.5167 610
9.5333 613
9.55 616
9.5667 619
9.5833 622
9.6 626
9.6167 629
9.6333 632
9.65 635
9.6667 638
9.6833 642
9.7 645
9.7167 648
9.7333 651
9.75 654
9.7667 657
9.7833 660
9.8 663
9.8167 666
9.8333 669
9.85 672
9.8667 675
9.8833 678
9.9 681
9.9167 684
9.9333 687
9.95 690
9.9667 693
9.9833 696
10.0 699
10.0167 702
10.0333 705
10.05 708
10.0667 710
10.0833 713
10.1 716
10.1167 719
10.1333 722
10.15 725
10.1667 727
10.1833 730
10.2 733
10.2167 736
10.2333 738
10.25 741
10.2667 744
10.2833 746
10.3 749
10.3167 752
10.3333 754
10.35 757
10.3667 759
10.3833 762
10.4 765
10.4167 767
10.4333 770
10.45 772
10.4667 775
10.4833 777
10.5 780
10.5167 782
10.5333 784
10.55 787
10.5667 789
10.5833 792
10.6 794
10.6167 796
10.6333 799
10.65 801
10.6667 803
10.6833 806
10.7 808
10.7167 810
10.7333 813
10.75 815
10.7667 817
10.7833 819
10.8 821
10.8167 824
10.8333 826
10.85 828
10.8667 830
10.8833 832
10.9 834
10.9167 836
10.9333 838
10.95 840
10.9667 842
10.9833 844
11.0 846
11.0167 848
11.0333 850
11.05 852
11.0667 854
11.0833 856
11.1 858
11.1167 860
11.1333 862
11.15 863
11.1667 865
11.1833 867
11.2 869
11.2167 871
11.2333 872
11.25 874
11.2667 876
11.2833 877
11.3 879
11.3167 881
11.3333 882
11.35 884
11.3667 886
11.3833 887
11.4 889
11.4167 890
11.4333 892
11.45 893
11.4667 895
11.4833 896
11.5 898
11.5167 899
11.5333 900
11.55 902
11.5667 903
11.5833 905
11.6 906
11.6167 907
11.6333 909
11.65 910
11.6667 911
11.6833 912
11.7 914
11.7167 915
11.7333 916
11.75 917
11.7667 918
11.7833 919
11.8 921
11.8167 922
11.8333 923
11.85 924
11.8667 925
11.8833 926
11.9 927
11.9167 928
11.9333 929
11.95 930
11.9667 931
11.9833 932
12.0 932
12.0167 933
12.0333 934
12.05 935
12.0667 936
12.0833 937
12.1 937
12.1167 938
12.1333 939
12.15 940
12.1667 940
12.1833 941
12.2 942
12.2167 942
12.2333 943
12.25 943
12.2667 944
12.2833 945
12.3 945
12.3167 946
12.3333 946
12.35 947
12.3667 947
12.3833 948
12.4 948
12.4167 948
12.4333 949
12.45 949
12.4667 949
12.4833 950
12.5 950
12.5167 950
12.5333 951
12.55 951
12.5667 951
12.5833 951
12.6 952
12.6167 952
12.6333 952
12.65 952
12.6667 952
12.6833 952
12.7 952
12.7167 952
12.7333 952
12.75 952
12.7667 952
12.7833 952
12.8 952
12.8167 952
12.8333 952
12.85 952
12.8667 952
12.8833 952
12.9 952
12.9167 951
12.9333 951
12.95 951
12.9667 951
12.9833 950
13.0 950
13.0167 950
13.0333 949
13.05 949
13.0667 949
13.0833 948
13.1 948
13.1167 948
13.1333 947
13.15 947
13.1667 946
13.1833 946
13.2 945
13.2167 945
13.2333 944
13.25 944
13.2667 943
13.2833 942
13.3 942
13.3167 941
13.3333 940
13.35 940
13.3667 939
13.3833 938
13.4 937
13.4167 937
13.4333 936
13.45 935
13.4667 934
13.4833 933
13.5 933
13.5167 932
13.5333 931
13.55 930
13.5667 929
13.5833 928
13.6 927
13.6167 926
13.6333 925
13.65 924
13.6667 923
13.6833 922
13.7 921
13.7167 920
13.7333 918
13.75 917
13.7667 916
13.7833 915
13.8 914
13.8167 912
13.8333 911
13.85 910
13.8667 909
13.8833 907
13.9 906
13.9167 905
13.9333 903
13.95 902
13.9667 901
13.9833 899
14.0 898
14.0167 896
14.0333 895
14.05 893
14.0667 892
14.0833 890
14.1 889
14.1167 887
14.1333 886
14.15 884
14.1667 882
14.1833 881
14.2 879
14.2167 877
14.2333 876
14.25 874
14.2667 872
14.2833 871
14.3 869
14.3167 867
14.3333 865
14.35 863
14.3667 862
14.3833 860
14.4 858
14.4167 856
14.4333 854
14.45 852
14.4667 850
14.4833 848
14.5 846
14.5167 844
14.5333 842
14.55 840
14.5667 838
14.5833 836
14.6 834
14.6167 832
14.6333 830
14.65 828
14.6667 826
14.6833 824
14.7 822
14.7167 819
14.7333 817
14.75 815
14.7667 813
14.7833 810
14.8 808
14.8167 806
14.8333 804
14.85 801
14.8667 799
14.8833 797
14.9 794
14.9167 792
14.9333 789
14.95 787
14.9667 785
14.9833 782
15.0 779
15.0167 777
15.0333 774
15.05 772
15.0667 769
15.0833 767
15.1 764
15.1167 762
15.1333 759
15.15 756
15.1667 754
15.1833 751
15.2 749
15.2167 746
15.2333 743
15.25 741
15.2667 738
15.2833 735
15.3 732
15.3167 730
15.3333 727
15.35 724
15.3667 721
15.3833 719
15.4 716
15.4167 713
15.4333 710
15.45 707
15.4667 704
15.4833 702
15.5 699
15.5167 696
15.5333 693
15.55 690
15.5667 687
15.5833 684
15.6 681
15.6167 678
15.6333 675
15.65 672
15.6667 669
15.6833 666
15.7 663
15.7167 660
15.7333 657
15.75 654
15.7667 651
15.7833 647
15.8 644
15.8167 641
15.8333 638
15.85 635
15.8667 632
15.8833 628
15.9 625
15.9167 622
15.9333 619
15.95 616
15.9667 612
15.9833 609
16.0 606
16.0167 603
16.0333 599
16.05 596
16.0667 593
16.0833 589
16.1 586
16.1167 583
16.1333 579
16.15 576
16.1667 573
16.1833 569
16.2 566
16.2167 563
16.2333 559
16.25 556
16.2667 552
16.2833 549
16.3 545
16.3167 542
16.3333 538
16.35 535
16.3667 532
16.3833 528
16.4 525
16.4167 521
16.4333 518
16.45 514
16.4667 510
16.4833 507
16.5 503
16.5167 500
16.5333 496
16.55 493
16.5667 489
16.5833 486
16.6 482
16.6167 478
16.6333 475
16.65 471
16.6667 468
16.6833 464
16.7 460
16.7167 457
16.7333 453
16.75 449
16.7667 446
16.7833 442
16.8 439
16.8167 435
16.8333 431
16.85 428
16.8667 424
16.8833 420
16.9 416
16.9167 413
16.9333 409
16.95 405
16.9667 402
16.9833 398
