8.0 284
8.0167 287
8.0333 291
8.05 295
8.0667 299
8.0833 303
8.1 307
8.1167 311
8.1333 315
8.15 319
8.1667 323
8.1833 327
8.2 330
8.2167 334
8.2333 338
8.25 342
8.2667 346
8.2833 350
8.3 354
8.3167 358
8.3333 362
8.35 366
8.3667 370
8.3833 373
8.4 377
8.4167 381
8.4333 385
8.45 389
8.4667 393
8.4833 397
8.5 401
8.5167 404
8.5333 408
8.55 412
8.5667 416
8.5833 420
8.6 424
8.6167 427
8.6333 431
8.65 435
8.6667 439
8.6833 443
8.7 447
8.7167 450
8.7333 454
8.75 458
8.7667 462
8.7833 465
8.8 469
8.8167 473
8.8333 477
8.85 480
8.8667 484
8.8833 488
8.9 492
8.9167 495
8.9333 499
8.95 503
8.9667 506
8.9833 510
9.0 514
9.0167 517
9.0333 521
9.05 524
9.0667 528
9.0833 531
9.1 535
9.1167 539
9.1333 542
9.15 546
9.1667 549
9.1833 553
9.2 556
9.2167 560
9.2333 564
9.25 567
9.2667 571
9.2833 574
9.3 578
9.3167 581
9.3333 584
9.35 588
9.3667 591
9.3833 595
9.4 598
9.4167 602
9.4333 605
9.45 608
9.4667 612
9.4833 615
9.5 618
9.5167 622
9.5333 625
9.55 628
9.5667 632
9.5833 635
9.6 638
9.6167 641
9.6333 645
9.65 648
9.6667 651
9.6833 654
9.7 658
9.7167 661
9.7333 664
9.75 667
9.7667 670
9.7833 673
9.8 676
9.8167 679
9.8333 683
9.85 686
9.8667 689
9.8833 692
9.9 695
9.9167 698
9.9333 701
9.95 704
9.9667 707
9.9833 710
10.0 713
10.0167 715
10.0333 718
10.05 721
10.0667 724
10.0833 727
10.1 730
10.1167 733
10.1333 735
10.15 738
10.1667 741
10.1833 744
10.2 747
10.2167 749
10.2333 752
10.25 755
10.2667 757
10.2833 760
10.3 763
10.3167 765
10.3333 768
10.35 771
10.3667 773
10.3833 776
10.4 778
10.4167 781
10.4333 784
10.45 786
10.4667 789
10.4833 791
10.5 794
10.5167 796
10.5333 798
10.55 801
10.5667 803
10.5833 806
10.6 808
10.6167 810
10.6333 813
10.65 815
10.6667 817
10.6833 820
10.7 822
10.7167 824
10.7333 826
10.75 828
10.7667 831
10.7833 833
10.8 835
10.8167 837
10.8333 839
10.85 841
10.8667 843
10.8833 846
10.9 848
10.9167 850
10.9333 852
10.95 854
10.9667 856
10.9833 858
11.0 860
11.0167 861
11.0333 863
11.05 865
11.0667 867
11.0833 869
11.1 871
11.1167 873
11.1333 874
11.15 876
11.1667 878
11.1833 880
11.2 881
11.2167 883
11.2333 885
11.25 886
11.2667 888
11.2833 890
11.3 891
11.3167 893
11.3333 895
11.35 896
11.3667 898
11.3833 899
11.4 901
11.4167 902
11.4333 904
11.45 905
11.4667 906
11.4833 908
11.5 909
11.5167 911
11.5333 912
11.55 913
11.5667 915
11.5833 916
11.6 917
11.6167 918
11.6333 920
11.65 921
11.6667 922
11.6833 923
11.7 924
11.7167 925
11.7333 926
11.75 928
11.7667 929
11.7833 930
11.8 931
11.8167 932
11.8333 933
11.85 934
11.8667 935
11.8833 936
11.9 936
11.9167 937
11.9333 938
11.95 939
11.9667 940
11.9833 941
12.0 941
12.0167 942
12.0333 943
12.05 944
12.0667 944
12.0833 945
12.1 946
12.1167 946
12.1333 947
12.15 948
12.1667 948
12.1833 949
12.2 949
12.2167 950
12.2333 950
12.25 951
12.2667 951
12.2833 952
12.3 952
12.3167 953
12.3333 953
12.35 953
12.3667 954
12.3833 954
12.4 954
12.4167 955
12.4333 955
12.45 955
12.4667 955
12.4833 956
12.5 956
12.5167 956
12.5333 956
12.55 956
12.5667 956
12.5833 956
12.6 956
12.6167 956
12.6333 957
12.65 957
12.6667 956
12.6833 956
12.7 956
12.7167 956
12.7333 956
12.75 956
12.7667 956
12.7833 956
12.8 956
12.8167 955
12.8333 955
12.85 955
12.8667 955
12.8833 954
12.9 954
12.9167 954
12.9333 953
12.95 953
12.9667 953
12.9833 952
13.0 952
13.0167 951
13.0333 951
13.05 950
13.0667 950
13.0833 949
13.1 949
13.1167 948
13.1333 948
13.15 947
13.1667 946
13.1833 946
13.2 945
13.2167 944
13.2333 944
13.25 943
13.2667 942
13.2833 941
13.3 941
13.3167 940
13.3333 939
13.35 938
13.3667 937
13.3833 936
13.4 935
13.4167 934
13.4333 934
13.45 933
13.4667 932
13.4833 931
13.5 930
13.5167 928
13.5333 927
13.55 926
13.5667 925
13.5833 924
13.6 923
13.6167 922
13.6333 921
13.65 919
13.6667 918
13.6833 917
13.7 916
13.7167 914
13.7333 913
13.75 912
13.7667 910
13.7833 909
13.8 908
13.8167 906
13.8333 905
13.85 903
13.8667 902
13.8833 900
13.9 899
13.9167 897
13.9333 896
13.95 894
13.9667 893
13.9833 891
14.0 889
14.0167 888
14.0333 886
14.05 885
14.0667 883
14.0833 881
14.1 879
14.1167 878
14.1333 876
14.15 874
14.1667 872
14.1833 870
14.2 869
14.2167 867
14.2333 865
14.25 863
14.2667 861
14.2833 859
14.3 857
14.3167 855
14.3333 853
14.35 851
14.3667 849
14.3833 847
14.4 845
14.4167 843
14.4333 841
14.45 839
14.4667 837
14.4833 835
14.5 832
14.5167 830
14.5333 828
14.55 826
14.5667 824
14.5833 821
14.6 819
14.6167 817
14.6333 815
14.65 812
14.6667 810
14.6833 808
14.7 805
14.7167 803
14.7333 800
14.75 798
14.7667 796
14.7833 793
14.8 791
14.8167 788
14.8333 786
14.85 783
14.8667 781
14.8833 778
14.9 775
14.9167 773
14.9333 770
14.95 768
14.9667 765
14.9833 762
15.0 759
15.0167 756
15.0333 754
15.05 751
15.0667 748
15.0833 745
15.1 743
15.1167 740
15.1333 737
15.15 734
15.1667 731
15.1833 729
15.2 726
15.2167 723
15.2333 720
15.25 717
15.2667 714
15.2833 711
15.3 708
15.3167 705
15.3333 702
15.35 699
15.3667 696
15.3833 693
15.4 690
15.4167 687
15.4333 684
15.45 681
15.4667 678
15.4833 675
15.5 672
15.5167 669
15.5333 666
15.55 662
15.5667 659
15.5833 656
15.6 653
15.6167 650
15.6333 646
15.65 643
15.6667 640
15.6833 637
15.7 633
15.7167 630
15.7333 627
15.75 624
15.7667 620
15.7833 617
15.8 614
15.8167 610
15.8333 607
15.85 603
15.8667 600
15.8833 597
15.9 593
15.9167 590
15.9333 586
15.95 583
15.9667 579
15.9833 576
16.0 573
16.0167 569
16.0333 566
16.05 562
16.0667 558
16.0833 555
16.1 551
16.1167 548
16.1333 544
16.15 541
16.1667 537
16.1833 534
16.2 530
16.2167 526
16.2333 523
16.25 519
16.2667 515
16.2833 512
16.3 508
16.3167 504
16.3333 501
16.35 497
16.3667 493
16.3833 490
16.4 486
16.4167 482
16.4333 478
16.45 475
16.4667 471
16.4833 467
16.5 463
16.5167 460
16.5333 456
16.55 452
16.5667 448
16.5833 445
16.6 441
16.6167 437
16.6333 433
16.65 429
16.6667 426
16.6833 422
16.7 418
16.7167 414
16.7333 410
16.75 406
16.7667 402
16.7833 399
16.8 395
16.8167 391
16.8333 387
16.85 383
16.8667 379
16.8833 375
16.9 371
16.9167 368
16.9333 364
16.95 360
16.9667 356
16.9833 352
