8.0 254
8.0167 258
8.0333 262
8.05 266
8.0667 269
8.0833 273
8.1 277
8.1167 281
8.1333 285
8.15 288
8.1667 292
8.1833 296
8.2 300
8.2167 304
8.2333 307
8.25 311
8.2667 315
8.2833 319
8.3 322
8.3167 326
8.3333 330
8.35 334
8.3667 338
8.3833 341
8.4 345
8.4167 349
8.4333 353
8.45 357
8.4667 360
8.4833 364
8.5 368
8.5167 372
8.5333 375
8.55 379
8.5667 383
8.5833 387
8.6 390
8.6167 394
8.6333 398
8.65 402
8.6667 405
8.6833 409
8.7 413
8.7167 416
8.7333 420
8.75 424
8.7667 428
8.7833 431
8.8 435
8.8167 439
8.8333 442
8.85 446
8.8667 450
8.8833 453
8.9 457
8.9167 460
8.9333 464
8.95 468
8.9667 471
8.9833 475
9.0 478
9.0167 482
9.0333 485
9.05 489
9.0667 492
9.0833 496
9.1 499
9.1167 503
9.1333 506
9.15 510
9.1667 513
9.1833 517
9.2 520
9.2167 524
9.2333 527
9.25 531
9.2667 534
9.2833 538
9.3 541
9.3167 544
9.3333 548
9.35 551
9.3667 554
9.3833 558
9.4 561
9.4167 565
9.4333 568
9.45 571
9.4667 574
9.4833 578
9.5 581
9.5167 584
9.5333 588
9.55 591
9.5667 594
9.5833 597
9.6 600
9.6167 604
9.6333 607
9.65 610
9.6667 613
9.6833 616
9.7 619
9.7167 622
9.7333 626
9.75 629
9.7667 632
9.7833 635
9.8 638
9.8167 641
9.8333 644
9.85 647
9.8667 650
9.8833 653
9.9 656
9.9167 659
9.9333 662
9.95 665
9.9667 668
9.9833 670
10.0 673
10.0167 676
10.0333 679
10.05 682
10.0667 685
10.0833 687
10.1 690
10.1167 693
10.1333 696
10.15 698
10.1667 701
10.1833 704
10.2 707
10.2167 709
10.2333 712
10.25 715
10.2667 717
10.2833 720
10.3 722
10.3167 725
10.3333 728
10.35 730
10.3667 733
10.3833 735
10.4 738
10.4167 740
10.4333 743
10.45 745
10.4667 748
10.4833 750
10.5 752
10.5167 755
10.5333 757
10.55 759
10.5667 762
10.5833 764
10.6 766
10.6167 769
10.6333 771
10.65 773
10.6667 775
10.6833 778
10.7 780
10.7167 782
10.7333 784
10.75 786
10.7667 789
10.7833 791
10.8 793
10.8167 795
10.8333 797
10.85 799
10.8667 801
10.8833 803
10.9 805
10.9167 807
10.9333 809
10.95 811
10.9667 813
10.9833 815
11.0 816
11.0167 818
11.0333 820
11.05 822
11.0667 824
11.0833 826
11.1 827
11.1167 829
11.1333 831
11.15 833
11.1667 834
11.1833 836
11.2 838
11.2167 839
11.2333 841
11.25 842
11.2667 844
11.2833 846
11.3 847
11.3167 849
11.3333 850
11.35 852
11.3667 853
11.3833 855
11.4 856
11.4167 857
11.4333 859
11.45 860
11.4667 862
11.4833 863
11.5 864
11.5167 865
11.5333 867
11.55 868
11.5667 869
11.5833 870
11.6 872
11.6167 873
11.6333 874
11.65 875
11.6667 876
11.6833 877
11.7 878
11.7167 879
11.7333 880
11.75 881
11.7667 882
11.7833 883
11.8 884
11.8167 885
11.8333 886
11.85 887
11.8667 888
11.8833 889
11.9 890
11.9167 891
11.9333 891
11.95 892
11.9667 893
11.9833 894
12.0 894
12.0167 895
12.0333 896
12.05 896
12.0667 897
12.0833 898
12.1 898
12.1167 899
12.1333 899
12.15 900
12.1667 900
12.1833 901
12.2 901
12.2167 902
12.2333 902
12.25 903
12.2667 903
12.2833 904
12.3 904
12.3167 904
12.3333 905
12.35 905
12.3667 905
12.3833 905
12.4 906
12.4167 906
12.4333 906
12.45 906
12.4667 906
12.4833 906
12.5 907
12.5167 907
12.5333 907
12.55 907
12.5667 907
12.5833 907
12.6 907
12.6167 907
12.6333 907
12.65 907
12.6667 906
12.6833 906
12.7 906
12.7167 906
12.7333 906
12.75 906
12.7667 905
12.7833 905
12.8 905
12.8167 905
12.8333 904
12.85 904
12.8667 904
12.8833 903
12.9 903
12.9167 903
12.9333 902
12.95 902
12.9667 901
12.9833 901
13.0 900
13.0167 900
13.0333 899
13.05 899
13.0667 898
13.0833 898
13.1 897
13.1167 896
13.1333 896
13.15 895
13.1667 894
13.1833 893
13.2 893
13.2167 892
13.2333 891
13.25 890
13.2667 890
13.2833 889
13.3 888
13.3167 887
13.3333 886
13.35 885
13.3667 884
13.3833 883
13.4 882
13.4167 881
13.4333 880
13.45 879
13.4667 878
13.4833 877
13.5 876
13.5167 875
13.5333 874
13.55 872
13.5667 871
13.5833 870
13.6 869
13.6167 868
13.6333 866
13.65 865
13.6667 864
13.6833 862
13.7 861
13.7167 860
13.7333 858
13.75 857
13.7667 856
13.7833 854
13.8 853
13.8167 851
13.8333 850
13.85 848
13.8667 847
13.8833 845
13.9 844
13.9167 842
13.9333 840
13.95 839
13.9667 837
13.9833 835
14.0 834
14.0167 832
14.0333 830
14.05 829
14.0667 827
14.0833 825
14.1 823
14.1167 822
14.1333 820
14.15 818
14.1667 816
14.1833 814
14.2 812
14.2167 810
14.2333 808
14.25 806
14.2667 804
14.2833 802
14.3 800
14.3167 798
14.3333 796
14.35 794
14.3667 792
14.3833 790
14.4 788
14.4167 786
14.4333 784
14.45 781
14.4667 779
14.4833 777
14.5 775
14.5167 773
14.5333 770
14.55 768
14.5667 766
14.5833 764
14.6 761
14.6167 759
14.6333 757
14.65 754
14.6667 752
14.6833 749
14.7 747
14.7167 744
14.7333 742
14.75 740
14.7667 737
14.7833 735
14.8 732
14.8167 729
14.8333 727
14.85 724
14.8667 722
14.8833 719
14.9 717
14.9167 714
14.9333 711
14.95 709
14.9667 706
14.9833 703
15.0 699
15.0167 697
15.0333 694
15.05 691
15.0667 688
15.0833 686
15.1 683
15.1167 680
15.1333 677
15.15 674
15.1667 672
15.1833 669
15.2 666
15.2167 663
15.2333 660
15.25 657
15.2667 654
15.2833 651
15.3 648
15.3167 645
15.3333 642
15.35 639
15.3667 636
15.3833 633
15.4 630
15.4167 627
15.4333 624
15.45 621
15.4667 617
15.4833 614
15.5 611
15.5167 608
15.5333 605
15.55 602
15.5667 599
15.5833 595
15.6 592
15.6167 589
15.6333 586
15.65 582
15.6667 579
15.6833 576
15.7 573
15.7167 569
15.7333 566
15.75 563
15.7667 559
15.7833 556
15.8 553
15.8167 549
15.8333 546
15.85 542
15.8667 539
15.8833 536
15.9 532
15.9167 529
15.9333 525
15.95 522
15.9667 518
15.9833 515
16.0 511
16.0167 508
16.0333 504
16.05 501
16.0667 497
16.0833 494
16.1 490
16.1167 487
16.1333 483
16.15 480
16.1667 476
16.1833 472
16.2 469
16.2167 465
16.2333 462
16.25 458
16.2667 454
16.2833 451
16.3 447
16.3167 443
16.3333 440
16.35 436
16.3667 432
16.3833 429
16.4 425
16.4167 421
16.4333 418
16.45 414
16.4667 410
16.4833 407
16.5 403
16.5167 399
16.5333 395
16.55 392
16.5667 388
16.5833 384
16.6 380
16.6167 377
16.6333 373
16.65 369
16.6667 365
16.6833 362
16.7 358
16.7167 354
16.7333 350
16.75 347
16.7667 343
16.7833 339
16.8 335
16.8167 331
16.8333 328
16.85 324
16.8667 320
16.8833 316
16.9 312
16.9167 309
16.9333 305
16.95 301
16.9667 297
16.9833 294
