8.0 277
8.0167 281
8.0333 285
8.05 289
8.0667 293
8.0833 297
8.1 301
8.1167 305
8.1333 308
8.15 312
8.1667 316
8.1833 320
8.2 324
8.2167 328
8.2333 332
8.25 336
8.2667 340
8.2833 344
8.3 348
8.3167 352
8.3333 356
8.35 360
8.3667 364
8.3833 367
8.4 371
8.4167 375
8.4333 379
8.45 383
8.4667 387
8.4833 391
8.5 395
8.5167 399
8.5333 403
8.55 406
8.5667 410
8.5833 414
8.6 418
8.6167 422
8.6333 426
8.65 429
8.6667 433
8.6833 437
8.7 441
8.7167 445
8.7333 449
8.75 452
8.7667 456
8.7833 460
8.8 464
8.8167 467
8.8333 471
8.85 475
8.8667 479
8.8833 482
8.9 486
8.9167 490
8.9333 493
8.95 497
8.9667 501
8.9833 505
9.0 508
9.0167 511
9.0333 515
9.05 519
9.0667 522
9.0833 526
9.1 530
9.1167 533
9.1333 537
9.15 540
9.1667 544
9.1833 547
9.2 551
9.2167 554
9.2333 558
9.25 561
9.2667 565
9.2833 568
9.3 572
9.3167 575
9.3333 579
9.35 582
9.3667 586
9.3833 589
9.4 593
9.4167 596
9.4333 599
9.45 603
9.4667 606
9.4833 609
9.5 613
9.5167 616
9.5333 619
9.55 623
9.5667 626
9.5833 629
9.6 632
9.6167 636
9.6333 639
9.65 642
9.6667 645
9.6833 648
9.7 652
9.7167 655
9.7333 658
9.75 661
9.7667 664
9.7833 667
9.8 670
9.8167 673
9.8333 676
9.85 680
9.8667 683
9.8833 686
9.9 689
9.9167 692
9.9333 695
9.95 697
9.9667 700
9.9833 703
10.0 706
10.0167 709
10.0333 712
10.05 715
10.0667 718
10.0833 721
10.1 723
10.1167 726
10.1333 729
10.15 732
10.1667 735
10.1833 737
10.2 740
10.2167 743
10.2333 745
10.25 748
10.2667 751
10.2833 753
10.3 756
10.3167 759
10.3333 761
10.35 764
10.3667 766
10.3833 769
10.4 771
10.4167 774
10.4333 776
10.45 779
10.4667 781
10.4833 784
10.5 786
10.5167 789
10.5333 791
10.55 793
10.5667 796
10.5833 798
10.6 800
10.6167 803
10.6333 805
10.65 807
10.6667 810
10.6833 812
10.7 814
10.7167 816
10.7333 818
10.75 821
10.7667 823
10.7833 825
10.8 827
10.8167 829
10.8333 831
10.85 833
10.8667 835
10.8833 837
10.9 839
10.9167 841
10.9333 843
10.95 845
10.9667 847
10.9833 849
11.0 851
11.0167 853
11.0333 855
11.05 856
11.0667 858
11.0833 860
11.1 862
11.1167 864
11.1333 865
11.15 867
11.1667 869
11.1833 870
11.2 872
11.2167 874
11.2333 875
11.25 877
11.2667 879
11.2833 880
11.3 882
11.3167 883
11.3333 885
11.35 886
11.3667 888
11.3833 889
11.4 891
11.4167 892
11.4333 893
11.45 895
11.4667 896
11.4833 897
11.5 899
11.5167 900
11.5333 901
11.55 903
11.5667 904
11.5833 905
11.6 906
11.6167 907
11.6333 909
11.65 910
11.6667 911
11.6833 912
11.7 913
11.7167 914
11.7333 915
11.75 916
11.7667 917
11.7833 918
11.8 919
11.8167 920
11.8333 921
11.85 922
11.8667 923
11.8833 924
11.9 924
11.9167 925
11.9333 926
11.95 927
11.9667 928
11.9833 928
12.0 929
12.0167 930
12.0333 930
12.05 931
12.0667 932
12.0833 932
12.1 933
12.1167 934
12.1333 934
12.15 935
12.1667 935
12.1833 936
12.2 936
12.2167 937
12.2333 937
12.25 937
12.2667 938
12.2833 938
12.3 939
12.3167 939
12.3333 939
12.35 939
12.3667 940
12.3833 940
12.4 940
12.4167 940
12.4333 941
12.45 941
12.4667 941
12.4833 941
12.5 941
12.5167 941
12.5333 941
12.55 941
12.5667 941
12.5833 941
12.6 941
12.6167 941
12.6333 941
12.65 941
12.6667 941
12.6833 941
12.7 941
12.7167 941
12.7333 940
12.75 940
12.7667 940
12.7833 940
12.8 939
12.8167 939
12.8333 939
12.85 939
12.8667 938
12.8833 938
12.9 937
12.9167 937
12.9333 937
12.95 936
12.9667 936
12.9833 935
13.0 935
13.0167 934
13.0333 934
13.05 933
13.0667 932
13.0833 932
13.1 931
13.1167 930
13.1333 930
13.15 929
13.1667 928
13.1833 928
13.2 927
13.2167 926
13.2333 925
13.25 925
13.2667 924
13.2833 923
13.3 922
13.3167 921
13.3333 920
13.35 919
13.3667 918
13.3833 917
13.4 916
13.4167 915
13.4333 914
13.45 913
13.4667 912
13.4833 911
13.5 910
13.5167 909
13.5333 907
13.55 906
13.5667 905
13.5833 904
13.6 903
13.6167 901
13.6333 900
13.65 899
13.6667 898
13.6833 896
13.7 895
13.7167 893
13.7333 892
13.75 891
13.7667 889
13.7833 888
13.8 886
13.8167 885
13.8333 883
13.85 882
13.8667 880
13.8833 879
13.9 877
13.9167 875
13.9333 874
13.95 872
13.9667 870
13.9833 869
14.0 867
14.0167 865
14.0333 864
14.05 862
14.0667 860
14.0833 858
14.1 856
14.1167 855
14.1333 853
14.15 851
14.1667 849
14.1833 847
14.2 845
14.2167 843
14.2333 841
14.25 839
14.2667 837
14.2833 835
14.3 833
14.3167 831
14.3333 829
14.35 827
14.3667 825
14.3833 823
14.4 821
14.4167 818
14.4333 816
14.45 814
14.4667 812
14.4833 810
14.5 807
14.5167 805
14.5333 803
14.55 800
14.5667 798
14.5833 796
14.6 793
14.6167 791
14.6333 789
14.65 786
14.6667 784
14.6833 781
14.7 779
14.7167 776
14.7333 774
14.75 771
14.7667 769
14.7833 766
14.8 764
14.8167 761
14.8333 759
14.85 756
14.8667 753
14.8833 751
14.9 748
14.9167 745
14.9333 743
14.95 740
14.9667 737
14.9833 735
15.0 731
15.0167 728
15.0333 725
15.05 722
15.0667 720
15.0833 717
15.1 714
15.1167 711
15.1333 708
15.15 705
15.1667 702
15.1833 699
15.2 697
15.2167 694
15.2333 691
15.25 688
15.2667 685
15.2833 682
15.3 679
15.3167 676
15.3333 672
15.35 669
15.3667 666
15.3833 663
15.4 660
15.4167 657
15.4333 654
15.45 651
15.4667 647
15.4833 644
15.5 641
15.5167 638
15.5333 635
15.55 631
15.5667 628
15.5833 625
15.6 622
15.6167 618
15.6333 615
15.65 612
15.6667 608
15.6833 605
15.7 602
15.7167 598
15.7333 595
15.75 592
15.7667 588
15.7833 585
15.8 581
15.8167 578
15.8333 574
15.85 571
15.8667 567
15.8833 564
15.9 560
15.9167 557
15.9333 553
15.95 550
15.9667 546
15.9833 543
16.0 539
16.0167 536
16.0333 532
16.05 529
16.0667 525
16.0833 521
16.1 518
16.1167 514
16.1333 510
16.15 507
16.1667 503
16.1833 499
16.2 496
16.2167 492
16.2333 488
16.25 485
16.2667 481
16.2833 477
16.3 473
16.3167 470
16.3333 466
16.35 462
16.3667 458
16.3833 455
16.4 451
16.4167 447
16.4333 443
16.45 439
16.4667 436
16.4833 432
16.5 428
16.5167 424
16.5333 420
16.55 417
16.5667 413
16.5833 409
16.6 405
16.6167 401
16.6333 397
16.65 393
16.6667 389
16.6833 386
16.7 382
16.7167 378
16.7333 374
16.75 370
16.7667 366
16.7833 362
16.8 358
16.8167 354
16.8333 350
16.85 346
16.8667 342
16.8833 339
16.9 335
16.9167 331
16.9333 327
16.95 323
16.9667 319
16.9833 315
