8.0 276
8.0167 279
8.0333 283
8.05 287
8.0667 291
8.0833 295
8.1 299
8.1167 302
8.1333 306
8.15 310
8.1667 314
8.1833 318
8.2 321
8.2167 325
8.2333 329
8.25 333
8.2667 337
8.2833 341
8.3 344
8.3167 348
8.3333 352
8.35 356
8.3667 360
8.3833 363
8.4 367
8.4167 371
8.4333 375
8.45 379
8.4667 382
8.4833 386
8.5 390
8.5167 394
8.5333 398
8.55 401
8.5667 405
8.5833 409
8.6 413
8.6167 416
8.6333 420
8.65 424
8.6667 428
8.6833 431
8.7 435
8.7167 439
8.7333 443
8.75 446
8.7667 450
8.7833 454
8.8 457
8.8167 461
8.8333 465
8.85 468
8.8667 472
8.8833 476
8.9 479
8.9167 483
8.9333 487
8.95 490
8.9667 494
8.9833 498
9.0 501
9.0167 505
9.0333 508
9.05 512
9.0667 515
9.0833 519
9.1 522
9.1167 526
9.1333 530
9.15 533
9.1667 537
9.1833 540
9.2 544
9.2167 547
9.2333 551
9.25 554
9.2667 558
9.2833 561
9.3 564
9.3167 568
9.3333 571
9.35 575
9.3667 578
9.3833 581
9.4 585
9.4167 588
9.4333 592
9.45 595
9.4667 598
9.4833 602
9.5 605
9.5167 608
9.5333 611
9.55 615
9.5667 618
9.5833 621
9.6 625
9.6167 628
9.6333 631
9.65 634
9.6667 637
9.6833 641
9.7 644
9.7167 647
9.7333 650
9.75 653
9.7667 656
9.7833 659
9.8 662
9.8167 665
9.8333 669
9.85 672
9.8667 675
9.8833 678
9.9 681
9.9167 684
9.9333 687
9.95 690
9.9667 693
9.9833 695
10.0 698
10.0167 701
10.0333 704
10.05 707
10.0667 710
10.0833 713
10.1 716
10.1167 718
10.1333 721
10.15 724
10.1667 727
10.1833 730
10.2 732
10.2167 735
10.2333 738
10.25 741
10.2667 743
10.2833 746
10.3 749
10.3167 751
10.3333 754
10.35 756
10.3667 759
10.3833 762
10.4 764
10.4167 767
10.4333 769
10.45 772
10.4667 774
10.4833 777
10.5 779
10.5167 782
10.5333 784
10.55 787
10.5667 789
10.5833 791
10.6 794
10.6167 796
10.6333 798
10.65 801
10.6667 803
10.6833 805
10.7 808
10.7167 810
10.7333 812
10.75 814
10.7667 816
10.7833 819
10.8 821
10.8167 823
10.8333 825
10.85 827
10.8667 829
10.8833 831
10.9 833
10.9167 835
10.9333 838
10.95 840
10.9667 842
10.9833 843
11.0 845
11.0167 847
11.0333 849
11.05 851
11.0667 853
11.0833 855
11.1 857
11.1167 859
11.1333 860
11.15 862
11.1667 864
11.1833 866
11.2 868
11.2167 869
11.2333 871
11.25 873
11.2667 874
11.2833 876
11.3 878
11.3167 879
11.3333 881
11.35 882
11.3667 884
11.3833 885
11.4 887
11.4167 888
11.4333 890
11.45 891
11.4667 893
11.4833 894
11.5 896
11.5167 897
11.5333 898
11.55 900
11.5667 901
11.5833 902
11.6 904
11.6167 905
11.6333 906
11.65 907
11.6667 909
11.6833 910
11.7 911
11.7167 912
11.7333 913
11.75 914
11.7667 915
11.7833 917
11.8 918
11.8167 919
11.8333 920
11.85 921
11.8667 922
11.8833 923
11.9 924
11.9167 924
11.9333 925
11.95 926
11.9667 927
11.9833 928
12.0 929
12.0167 930
12.0333 930
12.05 931
12.0667 932
12.0833 933
12.1 933
12.1167 934
12.1333 935
12.15 935
12.1667 936
12.1833 936
12.2 937
12.2167 938
12.2333 938
12.25 939
12.2667 939
12.2833 940
12.3 940
12.3167 941
12.3333 941
12.35 941
12.3667 942
12.3833 942
12.4 942
12.4167 943
12.4333 943
12.45 943
12.4667 944
12.4833 944
12.5 944
12.5167 944
12.5333 945
12.55 945
12.5667 945
12.5833 945
12.6 945
12.6167 945
12.6333 945
12.65 945
12.6667 945
12.6833 945
12.7 945
12.7167 945
12.7333 945
12.75 945
12.7667 945
12.7833 945
12.8 945
12.8167 944
12.8333 944
12.85 944
12.8667 944
12.8833 944
12.9 943
12.9167 943
12.9333 943
12.95 942
12.9667 942
12.9833 942
13.0 941
13.0167 941
13.0333 941
13.05 940
13.0667 940
13.0833 939
13.1 939
13.1167 938
13.1333 938
13.15 937
13.1667 936
13.1833 936
13.2 935
13.2167 935
13.2333 934
13.25 933
13.2667 933
13.2833 932
13.3 931
13.3167 930
13.3333 930
13.35 929
13.3667 928
13.3833 927
13.4 926
13.4167 925
13.4333 924
13.45 923
13.4667 923
13.4833 922
13.5 921
13.5167 920
13.5333 919
13.55 918
13.5667 916
13.5833 915
13.6 914
13.6167 913
13.6333 912
13.65 911
13.6667 910
13.6833 909
13.7 907
13.7167 906
13.7333 905
13.75 904
13.7667 902
13.7833 901
13.8 900
13.8167 898
13.8333 897
13.85 896
13.8667 894
13.8833 893
13.9 891
13.9167 890
13.9333 888
13.95 887
13.9667 885
13.9833 884
14.0 882
14.0167 881
14.0333 879
14.05 877
14.0667 876
14.0833 874
14.1 872
14.1167 871
14.1333 869
14.15 867
14.1667 866
14.1833 864
14.2 862
14.2167 860
14.2333 858
14.25 857
14.2667 855
14.2833 853
14.3 851
14.3167 849
14.3333 847
14.35 845
14.3667 843
14.3833 841
14.4 839
14.4167 837
14.4333 835
14.45 833
14.4667 831
14.4833 829
14.5 827
14.5167 825
14.5333 823
14.55 821
14.5667 818
14.5833 816
14.6 814
14.6167 812
14.6333 810
14.65 807
14.6667 805
14.6833 803
14.7 801
14.7167 798
14.7333 796
14.75 794
14.7667 791
14.7833 789
14.8 786
14.8167 784
14.8333 781
14.85 779
14.8667 777
14.8833 774
14.9 772
14.9167 769
14.9333 767
14.95 764
14.9667 761
14.9833 759
15.0 755
15.0167 753
15.0333 750
15.05 748
15.0667 745
15.0833 742
15.1 740
15.1167 737
15.1333 734
15.15 731
15.1667 729
15.1833 726
15.2 723
15.2167 720
15.2333 718
15.25 715
15.2667 712
15.2833 709
15.3 706
15.3167 703
15.3333 700
15.35 697
15.3667 694
15.3833 692
15.4 689
15.4167 686
15.4333 683
15.45 680
15.4667 677
15.4833 674
15.5 671
15.5167 668
15.5333 664
15.55 661
15.5667 658
15.5833 655
15.6 652
15.6167 649
15.6333 646
15.65 643
15.6667 639
15.6833 636
15.7 633
15.7167 630
15.7333 627
15.75 623
15.7667 620
15.7833 617
15.8 614
15.8167 610
15.8333 607
15.85 604
15.8667 600
15.8833 597
15.9 594
15.9167 590
15.9333 587
15.95 584
15.9667 580
15.9833 577
16.0 574
16.0167 570
16.0333 567
16.05 563
16.0667 560
16.0833 556
16.1 553
16.1167 549
16.1333 546
16.15 542
16.1667 539
16.1833 535
16.2 532
16.2167 528
16.2333 525
16.25 521
16.2667 518
16.2833 514
16.3 511
16.3167 507
16.3333 503
16.35 500
16.3667 496
16.3833 493
16.4 489
16.4167 485
16.4333 482
16.45 478
16.4667 474
16.4833 471
16.5 467
16.5167 463
16.5333 460
16.55 456
16.5667 452
16.5833 449
16.6 445
16.6167 441
16.6333 437
16.65 434
16.6667 430
16.6833 426
16.7 422
16.7167 419
16.7333 415
16.75 411
16.7667 407
16.7833 404
16.8 400
16.8167 396
16.8333 392
16.85 388
16.8667 385
16.8833 381
16.9 377
16.9167 373
16.9333 369
16.95 366
16.9667 362
16.9833 358
