8.0 256
8.0167 260
8.0333 264
8.05 268
8.0667 272
8.0833 276
8.1 280
8.1167 284
8.1333 288
8.15 292
8.1667 296
8.1833 300
8.2 303
8.2167 307
8.2333 311
8.25 315
8.2667 319
8.2833 323
8.3 327
8.3167 331
8.3333 335
8.35 339
8.3667 342
8.3833 346
8.4 350
8.4167 354
8.4333 358
8.45 362
8.4667 366
8.4833 370
8.5 373
8.5167 377
8.5333 381
8.55 385
8.5667 389
8.5833 393
8.6 396
8.6167 400
8.6333 404
8.65 408
8.6667 412
8.6833 415
8.7 419
8.7167 423
8.7333 427
8.75 430
8.7667 434
8.7833 438
8.8 442
8.8167 445
8.8333 449
8.85 453
8.8667 456
8.8833 460
8.9 464
8.9167 467
8.9333 471
8.95 475
8.9667 478
8.9833 482
9.0 486
9.0167 489
9.0333 492
9.05 496
9.0667 499
9.0833 503
9.1 507
9.1167 510
9.1333 514
9.15 517
9.1667 521
9.1833 524
9.2 528
9.2167 531
9.2333 535
9.25 538
9.2667 541
9.2833 545
9.3 548
9.3167 552
9.3333 555
9.35 558
9.3667 562
9.3833 565
9.4 569
9.4167 572
9.4333 575
9.45 579
9.4667 582
9.4833 585
9.5 588
9.5167 592
9.5333 595
9.55 598
9.5667 601
9.5833 604
9.6 608
9.6167 611
9.6333 614
9.65 617
9.6667 620
9.6833 623
9.7 627
9.7167 630
9.7333 633
9.75 636
9.7667 639
9.7833 642
9.8 645
9.8167 648
9.8333 651
9.85 654
9.8667 657
9.8833 660
9.9 663
9.9167 666
9.9333 668
9.95 671
9.9667 674
9.9833 677
10.0 680
10.0167 683
10.0333 686
10.05 688
10.0667 691
10.0833 694
10.1 697
10.1167 699
10.1333 702
10.15 705
10.1667 707
10.1833 710
10.2 713
10.2167 715
10.2333 718
10.25 721
10.2667 723
10.2833 726
10.3 728
10.3167 731
10.3333 733
10.35 736
10.3667 738
10.3833 741
10.4 743
10.4167 746
10.4333 748
10.45 751
10.4667 753
10.4833 755
10.5 758
10.5167 760
10.5333 762
10.55 765
10.5667 767
10.5833 769
10.6 771
10.6167 774
10.6333 776
10.65 778
10.6667 780
10.6833 782
10.7 784
10.7167 786
10.7333 789
10.75 791
10.7667 793
10.7833 795
10.8 797
10.8167 799
10.8333 801
10.85 803
10.8667 805
10.8833 807
10.9 809
10.9167 810
10.9333 812
10.95 814
10.9667 816
10.9833 818
11.0 820
11.0167 821
11.0333 823
11.05 825
11.0667 827
11.0833 828
11.1 830
11.1167 832
11.1333 833
11.15 835
11.1667 837
11.1833 838
11.2 840
11.2167 841
11.2333 843
11.25 844
11.2667 846
11.2833 847
11.3 849
11.3167 850
11.3333 852
11.35 853
11.3667 854
11.3833 856
11.4 857
11.4167 858
11.4333 860
11.45 861
11.4667 862
11.4833 863
11.5 865
11.5167 866
11.5333 867
11.55 868
11.5667 869
11.5833 870
11.6 872
11.6167 873
11.6333 874
11.65 875
11.6667 876
11.6833 877
11.7 878
11.7167 879
11.7333 880
11.75 881
11.7667 881
11.7833 882
11.8 883
11.8167 884
11.8333 885
11.85 886
11.8667 886
11.8833 887
11.9 888
11.9167 889
11.9333 889
11.95 890
11.9667 891
11.9833 891
12.0 892
12.0167 892
12.0333 893
12.05 894
12.0667 894
12.0833 895
12.1 895
12.1167 896
12.1333 896
12.15 896
12.1667 897
12.1833 897
12.2 898
12.2167 898
12.2333 898
12.25 899
12.2667 899
12.2833 899
12.3 899
12.3167 900
12.3333 900
12.35 900
12.3667 900
12.3833 900
12.4 900
12.4167 901
12.4333 901
12.45 901
12.4667 901
12.4833 901
12.5 901
12.5167 901
12.5333 901
12.55 901
12.5667 900
12.5833 900
12.6 900
12.6167 900
12.6333 900
12.65 900
12.6667 900
12.6833 899
12.7 899
12.7167 899
12.7333 898
12.75 898
12.7667 898
12.7833 897
12.8 897
12.8167 897
12.8333 896
12.85 896
12.8667 895
12.8833 895
12.9 894
12.9167 894
12.9333 893
12.95 893
12.9667 892
12.9833 892
13.0 891
13.0167 890
13.0333 890
13.05 889
13.0667 888
13.0833 888
13.1 887
13.1167 886
13.1333 885
13.15 884
13.1667 884
13.1833 883
13.2 882
13.2167 881
13.2333 880
13.25 879
13.2667 878
13.2833 877
13.3 876
13.3167 875
13.3333 874
13.35 873
13.3667 872
13.3833 871
13.4 870
13.4167 869
13.4333 868
13.45 866
13.4667 865
13.4833 864
13.5 863
13.5167 862
13.5333 860
13.55 859
13.5667 858
13.5833 856
13.6 855
13.6167 854
13.6333 852
13.65 851
13.6667 849
13.6833 848
13.7 847
13.7167 845
13.7333 844
13.75 842
13.7667 840
13.7833 839
13.8 837
13.8167 836
13.8333 834
13.85 832
13.8667 831
13.8833 829
13.9 827
13.9167 826
13.9333 824
13.95 822
13.9667 820
13.9833 819
14.0 817
14.0167 815
14.0333 813
14.05 811
14.0667 809
14.0833 808
14.1 806
14.1167 804
14.1333 802
14.15 800
14.1667 798
14.1833 796
14.2 794
14.2167 792
14.2333 790
14.25 788
14.2667 785
14.2833 783
14.3 781
14.3167 779
14.3333 777
14.35 775
14.3667 772
14.3833 770
14.4 768
14.4167 766
14.4333 763
14.45 761
14.4667 759
14.4833 756
14.5 754
14.5167 752
14.5333 749
14.55 747
14.5667 744
14.5833 742
14.6 740
14.6167 737
14.6333 735
14.65 732
14.6667 730
14.6833 727
14.7 724
14.7167 722
14.7333 719
14.75 717
14.7667 714
14.7833 711
14.8 709
14.8167 706
14.8333 703
14.85 701
14.8667 698
14.8833 695
14.9 693
14.9167 690
14.9333 687
14.95 684
14.9667 681
14.9833 679
15.0 675
15.0167 672
15.0333 669
15.05 666
15.0667 663
15.0833 660
15.1 657
15.1167 654
15.1333 651
15.15 648
15.1667 645
15.1833 642
15.2 639
15.2167 636
15.2333 633
15.25 630
15.2667 627
15.2833 624
15.3 621
15.3167 618
15.3333 614
15.35 611
15.3667 608
15.3833 605
15.4 602
15.4167 599
15.4333 595
15.45 592
15.4667 589
15.4833 586
15.5 582
15.5167 579
15.5333 576
15.55 572
15.5667 569
15.5833 566
15.6 562
15.6167 559
15.6333 556
15.65 552
15.6667 549
15.6833 545
15.7 542
15.7167 539
15.7333 535
15.75 532
15.7667 528
15.7833 525
15.8 521
15.8167 518
15.8333 514
15.85 511
15.8667 507
15.8833 504
15.9 500
15.9167 496
15.9333 493
15.95 489
15.9667 486
15.9833 482
16.0 478
16.0167 475
16.0333 471
16.05 468
16.0667 464
16.0833 460
16.1 457
16.1167 453
16.1333 449
16.15 445
16.1667 442
16.1833 438
16.2 434
16.2167 431
16.2333 427
16.25 423
16.2667 419
16.2833 416
16.3 412
16.3167 408
16.3333 404
16.35 400
16.3667 397
16.3833 393
16.4 389
16.4167 385
16.4333 381
16.45 377
16.4667 374
16.4833 370
16.5 366
16.5167 362
16.5333 358
16.55 354
16.5667 350
16.5833 347
16.6 343
16.6167 339
16.6333 335
16.65 331
16.6667 327
16.6833 323
16.7 319
16.7167 315
16.7333 312
16.75 308
16.7667 304
16.7833 300
16.8 296
16.8167 292
16.8333 288
16.85 284
16.8667 280
16.8833 276
16.9 272
16.9167 269
16.9333 265
16.95 261
16.9667 257
16.9833 253
