8.0 227
8.0167 230
8.0333 234
8.05 238
8.0667 242
8.0833 246
8.1 249
8.1167 253
8.1333 257
8.15 261
8.1667 265
8.1833 268
8.2 272
8.2167 276
8.2333 280
8.25 284
8.2667 287
8.2833 291
8.3 295
8.3167 299
8.3333 303
8.35 306
8.3667 310
8.3833 314
8.4 318
8.4167 321
8.4333 325
8.45 329
8.4667 333
8.4833 337
8.5 340
8.5167 344
8.5333 348
8.55 352
8.5667 355
8.5833 359
8.6 363
8.6167 366
8.6333 370
8.65 374
8.6667 378
8.6833 381
8.7 385
8.7167 389
8.7333 392
8.75 396
8.7667 400
8.7833 403
8.8 407
8.8167 411
8.8333 414
8.85 418
8.8667 421
8.8833 425
8.9 429
8.9167 432
8.9333 436
8.95 439
8.9667 443
8.9833 446
9.0 450
9.0167 453
9.0333 456
9.05 460
9.0667 463
9.0833 467
9.1 470
9.1167 474
9.1333 477
9.15 481
9.1667 484
9.1833 487
9.2 491
9.2167 494
9.2333 498
9.25 501
9.2667 504
9.2833 508
9.3 511
9.3167 514
9.3333 518
9.35 521
9.3667 524
9.3833 528
9.4 531
9.4167 534
9.4333 537
9.45 541
9.4667 544
9.4833 547
9.5 550
9.5167 553
9.5333 557
9.55 560
9.5667 563
9.5833 566
9.6 569
9.6167 572
9.6333 575
9.65 578
9.6667 581
9.6833 585
9.7 588
9.7167 591
9.7333 594
9.75 597
9.7667 600
9.7833 602
9.8 605
9.8167 608
9.8333 611
9.85 614
9.8667 617
9.8833 620
9.9 623
9.9167 626
9.9333 628
9.95 631
9.9667 634
9.9833 637
10.0 640
10.0167 642
10.0333 645
10.05 648
10.0667 651
10.0833 653
10.1 656
10.1167 659
10.1333 661
10.15 664
10.1667 666
10.1833 669
10.2 672
10.2167 674
10.2333 677
10.25 679
10.2667 682
10.2833 684
10.3 687
10.3167 689
10.3333 692
10.35 694
10.3667 697
10.3833 699
10.4 701
10.4167 704
10.4333 706
10.45 708
10.4667 711
10.4833 713
10.5 715
10.5167 717
10.5333 720
10.55 722
10.5667 724
10.5833 726
10.6 728
10.6167 731
10.6333 733
10.65 735
10.6667 737
10.6833 739
10.7 741
10.7167 743
10.7333 745
10.75 747
10.7667 749
10.7833 751
10.8 753
10.8167 755
10.8333 757
10.85 759
10.8667 761
10.8833 763
10.9 764
10.9167 766
10.9333 768
10.95 770
10.9667 772
10.9833 773
11.0 775
11.0167 777
11.0333 779
11.05 780
11.0667 782
11.0833 784
11.1 785
11.1167 787
11.1333 788
11.15 790
11.1667 791
11.1833 793
11.2 794
11.2167 796
11.2333 797
11.25 799
11.2667 800
11.2833 802
11.3 803
11.3167 804
11.3333 806
11.35 807
11.3667 808
11.3833 810
11.4 811
11.4167 812
11.4333 813
11.45 815
11.4667 816
11.4833 817
11.5 818
11.5167 819
11.5333 820
11.55 822
11.5667 823
11.5833 824
11.6 825
11.6167 826
11.6333 827
11.65 828
11.6667 829
11.6833 830
11.7 830
11.7167 831
11.7333 832
11.75 833
11.7667 834
11.7833 835
11.8 836
11.8167 836
11.8333 837
11.85 838
11.8667 838
11.8833 839
11.9 840
11.9167 841
11.9333 841
11.95 842
11.9667 842
11.9833 843
12.0 843
12.0167 844
12.0333 845
12.05 845
12.0667 845
12.0833 846
12.1 846
12.1167 847
12.1333 847
12.15 847
12.1667 848
12.1833 848
12.2 848
12.2167 849
12.2333 849
12.25 849
12.2667 849
12.2833 850
12.3 850
12.3167 850
12.3333 850
12.35 850
12.3667 850
12.3833 850
12.4 851
12.4167 851
12.4333 851
12.45 851
12.4667 851
12.4833 851
12.5 850
12.5167 850
12.5333 850
12.55 850
12.5667 850
12.5833 850
12.6 850
12.6167 849
12.6333 849
12.65 849
12.6667 849
12.6833 848
12.7 848
12.7167 848
12.7333 847
12.75 847
12.7667 847
12.7833 846
12.8 846
12.8167 845
12.8333 845
12.85 844
12.8667 844
12.8833 843
12.9 843
12.9167 842
12.9333 842
12.95 841
12.9667 840
12.9833 840
13.0 839
13.0167 838
13.0333 838
13.05 837
13.0667 836
13.0833 835
13.1 835
13.1167 834
13.1333 833
13.15 832
13.1667 831
13.1833 830
13.2 829
13.2167 828
13.2333 827
13.25 826
13.2667 825
13.2833 824
13.3 823
13.3167 822
13.3333 821
13.35 820
13.3667 819
13.3833 818
13.4 817
13.4167 816
13.4333 814
13.45 813
13.4667 812
13.4833 811
13.5 809
13.5167 808
13.5333 807
13.55 805
13.5667 804
13.5833 803
13.6 801
13.6167 800
13.6333 798
13.65 797
13.6667 796
13.6833 794
13.7 793
13.7167 791
13.7333 789
13.75 788
13.7667 786
13.7833 785
13.8 783
13.8167 781
13.8333 780
13.85 778
13.8667 776
13.8833 775
13.9 773
13.9167 771
13.9333 769
13.95 768
13.9667 766
13.9833 764
14.0 762
14.0167 760
14.0333 758
14.05 756
14.0667 755
14.0833 753
14.1 751
14.1167 749
14.1333 747
14.15 745
14.1667 743
14.1833 741
14.2 738
14.2167 736
14.2333 734
14.25 732
14.2667 730
14.2833 728
14.3 726
14.3167 724
14.3333 721
14.35 719
14.3667 717
14.3833 715
14.4 712
14.4167 710
14.4333 708
14.45 705
14.4667 703
14.4833 701
14.5 698
14.5167 696
14.5333 693
14.55 691
14.5667 689
14.5833 686
14.6 684
14.6167 681
14.6333 679
14.65 676
14.6667 673
14.6833 671
14.7 668
14.7167 666
14.7333 663
14.75 661
14.7667 658
14.7833 655
14.8 653
14.8167 650
14.8333 647
14.85 644
14.8667 642
14.8833 639
14.9 636
14.9167 633
14.9333 631
14.95 628
14.9667 625
14.9833 622
15.0 618
15.0167 615
15.0333 612
15.05 609
15.0667 606
15.0833 604
15.1 601
15.1167 598
15.1333 595
15.15 592
15.1667 589
15.1833 586
15.2 583
15.2167 580
15.2333 576
15.25 573
15.2667 570
15.2833 567
15.3 564
15.3167 561
15.3333 558
15.35 555
15.3667 551
15.3833 548
15.4 545
15.4167 542
15.4333 539
15.45 535
15.4667 532
15.4833 529
15.5 526
15.5167 522
15.5333 519
15.55 516
15.5667 512
15.5833 509
15.6 506
15.6167 502
15.6333 499
15.65 496
15.6667 492
15.6833 489
15.7 485
15.7167 482
15.7333 479
15.75 475
15.7667 472
15.7833 468
15.8 465
15.8167 461
15.8333 458
15.85 454
15.8667 451
15.8833 447
15.9 444
15.9167 440
15.9333 437
15.95 433
15.9667 429
15.9833 426
16.0 422
16.0167 419
16.0333 415
16.05 411
16.0667 408
16.0833 404
16.1 401
16.1167 397
16.1333 393
16.15 390
16.1667 386
16.1833 382
16.2 379
16.2167 375
16.2333 371
16.25 367
16.2667 364
16.2833 360
16.3 356
16.3167 353
16.3333 349
16.35 345
16.3667 341
16.3833 338
16.4 334
16.4167 330
16.4333 326
16.45 323
16.4667 319
16.4833 315
16.5 311
16.5167 307
16.5333 304
16.55 300
16.5667 296
16.5833 292
16.6 288
16.6167 285
16.6333 281
16.65 277
16.6667 273
16.6833 270
16.7 266
16.7167 262
16.7333 258
16.75 254
16.7667 251
16.7833 247
16.8 243
16.8167 239
16.8333 235
16.85 232
16.8667 228
16.8833 224
16.9 220
16.9167 216
16.9333 213
16.95 209
16.9667 205
16.9833 201
