8.0 229
8.0167 233
8.0333 237
8.05 240
8.0667 244
8.0833 248
8.1 252
8.1167 256
8.1333 260
8.15 263
8.1667 267
8.1833 271
8.2 275
8.2167 279
8.2333 282
8.25 286
8.2667 290
8.2833 294
8.3 298
8.3167 302
8.3333 305
8.35 309
8.3667 313
8.3833 317
8.4 321
8.4167 324
8.4333 328
8.45 332
8.4667 336
8.4833 339
8.5 343
8.5167 347
8.5333 351
8.55 355
8.5667 358
8.5833 362
8.6 366
8.6167 370
8.6333 373
8.65 377
8.6667 381
8.6833 384
8.7 388
8.7167 392
8.7333 395
8.75 399
8.7667 403
8.7833 406
8.8 410
8.8167 414
8.8333 417
8.85 421
8.8667 425
8.8833 428
8.9 432
8.9167 435
8.9333 439
8.95 443
8.9667 446
8.9833 450
9.0 453
9.0167 456
9.0333 460
9.05 463
9.0667 467
9.0833 470
9.1 474
9.1167 477
9.1333 480
9.15 484
9.1667 487
9.1833 491
9.2 494
9.2167 498
9.2333 501
9.25 504
9.2667 508
9.2833 511
9.3 514
9.3167 518
9.3333 521
9.35 524
9.3667 528
9.3833 531
9.4 534
9.4167 538
9.4333 541
9.45 544
9.4667 547
9.4833 550
9.5 554
9.5167 557
9.5333 560
9.55 563
9.5667 566
9.5833 569
9.6 573
9.6167 576
9.6333 579
9.65 582
9.6667 585
9.6833 588
9.7 591
9.7167 594
9.7333 597
9.75 600
9.7667 603
9.7833 606
9.8 609
9.8167 612
9.8333 615
9.85 618
9.8667 621
9.8833 623
9.9 626
9.9167 629
9.9333 632
9.95 635
9.9667 638
9.9833 640
10.0 643
10.0167 646
10.0333 649
10.05 651
10.0667 654
10.0833 657
10.1 659
10.1167 662
10.1333 665
10.15 667
10.1667 670
10.1833 673
10.2 675
10.2167 678
10.2333 680
10.25 683
10.2667 685
10.2833 688
10.3 690
10.3167 693
10.3333 695
10.35 698
10.3667 700
10.3833 702
10.4 705
10.4167 707
10.4333 709
10.45 712
10.4667 714
10.4833 716
10.5 719
10.5167 721
10.5333 723
10.55 725
10.5667 728
10.5833 730
10.6 732
10.6167 734
10.6333 736
10.65 738
10.6667 740
10.6833 743
10.7 745
10.7167 747
10.7333 749
10.75 751
10.7667 753
10.7833 755
10.8 757
10.8167 759
10.8333 760
10.85 762
10.8667 764
10.8833 766
10.9 768
10.9167 770
10.9333 772
10.95 773
10.9667 775
10.9833 777
11.0 779
11.0167 780
11.0333 782
11.05 784
11.0667 785
11.0833 787
11.1 789
11.1167 790
11.1333 792
11.15 793
11.1667 795
11.1833 796
11.2 798
11.2167 799
11.2333 801
11.25 802
11.2667 804
11.2833 805
11.3 806
11.3167 808
11.3333 809
11.35 811
11.3667 812
11.3833 813
11.4 814
11.4167 816
11.4333 817
11.45 818
11.4667 819
11.4833 820
11.5 822
11.5167 823
11.5333 824
11.55 825
11.5667 826
11.5833 827
11.6 828
11.6167 829
11.6333 830
11.65 831
11.6667 832
11.6833 833
11.7 834
11.7167 835
11.7333 836
11.75 836
11.7667 837
11.7833 838
11.8 839
11.8167 840
11.8333 840
11.85 841
11.8667 842
11.8833 843
11.9 843
11.9167 844
11.9333 844
11.95 845
11.9667 846
11.9833 846
12.0 847
12.0167 847
12.0333 848
12.05 848
12.0667 849
12.0833 849
12.1 850
12.1167 850
12.1333 850
12.15 851
12.1667 851
12.1833 851
12.2 852
12.2167 852
12.2333 852
12.25 853
12.2667 853
12.2833 853
12.3 853
12.3167 853
12.3333 853
12.35 854
12.3667 854
12.3833 854
12.4 854
12.4167 854
12.4333 854
12.45 854
12.4667 854
12.4833 854
12.5 854
12.5167 854
12.5333 853
12.55 853
12.5667 853
12.5833 853
12.6 853
12.6167 853
12.6333 852
12.65 852
12.6667 852
12.6833 852
12.7 851
12.7167 851
12.7333 851
12.75 850
12.7667 850
12.7833 849
12.8 849
12.8167 848
12.8333 848
12.85 847
12.8667 847
12.8833 846
12.9 846
12.9167 845
12.9333 845
12.95 844
12.9667 843
12.9833 843
13.0 842
13.0167 841
13.0333 841
13.05 840
13.0667 839
13.0833 838
13.1 838
13.1167 837
13.1333 836
13.15 835
13.1667 834
13.1833 833
13.2 832
13.2167 831
13.2333 830
13.25 829
13.2667 828
13.2833 827
13.3 826
13.3167 825
13.3333 824
13.35 823
13.3667 822
13.3833 821
13.4 820
13.4167 819
13.4333 817
13.45 816
13.4667 815
13.4833 814
13.5 812
13.5167 811
13.5333 810
13.55 808
13.5667 807
13.5833 806
13.6 804
13.6167 803
13.6333 801
13.65 800
13.6667 798
13.6833 797
13.7 795
13.7167 794
13.7333 792
13.75 791
13.7667 789
13.7833 788
13.8 786
13.8167 784
13.8333 783
13.85 781
13.8667 779
13.8833 778
13.9 776
13.9167 774
13.9333 772
13.95 770
13.9667 769
13.9833 767
14.0 765
14.0167 763
14.0333 761
14.05 759
14.0667 757
14.0833 755
14.1 753
14.1167 751
14.1333 749
14.15 747
14.1667 745
14.1833 743
14.2 741
14.2167 739
14.2333 737
14.25 735
14.2667 733
14.2833 731
14.3 728
14.3167 726
14.3333 724
14.35 722
14.3667 720
14.3833 717
14.4 715
14.4167 713
14.4333 710
14.45 708
14.4667 706
14.4833 703
14.5 701
14.5167 698
14.5333 696
14.55 694
14.5667 691
14.5833 689
14.6 686
14.6167 684
14.6333 681
14.65 679
14.6667 676
14.6833 674
14.7 671
14.7167 668
14.7333 666
14.75 663
14.7667 660
14.7833 658
14.8 655
14.8167 652
14.8333 650
14.85 647
14.8667 644
14.8833 641
14.9 639
14.9167 636
14.9333 633
14.95 630
14.9667 627
14.9833 625
15.0 621
15.0167 618
15.0333 615
15.05 612
15.0667 609
15.0833 606
15.1 603
15.1167 600
15.1333 597
15.15 594
15.1667 591
15.1833 588
15.2 585
15.2167 582
15.2333 579
15.25 576
15.2667 573
15.2833 570
15.3 566
15.3167 563
15.3333 560
15.35 557
15.3667 554
15.3833 551
15.4 547
15.4167 544
15.4333 541
15.45 538
15.4667 534
15.4833 531
15.5 528
15.5167 525
15.5333 521
15.55 518
15.5667 515
15.5833 511
15.6 508
15.6167 505
15.6333 501
15.65 498
15.6667 494
15.6833 491
15.7 488
15.7167 484
15.7333 481
15.75 477
15.7667 474
15.7833 470
15.8 467
15.8167 463
15.8333 460
15.85 456
15.8667 453
15.8833 449
15.9 446
15.9167 442
15.9333 439
15.95 435
15.9667 431
15.9833 428
16.0 424
16.0167 421
16.0333 417
16.05 413
16.0667 410
16.0833 406
16.1 402
16.1167 399
16.1333 395
16.15 391
16.1667 388
16.1833 384
16.2 380
16.2167 377
16.2333 373
16.25 369
16.2667 365
16.2833 362
16.3 358
16.3167 354
16.3333 350
16.35 347
16.3667 343
16.3833 339
16.4 335
16.4167 332
16.4333 328
16.45 324
16.4667 320
16.4833 316
16.5 313
16.5167 309
16.5333 305
16.55 301
16.5667 297
16.5833 294
16.6 290
16.6167 286
16.6333 282
16.65 278
16.6667 275
16.6833 271
16.7 267
16.7167 263
16.7333 259
16.75 255
16.7667 252
16.7833 248
16.8 244
16.8167 240
16.8333 236
16.85 233
16.8667 229
16.8833 225
16.9 221
16.9167 217
16.9333 214
16.95 210
16.9667 206
16.9833 202
