8.0 236
8.0167 240
8.0333 244
8.05 248
8.0667 251
8.0833 255
8.1 259
8.1167 263
8.1333 267
8.15 271
8.1667 274
8.1833 278
8.2 282
8.2167 286
8.2333 290
8.25 294
8.2667 298
8.2833 301
8.3 305
8.3167 309
8.3333 313
8.35 317
8.3667 320
8.3833 324
8.4 328
8.4167 332
8.4333 336
8.45 339
8.4667 343
8.4833 347
8.5 351
8.5167 355
8.5333 358
8.55 362
8.5667 366
8.5833 370
8.6 373
8.6167 377
8.6333 381
8.65 385
8.6667 388
8.6833 392
8.7 396
8.7167 400
8.7333 403
8.75 407
8.7667 411
8.7833 414
8.8 418
8.8167 422
8.8333 425
8.85 429
8.8667 433
8.8833 436
8.9 440
8.9167 443
8.9333 447
8.95 451
8.9667 454
8.9833 458
9.0 461
9.0167 464
9.0333 468
9.05 471
9.0667 475
9.0833 478
9.1 482
9.1167 485
9.1333 489
9.15 492
9.1667 496
9.1833 499
9.2 503
9.2167 506
9.2333 509
9.25 513
9.2667 516
9.2833 520
9.3 523
9.3167 526
9.3333 530
9.35 533
9.3667 536
9.3833 540
9.4 543
9.4167 546
9.4333 549
9.45 553
9.4667 556
9.4833 559
9.5 562
9.5167 566
9.5333 569
9.55 572
9.5667 575
9.5833 578
9.6 581
9.6167 585
9.6333 588
9.65 591
9.6667 594
9.6833 597
9.7 600
9.7167 603
9.7333 606
9.75 609
9.7667 612
9.7833 615
9.8 618
9.8167 621
9.8333 624
9.85 627
9.8667 630
9.8833 633
9.9 636
9.9167 638
9.9333 641
9.95 644
9.9667 647
9.9833 650
10.0 652
10.0167 655
10.0333 658
10.05 661
10.0667 664
10.0833 666
10.1 669
10.1167 672
10.1333 674
10.15 677
10.1667 680
10.1833 682
10.2 685
10.2167 687
10.2333 690
10.25 692
10.2667 695
10.2833 697
10.3 700
10.3167 702
10.3333 705
10.35 707
10.3667 710
10.3833 712
10.4 715
10.4167 717
10.4333 719
10.45 722
10.4667 724
10.4833 726
10.5 729
10.5167 731
10.5333 733
10.55 735
10.5667 738
10.5833 740
10.6 742
10.6167 744
10.6333 746
10.65 749
10.6667 751
10.6833 753
10.7 755
10.7167 757
10.7333 759
10.75 761
10.7667 763
10.7833 765
10.8 767
10.8167 769
10.8333 771
10.85 773
10.8667 775
10.8833 777
10.9 778
10.9167 780
10.9333 782
10.95 784
10.9667 786
10.9833 788
11.0 789
11.0167 791
11.0333 793
11.05 794
11.0667 796
11.0833 798
11.1 799
11.1167 801
11.1333 803
11.15 804
11.1667 806
11.1833 807
11.2 809
11.2167 810
11.2333 812
11.25 813
11.2667 815
11.2833 816
11.3 818
11.3167 819
11.3333 820
11.35 822
11.3667 823
11.3833 824
11.4 826
11.4167 827
11.4333 828
11.45 829
11.4667 831
11.4833 832
11.5 833
11.5167 834
11.5333 835
11.55 836
11.5667 837
11.5833 838
11.6 840
11.6167 841
11.6333 842
11.65 843
11.6667 844
11.6833 845
11.7 845
11.7167 846
11.7333 847
11.75 848
11.7667 849
11.7833 850
11.8 851
11.8167 851
11.8333 852
11.85 853
11.8667 854
11.8833 854
11.9 855
11.9167 856
11.9333 856
11.95 857
11.9667 858
11.9833 858
12.0 859
12.0167 859
12.0333 860
12.05 860
12.0667 861
12.0833 861
12.1 862
12.1167 862
12.1333 863
12.15 863
12.1667 863
12.1833 864
12.2 864
12.2167 864
12.2333 865
12.25 865
12.2667 865
12.2833 865
12.3 865
12.3167 866
12.3333 866
12.35 866
12.3667 866
12.3833 866
12.4 866
12.4167 866
12.4333 866
12.45 866
12.4667 866
12.4833 866
12.5 866
12.5167 866
12.5333 866
12.55 866
12.5667 866
12.5833 866
12.6 866
12.6167 865
12.6333 865
12.65 865
12.6667 865
12.6833 864
12.7 864
12.7167 864
12.7333 863
12.75 863
12.7667 863
12.7833 862
12.8 862
12.8167 861
12.8333 861
12.85 861
12.8667 860
12.8833 860
12.9 859
12.9167 858
12.9333 858
12.95 857
12.9667 857
12.9833 856
13.0 855
13.0167 855
13.0333 854
13.05 853
13.0667 852
13.0833 852
13.1 851
13.1167 850
13.1333 849
13.15 848
13.1667 848
13.1833 847
13.2 846
13.2167 845
13.2333 844
13.25 843
13.2667 842
13.2833 841
13.3 840
13.3167 839
13.3333 838
13.35 837
13.3667 836
13.3833 834
13.4 833
13.4167 832
13.4333 831
13.45 830
13.4667 829
13.4833 827
13.5 826
13.5167 825
13.5333 823
13.55 822
13.5667 821
13.5833 819
13.6 818
13.6167 817
13.6333 815
13.65 814
13.6667 812
13.6833 811
13.7 809
13.7167 808
13.7333 806
13.75 805
13.7667 803
13.7833 802
13.8 800
13.8167 798
13.8333 797
13.85 795
13.8667 793
13.8833 792
13.9 790
13.9167 788
13.9333 786
13.95 785
13.9667 783
13.9833 781
14.0 779
14.0167 777
14.0333 775
14.05 774
14.0667 772
14.0833 770
14.1 768
14.1167 766
14.1333 764
14.15 762
14.1667 760
14.1833 758
14.2 756
14.2167 754
14.2333 751
14.25 749
14.2667 747
14.2833 745
14.3 743
14.3167 741
14.3333 739
14.35 736
14.3667 734
14.3833 732
14.4 730
14.4167 727
14.4333 725
14.45 723
14.4667 720
14.4833 718
14.5 716
14.5167 713
14.5333 711
14.55 708
14.5667 706
14.5833 703
14.6 701
14.6167 698
14.6333 696
14.65 693
14.6667 691
14.6833 688
14.7 686
14.7167 683
14.7333 680
14.75 678
14.7667 675
14.7833 673
14.8 670
14.8167 667
14.8333 664
14.85 662
14.8667 659
14.8833 656
14.9 654
14.9167 651
14.9333 648
14.95 645
14.9667 642
14.9833 639
15.0 635
15.0167 633
15.0333 630
15.05 627
15.0667 624
15.0833 621
15.1 618
15.1167 615
15.1333 612
15.15 609
15.1667 606
15.1833 603
15.2 600
15.2167 597
15.2333 594
15.25 591
15.2667 588
15.2833 585
15.3 581
15.3167 578
15.3333 575
15.35 572
15.3667 569
15.3833 566
15.4 562
15.4167 559
15.4333 556
15.45 553
15.4667 550
15.4833 546
15.5 543
15.5167 540
15.5333 536
15.55 533
15.5667 530
15.5833 526
15.6 523
15.6167 520
15.6333 516
15.65 513
15.6667 510
15.6833 506
15.7 503
15.7167 499
15.7333 496
15.75 492
15.7667 489
15.7833 485
15.8 482
15.8167 478
15.8333 475
15.85 471
15.8667 468
15.8833 464
15.9 461
15.9167 457
15.9333 454
15.95 450
15.9667 447
15.9833 443
16.0 439
16.0167 436
16.0333 432
16.05 428
16.0667 425
16.0833 421
16.1 418
16.1167 414
16.1333 410
16.15 407
16.1667 403
16.1833 399
16.2 395
16.2167 392
16.2333 388
16.25 384
16.2667 381
16.2833 377
16.3 373
16.3167 369
16.3333 366
16.35 362
16.3667 358
16.3833 354
16.4 351
16.4167 347
16.4333 343
16.45 339
16.4667 335
16.4833 332
16.5 328
16.5167 324
16.5333 320
16.55 316
16.5667 313
16.5833 309
16.6 305
16.6167 301
16.6333 297
16.65 293
16.6667 290
16.6833 286
16.7 282
16.7167 278
16.7333 274
16.75 270
16.7667 267
16.7833 263
16.8 259
16.8167 255
16.8333 251
16.85 247
16.8667 244
16.8833 240
16.9 236
16.9167 232
16.9333 228
16.95 225
16.9667 221
16.9833 217
