8.0 248
8.0167 252
8.0333 256
8.05 260
8.0667 264
8.0833 268
8.1 272
8.1167 276
8.1333 280
8.15 283
8.1667 287
8.1833 291
8.2 295
8.2167 299
8.2333 303
8.25 307
8.2667 311
8.2833 315
8.3 319
8.3167 322
8.3333 326
8.35 330
8.3667 334
8.3833 338
8.4 342
8.4167 346
8.4333 350
8.45 353
8.4667 357
8.4833 361
8.5 365
8.5167 369
8.5333 373
8.55 376
8.5667 380
8.5833 384
8.6 388
8.6167 392
8.6333 395
8.65 399
8.6667 403
8.6833 407
8.7 411
8.7167 414
8.7333 418
8.75 422
8.7667 425
8.7833 429
8.8 433
8.8167 437
8.8333 440
8.85 444
8.8667 448
8.8833 451
8.9 455
8.9167 459
8.9333 462
8.95 466
8.9667 469
8.9833 473
9.0 477
9.0167 479
9.0333 483
9.05 487
9.0667 490
9.0833 494
9.1 497
9.1167 501
9.1333 504
9.15 508
9.1667 511
9.1833 515
9.2 518
9.2167 522
9.2333 525
9.25 528
9.2667 532
9.2833 535
9.3 539
9.3167 542
9.3333 545
9.35 549
9.3667 552
9.3833 555
9.4 559
9.4167 562
9.4333 565
9.45 569
9.4667 572
9.4833 575
9.5 578
9.5167 582
9.5333 585
9.55 588
9.5667 591
9.5833 594
9.6 597
9.6167 601
9.6333 604
9.65 607
9.6667 610
9.6833 613
9.7 616
9.7167 619
9.7333 622
9.75 625
9.7667 628
9.7833 631
9.8 634
9.8167 637
9.8333 640
9.85 643
9.8667 646
9.8833 649
9.9 652
9.9167 655
9.9333 658
9.95 660
9.9667 663
9.9833 666
10.0 669
10.0167 672
10.0333 674
10.05 677
10.0667 680
10.0833 683
10.1 685
10.1167 688
10.1333 691
10.15 693
10.1667 696
10.1833 699
10.2 701
10.2167 704
10.2333 706
10.25 709
10.2667 711
10.2833 714
10.3 717
10.3167 719
10.3333 721
10.35 724
10.3667 726
10.3833 729
10.4 731
10.4167 734
10.4333 736
10.45 738
10.4667 741
10.4833 743
10.5 745
10.5167 748
10.5333 750
10.55 752
10.5667 754
10.5833 757
10.6 759
10.6167 761
10.6333 763
10.65 765
10.6667 767
10.6833 769
10.7 772
10.7167 774
10.7333 776
10.75 778
10.7667 780
10.7833 782
10.8 784
10.8167 786
10.8333 788
10.85 789
10.8667 791
10.8833 793
10.9 795
10.9167 797
10.9333 799
10.95 801
10.9667 802
10.9833 804
11.0 806
11.0167 808
11.0333 809
11.05 811
11.0667 813
11.0833 814
11.1 816
11.1167 818
11.1333 819
11.15 821
11.1667 822
11.1833 824
11.2 825
11.2167 827
11.2333 828
11.25 830
11.2667 831
11.2833 833
11.3 834
11.3167 836
11.3333 837
11.35 838
11.3667 840
11.3833 841
11.4 842
11.4167 844
11.4333 845
11.45 846
11.4667 847
11.4833 848
11.5 850
11.5167 851
11.5333 852
11.55 853
11.5667 854
11.5833 855
11.6 856
11.6167 857
11.6333 858
11.65 859
11.6667 860
11.6833 861
11.7 862
11.7167 863
11.7333 864
11.75 865
11.7667 866
11.7833 866
11.8 867
11.8167 868
11.8333 869
11.85 870
11.8667 870
11.8833 871
11.9 872
11.9167 872
11.9333 873
11.95 874
11.9667 874
11.9833 875
12.0 875
12.0167 876
12.0333 876
12.05 877
12.0667 877
12.0833 878
12.1 878
12.1167 879
12.1333 879
12.15 880
12.1667 880
12.1833 880
12.2 881
12.2167 881
12.2333 881
12.25 881
12.2667 882
12.2833 882
12.3 882
12.3167 882
12.3333 882
12.35 883
12.3667 883
12.3833 883
12.4 883
12.4167 883
12.4333 883
12.45 883
12.4667 883
12.4833 883
12.5 883
12.5167 883
12.5333 883
12.55 883
12.5667 882
12.5833 882
12.6 882
12.6167 882
12.6333 882
12.65 881
12.6667 881
12.6833 881
12.7 881
12.7167 880
12.7333 880
12.75 880
12.7667 879
12.7833 879
12.8 878
12.8167 878
12.8333 877
12.85 877
12.8667 876
12.8833 876
12.9 875
12.9167 875
12.9333 874
12.95 874
12.9667 873
12.9833 872
13.0 872
13.0167 871
13.0333 870
13.05 870
13.0667 869
13.0833 868
13.1 867
13.1167 866
13.1333 866
13.15 865
13.1667 864
13.1833 863
13.2 862
13.2167 861
13.2333 860
13.25 859
13.2667 858
13.2833 857
13.3 856
13.3167 855
13.3333 854
13.35 853
13.3667 852
13.3833 851
13.4 850
13.4167 848
13.4333 847
13.45 846
13.4667 845
13.4833 843
13.5 842
13.5167 841
13.5333 840
13.55 838
13.5667 837
13.5833 836
13.6 834
13.6167 833
13.6333 831
13.65 830
13.6667 828
13.6833 827
13.7 825
13.7167 824
13.7333 822
13.75 821
13.7667 819
13.7833 818
13.8 816
13.8167 814
13.8333 813
13.85 811
13.8667 809
13.8833 808
13.9 806
13.9167 804
13.9333 802
13.95 800
13.9667 799
13.9833 797
14.0 795
14.0167 793
14.0333 791
14.05 789
14.0667 787
14.0833 785
14.1 784
14.1167 782
14.1333 780
14.15 778
14.1667 775
14.1833 773
14.2 771
14.2167 769
14.2333 767
14.25 765
14.2667 763
14.2833 761
14.3 759
14.3167 756
14.3333 754
14.35 752
14.3667 750
14.3833 747
14.4 745
14.4167 743
14.4333 740
14.45 738
14.4667 736
14.4833 733
14.5 731
14.5167 729
14.5333 726
14.55 724
14.5667 721
14.5833 719
14.6 716
14.6167 714
14.6333 711
14.65 709
14.6667 706
14.6833 704
14.7 701
14.7167 698
14.7333 696
14.75 693
14.7667 690
14.7833 688
14.8 685
14.8167 682
14.8333 680
14.85 677
14.8667 674
14.8833 671
14.9 669
14.9167 666
14.9333 663
14.95 660
14.9667 657
14.9833 654
15.0 651
15.0167 648
15.0333 645
15.05 642
15.0667 639
15.0833 636
15.1 633
15.1167 630
15.1333 627
15.15 624
15.1667 621
15.1833 618
15.2 615
15.2167 612
15.2333 609
15.25 606
15.2667 602
15.2833 599
15.3 596
15.3167 593
15.3333 590
15.35 587
15.3667 583
15.3833 580
15.4 577
15.4167 574
15.4333 571
15.45 567
15.4667 564
15.4833 561
15.5 557
15.5167 554
15.5333 551
15.55 547
15.5667 544
15.5833 541
15.6 537
15.6167 534
15.6333 531
15.65 527
15.6667 524
15.6833 520
15.7 517
15.7167 513
15.7333 510
15.75 506
15.7667 503
15.7833 499
15.8 496
15.8167 492
15.8333 489
15.85 485
15.8667 482
15.8833 478
15.9 475
15.9167 471
15.9333 467
15.95 464
15.9667 460
15.9833 457
16.0 453
16.0167 449
16.0333 446
16.05 442
16.0667 438
16.0833 435
16.1 431
16.1167 427
16.1333 423
16.15 420
16.1667 416
16.1833 412
16.2 408
16.2167 405
16.2333 401
16.25 397
16.2667 393
16.2833 390
16.3 386
16.3167 382
16.3333 378
16.35 374
16.3667 371
16.3833 367
16.4 363
16.4167 359
16.4333 355
16.45 351
16.4667 348
16.4833 344
16.5 340
16.5167 336
16.5333 332
16.55 328
16.5667 324
16.5833 321
16.6 317
16.6167 313
16.6333 309
16.65 305
16.6667 301
16.6833 297
16.7 293
16.7167 289
16.7333 285
16.75 282
16.7667 278
16.7833 274
16.8 270
16.8167 266
16.8333 262
16.85 258
16.8667 254
16.8833 250
16.9 246
16.9167 242
16.9333 239
16.95 235
16.9667 231
16.9833 227
