8.0 260
8.0167 264
8.0333 268
8.05 271
8.0667 275
8.0833 279
8.1 283
8.1167 287
8.1333 291
8.15 295
8.1667 299
8.1833 303
8.2 307
8.2167 311
8.2333 315
8.25 319
8.2667 322
8.2833 326
8.3 330
8.3167 334
8.3333 338
8.35 342
8.3667 346
8.3833 350
8.4 354
8.4167 357
8.4333 361
8.45 365
8.4667 369
8.4833 373
8.5 377
8.5167 381
8.5333 384
8.55 388
8.5667 392
8.5833 396
8.6 400
8.6167 404
8.6333 407
8.65 411
8.6667 415
8.6833 419
8.7 423
8.7167 426
8.7333 430
8.75 434
8.7667 438
8.7833 441
8.8 445
8.8167 449
8.8333 453
8.85 456
8.8667 460
8.8833 464
8.9 467
8.9167 471
8.9333 475
8.95 478
8.9667 482
8.9833 486
9.0 489
9.0167 492
9.0333 496
9.05 499
9.0667 503
9.0833 507
9.1 510
9.1167 514
9.1333 517
9.15 521
9.1667 524
9.1833 528
9.2 531
9.2167 535
9.2333 538
9.25 542
9.2667 545
9.2833 549
9.3 552
9.3167 556
9.3333 559
9.35 562
9.3667 566
9.3833 569
9.4 572
9.4167 576
9.4333 579
9.45 582
9.4667 586
9.4833 589
9.5 592
9.5167 596
9.5333 599
9.55 602
9.5667 605
9.5833 608
9.6 612
9.6167 615
9.6333 618
9.65 621
9.6667 624
9.6833 627
9.7 631
9.7167 634
9.7333 637
9.75 640
9.7667 643
9.7833 646
9.8 649
9.8167 652
9.8333 655
9.85 658
9.8667 661
9.8833 664
9.9 667
9.9167 670
9.9333 673
9.95 676
9.9667 679
9.9833 681
10.0 684
10.0167 687
10.0333 690
10.05 693
10.0667 695
10.0833 698
10.1 701
10.1167 704
10.1333 706
10.15 709
10.1667 712
10.1833 715
10.2 717
10.2167 720
10.2333 723
10.25 725
10.2667 728
10.2833 730
10.3 733
10.3167 735
10.3333 738
10.35 740
10.3667 743
10.3833 745
10.4 748
10.4167 750
10.4333 753
10.45 755
10.4667 758
10.4833 760
10.5 762
10.5167 765
10.5333 767
10.55 769
10.5667 772
10.5833 774
10.6 776
10.6167 778
10.6333 781
10.65 783
10.6667 785
10.6833 787
10.7 789
10.7167 791
10.7333 793
10.75 796
10.7667 798
10.7833 800
10.8 802
10.8167 804
10.8333 806
10.85 808
10.8667 810
10.8833 812
10.9 814
10.9167 816
10.9333 817
10.95 819
10.9667 821
10.9833 823
11.0 825
11.0167 827
11.0333 828
11.05 830
11.0667 832
11.0833 834
11.1 835
11.1167 837
11.1333 839
11.15 840
11.1667 842
11.1833 844
11.2 845
11.2167 847
11.2333 848
11.25 850
11.2667 851
11.2833 853
11.3 854
11.3167 856
11.3333 857
11.35 859
11.3667 860
11.3833 861
11.4 863
11.4167 864
11.4333 865
11.45 867
11.4667 868
11.4833 869
11.5 870
11.5167 872
11.5333 873
11.55 874
11.5667 875
11.5833 876
11.6 877
11.6167 878
11.6333 880
11.65 881
11.6667 882
11.6833 883
11.7 884
11.7167 885
11.7333 886
11.75 887
11.7667 887
11.7833 888
11.8 889
11.8167 890
11.8333 891
11.85 892
11.8667 893
11.8833 893
11.9 894
11.9167 895
11.9333 895
11.95 896
11.9667 897
11.9833 898
12.0 898
12.0167 899
12.0333 899
12.05 900
12.0667 900
12.0833 901
12.1 902
12.1167 902
12.1333 902
12.15 903
12.1667 903
12.1833 904
12.2 904
12.2167 904
12.2333 905
12.25 905
12.2667 905
12.2833 906
12.3 906
12.3167 906
12.3333 906
12.35 907
12.3667 907
12.3833 907
12.4 907
12.4167 907
12.4333 907
12.45 907
12.4667 907
12.4833 908
12.5 908
12.5167 908
12.5333 907
12.55 907
12.5667 907
12.5833 907
12.6 907
12.6167 907
12.6333 907
12.65 907
12.6667 907
12.6833 906
12.7 906
12.7167 906
12.7333 906
12.75 905
12.7667 905
12.7833 905
12.8 904
12.8167 904
12.8333 903
12.85 903
12.8667 903
12.8833 902
12.9 902
12.9167 901
12.9333 901
12.95 900
12.9667 900
12.9833 899
13.0 898
13.0167 898
13.0333 897
13.05 896
13.0667 896
13.0833 895
13.1 894
13.1167 894
13.1333 893
13.15 892
13.1667 891
13.1833 890
13.2 889
13.2167 889
13.2333 888
13.25 887
13.2667 886
13.2833 885
13.3 884
13.3167 883
13.3333 882
13.35 881
13.3667 880
13.3833 879
13.4 878
13.4167 877
13.4333 875
13.45 874
13.4667 873
13.4833 872
13.5 871
13.5167 870
13.5333 868
13.55 867
13.5667 866
13.5833 864
13.6 863
13.6167 862
13.6333 860
13.65 859
13.6667 858
13.6833 856
13.7 855
13.7167 853
13.7333 852
13.75 850
13.7667 849
13.7833 847
13.8 846
13.8167 844
13.8333 842
13.85 841
13.8667 839
13.8833 837
13.9 836
13.9167 834
13.9333 832
13.95 831
13.9667 829
13.9833 827
14.0 825
14.0167 824
14.0333 822
14.05 820
14.0667 818
14.0833 816
14.1 814
14.1167 812
14.1333 810
14.15 808
14.1667 806
14.1833 804
14.2 802
14.2167 800
14.2333 798
14.25 796
14.2667 794
14.2833 792
14.3 790
14.3167 788
14.3333 786
14.35 783
14.3667 781
14.3833 779
14.4 777
14.4167 774
14.4333 772
14.45 770
14.4667 768
14.4833 765
14.5 763
14.5167 761
14.5333 758
14.55 756
14.5667 753
14.5833 751
14.6 749
14.6167 746
14.6333 744
14.65 741
14.6667 739
14.6833 736
14.7 734
14.7167 731
14.7333 728
14.75 726
14.7667 723
14.7833 721
14.8 718
14.8167 715
14.8333 713
14.85 710
14.8667 707
14.8833 705
14.9 702
14.9167 699
14.9333 696
14.95 693
14.9667 691
14.9833 688
15.0 684
15.0167 681
15.0333 678
15.05 675
15.0667 672
15.0833 670
15.1 667
15.1167 664
15.1333 661
15.15 658
15.1667 655
15.1833 652
15.2 649
15.2167 646
15.2333 643
15.25 640
15.2667 637
15.2833 633
15.3 630
15.3167 627
15.3333 624
15.35 621
15.3667 618
15.3833 615
15.4 611
15.4167 608
15.4333 605
15.45 602
15.4667 599
15.4833 595
15.5 592
15.5167 589
15.5333 586
15.55 582
15.5667 579
15.5833 576
15.6 572
15.6167 569
15.6333 566
15.65 562
15.6667 559
15.6833 555
15.7 552
15.7167 549
15.7333 545
15.75 542
15.7667 538
15.7833 535
15.8 531
15.8167 528
15.8333 524
15.85 521
15.8667 517
15.8833 514
15.9 510
15.9167 507
15.9333 503
15.95 499
15.9667 496
15.9833 492
16.0 489
16.0167 485
16.0333 481
16.05 478
16.0667 474
16.0833 470
16.1 467
16.1167 463
16.1333 459
16.15 456
16.1667 452
16.1833 448
16.2 444
16.2167 441
16.2333 437
16.25 433
16.2667 430
16.2833 426
16.3 422
16.3167 418
16.3333 414
16.35 411
16.3667 407
16.3833 403
16.4 399
16.4167 395
16.4333 392
16.45 388
16.4667 384
16.4833 380
16.5 376
16.5167 372
16.5333 369
16.55 365
16.5667 361
16.5833 357
16.6 353
16.6167 349
16.6333 345
16.65 341
16.6667 337
16.6833 334
16.7 330
16.7167 326
16.7333 322
16.75 318
16.7667 314
16.7833 310
16.8 306
16.8167 302
16.8333 298
16.85 295
16.8667 291
16.8833 287
16.9 283
16.9167 279
16.9333 275
16.95 271
16.9667 267
16.9833 263
