8.0 214
8.0167 217
8.0333 221
8.05 225
8.0667 228
8.0833 232
8.1 236
8.1167 239
8.1333 243
8.15 247
8.1667 250
8.1833 254
8.2 258
8.2167 262
8.2333 265
8.25 269
8.2667 273
8.2833 276
8.3 280
8.3167 284
8.3333 287
8.35 291
8.3667 295
8.3833 298
8.4 302
8.4167 306
8.4333 309
8.45 313
8.4667 317
8.4833 320
8.5 324
8.5167 328
8.5333 331
8.55 335
8.5667 339
8.5833 342
8.6 346
8.6167 350
8.6333 353
8.65 357
8.6667 361
8.6833 364
8.7 368
8.7167 371
8.7333 375
8.75 379
8.7667 382
8.7833 386
8.8 389
8.8167 393
8.8333 396
8.85 400
8.8667 404
8.8833 407
8.9 411
8.9167 414
8.9333 418
8.95 421
8.9667 425
8.9833 428
9.0 432
9.0167 434
9.0333 438
9.05 441
9.0667 445
9.0833 448
9.1 452
9.1167 455
9.1333 458
9.15 462
9.1667 465
9.1833 469
9.2 472
9.2167 475
9.2333 479
9.25 482
9.2667 485
9.2833 489
9.3 492
9.3167 495
9.3333 499
9.35 502
9.3667 505
9.3833 508
9.4 512
9.4167 515
9.4333 518
9.45 521
9.4667 524
9.4833 528
9.5 531
9.5167 534
9.5333 537
9.55 540
9.5667 543
9.5833 546
9.6 549
9.6167 552
9.6333 555
9.65 559
9.6667 562
9.6833 565
9.7 568
9.7167 571
9.7333 574
9.75 577
9.7667 579
9.7833 582
9.8 585
9.8167 588
9.8333 591
9.85 594
9.8667 597
9.8833 600
9.9 603
9.9167 605
9.9333 608
9.95 611
9.9667 614
9.9833 617
10.0 619
10.0167 622
10.0333 625
10.05 627
10.0667 630
10.0833 633
10.1 635
10.1167 638
10.1333 641
10.15 643
10.1667 646
10.1833 649
10.2 651
10.2167 654
10.2333 656
10.25 659
10.2667 661
10.2833 664
10.3 666
10.3167 669
10.3333 671
10.35 673
10.3667 676
10.3833 678
10.4 681
10.4167 683
10.4333 685
10.45 688
10.4667 690
10.4833 692
10.5 694
10.5167 697
10.5333 699
10.55 701
10.5667 703
10.5833 705
10.6 708
10.6167 710
10.6333 712
10.65 714
10.6667 716
10.6833 718
10.7 720
10.7167 722
10.7333 724
10.75 726
10.7667 728
10.7833 730
10.8 732
10.8167 734
10.8333 736
10.85 738
10.8667 740
10.8833 742
10.9 743
10.9167 745
10.9333 747
10.95 749
10.9667 751
10.9833 752
11.0 754
11.0167 756
11.0333 757
11.05 759
11.0667 761
11.0833 762
11.1 764
11.1167 766
11.1333 767
11.15 769
11.1667 770
11.1833 772
11.2 773
11.2167 775
11.2333 776
11.25 778
11.2667 779
11.2833 781
11.3 782
11.3167 783
11.3333 785
11.35 786
11.3667 787
11.3833 789
11.4 790
11.4167 791
11.4333 792
11.45 794
11.4667 795
11.4833 796
11.5 797
11.5167 798
11.5333 799
11.55 800
11.5667 802
11.5833 803
11.6 804
11.6167 805
11.6333 806
11.65 807
11.6667 808
11.6833 809
11.7 809
11.7167 810
11.7333 811
11.75 812
11.7667 813
11.7833 814
11.8 814
11.8167 815
11.8333 816
11.85 817
11.8667 817
11.8833 818
11.9 819
11.9167 820
11.9333 820
11.95 821
11.9667 821
11.9833 822
12.0 822
12.0167 823
12.0333 824
12.05 824
12.0667 825
12.0833 825
12.1 825
12.1167 826
12.1333 826
12.15 827
12.1667 827
12.1833 827
12.2 828
12.2167 828
12.2333 828
12.25 828
12.2667 829
12.2833 829
12.3 829
12.3167 829
12.3333 829
12.35 829
12.3667 830
12.3833 830
12.4 830
12.4167 830
12.4333 830
12.45 830
12.4667 830
12.4833 830
12.5 830
12.5167 830
12.5333 830
12.55 829
12.5667 829
12.5833 829
12.6 829
12.6167 829
12.6333 828
12.65 828
12.6667 828
12.6833 828
12.7 827
12.7167 827
12.7333 827
12.75 826
12.7667 826
12.7833 826
12.8 825
12.8167 825
12.8333 824
12.85 824
12.8667 823
12.8833 823
12.9 822
12.9167 822
12.9333 821
12.95 820
12.9667 820
12.9833 819
13.0 819
13.0167 818
13.0333 817
13.05 816
13.0667 816
13.0833 815
13.1 814
13.1167 813
13.1333 812
13.15 812
13.1667 811
13.1833 810
13.2 809
13.2167 808
13.2333 807
13.25 806
13.2667 805
13.2833 804
13.3 803
13.3167 802
13.3333 801
13.35 800
13.3667 799
13.3833 798
13.4 797
13.4167 795
13.4333 794
13.45 793
13.4667 792
13.4833 791
13.5 789
13.5167 788
13.5333 787
13.55 785
13.5667 784
13.5833 783
13.6 781
13.6167 780
13.6333 778
13.65 777
13.6667 776
13.6833 774
13.7 773
13.7167 771
13.7333 770
13.75 768
13.7667 766
13.7833 765
13.8 763
13.8167 762
13.8333 760
13.85 758
13.8667 757
13.8833 755
13.9 753
13.9167 752
13.9333 750
13.95 748
13.9667 746
13.9833 744
14.0 743
14.0167 741
14.0333 739
14.05 737
14.0667 735
14.0833 733
14.1 731
14.1167 729
14.1333 727
14.15 725
14.1667 723
14.1833 721
14.2 719
14.2167 717
14.2333 715
14.25 713
14.2667 711
14.2833 709
14.3 707
14.3167 704
14.3333 702
14.35 700
14.3667 698
14.3833 696
14.4 693
14.4167 691
14.4333 689
14.45 686
14.4667 684
14.4833 682
14.5 679
14.5167 677
14.5333 675
14.55 672
14.5667 670
14.5833 667
14.6 665
14.6167 662
14.6333 660
14.65 657
14.6667 655
14.6833 652
14.7 650
14.7167 647
14.7333 645
14.75 642
14.7667 639
14.7833 637
14.8 634
14.8167 631
14.8333 629
14.85 626
14.8667 623
14.8833 621
14.9 618
14.9167 615
14.9333 612
14.95 610
14.9667 607
14.9833 604
15.0 600
15.0167 597
15.0333 594
15.05 592
15.0667 589
15.0833 586
15.1 583
15.1167 580
15.1333 577
15.15 574
15.1667 571
15.1833 568
15.2 565
15.2167 562
15.2333 559
15.25 556
15.2667 553
15.2833 550
15.3 547
15.3167 544
15.3333 541
15.35 537
15.3667 534
15.3833 531
15.4 528
15.4167 525
15.4333 522
15.45 518
15.4667 515
15.4833 512
15.5 509
15.5167 506
15.5333 502
15.55 499
15.5667 496
15.5833 493
15.6 489
15.6167 486
15.6333 483
15.65 479
15.6667 476
15.6833 473
15.7 469
15.7167 466
15.7333 462
15.75 459
15.7667 456
15.7833 452
15.8 449
15.8167 445
15.8333 442
15.85 439
15.8667 435
15.8833 432
15.9 428
15.9167 425
15.9333 421
15.95 418
15.9667 414
15.9833 411
16.0 407
16.0167 404
16.0333 400
16.05 397
16.0667 393
16.0833 389
16.1 386
16.1167 382
16.1333 379
16.15 375
16.1667 371
16.1833 368
16.2 364
16.2167 361
16.2333 357
16.25 353
16.2667 350
16.2833 346
16.3 343
16.3167 339
16.3333 335
16.35 332
16.3667 328
16.3833 324
16.4 321
16.4167 317
16.4333 313
16.45 310
16.4667 306
16.4833 302
16.5 299
16.5167 295
16.5333 291
16.55 288
16.5667 284
16.5833 280
16.6 276
16.6167 273
16.6333 269
16.65 265
16.6667 262
16.6833 258
16.7 254
16.7167 251
16.7333 247
16.75 243
16.7667 240
16.7833 236
16.8 232
16.8167 229
16.8333 225
16.85 221
16.8667 218
16.8833 214
16.9 211
16.9167 207
16.9333 203
16.95 200
16.9667 196
16.9833 192
