8.0 143
8.0167 146
8.0333 150
8.05 153
8.0667 157
8.0833 160
8.1 164
8.1167 167
8.1333 171
8.15 174
8.1667 178
8.1833 181
8.2 185
8.2167 188
8.2333 192
8.25 196
8.2667 199
8.2833 203
8.3 206
8.3167 210
8.3333 213
8.35 217
8.3667 220
8.3833 224
8.4 228
8.4167 231
8.4333 235
8.45 238
8.4667 242
8.4833 245
8.5 249
8.5167 253
8.5333 256
8.55 260
8.5667 263
8.5833 267
8.6 270
8.6167 274
8.6333 277
8.65 281
8.6667 284
8.6833 288
8.7 291
8.7167 295
8.7333 298
8.75 302
8.7667 305
8.7833 309
8.8 312
8.8167 316
8.8333 319
8.85 323
8.8667 326
8.8833 330
8.9 333
8.9167 336
8.9333 340
8.95 343
8.9667 347
8.9833 350
9.0 354
9.0167 356
9.0333 359
9.05 363
9.0667 366
9.0833 370
9.1 373
9.1167 376
9.1333 379
9.15 383
9.1667 386
9.1833 389
9.2 393
9.2167 396
9.2333 399
9.25 402
9.2667 406
9.2833 409
9.3 412
9.3167 415
9.3333 419
9.35 422
9.3667 425
9.3833 428
9.4 431
9.4167 434
9.4333 438
9.45 441
9.4667 444
9.4833 447
9.5 450
9.5167 453
9.5333 456
9.55 459
9.5667 462
9.5833 465
9.6 468
9.6167 471
9.6333 474
9.65 477
9.6667 480
9.6833 483
9.7 486
9.7167 489
9.7333 492
9.75 495
9.7667 498
9.7833 500
9.8 503
9.8167 506
9.8333 509
9.85 512
9.8667 515
9.8833 517
9.9 520
9.9167 523
9.9333 526
9.95 528
9.9667 531
9.9833 534
10.0 537
10.0167 539
10.0333 542
10.05 544
10.0667 547
10.0833 550
10.1 552
10.1167 555
10.1333 557
10.15 560
10.1667 563
10.1833 565
10.2 568
10.2167 570
10.2333 573
10.25 575
10.2667 577
10.2833 580
10.3 582
10.3167 585
10.3333 587
10.35 589
10.3667 592
10.3833 594
10.4 596
10.4167 599
10.4333 601
10.45 603
10.4667 606
10.4833 608
10.5 610
10.5167 612
10.5333 614
10.55 617
10.5667 619
10.5833 621
10.6 623
10.6167 625
10.6333 627
10.65 629
10.6667 631
10.6833 633
10.7 635
10.7167 637
10.7333 639
10.75 641
10.7667 643
10.7833 645
10.8 647
10.8167 649
10.8333 651
10.85 653
10.8667 654
10.8833 656
10.9 658
10.9167 660
10.9333 662
10.95 663
10.9667 665
10.9833 667
11.0 669
11.0167 670
11.0333 672
11.05 673
11.0667 675
11.0833 677
11.1 678
11.1167 680
11.1333 681
11.15 683
11.1667 684
11.1833 686
11.2 687
11.2167 689
11.2333 690
11.25 692
11.2667 693
11.2833 695
11.3 696
11.3167 697
11.3333 699
11.35 700
11.3667 701
11.3833 702
11.4 704
11.4167 705
11.4333 706
11.45 707
11.4667 709
11.4833 710
11.5 711
11.5167 712
11.5333 713
11.55 714
11.5667 715
11.5833 716
11.6 717
11.6167 718
11.6333 719
11.65 720
11.6667 721
11.6833 722
11.7 723
11.7167 724
11.7333 725
11.75 726
11.7667 727
11.7833 727
11.8 728
11.8167 729
11.8333 730
11.85 730
11.8667 731
11.8833 732
11.9 733
11.9167 733
11.9333 734
11.95 734
11.9667 735
11.9833 736
12.0 736
12.0167 737
12.0333 737
12.05 738
12.0667 738
12.0833 739
12.1 739
12.1167 740
12.1333 740
12.15 740
12.1667 741
12.1833 741
12.2 741
12.2167 742
12.2333 742
12.25 742
12.2667 742
12.2833 743
12.3 743
12.3167 743
12.3333 743
12.35 743
12.3667 744
12.3833 744
12.4 744
12.4167 744
12.4333 744
12.45 744
12.4667 744
12.4833 744
12.5 744
12.5167 744
12.5333 744
12.55 744
12.5667 744
12.5833 743
12.6 743
12.6167 743
12.6333 743
12.65 743
12.6667 742
12.6833 742
12.7 742
12.7167 742
12.7333 741
12.75 741
12.7667 741
12.7833 740
12.8 740
12.8167 739
12.8333 739
12.85 739
12.8667 738
12.8833 738
12.9 737
12.9167 737
12.9333 736
12.95 736
12.9667 735
12.9833 734
13.0 734
13.0167 733
13.0333 732
13.05 732
13.0667 731
13.0833 730
13.1 730
13.1167 729
13.1333 728
13.15 727
13.1667 726
13.1833 726
13.2 725
13.2167 724
13.2333 723
13.25 722
13.2667 721
13.2833 720
13.3 719
13.3167 718
13.3333 717
13.35 716
13.3667 715
13.3833 714
13.4 713
13.4167 712
13.4333 711
13.45 710
13.4667 708
13.4833 707
13.5 706
13.5167 705
13.5333 704
13.55 702
13.5667 701
13.5833 700
13.6 698
13.6167 697
13.6333 696
13.65 694
13.6667 693
13.6833 692
13.7 690
13.7167 689
13.7333 687
13.75 686
13.7667 684
13.7833 683
13.8 681
13.8167 680
13.8333 678
13.85 677
13.8667 675
13.8833 673
13.9 672
13.9167 670
13.9333 668
13.95 667
13.9667 665
13.9833 663
14.0 661
14.0167 660
14.0333 658
14.05 656
14.0667 654
14.0833 652
14.1 650
14.1167 649
14.1333 647
14.15 645
14.1667 643
14.1833 641
14.2 639
14.2167 637
14.2333 635
14.25 633
14.2667 631
14.2833 629
14.3 627
14.3167 625
14.3333 623
14.35 621
14.3667 618
14.3833 616
14.4 614
14.4167 612
14.4333 610
14.45 607
14.4667 605
14.4833 603
14.5 601
14.5167 598
14.5333 596
14.55 594
14.5667 591
14.5833 589
14.6 587
14.6167 584
14.6333 582
14.65 580
14.6667 577
14.6833 575
14.7 572
14.7167 570
14.7333 567
14.75 565
14.7667 562
14.7833 560
14.8 557
14.8167 555
14.8333 552
14.85 549
14.8667 547
14.8833 544
14.9 541
14.9167 539
14.9333 536
14.95 533
14.9667 531
14.9833 528
15.0 525
15.0167 522
15.0333 519
15.05 517
15.0667 514
15.0833 511
15.1 508
15.1167 505
15.1333 503
15.15 500
15.1667 497
15.1833 494
15.2 491
15.2167 488
15.2333 485
15.25 482
15.2667 479
15.2833 476
15.3 473
15.3167 470
15.3333 467
15.35 464
15.3667 461
15.3833 458
15.4 455
15.4167 452
15.4333 449
15.45 446
15.4667 443
15.4833 440
15.5 437
15.5167 434
15.5333 430
15.55 427
15.5667 424
15.5833 421
15.6 418
15.6167 415
15.6333 411
15.65 408
15.6667 405
15.6833 402
15.7 398
15.7167 395
15.7333 392
15.75 389
15.7667 385
15.7833 382
15.8 379
15.8167 375
15.8333 372
15.85 369
15.8667 365
15.8833 362
15.9 359
15.9167 355
15.9333 352
15.95 349
15.9667 345
15.9833 342
16.0 338
16.0167 335
16.0333 331
16.05 328
16.0667 325
16.0833 321
16.1 318
16.1167 314
16.1333 311
16.15 307
16.1667 304
16.1833 300
16.2 297
16.2167 293
16.2333 290
16.25 286
16.2667 283
16.2833 279
16.3 276
16.3167 272
16.3333 269
16.35 265
16.3667 262
16.3833 258
16.4 255
16.4167 251
16.4333 247
16.45 244
16.4667 240
16.4833 237
16.5 233
16.5167 230
16.5333 226
16.55 223
16.5667 219
16.5833 215
16.6 212
16.6167 208
16.6333 205
16.65 201
16.6667 198
16.6833 194
16.7 191
16.7167 187
16.7333 183
16.75 180
16.7667 176
16.7833 173
16.8 169
16.8167 166
16.8333 162
16.85 159
16.8667 155
16.8833 152
16.9 148
16.9167 145
16.9333 142
16.95 138
16.9667 134
16.9833 131
