8.0 148
8.0167 151
8.0333 154
8.05 158
8.0667 161
8.0833 165
8.1 168
8.1167 172
8.1333 176
8.15 179
8.1667 183
8.1833 186
8.2 190
8.2167 193
8.2333 197
8.25 200
8.2667 204
8.2833 207
8.3 211
8.3167 215
8.3333 218
8.35 222
8.3667 225
8.3833 229
8.4 232
8.4167 236
8.4333 240
8.45 243
8.4667 247
8.4833 250
8.5 254
8.5167 257
8.5333 261
8.55 265
8.5667 268
8.5833 272
8.6 275
8.6167 279
8.6333 282
8.65 286
8.6667 289
8.6833 293
8.7 296
8.7167 300
8.7333 303
8.75 307
8.7667 310
8.7833 314
8.8 317
8.8167 321
8.8333 324
8.85 328
8.8667 331
8.8833 335
8.9 338
8.9167 341
8.9333 345
8.95 348
8.9667 352
8.9833 355
9.0 359
9.0167 361
9.0333 364
9.05 368
9.0667 371
9.0833 375
9.1 378
9.1167 381
9.1333 385
9.15 388
9.1667 391
9.1833 394
9.2 398
9.2167 401
9.2333 404
9.25 408
9.2667 411
9.2833 414
9.3 417
9.3167 420
9.3333 424
9.35 427
9.3667 430
9.3833 433
9.4 436
9.4167 439
9.4333 443
9.45 446
9.4667 449
9.4833 452
9.5 455
9.5167 458
9.5333 461
9.55 464
9.5667 467
9.5833 470
9.6 473
9.6167 476
9.6333 479
9.65 482
9.6667 485
9.6833 488
9.7 491
9.7167 494
9.7333 497
9.75 500
9.7667 503
9.7833 506
9.8 508
9.8167 511
9.8333 514
9.85 517
9.8667 520
9.8833 522
9.9 525
9.9167 528
9.9333 531
9.95 533
9.9667 536
9.9833 539
10.0 542
10.0167 544
10.0333 547
10.05 549
10.0667 552
10.0833 555
10.1 557
10.1167 560
10.1333 562
10.15 565
10.1667 568
10.1833 570
10.2 573
10.2167 575
10.2333 577
10.25 580
10.2667 582
10.2833 585
10.3 587
10.3167 590
10.3333 592
10.35 594
10.3667 597
10.3833 599
10.4 601
10.4167 604
10.4333 606
10.45 608
10.4667 610
10.4833 613
10.5 615
10.5167 617
10.5333 619
10.55 621
10.5667 624
10.5833 626
10.6 628
10.6167 630
10.6333 632
10.65 634
10.6667 636
10.6833 638
10.7 640
10.7167 642
10.7333 644
10.75 646
10.7667 648
10.7833 650
10.8 652
10.8167 654
10.8333 655
10.85 657
10.8667 659
10.8833 661
10.9 663
10.9167 665
10.9333 666
10.95 668
10.9667 670
10.9833 672
11.0 673
11.0167 675
11.0333 677
11.05 678
11.0667 680
11.0833 681
11.1 683
11.1167 685
11.1333 686
11.15 688
11.1667 689
11.1833 691
11.2 692
11.2167 694
11.2333 695
11.25 696
11.2667 698
11.2833 699
11.3 701
11.3167 702
11.3333 703
11.35 704
11.3667 706
11.3833 707
11.4 708
11.4167 710
11.4333 711
11.45 712
11.4667 713
11.4833 714
11.5 715
11.5167 716
11.5333 718
11.55 719
11.5667 720
11.5833 721
11.6 722
11.6167 723
11.6333 724
11.65 725
11.6667 726
11.6833 727
11.7 727
11.7167 728
11.7333 729
11.75 730
11.7667 731
11.7833 732
11.8 732
11.8167 733
11.8333 734
11.85 735
11.8667 735
11.8833 736
11.9 737
11.9167 737
11.9333 738
11.95 739
11.9667 739
11.9833 740
12.0 740
12.0167 741
12.0333 741
12.05 742
12.0667 742
12.0833 743
12.1 743
12.1167 744
12.1333 744
12.15 744
12.1667 745
12.1833 745
12.2 745
12.2167 746
12.2333 746
12.25 746
12.2667 747
12.2833 747
12.3 747
12.3167 747
12.3333 747
12.35 747
12.3667 748
12.3833 748
12.4 748
12.4167 748
12.4333 748
12.45 748
12.4667 748
12.4833 748
12.5 748
12.5167 748
12.5333 748
12.55 747
12.5667 747
12.5833 747
12.6 747
12.6167 747
12.6333 747
12.65 746
12.6667 746
12.6833 746
12.7 746
12.7167 745
12.7333 745
12.75 745
12.7667 744
12.7833 744
12.8 744
12.8167 743
12.8333 743
12.85 742
12.8667 742
12.8833 741
12.9 741
12.9167 740
12.9333 740
12.95 739
12.9667 739
12.9833 738
13.0 737
13.0167 737
13.0333 736
13.05 735
13.0667 735
13.0833 734
13.1 733
13.1167 732
13.1333 731
13.15 731
13.1667 730
13.1833 729
13.2 728
13.2167 727
13.2333 726
13.25 725
13.2667 724
13.2833 724
13.3 723
13.3167 722
13.3333 721
13.35 719
13.3667 718
13.3833 717
13.4 716
13.4167 715
13.4333 714
13.45 713
13.4667 712
13.4833 710
13.5 709
13.5167 708
13.5333 707
13.55 705
13.5667 704
13.5833 703
13.6 702
13.6167 700
13.6333 699
13.65 697
13.6667 696
13.6833 695
13.7 693
13.7167 692
13.7333 690
13.75 689
13.7667 687
13.7833 686
13.8 684
13.8167 683
13.8333 681
13.85 679
13.8667 678
13.8833 676
13.9 675
13.9167 673
13.9333 671
13.95 669
13.9667 668
13.9833 666
14.0 664
14.0167 662
14.0333 661
14.05 659
14.0667 657
14.0833 655
14.1 653
14.1167 651
14.1333 649
14.15 647
14.1667 646
14.1833 644
14.2 642
14.2167 640
14.2333 638
14.25 636
14.2667 633
14.2833 631
14.3 629
14.3167 627
14.3333 625
14.35 623
14.3667 621
14.3833 619
14.4 617
14.4167 614
14.4333 612
14.45 610
14.4667 608
14.4833 605
14.5 603
14.5167 601
14.5333 598
14.55 596
14.5667 594
14.5833 591
14.6 589
14.6167 587
14.6333 584
14.65 582
14.6667 579
14.6833 577
14.7 574
14.7167 572
14.7333 569
14.75 567
14.7667 564
14.7833 562
14.8 559
14.8167 557
14.8333 554
14.85 551
14.8667 549
14.8833 546
14.9 544
14.9167 541
14.9333 538
14.95 535
14.9667 533
14.9833 530
15.0 527
15.0167 524
15.0333 521
15.05 518
15.0667 516
15.0833 513
15.1 510
15.1167 507
15.1333 504
15.15 501
15.1667 499
15.1833 496
15.2 493
15.2167 490
15.2333 487
15.25 484
15.2667 481
15.2833 478
15.3 475
15.3167 472
15.3333 469
15.35 466
15.3667 463
15.3833 460
15.4 457
15.4167 454
15.4333 451
15.45 448
15.4667 445
15.4833 441
15.5 438
15.5167 435
15.5333 432
15.55 429
15.5667 426
15.5833 422
15.6 419
15.6167 416
15.6333 413
15.65 410
15.6667 406
15.6833 403
15.7 400
15.7167 397
15.7333 393
15.75 390
15.7667 387
15.7833 383
15.8 380
15.8167 377
15.8333 373
15.85 370
15.8667 367
15.8833 363
15.9 360
15.9167 357
15.9333 353
15.95 350
15.9667 346
15.9833 343
16.0 339
16.0167 336
16.0333 333
16.05 329
16.0667 326
16.0833 322
16.1 319
16.1167 315
16.1333 312
16.15 308
16.1667 305
16.1833 301
16.2 298
16.2167 294
16.2333 291
16.25 287
16.2667 284
16.2833 280
16.3 277
16.3167 273
16.3333 270
16.35 266
16.3667 263
16.3833 259
16.4 255
16.4167 252
16.4333 248
16.45 245
16.4667 241
16.4833 238
16.5 234
16.5167 231
16.5333 227
16.55 223
16.5667 220
16.5833 216
16.6 213
16.6167 209
16.6333 206
16.65 202
16.6667 198
16.6833 195
16.7 191
16.7167 188
16.7333 184
16.75 181
16.7667 177
16.7833 174
16.8 170
16.8167 167
16.8333 163
16.85 160
16.8667 156
16.8833 153
16.9 149
16.9167 146
16.9333 142
16.95 139
16.9667 135
16.9833 132
