8.0 144
8.0167 148
8.0333 151
8.05 155
8.0667 158
8.0833 161
8.1 165
8.1167 168
8.1333 172
8.15 175
8.1667 179
8.1833 182
8.2 186
8.2167 189
8.2333 193
8.25 196
8.2667 200
8.2833 203
8.3 207
8.3167 210
8.3333 214
8.35 217
8.3667 221
8.3833 225
8.4 228
8.4167 232
8.4333 235
8.45 239
8.4667 242
8.4833 246
8.5 249
8.5167 253
8.5333 256
8.55 260
8.5667 263
8.5833 267
8.6 270
8.6167 274
8.6333 277
8.65 281
8.6667 284
8.6833 288
8.7 291
8.7167 295
8.7333 298
8.75 302
8.7667 305
8.7833 309
8.8 312
8.8167 316
8.8333 319
8.85 322
8.8667 326
8.8833 329
8.9 333
8.9167 336
8.9333 340
8.95 343
8.9667 346
8.9833 350
9.0 353
9.0167 356
9.0333 359
9.05 362
9.0667 366
9.0833 369
9.1 372
9.1167 376
9.1333 379
9.15 382
9.1667 386
9.1833 389
9.2 392
9.2167 395
9.2333 399
9.25 402
9.2667 405
9.2833 408
9.3 411
9.3167 415
9.3333 418
9.35 421
9.3667 424
9.3833 427
9.4 430
9.4167 434
9.4333 437
9.45 440
9.4667 443
9.4833 446
9.5 449
9.5167 452
9.5333 455
9.55 458
9.5667 461
9.5833 464
9.6 467
9.6167 470
9.6333 473
9.65 476
9.6667 479
9.6833 482
9.7 485
9.7167 488
9.7333 491
9.75 494
9.7667 496
9.7833 499
9.8 502
9.8167 505
9.8333 508
9.85 511
9.8667 513
9.8833 516
9.9 519
9.9167 522
9.9333 524
9.95 527
9.9667 530
9.9833 533
10.0 535
10.0167 538
10.0333 540
10.05 543
10.0667 546
10.0833 548
10.1 551
10.1167 553
10.1333 556
10.15 559
10.1667 561
10.1833 564
10.2 566
10.2167 569
10.2333 571
10.25 573
10.2667 576
10.2833 578
10.3 581
10.3167 583
10.3333 585
10.35 588
10.3667 590
10.3833 592
10.4 595
10.4167 597
10.4333 599
10.45 602
10.4667 604
10.4833 606
10.5 608
10.5167 610
10.5333 613
10.55 615
10.5667 617
10.5833 619
10.6 621
10.6167 623
10.6333 625
10.65 627
10.6667 629
10.6833 631
10.7 633
10.7167 635
10.7333 637
10.75 639
10.7667 641
10.7833 643
10.8 645
10.8167 647
10.8333 649
10.85 651
10.8667 652
10.8833 654
10.9 656
10.9167 658
10.9333 660
10.95 661
10.9667 663
10.9833 665
11.0 666
11.0167 668
11.0333 670
11.05 671
11.0667 673
11.0833 675
11.1 676
11.1167 678
11.1333 679
11.15 681
11.1667 682
11.1833 684
11.2 685
11.2167 687
11.2333 688
11.25 689
11.2667 691
11.2833 692
11.3 694
11.3167 695
11.3333 696
11.35 698
11.3667 699
11.3833 700
11.4 701
11.4167 703
11.4333 704
11.45 705
11.4667 706
11.4833 707
11.5 708
11.5167 709
11.5333 711
11.55 712
11.5667 713
11.5833 714
11.6 715
11.6167 716
11.6333 717
11.65 718
11.6667 719
11.6833 720
11.7 720
11.7167 721
11.7333 722
11.75 723
11.7667 724
11.7833 725
11.8 725
11.8167 726
11.8333 727
11.85 728
11.8667 728
11.8833 729
11.9 730
11.9167 730
11.9333 731
11.95 732
11.9667 732
11.9833 733
12.0 733
12.0167 734
12.0333 734
12.05 735
12.0667 735
12.0833 736
12.1 736
12.1167 736
12.1333 737
12.15 737
12.1667 738
12.1833 738
12.2 738
12.2167 739
12.2333 739
12.25 739
12.2667 739
12.2833 739
12.3 740
12.3167 740
12.3333 740
12.35 740
12.3667 740
12.3833 740
12.4 740
12.4167 740
12.4333 740
12.45 740
12.4667 740
12.4833 740
12.5 740
12.5167 740
12.5333 740
12.55 740
12.5667 740
12.5833 740
12.6 740
12.6167 740
12.6333 739
12.65 739
12.6667 739
12.6833 739
12.7 738
12.7167 738
12.7333 738
12.75 737
12.7667 737
12.7833 737
12.8 736
12.8167 736
12.8333 735
12.85 735
12.8667 734
12.8833 734
12.9 733
12.9167 733
12.9333 732
12.95 732
12.9667 731
12.9833 730
13.0 730
13.0167 729
13.0333 728
13.05 728
13.0667 727
13.0833 726
13.1 726
13.1167 725
13.1333 724
13.15 723
13.1667 722
13.1833 722
13.2 721
13.2167 720
13.2333 719
13.25 718
13.2667 717
13.2833 716
13.3 715
13.3167 714
13.3333 713
13.35 712
13.3667 711
13.3833 710
13.4 709
13.4167 708
13.4333 706
13.45 705
13.4667 704
13.4833 703
13.5 702
13.5167 700
13.5333 699
13.55 698
13.5667 697
13.5833 695
13.6 694
13.6167 693
13.6333 691
13.65 690
13.6667 688
13.6833 687
13.7 686
13.7167 684
13.7333 683
13.75 681
13.7667 680
13.7833 678
13.8 677
13.8167 675
13.8333 673
13.85 672
13.8667 670
13.8833 669
13.9 667
13.9167 665
13.9333 663
13.95 662
13.9667 660
13.9833 658
14.0 657
14.0167 655
14.0333 653
14.05 651
14.0667 649
14.0833 647
14.1 646
14.1167 644
14.1333 642
14.15 640
14.1667 638
14.1833 636
14.2 634
14.2167 632
14.2333 630
14.25 628
14.2667 626
14.2833 624
14.3 622
14.3167 620
14.3333 617
14.35 615
14.3667 613
14.3833 611
14.4 609
14.4167 607
14.4333 604
14.45 602
14.4667 600
14.4833 598
14.5 595
14.5167 593
14.5333 591
14.55 588
14.5667 586
14.5833 584
14.6 581
14.6167 579
14.6333 577
14.65 574
14.6667 572
14.6833 569
14.7 567
14.7167 564
14.7333 562
14.75 559
14.7667 557
14.7833 554
14.8 552
14.8167 549
14.8333 546
14.85 544
14.8667 541
14.8833 539
14.9 536
14.9167 533
14.9333 531
14.95 528
14.9667 525
14.9833 522
15.0 519
15.0167 516
15.0333 514
15.05 511
15.0667 508
15.0833 505
15.1 502
15.1167 500
15.1333 497
15.15 494
15.1667 491
15.1833 488
15.2 485
15.2167 482
15.2333 479
15.25 476
15.2667 473
15.2833 470
15.3 467
15.3167 464
15.3333 461
15.35 458
15.3667 455
15.3833 452
15.4 449
15.4167 446
15.4333 443
15.45 440
15.4667 437
15.4833 434
15.5 431
15.5167 428
15.5333 424
15.55 421
15.5667 418
15.5833 415
15.6 412
15.6167 409
15.6333 405
15.65 402
15.6667 399
15.6833 396
15.7 392
15.7167 389
15.7333 386
15.75 383
15.7667 379
15.7833 376
15.8 373
15.8167 369
15.8333 366
15.85 363
15.8667 359
15.8833 356
15.9 353
15.9167 349
15.9333 346
15.95 343
15.9667 339
15.9833 336
16.0 332
16.0167 329
16.0333 326
16.05 322
16.0667 319
16.0833 315
16.1 312
16.1167 308
16.1333 305
16.15 301
16.1667 298
16.1833 294
16.2 291
16.2167 288
16.2333 284
16.25 281
16.2667 277
16.2833 274
16.3 270
16.3167 267
16.3333 263
16.35 260
16.3667 256
16.3833 252
16.4 249
16.4167 245
16.4333 242
16.45 238
16.4667 235
16.4833 231
16.5 228
16.5167 224
16.5333 221
16.55 217
16.5667 214
16.5833 210
16.6 207
16.6167 203
16.6333 200
16.65 196
16.6667 193
16.6833 189
16.7 186
16.7167 182
16.7333 179
16.75 175
16.7667 172
16.7833 168
16.8 165
16.8167 161
16.8333 158
16.85 154
16.8667 151
16.8833 148
16.9 144
16.9167 141
16.9333 137
16.95 134
16.9667 131
16.9833 127
