8.0 134
8.0167 137
8.0333 140
8.05 144
8.0667 147
8.0833 150
8.1 154
8.1167 157
8.1333 160
8.15 164
8.1667 167
8.1833 171
8.2 174
8.2167 177
8.2333 181
8.25 184
8.2667 188
8.2833 191
8.3 195
8.3167 198
8.3333 202
8.35 205
8.3667 208
8.3833 212
8.4 215
8.4167 219
8.4333 222
8.45 226
8.4667 229
8.4833 233
8.5 236
8.5167 240
8.5333 243
8.55 247
8.5667 250
8.5833 254
8.6 257
8.6167 260
8.6333 264
8.65 267
8.6667 271
8.6833 274
8.7 278
8.7167 281
8.7333 285
8.75 288
8.7667 291
8.7833 295
8.8 298
8.8167 302
8.8333 305
8.85 308
8.8667 312
8.8833 315
8.9 319
8.9167 322
8.9333 325
8.95 329
8.9667 332
8.9833 335
9.0 339
9.0167 341
9.0333 345
9.05 348
9.0667 351
9.0833 354
9.1 358
9.1167 361
9.1333 364
9.15 368
9.1667 371
9.1833 374
9.2 377
9.2167 381
9.2333 384
9.25 387
9.2667 390
9.2833 393
9.3 397
9.3167 400
9.3333 403
9.35 406
9.3667 409
9.3833 412
9.4 415
9.4167 419
9.4333 422
9.45 425
9.4667 428
9.4833 431
9.5 434
9.5167 437
9.5333 440
9.55 443
9.5667 446
9.5833 449
9.6 452
9.6167 455
9.6333 458
9.65 461
9.6667 464
9.6833 467
9.7 470
9.7167 473
9.7333 475
9.75 478
9.7667 481
9.7833 484
9.8 487
9.8167 490
9.8333 492
9.85 495
9.8667 498
9.8833 501
9.9 503
9.9167 506
9.9333 509
9.95 512
9.9667 514
9.9833 517
10.0 520
10.0167 522
10.0333 525
10.05 528
10.0667 530
10.0833 533
10.1 535
10.1167 538
10.1333 540
10.15 543
10.1667 545
10.1833 548
10.2 550
10.2167 553
10.2333 555
10.25 558
10.2667 560
10.2833 563
10.3 565
10.3167 567
10.3333 570
10.35 572
10.3667 574
10.3833 577
10.4 579
10.4167 581
10.4333 584
10.45 586
10.4667 588
10.4833 590
10.5 593
10.5167 595
10.5333 597
10.55 599
10.5667 601
10.5833 603
10.6 605
10.6167 607
10.6333 610
10.65 612
10.6667 614
10.6833 616
10.7 618
10.7167 620
10.7333 622
10.75 624
10.7667 625
10.7833 627
10.8 629
10.8167 631
10.8333 633
10.85 635
10.8667 637
10.8833 638
10.9 640
10.9167 642
10.9333 644
10.95 646
10.9667 647
10.9833 649
11.0 651
11.0167 652
11.0333 654
11.05 656
11.0667 657
11.0833 659
11.1 660
11.1167 662
11.1333 663
11.15 665
11.1667 666
11.1833 668
11.2 669
11.2167 671
11.2333 672
11.25 674
11.2667 675
11.2833 676
11.3 678
11.3167 679
11.3333 681
11.35 682
11.3667 683
11.3833 684
11.4 686
11.4167 687
11.4333 688
11.45 689
11.4667 690
11.4833 692
11.5 693
11.5167 694
11.5333 695
11.55 696
11.5667 697
11.5833 698
11.6 699
11.6167 700
11.6333 701
11.65 702
11.6667 703
11.6833 704
11.7 705
11.7167 706
11.7333 707
11.75 707
11.7667 708
11.7833 709
11.8 710
11.8167 711
11.8333 711
11.85 712
11.8667 713
11.8833 713
11.9 714
11.9167 715
11.9333 715
11.95 716
11.9667 717
11.9833 717
12.0 718
12.0167 718
12.0333 719
12.05 719
12.0667 720
12.0833 720
12.1 721
12.1167 721
12.1333 721
12.15 722
12.1667 722
12.1833 722
12.2 723
12.2167 723
12.2333 723
12.25 724
12.2667 724
12.2833 724
12.3 724
12.3167 724
12.3333 725
12.35 725
12.3667 725
12.3833 725
12.4 725
12.4167 725
12.4333 725
12.45 725
12.4667 725
12.4833 725
12.5 725
12.5167 725
12.5333 725
12.55 725
12.5667 725
12.5833 725
12.6 725
12.6167 724
12.6333 724
12.65 724
12.6667 724
12.6833 723
12.7 723
12.7167 723
12.7333 723
12.75 722
12.7667 722
12.7833 722
12.8 721
12.8167 721
12.8333 720
12.85 720
12.8667 719
12.8833 719
12.9 718
12.9167 718
12.9333 717
12.95 717
12.9667 716
12.9833 716
13.0 715
13.0167 714
13.0333 714
13.05 713
13.0667 712
13.0833 712
13.1 711
13.1167 710
13.1333 709
13.15 708
13.1667 708
13.1833 707
13.2 706
13.2167 705
13.2333 704
13.25 703
13.2667 702
13.2833 701
13.3 700
13.3167 699
13.3333 698
13.35 697
13.3667 696
13.3833 695
13.4 694
13.4167 693
13.4333 692
13.45 691
13.4667 690
13.4833 688
13.5 687
13.5167 686
13.5333 685
13.55 683
13.5667 682
13.5833 681
13.6 680
13.6167 678
13.6333 677
13.65 676
13.6667 674
13.6833 673
13.7 671
13.7167 670
13.7333 668
13.75 667
13.7667 665
13.7833 664
13.8 662
13.8167 661
13.8333 659
13.85 658
13.8667 656
13.8833 654
13.9 653
13.9167 651
13.9333 649
13.95 648
13.9667 646
13.9833 644
14.0 643
14.0167 641
14.0333 639
14.05 637
14.0667 635
14.0833 634
14.1 632
14.1167 630
14.1333 628
14.15 626
14.1667 624
14.1833 622
14.2 620
14.2167 618
14.2333 616
14.25 614
14.2667 612
14.2833 610
14.3 608
14.3167 606
14.3333 604
14.35 602
14.3667 600
14.3833 598
14.4 595
14.4167 593
14.4333 591
14.45 589
14.4667 587
14.4833 584
14.5 582
14.5167 580
14.5333 577
14.55 575
14.5667 573
14.5833 570
14.6 568
14.6167 566
14.6333 563
14.65 561
14.6667 559
14.6833 556
14.7 554
14.7167 551
14.7333 549
14.75 546
14.7667 544
14.7833 541
14.8 539
14.8167 536
14.8333 534
14.85 531
14.8667 528
14.8833 526
14.9 523
14.9167 520
14.9333 518
14.95 515
14.9667 512
14.9833 510
15.0 507
15.0167 504
15.0333 501
15.05 498
15.0667 496
15.0833 493
15.1 490
15.1167 487
15.1333 484
15.15 482
15.1667 479
15.1833 476
15.2 473
15.2167 470
15.2333 467
15.25 464
15.2667 461
15.2833 458
15.3 455
15.3167 452
15.3333 449
15.35 447
15.3667 443
15.3833 440
15.4 437
15.4167 434
15.4333 431
15.45 428
15.4667 425
15.4833 422
15.5 419
15.5167 416
15.5333 413
15.55 410
15.5667 407
15.5833 403
15.6 400
15.6167 397
15.6333 394
15.65 391
15.6667 388
15.6833 384
15.7 381
15.7167 378
15.7333 375
15.75 371
15.7667 368
15.7833 365
15.8 362
15.8167 358
15.8333 355
15.85 352
15.8667 349
15.8833 345
15.9 342
15.9167 339
15.9333 335
15.95 332
15.9667 329
15.9833 325
16.0 322
16.0167 318
16.0333 315
16.05 312
16.0667 308
16.0833 305
16.1 302
16.1167 298
16.1333 295
16.15 291
16.1667 288
16.1833 284
16.2 281
16.2167 278
16.2333 274
16.25 271
16.2667 267
16.2833 264
16.3 260
16.3167 257
16.3333 253
16.35 250
16.3667 247
16.3833 243
16.4 240
16.4167 236
16.4333 233
16.45 229
16.4667 226
16.4833 222
16.5 219
16.5167 215
16.5333 212
16.55 209
16.5667 205
16.5833 202
16.6 198
16.6167 195
16.6333 191
16.65 188
16.6667 184
16.6833 181
16.7 178
16.7167 174
16.7333 171
16.75 167
16.7667 164
16.7833 161
16.8 157
16.8167 154
16.8333 150
16.85 147
16.8667 144
16.8833 140
16.9 137
16.9167 134
16.9333 130
16.95 127
16.9667 124
16.9833 121
