8.0 130
8.0167 134
8.0333 137
8.05 141
8.0667 144
8.0833 148
8.1 151
8.1167 155
8.1333 158
8.15 161
8.1667 165
8.1833 168
8.2 172
8.2167 175
8.2333 179
8.25 182
8.2667 186
8.2833 189
8.3 193
8.3167 196
8.3333 200
8.35 203
8.3667 207
8.3833 210
8.4 214
8.4167 217
8.4333 221
8.45 224
8.4667 228
8.4833 231
8.5 235
8.5167 239
8.5333 242
8.55 246
8.5667 249
8.5833 253
8.6 256
8.6167 260
8.6333 263
8.65 267
8.6667 270
8.6833 274
8.7 277
8.7167 280
8.7333 284
8.75 287
8.7667 291
8.7833 294
8.8 298
8.8167 301
8.8333 305
8.85 308
8.8667 312
8.8833 315
8.9 318
8.9167 322
8.9333 325
8.95 329
8.9667 332
8.9833 335
9.0 339
9.0167 341
9.0333 345
9.05 348
9.0667 351
9.0833 355
9.1 358
9.1167 361
9.1333 365
9.15 368
9.1667 371
9.1833 375
9.2 378
9.2167 381
9.2333 384
9.25 388
9.2667 391
9.2833 394
9.3 397
9.3167 400
9.3333 404
9.35 407
9.3667 410
9.3833 413
9.4 416
9.4167 419
9.4333 423
9.45 426
9.4667 429
9.4833 432
9.5 435
9.5167 438
9.5333 441
9.55 444
9.5667 447
9.5833 450
9.6 453
9.6167 456
9.6333 459
9.65 462
9.6667 465
9.6833 468
9.7 471
9.7167 474
9.7333 477
9.75 480
9.7667 483
9.7833 485
9.8 488
9.8167 491
9.8333 494
9.85 497
9.8667 500
9.8833 502
9.9 505
9.9167 508
9.9333 511
9.95 513
9.9667 516
9.9833 519
10.0 521
10.0167 524
10.0333 527
10.05 529
10.0667 532
10.0833 535
10.1 537
10.1167 540
10.1333 542
10.15 545
10.1667 548
10.1833 550
10.2 553
10.2167 555
10.2333 558
10.25 560
10.2667 562
10.2833 565
10.3 567
10.3167 570
10.3333 572
10.35 574
10.3667 577
10.3833 579
10.4 582
10.4167 584
10.4333 586
10.45 588
10.4667 591
10.4833 593
10.5 595
10.5167 597
10.5333 600
10.55 602
10.5667 604
10.5833 606
10.6 608
10.6167 610
10.6333 612
10.65 614
10.6667 616
10.6833 619
10.7 621
10.7167 623
10.7333 625
10.75 627
10.7667 628
10.7833 630
10.8 632
10.8167 634
10.8333 636
10.85 638
10.8667 640
10.8833 642
10.9 643
10.9167 645
10.9333 647
10.95 649
10.9667 651
10.9833 652
11.0 654
11.0167 656
11.0333 657
11.05 659
11.0667 661
11.0833 662
11.1 664
11.1167 666
11.1333 667
11.15 669
11.1667 670
11.1833 672
11.2 673
11.2167 675
11.2333 676
11.25 678
11.2667 679
11.2833 680
11.3 682
11.3167 683
11.3333 684
11.35 686
11.3667 687
11.3833 688
11.4 690
11.4167 691
11.4333 692
11.45 693
11.4667 695
11.4833 696
11.5 697
11.5167 698
11.5333 699
11.55 700
11.5667 701
11.5833 702
11.6 703
11.6167 704
11.6333 705
11.65 706
11.6667 707
11.6833 708
11.7 709
11.7167 710
11.7333 711
11.75 712
11.7667 713
11.7833 714
11.8 714
11.8167 715
11.8333 716
11.85 717
11.8667 718
11.8833 718
11.9 719
11.9167 720
11.9333 720
11.95 721
11.9667 722
11.9833 722
12.0 723
12.0167 723
12.0333 724
12.05 724
12.0667 725
12.0833 725
12.1 726
12.1167 726
12.1333 727
12.15 727
12.1667 728
12.1833 728
12.2 728
12.2167 729
12.2333 729
12.25 729
12.2667 729
12.2833 730
12.3 730
12.3167 730
12.3333 730
12.35 730
12.3667 731
12.3833 731
12.4 731
12.4167 731
12.4333 731
12.45 731
12.4667 731
12.4833 731
12.5 731
12.5167 731
12.5333 731
12.55 731
12.5667 731
12.5833 731
12.6 731
12.6167 731
12.6333 730
12.65 730
12.6667 730
12.6833 730
12.7 730
12.7167 729
12.7333 729
12.75 729
12.7667 728
12.7833 728
12.8 728
12.8167 727
12.8333 727
12.85 726
12.8667 726
12.8833 726
12.9 725
12.9167 725
12.9333 724
12.95 724
12.9667 723
12.9833 722
13.0 722
13.0167 721
13.0333 721
13.05 720
13.0667 719
13.0833 719
13.1 718
13.1167 717
13.1333 716
13.15 716
13.1667 715
13.1833 714
13.2 713
13.2167 712
13.2333 711
13.25 711
13.2667 710
13.2833 709
13.3 708
13.3167 707
13.3333 706
13.35 705
13.3667 704
13.3833 703
13.4 702
13.4167 701
13.4333 700
13.45 698
13.4667 697
13.4833 696
13.5 695
13.5167 694
13.5333 693
13.55 691
13.5667 690
13.5833 689
13.6 688
13.6167 686
13.6333 685
13.65 684
13.6667 682
13.6833 681
13.7 679
13.7167 678
13.7333 677
13.75 675
13.7667 674
13.7833 672
13.8 671
13.8167 669
13.8333 668
13.85 666
13.8667 665
13.8833 663
13.9 661
13.9167 660
13.9333 658
13.95 656
13.9667 655
13.9833 653
14.0 651
14.0167 649
14.0333 648
14.05 646
14.0667 644
14.0833 642
14.1 641
14.1167 639
14.1333 637
14.15 635
14.1667 633
14.1833 631
14.2 629
14.2167 627
14.2333 625
14.25 623
14.2667 621
14.2833 619
14.3 617
14.3167 615
14.3333 613
14.35 611
14.3667 609
14.3833 607
14.4 605
14.4167 603
14.4333 600
14.45 598
14.4667 596
14.4833 594
14.5 591
14.5167 589
14.5333 587
14.55 585
14.5667 582
14.5833 580
14.6 578
14.6167 575
14.6333 573
14.65 571
14.6667 568
14.6833 566
14.7 563
14.7167 561
14.7333 559
14.75 556
14.7667 554
14.7833 551
14.8 549
14.8167 546
14.8333 543
14.85 541
14.8667 538
14.8833 536
14.9 533
14.9167 530
14.9333 528
14.95 525
14.9667 522
14.9833 520
15.0 517
15.0167 514
15.0333 511
15.05 509
15.0667 506
15.0833 503
15.1 500
15.1167 498
15.1333 495
15.15 492
15.1667 489
15.1833 486
15.2 483
15.2167 480
15.2333 478
15.25 475
15.2667 472
15.2833 469
15.3 466
15.3167 463
15.3333 460
15.35 457
15.3667 454
15.3833 451
15.4 448
15.4167 445
15.4333 442
15.45 439
15.4667 436
15.4833 433
15.5 430
15.5167 427
15.5333 423
15.55 420
15.5667 417
15.5833 414
15.6 411
15.6167 408
15.6333 405
15.65 401
15.6667 398
15.6833 395
15.7 392
15.7167 389
15.7333 385
15.75 382
15.7667 379
15.7833 376
15.8 372
15.8167 369
15.8333 366
15.85 362
15.8667 359
15.8833 356
15.9 352
15.9167 349
15.9333 346
15.95 342
15.9667 339
15.9833 336
16.0 332
16.0167 329
16.0333 326
16.05 322
16.0667 319
16.0833 315
16.1 312
16.1167 308
16.1333 305
16.15 302
16.1667 298
16.1833 295
16.2 291
16.2167 288
16.2333 284
16.25 281
16.2667 277
16.2833 274
16.3 270
16.3167 267
16.3333 263
16.35 260
16.3667 256
16.3833 253
16.4 249
16.4167 246
16.4333 242
16.45 239
16.4667 235
16.4833 232
16.5 228
16.5167 225
16.5333 221
16.55 218
16.5667 214
16.5833 211
16.6 207
16.6167 204
16.6333 200
16.65 197
16.6667 193
16.6833 190
16.7 186
16.7167 183
16.7333 179
16.75 176
16.7667 172
16.7833 169
16.8 165
16.8167 162
16.8333 158
16.85 155
16.8667 152
16.8833 148
16.9 145
16.9167 141
16.9333 138
16.95 134
16.9667 131
16.9833 127
