8.0 185
8.0167 188
8.0333 192
8.05 195
8.0667 199
8.0833 203
8.1 206
8.1167 210
8.1333 214
8.15 217
8.1667 221
8.1833 225
8.2 228
8.2167 232
8.2333 235
8.25 239
8.2667 243
8.2833 246
8.3 250
8.3167 254
8.3333 257
8.35 261
8.3667 265
8.3833 268
8.4 272
8.4167 276
8.4333 279
8.45 283
8.4667 287
8.4833 290
8.5 294
8.5167 297
8.5333 301
8.55 305
8.5667 308
8.5833 312
8.6 315
8.6167 319
8.6333 323
8.65 326
8.6667 330
8.6833 333
8.7 337
8.7167 341
8.7333 344
8.75 348
8.7667 351
8.7833 355
8.8 358
8.8167 362
8.8333 365
8.85 369
8.8667 372
8.8833 376
8.9 379
8.9167 383
8.9333 386
8.95 390
8.9667 393
8.9833 397
9.0 400
9.0167 403
9.0333 406
9.05 409
9.0667 413
9.0833 416
9.1 420
9.1167 423
9.1333 426
9.15 430
9.1667 433
9.1833 436
9.2 440
9.2167 443
9.2333 446
9.25 450
9.2667 453
9.2833 456
9.3 459
9.3167 463
9.3333 466
9.35 469
9.3667 472
9.3833 475
9.4 479
9.4167 482
9.4333 485
9.45 488
9.4667 491
9.4833 494
9.5 497
9.5167 501
9.5333 504
9.55 507
9.5667 510
9.5833 513
9.6 516
9.6167 519
9.6333 522
9.65 525
9.6667 528
9.6833 531
9.7 534
9.7167 537
9.7333 540
9.75 543
9.7667 545
9.7833 548
9.8 551
9.8167 554
9.8333 557
9.85 560
9.8667 563
9.8833 565
9.9 568
9.9167 571
9.9333 574
9.95 576
9.9667 579
9.9833 582
10.0 585
10.0167 587
10.0333 590
10.05 593
10.0667 595
10.0833 598
10.1 600
10.1167 603
10.1333 606
10.15 608
10.1667 611
10.1833 613
10.2 616
10.2167 618
10.2333 621
10.25 623
10.2667 626
10.2833 628
10.3 630
10.3167 633
10.3333 635
10.35 637
10.3667 640
10.3833 642
10.4 644
10.4167 647
10.4333 649
10.45 651
10.4667 654
10.4833 656
10.5 658
10.5167 660
10.5333 662
10.55 664
10.5667 667
10.5833 669
10.6 671
10.6167 673
10.6333 675
10.65 677
10.6667 679
10.6833 681
10.7 683
10.7167 685
10.7333 687
10.75 689
10.7667 691
10.7833 693
10.8 695
10.8167 697
10.8333 699
10.85 700
10.8667 702
10.8833 704
10.9 706
10.9167 708
10.9333 709
10.95 711
10.9667 713
10.9833 714
11.0 716
11.0167 718
11.0333 719
11.05 721
11.0667 723
11.0833 724
11.1 726
11.1167 727
11.1333 729
11.15 730
11.1667 732
11.1833 733
11.2 735
11.2167 736
11.2333 738
11.25 739
11.2667 740
11.2833 742
11.3 743
11.3167 744
11.3333 746
11.35 747
11.3667 748
11.3833 749
11.4 751
11.4167 752
11.4333 753
11.45 754
11.4667 755
11.4833 756
11.5 758
11.5167 759
11.5333 760
11.55 761
11.5667 762
11.5833 763
11.6 764
11.6167 765
11.6333 766
11.65 767
11.6667 768
11.6833 768
11.7 769
11.7167 770
11.7333 771
11.75 772
11.7667 773
11.7833 773
11.8 774
11.8167 775
11.8333 776
11.85 776
11.8667 777
11.8833 778
11.9 778
11.9167 779
11.9333 779
11.95 780
11.9667 781
11.9833 781
12.0 782
12.0167 782
12.0333 783
12.05 783
12.0667 783
12.0833 784
12.1 784
12.1167 785
12.1333 785
12.15 785
12.1667 786
12.1833 786
12.2 786
12.2167 786
12.2333 787
12.25 787
12.2667 787
12.2833 787
12.3 787
12.3167 787
12.3333 788
12.35 788
12.3667 788
12.3833 788
12.4 788
12.4167 788
12.4333 788
12.45 788
12.4667 788
12.4833 788
12.5 788
12.5167 787
12.5333 787
12.55 787
12.5667 787
12.5833 787
12.6 787
12.6167 786
12.6333 786
12.65 786
12.6667 786
12.6833 785
12.7 785
12.7167 785
12.7333 784
12.75 784
12.7667 783
12.7833 783
12.8 782
12.8167 782
12.8333 782
12.85 781
12.8667 780
12.8833 780
12.9 779
12.9167 779
12.9333 778
12.95 777
12.9667 777
12.9833 776
13.0 775
13.0167 775
13.0333 774
13.05 773
13.0667 772
13.0833 772
13.1 771
13.1167 770
13.1333 769
13.15 768
13.1667 767
13.1833 767
13.2 766
13.2167 765
13.2333 764
13.25 763
13.2667 762
13.2833 761
13.3 760
13.3167 759
13.3333 757
13.35 756
13.3667 755
13.3833 754
13.4 753
13.4167 752
13.4333 750
13.45 749
13.4667 748
13.4833 747
13.5 745
13.5167 744
13.5333 743
13.55 742
13.5667 740
13.5833 739
13.6 737
13.6167 736
13.6333 735
13.65 733
13.6667 732
13.6833 730
13.7 729
13.7167 727
13.7333 726
13.75 724
13.7667 722
13.7833 721
13.8 719
13.8167 717
13.8333 716
13.85 714
13.8667 712
13.8833 711
13.9 709
13.9167 707
13.9333 705
13.95 704
13.9667 702
13.9833 700
14.0 698
14.0167 696
14.0333 694
14.05 693
14.0667 691
14.0833 689
14.1 687
14.1167 685
14.1333 683
14.15 681
14.1667 679
14.1833 677
14.2 675
14.2167 673
14.2333 671
14.25 668
14.2667 666
14.2833 664
14.3 662
14.3167 660
14.3333 658
14.35 655
14.3667 653
14.3833 651
14.4 649
14.4167 646
14.4333 644
14.45 642
14.4667 639
14.4833 637
14.5 635
14.5167 632
14.5333 630
14.55 628
14.5667 625
14.5833 623
14.6 620
14.6167 618
14.6333 615
14.65 613
14.6667 610
14.6833 608
14.7 605
14.7167 603
14.7333 600
14.75 597
14.7667 595
14.7833 592
14.8 589
14.8167 587
14.8333 584
14.85 581
14.8667 579
14.8833 576
14.9 573
14.9167 570
14.9333 568
14.95 565
14.9667 562
14.9833 559
15.0 556
15.0167 553
15.0333 550
15.05 547
15.0667 544
15.0833 541
15.1 538
15.1167 535
15.1333 533
15.15 530
15.1667 527
15.1833 524
15.2 521
15.2167 518
15.2333 515
15.25 512
15.2667 508
15.2833 505
15.3 502
15.3167 499
15.3333 496
15.35 493
15.3667 490
15.3833 487
15.4 484
15.4167 481
15.4333 477
15.45 474
15.4667 471
15.4833 468
15.5 465
15.5167 461
15.5333 458
15.55 455
15.5667 452
15.5833 448
15.6 445
15.6167 442
15.6333 438
15.65 435
15.6667 432
15.6833 428
15.7 425
15.7167 422
15.7333 418
15.75 415
15.7667 412
15.7833 408
15.8 405
15.8167 401
15.8333 398
15.85 394
15.8667 391
15.8833 388
15.9 384
15.9167 381
15.9333 377
15.95 374
15.9667 370
15.9833 367
16.0 363
16.0167 360
16.0333 356
16.05 353
16.0667 349
16.0833 346
16.1 342
16.1167 338
16.1333 335
16.15 331
16.1667 328
16.1833 324
16.2 321
16.2167 317
16.2333 313
16.25 310
16.2667 306
16.2833 303
16.3 299
16.3167 295
16.3333 292
16.35 288
16.3667 284
16.3833 281
16.4 277
16.4167 274
16.4333 270
16.45 266
16.4667 263
16.4833 259
16.5 255
16.5167 252
16.5333 248
16.55 244
16.5667 241
16.5833 237
16.6 233
16.6167 230
16.6333 226
16.65 223
16.6667 219
16.6833 215
16.7 212
16.7167 208
16.7333 204
16.75 201
16.7667 197
16.7833 194
16.8 190
16.8167 186
16.8333 183
16.85 179
16.8667 176
16.8833 172
16.9 168
16.9167 165
16.9333 161
16.95 158
16.9667 154
16.9833 151
