8.0 179
8.0167 183
8.0333 186
8.05 190
8.0667 193
8.0833 197
8.1 200
8.1167 204
8.1333 208
8.15 211
8.1667 215
8.1833 219
8.2 222
8.2167 226
8.2333 229
8.25 233
8.2667 237
8.2833 240
8.3 244
8.3167 248
8.3333 251
8.35 255
8.3667 258
8.3833 262
8.4 266
8.4167 269
8.4333 273
8.45 277
8.4667 280
8.4833 284
8.5 287
8.5167 291
8.5333 295
8.55 298
8.5667 302
8.5833 305
8.6 309
8.6167 313
8.6333 316
8.65 320
8.6667 323
8.6833 327
8.7 330
8.7167 334
8.7333 337
8.75 341
8.7667 345
8.7833 348
8.8 352
8.8167 355
8.8333 359
8.85 362
8.8667 366
8.8833 369
8.9 373
8.9167 376
8.9333 379
8.95 383
8.9667 386
8.9833 390
9.0 393
9.0167 396
9.0333 399
9.05 403
9.0667 406
9.0833 409
9.1 413
9.1167 416
9.1333 419
9.15 423
9.1667 426
9.1833 429
9.2 433
9.2167 436
9.2333 439
9.25 443
9.2667 446
9.2833 449
9.3 452
9.3167 456
9.3333 459
9.35 462
9.3667 465
9.3833 468
9.4 472
9.4167 475
9.4333 478
9.45 481
9.4667 484
9.4833 487
9.5 490
9.5167 493
9.5333 497
9.55 500
9.5667 503
9.5833 506
9.6 509
9.6167 512
9.6333 515
9.65 518
9.6667 521
9.6833 524
9.7 527
9.7167 530
9.7333 532
9.75 535
9.7667 538
9.7833 541
9.8 544
9.8167 547
9.8333 550
9.85 552
9.8667 555
9.8833 558
9.9 561
9.9167 564
9.9333 566
9.95 569
9.9667 572
9.9833 574
10.0 577
10.0167 580
10.0333 582
10.05 585
10.0667 588
10.0833 590
10.1 593
10.1167 596
10.1333 598
10.15 601
10.1667 603
10.1833 606
10.2 608
10.2167 611
10.2333 613
10.25 616
10.2667 618
10.2833 620
10.3 623
10.3167 625
10.3333 628
10.35 630
10.3667 632
10.3833 635
10.4 637
10.4167 639
10.4333 642
10.45 644
10.4667 646
10.4833 648
10.5 650
10.5167 653
10.5333 655
10.55 657
10.5667 659
10.5833 661
10.6 663
10.6167 665
10.6333 667
10.65 670
10.6667 672
10.6833 674
10.7 676
10.7167 678
10.7333 679
10.75 681
10.7667 683
10.7833 685
10.8 687
10.8167 689
10.8333 691
10.85 693
10.8667 695
10.8833 696
10.9 698
10.9167 700
10.9333 702
10.95 703
10.9667 705
10.9833 707
11.0 708
11.0167 710
11.0333 712
11.05 713
11.0667 715
11.0833 717
11.1 718
11.1167 720
11.1333 721
11.15 723
11.1667 724
11.1833 726
11.2 727
11.2167 728
11.2333 730
11.25 731
11.2667 733
11.2833 734
11.3 735
11.3167 737
11.3333 738
11.35 739
11.3667 740
11.3833 742
11.4 743
11.4167 744
11.4333 745
11.45 746
11.4667 748
11.4833 749
11.5 750
11.5167 751
11.5333 752
11.55 753
11.5667 754
11.5833 755
11.6 756
11.6167 757
11.6333 758
11.65 759
11.6667 760
11.6833 761
11.7 762
11.7167 762
11.7333 763
11.75 764
11.7667 765
11.7833 766
11.8 766
11.8167 767
11.8333 768
11.85 769
11.8667 769
11.8833 770
11.9 770
11.9167 771
11.9333 772
11.95 772
11.9667 773
11.9833 773
12.0 774
12.0167 774
12.0333 775
12.05 775
12.0667 776
12.0833 776
12.1 777
12.1167 777
12.1333 777
12.15 778
12.1667 778
12.1833 778
12.2 778
12.2167 779
12.2333 779
12.25 779
12.2667 779
12.2833 780
12.3 780
12.3167 780
12.3333 780
12.35 780
12.3667 780
12.3833 780
12.4 780
12.4167 780
12.4333 780
12.45 780
12.4667 780
12.4833 780
12.5 780
12.5167 780
12.5333 780
12.55 780
12.5667 779
12.5833 779
12.6 779
12.6167 779
12.6333 778
12.65 778
12.6667 778
12.6833 778
12.7 777
12.7167 777
12.7333 777
12.75 776
12.7667 776
12.7833 775
12.8 775
12.8167 774
12.8333 774
12.85 773
12.8667 773
12.8833 772
12.9 772
12.9167 771
12.9333 770
12.95 770
12.9667 769
12.9833 769
13.0 768
13.0167 767
13.0333 766
13.05 766
13.0667 765
13.0833 764
13.1 763
13.1167 762
13.1333 762
13.15 761
13.1667 760
13.1833 759
13.2 758
13.2167 757
13.2333 756
13.25 755
13.2667 754
13.2833 753
13.3 752
13.3167 751
13.3333 750
13.35 749
13.3667 748
13.3833 747
13.4 745
13.4167 744
13.4333 743
13.45 742
13.4667 741
13.4833 739
13.5 738
13.5167 737
13.5333 735
13.55 734
13.5667 733
13.5833 731
13.6 730
13.6167 728
13.6333 727
13.65 726
13.6667 724
13.6833 723
13.7 721
13.7167 720
13.7333 718
13.75 717
13.7667 715
13.7833 713
13.8 712
13.8167 710
13.8333 708
13.85 707
13.8667 705
13.8833 703
13.9 702
13.9167 700
13.9333 698
13.95 696
13.9667 695
13.9833 693
14.0 691
14.0167 689
14.0333 687
14.05 685
14.0667 683
14.0833 681
14.1 680
14.1167 678
14.1333 676
14.15 674
14.1667 672
14.1833 670
14.2 667
14.2167 665
14.2333 663
14.25 661
14.2667 659
14.2833 657
14.3 655
14.3167 653
14.3333 650
14.35 648
14.3667 646
14.3833 644
14.4 642
14.4167 639
14.4333 637
14.45 635
14.4667 632
14.4833 630
14.5 628
14.5167 625
14.5333 623
14.55 620
14.5667 618
14.5833 616
14.6 613
14.6167 611
14.6333 608
14.65 606
14.6667 603
14.6833 601
14.7 598
14.7167 596
14.7333 593
14.75 590
14.7667 588
14.7833 585
14.8 583
14.8167 580
14.8333 577
14.85 574
14.8667 572
14.8833 569
14.9 566
14.9167 564
14.9333 561
14.95 558
14.9667 555
14.9833 552
15.0 549
15.0167 546
15.0333 543
15.05 540
15.0667 537
15.0833 535
15.1 532
15.1167 529
15.1333 526
15.15 523
15.1667 520
15.1833 517
15.2 514
15.2167 511
15.2333 508
15.25 505
15.2667 502
15.2833 499
15.3 496
15.3167 493
15.3333 490
15.35 486
15.3667 483
15.3833 480
15.4 477
15.4167 474
15.4333 471
15.45 468
15.4667 464
15.4833 461
15.5 458
15.5167 455
15.5333 452
15.55 448
15.5667 445
15.5833 442
15.6 439
15.6167 435
15.6333 432
15.65 429
15.6667 425
15.6833 422
15.7 419
15.7167 415
15.7333 412
15.75 409
15.7667 405
15.7833 402
15.8 398
15.8167 395
15.8333 392
15.85 388
15.8667 385
15.8833 381
15.9 378
15.9167 374
15.9333 371
15.95 368
15.9667 364
15.9833 361
16.0 357
16.0167 354
16.0333 350
16.05 347
16.0667 343
16.0833 340
16.1 336
16.1167 332
16.1333 329
16.15 325
16.1667 322
16.1833 318
16.2 315
16.2167 311
16.2333 307
16.25 304
16.2667 300
16.2833 297
16.3 293
16.3167 290
16.3333 286
16.35 282
16.3667 279
16.3833 275
16.4 271
16.4167 268
16.4333 264
16.45 261
16.4667 257
16.4833 253
16.5 250
16.5167 246
16.5333 243
16.55 239
16.5667 235
16.5833 232
16.6 228
16.6167 224
16.6333 221
16.65 217
16.6667 214
16.6833 210
16.7 206
16.7167 203
16.7333 199
16.75 196
16.7667 192
16.7833 188
16.8 185
16.8167 181
16.8333 178
16.85 174
16.8667 171
16.8833 167
16.9 163
16.9167 160
16.9333 156
16.95 153
16.9667 149
16.9833 146
