8.0 99
8.0167 102
8.0333 105
8.05 108
8.0667 112
8.0833 115
8.1 118
8.1167 121
8.1333 124
8.15 128
8.1667 131
8.1833 134
8.2 138
8.2167 141
8.2333 144
8.25 148
8.2667 151
8.2833 154
8.3 158
8.3167 161
8.3333 164
8.35 168
8.3667 171
8.3833 174
8.4 178
8.4167 181
8.4333 185
8.45 188
8.4667 191
8.4833 195
8.5 198
8.5167 202
8.5333 205
8.55 208
8.5667 212
8.5833 215
8.6 219
8.6167 222
8.6333 226
8.65 229
8.6667 232
8.6833 236
8.7 239
8.7167 243
8.7333 246
8.75 249
8.7667 253
8.7833 256
8.8 260
8.8167 263
8.8333 266
8.85 270
8.8667 273
8.8833 276
8.9 280
8.9167 283
8.9333 286
8.95 290
8.9667 293
8.9833 297
9.0 300
9.0167 303
9.0333 306
9.05 309
9.0667 312
9.0833 316
9.1 319
9.1167 322
9.1333 326
9.15 329
9.1667 332
9.1833 335
9.2 339
9.2167 342
9.2333 345
9.25 348
9.2667 352
9.2833 355
9.3 358
9.3167 361
9.3333 364
9.35 368
9.3667 371
9.3833 374
9.4 377
9.4167 380
9.4333 383
9.45 386
9.4667 389
9.4833 393
9.5 396
9.5167 399
9.5333 402
9.55 405
9.5667 408
9.5833 411
9.6 414
9.6167 417
9.6333 420
9.65 423
9.6667 426
9.6833 429
9.7 432
9.7167 435
9.7333 438
9.75 440
9.7667 443
9.7833 446
9.8 449
9.8167 452
9.8333 455
9.85 458
9.8667 460
9.8833 463
9.9 466
9.9167 469
9.9333 472
9.95 474
9.9667 477
9.9833 480
10.0 483
10.0167 485
10.0333 488
10.05 491
10.0667 493
10.0833 496
10.1 498
10.1167 501
10.1333 504
10.15 506
10.1667 509
10.1833 511
10.2 514
10.2167 516
10.2333 519
10.25 521
10.2667 524
10.2833 526
10.3 529
10.3167 531
10.3333 534
10.35 536
10.3667 539
10.3833 541
10.4 543
10.4167 546
10.4333 548
10.45 550
10.4667 553
10.4833 555
10.5 557
10.5167 559
10.5333 562
10.55 564
10.5667 566
10.5833 568
10.6 570
10.6167 573
10.6333 575
10.65 577
10.6667 579
10.6833 581
10.7 583
10.7167 585
10.7333 587
10.75 589
10.7667 591
10.7833 593
10.8 595
10.8167 597
10.8333 599
10.85 601
10.8667 603
10.8833 605
10.9 607
10.9167 609
10.9333 610
10.95 612
10.9667 614
10.9833 616
11.0 618
11.0167 619
11.0333 621
11.05 623
11.0667 624
11.0833 626
11.1 628
11.1167 629
11.1333 631
11.15 633
11.1667 634
11.1833 636
11.2 637
11.2167 639
11.2333 640
11.25 642
11.2667 643
11.2833 645
11.3 646
11.3167 648
11.3333 649
11.35 651
11.3667 652
11.3833 653
11.4 655
11.4167 656
11.4333 657
11.45 659
11.4667 660
11.4833 661
11.5 662
11.5167 663
11.5333 665
11.55 666
11.5667 667
11.5833 668
11.6 669
11.6167 670
11.6333 671
11.65 672
11.6667 674
11.6833 675
11.7 676
11.7167 677
11.7333 678
11.75 678
11.7667 679
11.7833 680
11.8 681
11.8167 682
11.8333 683
11.85 684
11.8667 685
11.8833 685
11.9 686
11.9167 687
11.9333 688
11.95 688
11.9667 689
11.9833 690
12.0 690
12.0167 691
12.0333 692
12.05 692
12.0667 693
12.0833 693
12.1 694
12.1167 694
12.1333 695
12.15 695
12.1667 696
12.1833 696
12.2 697
12.2167 697
12.2333 698
12.25 698
12.2667 698
12.2833 699
12.3 699
12.3167 699
12.3333 700
12.35 700
12.3667 700
12.3833 700
12.4 700
12.4167 701
12.4333 701
12.45 701
12.4667 701
12.4833 701
12.5 701
12.5167 701
12.5333 701
12.55 701
12.5667 701
12.5833 701
12.6 701
12.6167 701
12.6333 701
12.65 701
12.6667 701
12.6833 701
12.7 701
12.7167 700
12.7333 700
12.75 700
12.7667 700
12.7833 700
12.8 699
12.8167 699
12.8333 699
12.85 698
12.8667 698
12.8833 698
12.9 697
12.9167 697
12.9333 696
12.95 696
12.9667 695
12.9833 695
13.0 694
13.0167 694
13.0333 693
13.05 693
13.0667 692
13.0833 692
13.1 691
13.1167 690
13.1333 690
13.15 689
13.1667 688
13.1833 688
13.2 687
13.2167 686
13.2333 685
13.25 685
13.2667 684
13.2833 683
13.3 682
13.3167 681
13.3333 680
13.35 679
13.3667 679
13.3833 678
13.4 677
13.4167 676
13.4333 675
13.45 674
13.4667 673
13.4833 672
13.5 670
13.5167 669
13.5333 668
13.55 667
13.5667 666
13.5833 665
13.6 664
13.6167 662
13.6333 661
13.65 660
13.6667 659
13.6833 657
13.7 656
13.7167 655
13.7333 653
13.75 652
13.7667 651
13.7833 649
13.8 648
13.8167 646
13.8333 645
13.85 644
13.8667 642
13.8833 641
13.9 639
13.9167 637
13.9333 636
13.95 634
13.9667 633
13.9833 631
14.0 630
14.0167 628
14.0333 626
14.05 625
14.0667 623
14.0833 621
14.1 619
14.1167 618
14.1333 616
14.15 614
14.1667 612
14.1833 611
14.2 609
14.2167 607
14.2333 605
14.25 603
14.2667 601
14.2833 599
14.3 597
14.3167 595
14.3333 593
14.35 591
14.3667 589
14.3833 587
14.4 585
14.4167 583
14.4333 581
14.45 579
14.4667 577
14.4833 575
14.5 573
14.5167 571
14.5333 568
14.55 566
14.5667 564
14.5833 562
14.6 560
14.6167 557
14.6333 555
14.65 553
14.6667 550
14.6833 548
14.7 546
14.7167 543
14.7333 541
14.75 539
14.7667 536
14.7833 534
14.8 532
14.8167 529
14.8333 527
14.85 524
14.8667 522
14.8833 519
14.9 517
14.9167 514
14.9333 512
14.95 509
14.9667 506
14.9833 504
15.0 501
15.0167 499
15.0333 496
15.05 493
15.0667 491
15.0833 488
15.1 485
15.1167 483
15.1333 480
15.15 477
15.1667 475
15.1833 472
15.2 469
15.2167 466
15.2333 463
15.25 461
15.2667 458
15.2833 455
15.3 452
15.3167 449
15.3333 446
15.35 444
15.3667 441
15.3833 438
15.4 435
15.4167 432
15.4333 429
15.45 426
15.4667 423
15.4833 420
15.5 417
15.5167 414
15.5333 411
15.55 408
15.5667 405
15.5833 402
15.6 399
15.6167 396
15.6333 393
15.65 390
15.6667 387
15.6833 384
15.7 380
15.7167 377
15.7333 374
15.75 371
15.7667 368
15.7833 365
15.8 361
15.8167 358
15.8333 355
15.85 352
15.8667 349
15.8833 345
15.9 342
15.9167 339
15.9333 336
15.95 332
15.9667 329
15.9833 326
16.0 323
16.0167 319
16.0333 316
16.05 313
16.0667 309
16.0833 306
16.1 303
16.1167 300
16.1333 296
16.15 293
16.1667 290
16.1833 286
16.2 283
16.2167 279
16.2333 276
16.25 273
16.2667 269
16.2833 266
16.3 263
16.3167 259
16.3333 256
16.35 252
16.3667 249
16.3833 246
16.4 242
16.4167 239
16.4333 235
16.45 232
16.4667 229
16.4833 225
16.5 222
16.5167 218
16.5333 215
16.55 212
16.5667 208
16.5833 205
16.6 201
16.6167 198
16.6333 195
16.65 191
16.6667 188
16.6833 184
16.7 181
16.7167 178
16.7333 174
16.75 171
16.7667 167
16.7833 164
16.8 161
16.8167 157
16.8333 154
16.85 151
16.8667 147
16.8833 144
16.9 141
16.9167 137
16.9333 134
16.95 131
16.9667 127
16.9833 124
