8.0 89
8.0167 92
8.0333 95
8.05 98
8.0667 101
8.0833 105
8.1 108
8.1167 111
8.1333 115
8.15 118
8.1667 121
8.1833 125
8.2 128
8.2167 131
8.2333 135
8.25 138
8.2667 142
8.2833 145
8.3 149
8.3167 152
8.3333 156
8.35 159
8.3667 162
8.3833 166
8.4 169
8.4167 173
8.4333 176
8.45 180
8.4667 183
8.4833 187
8.5 190
8.5167 194
8.5333 197
8.55 201
8.5667 204
8.5833 208
8.6 211
8.6167 215
8.6333 218
8.65 222
8.6667 225
8.6833 229
8.7 232
8.7167 236
8.7333 239
8.75 243
8.7667 246
8.7833 250
8.8 253
8.8167 257
8.8333 260
8.85 263
8.8667 267
8.8833 270
8.9 274
8.9167 277
8.9333 281
8.95 284
8.9667 288
8.9833 291
9.0 294
9.0167 297
9.0333 301
9.05 304
9.0667 307
9.0833 311
9.1 314
9.1167 318
9.1333 321
9.15 324
9.1667 328
9.1833 331
9.2 334
9.2167 338
9.2333 341
9.25 344
9.2667 347
9.2833 351
9.3 354
9.3167 357
9.3333 361
9.35 364
9.3667 367
9.3833 370
9.4 373
9.4167 377
9.4333 380
9.45 383
9.4667 386
9.4833 389
9.5 393
9.5167 396
9.5333 399
9.55 402
9.5667 405
9.5833 408
9.6 411
9.6167 414
9.6333 417
9.65 420
9.6667 423
9.6833 426
9.7 429
9.7167 433
9.7333 435
9.75 438
9.7667 441
9.7833 444
9.8 447
9.8167 450
9.8333 453
9.85 456
9.8667 459
9.8833 462
9.9 465
9.9167 468
9.9333 470
9.95 473
9.9667 476
9.9833 479
10.0 482
10.0167 484
10.0333 487
10.05 490
10.0667 493
10.0833 495
10.1 498
10.1167 501
10.1333 503
10.15 506
10.1667 509
10.1833 511
10.2 514
10.2167 517
10.2333 519
10.25 522
10.2667 524
10.2833 527
10.3 529
10.3167 532
10.3333 535
10.35 537
10.3667 539
10.3833 542
10.4 544
10.4167 547
10.4333 549
10.45 552
10.4667 554
10.4833 556
10.5 559
10.5167 561
10.5333 563
10.55 566
10.5667 568
10.5833 570
10.6 572
10.6167 575
10.6333 577
10.65 579
10.6667 581
10.6833 583
10.7 586
10.7167 588
10.7333 590
10.75 592
10.7667 594
10.7833 596
10.8 598
10.8167 600
10.8333 602
10.85 604
10.8667 606
10.8833 608
10.9 610
10.9167 612
10.9333 614
10.95 616
10.9667 618
10.9833 620
11.0 622
11.0167 623
11.0333 625
11.05 627
11.0667 629
11.0833 631
11.1 632
11.1167 634
11.1333 636
11.15 638
11.1667 639
11.1833 641
11.2 642
11.2167 644
11.2333 646
11.25 647
11.2667 649
11.2833 650
11.3 652
11.3167 653
11.3333 655
11.35 656
11.3667 658
11.3833 659
11.4 661
11.4167 662
11.4333 664
11.45 665
11.4667 666
11.4833 668
11.5 669
11.5167 670
11.5333 672
11.55 673
11.5667 674
11.5833 675
11.6 676
11.6167 678
11.6333 679
11.65 680
11.6667 681
11.6833 682
11.7 683
11.7167 684
11.7333 685
11.75 686
11.7667 688
11.7833 689
11.8 689
11.8167 690
11.8333 691
11.85 692
11.8667 693
11.8833 694
11.9 695
11.9167 696
11.9333 697
11.95 697
11.9667 698
11.9833 699
12.0 700
12.0167 700
12.0333 701
12.05 702
12.0667 703
12.0833 703
12.1 704
12.1167 704
12.1333 705
12.15 706
12.1667 706
12.1833 707
12.2 707
12.2167 708
12.2333 708
12.25 709
12.2667 709
12.2833 710
12.3 710
12.3167 710
12.3333 711
12.35 711
12.3667 711
12.3833 712
12.4 712
12.4167 712
12.4333 713
12.45 713
12.4667 713
12.4833 713
12.5 713
12.5167 713
12.5333 714
12.55 714
12.5667 714
12.5833 714
12.6 714
12.6167 714
12.6333 714
12.65 714
12.6667 714
12.6833 714
12.7 714
12.7167 714
12.7333 714
12.75 714
12.7667 713
12.7833 713
12.8 713
12.8167 713
12.8333 713
12.85 712
12.8667 712
12.8833 712
12.9 712
12.9167 711
12.9333 711
12.95 711
12.9667 710
12.9833 710
13.0 709
13.0167 709
13.0333 709
13.05 708
13.0667 708
13.0833 707
13.1 707
13.1167 706
13.1333 705
13.15 705
13.1667 704
13.1833 704
13.2 703
13.2167 702
13.2333 702
13.25 701
13.2667 700
13.2833 699
13.3 699
13.3167 698
13.3333 697
13.35 696
13.3667 695
13.3833 695
13.4 694
13.4167 693
13.4333 692
13.45 691
13.4667 690
13.4833 689
13.5 688
13.5167 687
13.5333 686
13.55 685
13.5667 684
13.5833 683
13.6 682
13.6167 681
13.6333 679
13.65 678
13.6667 677
13.6833 676
13.7 675
13.7167 673
13.7333 672
13.75 671
13.7667 670
13.7833 668
13.8 667
13.8167 666
13.8333 664
13.85 663
13.8667 662
13.8833 660
13.9 659
13.9167 657
13.9333 656
13.95 654
13.9667 653
13.9833 651
14.0 650
14.0167 648
14.0333 647
14.05 645
14.0667 643
14.0833 642
14.1 640
14.1167 638
14.1333 637
14.15 635
14.1667 633
14.1833 632
14.2 630
14.2167 628
14.2333 626
14.25 624
14.2667 623
14.2833 621
14.3 619
14.3167 617
14.3333 615
14.35 613
14.3667 611
14.3833 609
14.4 607
14.4167 605
14.4333 603
14.45 601
14.4667 599
14.4833 597
14.5 595
14.5167 593
14.5333 591
14.55 589
14.5667 587
14.5833 585
14.6 583
14.6167 580
14.6333 578
14.65 576
14.6667 574
14.6833 571
14.7 569
14.7167 567
14.7333 565
14.75 562
14.7667 560
14.7833 558
14.8 555
14.8167 553
14.8333 551
14.85 548
14.8667 546
14.8833 543
14.9 541
14.9167 538
14.9333 536
14.95 533
14.9667 531
14.9833 528
15.0 526
15.0167 524
15.0333 521
15.05 518
15.0667 516
15.0833 513
15.1 511
15.1167 508
15.1333 505
15.15 503
15.1667 500
15.1833 497
15.2 494
15.2167 492
15.2333 489
15.25 486
15.2667 483
15.2833 481
15.3 478
15.3167 475
15.3333 472
15.35 469
15.3667 467
15.3833 464
15.4 461
15.4167 458
15.4333 455
15.45 452
15.4667 449
15.4833 446
15.5 443
15.5167 440
15.5333 437
15.55 434
15.5667 431
15.5833 428
15.6 425
15.6167 422
15.6333 419
15.65 416
15.6667 413
15.6833 410
15.7 407
15.7167 404
15.7333 401
15.75 398
15.7667 395
15.7833 391
15.8 388
15.8167 385
15.8333 382
15.85 379
15.8667 376
15.8833 372
15.9 369
15.9167 366
15.9333 363
15.95 359
15.9667 356
15.9833 353
16.0 350
16.0167 346
16.0333 343
16.05 340
16.0667 336
16.0833 333
16.1 330
16.1167 326
16.1333 323
16.15 320
16.1667 316
16.1833 313
16.2 310
16.2167 306
16.2333 303
16.25 299
16.2667 296
16.2833 293
16.3 289
16.3167 286
16.3333 282
16.35 279
16.3667 276
16.3833 272
16.4 269
16.4167 265
16.4333 262
16.45 258
16.4667 255
16.4833 251
16.5 248
16.5167 244
16.5333 241
16.55 237
16.5667 234
16.5833 231
16.6 227
16.6167 224
16.6333 220
16.65 217
16.6667 213
16.6833 210
16.7 206
16.7167 203
16.7333 199
16.75 196
16.7667 192
16.7833 189
16.8 185
16.8167 182
16.8333 178
16.85 175
16.8667 171
16.8833 168
16.9 164
16.9167 161
16.9333 157
16.95 154
16.9667 150
16.9833 147
