8.0 95
8.0167 98
8.0333 101
8.05 104
8.0667 107
8.0833 110
8.1 113
8.1167 117
8.1333 120
8.15 123
8.1667 126
8.1833 130
8.2 133
8.2167 136
8.2333 140
8.25 143
8.2667 146
8.2833 150
8.3 153
8.3167 156
8.3333 160
8.35 163
8.3667 166
8.3833 170
8.4 173
8.4167 176
8.4333 180
8.45 183
8.4667 187
8.4833 190
8.5 193
8.5167 197
8.5333 200
8.55 203
8.5667 207
8.5833 210
8.6 214
8.6167 217
8.6333 220
8.65 224
8.6667 227
8.6833 231
8.7 234
8.7167 238
8.7333 241
8.75 244
8.7667 248
8.7833 251
8.8 254
8.8167 258
8.8333 261
8.85 265
8.8667 268
8.8833 271
8.9 275
8.9167 278
8.9333 281
8.95 285
8.9667 288
8.9833 291
9.0 295
9.0167 297
9.0333 301
9.05 304
9.0667 307
9.0833 311
9.1 314
9.1167 317
9.1333 321
9.15 324
9.1667 327
9.1833 330
9.2 334
9.2167 337
9.2333 340
9.25 343
9.2667 347
9.2833 350
9.3 353
9.3167 356
9.3333 359
9.35 363
9.3667 366
9.3833 369
9.4 372
9.4167 375
9.4333 378
9.45 381
9.4667 384
9.4833 388
9.5 391
9.5167 394
9.5333 397
9.55 400
9.5667 403
9.5833 406
9.6 409
9.6167 412
9.6333 415
9.65 418
9.6667 421
9.6833 424
9.7 427
9.7167 430
9.7333 433
9.75 436
9.7667 438
9.7833 441
9.8 444
9.8167 447
9.8333 450
9.85 453
9.8667 456
9.8833 458
9.9 461
9.9167 464
9.9333 467
9.95 470
9.9667 472
9.9833 475
10.0 478
10.0167 480
10.0333 483
10.05 486
10.0667 488
10.0833 491
10.1 494
10.1167 496
10.1333 499
10.15 502
10.1667 504
10.1833 507
10.2 509
10.2167 512
10.2333 514
10.25 517
10.2667 519
10.2833 522
10.3 524
10.3167 527
10.3333 529
10.35 532
10.3667 534
10.3833 536
10.4 539
10.4167 541
10.4333 543
10.45 546
10.4667 548
10.4833 550
10.5 553
10.5167 555
10.5333 557
10.55 559
10.5667 562
10.5833 564
10.6 566
10.6167 568
10.6333 570
10.65 572
10.6667 575
10.6833 577
10.7 579
10.7167 581
10.7333 583
10.75 585
10.7667 587
10.7833 589
10.8 591
10.8167 593
10.8333 595
10.85 597
10.8667 599
10.8833 601
10.9 603
10.9167 604
10.9333 606
10.95 608
10.9667 610
10.9833 612
11.0 613
11.0167 615
11.0333 617
11.05 619
11.0667 620
11.0833 622
11.1 624
11.1167 625
11.1333 627
11.15 629
11.1667 630
11.1833 632
11.2 633
11.2167 635
11.2333 637
11.25 638
11.2667 640
11.2833 641
11.3 643
11.3167 644
11.3333 645
11.35 647
11.3667 648
11.3833 650
11.4 651
11.4167 652
11.4333 654
11.45 655
11.4667 656
11.4833 657
11.5 659
11.5167 660
11.5333 661
11.55 662
11.5667 663
11.5833 665
11.6 666
11.6167 667
11.6333 668
11.65 669
11.6667 670
11.6833 671
11.7 672
11.7167 673
11.7333 674
11.75 675
11.7667 676
11.7833 677
11.8 678
11.8167 679
11.8333 680
11.85 680
11.8667 681
11.8833 682
11.9 683
11.9167 684
11.9333 684
11.95 685
11.9667 686
11.9833 687
12.0 687
12.0167 688
12.0333 689
12.05 689
12.0667 690
12.0833 690
12.1 691
12.1167 691
12.1333 692
12.15 692
12.1667 693
12.1833 693
12.2 694
12.2167 694
12.2333 695
12.25 695
12.2667 695
12.2833 696
12.3 696
12.3167 696
12.3333 697
12.35 697
12.3667 697
12.3833 697
12.4 698
12.4167 698
12.4333 698
12.45 698
12.4667 698
12.4833 698
12.5 699
12.5167 699
12.5333 699
12.55 699
12.5667 699
12.5833 699
12.6 699
12.6167 699
12.6333 699
12.65 699
12.6667 698
12.6833 698
12.7 698
12.7167 698
12.7333 698
12.75 698
12.7667 697
12.7833 697
12.8 697
12.8167 697
12.8333 696
12.85 696
12.8667 696
12.8833 695
12.9 695
12.9167 695
12.9333 694
12.95 694
12.9667 693
12.9833 693
13.0 692
13.0167 692
13.0333 691
13.05 691
13.0667 690
13.0833 690
13.1 689
13.1167 688
13.1333 688
13.15 687
13.1667 686
13.1833 686
13.2 685
13.2167 684
13.2333 684
13.25 683
13.2667 682
13.2833 681
13.3 680
13.3167 679
13.3333 679
13.35 678
13.3667 677
13.3833 676
13.4 675
13.4167 674
13.4333 673
13.45 672
13.4667 671
13.4833 670
13.5 669
13.5167 668
13.5333 667
13.55 666
13.5667 664
13.5833 663
13.6 662
13.6167 661
13.6333 660
13.65 658
13.6667 657
13.6833 656
13.7 655
13.7167 653
13.7333 652
13.75 651
13.7667 649
13.7833 648
13.8 647
13.8167 645
13.8333 644
13.85 642
13.8667 641
13.8833 639
13.9 638
13.9167 636
13.9333 635
13.95 633
13.9667 632
13.9833 630
14.0 629
14.0167 627
14.0333 625
14.05 624
14.0667 622
14.0833 620
14.1 619
14.1167 617
14.1333 615
14.15 613
14.1667 611
14.1833 610
14.2 608
14.2167 606
14.2333 604
14.25 602
14.2667 600
14.2833 599
14.3 597
14.3167 595
14.3333 593
14.35 591
14.3667 589
14.3833 587
14.4 585
14.4167 583
14.4333 581
14.45 579
14.4667 576
14.4833 574
14.5 572
14.5167 570
14.5333 568
14.55 566
14.5667 564
14.5833 561
14.6 559
14.6167 557
14.6333 555
14.65 552
14.6667 550
14.6833 548
14.7 546
14.7167 543
14.7333 541
14.75 538
14.7667 536
14.7833 534
14.8 531
14.8167 529
14.8333 526
14.85 524
14.8667 522
14.8833 519
14.9 517
14.9167 514
14.9333 512
14.95 509
14.9667 506
14.9833 504
15.0 501
15.0167 499
15.0333 496
15.05 493
15.0667 491
15.0833 488
15.1 486
15.1167 483
15.1333 480
15.15 477
15.1667 475
15.1833 472
15.2 469
15.2167 466
15.2333 464
15.25 461
15.2667 458
15.2833 455
15.3 452
15.3167 450
15.3333 447
15.35 444
15.3667 441
15.3833 438
15.4 435
15.4167 432
15.4333 429
15.45 427
15.4667 424
15.4833 421
15.5 418
15.5167 415
15.5333 412
15.55 409
15.5667 406
15.5833 403
15.6 400
15.6167 396
15.6333 393
15.65 390
15.6667 387
15.6833 384
15.7 381
15.7167 378
15.7333 375
15.75 372
15.7667 369
15.7833 365
15.8 362
15.8167 359
15.8333 356
15.85 353
15.8667 350
15.8833 346
15.9 343
15.9167 340
15.9333 337
15.95 333
15.9667 330
15.9833 327
16.0 324
16.0167 320
16.0333 317
16.05 314
16.0667 310
16.0833 307
16.1 304
16.1167 301
16.1333 297
16.15 294
16.1667 291
16.1833 287
16.2 284
16.2167 281
16.2333 277
16.25 274
16.2667 270
16.2833 267
16.3 264
16.3167 260
16.3333 257
16.35 254
16.3667 250
16.3833 247
16.4 243
16.4167 240
16.4333 237
16.45 233
16.4667 230
16.4833 226
16.5 223
16.5167 220
16.5333 216
16.55 213
16.5667 209
16.5833 206
16.6 203
16.6167 199
16.6333 196
16.65 192
16.6667 189
16.6833 186
16.7 182
16.7167 179
16.7333 176
16.75 172
16.7667 169
16.7833 165
16.8 162
16.8167 159
16.8333 155
16.85 152
16.8667 149
16.8833 145
16.9 142
16.9167 139
16.9333 136
16.95 132
16.9667 129
16.9833 126
