8.0 77
8.0167 80
8.0333 83
8.05 86
8.0667 89
8.0833 92
8.1 96
8.1167 99
8.1333 102
8.15 105
8.1667 108
8.1833 112
8.2 115
8.2167 118
8.2333 121
8.25 125
8.2667 128
8.2833 131
8.3 135
8.3167 138
8.3333 142
8.35 145
8.3667 148
8.3833 152
8.4 155
8.4167 159
8.4333 162
8.45 165
8.4667 169
8.4833 172
8.5 176
8.5167 179
8.5333 182
8.55 186
8.5667 189
8.5833 193
8.6 196
8.6167 200
8.6333 203
8.65 207
8.6667 210
8.6833 213
8.7 217
8.7167 220
8.7333 224
8.75 227
8.7667 231
8.7833 234
8.8 238
8.8167 241
8.8333 244
8.85 248
8.8667 251
8.8833 255
8.9 258
8.9167 262
8.9333 265
8.95 268
8.9667 272
8.9833 275
9.0 279
9.0167 282
9.0333 285
9.05 288
9.0667 292
9.0833 295
9.1 298
9.1167 302
9.1333 305
9.15 309
9.1667 312
9.1833 315
9.2 319
9.2167 322
9.2333 325
9.25 328
9.2667 332
9.2833 335
9.3 338
9.3167 342
9.3333 345
9.35 348
9.3667 351
9.3833 355
9.4 358
9.4167 361
9.4333 364
9.45 367
9.4667 371
9.4833 374
9.5 377
9.5167 380
9.5333 383
9.55 386
9.5667 389
9.5833 393
9.6 396
9.6167 399
9.6333 402
9.65 405
9.6667 408
9.6833 411
9.7 414
9.7167 417
9.7333 420
9.75 423
9.7667 426
9.7833 429
9.8 432
9.8167 435
9.8333 438
9.85 441
9.8667 444
9.8833 447
9.9 450
9.9167 452
9.9333 455
9.95 458
9.9667 461
9.9833 464
10.0 467
10.0167 469
10.0333 472
10.05 475
10.0667 478
10.0833 481
10.1 483
10.1167 486
10.1333 489
10.15 491
10.1667 494
10.1833 497
10.2 499
10.2167 502
10.2333 505
10.25 507
10.2667 510
10.2833 512
10.3 515
10.3167 518
10.3333 520
10.35 523
10.3667 525
10.3833 528
10.4 530
10.4167 533
10.4333 535
10.45 537
10.4667 540
10.4833 542
10.5 545
10.5167 547
10.5333 549
10.55 552
10.5667 554
10.5833 556
10.6 559
10.6167 561
10.6333 563
10.65 565
10.6667 568
10.6833 570
10.7 572
10.7167 574
10.7333 576
10.75 578
10.7667 581
10.7833 583
10.8 585
10.8167 587
10.8333 589
10.85 591
10.8667 593
10.8833 595
10.9 597
10.9167 599
10.9333 601
10.95 603
10.9667 605
10.9833 607
11.0 609
11.0167 610
11.0333 612
11.05 614
11.0667 616
11.0833 618
11.1 620
11.1167 621
11.1333 623
11.15 625
11.1667 627
11.1833 628
11.2 630
11.2167 632
11.2333 633
11.25 635
11.2667 637
11.2833 638
11.3 640
11.3167 641
11.3333 643
11.35 644
11.3667 646
11.3833 647
11.4 649
11.4167 650
11.4333 652
11.45 653
11.4667 655
11.4833 656
11.5 657
11.5167 659
11.5333 660
11.55 661
11.5667 663
11.5833 664
11.6 665
11.6167 666
11.6333 667
11.65 669
11.6667 670
11.6833 671
11.7 672
11.7167 673
11.7333 674
11.75 675
11.7667 677
11.7833 678
11.8 679
11.8167 680
11.8333 681
11.85 682
11.8667 682
11.8833 683
11.9 684
11.9167 685
11.9333 686
11.95 687
11.9667 688
11.9833 689
12.0 689
12.0167 690
12.0333 691
12.05 692
12.0667 692
12.0833 693
12.1 694
12.1167 694
12.1333 695
12.15 696
12.1667 696
12.1833 697
12.2 697
12.2167 698
12.2333 699
12.25 699
12.2667 700
12.2833 700
12.3 700
12.3167 701
12.3333 701
12.35 702
12.3667 702
12.3833 702
12.4 703
12.4167 703
12.4333 703
12.45 704
12.4667 704
12.4833 704
12.5 704
12.5167 705
12.5333 705
12.55 705
12.5667 705
12.5833 705
12.6 705
12.6167 705
12.6333 705
12.65 706
12.6667 706
12.6833 706
12.7 706
12.7167 705
12.7333 705
12.75 705
12.7667 705
12.7833 705
12.8 705
12.8167 705
12.8333 705
12.85 705
12.8667 704
12.8833 704
12.9 704
12.9167 704
12.9333 703
12.95 703
12.9667 703
12.9833 702
13.0 702
13.0167 702
13.0333 701
13.05 701
13.0667 700
13.0833 700
13.1 699
13.1167 699
13.1333 698
13.15 698
13.1667 697
13.1833 697
13.2 696
13.2167 695
13.2333 695
13.25 694
13.2667 693
13.2833 693
13.3 692
13.3167 691
13.3333 691
13.35 690
13.3667 689
13.3833 688
13.4 687
13.4167 687
13.4333 686
13.45 685
13.4667 684
13.4833 683
13.5 682
13.5167 681
13.5333 680
13.55 679
13.5667 678
13.5833 677
13.6 676
13.6167 675
13.6333 674
13.65 673
13.6667 672
13.6833 670
13.7 669
13.7167 668
13.7333 667
13.75 666
13.7667 664
13.7833 663
13.8 662
13.8167 661
13.8333 659
13.85 658
13.8667 657
13.8833 655
13.9 654
13.9167 652
13.9333 651
13.95 650
13.9667 648
13.9833 647
14.0 645
14.0167 644
14.0333 642
14.05 641
14.0667 639
14.0833 637
14.1 636
14.1167 634
14.1333 632
14.15 631
14.1667 629
14.1833 627
14.2 626
14.2167 624
14.2333 622
14.25 621
14.2667 619
14.2833 617
14.3 615
14.3167 613
14.3333 611
14.35 610
14.3667 608
14.3833 606
14.4 604
14.4167 602
14.4333 600
14.45 598
14.4667 596
14.4833 594
14.5 592
14.5167 590
14.5333 588
14.55 586
14.5667 584
14.5833 582
14.6 580
14.6167 577
14.6333 575
14.65 573
14.6667 571
14.6833 569
14.7 566
14.7167 564
14.7333 562
14.75 560
14.7667 557
14.7833 555
14.8 553
14.8167 550
14.8333 548
14.85 546
14.8667 543
14.8833 541
14.9 539
14.9167 536
14.9333 534
14.95 531
14.9667 529
14.9833 526
15.0 524
15.0167 522
15.0333 519
15.05 517
15.0667 514
15.0833 512
15.1 509
15.1167 506
15.1333 504
15.15 501
15.1667 498
15.1833 496
15.2 493
15.2167 490
15.2333 488
15.25 485
15.2667 482
15.2833 480
15.3 477
15.3167 474
15.3333 471
15.35 468
15.3667 466
15.3833 463
15.4 460
15.4167 457
15.4333 454
15.45 451
15.4667 449
15.4833 446
15.5 443
15.5167 440
15.5333 437
15.55 434
15.5667 431
15.5833 428
15.6 425
15.6167 422
15.6333 419
15.65 416
15.6667 413
15.6833 410
15.7 407
15.7167 404
15.7333 401
15.75 398
15.7667 395
15.7833 392
15.8 388
15.8167 385
15.8333 382
15.85 379
15.8667 376
15.8833 373
15.9 369
15.9167 366
15.9333 363
15.95 360
15.9667 357
15.9833 353
16.0 350
16.0167 347
16.0333 344
16.05 340
16.0667 337
16.0833 334
16.1 331
16.1167 327
16.1333 324
16.15 321
16.1667 317
16.1833 314
16.2 311
16.2167 307
16.2333 304
16.25 301
16.2667 297
16.2833 294
16.3 291
16.3167 287
16.3333 284
16.35 280
16.3667 277
16.3833 274
16.4 270
16.4167 267
16.4333 263
16.45 260
16.4667 257
16.4833 253
16.5 250
16.5167 246
16.5333 243
16.55 239
16.5667 236
16.5833 233
16.6 229
16.6167 226
16.6333 222
16.65 219
16.6667 215
16.6833 212
16.7 208
16.7167 205
16.7333 202
16.75 198
16.7667 195
16.7833 191
16.8 188
16.8167 184
16.8333 181
16.85 177
16.8667 174
16.8833 171
16.9 167
16.9167 164
16.9333 160
16.95 157
16.9667 154
16.9833 150
