8.0 106
8.0167 109
8.0333 112
8.05 115
8.0667 119
8.0833 122
8.1 125
8.1167 128
8.1333 132
8.15 135
8.1667 138
8.1833 142
8.2 145
8.2167 148
8.2333 152
8.25 155
8.2667 158
8.2833 162
8.3 165
8.3167 169
8.3333 172
8.35 175
8.3667 179
8.3833 182
8.4 186
8.4167 189
8.4333 192
8.45 196
8.4667 199
8.4833 203
8.5 206
8.5167 209
8.5333 213
8.55 216
8.5667 220
8.5833 223
8.6 227
8.6167 230
8.6333 233
8.65 237
8.6667 240
8.6833 244
8.7 247
8.7167 251
8.7333 254
8.75 257
8.7667 261
8.7833 264
8.8 268
8.8167 271
8.8333 274
8.85 278
8.8667 281
8.8833 284
8.9 288
8.9167 291
8.9333 295
8.95 298
8.9667 301
8.9833 305
9.0 308
9.0167 311
9.0333 314
9.05 317
9.0667 321
9.0833 324
9.1 327
9.1167 330
9.1333 334
9.15 337
9.1667 340
9.1833 343
9.2 347
9.2167 350
9.2333 353
9.25 356
9.2667 360
9.2833 363
9.3 366
9.3167 369
9.3333 372
9.35 376
9.3667 379
9.3833 382
9.4 385
9.4167 388
9.4333 391
9.45 394
9.4667 397
9.4833 400
9.5 404
9.5167 407
9.5333 410
9.55 413
9.5667 416
9.5833 419
9.6 422
9.6167 425
9.6333 428
9.65 431
9.6667 434
9.6833 437
9.7 440
9.7167 442
9.7333 445
9.75 448
9.7667 451
9.7833 454
9.8 457
9.8167 460
9.8333 463
9.85 465
9.8667 468
9.8833 471
9.9 474
9.9167 477
9.9333 479
9.95 482
9.9667 485
9.9833 487
10.0 490
10.0167 493
10.0333 496
10.05 498
10.0667 501
10.0833 503
10.1 506
10.1167 509
10.1333 511
10.15 514
10.1667 516
10.1833 519
10.2 522
10.2167 524
10.2333 527
10.25 529
10.2667 531
10.2833 534
10.3 536
10.3167 539
10.3333 541
10.35 544
10.3667 546
10.3833 548
10.4 551
10.4167 553
10.4333 555
10.45 558
10.4667 560
10.4833 562
10.5 564
10.5167 567
10.5333 569
10.55 571
10.5667 573
10.5833 575
10.6 578
10.6167 580
10.6333 582
10.65 584
10.6667 586
10.6833 588
10.7 590
10.7167 592
10.7333 594
10.75 596
10.7667 598
10.7833 600
10.8 602
10.8167 604
10.8333 606
10.85 608
10.8667 610
10.8833 612
10.9 614
10.9167 615
10.9333 617
10.95 619
10.9667 621
10.9833 623
11.0 624
11.0167 626
11.0333 628
11.05 629
11.0667 631
11.0833 633
11.1 634
11.1167 636
11.1333 638
11.15 639
11.1667 641
11.1833 642
11.2 644
11.2167 645
11.2333 647
11.25 648
11.2667 650
11.2833 651
11.3 653
11.3167 654
11.3333 656
11.35 657
11.3667 658
11.3833 660
11.4 661
11.4167 662
11.4333 663
11.45 665
11.4667 666
11.4833 667
11.5 668
11.5167 670
11.5333 671
11.55 672
11.5667 673
11.5833 674
11.6 675
11.6167 676
11.6333 677
11.65 678
11.6667 679
11.6833 680
11.7 681
11.7167 682
11.7333 683
11.75 684
11.7667 685
11.7833 686
11.8 687
11.8167 688
11.8333 689
11.85 689
11.8667 690
11.8833 691
11.9 692
11.9167 692
11.9333 693
11.95 694
11.9667 695
11.9833 695
12.0 696
12.0167 696
12.0333 697
12.05 698
12.0667 698
12.0833 699
12.1 699
12.1167 700
12.1333 700
12.15 701
12.1667 701
12.1833 702
12.2 702
12.2167 702
12.2333 703
12.25 703
12.2667 703
12.2833 704
12.3 704
12.3167 704
12.3333 704
12.35 705
12.3667 705
12.3833 705
12.4 705
12.4167 705
12.4333 706
12.45 706
12.4667 706
12.4833 706
12.5 706
12.5167 706
12.5333 706
12.55 706
12.5667 706
12.5833 706
12.6 706
12.6167 706
12.6333 706
12.65 705
12.6667 705
12.6833 705
12.7 705
12.7167 705
12.7333 705
12.75 704
12.7667 704
12.7833 704
12.8 704
12.8167 703
12.8333 703
12.85 702
12.8667 702
12.8833 702
12.9 701
12.9167 701
12.9333 700
12.95 700
12.9667 699
12.9833 699
13.0 698
13.0167 698
13.0333 697
13.05 697
13.0667 696
13.0833 695
13.1 695
13.1167 694
13.1333 693
13.15 693
13.1667 692
13.1833 691
13.2 691
13.2167 690
13.2333 689
13.25 688
13.2667 687
13.2833 686
13.3 686
13.3167 685
13.3333 684
13.35 683
13.3667 682
13.3833 681
13.4 680
13.4167 679
13.4333 678
13.45 677
13.4667 676
13.4833 675
13.5 674
13.5167 672
13.5333 671
13.55 670
13.5667 669
13.5833 668
13.6 667
13.6167 665
13.6333 664
13.65 663
13.6667 662
13.6833 660
13.7 659
13.7167 658
13.7333 656
13.75 655
13.7667 653
13.7833 652
13.8 651
13.8167 649
13.8333 648
13.85 646
13.8667 645
13.8833 643
13.9 642
13.9167 640
13.9333 638
13.95 637
13.9667 635
13.9833 634
14.0 632
14.0167 630
14.0333 629
14.05 627
14.0667 625
14.0833 623
14.1 622
14.1167 620
14.1333 618
14.15 616
14.1667 614
14.1833 613
14.2 611
14.2167 609
14.2333 607
14.25 605
14.2667 603
14.2833 601
14.3 599
14.3167 597
14.3333 595
14.35 593
14.3667 591
14.3833 589
14.4 587
14.4167 585
14.4333 583
14.45 581
14.4667 579
14.4833 576
14.5 574
14.5167 572
14.5333 570
14.55 568
14.5667 565
14.5833 563
14.6 561
14.6167 559
14.6333 556
14.65 554
14.6667 552
14.6833 549
14.7 547
14.7167 545
14.7333 542
14.75 540
14.7667 537
14.7833 535
14.8 533
14.8167 530
14.8333 528
14.85 525
14.8667 523
14.8833 520
14.9 518
14.9167 515
14.9333 513
14.95 510
14.9667 507
14.9833 505
15.0 502
15.0167 499
15.0333 497
15.05 494
15.0667 491
15.0833 489
15.1 486
15.1167 483
15.1333 481
15.15 478
15.1667 475
15.1833 472
15.2 469
15.2167 467
15.2333 464
15.25 461
15.2667 458
15.2833 455
15.3 452
15.3167 450
15.3333 447
15.35 444
15.3667 441
15.3833 438
15.4 435
15.4167 432
15.4333 429
15.45 426
15.4667 423
15.4833 420
15.5 417
15.5167 414
15.5333 411
15.55 408
15.5667 405
15.5833 402
15.6 399
15.6167 396
15.6333 393
15.65 390
15.6667 386
15.6833 383
15.7 380
15.7167 377
15.7333 374
15.75 371
15.7667 367
15.7833 364
15.8 361
15.8167 358
15.8333 355
15.85 351
15.8667 348
15.8833 345
15.9 342
15.9167 338
15.9333 335
15.95 332
15.9667 329
15.9833 325
16.0 322
16.0167 319
16.0333 315
16.05 312
16.0667 309
16.0833 306
16.1 302
16.1167 299
16.1333 295
16.15 292
16.1667 289
16.1833 285
16.2 282
16.2167 279
16.2333 275
16.25 272
16.2667 268
16.2833 265
16.3 262
16.3167 258
16.3333 255
16.35 251
16.3667 248
16.3833 245
16.4 241
16.4167 238
16.4333 234
16.45 231
16.4667 228
16.4833 224
16.5 221
16.5167 217
16.5333 214
16.55 210
16.5667 207
16.5833 204
16.6 200
16.6167 197
16.6333 193
16.65 190
16.6667 187
16.6833 183
16.7 180
16.7167 176
16.7333 173
16.75 170
16.7667 166
16.7833 163
16.8 159
16.8167 156
16.8333 153
16.85 149
16.8667 146
16.8833 143
16.9 139
16.9167 136
16.9333 133
16.95 129
16.9667 126
16.9833 123
