8.0 82
8.0167 85
8.0333 87
8.05 90
8.0667 93
8.0833 96
8.1 99
8.1167 102
8.1333 105
8.15 108
8.1667 111
8.1833 114
8.2 117
8.2167 120
8.2333 123
8.25 126
8.2667 129
8.2833 132
8.3 135
8.3167 138
8.3333 141
8.35 145
8.3667 148
8.3833 151
8.4 154
8.4167 157
8.4333 161
8.45 164
8.4667 167
8.4833 170
8.5 173
8.5167 177
8.5333 180
8.55 183
8.5667 186
8.5833 190
8.6 193
8.6167 196
8.6333 199
8.65 203
8.6667 206
8.6833 209
8.7 213
8.7167 216
8.7333 219
8.75 222
8.7667 226
8.7833 229
8.8 232
8.8167 235
8.8333 239
8.85 242
8.8667 245
8.8833 248
8.9 252
8.9167 255
8.9333 258
8.95 261
8.9667 265
8.9833 268
9.0 271
9.0167 274
9.0333 277
9.05 280
9.0667 284
9.0833 287
9.1 290
9.1167 293
9.1333 296
9.15 300
9.1667 303
9.1833 306
9.2 309
9.2167 312
9.2333 315
9.25 319
9.2667 322
9.2833 325
9.3 328
9.3167 331
9.3333 334
9.35 337
9.3667 340
9.3833 344
9.4 347
9.4167 350
9.4333 353
9.45 356
9.4667 359
9.4833 362
9.5 365
9.5167 368
9.5333 371
9.55 374
9.5667 377
9.5833 380
9.6 383
9.6167 386
9.6333 389
9.65 392
9.6667 395
9.6833 398
9.7 401
9.7167 403
9.7333 406
9.75 409
9.7667 412
9.7833 415
9.8 418
9.8167 421
9.8333 423
9.85 426
9.8667 429
9.8833 432
9.9 435
9.9167 437
9.9333 440
9.95 443
9.9667 446
9.9833 448
10.0 451
10.0167 454
10.0333 456
10.05 459
10.0667 462
10.0833 464
10.1 467
10.1167 469
10.1333 472
10.15 475
10.1667 477
10.1833 480
10.2 482
10.2167 485
10.2333 487
10.25 490
10.2667 492
10.2833 495
10.3 497
10.3167 499
10.3333 502
10.35 504
10.3667 507
10.3833 509
10.4 511
10.4167 514
10.4333 516
10.45 518
10.4667 521
10.4833 523
10.5 525
10.5167 528
10.5333 530
10.55 532
10.5667 534
10.5833 536
10.6 539
10.6167 541
10.6333 543
10.65 545
10.6667 547
10.6833 549
10.7 551
10.7167 553
10.7333 555
10.75 557
10.7667 559
10.7833 561
10.8 563
10.8167 565
10.8333 567
10.85 569
10.8667 571
10.8833 573
10.9 575
10.9167 577
10.9333 579
10.95 580
10.9667 582
10.9833 584
11.0 586
11.0167 588
11.0333 589
11.05 591
11.0667 593
11.0833 594
11.1 596
11.1167 598
11.1333 599
11.15 601
11.1667 603
11.1833 604
11.2 606
11.2167 607
11.2333 609
11.25 610
11.2667 612
11.2833 613
11.3 615
11.3167 616
11.3333 618
11.35 619
11.3667 621
11.3833 622
11.4 623
11.4167 625
11.4333 626
11.45 627
11.4667 629
11.4833 630
11.5 631
11.5167 632
11.5333 634
11.55 635
11.5667 636
11.5833 637
11.6 638
11.6167 639
11.6333 640
11.65 641
11.6667 643
11.6833 644
11.7 645
11.7167 646
11.7333 647
11.75 648
11.7667 649
11.7833 649
11.8 650
11.8167 651
11.8333 652
11.85 653
11.8667 654
11.8833 655
11.9 655
11.9167 656
11.9333 657
11.95 658
11.9667 659
11.9833 659
12.0 660
12.0167 661
12.0333 661
12.05 662
12.0667 662
12.0833 663
12.1 664
12.1167 664
12.1333 665
12.15 665
12.1667 666
12.1833 666
12.2 667
12.2167 667
12.2333 668
12.25 668
12.2667 668
12.2833 669
12.3 669
12.3167 669
12.3333 670
12.35 670
12.3667 670
12.3833 670
12.4 671
12.4167 671
12.4333 671
12.45 671
12.4667 671
12.4833 672
12.5 672
12.5167 672
12.5333 672
12.55 672
12.5667 672
12.5833 672
12.6 672
12.6167 672
12.6333 672
12.65 672
12.6667 672
12.6833 672
12.7 672
12.7167 671
12.7333 671
12.75 671
12.7667 671
12.7833 671
12.8 670
12.8167 670
12.8333 670
12.85 670
12.8667 669
12.8833 669
12.9 669
12.9167 668
12.9333 668
12.95 667
12.9667 667
12.9833 667
13.0 666
13.0167 666
13.0333 665
13.05 665
13.0667 664
13.0833 663
13.1 663
13.1167 662
13.1333 662
13.15 661
13.1667 660
13.1833 660
13.2 659
13.2167 658
13.2333 658
13.25 657
13.2667 656
13.2833 655
13.3 654
13.3167 654
13.3333 653
13.35 652
13.3667 651
13.3833 650
13.4 649
13.4167 648
13.4333 647
13.45 646
13.4667 645
13.4833 644
13.5 643
13.5167 642
13.5333 641
13.55 640
13.5667 639
13.5833 638
13.6 637
13.6167 636
13.6333 634
13.65 633
13.6667 632
13.6833 631
13.7 629
13.7167 628
13.7333 627
13.75 626
13.7667 624
13.7833 623
13.8 622
13.8167 620
13.8333 619
13.85 617
13.8667 616
13.8833 615
13.9 613
13.9167 612
13.9333 610
13.95 609
13.9667 607
13.9833 605
14.0 604
14.0167 602
14.0333 601
14.05 599
14.0667 597
14.0833 596
14.1 594
14.1167 592
14.1333 591
14.15 589
14.1667 587
14.1833 585
14.2 584
14.2167 582
14.2333 580
14.25 578
14.2667 576
14.2833 574
14.3 573
14.3167 571
14.3333 569
14.35 567
14.3667 565
14.3833 563
14.4 561
14.4167 559
14.4333 557
14.45 555
14.4667 553
14.4833 551
14.5 549
14.5167 547
14.5333 544
14.55 542
14.5667 540
14.5833 538
14.6 536
14.6167 534
14.6333 531
14.65 529
14.6667 527
14.6833 525
14.7 522
14.7167 520
14.7333 518
14.75 515
14.7667 513
14.7833 511
14.8 508
14.8167 506
14.8333 504
14.85 501
14.8667 499
14.8833 496
14.9 494
14.9167 492
14.9333 489
14.95 487
14.9667 484
14.9833 482
15.0 479
15.0167 477
15.0333 474
15.05 471
15.0667 469
15.0833 466
15.1 464
15.1167 461
15.1333 458
15.15 456
15.1667 453
15.1833 450
15.2 448
15.2167 445
15.2333 442
15.25 439
15.2667 437
15.2833 434
15.3 431
15.3167 428
15.3333 426
15.35 423
15.3667 420
15.3833 417
15.4 414
15.4167 411
15.4333 409
15.45 406
15.4667 403
15.4833 400
15.5 397
15.5167 394
15.5333 391
15.55 388
15.5667 385
15.5833 382
15.6 379
15.6167 376
15.6333 373
15.65 370
15.6667 367
15.6833 364
15.7 361
15.7167 358
15.7333 355
15.75 352
15.7667 349
15.7833 346
15.8 343
15.8167 340
15.8333 337
15.85 334
15.8667 331
15.8833 327
15.9 324
15.9167 321
15.9333 318
15.95 315
15.9667 312
15.9833 308
16.0 305
16.0167 302
16.0333 299
16.05 296
16.0667 293
16.0833 289
16.1 286
16.1167 283
16.1333 280
16.15 276
16.1667 273
16.1833 270
16.2 267
16.2167 264
16.2333 260
16.25 257
16.2667 254
16.2833 251
16.3 247
16.3167 244
16.3333 241
16.35 237
16.3667 234
16.3833 231
16.4 228
16.4167 224
16.4333 221
16.45 218
16.4667 215
16.4833 211
16.5 208
16.5167 205
16.5333 202
16.55 198
16.5667 195
16.5833 192
16.6 188
16.6167 185
16.6333 182
16.65 179
16.6667 175
16.6833 172
16.7 169
16.7167 166
16.7333 163
16.75 159
16.7667 156
16.7833 153
16.8 150
16.8167 147
16.8333 143
16.85 140
16.8667 137
16.8833 134
16.9 131
16.9167 128
16.9333 125
16.95 122
16.9667 119
16.9833 116
