8.0 61
8.0167 63
8.0333 66
8.05 69
8.0667 72
8.0833 75
8.1 78
8.1167 81
8.1333 84
8.15 87
8.1667 90
8.1833 93
8.2 96
8.2167 99
8.2333 102
8.25 106
8.2667 109
8.2833 112
8.3 115
8.3167 119
8.3333 122
8.35 125
8.3667 129
8.3833 132
8.4 135
8.4167 139
8.4333 142
8.45 145
8.4667 149
8.4833 152
8.5 156
8.5167 159
8.5333 163
8.55 166
8.5667 169
8.5833 173
8.6 176
8.6167 180
8.6333 183
8.65 187
8.6667 190
8.6833 194
8.7 197
8.7167 201
8.7333 204
8.75 208
8.7667 211
8.7833 215
8.8 218
8.8167 222
8.8333 225
8.85 229
8.8667 232
8.8833 236
8.9 239
8.9167 243
8.9333 246
8.95 250
8.9667 253
8.9833 257
9.0 260
9.0167 264
9.0333 267
9.05 271
9.0667 274
9.0833 278
9.1 281
9.1167 285
9.1333 288
9.15 292
9.1667 295
9.1833 299
9.2 302
9.2167 306
9.2333 309
9.25 312
9.2667 316
9.2833 319
9.3 323
9.3167 326
9.3333 329
9.35 333
9.3667 336
9.3833 340
9.4 343
9.4167 346
9.4333 350
9.45 353
9.4667 356
9.4833 360
9.5 363
9.5167 366
9.5333 370
9.55 373
9.5667 376
9.5833 379
9.6 383
9.6167 386
9.6333 389
9.65 392
9.6667 396
9.6833 399
9.7 402
9.7167 405
9.7333 409
9.75 412
9.7667 415
9.7833 418
9.8 421
9.8167 424
9.8333 427
9.85 430
9.8667 434
9.8833 437
9.9 440
9.9167 443
9.9333 446
9.95 449
9.9667 452
9.9833 455
10.0 458
10.0167 461
10.0333 464
10.05 467
10.0667 470
10.0833 473
10.1 476
10.1167 479
10.1333 481
10.15 484
10.1667 487
10.1833 490
10.2 493
10.2167 496
10.2333 499
10.25 501
10.2667 504
10.2833 507
10.3 510
10.3167 512
10.3333 515
10.35 518
10.3667 521
10.3833 523
10.4 526
10.4167 529
10.4333 531
10.45 534
10.4667 537
10.4833 539
10.5 542
10.5167 544
10.5333 547
10.55 549
10.5667 552
10.5833 554
10.6 557
10.6167 559
10.6333 562
10.65 564
10.6667 567
10.6833 569
10.7 572
10.7167 574
10.7333 576
10.75 579
10.7667 581
10.7833 583
10.8 586
10.8167 588
10.8333 590
10.85 592
10.8667 595
10.8833 597
10.9 599
10.9167 601
10.9333 604
10.95 606
10.9667 608
10.9833 610
11.0 612
11.0167 614
11.0333 616
11.05 618
11.0667 620
11.0833 622
11.1 624
11.1167 626
11.1333 628
11.15 630
11.1667 632
11.1833 634
11.2 636
11.2167 638
11.2333 640
11.25 642
11.2667 643
11.2833 645
11.3 647
11.3167 649
11.3333 651
11.35 652
11.3667 654
11.3833 656
11.4 657
11.4167 659
11.4333 661
11.45 662
11.4667 664
11.4833 666
11.5 667
11.5167 669
11.5333 670
11.55 672
11.5667 673
11.5833 675
11.6 676
11.6167 678
11.6333 679
11.65 681
11.6667 682
11.6833 683
11.7 685
11.7167 686
11.7333 687
11.75 689
11.7667 690
11.7833 691
11.8 692
11.8167 694
11.8333 695
11.85 696
11.8667 697
11.8833 698
11.9 700
11.9167 701
11.9333 702
11.95 703
11.9667 704
11.9833 705
12.0 706
12.0167 707
12.0333 708
12.05 709
12.0667 710
12.0833 711
12.1 712
12.1167 712
12.1333 713
12.15 714
12.1667 715
12.1833 716
12.2 717
12.2167 717
12.2333 718
12.25 719
12.2667 720
12.2833 720
12.3 721
12.3167 722
12.3333 722
12.35 723
12.3667 723
12.3833 724
12.4 724
12.4167 725
12.4333 726
12.45 726
12.4667 726
12.4833 727
12.5 727
12.5167 728
12.5333 728
12.55 729
12.5667 729
12.5833 729
12.6 730
12.6167 730
12.6333 730
12.65 730
12.6667 731
12.6833 731
12.7 731
12.7167 731
12.7333 731
12.75 731
12.7667 732
12.7833 732
12.8 732
12.8167 732
12.8333 732
12.85 732
12.8667 732
12.8833 732
12.9 732
12.9167 732
12.9333 732
12.95 732
12.9667 731
12.9833 731
13.0 731
13.0167 731
13.0333 731
13.05 730
13.0667 730
13.0833 730
13.1 730
13.1167 729
13.1333 729
13.15 729
13.1667 728
13.1833 728
13.2 728
13.2167 727
13.2333 727
13.25 726
13.2667 726
13.2833 725
13.3 725
13.3167 724
13.3333 724
13.35 723
13.3667 722
13.3833 722
13.4 721
13.4167 721
13.4333 720
13.45 719
13.4667 718
13.4833 718
13.5 717
13.5167 716
13.5333 715
13.55 715
13.5667 714
13.5833 713
13.6 712
13.6167 711
13.6333 710
13.65 709
13.6667 708
13.6833 707
13.7 706
13.7167 705
13.7333 704
13.75 703
13.7667 702
13.7833 701
13.8 700
13.8167 699
13.8333 698
13.85 697
13.8667 696
13.8833 694
13.9 693
13.9167 692
13.9333 691
13.95 689
13.9667 688
13.9833 687
14.0 685
14.0167 684
14.0333 683
14.05 681
14.0667 680
14.0833 678
14.1 677
14.1167 676
14.1333 674
14.15 673
14.1667 671
14.1833 670
14.2 668
14.2167 666
14.2333 665
14.25 663
14.2667 662
14.2833 660
14.3 658
14.3167 657
14.3333 655
14.35 653
14.3667 651
14.3833 650
14.4 648
14.4167 646
14.4333 644
14.45 643
14.4667 641
14.4833 639
14.5 637
14.5167 635
14.5333 633
14.55 631
14.5667 629
14.5833 627
14.6 625
14.6167 623
14.6333 621
14.65 619
14.6667 617
14.6833 615
14.7 613
14.7167 611
14.7333 609
14.75 607
14.7667 605
14.7833 602
14.8 600
14.8167 598
14.8333 596
14.85 594
14.8667 591
14.8833 589
14.9 587
14.9167 585
14.9333 582
14.95 580
14.9667 578
14.9833 575
15.0 574
15.0167 571
15.0333 569
15.05 566
15.0667 564
15.0833 562
15.1 559
15.1167 557
15.1333 554
15.15 552
15.1667 549
15.1833 546
15.2 544
15.2167 541
15.2333 539
15.25 536
15.2667 533
15.2833 531
15.3 528
15.3167 526
15.3333 523
15.35 520
15.3667 517
15.3833 515
15.4 512
15.4167 509
15.4333 506
15.45 504
15.4667 501
15.4833 498
15.5 495
15.5167 492
15.5333 490
15.55 487
15.5667 484
15.5833 481
15.6 478
15.6167 475
15.6333 472
15.65 469
15.6667 466
15.6833 463
15.7 460
15.7167 457
15.7333 454
15.75 451
15.7667 448
15.7833 445
15.8 442
15.8167 439
15.8333 436
15.85 433
15.8667 430
15.8833 427
15.9 424
15.9167 420
15.9333 417
15.95 414
15.9667 411
15.9833 408
16.0 405
16.0167 401
16.0333 398
16.05 395
16.0667 392
16.0833 389
16.1 385
16.1167 382
16.1333 379
16.15 375
16.1667 372
16.1833 369
16.2 366
16.2167 362
16.2333 359
16.25 356
16.2667 352
16.2833 349
16.3 346
16.3167 342
16.3333 339
16.35 335
16.3667 332
16.3833 329
16.4 325
16.4167 322
16.4333 318
16.45 315
16.4667 312
16.4833 308
16.5 305
16.5167 301
16.5333 298
16.55 294
16.5667 291
16.5833 287
16.6 284
16.6167 281
16.6333 277
16.65 274
16.6667 270
16.6833 267
16.7 263
16.7167 260
16.7333 256
16.75 253
16.7667 249
16.7833 246
16.8 242
16.8167 239
16.8333 235
16.85 232
16.8667 228
16.8833 225
16.9 221
16.9167 218
16.9333 214
16.95 211
16.9667 207
16.9833 204
