8.0 69
8.0167 72
8.0333 75
8.05 78
8.0667 82
8.0833 85
8.1 88
8.1167 91
8.1333 94
8.15 98
8.1667 101
8.1833 104
8.2 108
8.2167 111
8.2333 115
8.25 118
8.2667 121
8.2833 125
8.3 128
8.3167 132
8.3333 135
8.35 139
8.3667 142
8.3833 146
8.4 149
8.4167 153
8.4333 157
8.45 160
8.4667 164
8.4833 167
8.5 171
8.5167 174
8.5333 178
8.55 182
8.5667 185
8.5833 189
8.6 192
8.6167 196
8.6333 200
8.65 203
8.6667 207
8.6833 210
8.7 214
8.7167 218
8.7333 221
8.75 225
8.7667 228
8.7833 232
8.8 236
8.8167 239
8.8333 243
8.85 246
8.8667 250
8.8833 254
8.9 257
8.9167 261
8.9333 264
8.95 268
8.9667 271
8.9833 275
9.0 279
9.0167 282
9.0333 286
9.05 289
9.0667 293
9.0833 296
9.1 300
9.1167 303
9.1333 307
9.15 310
9.1667 314
9.1833 317
9.2 321
9.2167 324
9.2333 328
9.25 331
9.2667 335
9.2833 338
9.3 342
9.3167 345
9.3333 349
9.35 352
9.3667 355
9.3833 359
9.4 362
9.4167 366
9.4333 369
9.45 372
9.4667 376
9.4833 379
9.5 382
9.5167 386
9.5333 389
9.55 392
9.5667 396
9.5833 399
9.6 402
9.6167 405
9.6333 409
9.65 412
9.6667 415
9.6833 418
9.7 421
9.7167 425
9.7333 428
9.75 431
9.7667 434
9.7833 437
9.8 440
9.8167 444
9.8333 447
9.85 450
9.8667 453
9.8833 456
9.9 459
9.9167 462
9.9333 465
9.95 468
9.9667 471
9.9833 474
10.0 477
10.0167 480
10.0333 483
10.05 486
10.0667 489
10.0833 492
10.1 495
10.1167 498
10.1333 501
10.15 503
10.1667 506
10.1833 509
10.2 512
10.2167 515
10.2333 518
10.25 520
10.2667 523
10.2833 526
10.3 529
10.3167 531
10.3333 534
10.35 537
10.3667 540
10.3833 542
10.4 545
10.4167 547
10.4333 550
10.45 553
10.4667 555
10.4833 558
10.5 560
10.5167 563
10.5333 566
10.55 568
10.5667 571
10.5833 573
10.6 575
10.6167 578
10.6333 580
10.65 583
10.6667 585
10.6833 588
10.7 590
10.7167 592
10.7333 595
10.75 597
10.7667 599
10.7833 602
10.8 604
10.8167 606
10.8333 608
10.85 611
10.8667 613
10.8833 615
10.9 617
10.9167 619
10.9333 622
10.95 624
10.9667 626
10.9833 628
11.0 630
11.0167 632
11.0333 634
11.05 636
11.0667 638
11.0833 640
11.1 642
11.1167 644
11.1333 646
11.15 648
11.1667 650
11.1833 652
11.2 653
11.2167 655
11.2333 657
11.25 659
11.2667 661
11.2833 663
11.3 664
11.3167 666
11.3333 668
11.35 670
11.3667 671
11.3833 673
11.4 675
11.4167 676
11.4333 678
11.45 679
11.4667 681
11.4833 683
11.5 684
11.5167 686
11.5333 687
11.55 689
11.5667 690
11.5833 692
11.6 693
11.6167 694
11.6333 696
11.65 697
11.6667 699
11.6833 700
11.7 701
11.7167 702
11.7333 704
11.75 705
11.7667 706
11.7833 707
11.8 709
11.8167 710
11.8333 711
11.85 712
11.8667 713
11.8833 714
11.9 716
11.9167 717
11.9333 718
11.95 719
11.9667 720
11.9833 721
12.0 722
12.0167 723
12.0333 724
12.05 725
12.0667 725
12.0833 726
12.1 727
12.1167 728
12.1333 729
12.15 730
12.1667 730
12.1833 731
12.2 732
12.2167 733
12.2333 733
12.25 734
12.2667 735
12.2833 735
12.3 736
12.3167 737
12.3333 737
12.35 738
12.3667 738
12.3833 739
12.4 739
12.4167 740
12.4333 740
12.45 741
12.4667 741
12.4833 742
12.5 742
12.5167 742
12.5333 743
12.55 743
12.5667 743
12.5833 744
12.6 744
12.6167 744
12.6333 745
12.65 745
12.6667 745
12.6833 745
12.7 745
12.7167 745
12.7333 746
12.75 746
12.7667 746
12.7833 746
12.8 746
12.8167 746
12.8333 746
12.85 746
12.8667 746
12.8833 746
12.9 746
12.9167 745
12.9333 745
12.95 745
12.9667 745
12.9833 745
13.0 745
13.0167 744
13.0333 744
13.05 744
13.0667 744
13.0833 743
13.1 743
13.1167 743
13.1333 742
13.15 742
13.1667 742
13.1833 741
13.2 741
13.2167 740
13.2333 740
13.25 739
13.2667 739
13.2833 738
13.3 738
13.3167 737
13.3333 737
13.35 736
13.3667 735
13.3833 735
13.4 734
13.4167 733
13.4333 733
13.45 732
13.4667 731
13.4833 730
13.5 730
13.5167 729
13.5333 728
13.55 727
13.5667 726
13.5833 725
13.6 724
13.6167 724
13.6333 723
13.65 722
13.6667 721
13.6833 720
13.7 719
13.7167 718
13.7333 717
13.75 715
13.7667 714
13.7833 713
13.8 712
13.8167 711
13.8333 710
13.85 709
13.8667 707
13.8833 706
13.9 705
13.9167 704
13.9333 702
13.95 701
13.9667 700
13.9833 698
14.0 697
14.0167 696
14.0333 694
14.05 693
14.0667 691
14.0833 690
14.1 688
14.1167 687
14.1333 685
14.15 684
14.1667 682
14.1833 681
14.2 679
14.2167 678
14.2333 676
14.25 674
14.2667 673
14.2833 671
14.3 669
14.3167 668
14.3333 666
14.35 664
14.3667 662
14.3833 661
14.4 659
14.4167 657
14.4333 655
14.45 653
14.4667 651
14.4833 650
14.5 648
14.5167 646
14.5333 644
14.55 642
14.5667 640
14.5833 638
14.6 636
14.6167 634
14.6333 632
14.65 630
14.6667 628
14.6833 626
14.7 623
14.7167 621
14.7333 619
14.75 617
14.7667 615
14.7833 613
14.8 610
14.8167 608
14.8333 606
14.85 604
14.8667 601
14.8833 599
14.9 597
14.9167 594
14.9333 592
14.95 590
14.9667 587
14.9833 585
15.0 583
15.0167 581
15.0333 579
15.05 576
15.0667 574
15.0833 571
15.1 569
15.1167 566
15.1333 564
15.15 561
15.1667 558
15.1833 556
15.2 553
15.2167 551
15.2333 548
15.25 545
15.2667 543
15.2833 540
15.3 537
15.3167 535
15.3333 532
15.35 529
15.3667 526
15.3833 524
15.4 521
15.4167 518
15.4333 515
15.45 513
15.4667 510
15.4833 507
15.5 504
15.5167 501
15.5333 498
15.55 495
15.5667 492
15.5833 490
15.6 487
15.6167 484
15.6333 481
15.65 478
15.6667 475
15.6833 472
15.7 469
15.7167 466
15.7333 463
15.75 460
15.7667 457
15.7833 453
15.8 450
15.8167 447
15.8333 444
15.85 441
15.8667 438
15.8833 435
15.9 432
15.9167 428
15.9333 425
15.95 422
15.9667 419
15.9833 416
16.0 412
16.0167 409
16.0333 406
16.05 403
16.0667 399
16.0833 396
16.1 393
16.1167 389
16.1333 386
16.15 383
16.1667 379
16.1833 376
16.2 373
16.2167 369
16.2333 366
16.25 363
16.2667 359
16.2833 356
16.3 352
16.3167 349
16.3333 346
16.35 342
16.3667 339
16.3833 335
16.4 332
16.4167 328
16.4333 325
16.45 321
16.4667 318
16.4833 314
16.5 311
16.5167 307
16.5333 304
16.55 300
16.5667 297
16.5833 293
16.6 290
16.6167 286
16.6333 283
16.65 279
16.6667 276
16.6833 272
16.7 268
16.7167 265
16.7333 261
16.75 258
16.7667 254
16.7833 251
16.8 247
16.8167 243
16.8333 240
16.85 236
16.8667 233
16.8833 229
16.9 225
16.9167 222
16.9333 218
16.95 215
16.9667 211
16.9833 207
