8.0 60
8.0167 63
8.0333 66
8.05 69
8.0667 71
8.0833 74
8.1 77
8.1167 80
8.1333 83
8.15 86
8.1667 89
8.1833 92
8.2 95
8.2167 98
8.2333 101
8.25 104
8.2667 107
8.2833 111
8.3 114
8.3167 117
8.3333 120
8.35 123
8.3667 127
8.3833 130
8.4 133
8.4167 136
8.4333 140
8.45 143
8.4667 146
8.4833 150
8.5 153
8.5167 156
8.5333 160
8.55 163
8.5667 166
8.5833 170
8.6 173
8.6167 176
8.6333 180
8.65 183
8.6667 186
8.6833 190
8.7 193
8.7167 197
8.7333 200
8.75 203
8.7667 207
8.7833 210
8.8 214
8.8167 217
8.8333 220
8.85 224
8.8667 227
8.8833 231
8.9 234
8.9167 237
8.9333 241
8.95 244
8.9667 248
8.9833 251
9.0 254
9.0167 258
9.0333 261
9.05 264
9.0667 268
9.0833 271
9.1 275
9.1167 278
9.1333 281
9.15 285
9.1667 288
9.1833 291
9.2 295
9.2167 298
9.2333 301
9.25 305
9.2667 308
9.2833 311
9.3 315
9.3167 318
9.3333 321
9.35 324
9.3667 328
9.3833 331
9.4 334
9.4167 338
9.4333 341
9.45 344
9.4667 347
9.4833 350
9.5 354
9.5167 357
9.5333 360
9.55 363
9.5667 366
9.5833 370
9.6 373
9.6167 376
9.6333 379
9.65 382
9.6667 385
9.6833 388
9.7 391
9.7167 395
9.7333 398
9.75 401
9.7667 404
9.7833 407
9.8 410
9.8167 413
9.8333 416
9.85 419
9.8667 422
9.8833 425
9.9 428
9.9167 431
9.9333 434
9.95 437
9.9667 439
9.9833 442
10.0 445
10.0167 448
10.0333 451
10.05 454
10.0667 457
10.0833 459
10.1 462
10.1167 465
10.1333 468
10.15 471
10.1667 473
10.1833 476
10.2 479
10.2167 482
10.2333 484
10.25 487
10.2667 490
10.2833 492
10.3 495
10.3167 498
10.3333 500
10.35 503
10.3667 505
10.3833 508
10.4 511
10.4167 513
10.4333 516
10.45 518
10.4667 521
10.4833 523
10.5 526
10.5167 528
10.5333 531
10.55 533
10.5667 535
10.5833 538
10.6 540
10.6167 543
10.6333 545
10.65 547
10.6667 550
10.6833 552
10.7 554
10.7167 556
10.7333 559
10.75 561
10.7667 563
10.7833 565
10.8 568
10.8167 570
10.8333 572
10.85 574
10.8667 576
10.8833 578
10.9 580
10.9167 582
10.9333 584
10.95 587
10.9667 589
10.9833 591
11.0 593
11.0167 595
11.0333 597
11.05 598
11.0667 600
11.0833 602
11.1 604
11.1167 606
11.1333 608
11.15 610
11.1667 612
11.1833 613
11.2 615
11.2167 617
11.2333 619
11.25 620
11.2667 622
11.2833 624
11.3 626
11.3167 627
11.3333 629
11.35 631
11.3667 632
11.3833 634
11.4 635
11.4167 637
11.4333 638
11.45 640
11.4667 641
11.4833 643
11.5 644
11.5167 646
11.5333 647
11.55 649
11.5667 650
11.5833 651
11.6 653
11.6167 654
11.6333 656
11.65 657
11.6667 658
11.6833 659
11.7 661
11.7167 662
11.7333 663
11.75 664
11.7667 665
11.7833 667
11.8 668
11.8167 669
11.8333 670
11.85 671
11.8667 672
11.8833 673
11.9 674
11.9167 675
11.9333 676
11.95 677
11.9667 678
11.9833 679
12.0 680
12.0167 681
12.0333 682
12.05 683
12.0667 683
12.0833 684
12.1 685
12.1167 686
12.1333 687
12.15 687
12.1667 688
12.1833 689
12.2 689
12.2167 690
12.2333 691
12.25 691
12.2667 692
12.2833 692
12.3 693
12.3167 694
12.3333 694
12.35 695
12.3667 695
12.3833 696
12.4 696
12.4167 696
12.4333 697
12.45 697
12.4667 698
12.4833 698
12.5 698
12.5167 699
12.5333 699
12.55 699
12.5667 699
12.5833 700
12.6 700
12.6167 700
12.6333 700
12.65 700
12.6667 701
12.6833 701
12.7 701
12.7167 701
12.7333 701
12.75 701
12.7667 701
12.7833 701
12.8 701
12.8167 701
12.8333 701
12.85 701
12.8667 701
12.8833 701
12.9 700
12.9167 700
12.9333 700
12.95 700
12.9667 700
12.9833 699
13.0 699
13.0167 699
13.0333 699
13.05 698
13.0667 698
13.0833 698
13.1 697
13.1167 697
13.1333 696
13.15 696
13.1667 696
13.1833 695
13.2 695
13.2167 694
13.2333 694
13.25 693
13.2667 692
13.2833 692
13.3 691
13.3167 691
13.3333 690
13.35 689
13.3667 689
13.3833 688
13.4 687
13.4167 687
13.4333 686
13.45 685
13.4667 684
13.4833 683
13.5 683
13.5167 682
13.5333 681
13.55 680
13.5667 679
13.5833 678
13.6 677
13.6167 676
13.6333 675
13.65 674
13.6667 673
13.6833 672
13.7 671
13.7167 670
13.7333 669
13.75 668
13.7667 667
13.7833 665
13.8 664
13.8167 663
13.8333 662
13.85 661
13.8667 659
13.8833 658
13.9 657
13.9167 656
13.9333 654
13.95 653
13.9667 652
13.9833 650
14.0 649
14.0167 647
14.0333 646
14.05 644
14.0667 643
14.0833 641
14.1 640
14.1167 638
14.1333 637
14.15 635
14.1667 634
14.1833 632
14.2 631
14.2167 629
14.2333 627
14.25 626
14.2667 624
14.2833 622
14.3 620
14.3167 619
14.3333 617
14.35 615
14.3667 613
14.3833 612
14.4 610
14.4167 608
14.4333 606
14.45 604
14.4667 602
14.4833 600
14.5 599
14.5167 597
14.5333 595
14.55 593
14.5667 591
14.5833 589
14.6 587
14.6167 585
14.6333 582
14.65 580
14.6667 578
14.6833 576
14.7 574
14.7167 572
14.7333 570
14.75 568
14.7667 565
14.7833 563
14.8 561
14.8167 559
14.8333 556
14.85 554
14.8667 552
14.8833 550
14.9 547
14.9167 545
14.9333 543
14.95 540
14.9667 538
14.9833 535
15.0 534
15.0167 531
15.0333 529
15.05 526
15.0667 524
15.0833 521
15.1 519
15.1167 516
15.1333 514
15.15 511
15.1667 509
15.1833 506
15.2 504
15.2167 501
15.2333 498
15.25 496
15.2667 493
15.2833 490
15.3 488
15.3167 485
15.3333 482
15.35 480
15.3667 477
15.3833 474
15.4 471
15.4167 469
15.4333 466
15.45 463
15.4667 460
15.4833 457
15.5 455
15.5167 452
15.5333 449
15.55 446
15.5667 443
15.5833 440
15.6 437
15.6167 434
15.6333 431
15.65 428
15.6667 425
15.6833 423
15.7 420
15.7167 417
15.7333 414
15.75 411
15.7667 407
15.7833 404
15.8 401
15.8167 398
15.8333 395
15.85 392
15.8667 389
15.8833 386
15.9 383
15.9167 380
15.9333 377
15.95 373
15.9667 370
15.9833 367
16.0 364
16.0167 361
16.0333 358
16.05 354
16.0667 351
16.0833 348
16.1 345
16.1167 342
16.1333 338
16.15 335
16.1667 332
16.1833 329
16.2 325
16.2167 322
16.2333 319
16.25 315
16.2667 312
16.2833 309
16.3 305
16.3167 302
16.3333 299
16.35 295
16.3667 292
16.3833 289
16.4 285
16.4167 282
16.4333 279
16.45 275
16.4667 272
16.4833 269
16.5 265
16.5167 262
16.5333 258
16.55 255
16.5667 252
16.5833 248
16.6 245
16.6167 241
16.6333 238
16.65 235
16.6667 231
16.6833 228
16.7 224
16.7167 221
16.7333 218
16.75 214
16.7667 211
16.7833 207
16.8 204
16.8167 201
16.8333 197
16.85 194
16.8667 190
16.8833 187
16.9 184
16.9167 180
16.9333 177
16.95 174
16.9667 170
16.9833 167
