8.0 61
8.0167 64
8.0333 66
8.05 69
8.0667 72
8.0833 75
8.1 78
8.1167 81
8.1333 84
8.15 87
8.1667 90
8.1833 93
8.2 96
8.2167 100
8.2333 103
8.25 106
8.2667 109
8.2833 112
8.3 116
8.3167 119
8.3333 122
8.35 126
8.3667 129
8.3833 132
8.4 136
8.4167 139
8.4333 142
8.45 146
8.4667 149
8.4833 153
8.5 156
8.5167 160
8.5333 163
8.55 166
8.5667 170
8.5833 173
8.6 177
8.6167 180
8.6333 184
8.65 187
8.6667 191
8.6833 194
8.7 198
8.7167 201
8.7333 205
8.75 208
8.7667 212
8.7833 215
8.8 219
8.8167 222
8.8333 226
8.85 229
8.8667 233
8.8833 236
8.9 240
8.9167 243
8.9333 247
8.95 250
8.9667 254
8.9833 257
9.0 261
9.0167 265
9.0333 268
9.05 272
9.0667 275
9.0833 279
9.1 282
9.1167 286
9.1333 289
9.15 292
9.1667 296
9.1833 299
9.2 303
9.2167 306
9.2333 310
9.25 313
9.2667 317
9.2833 320
9.3 323
9.3167 327
9.3333 330
9.35 334
9.3667 337
9.3833 340
9.4 344
9.4167 347
9.4333 351
9.45 354
9.4667 357
9.4833 361
9.5 364
9.5167 367
9.5333 371
9.55 374
9.5667 377
9.5833 380
9.6 384
9.6167 387
9.6333 390
9.65 393
9.6667 397
9.6833 400
9.7 403
9.7167 406
9.7333 409
9.75 413
9.7667 416
9.7833 419
9.8 422
9.8167 425
9.8333 428
9.85 432
9.8667 435
9.8833 438
9.9 441
9.9167 444
9.9333 447
9.95 450
9.9667 453
9.9833 456
10.0 459
10.0167 462
10.0333 465
10.05 468
10.0667 471
10.0833 474
10.1 477
10.1167 480
10.1333 483
10.15 486
10.1667 488
10.1833 491
10.2 494
10.2167 497
10.2333 500
10.25 503
10.2667 505
10.2833 508
10.3 511
10.3167 514
10.3333 516
10.35 519
10.3667 522
10.3833 525
10.4 527
10.4167 530
10.4333 533
10.45 535
10.4667 538
10.4833 540
10.5 543
10.5167 546
10.5333 548
10.55 551
10.5667 553
10.5833 556
10.6 558
10.6167 561
10.6333 563
10.65 566
10.6667 568
10.6833 571
10.7 573
10.7167 575
10.7333 578
10.75 580
10.7667 582
10.7833 585
10.8 587
10.8167 589
10.8333 592
10.85 594
10.8667 596
10.8833 598
10.9 601
10.9167 603
10.9333 605
10.95 607
10.9667 609
10.9833 612
11.0 614
11.0167 616
11.0333 618
11.05 620
11.0667 622
11.0833 624
11.1 626
11.1167 628
11.1333 630
11.15 632
11.1667 634
11.1833 636
11.2 638
11.2167 640
11.2333 641
11.25 643
11.2667 645
11.2833 647
11.3 649
11.3167 651
11.3333 652
11.35 654
11.3667 656
11.3833 658
11.4 659
11.4167 661
11.4333 663
11.45 664
11.4667 666
11.4833 667
11.5 669
11.5167 671
11.5333 672
11.55 674
11.5667 675
11.5833 677
11.6 678
11.6167 680
11.6333 681
11.65 682
11.6667 684
11.6833 685
11.7 687
11.7167 688
11.7333 689
11.75 691
11.7667 692
11.7833 693
11.8 694
11.8167 696
11.8333 697
11.85 698
11.8667 699
11.8833 700
11.9 702
11.9167 703
11.9333 704
11.95 705
11.9667 706
11.9833 707
12.0 708
12.0167 709
12.0333 710
12.05 711
12.0667 712
12.0833 713
12.1 714
12.1167 715
12.1333 715
12.15 716
12.1667 717
12.1833 718
12.2 719
12.2167 720
12.2333 720
12.25 721
12.2667 722
12.2833 722
12.3 723
12.3167 724
12.3333 724
12.35 725
12.3667 726
12.3833 726
12.4 727
12.4167 727
12.4333 728
12.45 728
12.4667 729
12.4833 729
12.5 730
12.5167 730
12.5333 730
12.55 731
12.5667 731
12.5833 732
12.6 732
12.6167 732
12.6333 732
12.65 733
12.6667 733
12.6833 733
12.7 733
12.7167 734
12.7333 734
12.75 734
12.7667 734
12.7833 734
12.8 734
12.8167 734
12.8333 734
12.85 734
12.8667 734
12.8833 734
12.9 734
12.9167 734
12.9333 734
12.95 734
12.9667 734
12.9833 734
13.0 734
13.0167 733
13.0333 733
13.05 733
13.0667 733
13.0833 732
13.1 732
13.1167 732
13.1333 732
13.15 731
13.1667 731
13.1833 731
13.2 730
13.2167 730
13.2333 729
13.25 729
13.2667 728
13.2833 728
13.3 727
13.3167 727
13.3333 726
13.35 726
13.3667 725
13.3833 724
13.4 724
13.4167 723
13.4333 723
13.45 722
13.4667 721
13.4833 720
13.5 720
13.5167 719
13.5333 718
13.55 717
13.5667 716
13.5833 716
13.6 715
13.6167 714
13.6333 713
13.65 712
13.6667 711
13.6833 710
13.7 709
13.7167 708
13.7333 707
13.75 706
13.7667 705
13.7833 704
13.8 703
13.8167 702
13.8333 701
13.85 699
13.8667 698
13.8833 697
13.9 696
13.9167 695
13.9333 693
13.95 692
13.9667 691
13.9833 690
14.0 688
14.0167 687
14.0333 686
14.05 684
14.0667 683
14.0833 681
14.1 680
14.1167 678
14.1333 677
14.15 675
14.1667 674
14.1833 672
14.2 671
14.2167 669
14.2333 668
14.25 666
14.2667 664
14.2833 663
14.3 661
14.3167 660
14.3333 658
14.35 656
14.3667 654
14.3833 653
14.4 651
14.4167 649
14.4333 647
14.45 645
14.4667 644
14.4833 642
14.5 640
14.5167 638
14.5333 636
14.55 634
14.5667 632
14.5833 630
14.6 628
14.6167 626
14.6333 624
14.65 622
14.6667 620
14.6833 618
14.7 616
14.7167 614
14.7333 612
14.75 610
14.7667 608
14.7833 605
14.8 603
14.8167 601
14.8333 599
14.85 597
14.8667 594
14.8833 592
14.9 590
14.9167 588
14.9333 585
14.95 583
14.9667 581
14.9833 578
15.0 577
15.0167 574
15.0333 572
15.05 569
15.0667 567
15.0833 565
15.1 562
15.1167 560
15.1333 557
15.15 555
15.1667 552
15.1833 550
15.2 547
15.2167 544
15.2333 542
15.25 539
15.2667 537
15.2833 534
15.3 531
15.3167 529
15.3333 526
15.35 523
15.3667 521
15.3833 518
15.4 515
15.4167 512
15.4333 510
15.45 507
15.4667 504
15.4833 501
15.5 498
15.5167 495
15.5333 493
15.55 490
15.5667 487
15.5833 484
15.6 481
15.6167 478
15.6333 475
15.65 472
15.6667 469
15.6833 466
15.7 463
15.7167 460
15.7333 457
15.75 454
15.7667 451
15.7833 448
15.8 445
15.8167 442
15.8333 439
15.85 436
15.8667 433
15.8833 430
15.9 427
15.9167 424
15.9333 420
15.95 417
15.9667 414
15.9833 411
16.0 408
16.0167 404
16.0333 401
16.05 398
16.0667 395
16.0833 392
16.1 388
16.1167 385
16.1333 382
16.15 379
16.1667 375
16.1833 372
16.2 369
16.2167 365
16.2333 362
16.25 359
16.2667 355
16.2833 352
16.3 349
16.3167 345
16.3333 342
16.35 338
16.3667 335
16.3833 332
16.4 328
16.4167 325
16.4333 321
16.45 318
16.4667 315
16.4833 311
16.5 308
16.5167 304
16.5333 301
16.55 297
16.5667 294
16.5833 290
16.6 287
16.6167 283
16.6333 280
16.65 277
16.6667 273
16.6833 270
16.7 266
16.7167 263
16.7333 259
16.75 256
16.7667 252
16.7833 249
16.8 245
16.8167 241
16.8333 238
16.85 234
16.8667 231
16.8833 227
16.9 224
16.9167 220
16.9333 217
16.95 213
16.9667 210
16.9833 206
