8.0 136
8.0167 139
8.0333 143
8.05 147
8.0667 150
8.0833 154
8.1 158
8.1167 161
8.1333 165
8.15 169
8.1667 173
8.1833 176
8.2 180
8.2167 184
8.2333 188
8.25 192
8.2667 195
8.2833 199
8.3 203
8.3167 207
8.3333 211
8.35 215
8.3667 219
8.3833 222
8.4 226
8.4167 230
8.4333 234
8.45 238
8.4667 242
8.4833 246
8.5 250
8.5167 254
8.5333 257
8.55 261
8.5667 265
8.5833 269
8.6 273
8.6167 277
8.6333 281
8.65 285
8.6667 289
8.6833 293
8.7 296
8.7167 300
8.7333 304
8.75 308
8.7667 312
8.7833 316
8.8 320
8.8167 324
8.8333 328
8.85 331
8.8667 335
8.8833 339
8.9 343
8.9167 347
8.9333 351
8.95 355
8.9667 358
8.9833 362
9.0 366
9.0167 371
9.0333 375
9.05 379
9.0667 382
9.0833 386
9.1 390
9.1167 394
9.1333 398
9.15 401
9.1667 405
9.1833 409
9.2 413
9.2167 416
9.2333 420
9.25 424
9.2667 428
9.2833 431
9.3 435
9.3167 439
9.3333 442
9.35 446
9.3667 450
9.3833 453
9.4 457
9.4167 461
9.4333 464
9.45 468
9.4667 471
9.4833 475
9.5 479
9.5167 482
9.5333 486
9.55 489
9.5667 493
9.5833 496
9.6 500
9.6167 503
9.6333 507
9.65 510
9.6667 514
9.6833 517
9.7 521
9.7167 524
9.7333 528
9.75 531
9.7667 535
9.7833 538
9.8 541
9.8167 545
9.8333 548
9.85 551
9.8667 555
9.8833 558
9.9 561
9.9167 565
9.9333 568
9.95 571
9.9667 574
9.9833 578
10.0 581
10.0167 584
10.0333 587
10.05 591
10.0667 594
10.0833 597
10.1 600
10.1167 603
10.1333 606
10.15 609
10.1667 612
10.1833 616
10.2 619
10.2167 622
10.2333 625
10.25 628
10.2667 631
10.2833 634
10.3 637
10.3167 640
10.3333 643
10.35 645
10.3667 648
10.3833 651
10.4 654
10.4167 657
10.4333 660
10.45 663
10.4667 666
10.4833 668
10.5 671
10.5167 674
10.5333 677
10.55 679
10.5667 682
10.5833 685
10.6 688
10.6167 690
10.6333 693
10.65 695
10.6667 698
10.6833 701
10.7 703
10.7167 706
10.7333 708
10.75 711
10.7667 713
10.7833 716
10.8 718
10.8167 721
10.8333 723
10.85 726
10.8667 728
10.8833 731
10.9 733
10.9167 735
10.9333 738
10.95 740
10.9667 742
10.9833 745
11.0 747
11.0167 749
11.0333 751
11.05 754
11.0667 756
11.0833 758
11.1 760
11.1167 762
11.1333 765
11.15 767
11.1667 769
11.1833 771
11.2 773
11.2167 775
11.2333 777
11.25 779
11.2667 781
11.2833 783
11.3 785
11.3167 787
11.3333 789
11.35 791
11.3667 793
11.3833 794
11.4 796
11.4167 798
11.4333 800
11.45 802
11.4667 803
11.4833 805
11.5 807
11.5167 809
11.5333 810
11.55 812
11.5667 814
11.5833 815
11.6 817
11.6167 818
11.6333 820
11.65 821
11.6667 823
11.6833 825
11.7 826
11.7167 828
11.7333 829
11.75 830
11.7667 832
11.7833 833
11.8 835
11.8167 836
11.8333 837
11.85 839
11.8667 840
11.8833 841
11.9 842
11.9167 844
11.9333 845
11.95 846
11.9667 847
11.9833 848
12.0 849
12.0167 851
12.0333 852
12.05 853
12.0667 854
12.0833 855
12.1 856
12.1167 857
12.1333 858
12.15 859
12.1667 860
12.1833 861
12.2 861
12.2167 862
12.2333 863
12.25 864
12.2667 865
12.2833 866
12.3 866
12.3167 867
12.3333 868
12.35 869
12.3667 869
12.3833 870
12.4 871
12.4167 871
12.4333 872
12.45 872
12.4667 873
12.4833 873
12.5 874
12.5167 874
12.5333 875
12.55 875
12.5667 876
12.5833 876
12.6 877
12.6167 877
12.6333 877
12.65 878
12.6667 878
12.6833 878
12.7 878
12.7167 879
12.7333 879
12.75 879
12.7667 879
12.7833 880
12.8 880
12.8167 880
12.8333 880
12.85 880
12.8667 880
12.8833 880
12.9 880
12.9167 880
12.9333 880
12.95 880
12.9667 880
12.9833 880
13.0 880
13.0167 880
13.0333 879
13.05 879
13.0667 879
13.0833 879
13.1 879
13.1167 878
13.1333 878
13.15 878
13.1667 878
13.1833 877
13.2 877
13.2167 876
13.2333 876
13.25 876
13.2667 875
13.2833 875
13.3 874
13.3167 874
13.3333 873
13.35 873
13.3667 872
13.3833 871
13.4 871
13.4167 870
13.4333 870
13.45 869
13.4667 868
13.4833 868
13.5 867
13.5167 866
13.5333 865
13.55 864
13.5667 864
13.5833 863
13.6 862
13.6167 861
13.6333 860
13.65 859
13.6667 858
13.6833 857
13.7 856
13.7167 855
13.7333 854
13.75 853
13.7667 852
13.7833 851
13.8 850
13.8167 849
13.8333 848
13.85 847
13.8667 846
13.8833 844
13.9 843
13.9167 842
13.9333 841
13.95 839
13.9667 838
13.9833 837
14.0 835
14.0167 834
14.0333 833
14.05 831
14.0667 830
14.0833 828
14.1 827
14.1167 825
14.1333 824
14.15 822
14.1667 821
14.1833 819
14.2 818
14.2167 816
14.2333 815
14.25 813
14.2667 811
14.2833 810
14.3 808
14.3167 806
14.3333 804
14.35 803
14.3667 801
14.3833 799
14.4 797
14.4167 796
14.4333 794
14.45 792
14.4667 790
14.4833 788
14.5 786
14.5167 784
14.5333 782
14.55 780
14.5667 778
14.5833 776
14.6 774
14.6167 772
14.6333 770
14.65 768
14.6667 766
14.6833 764
14.7 762
14.7167 759
14.7333 757
14.75 755
14.7667 753
14.7833 751
14.8 748
14.8167 746
14.8333 744
14.85 742
14.8667 739
14.8833 737
14.9 734
14.9167 732
14.9333 730
14.95 727
14.9667 725
14.9833 722
15.0 721
15.0167 718
15.0333 716
15.05 713
15.0667 711
15.0833 708
15.1 706
15.1167 703
15.1333 701
15.15 698
15.1667 695
15.1833 693
15.2 690
15.2167 687
15.2333 685
15.25 682
15.2667 679
15.2833 676
15.3 674
15.3167 671
15.3333 668
15.35 665
15.3667 662
15.3833 660
15.4 657
15.4167 654
15.4333 651
15.45 648
15.4667 645
15.4833 642
15.5 639
15.5167 636
15.5333 633
15.55 630
15.5667 627
15.5833 624
15.6 621
15.6167 618
15.6333 615
15.65 612
15.6667 609
15.6833 606
15.7 603
15.7167 600
15.7333 596
15.75 593
15.7667 590
15.7833 587
15.8 584
15.8167 580
15.8333 577
15.85 574
15.8667 571
15.8833 567
15.9 564
15.9167 561
15.9333 558
15.95 554
15.9667 551
15.9833 548
16.0 544
16.0167 541
16.0333 537
16.05 534
16.0667 531
16.0833 527
16.1 524
16.1167 520
16.1333 517
16.15 513
16.1667 510
16.1833 506
16.2 503
16.2167 499
16.2333 496
16.25 492
16.2667 489
16.2833 485
16.3 482
16.3167 478
16.3333 474
16.35 471
16.3667 467
16.3833 464
16.4 460
16.4167 456
16.4333 453
16.45 449
16.4667 445
16.4833 442
16.5 438
16.5167 434
16.5333 431
16.55 427
16.5667 423
16.5833 419
16.6 416
16.6167 412
16.6333 408
16.65 404
16.6667 401
16.6833 397
16.7 393
16.7167 389
16.7333 385
16.75 382
16.7667 378
16.7833 374
16.8 370
16.8167 366
16.8333 363
16.85 359
16.8667 355
16.8833 351
16.9 347
16.9167 343
16.9333 339
16.95 336
16.9667 332
16.9833 328
