8.0 77
8.0167 80
8.0333 83
8.05 86
8.0667 89
8.0833 92
8.1 95
8.1167 99
8.1333 102
8.15 105
8.1667 108
8.1833 111
8.2 115
8.2167 117
8.2333 121
8.25 124
8.2667 127
8.2833 131
8.3 134
8.3167 138
8.3333 141
8.35 144
8.3667 148
8.3833 151
8.4 155
8.4167 158
8.4333 162
8.45 165
8.4667 169
8.4833 172
8.5 176
8.5167 179
8.5333 183
8.55 186
8.5667 190
8.5833 193
8.6 197
8.6167 200
8.6333 204
8.65 208
8.6667 211
8.6833 215
8.7 218
8.7167 222
8.7333 226
8.75 229
8.7667 233
8.7833 236
8.8 240
8.8167 244
8.8333 247
8.85 251
8.8667 254
8.8833 258
8.9 262
8.9167 265
8.9333 269
8.95 272
8.9667 276
8.9833 280
9.0 283
9.0167 288
9.0333 291
9.05 295
9.0667 298
9.0833 302
9.1 305
9.1167 309
9.1333 313
9.15 316
9.1667 320
9.1833 323
9.2 327
9.2167 330
9.2333 334
9.25 338
9.2667 341
9.2833 345
9.3 348
9.3167 352
9.3333 355
9.35 359
9.3667 362
9.3833 366
9.4 369
9.4167 373
9.4333 376
9.45 380
9.4667 383
9.4833 386
9.5 390
9.5167 393
9.5333 397
9.55 400
9.5667 404
9.5833 407
9.6 410
9.6167 414
9.6333 417
9.65 420
9.6667 424
9.6833 427
9.7 430
9.7167 434
9.7333 437
9.75 440
9.7667 444
9.7833 447
9.8 450
9.8167 453
9.8333 457
9.85 460
9.8667 463
9.8833 466
9.9 469
9.9167 473
9.9333 476
9.95 479
9.9667 482
9.9833 485
10.0 488
10.0167 492
10.0333 495
10.05 498
10.0667 501
10.0833 504
10.1 507
10.1167 510
10.1333 513
10.15 516
10.1667 519
10.1833 522
10.2 525
10.2167 528
10.2333 531
10.25 534
10.2667 537
10.2833 540
10.3 542
10.3167 545
10.3333 548
10.35 551
10.3667 554
10.3833 557
10.4 560
10.4167 562
10.4333 565
10.45 568
10.4667 571
10.4833 573
10.5 576
10.5167 579
10.5333 581
10.55 584
10.5667 587
10.5833 589
10.6 592
10.6167 595
10.6333 597
10.65 600
10.6667 602
10.6833 605
10.7 607
10.7167 610
10.7333 612
10.75 615
10.7667 617
10.7833 620
10.8 622
10.8167 625
10.8333 627
10.85 629
10.8667 632
10.8833 634
10.9 636
10.9167 639
10.9333 641
10.95 643
10.9667 646
10.9833 648
11.0 650
11.0167 652
11.0333 655
11.05 657
11.0667 659
11.0833 661
11.1 663
11.1167 665
11.1333 667
11.15 669
11.1667 671
11.1833 674
11.2 676
11.2167 678
11.2333 680
11.25 682
11.2667 683
11.2833 685
11.3 687
11.3167 689
11.3333 691
11.35 693
11.3667 695
11.3833 697
11.4 698
11.4167 700
11.4333 702
11.45 704
11.4667 705
11.4833 707
11.5 709
11.5167 711
11.5333 712
11.55 714
11.5667 715
11.5833 717
11.6 719
11.6167 720
11.6333 722
11.65 723
11.6667 725
11.6833 726
11.7 728
11.7167 729
11.7333 731
11.75 732
11.7667 733
11.7833 735
11.8 736
11.8167 738
11.8333 739
11.85 740
11.8667 741
11.8833 743
11.9 744
11.9167 745
11.9333 746
11.95 748
11.9667 749
11.9833 750
12.0 751
12.0167 752
12.0333 753
12.05 754
12.0667 755
12.0833 756
12.1 757
12.1167 758
12.1333 759
12.15 760
12.1667 761
12.1833 762
12.2 763
12.2167 764
12.2333 765
12.25 765
12.2667 766
12.2833 767
12.3 768
12.3167 769
12.3333 769
12.35 770
12.3667 771
12.3833 771
12.4 772
12.4167 773
12.4333 773
12.45 774
12.4667 774
12.4833 775
12.5 775
12.5167 776
12.5333 776
12.55 777
12.5667 777
12.5833 778
12.6 778
12.6167 779
12.6333 779
12.65 779
12.6667 780
12.6833 780
12.7 780
12.7167 780
12.7333 781
12.75 781
12.7667 781
12.7833 781
12.8 781
12.8167 782
12.8333 782
12.85 782
12.8667 782
12.8833 782
12.9 782
12.9167 782
12.9333 782
12.95 782
12.9667 782
12.9833 782
13.0 782
13.0167 782
13.0333 782
13.05 781
13.0667 781
13.0833 781
13.1 781
13.1167 781
13.1333 780
13.15 780
13.1667 780
13.1833 780
13.2 779
13.2167 779
13.2333 779
13.25 778
13.2667 778
13.2833 777
13.3 777
13.3167 776
13.3333 776
13.35 775
13.3667 775
13.3833 774
13.4 774
13.4167 773
13.4333 773
13.45 772
13.4667 771
13.4833 771
13.5 770
13.5167 769
13.5333 768
13.55 768
13.5667 767
13.5833 766
13.6 765
13.6167 764
13.6333 764
13.65 763
13.6667 762
13.6833 761
13.7 760
13.7167 759
13.7333 758
13.75 757
13.7667 756
13.7833 755
13.8 754
13.8167 753
13.8333 752
13.85 751
13.8667 750
13.8833 749
13.9 747
13.9167 746
13.9333 745
13.95 744
13.9667 742
13.9833 741
14.0 740
14.0167 739
14.0333 737
14.05 736
14.0667 735
14.0833 733
14.1 732
14.1167 730
14.1333 729
14.15 728
14.1667 726
14.1833 725
14.2 723
14.2167 722
14.2333 720
14.25 718
14.2667 717
14.2833 715
14.3 714
14.3167 712
14.3333 710
14.35 709
14.3667 707
14.3833 705
14.4 703
14.4167 702
14.4333 700
14.45 698
14.4667 696
14.4833 695
14.5 693
14.5167 691
14.5333 689
14.55 687
14.5667 685
14.5833 683
14.6 681
14.6167 679
14.6333 677
14.65 675
14.6667 673
14.6833 671
14.7 669
14.7167 667
14.7333 665
14.75 663
14.7667 661
14.7833 659
14.8 656
14.8167 654
14.8333 652
14.85 650
14.8667 648
14.8833 645
14.9 643
14.9167 641
14.9333 638
14.95 636
14.9667 634
14.9833 631
15.0 630
15.0167 628
15.0333 625
15.05 623
15.0667 620
15.0833 618
15.1 616
15.1167 613
15.1333 611
15.15 608
15.1667 605
15.1833 603
15.2 600
15.2167 598
15.2333 595
15.25 593
15.2667 590
15.2833 587
15.3 585
15.3167 582
15.3333 579
15.35 577
15.3667 574
15.3833 571
15.4 568
15.4167 566
15.4333 563
15.45 560
15.4667 557
15.4833 554
15.5 552
15.5167 549
15.5333 546
15.55 543
15.5667 540
15.5833 537
15.6 534
15.6167 531
15.6333 528
15.65 525
15.6667 522
15.6833 520
15.7 517
15.7167 513
15.7333 510
15.75 507
15.7667 504
15.7833 501
15.8 498
15.8167 495
15.8333 492
15.85 489
15.8667 486
15.8833 483
15.9 479
15.9167 476
15.9333 473
15.95 470
15.9667 467
15.9833 464
16.0 460
16.0167 457
16.0333 454
16.05 451
16.0667 447
16.0833 444
16.1 441
16.1167 437
16.1333 434
16.15 431
16.1667 428
16.1833 424
16.2 421
16.2167 417
16.2333 414
16.25 411
16.2667 407
16.2833 404
16.3 401
16.3167 397
16.3333 394
16.35 390
16.3667 387
16.3833 383
16.4 380
16.4167 376
16.4333 373
16.45 370
16.4667 366
16.4833 363
16.5 359
16.5167 356
16.5333 352
16.55 348
16.5667 345
16.5833 341
16.6 338
16.6167 334
16.6333 331
16.65 327
16.6667 324
16.6833 320
16.7 317
16.7167 313
16.7333 309
16.75 306
16.7667 302
16.7833 299
16.8 295
16.8167 291
16.8333 288
16.85 284
16.8667 281
16.8833 277
16.9 273
16.9167 270
16.9333 266
16.95 263
16.9667 259
16.9833 255
