8.0 116
8.0167 119
8.0333 123
8.05 126
8.0667 130
8.0833 133
8.1 137
8.1167 140
8.1333 144
8.15 148
8.1667 151
8.1833 155
8.2 159
8.2167 162
8.2333 166
8.25 170
8.2667 173
8.2833 177
8.3 181
8.3167 185
8.3333 188
8.35 192
8.3667 196
8.3833 200
8.4 203
8.4167 207
8.4333 211
8.45 215
8.4667 219
8.4833 223
8.5 226
8.5167 230
8.5333 234
8.55 238
8.5667 242
8.5833 245
8.6 249
8.6167 253
8.6333 257
8.65 261
8.6667 265
8.6833 268
8.7 272
8.7167 276
8.7333 280
8.75 284
8.7667 288
8.7833 291
8.8 295
8.8167 299
8.8333 303
8.85 307
8.8667 311
8.8833 314
8.9 318
8.9167 322
8.9333 326
8.95 330
8.9667 333
8.9833 337
9.0 341
9.0167 346
9.0333 350
9.05 353
9.0667 357
9.0833 361
9.1 365
9.1167 368
9.1333 372
9.15 376
9.1667 380
9.1833 383
9.2 387
9.2167 391
9.2333 395
9.25 398
9.2667 402
9.2833 406
9.3 409
9.3167 413
9.3333 417
9.35 420
9.3667 424
9.3833 427
9.4 431
9.4167 435
9.4333 438
9.45 442
9.4667 446
9.4833 449
9.5 453
9.5167 456
9.5333 460
9.55 463
9.5667 467
9.5833 470
9.6 474
9.6167 477
9.6333 481
9.65 484
9.6667 488
9.6833 491
9.7 495
9.7167 498
9.7333 501
9.75 505
9.7667 508
9.7833 512
9.8 515
9.8167 518
9.8333 522
9.85 525
9.8667 528
9.8833 532
9.9 535
9.9167 538
9.9333 541
9.95 545
9.9667 548
9.9833 551
10.0 554
10.0167 558
10.0333 561
10.05 564
10.0667 567
10.0833 570
10.1 573
10.1167 577
10.1333 580
10.15 583
10.1667 586
10.1833 589
10.2 592
10.2167 595
10.2333 598
10.25 601
10.2667 604
10.2833 607
10.3 610
10.3167 613
10.3333 616
10.35 619
10.3667 622
10.3833 625
10.4 627
10.4167 630
10.4333 633
10.45 636
10.4667 639
10.4833 642
10.5 644
10.5167 647
10.5333 650
10.55 653
10.5667 655
10.5833 658
10.6 661
10.6167 663
10.6333 666
10.65 669
10.6667 671
10.6833 674
10.7 676
10.7167 679
10.7333 682
10.75 684
10.7667 687
10.7833 689
10.8 692
10.8167 694
10.8333 697
10.85 699
10.8667 701
10.8833 704
10.9 706
10.9167 709
10.9333 711
10.95 713
10.9667 716
10.9833 718
11.0 720
11.0167 722
11.0333 725
11.05 727
11.0667 729
11.0833 731
11.1 733
11.1167 736
11.1333 738
11.15 740
11.1667 742
11.1833 744
11.2 746
11.2167 748
11.2333 750
11.25 752
11.2667 754
11.2833 756
11.3 758
11.3167 760
11.3333 762
11.35 764
11.3667 766
11.3833 768
11.4 769
11.4167 771
11.4333 773
11.45 775
11.4667 777
11.4833 778
11.5 780
11.5167 782
11.5333 783
11.55 785
11.5667 787
11.5833 788
11.6 790
11.6167 792
11.6333 793
11.65 795
11.6667 796
11.6833 798
11.7 799
11.7167 801
11.7333 802
11.75 804
11.7667 805
11.7833 807
11.8 808
11.8167 809
11.8333 811
11.85 812
11.8667 813
11.8833 814
11.9 816
11.9167 817
11.9333 818
11.95 819
11.9667 821
11.9833 822
12.0 823
12.0167 824
12.0333 825
12.05 826
12.0667 827
12.0833 828
12.1 829
12.1167 830
12.1333 831
12.15 832
12.1667 833
12.1833 834
12.2 835
12.2167 836
12.2333 837
12.25 838
12.2667 838
12.2833 839
12.3 840
12.3167 841
12.3333 841
12.35 842
12.3667 843
12.3833 844
12.4 844
12.4167 845
12.4333 845
12.45 846
12.4667 847
12.4833 847
12.5 848
12.5167 848
12.5333 849
12.55 849
12.5667 850
12.5833 850
12.6 850
12.6167 851
12.6333 851
12.65 852
12.6667 852
12.6833 852
12.7 852
12.7167 853
12.7333 853
12.75 853
12.7667 853
12.7833 854
12.8 854
12.8167 854
12.8333 854
12.85 854
12.8667 854
12.8833 854
12.9 854
12.9167 854
12.9333 854
12.95 854
12.9667 854
12.9833 854
13.0 854
13.0167 854
13.0333 854
13.05 854
13.0667 853
13.0833 853
13.1 853
13.1167 853
13.1333 853
13.15 852
13.1667 852
13.1833 852
13.2 851
13.2167 851
13.2333 851
13.25 850
13.2667 850
13.2833 849
13.3 849
13.3167 848
13.3333 848
13.35 847
13.3667 847
13.3833 846
13.4 846
13.4167 845
13.4333 844
13.45 844
13.4667 843
13.4833 842
13.5 842
13.5167 841
13.5333 840
13.55 839
13.5667 839
13.5833 838
13.6 837
13.6167 836
13.6333 835
13.65 834
13.6667 833
13.6833 832
13.7 831
13.7167 831
13.7333 830
13.75 829
13.7667 827
13.7833 826
13.8 825
13.8167 824
13.8333 823
13.85 822
13.8667 821
13.8833 820
13.9 818
13.9167 817
13.9333 816
13.95 815
13.9667 813
13.9833 812
14.0 811
14.0167 810
14.0333 808
14.05 807
14.0667 805
14.0833 804
14.1 803
14.1167 801
14.1333 800
14.15 798
14.1667 797
14.1833 795
14.2 794
14.2167 792
14.2333 790
14.25 789
14.2667 787
14.2833 785
14.3 784
14.3167 782
14.3333 780
14.35 779
14.3667 777
14.3833 775
14.4 773
14.4167 772
14.4333 770
14.45 768
14.4667 766
14.4833 764
14.5 762
14.5167 760
14.5333 758
14.55 757
14.5667 755
14.5833 753
14.6 751
14.6167 749
14.6333 747
14.65 744
14.6667 742
14.6833 740
14.7 738
14.7167 736
14.7333 734
14.75 732
14.7667 730
14.7833 727
14.8 725
14.8167 723
14.8333 721
14.85 718
14.8667 716
14.8833 714
14.9 711
14.9167 709
14.9333 707
14.95 704
14.9667 702
14.9833 699
15.0 698
15.0167 696
15.0333 693
15.05 691
15.0667 688
15.0833 686
15.1 683
15.1167 680
15.1333 678
15.15 675
15.1667 673
15.1833 670
15.2 667
15.2167 665
15.2333 662
15.25 659
15.2667 657
15.2833 654
15.3 651
15.3167 649
15.3333 646
15.35 643
15.3667 640
15.3833 637
15.4 635
15.4167 632
15.4333 629
15.45 626
15.4667 623
15.4833 620
15.5 617
15.5167 614
15.5333 611
15.55 609
15.5667 606
15.5833 603
15.6 600
15.6167 597
15.6333 593
15.65 590
15.6667 587
15.6833 584
15.7 581
15.7167 578
15.7333 575
15.75 572
15.7667 569
15.7833 566
15.8 562
15.8167 559
15.8333 556
15.85 553
15.8667 550
15.8833 546
15.9 543
15.9167 540
15.9333 537
15.95 533
15.9667 530
15.9833 527
16.0 523
16.0167 520
16.0333 517
16.05 513
16.0667 510
16.0833 506
16.1 503
16.1167 500
16.1333 496
16.15 493
16.1667 489
16.1833 486
16.2 482
16.2167 479
16.2333 475
16.25 472
16.2667 468
16.2833 465
16.3 461
16.3167 458
16.3333 454
16.35 451
16.3667 447
16.3833 444
16.4 440
16.4167 436
16.4333 433
16.45 429
16.4667 425
16.4833 422
16.5 418
16.5167 414
16.5333 411
16.55 407
16.5667 403
16.5833 400
16.6 396
16.6167 392
16.6333 389
16.65 385
16.6667 381
16.6833 378
16.7 374
16.7167 370
16.7333 366
16.75 363
16.7667 359
16.7833 355
16.8 351
16.8167 347
16.8333 344
16.85 340
16.8667 336
16.8833 332
16.9 328
16.9167 325
16.9333 321
16.95 317
16.9667 313
16.9833 309
