8.0 113
8.0167 117
8.0333 120
8.05 124
8.0667 127
8.0833 130
8.1 134
8.1167 138
8.1333 141
8.15 145
8.1667 148
8.1833 152
8.2 156
8.2167 159
8.2333 163
8.25 167
8.2667 170
8.2833 174
8.3 178
8.3167 182
8.3333 185
8.35 189
8.3667 193
8.3833 197
8.4 200
8.4167 204
8.4333 208
8.45 212
8.4667 216
8.4833 219
8.5 223
8.5167 227
8.5333 231
8.55 235
8.5667 239
8.5833 242
8.6 246
8.6167 250
8.6333 254
8.65 258
8.6667 261
8.6833 265
8.7 269
8.7167 273
8.7333 277
8.75 281
8.7667 284
8.7833 288
8.8 292
8.8167 296
8.8333 300
8.85 304
8.8667 307
8.8833 311
8.9 315
8.9167 319
8.9333 323
8.95 326
8.9667 330
8.9833 334
9.0 338
9.0167 342
9.0333 346
9.05 350
9.0667 354
9.0833 358
9.1 361
9.1167 365
9.1333 369
9.15 373
9.1667 376
9.1833 380
9.2 384
9.2167 387
9.2333 391
9.25 395
9.2667 398
9.2833 402
9.3 406
9.3167 409
9.3333 413
9.35 417
9.3667 420
9.3833 424
9.4 428
9.4167 431
9.4333 435
9.45 438
9.4667 442
9.4833 446
9.5 449
9.5167 453
9.5333 456
9.55 460
9.5667 463
9.5833 467
9.6 470
9.6167 474
9.6333 477
9.65 481
9.6667 484
9.6833 488
9.7 491
9.7167 495
9.7333 498
9.75 501
9.7667 505
9.7833 508
9.8 511
9.8167 515
9.8333 518
9.85 521
9.8667 525
9.8833 528
9.9 531
9.9167 535
9.9333 538
9.95 541
9.9667 544
9.9833 548
10.0 551
10.0167 554
10.0333 557
10.05 560
10.0667 564
10.0833 567
10.1 570
10.1167 573
10.1333 576
10.15 579
10.1667 582
10.1833 585
10.2 588
10.2167 591
10.2333 594
10.25 597
10.2667 600
10.2833 603
10.3 606
10.3167 609
10.3333 612
10.35 615
10.3667 618
10.3833 621
10.4 624
10.4167 627
10.4333 629
10.45 632
10.4667 635
10.4833 638
10.5 641
10.5167 643
10.5333 646
10.55 649
10.5667 652
10.5833 654
10.6 657
10.6167 660
10.6333 662
10.65 665
10.6667 668
10.6833 670
10.7 673
10.7167 675
10.7333 678
10.75 680
10.7667 683
10.7833 685
10.8 688
10.8167 690
10.8333 693
10.85 695
10.8667 698
10.8833 700
10.9 703
10.9167 705
10.9333 707
10.95 710
10.9667 712
10.9833 714
11.0 716
11.0167 719
11.0333 721
11.05 723
11.0667 725
11.0833 728
11.1 730
11.1167 732
11.1333 734
11.15 736
11.1667 738
11.1833 740
11.2 742
11.2167 744
11.2333 747
11.25 749
11.2667 751
11.2833 752
11.3 754
11.3167 756
11.3333 758
11.35 760
11.3667 762
11.3833 764
11.4 766
11.4167 768
11.4333 769
11.45 771
11.4667 773
11.4833 775
11.5 776
11.5167 778
11.5333 780
11.55 782
11.5667 783
11.5833 785
11.6 786
11.6167 788
11.6333 790
11.65 791
11.6667 793
11.6833 794
11.7 796
11.7167 797
11.7333 799
11.75 800
11.7667 801
11.7833 803
11.8 804
11.8167 806
11.8333 807
11.85 808
11.8667 810
11.8833 811
11.9 812
11.9167 813
11.9333 815
11.95 816
11.9667 817
11.9833 818
12.0 819
12.0167 820
12.0333 821
12.05 823
12.0667 824
12.0833 825
12.1 826
12.1167 827
12.1333 828
12.15 829
12.1667 830
12.1833 830
12.2 831
12.2167 832
12.2333 833
12.25 834
12.2667 835
12.2833 836
12.3 836
12.3167 837
12.3333 838
12.35 839
12.3667 839
12.3833 840
12.4 841
12.4167 841
12.4333 842
12.45 842
12.4667 843
12.4833 844
12.5 844
12.5167 845
12.5333 845
12.55 846
12.5667 846
12.5833 846
12.6 847
12.6167 847
12.6333 848
12.65 848
12.6667 848
12.6833 849
12.7 849
12.7167 849
12.7333 849
12.75 850
12.7667 850
12.7833 850
12.8 850
12.8167 850
12.8333 850
12.85 851
12.8667 851
12.8833 851
12.9 851
12.9167 851
12.9333 851
12.95 851
12.9667 851
12.9833 851
13.0 850
13.0167 850
13.0333 850
13.05 850
13.0667 850
13.0833 850
13.1 849
13.1167 849
13.1333 849
13.15 849
13.1667 848
13.1833 848
13.2 848
13.2167 847
13.2333 847
13.25 847
13.2667 846
13.2833 846
13.3 845
13.3167 845
13.3333 844
13.35 844
13.3667 843
13.3833 843
13.4 842
13.4167 841
13.4333 841
13.45 840
13.4667 840
13.4833 839
13.5 838
13.5167 837
13.5333 837
13.55 836
13.5667 835
13.5833 834
13.6 833
13.6167 833
13.6333 832
13.65 831
13.6667 830
13.6833 829
13.7 828
13.7167 827
13.7333 826
13.75 825
13.7667 824
13.7833 823
13.8 822
13.8167 821
13.8333 820
13.85 819
13.8667 817
13.8833 816
13.9 815
13.9167 814
13.9333 813
13.95 811
13.9667 810
13.9833 809
14.0 807
14.0167 806
14.0333 805
14.05 803
14.0667 802
14.0833 801
14.1 799
14.1167 798
14.1333 796
14.15 795
14.1667 793
14.1833 792
14.2 790
14.2167 789
14.2333 787
14.25 785
14.2667 784
14.2833 782
14.3 780
14.3167 779
14.3333 777
14.35 775
14.3667 774
14.3833 772
14.4 770
14.4167 768
14.4333 767
14.45 765
14.4667 763
14.4833 761
14.5 759
14.5167 757
14.5333 755
14.55 753
14.5667 751
14.5833 749
14.6 747
14.6167 745
14.6333 743
14.65 741
14.6667 739
14.6833 737
14.7 735
14.7167 733
14.7333 731
14.75 728
14.7667 726
14.7833 724
14.8 722
14.8167 720
14.8333 717
14.85 715
14.8667 713
14.8833 711
14.9 708
14.9167 706
14.9333 704
14.95 701
14.9667 699
14.9833 696
15.0 695
15.0167 692
15.0333 690
15.05 687
15.0667 685
15.0833 682
15.1 680
15.1167 677
15.1333 675
15.15 672
15.1667 670
15.1833 667
15.2 664
15.2167 662
15.2333 659
15.25 656
15.2667 654
15.2833 651
15.3 648
15.3167 646
15.3333 643
15.35 640
15.3667 637
15.3833 634
15.4 632
15.4167 629
15.4333 626
15.45 623
15.4667 620
15.4833 617
15.5 614
15.5167 611
15.5333 608
15.55 606
15.5667 603
15.5833 600
15.6 597
15.6167 594
15.6333 591
15.65 587
15.6667 584
15.6833 581
15.7 578
15.7167 575
15.7333 572
15.75 569
15.7667 566
15.7833 563
15.8 559
15.8167 556
15.8333 553
15.85 550
15.8667 547
15.8833 543
15.9 540
15.9167 537
15.9333 534
15.95 530
15.9667 527
15.9833 524
16.0 520
16.0167 517
16.0333 514
16.05 510
16.0667 507
16.0833 504
16.1 500
16.1167 497
16.1333 493
16.15 490
16.1667 486
16.1833 483
16.2 480
16.2167 476
16.2333 473
16.25 469
16.2667 466
16.2833 462
16.3 459
16.3167 455
16.3333 451
16.35 448
16.3667 444
16.3833 441
16.4 437
16.4167 434
16.4333 430
16.45 426
16.4667 423
16.4833 419
16.5 415
16.5167 412
16.5333 408
16.55 404
16.5667 401
16.5833 397
16.6 393
16.6167 390
16.6333 386
16.65 382
16.6667 379
16.6833 375
16.7 371
16.7167 367
16.7333 364
16.75 360
16.7667 356
16.7833 352
16.8 349
16.8167 345
16.8333 341
16.85 337
16.8667 333
16.8833 330
16.9 326
16.9167 322
16.9333 318
16.95 314
16.9667 311
16.9833 307
