8.0 148
8.0167 152
8.0333 155
8.05 159
8.0667 163
8.0833 167
8.1 171
8.1167 175
8.1333 178
8.15 182
8.1667 186
8.1833 190
8.2 194
8.2167 198
8.2333 202
8.25 206
8.2667 210
8.2833 214
8.3 218
8.3167 222
8.3333 226
8.35 229
8.3667 233
8.3833 237
8.4 241
8.4167 245
8.4333 249
8.45 253
8.4667 257
8.4833 261
8.5 265
8.5167 269
8.5333 273
8.55 277
8.5667 281
8.5833 285
8.6 289
8.6167 293
8.6333 297
8.65 301
8.6667 305
8.6833 309
8.7 313
8.7167 317
8.7333 321
8.75 325
8.7667 329
8.7833 333
8.8 337
8.8167 341
8.8333 344
8.85 348
8.8667 352
8.8833 356
8.9 360
8.9167 364
8.9333 368
8.95 372
8.9667 376
8.9833 380
9.0 383
9.0167 388
9.0333 392
9.05 396
9.0667 400
9.0833 404
9.1 408
9.1167 412
9.1333 415
9.15 419
9.1667 423
9.1833 427
9.2 431
9.2167 434
9.2333 438
9.25 442
9.2667 446
9.2833 449
9.3 453
9.3167 457
9.3333 461
9.35 464
9.3667 468
9.3833 472
9.4 475
9.4167 479
9.4333 483
9.45 486
9.4667 490
9.4833 494
9.5 497
9.5167 501
9.5333 504
9.55 508
9.5667 512
9.5833 515
9.6 519
9.6167 522
9.6333 526
9.65 529
9.6667 533
9.6833 536
9.7 540
9.7167 543
9.7333 547
9.75 550
9.7667 553
9.7833 557
9.8 560
9.8167 564
9.8333 567
9.85 570
9.8667 574
9.8833 577
9.9 580
9.9167 584
9.9333 587
9.95 590
9.9667 594
9.9833 597
10.0 600
10.0167 603
10.0333 607
10.05 610
10.0667 613
10.0833 616
10.1 619
10.1167 622
10.1333 626
10.15 629
10.1667 632
10.1833 635
10.2 638
10.2167 641
10.2333 644
10.25 647
10.2667 650
10.2833 653
10.3 656
10.3167 659
10.3333 662
10.35 665
10.3667 668
10.3833 671
10.4 674
10.4167 677
10.4333 679
10.45 682
10.4667 685
10.4833 688
10.5 691
10.5167 694
10.5333 696
10.55 699
10.5667 702
10.5833 704
10.6 707
10.6167 710
10.6333 713
10.65 715
10.6667 718
10.6833 720
10.7 723
10.7167 726
10.7333 728
10.75 731
10.7667 733
10.7833 736
10.8 738
10.8167 741
10.8333 743
10.85 746
10.8667 748
10.8833 751
10.9 753
10.9167 755
10.9333 758
10.95 760
10.9667 762
10.9833 765
11.0 767
11.0167 769
11.0333 771
11.05 774
11.0667 776
11.0833 778
11.1 780
11.1167 782
11.1333 785
11.15 787
11.1667 789
11.1833 791
11.2 793
11.2167 795
11.2333 797
11.25 799
11.2667 801
11.2833 803
11.3 805
11.3167 807
11.3333 809
11.35 811
11.3667 813
11.3833 814
11.4 816
11.4167 818
11.4333 820
11.45 822
11.4667 823
11.4833 825
11.5 827
11.5167 829
11.5333 830
11.55 832
11.5667 834
11.5833 835
11.6 837
11.6167 838
11.6333 840
11.65 842
11.6667 843
11.6833 845
11.7 846
11.7167 848
11.7333 849
11.75 850
11.7667 852
11.7833 853
11.8 855
11.8167 856
11.8333 857
11.85 859
11.8667 860
11.8833 861
11.9 862
11.9167 864
11.9333 865
11.95 866
11.9667 867
11.9833 868
12.0 870
12.0167 871
12.0333 872
12.05 873
12.0667 874
12.0833 875
12.1 876
12.1167 877
12.1333 878
12.15 879
12.1667 880
12.1833 881
12.2 882
12.2167 882
12.2333 883
12.25 884
12.2667 885
12.2833 886
12.3 886
12.3167 887
12.3333 888
12.35 889
12.3667 889
12.3833 890
12.4 891
12.4167 891
12.4333 892
12.45 892
12.4667 893
12.4833 893
12.5 894
12.5167 894
12.5333 895
12.55 895
12.5667 896
12.5833 896
12.6 897
12.6167 897
12.6333 897
12.65 898
12.6667 898
12.6833 898
12.7 899
12.7167 899
12.7333 899
12.75 899
12.7667 899
12.7833 900
12.8 900
12.8167 900
12.8333 900
12.85 900
12.8667 900
12.8833 900
12.9 900
12.9167 900
12.9333 900
12.95 900
12.9667 900
12.9833 900
13.0 900
13.0167 900
13.0333 899
13.05 899
13.0667 899
13.0833 899
13.1 899
13.1167 898
13.1333 898
13.15 898
13.1667 897
13.1833 897
13.2 897
13.2167 896
13.2333 896
13.25 896
13.2667 895
13.2833 895
13.3 894
13.3167 894
13.3333 893
13.35 893
13.3667 892
13.3833 891
13.4 891
13.4167 890
13.4333 889
13.45 889
13.4667 888
13.4833 887
13.5 887
13.5167 886
13.5333 885
13.55 884
13.5667 883
13.5833 883
13.6 882
13.6167 881
13.6333 880
13.65 879
13.6667 878
13.6833 877
13.7 876
13.7167 875
13.7333 874
13.75 873
13.7667 872
13.7833 871
13.8 870
13.8167 869
13.8333 868
13.85 866
13.8667 865
13.8833 864
13.9 863
13.9167 862
13.9333 860
13.95 859
13.9667 858
13.9833 856
14.0 855
14.0167 854
14.0333 852
14.05 851
14.0667 849
14.0833 848
14.1 846
14.1167 845
14.1333 843
14.15 842
14.1667 840
14.1833 839
14.2 837
14.2167 836
14.2333 834
14.25 832
14.2667 831
14.2833 829
14.3 827
14.3167 826
14.3333 824
14.35 822
14.3667 820
14.3833 819
14.4 817
14.4167 815
14.4333 813
14.45 811
14.4667 809
14.4833 807
14.5 805
14.5167 803
14.5333 802
14.55 800
14.5667 798
14.5833 795
14.6 793
14.6167 791
14.6333 789
14.65 787
14.6667 785
14.6833 783
14.7 781
14.7167 779
14.7333 776
14.75 774
14.7667 772
14.7833 770
14.8 767
14.8167 765
14.8333 763
14.85 761
14.8667 758
14.8833 756
14.9 754
14.9167 751
14.9333 749
14.95 746
14.9667 744
14.9833 741
15.0 740
15.0167 737
15.0333 735
15.05 732
15.0667 730
15.0833 727
15.1 725
15.1167 722
15.1333 719
15.15 717
15.1667 714
15.1833 711
15.2 709
15.2167 706
15.2333 703
15.25 701
15.2667 698
15.2833 695
15.3 692
15.3167 690
15.3333 687
15.35 684
15.3667 681
15.3833 678
15.4 675
15.4167 672
15.4333 670
15.45 667
15.4667 664
15.4833 661
15.5 658
15.5167 655
15.5333 652
15.55 649
15.5667 646
15.5833 643
15.6 640
15.6167 637
15.6333 634
15.65 630
15.6667 627
15.6833 624
15.7 621
15.7167 618
15.7333 615
15.75 611
15.7667 608
15.7833 605
15.8 602
15.8167 599
15.8333 595
15.85 592
15.8667 589
15.8833 585
15.9 582
15.9167 579
15.9333 576
15.95 572
15.9667 569
15.9833 565
16.0 562
16.0167 559
16.0333 555
16.05 552
16.0667 548
16.0833 545
16.1 541
16.1167 538
16.1333 534
16.15 531
16.1667 527
16.1833 524
16.2 520
16.2167 517
16.2333 513
16.25 510
16.2667 506
16.2833 503
16.3 499
16.3167 495
16.3333 492
16.35 488
16.3667 484
16.3833 481
16.4 477
16.4167 473
16.4333 470
16.45 466
16.4667 462
16.4833 459
16.5 455
16.5167 451
16.5333 447
16.55 444
16.5667 440
16.5833 436
16.6 432
16.6167 429
16.6333 425
16.65 421
16.6667 417
16.6833 413
16.7 409
16.7167 406
16.7333 402
16.75 398
16.7667 394
16.7833 390
16.8 386
16.8167 382
16.8333 379
16.85 375
16.8667 371
16.8833 367
16.9 363
16.9167 359
16.9333 355
16.95 351
16.9667 347
16.9833 343
