8.0 143
8.0167 146
8.0333 150
8.05 154
8.0667 158
8.0833 161
8.1 165
8.1167 169
8.1333 173
8.15 176
8.1667 180
8.1833 184
8.2 188
8.2167 192
8.2333 195
8.25 199
8.2667 203
8.2833 207
8.3 211
8.3167 215
8.3333 219
8.35 223
8.3667 226
8.3833 230
8.4 234
8.4167 238
8.4333 242
8.45 246
8.4667 250
8.4833 254
8.5 258
8.5167 262
8.5333 266
8.55 269
8.5667 273
8.5833 277
8.6 281
8.6167 285
8.6333 289
8.65 293
8.6667 297
8.6833 301
8.7 305
8.7167 309
8.7333 312
8.75 316
8.7667 320
8.7833 324
8.8 328
8.8167 332
8.8333 336
8.85 340
8.8667 344
8.8833 348
8.9 351
8.9167 355
8.9333 359
8.95 363
8.9667 367
8.9833 371
9.0 375
9.0167 379
9.0333 383
9.05 387
9.0667 391
9.0833 395
9.1 399
9.1167 402
9.1333 406
9.15 410
9.1667 414
9.1833 417
9.2 421
9.2167 425
9.2333 429
9.25 432
9.2667 436
9.2833 440
9.3 444
9.3167 447
9.3333 451
9.35 455
9.3667 458
9.3833 462
9.4 466
9.4167 469
9.4333 473
9.45 477
9.4667 480
9.4833 484
9.5 487
9.5167 491
9.5333 495
9.55 498
9.5667 502
9.5833 505
9.6 509
9.6167 512
9.6333 516
9.65 519
9.6667 523
9.6833 526
9.7 530
9.7167 533
9.7333 536
9.75 540
9.7667 543
9.7833 547
9.8 550
9.8167 554
9.8333 557
9.85 560
9.8667 564
9.8833 567
9.9 570
9.9167 573
9.9333 577
9.95 580
9.9667 583
9.9833 587
10.0 590
10.0167 593
10.0333 596
10.05 599
10.0667 603
10.0833 606
10.1 609
10.1167 612
10.1333 615
10.15 618
10.1667 621
10.1833 624
10.2 627
10.2167 630
10.2333 634
10.25 637
10.2667 640
10.2833 643
10.3 645
10.3167 648
10.3333 651
10.35 654
10.3667 657
10.3833 660
10.4 663
10.4167 666
10.4333 669
10.45 672
10.4667 674
10.4833 677
10.5 680
10.5167 683
10.5333 685
10.55 688
10.5667 691
10.5833 694
10.6 696
10.6167 699
10.6333 702
10.65 704
10.6667 707
10.6833 710
10.7 712
10.7167 715
10.7333 717
10.75 720
10.7667 722
10.7833 725
10.8 727
10.8167 730
10.8333 732
10.85 735
10.8667 737
10.8833 739
10.9 742
10.9167 744
10.9333 747
10.95 749
10.9667 751
10.9833 754
11.0 756
11.0167 758
11.0333 760
11.05 763
11.0667 765
11.0833 767
11.1 769
11.1167 771
11.1333 773
11.15 775
11.1667 778
11.1833 780
11.2 782
11.2167 784
11.2333 786
11.25 788
11.2667 790
11.2833 792
11.3 794
11.3167 796
11.3333 797
11.35 799
11.3667 801
11.3833 803
11.4 805
11.4167 807
11.4333 809
11.45 810
11.4667 812
11.4833 814
11.5 816
11.5167 817
11.5333 819
11.55 821
11.5667 822
11.5833 824
11.6 825
11.6167 827
11.6333 829
11.65 830
11.6667 832
11.6833 833
11.7 835
11.7167 836
11.7333 838
11.75 839
11.7667 840
11.7833 842
11.8 843
11.8167 845
11.8333 846
11.85 847
11.8667 848
11.8833 850
11.9 851
11.9167 852
11.9333 853
11.95 855
11.9667 856
11.9833 857
12.0 858
12.0167 859
12.0333 860
12.05 861
12.0667 862
12.0833 863
12.1 864
12.1167 865
12.1333 866
12.15 867
12.1667 868
12.1833 869
12.2 870
12.2167 871
12.2333 872
12.25 872
12.2667 873
12.2833 874
12.3 875
12.3167 876
12.3333 876
12.35 877
12.3667 878
12.3833 878
12.4 879
12.4167 880
12.4333 880
12.45 881
12.4667 881
12.4833 882
12.5 882
12.5167 883
12.5333 883
12.55 884
12.5667 884
12.5833 885
12.6 885
12.6167 885
12.6333 886
12.65 886
12.6667 886
12.6833 887
12.7 887
12.7167 887
12.7333 887
12.75 887
12.7667 888
12.7833 888
12.8 888
12.8167 888
12.8333 888
12.85 888
12.8667 888
12.8833 888
12.9 888
12.9167 888
12.9333 888
12.95 888
12.9667 888
12.9833 888
13.0 888
13.0167 888
13.0333 888
13.05 887
13.0667 887
13.0833 887
13.1 887
13.1167 887
13.1333 886
13.15 886
13.1667 886
13.1833 885
13.2 885
13.2167 884
13.2333 884
13.25 884
13.2667 883
13.2833 883
13.3 882
13.3167 882
13.3333 881
13.35 881
13.3667 880
13.3833 879
13.4 879
13.4167 878
13.4333 878
13.45 877
13.4667 876
13.4833 875
13.5 875
13.5167 874
13.5333 873
13.55 872
13.5667 872
13.5833 871
13.6 870
13.6167 869
13.6333 868
13.65 867
13.6667 866
13.6833 865
13.7 864
13.7167 863
13.7333 862
13.75 861
13.7667 860
13.7833 859
13.8 858
13.8167 857
13.8333 856
13.85 854
13.8667 853
13.8833 852
13.9 851
13.9167 850
13.9333 848
13.95 847
13.9667 846
13.9833 844
14.0 843
14.0167 842
14.0333 840
14.05 839
14.0667 837
14.0833 836
14.1 835
14.1167 833
14.1333 832
14.15 830
14.1667 828
14.1833 827
14.2 825
14.2167 824
14.2333 822
14.25 820
14.2667 819
14.2833 817
14.3 815
14.3167 814
14.3333 812
14.35 810
14.3667 808
14.3833 807
14.4 805
14.4167 803
14.4333 801
14.45 799
14.4667 797
14.4833 795
14.5 793
14.5167 792
14.5333 790
14.55 788
14.5667 786
14.5833 784
14.6 782
14.6167 779
14.6333 777
14.65 775
14.6667 773
14.6833 771
14.7 769
14.7167 767
14.7333 765
14.75 762
14.7667 760
14.7833 758
14.8 756
14.8167 753
14.8333 751
14.85 749
14.8667 746
14.8833 744
14.9 742
14.9167 739
14.9333 737
14.95 734
14.9667 732
14.9833 730
15.0 728
15.0167 725
15.0333 723
15.05 720
15.0667 718
15.0833 715
15.1 713
15.1167 710
15.1333 708
15.15 705
15.1667 702
15.1833 700
15.2 697
15.2167 694
15.2333 692
15.25 689
15.2667 686
15.2833 683
15.3 681
15.3167 678
15.3333 675
15.35 672
15.3667 669
15.3833 666
15.4 664
15.4167 661
15.4333 658
15.45 655
15.4667 652
15.4833 649
15.5 646
15.5167 643
15.5333 640
15.55 637
15.5667 634
15.5833 631
15.6 628
15.6167 625
15.6333 622
15.65 619
15.6667 616
15.6833 613
15.7 609
15.7167 606
15.7333 603
15.75 600
15.7667 597
15.7833 594
15.8 590
15.8167 587
15.8333 584
15.85 581
15.8667 577
15.8833 574
15.9 571
15.9167 567
15.9333 564
15.95 561
15.9667 557
15.9833 554
16.0 551
16.0167 547
16.0333 544
16.05 540
16.0667 537
16.0833 534
16.1 530
16.1167 527
16.1333 523
16.15 520
16.1667 516
16.1833 513
16.2 509
16.2167 506
16.2333 502
16.25 499
16.2667 495
16.2833 491
16.3 488
16.3167 484
16.3333 481
16.35 477
16.3667 473
16.3833 470
16.4 466
16.4167 462
16.4333 459
16.45 455
16.4667 451
16.4833 448
16.5 444
16.5167 440
16.5333 437
16.55 433
16.5667 429
16.5833 425
16.6 422
16.6167 418
16.6333 414
16.65 410
16.6667 407
16.6833 403
16.7 399
16.7167 395
16.7333 391
16.75 388
16.7667 384
16.7833 380
16.8 376
16.8167 372
16.8333 368
16.85 364
16.8667 361
16.8833 357
16.9 353
16.9167 349
16.9333 345
16.95 341
16.9667 337
16.9833 333
