8.0 245
8.0167 249
8.0333 253
8.05 257
8.0667 261
8.0833 265
8.1 269
8.1167 273
8.1333 277
8.15 281
8.1667 285
8.1833 289
8.2 293
8.2167 297
8.2333 301
8.25 305
8.2667 309
8.2833 313
8.3 317
8.3167 321
8.3333 325
8.35 329
8.3667 334
8.3833 338
8.4 342
8.4167 346
8.4333 350
8.45 354
8.4667 358
8.4833 362
8.5 366
8.5167 370
8.5333 374
8.55 378
8.5667 382
8.5833 386
8.6 390
8.6167 394
8.6333 398
8.65 402
8.6667 406
8.6833 410
8.7 414
8.7167 418
8.7333 422
8.75 426
8.7667 430
8.7833 434
8.8 438
8.8167 441
8.8333 445
8.85 449
8.8667 453
8.8833 457
8.9 461
8.9167 465
8.9333 469
8.95 473
8.9667 476
8.9833 480
9.0 484
9.0167 489
9.0333 493
9.05 497
9.0667 501
9.0833 504
9.1 508
9.1167 512
9.1333 516
9.15 519
9.1667 523
9.1833 527
9.2 531
9.2167 534
9.2333 538
9.25 542
9.2667 546
9.2833 549
9.3 553
9.3167 557
9.3333 560
9.35 564
9.3667 567
9.3833 571
9.4 575
9.4167 578
9.4333 582
9.45 585
9.4667 589
9.4833 593
9.5 596
9.5167 600
9.5333 603
9.55 607
9.5667 610
9.5833 614
9.6 617
9.6167 621
9.6333 624
9.65 627
9.6667 631
9.6833 634
9.7 638
9.7167 641
9.7333 644
9.75 648
9.7667 651
9.7833 654
9.8 658
9.8167 661
9.8333 664
9.85 668
9.8667 671
9.8833 674
9.9 677
9.9167 681
9.9333 684
9.95 687
9.9667 690
9.9833 693
10.0 696
10.0167 700
10.0333 703
10.05 706
10.0667 709
10.0833 712
10.1 715
10.1167 718
10.1333 721
10.15 724
10.1667 727
10.1833 730
10.2 733
10.2167 736
10.2333 739
10.25 742
10.2667 745
10.2833 748
10.3 751
10.3167 753
10.3333 756
10.35 759
10.3667 762
10.3833 765
10.4 767
10.4167 770
10.4333 773
10.45 776
10.4667 778
10.4833 781
10.5 784
10.5167 786
10.5333 789
10.55 792
10.5667 794
10.5833 797
10.6 799
10.6167 802
10.6333 805
10.65 807
10.6667 810
10.6833 812
10.7 815
10.7167 817
10.7333 819
10.75 822
10.7667 824
10.7833 827
10.8 829
10.8167 831
10.8333 834
10.85 836
10.8667 838
10.8833 841
10.9 843
10.9167 845
10.9333 847
10.95 850
10.9667 852
10.9833 854
11.0 856
11.0167 858
11.0333 860
11.05 862
11.0667 865
11.0833 867
11.1 869
11.1167 871
11.1333 873
11.15 875
11.1667 877
11.1833 879
11.2 881
11.2167 882
11.2333 884
11.25 886
11.2667 888
11.2833 890
11.3 892
11.3167 894
11.3333 895
11.35 897
11.3667 899
11.3833 901
11.4 902
11.4167 904
11.4333 906
11.45 907
11.4667 909
11.4833 910
11.5 912
11.5167 914
11.5333 915
11.55 917
11.5667 918
11.5833 920
11.6 921
11.6167 923
11.6333 924
11.65 925
11.6667 927
11.6833 928
11.7 930
11.7167 931
11.7333 932
11.75 934
11.7667 935
11.7833 936
11.8 937
11.8167 939
11.8333 940
11.85 941
11.8667 942
11.8833 943
11.9 944
11.9167 945
11.9333 946
11.95 947
11.9667 948
11.9833 949
12.0 950
12.0167 951
12.0333 952
12.05 953
12.0667 954
12.0833 955
12.1 956
12.1167 957
12.1333 958
12.15 958
12.1667 959
12.1833 960
12.2 961
12.2167 961
12.2333 962
12.25 963
12.2667 964
12.2833 964
12.3 965
12.3167 965
12.3333 966
12.35 967
12.3667 967
12.3833 968
12.4 968
12.4167 969
12.4333 969
12.45 969
12.4667 970
12.4833 970
12.5 971
12.5167 971
12.5333 971
12.55 972
12.5667 972
12.5833 972
12.6 972
12.6167 973
12.6333 973
12.65 973
12.6667 973
12.6833 973
12.7 973
12.7167 973
12.7333 974
12.75 974
12.7667 974
12.7833 974
12.8 974
12.8167 974
12.8333 974
12.85 974
12.8667 973
12.8833 973
12.9 973
12.9167 973
12.9333 973
12.95 973
12.9667 972
12.9833 972
13.0 972
13.0167 972
13.0333 971
13.05 971
13.0667 971
13.0833 970
13.1 970
13.1167 970
13.1333 969
13.15 969
13.1667 968
13.1833 968
13.2 967
13.2167 967
13.2333 966
13.25 966
13.2667 965
13.2833 964
13.3 964
13.3167 963
13.3333 962
13.35 962
13.3667 961
13.3833 960
13.4 960
13.4167 959
13.4333 958
13.45 957
13.4667 956
13.4833 955
13.5 955
13.5167 954
13.5333 953
13.55 952
13.5667 951
13.5833 950
13.6 949
13.6167 948
13.6333 947
13.65 946
13.6667 945
13.6833 944
13.7 942
13.7167 941
13.7333 940
13.75 939
13.7667 938
13.7833 936
13.8 935
13.8167 934
13.8333 933
13.85 931
13.8667 930
13.8833 929
13.9 927
13.9167 926
13.9333 925
13.95 923
13.9667 922
13.9833 920
14.0 919
14.0167 917
14.0333 916
14.05 914
14.0667 913
14.0833 911
14.1 909
14.1167 908
14.1333 906
14.15 905
14.1667 903
14.1833 901
14.2 899
14.2167 898
14.2333 896
14.25 894
14.2667 892
14.2833 891
14.3 889
14.3167 887
14.3333 885
14.35 883
14.3667 881
14.3833 879
14.4 877
14.4167 875
14.4333 873
14.45 871
14.4667 869
14.4833 867
14.5 865
14.5167 863
14.5333 861
14.55 859
14.5667 857
14.5833 855
14.6 853
14.6167 850
14.6333 848
14.65 846
14.6667 844
14.6833 841
14.7 839
14.7167 837
14.7333 835
14.75 832
14.7667 830
14.7833 828
14.8 825
14.8167 823
14.8333 820
14.85 818
14.8667 815
14.8833 813
14.9 811
14.9167 808
14.9333 805
14.95 803
14.9667 800
14.9833 798
15.0 796
15.0167 793
15.0333 791
15.05 788
15.0667 785
15.0833 783
15.1 780
15.1167 777
15.1333 774
15.15 772
15.1667 769
15.1833 766
15.2 763
15.2167 761
15.2333 758
15.25 755
15.2667 752
15.2833 749
15.3 746
15.3167 743
15.3333 740
15.35 738
15.3667 735
15.3833 732
15.4 729
15.4167 726
15.4333 723
15.45 720
15.4667 717
15.4833 714
15.5 710
15.5167 707
15.5333 704
15.55 701
15.5667 698
15.5833 695
15.6 692
15.6167 689
15.6333 685
15.65 682
15.6667 679
15.6833 676
15.7 673
15.7167 669
15.7333 666
15.75 663
15.7667 659
15.7833 656
15.8 653
15.8167 649
15.8333 646
15.85 643
15.8667 639
15.8833 636
15.9 633
15.9167 629
15.9333 626
15.95 622
15.9667 619
15.9833 615
16.0 612
16.0167 608
16.0333 605
16.05 601
16.0667 598
16.0833 594
16.1 591
16.1167 587
16.1333 584
16.15 580
16.1667 576
16.1833 573
16.2 569
16.2167 566
16.2333 562
16.25 558
16.2667 555
16.2833 551
16.3 547
16.3167 544
16.3333 540
16.35 536
16.3667 532
16.3833 529
16.4 525
16.4167 521
16.4333 517
16.45 514
16.4667 510
16.4833 506
16.5 502
16.5167 499
16.5333 495
16.55 491
16.5667 487
16.5833 483
16.6 479
16.6167 475
16.6333 472
16.65 468
16.6667 464
16.6833 460
16.7 456
16.7167 452
16.7333 448
16.75 444
16.7667 440
16.7833 437
16.8 433
16.8167 429
16.8333 425
16.85 421
16.8667 417
16.8833 413
16.9 409
16.9167 405
16.9333 401
16.95 397
16.9667 393
16.9833 389
