8.0 254
8.0167 258
8.0333 262
8.05 266
8.0667 270
8.0833 274
8.1 278
8.1167 282
8.1333 286
8.15 290
8.1667 294
8.1833 298
8.2 302
8.2167 306
8.2333 310
8.25 314
8.2667 318
8.2833 322
8.3 326
8.3167 331
8.3333 335
8.35 339
8.3667 343
8.3833 347
8.4 351
8.4167 355
8.4333 359
8.45 363
8.4667 367
8.4833 371
8.5 375
8.5167 379
8.5333 383
8.55 387
8.5667 391
8.5833 395
8.6 399
8.6167 403
8.6333 407
8.65 411
8.6667 415
8.6833 419
8.7 423
8.7167 426
8.7333 430
8.75 434
8.7667 438
8.7833 442
8.8 446
8.8167 450
8.8333 454
8.85 458
8.8667 462
8.8833 466
8.9 469
8.9167 473
8.9333 477
8.95 481
8.9667 485
8.9833 489
9.0 493
9.0167 497
9.0333 501
9.05 505
9.0667 509
9.0833 513
9.1 516
9.1167 520
9.1333 524
9.15 528
9.1667 531
9.1833 535
9.2 539
9.2167 542
9.2333 546
9.25 550
9.2667 554
9.2833 557
9.3 561
9.3167 564
9.3333 568
9.35 572
9.3667 575
9.3833 579
9.4 583
9.4167 586
9.4333 590
9.45 593
9.4667 597
9.4833 600
9.5 604
9.5167 607
9.5333 611
9.55 614
9.5667 618
9.5833 621
9.6 625
9.6167 628
9.6333 632
9.65 635
9.6667 638
9.6833 642
9.7 645
9.7167 648
9.7333 652
9.75 655
9.7667 658
9.7833 662
9.8 665
9.8167 668
9.8333 672
9.85 675
9.8667 678
9.8833 681
9.9 684
9.9167 688
9.9333 691
9.95 694
9.9667 697
9.9833 700
10.0 703
10.0167 707
10.0333 710
10.05 713
10.0667 716
10.0833 719
10.1 722
10.1167 725
10.1333 728
10.15 731
10.1667 734
10.1833 737
10.2 740
10.2167 743
10.2333 746
10.25 749
10.2667 751
10.2833 754
10.3 757
10.3167 760
10.3333 763
10.35 766
10.3667 768
10.3833 771
10.4 774
10.4167 777
10.4333 779
10.45 782
10.4667 785
10.4833 787
10.5 790
10.5167 793
10.5333 795
10.55 798
10.5667 801
10.5833 803
10.6 806
10.6167 808
10.6333 811
10.65 813
10.6667 816
10.6833 818
10.7 821
10.7167 823
10.7333 825
10.75 828
10.7667 830
10.7833 833
10.8 835
10.8167 837
10.8333 840
10.85 842
10.8667 844
10.8833 846
10.9 849
10.9167 851
10.9333 853
10.95 855
10.9667 857
10.9833 860
11.0 862
11.0167 864
11.0333 866
11.05 868
11.0667 870
11.0833 872
11.1 874
11.1167 876
11.1333 878
11.15 880
11.1667 882
11.1833 884
11.2 886
11.2167 888
11.2333 890
11.25 891
11.2667 893
11.2833 895
11.3 897
11.3167 899
11.3333 900
11.35 902
11.3667 904
11.3833 906
11.4 907
11.4167 909
11.4333 911
11.45 912
11.4667 914
11.4833 915
11.5 917
11.5167 919
11.5333 920
11.55 922
11.5667 923
11.5833 925
11.6 926
11.6167 927
11.6333 929
11.65 930
11.6667 932
11.6833 933
11.7 934
11.7167 936
11.7333 937
11.75 938
11.7667 939
11.7833 941
11.8 942
11.8167 943
11.8333 944
11.85 945
11.8667 946
11.8833 948
11.9 949
11.9167 950
11.9333 951
11.95 952
11.9667 953
11.9833 954
12.0 955
12.0167 956
12.0333 957
12.05 958
12.0667 958
12.0833 959
12.1 960
12.1167 961
12.1333 962
12.15 963
12.1667 963
12.1833 964
12.2 965
12.2167 965
12.2333 966
12.25 967
12.2667 967
12.2833 968
12.3 969
12.3167 969
12.3333 970
12.35 970
12.3667 971
12.3833 971
12.4 972
12.4167 972
12.4333 973
12.45 973
12.4667 974
12.4833 974
12.5 974
12.5167 975
12.5333 975
12.55 975
12.5667 975
12.5833 976
12.6 976
12.6167 976
12.6333 976
12.65 976
12.6667 977
12.6833 977
12.7 977
12.7167 977
12.7333 977
12.75 977
12.7667 977
12.7833 977
12.8 977
12.8167 977
12.8333 977
12.85 977
12.8667 977
12.8833 977
12.9 976
12.9167 976
12.9333 976
12.95 976
12.9667 976
12.9833 975
13.0 975
13.0167 975
13.0333 974
13.05 974
13.0667 974
13.0833 973
13.1 973
13.1167 972
13.1333 972
13.15 972
13.1667 971
13.1833 971
13.2 970
13.2167 970
13.2333 969
13.25 968
13.2667 968
13.2833 967
13.3 967
13.3167 966
13.3333 965
13.35 964
13.3667 964
13.3833 963
13.4 962
13.4167 961
13.4333 961
13.45 960
13.4667 959
13.4833 958
13.5 957
13.5167 956
13.5333 955
13.55 954
13.5667 953
13.5833 952
13.6 951
13.6167 950
13.6333 949
13.65 948
13.6667 947
13.6833 946
13.7 945
13.7167 944
13.7333 942
13.75 941
13.7667 940
13.7833 939
13.8 938
13.8167 936
13.8333 935
13.85 934
13.8667 932
13.8833 931
13.9 930
13.9167 928
13.9333 927
13.95 925
13.9667 924
13.9833 922
14.0 921
14.0167 919
14.0333 918
14.05 916
14.0667 915
14.0833 913
14.1 912
14.1167 910
14.1333 908
14.15 907
14.1667 905
14.1833 903
14.2 901
14.2167 900
14.2333 898
14.25 896
14.2667 894
14.2833 892
14.3 891
14.3167 889
14.3333 887
14.35 885
14.3667 883
14.3833 881
14.4 879
14.4167 877
14.4333 875
14.45 873
14.4667 871
14.4833 869
14.5 867
14.5167 865
14.5333 863
14.55 861
14.5667 859
14.5833 856
14.6 854
14.6167 852
14.6333 850
14.65 848
14.6667 845
14.6833 843
14.7 841
14.7167 839
14.7333 836
14.75 834
14.7667 832
14.7833 829
14.8 827
14.8167 824
14.8333 822
14.85 819
14.8667 817
14.8833 815
14.9 812
14.9167 810
14.9333 807
14.95 804
14.9667 802
14.9833 799
15.0 797
15.0167 795
15.0333 792
15.05 789
15.0667 787
15.0833 784
15.1 781
15.1167 779
15.1333 776
15.15 773
15.1667 770
15.1833 768
15.2 765
15.2167 762
15.2333 759
15.25 756
15.2667 753
15.2833 751
15.3 748
15.3167 745
15.3333 742
15.35 739
15.3667 736
15.3833 733
15.4 730
15.4167 727
15.4333 724
15.45 721
15.4667 718
15.4833 715
15.5 712
15.5167 709
15.5333 706
15.55 702
15.5667 699
15.5833 696
15.6 693
15.6167 690
15.6333 687
15.65 683
15.6667 680
15.6833 677
15.7 674
15.7167 671
15.7333 667
15.75 664
15.7667 661
15.7833 657
15.8 654
15.8167 651
15.8333 647
15.85 644
15.8667 641
15.8833 637
15.9 634
15.9167 630
15.9333 627
15.95 624
15.9667 620
15.9833 617
16.0 613
16.0167 610
16.0333 606
16.05 603
16.0667 599
16.0833 596
16.1 592
16.1167 588
16.1333 585
16.15 581
16.1667 578
16.1833 574
16.2 571
16.2167 567
16.2333 563
16.25 560
16.2667 556
16.2833 552
16.3 549
16.3167 545
16.3333 541
16.35 538
16.3667 534
16.3833 530
16.4 526
16.4167 523
16.4333 519
16.45 515
16.4667 511
16.4833 507
16.5 504
16.5167 500
16.5333 496
16.55 492
16.5667 488
16.5833 485
16.6 481
16.6167 477
16.6333 473
16.65 469
16.6667 465
16.6833 461
16.7 458
16.7167 454
16.7333 450
16.75 446
16.7667 442
16.7833 438
16.8 434
16.8167 430
16.8333 426
16.85 422
16.8667 418
16.8833 414
16.9 410
16.9167 406
16.9333 402
16.95 398
16.9667 394
16.9833 390
