8.0 254
8.0167 258
8.0333 262
8.05 266
8.0667 269
8.0833 273
8.1 277
8.1167 281
8.1333 285
8.15 289
8.1667 293
8.1833 297
8.2 301
8.2167 305
8.2333 309
8.25 313
8.2667 317
8.2833 321
8.3 325
8.3167 329
8.3333 333
8.35 337
8.3667 341
8.3833 345
8.4 349
8.4167 353
8.4333 357
8.45 360
8.4667 364
8.4833 368
8.5 372
8.5167 376
8.5333 380
8.55 384
8.5667 388
8.5833 392
8.6 396
8.6167 400
8.6333 404
8.65 408
8.6667 412
8.6833 415
8.7 419
8.7167 423
8.7333 427
8.75 431
8.7667 435
8.7833 439
8.8 443
8.8167 446
8.8333 450
8.85 454
8.8667 458
8.8833 462
8.9 466
8.9167 469
8.9333 473
8.95 477
8.9667 481
8.9833 485
9.0 488
9.0167 493
9.0333 497
9.05 501
9.0667 504
9.0833 508
9.1 512
9.1167 515
9.1333 519
9.15 523
9.1667 527
9.1833 530
9.2 534
9.2167 538
9.2333 541
9.25 545
9.2667 548
9.2833 552
9.3 556
9.3167 559
9.3333 563
9.35 566
9.3667 570
9.3833 574
9.4 577
9.4167 581
9.4333 584
9.45 588
9.4667 591
9.4833 595
9.5 598
9.5167 602
9.5333 605
9.55 608
9.5667 612
9.5833 615
9.6 619
9.6167 622
9.6333 625
9.65 629
9.6667 632
9.6833 636
9.7 639
9.7167 642
9.7333 645
9.75 649
9.7667 652
9.7833 655
9.8 659
9.8167 662
9.8333 665
9.85 668
9.8667 671
9.8833 675
9.9 678
9.9167 681
9.9333 684
9.95 687
9.9667 690
9.9833 693
10.0 696
10.0167 700
10.0333 703
10.05 706
10.0667 709
10.0833 712
10.1 715
10.1167 718
10.1333 721
10.15 724
10.1667 727
10.1833 729
10.2 732
10.2167 735
10.2333 738
10.25 741
10.2667 744
10.2833 747
10.3 749
10.3167 752
10.3333 755
10.35 758
10.3667 761
10.3833 763
10.4 766
10.4167 769
10.4333 771
10.45 774
10.4667 777
10.4833 779
10.5 782
10.5167 785
10.5333 787
10.55 790
10.5667 792
10.5833 795
10.6 797
10.6167 800
10.6333 802
10.65 805
10.6667 807
10.6833 810
10.7 812
10.7167 815
10.7333 817
10.75 819
10.7667 822
10.7833 824
10.8 826
10.8167 829
10.8333 831
10.85 833
10.8667 835
10.8833 838
10.9 840
10.9167 842
10.9333 844
10.95 846
10.9667 848
10.9833 851
11.0 853
11.0167 855
11.0333 857
11.05 859
11.0667 861
11.0833 863
11.1 865
11.1167 867
11.1333 869
11.15 871
11.1667 873
11.1833 875
11.2 876
11.2167 878
11.2333 880
11.25 882
11.2667 884
11.2833 886
11.3 887
11.3167 889
11.3333 891
11.35 893
11.3667 894
11.3833 896
11.4 898
11.4167 899
11.4333 901
11.45 902
11.4667 904
11.4833 906
11.5 907
11.5167 909
11.5333 910
11.55 912
11.5667 913
11.5833 914
11.6 916
11.6167 917
11.6333 919
11.65 920
11.6667 921
11.6833 923
11.7 924
11.7167 925
11.7333 927
11.75 928
11.7667 929
11.7833 930
11.8 931
11.8167 933
11.8333 934
11.85 935
11.8667 936
11.8833 937
11.9 938
11.9167 939
11.9333 940
11.95 941
11.9667 942
11.9833 943
12.0 944
12.0167 945
12.0333 946
12.05 947
12.0667 948
12.0833 948
12.1 949
12.1167 950
12.1333 951
12.15 952
12.1667 952
12.1833 953
12.2 954
12.2167 954
12.2333 955
12.25 956
12.2667 956
12.2833 957
12.3 958
12.3167 958
12.3333 959
12.35 959
12.3667 960
12.3833 960
12.4 961
12.4167 961
12.4333 961
12.45 962
12.4667 962
12.4833 963
12.5 963
12.5167 963
12.5333 963
12.55 964
12.5667 964
12.5833 964
12.6 964
12.6167 965
12.6333 965
12.65 965
12.6667 965
12.6833 965
12.7 965
12.7167 965
12.7333 965
12.75 965
12.7667 965
12.7833 965
12.8 965
12.8167 965
12.8333 965
12.85 965
12.8667 965
12.8833 965
12.9 965
12.9167 964
12.9333 964
12.95 964
12.9667 964
12.9833 963
13.0 963
13.0167 963
13.0333 962
13.05 962
13.0667 962
13.0833 961
13.1 961
13.1167 960
13.1333 960
13.15 960
13.1667 959
13.1833 958
13.2 958
13.2167 957
13.2333 957
13.25 956
13.2667 956
13.2833 955
13.3 954
13.3167 954
13.3333 953
13.35 952
13.3667 951
13.3833 951
13.4 950
13.4167 949
13.4333 948
13.45 947
13.4667 947
13.4833 946
13.5 945
13.5167 944
13.5333 943
13.55 942
13.5667 941
13.5833 940
13.6 939
13.6167 938
13.6333 937
13.65 936
13.6667 935
13.6833 933
13.7 932
13.7167 931
13.7333 930
13.75 929
13.7667 927
13.7833 926
13.8 925
13.8167 924
13.8333 922
13.85 921
13.8667 920
13.8833 918
13.9 917
13.9167 916
13.9333 914
13.95 913
13.9667 911
13.9833 910
14.0 908
14.0167 907
14.0333 905
14.05 904
14.0667 902
14.0833 900
14.1 899
14.1167 897
14.1333 895
14.15 894
14.1667 892
14.1833 890
14.2 889
14.2167 887
14.2333 885
14.25 883
14.2667 882
14.2833 880
14.3 878
14.3167 876
14.3333 874
14.35 872
14.3667 870
14.3833 868
14.4 866
14.4167 864
14.4333 862
14.45 860
14.4667 858
14.4833 856
14.5 854
14.5167 852
14.5333 850
14.55 848
14.5667 846
14.5833 844
14.6 841
14.6167 839
14.6333 837
14.65 835
14.6667 833
14.6833 830
14.7 828
14.7167 826
14.7333 823
14.75 821
14.7667 819
14.7833 816
14.8 814
14.8167 811
14.8333 809
14.85 807
14.8667 804
14.8833 802
14.9 799
14.9167 797
14.9333 794
14.95 792
14.9667 789
14.9833 787
15.0 784
15.0167 782
15.0333 779
15.05 776
15.0667 774
15.0833 771
15.1 768
15.1167 766
15.1333 763
15.15 760
15.1667 758
15.1833 755
15.2 752
15.2167 749
15.2333 746
15.25 744
15.2667 741
15.2833 738
15.3 735
15.3167 732
15.3333 729
15.35 726
15.3667 723
15.3833 720
15.4 717
15.4167 714
15.4333 711
15.45 708
15.4667 705
15.4833 702
15.5 699
15.5167 696
15.5333 693
15.55 690
15.5667 687
15.5833 684
15.6 681
15.6167 677
15.6333 674
15.65 671
15.6667 668
15.6833 665
15.7 661
15.7167 658
15.7333 655
15.75 652
15.7667 648
15.7833 645
15.8 642
15.8167 638
15.8333 635
15.85 632
15.8667 628
15.8833 625
15.9 622
15.9167 618
15.9333 615
15.95 611
15.9667 608
15.9833 605
16.0 601
16.0167 598
16.0333 594
16.05 591
16.0667 587
16.0833 584
16.1 580
16.1167 577
16.1333 573
16.15 570
16.1667 566
16.1833 562
16.2 559
16.2167 555
16.2333 552
16.25 548
16.2667 544
16.2833 541
16.3 537
16.3167 533
16.3333 530
16.35 526
16.3667 522
16.3833 519
16.4 515
16.4167 511
16.4333 508
16.45 504
16.4667 500
16.4833 496
16.5 493
16.5167 489
16.5333 485
16.55 481
16.5667 477
16.5833 474
16.6 470
16.6167 466
16.6333 462
16.65 458
16.6667 455
16.6833 451
16.7 447
16.7167 443
16.7333 439
16.75 435
16.7667 431
16.7833 428
16.8 424
16.8167 420
16.8333 416
16.85 412
16.8667 408
16.8833 404
16.9 400
16.9167 396
16.9333 392
16.95 388
16.9667 385
16.9833 381
