8.0 293
8.0167 297
8.0333 301
8.05 305
8.0667 310
8.0833 314
8.1 318
8.1167 322
8.1333 326
8.15 330
8.1667 335
8.1833 339
8.2 343
8.2167 347
8.2333 351
8.25 356
8.2667 360
8.2833 364
8.3 368
8.3167 372
8.3333 376
8.35 380
8.3667 385
8.3833 389
8.4 393
8.4167 397
8.4333 401
8.45 405
8.4667 409
8.4833 413
8.5 418
8.5167 422
8.5333 426
8.55 430
8.5667 434
8.5833 438
8.6 442
8.6167 446
8.6333 450
8.65 454
8.6667 458
8.6833 462
8.7 466
8.7167 470
8.7333 474
8.75 478
8.7667 482
8.7833 486
8.8 490
8.8167 494
8.8333 498
8.85 502
8.8667 506
8.8833 510
8.9 514
8.9167 518
8.9333 522
8.95 526
8.9667 530
8.9833 534
9.0 538
9.0167 542
9.0333 546
9.05 550
9.0667 554
9.0833 558
9.1 562
9.1167 565
9.1333 569
9.15 573
9.1667 577
9.1833 581
9.2 584
9.2167 588
9.2333 592
9.25 595
9.2667 599
9.2833 603
9.3 607
9.3167 610
9.3333 614
9.35 618
9.3667 621
9.3833 625
9.4 628
9.4167 632
9.4333 636
9.45 639
9.4667 643
9.4833 646
9.5 650
9.5167 653
9.5333 657
9.55 660
9.5667 664
9.5833 667
9.6 671
9.6167 674
9.6333 678
9.65 681
9.6667 685
9.6833 688
9.7 691
9.7167 695
9.7333 698
9.75 702
9.7667 705
9.7833 708
9.8 712
9.8167 715
9.8333 718
9.85 721
9.8667 725
9.8833 728
9.9 731
9.9167 734
9.9333 737
9.95 741
9.9667 744
9.9833 747
10.0 750
10.0167 753
10.0333 756
10.05 759
10.0667 763
10.0833 766
10.1 769
10.1167 772
10.1333 775
10.15 778
10.1667 781
10.1833 784
10.2 787
10.2167 789
10.2333 792
10.25 795
10.2667 798
10.2833 801
10.3 804
10.3167 807
10.3333 810
10.35 812
10.3667 815
10.3833 818
10.4 821
10.4167 823
10.4333 826
10.45 829
10.4667 832
10.4833 834
10.5 837
10.5167 840
10.5333 842
10.55 845
10.5667 847
10.5833 850
10.6 853
10.6167 855
10.6333 858
10.65 860
10.6667 863
10.6833 865
10.7 868
10.7167 870
10.7333 872
10.75 875
10.7667 877
10.7833 879
10.8 882
10.8167 884
10.8333 886
10.85 889
10.8667 891
10.8833 893
10.9 896
10.9167 898
10.9333 900
10.95 902
10.9667 904
10.9833 906
11.0 909
11.0167 911
11.0333 913
11.05 915
11.0667 917
11.0833 919
11.1 921
11.1167 923
11.1333 925
11.15 927
11.1667 929
11.1833 931
11.2 933
11.2167 935
11.2333 936
11.25 938
11.2667 940
11.2833 942
11.3 944
11.3167 946
11.3333 947
11.35 949
11.3667 951
11.3833 952
11.4 954
11.4167 956
11.4333 957
11.45 959
11.4667 961
11.4833 962
11.5 964
11.5167 965
11.5333 967
11.55 968
11.5667 970
11.5833 971
11.6 973
11.6167 974
11.6333 975
11.65 977
11.6667 978
11.6833 980
11.7 981
11.7167 982
11.7333 983
11.75 985
11.7667 986
11.7833 987
11.8 988
11.8167 990
11.8333 991
11.85 992
11.8667 993
11.8833 994
11.9 995
11.9167 996
11.9333 997
11.95 998
11.9667 999
11.9833 1000
12.0 1001
12.0167 1002
12.0333 1003
12.05 1004
12.0667 1005
12.0833 1006
12.1 1007
12.1167 1007
12.1333 1008
12.15 1009
12.1667 1010
12.1833 1010
12.2 1011
12.2167 1012
12.2333 1012
12.25 1013
12.2667 1014
12.2833 1014
12.3 1015
12.3167 1015
12.3333 1016
12.35 1017
12.3667 1017
12.3833 1018
12.4 1018
12.4167 1018
12.4333 1019
12.45 1019
12.4667 1020
12.4833 1020
12.5 1020
12.5167 1021
12.5333 1021
12.55 1021
12.5667 1021
12.5833 1022
12.6 1022
12.6167 1022
12.6333 1022
12.65 1022
12.6667 1023
12.6833 1023
12.7 1023
12.7167 1023
12.7333 1023
12.75 1023
12.7667 1023
12.7833 1023
12.8 1023
12.8167 1023
12.8333 1023
12.85 1023
12.8667 1022
12.8833 1022
12.9 1022
12.9167 1022
12.9333 1022
12.95 1022
12.9667 1021
12.9833 1021
13.0 1021
13.0167 1020
13.0333 1020
13.05 1020
13.0667 1019
13.0833 1019
13.1 1019
13.1167 1018
13.1333 1018
13.15 1017
13.1667 1017
13.1833 1016
13.2 1016
13.2167 1015
13.2333 1015
13.25 1014
13.2667 1013
13.2833 1013
13.3 1012
13.3167 1011
13.3333 1011
13.35 1010
13.3667 1009
13.3833 1008
13.4 1008
13.4167 1007
13.4333 1006
13.45 1005
13.4667 1004
13.4833 1003
13.5 1002
13.5167 1002
13.5333 1001
13.55 1000
13.5667 999
13.5833 998
13.6 997
13.6167 996
13.6333 994
13.65 993
13.6667 992
13.6833 991
13.7 990
13.7167 989
13.7333 988
13.75 986
13.7667 985
13.7833 984
13.8 983
13.8167 981
13.8333 980
13.85 979
13.8667 977
13.8833 976
13.9 975
13.9167 973
13.9333 972
13.95 970
13.9667 969
13.9833 967
14.0 966
14.0167 964
14.0333 963
14.05 961
14.0667 960
14.0833 958
14.1 956
14.1167 955
14.1333 953
14.15 951
14.1667 950
14.1833 948
14.2 946
14.2167 944
14.2333 943
14.25 941
14.2667 939
14.2833 937
14.3 935
14.3167 933
14.3333 931
14.35 930
14.3667 928
14.3833 926
14.4 924
14.4167 922
14.4333 920
14.45 918
14.4667 916
14.4833 914
14.5 911
14.5167 909
14.5333 907
14.55 905
14.5667 903
14.5833 901
14.6 899
14.6167 896
14.6333 894
14.65 892
14.6667 890
14.6833 887
14.7 885
14.7167 883
14.7333 880
14.75 878
14.7667 876
14.7833 873
14.8 871
14.8167 868
14.8333 866
14.85 863
14.8667 861
14.8833 858
14.9 856
14.9167 853
14.9333 851
14.95 848
14.9667 846
14.9833 843
15.0 841
15.0167 838
15.0333 836
15.05 833
15.0667 830
15.0833 828
15.1 825
15.1167 822
15.1333 819
15.15 817
15.1667 814
15.1833 811
15.2 808
15.2167 805
15.2333 803
15.25 800
15.2667 797
15.2833 794
15.3 791
15.3167 788
15.3333 785
15.35 782
15.3667 779
15.3833 776
15.4 773
15.4167 770
15.4333 767
15.45 764
15.4667 761
15.4833 758
15.5 755
15.5167 752
15.5333 748
15.55 745
15.5667 742
15.5833 739
15.6 736
15.6167 733
15.6333 729
15.65 726
15.6667 723
15.6833 720
15.7 716
15.7167 713
15.7333 710
15.75 706
15.7667 703
15.7833 700
15.8 696
15.8167 693
15.8333 690
15.85 686
15.8667 683
15.8833 679
15.9 676
15.9167 673
15.9333 669
15.95 666
15.9667 662
15.9833 659
16.0 655
16.0167 652
16.0333 648
16.05 644
16.0667 641
16.0833 637
16.1 634
16.1167 630
16.1333 627
16.15 623
16.1667 619
16.1833 616
16.2 612
16.2167 608
16.2333 605
16.25 601
16.2667 597
16.2833 593
16.3 590
16.3167 586
16.3333 582
16.35 578
16.3667 575
16.3833 571
16.4 567
16.4167 563
16.4333 560
16.45 556
16.4667 552
16.4833 548
16.5 544
16.5167 540
16.5333 536
16.55 533
16.5667 529
16.5833 525
16.6 521
16.6167 517
16.6333 513
16.65 509
16.6667 505
16.6833 501
16.7 497
16.7167 493
16.7333 489
16.75 485
16.7667 481
16.7833 477
16.8 473
16.8167 469
16.8333 465
16.85 461
16.8667 457
16.8833 453
16.9 449
16.9167 445
16.9333 441
16.95 437
16.9667 433
16.9833 429
