8.0 158
8.0167 162
8.0333 166
8.05 169
8.0667 173
8.0833 177
8.1 180
8.1167 184
8.1333 188
8.15 192
8.1667 196
8.1833 199
8.2 203
8.2167 207
8.2333 211
8.25 215
8.2667 218
8.2833 222
8.3 226
8.3167 230
8.3333 234
8.35 238
8.3667 241
8.3833 245
8.4 249
8.4167 253
8.4333 257
8.45 261
8.4667 265
8.4833 269
8.5 272
8.5167 276
8.5333 280
8.55 284
8.5667 288
8.5833 292
8.6 296
8.6167 300
8.6333 304
8.65 307
8.6667 311
8.6833 315
8.7 319
8.7167 323
8.7333 327
8.75 331
8.7667 335
8.7833 338
8.8 342
8.8167 346
8.8333 350
8.85 354
8.8667 358
8.8833 362
8.9 365
8.9167 369
8.9333 373
8.95 377
8.9667 381
8.9833 385
9.0 388
9.0167 393
9.0333 397
9.05 401
9.0667 405
9.0833 408
9.1 412
9.1167 416
9.1333 420
9.15 423
9.1667 427
9.1833 431
9.2 435
9.2167 438
9.2333 442
9.25 446
9.2667 450
9.2833 453
9.3 457
9.3167 461
9.3333 464
9.35 468
9.3667 472
9.3833 475
9.4 479
9.4167 482
9.4333 486
9.45 490
9.4667 493
9.4833 497
9.5 500
9.5167 504
9.5333 507
9.55 511
9.5667 514
9.5833 518
9.6 521
9.6167 525
9.6333 528
9.65 532
9.6667 535
9.6833 539
9.7 542
9.7167 546
9.7333 549
9.75 552
9.7667 556
9.7833 559
9.8 563
9.8167 566
9.8333 569
9.85 573
9.8667 576
9.8833 579
9.9 582
9.9167 586
9.9333 589
9.95 592
9.9667 595
9.9833 599
10.0 602
10.0167 605
10.0333 608
10.05 611
10.0667 615
10.0833 618
10.1 621
10.1167 624
10.1333 627
10.15 630
10.1667 633
10.1833 636
10.2 639
10.2167 642
10.2333 645
10.25 648
10.2667 651
10.2833 654
10.3 657
10.3167 660
10.3333 663
10.35 666
10.3667 669
10.3833 672
10.4 674
10.4167 677
10.4333 680
10.45 683
10.4667 686
10.4833 688
10.5 691
10.5167 694
10.5333 697
10.55 699
10.5667 702
10.5833 705
10.6 707
10.6167 710
10.6333 713
10.65 715
10.6667 718
10.6833 720
10.7 723
10.7167 726
10.7333 728
10.75 731
10.7667 733
10.7833 736
10.8 738
10.8167 740
10.8333 743
10.85 745
10.8667 748
10.8833 750
10.9 752
10.9167 755
10.9333 757
10.95 759
10.9667 762
10.9833 764
11.0 766
11.0167 768
11.0333 771
11.05 773
11.0667 775
11.0833 777
11.1 779
11.1167 781
11.1333 783
11.15 786
11.1667 788
11.1833 790
11.2 792
11.2167 794
11.2333 796
11.25 798
11.2667 800
11.2833 802
11.3 803
11.3167 805
11.3333 807
11.35 809
11.3667 811
11.3833 813
11.4 815
11.4167 816
11.4333 818
11.45 820
11.4667 822
11.4833 823
11.5 825
11.5167 827
11.5333 828
11.55 830
11.5667 832
11.5833 833
11.6 835
11.6167 836
11.6333 838
11.65 839
11.6667 841
11.6833 842
11.7 844
11.7167 845
11.7333 847
11.75 848
11.7667 849
11.7833 851
11.8 852
11.8167 853
11.8333 855
11.85 856
11.8667 857
11.8833 858
11.9 860
11.9167 861
11.9333 862
11.95 863
11.9667 864
11.9833 865
12.0 867
12.0167 868
12.0333 869
12.05 870
12.0667 871
12.0833 872
12.1 873
12.1167 874
12.1333 875
12.15 876
12.1667 876
12.1833 877
12.2 878
12.2167 879
12.2333 880
12.25 881
12.2667 881
12.2833 882
12.3 883
12.3167 884
12.3333 884
12.35 885
12.3667 886
12.3833 886
12.4 887
12.4167 887
12.4333 888
12.45 888
12.4667 889
12.4833 889
12.5 890
12.5167 890
12.5333 891
12.55 891
12.5667 892
12.5833 892
12.6 892
12.6167 893
12.6333 893
12.65 893
12.6667 894
12.6833 894
12.7 894
12.7167 894
12.7333 894
12.75 895
12.7667 895
12.7833 895
12.8 895
12.8167 895
12.8333 895
12.85 895
12.8667 895
12.8833 895
12.9 895
12.9167 895
12.9333 895
12.95 895
12.9667 895
12.9833 895
13.0 895
13.0167 894
13.0333 894
13.05 894
13.0667 894
13.0833 894
13.1 893
13.1167 893
13.1333 893
13.15 892
13.1667 892
13.1833 892
13.2 891
13.2167 891
13.2333 890
13.25 890
13.2667 889
13.2833 889
13.3 888
13.3167 888
13.3333 887
13.35 887
13.3667 886
13.3833 885
13.4 885
13.4167 884
13.4333 883
13.45 883
13.4667 882
13.4833 881
13.5 881
13.5167 880
13.5333 879
13.55 878
13.5667 877
13.5833 876
13.6 875
13.6167 875
13.6333 874
13.65 873
13.6667 872
13.6833 871
13.7 870
13.7167 869
13.7333 868
13.75 867
13.7667 865
13.7833 864
13.8 863
13.8167 862
13.8333 861
13.85 860
13.8667 858
13.8833 857
13.9 856
13.9167 855
13.9333 853
13.95 852
13.9667 851
13.9833 849
14.0 848
14.0167 847
14.0333 845
14.05 844
14.0667 842
14.0833 841
14.1 839
14.1167 838
14.1333 836
14.15 835
14.1667 833
14.1833 832
14.2 830
14.2167 828
14.2333 827
14.25 825
14.2667 823
14.2833 822
14.3 820
14.3167 818
14.3333 816
14.35 815
14.3667 813
14.3833 811
14.4 809
14.4167 807
14.4333 805
14.45 803
14.4667 801
14.4833 800
14.5 798
14.5167 796
14.5333 794
14.55 792
14.5667 790
14.5833 788
14.6 785
14.6167 783
14.6333 781
14.65 779
14.6667 777
14.6833 775
14.7 773
14.7167 771
14.7333 768
14.75 766
14.7667 764
14.7833 762
14.8 759
14.8167 757
14.8333 755
14.85 752
14.8667 750
14.8833 748
14.9 745
14.9167 743
14.9333 740
14.95 738
14.9667 735
14.9833 733
15.0 731
15.0167 729
15.0333 726
15.05 724
15.0667 721
15.0833 719
15.1 716
15.1167 713
15.1333 711
15.15 708
15.1667 705
15.1833 703
15.2 700
15.2167 697
15.2333 695
15.25 692
15.2667 689
15.2833 686
15.3 684
15.3167 681
15.3333 678
15.35 675
15.3667 672
15.3833 669
15.4 666
15.4167 664
15.4333 661
15.45 658
15.4667 655
15.4833 652
15.5 649
15.5167 646
15.5333 643
15.55 640
15.5667 637
15.5833 634
15.6 631
15.6167 628
15.6333 625
15.65 621
15.6667 618
15.6833 615
15.7 612
15.7167 609
15.7333 606
15.75 602
15.7667 599
15.7833 596
15.8 593
15.8167 590
15.8333 586
15.85 583
15.8667 580
15.8833 576
15.9 573
15.9167 570
15.9333 567
15.95 563
15.9667 560
15.9833 556
16.0 553
16.0167 550
16.0333 546
16.05 543
16.0667 539
16.0833 536
16.1 532
16.1167 529
16.1333 526
16.15 522
16.1667 519
16.1833 515
16.2 512
16.2167 508
16.2333 504
16.25 501
16.2667 497
16.2833 494
16.3 490
16.3167 487
16.3333 483
16.35 479
16.3667 476
16.3833 472
16.4 468
16.4167 465
16.4333 461
16.45 457
16.4667 454
16.4833 450
16.5 446
16.5167 443
16.5333 439
16.55 435
16.5667 432
16.5833 428
16.6 424
16.6167 420
16.6333 417
16.65 413
16.6667 409
16.6833 405
16.7 401
16.7167 398
16.7333 394
16.75 390
16.7667 386
16.7833 382
16.8 379
16.8167 375
16.8333 371
16.85 367
16.8667 363
16.8833 359
16.9 356
16.9167 352
16.9333 348
16.95 344
16.9667 340
16.9833 336
