8.0 269
8.0167 273
8.0333 277
8.05 280
8.0667 284
8.0833 288
8.1 292
8.1167 296
8.1333 300
8.15 304
8.1667 308
8.1833 311
8.2 315
8.2167 319
8.2333 323
8.25 327
8.2667 331
8.2833 335
8.3 339
8.3167 343
8.3333 346
8.35 350
8.3667 354
8.3833 358
8.4 362
8.4167 366
8.4333 370
8.45 374
8.4667 378
8.4833 381
8.5 385
8.5167 389
8.5333 393
8.55 397
8.5667 401
8.5833 405
8.6 408
8.6167 412
8.6333 416
8.65 420
8.6667 424
8.6833 428
8.7 431
8.7167 435
8.7333 439
8.75 443
8.7667 447
8.7833 450
8.8 454
8.8167 458
8.8333 462
8.85 465
8.8667 469
8.8833 473
8.9 477
8.9167 480
8.9333 484
8.95 488
8.9667 492
8.9833 495
9.0 499
9.0167 504
9.0333 507
9.05 511
9.0667 515
9.0833 518
9.1 522
9.1167 526
9.1333 529
9.15 533
9.1667 536
9.1833 540
9.2 544
9.2167 547
9.2333 551
9.25 554
9.2667 558
9.2833 561
9.3 565
9.3167 568
9.3333 572
9.35 575
9.3667 579
9.3833 582
9.4 586
9.4167 589
9.4333 593
9.45 596
9.4667 600
9.4833 603
9.5 606
9.5167 610
9.5333 613
9.55 617
9.5667 620
9.5833 623
9.6 627
9.6167 630
9.6333 633
9.65 637
9.6667 640
9.6833 643
9.7 646
9.7167 650
9.7333 653
9.75 656
9.7667 659
9.7833 662
9.8 666
9.8167 669
9.8333 672
9.85 675
9.8667 678
9.8833 681
9.9 684
9.9167 687
9.9333 691
9.95 694
9.9667 697
9.9833 700
10.0 703
10.0167 706
10.0333 709
10.05 712
10.0667 715
10.0833 718
10.1 720
10.1167 723
10.1333 726
10.15 729
10.1667 732
10.1833 735
10.2 738
10.2167 741
10.2333 743
10.25 746
10.2667 749
10.2833 752
10.3 754
10.3167 757
10.3333 760
10.35 763
10.3667 765
10.3833 768
10.4 771
10.4167 773
10.4333 776
10.45 778
10.4667 781
10.4833 784
10.5 786
10.5167 789
10.5333 791
10.55 794
10.5667 796
10.5833 799
10.6 801
10.6167 804
10.6333 806
10.65 808
10.6667 811
10.6833 813
10.7 816
10.7167 818
10.7333 820
10.75 822
10.7667 825
10.7833 827
10.8 829
10.8167 832
10.8333 834
10.85 836
10.8667 838
10.8833 840
10.9 842
10.9167 845
10.9333 847
10.95 849
10.9667 851
10.9833 853
11.0 855
11.0167 857
11.0333 859
11.05 861
11.0667 863
11.0833 865
11.1 867
11.1167 869
11.1333 871
11.15 872
11.1667 874
11.1833 876
11.2 878
11.2167 880
11.2333 882
11.25 883
11.2667 885
11.2833 887
11.3 889
11.3167 890
11.3333 892
11.35 894
11.3667 895
11.3833 897
11.4 898
11.4167 900
11.4333 902
11.45 903
11.4667 905
11.4833 906
11.5 908
11.5167 909
11.5333 910
11.55 912
11.5667 913
11.5833 915
11.6 916
11.6167 917
11.6333 919
11.65 920
11.6667 921
11.6833 923
11.7 924
11.7167 925
11.7333 926
11.75 927
11.7667 929
11.7833 930
11.8 931
11.8167 932
11.8333 933
11.85 934
11.8667 935
11.8833 936
11.9 937
11.9167 938
11.9333 939
11.95 940
11.9667 941
11.9833 942
12.0 943
12.0167 944
12.0333 945
12.05 945
12.0667 946
12.0833 947
12.1 948
12.1167 949
12.1333 949
12.15 950
12.1667 951
12.1833 951
12.2 952
12.2167 953
12.2333 953
12.25 954
12.2667 954
12.2833 955
12.3 956
12.3167 956
12.3333 956
12.35 957
12.3667 957
12.3833 958
12.4 958
12.4167 959
12.4333 959
12.45 959
12.4667 960
12.4833 960
12.5 960
12.5167 961
12.5333 961
12.55 961
12.5667 961
12.5833 961
12.6 962
12.6167 962
12.6333 962
12.65 962
12.6667 962
12.6833 962
12.7 962
12.7167 962
12.7333 962
12.75 962
12.7667 962
12.7833 962
12.8 962
12.8167 962
12.8333 962
12.85 961
12.8667 961
12.8833 961
12.9 961
12.9167 961
12.9333 960
12.95 960
12.9667 960
12.9833 960
13.0 959
13.0167 959
13.0333 959
13.05 958
13.0667 958
13.0833 957
13.1 957
13.1167 956
13.1333 956
13.15 955
13.1667 955
13.1833 954
13.2 954
13.2167 953
13.2333 952
13.25 952
13.2667 951
13.2833 951
13.3 950
13.3167 949
13.3333 948
13.35 948
13.3667 947
13.3833 946
13.4 945
13.4167 944
13.4333 944
13.45 943
13.4667 942
13.4833 941
13.5 940
13.5167 939
13.5333 938
13.55 937
13.5667 936
13.5833 935
13.6 934
13.6167 933
13.6333 932
13.65 931
13.6667 929
13.6833 928
13.7 927
13.7167 926
13.7333 925
13.75 923
13.7667 922
13.7833 921
13.8 920
13.8167 918
13.8333 917
13.85 916
13.8667 914
13.8833 913
13.9 911
13.9167 910
13.9333 909
13.95 907
13.9667 906
13.9833 904
14.0 903
14.0167 901
14.0333 899
14.05 898
14.0667 896
14.0833 895
14.1 893
14.1167 891
14.1333 890
14.15 888
14.1667 886
14.1833 885
14.2 883
14.2167 881
14.2333 879
14.25 877
14.2667 876
14.2833 874
14.3 872
14.3167 870
14.3333 868
14.35 866
14.3667 864
14.3833 862
14.4 860
14.4167 858
14.4333 856
14.45 854
14.4667 852
14.4833 850
14.5 848
14.5167 846
14.5333 844
14.55 842
14.5667 840
14.5833 837
14.6 835
14.6167 833
14.6333 831
14.65 829
14.6667 826
14.6833 824
14.7 822
14.7167 819
14.7333 817
14.75 815
14.7667 812
14.7833 810
14.8 808
14.8167 805
14.8333 803
14.85 800
14.8667 798
14.8833 795
14.9 793
14.9167 790
14.9333 788
14.95 785
14.9667 783
14.9833 780
15.0 778
15.0167 775
15.0333 773
15.05 770
15.0667 767
15.0833 765
15.1 762
15.1167 759
15.1333 757
15.15 754
15.1667 751
15.1833 748
15.2 746
15.2167 743
15.2333 740
15.25 737
15.2667 734
15.2833 732
15.3 729
15.3167 726
15.3333 723
15.35 720
15.3667 717
15.3833 714
15.4 711
15.4167 708
15.4333 705
15.45 702
15.4667 699
15.4833 696
15.5 693
15.5167 690
15.5333 687
15.55 684
15.5667 681
15.5833 678
15.6 674
15.6167 671
15.6333 668
15.65 665
15.6667 662
15.6833 659
15.7 655
15.7167 652
15.7333 649
15.75 646
15.7667 642
15.7833 639
15.8 636
15.8167 633
15.8333 629
15.85 626
15.8667 623
15.8833 619
15.9 616
15.9167 613
15.9333 609
15.95 606
15.9667 602
15.9833 599
16.0 596
16.0167 592
16.0333 589
16.05 585
16.0667 582
16.0833 578
16.1 575
16.1167 571
16.1333 568
16.15 564
16.1667 561
16.1833 557
16.2 554
16.2167 550
16.2333 546
16.25 543
16.2667 539
16.2833 536
16.3 532
16.3167 528
16.3333 525
16.35 521
16.3667 518
16.3833 514
16.4 510
16.4167 507
16.4333 503
16.45 499
16.4667 495
16.4833 492
16.5 488
16.5167 484
16.5333 481
16.55 477
16.5667 473
16.5833 469
16.6 466
16.6167 462
16.6333 458
16.65 454
16.6667 450
16.6833 447
16.7 443
16.7167 439
16.7333 435
16.75 431
16.7667 428
16.7833 424
16.8 420
16.8167 416
16.8333 412
16.85 409
16.8667 405
16.8833 401
16.9 397
16.9167 393
16.9333 389
16.95 385
16.9667 381
16.9833 378
