8.0 299
8.0167 303
8.0333 307
8.05 311
8.0667 315
8.0833 319
8.1 323
8.1167 327
8.1333 331
8.15 335
8.1667 339
8.1833 343
8.2 347
8.2167 351
8.2333 355
8.25 359
8.2667 363
8.2833 367
8.3 371
8.3167 375
8.3333 379
8.35 383
8.3667 387
8.3833 390
8.4 394
8.4167 398
8.4333 402
8.45 406
8.4667 410
8.4833 414
8.5 418
8.5167 422
8.5333 426
8.55 430
8.5667 434
8.5833 438
8.6 442
8.6167 446
8.6333 450
8.65 453
8.6667 457
8.6833 461
8.7 465
8.7167 469
8.7333 473
8.75 477
8.7667 481
8.7833 484
8.8 488
8.8167 492
8.8333 496
8.85 500
8.8667 504
8.8833 507
8.9 511
8.9167 515
8.9333 519
8.95 522
8.9667 526
8.9833 530
9.0 534
9.0167 538
9.0333 542
9.05 546
9.0667 549
9.0833 553
9.1 557
9.1167 560
9.1333 564
9.15 568
9.1667 571
9.1833 575
9.2 579
9.2167 582
9.2333 586
9.25 590
9.2667 593
9.2833 597
9.3 600
9.3167 604
9.3333 607
9.35 611
9.3667 614
9.3833 618
9.4 621
9.4167 625
9.4333 628
9.45 632
9.4667 635
9.4833 639
9.5 642
9.5167 645
9.5333 649
9.55 652
9.5667 656
9.5833 659
9.6 662
9.6167 666
9.6333 669
9.65 672
9.6667 676
9.6833 679
9.7 682
9.7167 685
9.7333 689
9.75 692
9.7667 695
9.7833 698
9.8 701
9.8167 705
9.8333 708
9.85 711
9.8667 714
9.8833 717
9.9 720
9.9167 723
9.9333 726
9.95 730
9.9667 733
9.9833 736
10.0 739
10.0167 742
10.0333 745
10.05 748
10.0667 751
10.0833 754
10.1 756
10.1167 759
10.1333 762
10.15 765
10.1667 768
10.1833 771
10.2 774
10.2167 777
10.2333 779
10.25 782
10.2667 785
10.2833 788
10.3 790
10.3167 793
10.3333 796
10.35 799
10.3667 801
10.3833 804
10.4 807
10.4167 809
10.4333 812
10.45 814
10.4667 817
10.4833 820
10.5 822
10.5167 825
10.5333 827
10.55 830
10.5667 832
10.5833 835
10.6 837
10.6167 840
10.6333 842
10.65 844
10.6667 847
10.6833 849
10.7 852
10.7167 854
10.7333 856
10.75 858
10.7667 861
10.7833 863
10.8 865
10.8167 867
10.8333 870
10.85 872
10.8667 874
10.8833 876
10.9 878
10.9167 880
10.9333 883
10.95 885
10.9667 887
10.9833 889
11.0 891
11.0167 893
11.0333 895
11.05 897
11.0667 899
11.0833 901
11.1 903
11.1167 905
11.1333 906
11.15 908
11.1667 910
11.1833 912
11.2 914
11.2167 916
11.2333 917
11.25 919
11.2667 921
11.2833 923
11.3 924
11.3167 926
11.3333 928
11.35 929
11.3667 931
11.3833 932
11.4 934
11.4167 936
11.4333 937
11.45 939
11.4667 940
11.4833 942
11.5 943
11.5167 945
11.5333 946
11.55 947
11.5667 949
11.5833 950
11.6 952
11.6167 953
11.6333 954
11.65 955
11.6667 957
11.6833 958
11.7 959
11.7167 960
11.7333 962
11.75 963
11.7667 964
11.7833 965
11.8 966
11.8167 967
11.8333 968
11.85 969
11.8667 970
11.8833 972
11.9 973
11.9167 973
11.9333 974
11.95 975
11.9667 976
11.9833 977
12.0 978
12.0167 979
12.0333 980
12.05 981
12.0667 981
12.0833 982
12.1 983
12.1167 984
12.1333 984
12.15 985
12.1667 986
12.1833 986
12.2 987
12.2167 988
12.2333 988
12.25 989
12.2667 989
12.2833 990
12.3 990
12.3167 991
12.3333 991
12.35 992
12.3667 992
12.3833 993
12.4 993
12.4167 993
12.4333 994
12.45 994
12.4667 994
12.4833 995
12.5 995
12.5167 995
12.5333 995
12.55 996
12.5667 996
12.5833 996
12.6 996
12.6167 996
12.6333 996
12.65 996
12.6667 997
12.6833 997
12.7 997
12.7167 997
12.7333 997
12.75 997
12.7667 996
12.7833 996
12.8 996
12.8167 996
12.8333 996
12.85 996
12.8667 996
12.8833 995
12.9 995
12.9167 995
12.9333 995
12.95 994
12.9667 994
12.9833 994
13.0 993
13.0167 993
13.0333 993
13.05 992
13.0667 992
13.0833 991
13.1 991
13.1167 990
13.1333 990
13.15 989
13.1667 989
13.1833 988
13.2 988
13.2167 987
13.2333 986
13.25 986
13.2667 985
13.2833 984
13.3 984
13.3167 983
13.3333 982
13.35 981
13.3667 981
13.3833 980
13.4 979
13.4167 978
13.4333 977
13.45 976
13.4667 975
13.4833 975
13.5 974
13.5167 973
13.5333 972
13.55 971
13.5667 970
13.5833 968
13.6 967
13.6167 966
13.6333 965
13.65 964
13.6667 963
13.6833 962
13.7 961
13.7167 959
13.7333 958
13.75 957
13.7667 956
13.7833 954
13.8 953
13.8167 952
13.8333 950
13.85 949
13.8667 948
13.8833 946
13.9 945
13.9167 943
13.9333 942
13.95 940
13.9667 939
13.9833 937
14.0 936
14.0167 934
14.0333 933
14.05 931
14.0667 929
14.0833 928
14.1 926
14.1167 924
14.1333 923
14.15 921
14.1667 919
14.1833 917
14.2 916
14.2167 914
14.2333 912
14.25 910
14.2667 908
14.2833 907
14.3 905
14.3167 903
14.3333 901
14.35 899
14.3667 897
14.3833 895
14.4 893
14.4167 891
14.4333 889
14.45 887
14.4667 885
14.4833 883
14.5 881
14.5167 878
14.5333 876
14.55 874
14.5667 872
14.5833 870
14.6 868
14.6167 865
14.6333 863
14.65 861
14.6667 859
14.6833 856
14.7 854
14.7167 852
14.7333 849
14.75 847
14.7667 845
14.7833 842
14.8 840
14.8167 837
14.8333 835
14.85 832
14.8667 830
14.8833 827
14.9 825
14.9167 822
14.9333 820
14.95 817
14.9667 815
14.9833 812
15.0 810
15.0167 807
15.0333 804
15.05 802
15.0667 799
15.0833 796
15.1 794
15.1167 791
15.1333 788
15.15 785
15.1667 783
15.1833 780
15.2 777
15.2167 774
15.2333 771
15.25 769
15.2667 766
15.2833 763
15.3 760
15.3167 757
15.3333 754
15.35 751
15.3667 748
15.3833 745
15.4 742
15.4167 739
15.4333 736
15.45 733
15.4667 730
15.4833 727
15.5 724
15.5167 721
15.5333 718
15.55 715
15.5667 712
15.5833 708
15.6 705
15.6167 702
15.6333 699
15.65 696
15.6667 692
15.6833 689
15.7 686
15.7167 683
15.7333 679
15.75 676
15.7667 673
15.7833 670
15.8 666
15.8167 663
15.8333 660
15.85 656
15.8667 653
15.8833 649
15.9 646
15.9167 643
15.9333 639
15.95 636
15.9667 632
15.9833 629
16.0 625
16.0167 622
16.0333 618
16.05 615
16.0667 611
16.0833 608
16.1 604
16.1167 601
16.1333 597
16.15 594
16.1667 590
16.1833 586
16.2 583
16.2167 579
16.2333 576
16.25 572
16.2667 568
16.2833 565
16.3 561
16.3167 557
16.3333 554
16.35 550
16.3667 546
16.3833 543
16.4 539
16.4167 535
16.4333 531
16.45 528
16.4667 524
16.4833 520
16.5 516
16.5167 513
16.5333 509
16.55 505
16.5667 501
16.5833 497
16.6 494
16.6167 490
16.6333 486
16.65 482
16.6667 478
16.6833 474
16.7 470
16.7167 467
16.7333 463
16.75 459
16.7667 455
16.7833 451
16.8 447
16.8167 443
16.8333 439
16.85 435
16.8667 431
16.8833 428
16.9 424
16.9167 420
16.9333 416
16.95 412
16.9667 408
16.9833 404
