8.0 343
8.0167 347
8.0333 351
8.05 355
8.0667 359
8.0833 363
8.1 367
8.1167 371
8.1333 375
8.15 379
8.1667 383
8.1833 387
8.2 391
8.2167 395
8.2333 399
8.25 403
8.2667 407
8.2833 411
8.3 415
8.3167 419
8.3333 423
8.35 426
8.3667 430
8.3833 434
8.4 438
8.4167 442
8.4333 446
8.45 450
8.4667 454
8.4833 458
8.5 462
8.5167 466
8.5333 469
8.55 473
8.5667 477
8.5833 481
8.6 485
8.6167 489
8.6333 493
8.65 496
8.6667 500
8.6833 504
8.7 508
8.7167 512
8.7333 515
8.75 519
8.7667 523
8.7833 527
8.8 530
8.8167 534
8.8333 538
8.85 542
8.8667 545
8.8833 549
8.9 553
8.9167 557
8.9333 560
8.95 564
8.9667 568
8.9833 571
9.0 575
9.0167 579
9.0333 583
9.05 586
9.0667 590
9.0833 594
9.1 597
9.1167 601
9.1333 604
9.15 608
9.1667 612
9.1833 615
9.2 619
9.2167 622
9.2333 626
9.25 629
9.2667 633
9.2833 636
9.3 640
9.3167 643
9.3333 646
9.35 650
9.3667 653
9.3833 657
9.4 660
9.4167 664
9.4333 667
9.45 670
9.4667 674
9.4833 677
9.5 680
9.5167 684
9.5333 687
9.55 690
9.5667 693
9.5833 697
9.6 700
9.6167 703
9.6333 706
9.65 710
9.6667 713
9.6833 716
9.7 719
9.7167 722
9.7333 725
9.75 729
9.7667 732
9.7833 735
9.8 738
9.8167 741
9.8333 744
9.85 747
9.8667 750
9.8833 753
9.9 756
9.9167 759
9.9333 762
9.95 765
9.9667 768
9.9833 771
10.0 774
10.0167 777
10.0333 780
10.05 783
10.0667 785
10.0833 788
10.1 791
10.1167 794
10.1333 797
10.15 800
10.1667 802
10.1833 805
10.2 808
10.2167 811
10.2333 813
10.25 816
10.2667 819
10.2833 821
10.3 824
10.3167 827
10.3333 829
10.35 832
10.3667 834
10.3833 837
10.4 840
10.4167 842
10.4333 845
10.45 847
10.4667 850
10.4833 852
10.5 854
10.5167 857
10.5333 859
10.55 862
10.5667 864
10.5833 867
10.6 869
10.6167 871
10.6333 874
10.65 876
10.6667 878
10.6833 880
10.7 883
10.7167 885
10.7333 887
10.75 889
10.7667 892
10.7833 894
10.8 896
10.8167 898
10.8333 900
10.85 902
10.8667 904
10.8833 906
10.9 908
10.9167 910
10.9333 912
10.95 914
10.9667 916
10.9833 918
11.0 920
11.0167 922
11.0333 924
11.05 926
11.0667 928
11.0833 930
11.1 932
11.1167 933
11.1333 935
11.15 937
11.1667 939
11.1833 940
11.2 942
11.2167 944
11.2333 946
11.25 947
11.2667 949
11.2833 950
11.3 952
11.3167 954
11.3333 955
11.35 957
11.3667 958
11.3833 960
11.4 961
11.4167 963
11.4333 964
11.45 966
11.4667 967
11.4833 969
11.5 970
11.5167 971
11.5333 973
11.55 974
11.5667 975
11.5833 977
11.6 978
11.6167 979
11.6333 980
11.65 982
11.6667 983
11.6833 984
11.7 985
11.7167 986
11.7333 987
11.75 988
11.7667 989
11.7833 991
11.8 992
11.8167 993
11.8333 994
11.85 995
11.8667 996
11.8833 996
11.9 997
11.9167 998
11.9333 999
11.95 1000
11.9667 1001
11.9833 1002
12.0 1002
12.0167 1003
12.0333 1004
12.05 1005
12.0667 1005
12.0833 1006
12.1 1007
12.1167 1008
12.1333 1008
12.15 1009
12.1667 1009
12.1833 1010
12.2 1011
12.2167 1011
12.2333 1012
12.25 1012
12.2667 1013
12.2833 1013
12.3 1014
12.3167 1014
12.3333 1014
12.35 1015
12.3667 1015
12.3833 1015
12.4 1016
12.4167 1016
12.4333 1016
12.45 1017
12.4667 1017
12.4833 1017
12.5 1017
12.5167 1017
12.5333 1018
12.55 1018
12.5667 1018
12.5833 1018
12.6 1018
12.6167 1018
12.6333 1018
12.65 1018
12.6667 1018
12.6833 1018
12.7 1018
12.7167 1018
12.7333 1018
12.75 1018
12.7667 1018
12.7833 1018
12.8 1017
12.8167 1017
12.8333 1017
12.85 1017
12.8667 1017
12.8833 1016
12.9 1016
12.9167 1016
12.9333 1015
12.95 1015
12.9667 1015
12.9833 1014
13.0 1014
13.0167 1014
13.0333 1013
13.05 1013
13.0667 1012
13.0833 1012
13.1 1011
13.1167 1011
13.1333 1010
13.15 1009
13.1667 1009
13.1833 1008
13.2 1008
13.2167 1007
13.2333 1006
13.25 1006
13.2667 1005
13.2833 1004
13.3 1003
13.3167 1003
13.3333 1002
13.35 1001
13.3667 1000
13.3833 999
13.4 998
13.4167 998
13.4333 997
13.45 996
13.4667 995
13.4833 994
13.5 993
13.5167 992
13.5333 991
13.55 990
13.5667 989
13.5833 987
13.6 986
13.6167 985
13.6333 984
13.65 983
13.6667 982
13.6833 980
13.7 979
13.7167 978
13.7333 977
13.75 975
13.7667 974
13.7833 973
13.8 972
13.8167 970
13.8333 969
13.85 967
13.8667 966
13.8833 965
13.9 963
13.9167 962
13.9333 960
13.95 959
13.9667 957
13.9833 955
14.0 954
14.0167 952
14.0333 951
14.05 949
14.0667 947
14.0833 946
14.1 944
14.1167 942
14.1333 941
14.15 939
14.1667 937
14.1833 935
14.2 934
14.2167 932
14.2333 930
14.25 928
14.2667 926
14.2833 924
14.3 922
14.3167 921
14.3333 919
14.35 917
14.3667 915
14.3833 913
14.4 911
14.4167 909
14.4333 907
14.45 905
14.4667 903
14.4833 900
14.5 898
14.5167 896
14.5333 894
14.55 892
14.5667 890
14.5833 887
14.6 885
14.6167 883
14.6333 881
14.65 879
14.6667 876
14.6833 874
14.7 872
14.7167 869
14.7333 867
14.75 865
14.7667 862
14.7833 860
14.8 857
14.8167 855
14.8333 852
14.85 850
14.8667 847
14.8833 845
14.9 842
14.9167 840
14.9333 837
14.95 835
14.9667 832
14.9833 830
15.0 827
15.0167 825
15.0333 822
15.05 819
15.0667 817
15.0833 814
15.1 811
15.1167 808
15.1333 806
15.15 803
15.1667 800
15.1833 797
15.2 795
15.2167 792
15.2333 789
15.25 786
15.2667 783
15.2833 780
15.3 778
15.3167 775
15.3333 772
15.35 769
15.3667 766
15.3833 763
15.4 760
15.4167 757
15.4333 754
15.45 751
15.4667 748
15.4833 745
15.5 742
15.5167 739
15.5333 736
15.55 732
15.5667 729
15.5833 726
15.6 723
15.6167 720
15.6333 717
15.65 714
15.6667 710
15.6833 707
15.7 704
15.7167 701
15.7333 697
15.75 694
15.7667 691
15.7833 688
15.8 684
15.8167 681
15.8333 678
15.85 674
15.8667 671
15.8833 668
15.9 664
15.9167 661
15.9333 658
15.95 654
15.9667 651
15.9833 647
16.0 644
16.0167 640
16.0333 637
16.05 633
16.0667 630
16.0833 626
16.1 623
16.1167 619
16.1333 616
16.15 612
16.1667 609
16.1833 605
16.2 602
16.2167 598
16.2333 594
16.25 591
16.2667 587
16.2833 584
16.3 580
16.3167 576
16.3333 573
16.35 569
16.3667 565
16.3833 562
16.4 558
16.4167 554
16.4333 551
16.45 547
16.4667 543
16.4833 539
16.5 536
16.5167 532
16.5333 528
16.55 524
16.5667 521
16.5833 517
16.6 513
16.6167 509
16.6333 506
16.65 502
16.6667 498
16.6833 494
16.7 490
16.7167 486
16.7333 483
16.75 479
16.7667 475
16.7833 471
16.8 467
16.8167 463
16.8333 459
16.85 455
16.8667 452
16.8833 448
16.9 444
16.9167 440
16.9333 436
16.95 432
16.9667 428
16.9833 424
