8.0 414
8.0167 418
8.0333 422
8.05 426
8.0667 430
8.0833 434
8.1 438
8.1167 441
8.1333 445
8.15 449
8.1667 453
8.1833 457
8.2 461
8.2167 465
8.2333 468
8.25 472
8.2667 476
8.2833 480
8.3 484
8.3167 488
8.3333 491
8.35 495
8.3667 499
8.3833 503
8.4 507
8.4167 510
8.4333 514
8.45 518
8.4667 522
8.4833 525
8.5 529
8.5167 533
8.5333 537
8.55 540
8.5667 544
8.5833 548
8.6 552
8.6167 555
8.6333 559
8.65 563
8.6667 566
8.6833 570
8.7 574
8.7167 577
8.7333 581
8.75 585
8.7667 588
8.7833 592
8.8 595
8.8167 599
8.8333 603
8.85 606
8.8667 610
8.8833 613
8.9 617
8.9167 620
8.9333 624
8.95 627
8.9667 631
8.9833 634
9.0 638
9.0167 642
9.0333 645
9.05 649
9.0667 652
9.0833 655
9.1 659
9.1167 662
9.1333 666
9.15 669
9.1667 673
9.1833 676
9.2 679
9.2167 683
9.2333 686
9.25 689
9.2667 693
9.2833 696
9.3 699
9.3167 703
9.3333 706
9.35 709
9.3667 712
9.3833 716
9.4 719
9.4167 722
9.4333 725
9.45 729
9.4667 732
9.4833 735
9.5 738
9.5167 741
9.5333 744
9.55 747
9.5667 751
9.5833 754
9.6 757
9.6167 760
9.6333 763
9.65 766
9.6667 769
9.6833 772
9.7 775
9.7167 778
9.7333 781
9.75 784
9.7667 787
9.7833 790
9.8 793
9.8167 796
9.8333 799
9.85 802
9.8667 805
9.8833 807
9.9 810
9.9167 813
9.9333 816
9.95 819
9.9667 822
9.9833 824
10.0 827
10.0167 830
10.0333 833
10.05 835
10.0667 838
10.0833 841
10.1 843
10.1167 846
10.1333 849
10.15 851
10.1667 854
10.1833 857
10.2 859
10.2167 862
10.2333 864
10.25 867
10.2667 869
10.2833 872
10.3 874
10.3167 877
10.3333 879
10.35 882
10.3667 884
10.3833 887
10.4 889
10.4167 892
10.4333 894
10.45 896
10.4667 899
10.4833 901
10.5 903
10.5167 906
10.5333 908
10.55 910
10.5667 912
10.5833 915
10.6 917
10.6167 919
10.6333 921
10.65 923
10.6667 926
10.6833 928
10.7 930
10.7167 932
10.7333 934
10.75 936
10.7667 938
10.7833 940
10.8 942
10.8167 944
10.8333 946
10.85 948
10.8667 950
10.8833 952
10.9 954
10.9167 956
10.9333 958
10.95 960
10.9667 962
10.9833 963
11.0 965
11.0167 967
11.0333 969
11.05 971
11.0667 972
11.0833 974
11.1 976
11.1167 978
11.1333 979
11.15 981
11.1667 983
11.1833 984
11.2 986
11.2167 987
11.2333 989
11.25 991
11.2667 992
11.2833 994
11.3 995
11.3167 997
11.3333 998
11.35 1000
11.3667 1001
11.3833 1002
11.4 1004
11.4167 1005
11.4333 1006
11.45 1008
11.4667 1009
11.4833 1010
11.5 1012
11.5167 1013
11.5333 1014
11.55 1016
11.5667 1017
11.5833 1018
11.6 1019
11.6167 1020
11.6333 1021
11.65 1023
11.6667 1024
11.6833 1025
11.7 1026
11.7167 1027
11.7333 1028
11.75 1029
11.7667 1030
11.7833 1031
11.8 1032
11.8167 1033
11.8333 1034
11.85 1035
11.8667 1036
11.8833 1036
11.9 1037
11.9167 1038
11.9333 1039
11.95 1040
11.9667 1040
11.9833 1041
12.0 1042
12.0167 1043
12.0333 1043
12.05 1044
12.0667 1045
12.0833 1045
12.1 1046
12.1167 1047
12.1333 1047
12.15 1048
12.1667 1048
12.1833 1049
12.2 1049
12.2167 1050
12.2333 1050
12.25 1051
12.2667 1051
12.2833 1051
12.3 1052
12.3167 1052
12.3333 1053
12.35 1053
12.3667 1053
12.3833 1054
12.4 1054
12.4167 1054
12.4333 1054
12.45 1055
12.4667 1055
12.4833 1055
12.5 1055
12.5167 1055
12.5333 1055
12.55 1055
12.5667 1056
12.5833 1056
12.6 1056
12.6167 1056
12.6333 1056
12.65 1056
12.6667 1056
12.6833 1056
12.7 1056
12.7167 1055
12.7333 1055
12.75 1055
12.7667 1055
12.7833 1055
12.8 1055
12.8167 1055
12.8333 1054
12.85 1054
12.8667 1054
12.8833 1054
12.9 1053
12.9167 1053
12.9333 1053
12.95 1052
12.9667 1052
12.9833 1051
13.0 1051
13.0167 1051
13.0333 1050
13.05 1050
13.0667 1049
13.0833 1049
13.1 1048
13.1167 1048
13.1333 1047
13.15 1046
13.1667 1046
13.1833 1045
13.2 1045
13.2167 1044
13.2333 1043
13.25 1043
13.2667 1042
13.2833 1041
13.3 1040
13.3167 1040
13.3333 1039
13.35 1038
13.3667 1037
13.3833 1036
13.4 1035
13.4167 1035
13.4333 1034
13.45 1033
13.4667 1032
13.4833 1031
13.5 1030
13.5167 1029
13.5333 1028
13.55 1027
13.5667 1026
13.5833 1025
13.6 1024
13.6167 1022
13.6333 1021
13.65 1020
13.6667 1019
13.6833 1018
13.7 1017
13.7167 1015
13.7333 1014
13.75 1013
13.7667 1012
13.7833 1010
13.8 1009
13.8167 1008
13.8333 1006
13.85 1005
13.8667 1004
13.8833 1002
13.9 1001
13.9167 999
13.9333 998
13.95 997
13.9667 995
13.9833 994
14.0 992
14.0167 990
14.0333 989
14.05 987
14.0667 986
14.0833 984
14.1 982
14.1167 981
14.1333 979
14.15 977
14.1667 976
14.1833 974
14.2 972
14.2167 971
14.2333 969
14.25 967
14.2667 965
14.2833 963
14.3 961
14.3167 960
14.3333 958
14.35 956
14.3667 954
14.3833 952
14.4 950
14.4167 948
14.4333 946
14.45 944
14.4667 942
14.4833 940
14.5 938
14.5167 936
14.5333 934
14.55 932
14.5667 930
14.5833 928
14.6 925
14.6167 923
14.6333 921
14.65 919
14.6667 917
14.6833 915
14.7 912
14.7167 910
14.7333 908
14.75 905
14.7667 903
14.7833 901
14.8 899
14.8167 896
14.8333 894
14.85 891
14.8667 889
14.8833 887
14.9 884
14.9167 882
14.9333 879
14.95 877
14.9667 874
14.9833 872
15.0 869
15.0167 867
15.0333 864
15.05 862
15.0667 859
15.0833 857
15.1 854
15.1167 851
15.1333 849
15.15 846
15.1667 843
15.1833 841
15.2 838
15.2167 835
15.2333 833
15.25 830
15.2667 827
15.2833 824
15.3 821
15.3167 819
15.3333 816
15.35 813
15.3667 810
15.3833 807
15.4 804
15.4167 802
15.4333 799
15.45 796
15.4667 793
15.4833 790
15.5 787
15.5167 784
15.5333 781
15.55 778
15.5667 775
15.5833 772
15.6 769
15.6167 766
15.6333 763
15.65 760
15.6667 757
15.6833 754
15.7 751
15.7167 747
15.7333 744
15.75 741
15.7667 738
15.7833 735
15.8 732
15.8167 729
15.8333 725
15.85 722
15.8667 719
15.8833 716
15.9 712
15.9167 709
15.9333 706
15.95 703
15.9667 699
15.9833 696
16.0 693
16.0167 689
16.0333 686
16.05 683
16.0667 679
16.0833 676
16.1 673
16.1167 669
16.1333 666
16.15 662
16.1667 659
16.1833 655
16.2 652
16.2167 649
16.2333 645
16.25 642
16.2667 638
16.2833 635
16.3 631
16.3167 628
16.3333 624
16.35 621
16.3667 617
16.3833 613
16.4 610
16.4167 606
16.4333 603
16.45 599
16.4667 596
16.4833 592
16.5 588
16.5167 585
16.5333 581
16.55 577
16.5667 574
16.5833 570
16.6 566
16.6167 563
16.6333 559
16.65 555
16.6667 552
16.6833 548
16.7 544
16.7167 541
16.7333 537
16.75 533
16.7667 529
16.7833 526
16.8 522
16.8167 518
16.8333 514
16.85 511
16.8667 507
16.8833 503
16.9 499
16.9167 495
16.9333 492
16.95 488
16.9667 484
16.9833 480
