8.0 345
8.0167 348
8.0333 352
8.05 356
8.0667 359
8.0833 363
8.1 367
8.1167 370
8.1333 374
8.15 378
8.1667 381
8.1833 385
8.2 389
8.2167 392
8.2333 396
8.25 399
8.2667 403
8.2833 407
8.3 410
8.3167 414
8.3333 418
8.35 421
8.3667 425
8.3833 428
8.4 432
8.4167 436
8.4333 439
8.45 443
8.4667 447
8.4833 450
8.5 454
8.5167 457
8.5333 461
8.55 464
8.5667 468
8.5833 472
8.6 475
8.6167 479
8.6333 482
8.65 486
8.6667 489
8.6833 493
8.7 496
8.7167 500
8.7333 503
8.75 507
8.7667 510
8.7833 514
8.8 517
8.8167 521
8.8333 524
8.85 528
8.8667 531
8.8833 535
8.9 538
8.9167 542
8.9333 545
8.95 548
8.9667 552
8.9833 555
9.0 559
9.0167 562
9.0333 566
9.05 569
9.0667 572
9.0833 576
9.1 579
9.1167 582
9.1333 586
9.15 589
9.1667 592
9.1833 596
9.2 599
9.2167 602
9.2333 605
9.25 609
9.2667 612
9.2833 615
9.3 618
9.3167 622
9.3333 625
9.35 628
9.3667 631
9.3833 634
9.4 638
9.4167 641
9.4333 644
9.45 647
9.4667 650
9.4833 653
9.5 656
9.5167 659
9.5333 662
9.55 666
9.5667 669
9.5833 672
9.6 675
9.6167 678
9.6333 681
9.65 684
9.6667 687
9.6833 690
9.7 693
9.7167 696
9.7333 698
9.75 701
9.7667 704
9.7833 707
9.8 710
9.8167 713
9.8333 716
9.85 719
9.8667 721
9.8833 724
9.9 727
9.9167 730
9.9333 733
9.95 735
9.9667 738
9.9833 741
10.0 744
10.0167 746
10.0333 749
10.05 752
10.0667 754
10.0833 757
10.1 760
10.1167 762
10.1333 765
10.15 767
10.1667 770
10.1833 773
10.2 775
10.2167 778
10.2333 780
10.25 783
10.2667 785
10.2833 788
10.3 790
10.3167 793
10.3333 795
10.35 798
10.3667 800
10.3833 802
10.4 805
10.4167 807
10.4333 809
10.45 812
10.4667 814
10.4833 816
10.5 819
10.5167 821
10.5333 823
10.55 825
10.5667 828
10.5833 830
10.6 832
10.6167 834
10.6333 836
10.65 839
10.6667 841
10.6833 843
10.7 845
10.7167 847
10.7333 849
10.75 851
10.7667 853
10.7833 855
10.8 857
10.8167 859
10.8333 861
10.85 863
10.8667 865
10.8833 867
10.9 869
10.9167 871
10.9333 872
10.95 874
10.9667 876
10.9833 878
11.0 880
11.0167 882
11.0333 883
11.05 885
11.0667 887
11.0833 889
11.1 890
11.1167 892
11.1333 894
11.15 895
11.1667 897
11.1833 898
11.2 900
11.2167 902
11.2333 903
11.25 905
11.2667 906
11.2833 908
11.3 909
11.3167 911
11.3333 912
11.35 914
11.3667 915
11.3833 916
11.4 918
11.4167 919
11.4333 921
11.45 922
11.4667 923
11.4833 924
11.5 926
11.5167 927
11.5333 928
11.55 929
11.5667 931
11.5833 932
11.6 933
11.6167 934
11.6333 935
11.65 936
11.6667 938
11.6833 939
11.7 940
11.7167 941
11.7333 942
11.75 943
11.7667 944
11.7833 945
11.8 946
11.8167 947
11.8333 947
11.85 948
11.8667 949
11.8833 950
11.9 951
11.9167 952
11.9333 953
11.95 953
11.9667 954
11.9833 955
12.0 956
12.0167 956
12.0333 957
12.05 958
12.0667 958
12.0833 959
12.1 960
12.1167 960
12.1333 961
12.15 961
12.1667 962
12.1833 962
12.2 963
12.2167 963
12.2333 964
12.25 964
12.2667 965
12.2833 965
12.3 965
12.3167 966
12.3333 966
12.35 966
12.3667 967
12.3833 967
12.4 967
12.4167 968
12.4333 968
12.45 968
12.4667 968
12.4833 968
12.5 969
12.5167 969
12.5333 969
12.55 969
12.5667 969
12.5833 969
12.6 969
12.6167 969
12.6333 969
12.65 969
12.6667 969
12.6833 969
12.7 969
12.7167 969
12.7333 969
12.75 969
12.7667 968
12.7833 968
12.8 968
12.8167 968
12.8333 968
12.85 967
12.8667 967
12.8833 967
12.9 967
12.9167 966
12.9333 966
12.95 966
12.9667 965
12.9833 965
13.0 964
13.0167 964
13.0333 963
13.05 963
13.0667 963
13.0833 962
13.1 961
13.1167 961
13.1333 960
13.15 960
13.1667 959
13.1833 959
13.2 958
13.2167 957
13.2333 957
13.25 956
13.2667 955
13.2833 954
13.3 954
13.3167 953
13.3333 952
13.35 951
13.3667 950
13.3833 950
13.4 949
13.4167 948
13.4333 947
13.45 946
13.4667 945
13.4833 944
13.5 943
13.5167 942
13.5333 941
13.55 940
13.5667 939
13.5833 938
13.6 937
13.6167 936
13.6333 935
13.65 934
13.6667 932
13.6833 931
13.7 930
13.7167 929
13.7333 928
13.75 926
13.7667 925
13.7833 924
13.8 922
13.8167 921
13.8333 920
13.85 918
13.8667 917
13.8833 916
13.9 914
13.9167 913
13.9333 911
13.95 910
13.9667 908
13.9833 907
14.0 905
14.0167 904
14.0333 902
14.05 901
14.0667 899
14.0833 898
14.1 896
14.1167 894
14.1333 893
14.15 891
14.1667 889
14.1833 888
14.2 886
14.2167 884
14.2333 882
14.25 881
14.2667 879
14.2833 877
14.3 875
14.3167 873
14.3333 871
14.35 870
14.3667 868
14.3833 866
14.4 864
14.4167 862
14.4333 860
14.45 858
14.4667 856
14.4833 854
14.5 852
14.5167 850
14.5333 848
14.55 846
14.5667 844
14.5833 842
14.6 839
14.6167 837
14.6333 835
14.65 833
14.6667 831
14.6833 829
14.7 826
14.7167 824
14.7333 822
14.75 820
14.7667 817
14.7833 815
14.8 813
14.8167 810
14.8333 808
14.85 806
14.8667 803
14.8833 801
14.9 799
14.9167 796
14.9333 794
14.95 791
14.9667 789
14.9833 786
15.0 784
15.0167 781
15.0333 779
15.05 776
15.0667 774
15.0833 771
15.1 769
15.1167 766
15.1333 764
15.15 761
15.1667 758
15.1833 756
15.2 753
15.2167 750
15.2333 748
15.25 745
15.2667 742
15.2833 739
15.3 737
15.3167 734
15.3333 731
15.35 728
15.3667 726
15.3833 723
15.4 720
15.4167 717
15.4333 714
15.45 711
15.4667 709
15.4833 706
15.5 703
15.5167 700
15.5333 697
15.55 694
15.5667 691
15.5833 688
15.6 685
15.6167 682
15.6333 679
15.65 676
15.6667 673
15.6833 670
15.7 667
15.7167 664
15.7333 661
15.75 658
15.7667 655
15.7833 652
15.8 649
15.8167 645
15.8333 642
15.85 639
15.8667 636
15.8833 633
15.9 630
15.9167 626
15.9333 623
15.95 620
15.9667 617
15.9833 614
16.0 610
16.0167 607
16.0333 604
16.05 601
16.0667 597
16.0833 594
16.1 591
16.1167 587
16.1333 584
16.15 581
16.1667 577
16.1833 574
16.2 571
16.2167 567
16.2333 564
16.25 561
16.2667 557
16.2833 554
16.3 550
16.3167 547
16.3333 544
16.35 540
16.3667 537
16.3833 533
16.4 530
16.4167 526
16.4333 523
16.45 519
16.4667 516
16.4833 512
16.5 509
16.5167 505
16.5333 502
16.55 498
16.5667 495
16.5833 491
16.6 488
16.6167 484
16.6333 481
16.65 477
16.6667 474
16.6833 470
16.7 467
16.7167 463
16.7333 459
16.75 456
16.7667 452
16.7833 449
16.8 445
16.8167 441
16.8333 438
16.85 434
16.8667 431
16.8833 427
16.9 423
16.9167 420
16.9333 416
16.95 412
16.9667 409
16.9833 405
