8.0 331
8.0167 335
8.0333 339
8.05 342
8.0667 346
8.0833 349
8.1 353
8.1167 357
8.1333 360
8.15 364
8.1667 368
8.1833 371
8.2 375
8.2167 378
8.2333 382
8.25 386
8.2667 389
8.2833 393
8.3 396
8.3167 400
8.3333 404
8.35 407
8.3667 411
8.3833 414
8.4 418
8.4167 422
8.4333 425
8.45 429
8.4667 432
8.4833 436
8.5 439
8.5167 443
8.5333 447
8.55 450
8.5667 454
8.5833 457
8.6 461
8.6167 464
8.6333 468
8.65 471
8.6667 475
8.6833 478
8.7 482
8.7167 485
8.7333 489
8.75 492
8.7667 496
8.7833 499
8.8 503
8.8167 506
8.8333 510
8.85 513
8.8667 517
8.8833 520
8.9 523
8.9167 527
8.9333 530
8.95 534
8.9667 537
8.9833 540
9.0 544
9.0167 547
9.0333 551
9.05 554
9.0667 557
9.0833 561
9.1 564
9.1167 567
9.1333 571
9.15 574
9.1667 577
9.1833 581
9.2 584
9.2167 587
9.2333 590
9.25 594
9.2667 597
9.2833 600
9.3 603
9.3167 607
9.3333 610
9.35 613
9.3667 616
9.3833 619
9.4 622
9.4167 626
9.4333 629
9.45 632
9.4667 635
9.4833 638
9.5 641
9.5167 644
9.5333 647
9.55 650
9.5667 653
9.5833 656
9.6 659
9.6167 662
9.6333 665
9.65 668
9.6667 671
9.6833 674
9.7 677
9.7167 680
9.7333 683
9.75 686
9.7667 689
9.7833 692
9.8 695
9.8167 698
9.8333 700
9.85 703
9.8667 706
9.8833 709
9.9 712
9.9167 715
9.9333 717
9.95 720
9.9667 723
9.9833 726
10.0 728
10.0167 731
10.0333 734
10.05 736
10.0667 739
10.0833 742
10.1 744
10.1167 747
10.1333 750
10.15 752
10.1667 755
10.1833 757
10.2 760
10.2167 762
10.2333 765
10.25 767
10.2667 770
10.2833 772
10.3 775
10.3167 777
10.3333 780
10.35 782
10.3667 785
10.3833 787
10.4 789
10.4167 792
10.4333 794
10.45 796
10.4667 799
10.4833 801
10.5 803
10.5167 806
10.5333 808
10.55 810
10.5667 812
10.5833 814
10.6 817
10.6167 819
10.6333 821
10.65 823
10.6667 825
10.6833 827
10.7 829
10.7167 832
10.7333 834
10.75 836
10.7667 838
10.7833 840
10.8 842
10.8167 844
10.8333 846
10.85 848
10.8667 850
10.8833 851
10.9 853
10.9167 855
10.9333 857
10.95 859
10.9667 861
10.9833 863
11.0 864
11.0167 866
11.0333 868
11.05 870
11.0667 871
11.0833 873
11.1 875
11.1167 877
11.1333 878
11.15 880
11.1667 882
11.1833 883
11.2 885
11.2167 886
11.2333 888
11.25 889
11.2667 891
11.2833 892
11.3 894
11.3167 895
11.3333 897
11.35 898
11.3667 900
11.3833 901
11.4 902
11.4167 904
11.4333 905
11.45 907
11.4667 908
11.4833 909
11.5 910
11.5167 912
11.5333 913
11.55 914
11.5667 915
11.5833 917
11.6 918
11.6167 919
11.6333 920
11.65 921
11.6667 922
11.6833 923
11.7 924
11.7167 925
11.7333 926
11.75 927
11.7667 928
11.7833 929
11.8 930
11.8167 931
11.8333 932
11.85 933
11.8667 934
11.8833 935
11.9 936
11.9167 936
11.9333 937
11.95 938
11.9667 939
11.9833 939
12.0 940
12.0167 941
12.0333 942
12.05 942
12.0667 943
12.0833 944
12.1 944
12.1167 945
12.1333 945
12.15 946
12.1667 946
12.1833 947
12.2 947
12.2167 948
12.2333 948
12.25 949
12.2667 949
12.2833 950
12.3 950
12.3167 950
12.3333 951
12.35 951
12.3667 951
12.3833 952
12.4 952
12.4167 952
12.4333 952
12.45 953
12.4667 953
12.4833 953
12.5 953
12.5167 953
12.5333 953
12.55 954
12.5667 954
12.5833 954
12.6 954
12.6167 954
12.6333 954
12.65 954
12.6667 954
12.6833 954
12.7 954
12.7167 953
12.7333 953
12.75 953
12.7667 953
12.7833 953
12.8 953
12.8167 953
12.8333 952
12.85 952
12.8667 952
12.8833 951
12.9 951
12.9167 951
12.9333 951
12.95 950
12.9667 950
12.9833 949
13.0 949
13.0167 949
13.0333 948
13.05 948
13.0667 947
13.0833 947
13.1 946
13.1167 946
13.1333 945
13.15 944
13.1667 944
13.1833 943
13.2 942
13.2167 942
13.2333 941
13.25 940
13.2667 940
13.2833 939
13.3 938
13.3167 937
13.3333 937
13.35 936
13.3667 935
13.3833 934
13.4 933
13.4167 932
13.4333 932
13.45 931
13.4667 930
13.4833 929
13.5 928
13.5167 927
13.5333 926
13.55 925
13.5667 924
13.5833 923
13.6 921
13.6167 920
13.6333 919
13.65 918
13.6667 917
13.6833 916
13.7 915
13.7167 913
13.7333 912
13.75 911
13.7667 910
13.7833 908
13.8 907
13.8167 906
13.8333 904
13.85 903
13.8667 902
13.8833 900
13.9 899
13.9167 897
13.9333 896
13.95 894
13.9667 893
13.9833 891
14.0 890
14.0167 888
14.0333 887
14.05 885
14.0667 884
14.0833 882
14.1 880
14.1167 879
14.1333 877
14.15 875
14.1667 874
14.1833 872
14.2 870
14.2167 869
14.2333 867
14.25 865
14.2667 863
14.2833 861
14.3 860
14.3167 858
14.3333 856
14.35 854
14.3667 852
14.3833 850
14.4 848
14.4167 846
14.4333 844
14.45 842
14.4667 840
14.4833 838
14.5 836
14.5167 834
14.5333 832
14.55 830
14.5667 828
14.5833 826
14.6 824
14.6167 822
14.6333 820
14.65 817
14.6667 815
14.6833 813
14.7 811
14.7167 809
14.7333 806
14.75 804
14.7667 802
14.7833 800
14.8 797
14.8167 795
14.8333 793
14.85 790
14.8667 788
14.8833 785
14.9 783
14.9167 781
14.9333 778
14.95 776
14.9667 773
14.9833 771
15.0 768
15.0167 766
15.0333 763
15.05 761
15.0667 758
15.0833 756
15.1 753
15.1167 751
15.1333 748
15.15 745
15.1667 743
15.1833 740
15.2 737
15.2167 735
15.2333 732
15.25 729
15.2667 727
15.2833 724
15.3 721
15.3167 718
15.3333 716
15.35 713
15.3667 710
15.3833 707
15.4 705
15.4167 702
15.4333 699
15.45 696
15.4667 693
15.4833 690
15.5 687
15.5167 684
15.5333 682
15.55 679
15.5667 676
15.5833 673
15.6 670
15.6167 667
15.6333 664
15.65 661
15.6667 658
15.6833 655
15.7 652
15.7167 649
15.7333 646
15.75 642
15.7667 639
15.7833 636
15.8 633
15.8167 630
15.8333 627
15.85 624
15.8667 621
15.8833 617
15.9 614
15.9167 611
15.9333 608
15.95 605
15.9667 602
15.9833 598
16.0 595
16.0167 592
16.0333 589
16.05 585
16.0667 582
16.0833 579
16.1 575
16.1167 572
16.1333 569
16.15 566
16.1667 562
16.1833 559
16.2 556
16.2167 552
16.2333 549
16.25 546
16.2667 542
16.2833 539
16.3 535
16.3167 532
16.3333 529
16.35 525
16.3667 522
16.3833 518
16.4 515
16.4167 511
16.4333 508
16.45 505
16.4667 501
16.4833 498
16.5 494
16.5167 491
16.5333 487
16.55 484
16.5667 480
16.5833 477
16.6 473
16.6167 470
16.6333 466
16.65 463
16.6667 459
16.6833 455
16.7 452
16.7167 448
16.7333 445
16.75 441
16.7667 438
16.7833 434
16.8 431
16.8167 427
16.8333 423
16.85 420
16.8667 416
16.8833 413
16.9 409
16.9167 405
16.9333 402
16.95 398
16.9667 395
16.9833 391
