8.0 396
8.0167 400
8.0333 404
8.05 407
8.0667 411
8.0833 415
8.1 419
8.1167 422
8.1333 426
8.15 430
8.1667 434
8.1833 437
8.2 441
8.2167 445
8.2333 448
8.25 452
8.2667 456
8.2833 460
8.3 463
8.3167 467
8.3333 471
8.35 474
8.3667 478
8.3833 482
8.4 486
8.4167 489
8.4333 493
8.45 497
8.4667 500
8.4833 504
8.5 507
8.5167 511
8.5333 515
8.55 518
8.5667 522
8.5833 526
8.6 529
8.6167 533
8.6333 536
8.65 540
8.6667 544
8.6833 547
8.7 551
8.7167 554
8.7333 558
8.75 561
8.7667 565
8.7833 568
8.8 572
8.8167 575
8.8333 579
8.85 582
8.8667 586
8.8833 589
8.9 593
8.9167 596
8.9333 600
8.95 603
8.9667 607
8.9833 610
9.0 614
9.0167 617
9.0333 620
9.05 624
9.0667 627
9.0833 630
9.1 634
9.1167 637
9.1333 640
9.15 644
9.1667 647
9.1833 650
9.2 654
9.2167 657
9.2333 660
9.25 664
9.2667 667
9.2833 670
9.3 673
9.3167 677
9.3333 680
9.35 683
9.3667 686
9.3833 689
9.4 693
9.4167 696
9.4333 699
9.45 702
9.4667 705
9.4833 708
9.5 711
9.5167 714
9.5333 718
9.55 721
9.5667 724
9.5833 727
9.6 730
9.6167 733
9.6333 736
9.65 739
9.6667 742
9.6833 745
9.7 748
9.7167 751
9.7333 754
9.75 757
9.7667 759
9.7833 762
9.8 765
9.8167 768
9.8333 771
9.85 774
9.8667 777
9.8833 779
9.9 782
9.9167 785
9.9333 788
9.95 791
9.9667 793
9.9833 796
10.0 799
10.0167 802
10.0333 804
10.05 807
10.0667 810
10.0833 812
10.1 815
10.1167 818
10.1333 820
10.15 823
10.1667 825
10.1833 828
10.2 830
10.2167 833
10.2333 836
10.25 838
10.2667 841
10.2833 843
10.3 846
10.3167 848
10.3333 850
10.35 853
10.3667 855
10.3833 858
10.4 860
10.4167 862
10.4333 865
10.45 867
10.4667 869
10.4833 872
10.5 874
10.5167 876
10.5333 879
10.55 881
10.5667 883
10.5833 885
10.6 887
10.6167 890
10.6333 892
10.65 894
10.6667 896
10.6833 898
10.7 900
10.7167 902
10.7333 905
10.75 907
10.7667 909
10.7833 911
10.8 913
10.8167 915
10.8333 917
10.85 919
10.8667 921
10.8833 922
10.9 924
10.9167 926
10.9333 928
10.95 930
10.9667 932
10.9833 934
11.0 936
11.0167 937
11.0333 939
11.05 941
11.0667 943
11.0833 944
11.1 946
11.1167 948
11.1333 949
11.15 951
11.1667 953
11.1833 954
11.2 956
11.2167 958
11.2333 959
11.25 961
11.2667 962
11.2833 964
11.3 965
11.3167 967
11.3333 968
11.35 970
11.3667 971
11.3833 973
11.4 974
11.4167 975
11.4333 977
11.45 978
11.4667 979
11.4833 981
11.5 982
11.5167 983
11.5333 985
11.55 986
11.5667 987
11.5833 988
11.6 989
11.6167 991
11.6333 992
11.65 993
11.6667 994
11.6833 995
11.7 996
11.7167 997
11.7333 998
11.75 999
11.7667 1000
11.7833 1001
11.8 1002
11.8167 1003
11.8333 1004
11.85 1005
11.8667 1006
11.8833 1007
11.9 1008
11.9167 1009
11.9333 1009
11.95 1010
11.9667 1011
11.9833 1012
12.0 1013
12.0167 1013
12.0333 1014
12.05 1015
12.0667 1015
12.0833 1016
12.1 1017
12.1167 1017
12.1333 1018
12.15 1019
12.1667 1019
12.1833 1020
12.2 1020
12.2167 1021
12.2333 1021
12.25 1022
12.2667 1022
12.2833 1023
12.3 1023
12.3167 1023
12.3333 1024
12.35 1024
12.3667 1025
12.3833 1025
12.4 1025
12.4167 1025
12.4333 1026
12.45 1026
12.4667 1026
12.4833 1026
12.5 1027
12.5167 1027
12.5333 1027
12.55 1027
12.5667 1027
12.5833 1027
12.6 1028
12.6167 1028
12.6333 1028
12.65 1028
12.6667 1028
12.6833 1028
12.7 1028
12.7167 1028
12.7333 1028
12.75 1027
12.7667 1027
12.7833 1027
12.8 1027
12.8167 1027
12.8333 1027
12.85 1027
12.8667 1026
12.8833 1026
12.9 1026
12.9167 1026
12.9333 1025
12.95 1025
12.9667 1025
12.9833 1024
13.0 1024
13.0167 1024
13.0333 1023
13.05 1023
13.0667 1022
13.0833 1022
13.1 1021
13.1167 1021
13.1333 1020
13.15 1020
13.1667 1019
13.1833 1019
13.2 1018
13.2167 1017
13.2333 1017
13.25 1016
13.2667 1016
13.2833 1015
13.3 1014
13.3167 1013
13.3333 1013
13.35 1012
13.3667 1011
13.3833 1010
13.4 1010
13.4167 1009
13.4333 1008
13.45 1007
13.4667 1006
13.4833 1005
13.5 1004
13.5167 1003
13.5333 1003
13.55 1002
13.5667 1001
13.5833 1000
13.6 999
13.6167 997
13.6333 996
13.65 995
13.6667 994
13.6833 993
13.7 992
13.7167 991
13.7333 990
13.75 988
13.7667 987
13.7833 986
13.8 985
13.8167 984
13.8333 982
13.85 981
13.8667 980
13.8833 978
13.9 977
13.9167 976
13.9333 974
13.95 973
13.9667 971
13.9833 970
14.0 969
14.0167 967
14.0333 966
14.05 964
14.0667 963
14.0833 961
14.1 959
14.1167 958
14.1333 956
14.15 955
14.1667 953
14.1833 951
14.2 950
14.2167 948
14.2333 946
14.25 945
14.2667 943
14.2833 941
14.3 939
14.3167 938
14.3333 936
14.35 934
14.3667 932
14.3833 930
14.4 929
14.4167 927
14.4333 925
14.45 923
14.4667 921
14.4833 919
14.5 917
14.5167 915
14.5333 913
14.55 911
14.5667 909
14.5833 907
14.6 905
14.6167 903
14.6333 901
14.65 899
14.6667 897
14.6833 894
14.7 892
14.7167 890
14.7333 888
14.75 886
14.7667 884
14.7833 881
14.8 879
14.8167 877
14.8333 875
14.85 872
14.8667 870
14.8833 868
14.9 865
14.9167 863
14.9333 861
14.95 858
14.9667 856
14.9833 853
15.0 851
15.0167 849
15.0333 846
15.05 844
15.0667 841
15.0833 839
15.1 836
15.1167 834
15.1333 831
15.15 829
15.1667 826
15.1833 823
15.2 821
15.2167 818
15.2333 816
15.25 813
15.2667 810
15.2833 808
15.3 805
15.3167 802
15.3333 800
15.35 797
15.3667 794
15.3833 791
15.4 789
15.4167 786
15.4333 783
15.45 780
15.4667 777
15.4833 775
15.5 772
15.5167 769
15.5333 766
15.55 763
15.5667 760
15.5833 757
15.6 754
15.6167 751
15.6333 749
15.65 746
15.6667 743
15.6833 740
15.7 737
15.7167 734
15.7333 731
15.75 728
15.7667 724
15.7833 721
15.8 718
15.8167 715
15.8333 712
15.85 709
15.8667 706
15.8833 703
15.9 700
15.9167 697
15.9333 693
15.95 690
15.9667 687
15.9833 684
16.0 681
16.0167 677
16.0333 674
16.05 671
16.0667 668
16.0833 664
16.1 661
16.1167 658
16.1333 655
16.15 651
16.1667 648
16.1833 645
16.2 641
16.2167 638
16.2333 635
16.25 631
16.2667 628
16.2833 625
16.3 621
16.3167 618
16.3333 614
16.35 611
16.3667 608
16.3833 604
16.4 601
16.4167 597
16.4333 594
16.45 590
16.4667 587
16.4833 583
16.5 580
16.5167 576
16.5333 573
16.55 569
16.5667 566
16.5833 562
16.6 559
16.6167 555
16.6333 552
16.65 548
16.6667 545
16.6833 541
16.7 537
16.7167 534
16.7333 530
16.75 527
16.7667 523
16.7833 519
16.8 516
16.8167 512
16.8333 508
16.85 505
16.8667 501
16.8833 498
16.9 494
16.9167 490
16.9333 487
16.95 483
16.9667 479
16.9833 475
