8.0 375
8.0167 379
8.0333 382
8.05 386
8.0667 390
8.0833 393
8.1 397
8.1167 401
8.1333 404
8.15 408
8.1667 412
8.1833 415
8.2 419
8.2167 423
8.2333 426
8.25 430
8.2667 434
8.2833 437
8.3 441
8.3167 445
8.3333 448
8.35 452
8.3667 456
8.3833 459
8.4 463
8.4167 466
8.4333 470
8.45 474
8.4667 477
8.4833 481
8.5 485
8.5167 488
8.5333 492
8.55 495
8.5667 499
8.5833 502
8.6 506
8.6167 510
8.6333 513
8.65 517
8.6667 520
8.6833 524
8.7 527
8.7167 531
8.7333 534
8.75 538
8.7667 541
8.7833 545
8.8 548
8.8167 552
8.8333 555
8.85 559
8.8667 562
8.8833 566
8.9 569
8.9167 572
8.9333 576
8.95 579
8.9667 583
8.9833 586
9.0 589
9.0167 593
9.0333 596
9.05 599
9.0667 603
9.0833 606
9.1 609
9.1167 613
9.1333 616
9.15 619
9.1667 623
9.1833 626
9.2 629
9.2167 632
9.2333 636
9.25 639
9.2667 642
9.2833 645
9.3 649
9.3167 652
9.3333 655
9.35 658
9.3667 661
9.3833 665
9.4 668
9.4167 671
9.4333 674
9.45 677
9.4667 680
9.4833 683
9.5 686
9.5167 689
9.5333 692
9.55 696
9.5667 699
9.5833 702
9.6 705
9.6167 708
9.6333 711
9.65 714
9.6667 717
9.6833 719
9.7 722
9.7167 725
9.7333 728
9.75 731
9.7667 734
9.7833 737
9.8 740
9.8167 743
9.8333 745
9.85 748
9.8667 751
9.8833 754
9.9 757
9.9167 760
9.9333 762
9.95 765
9.9667 768
9.9833 770
10.0 773
10.0167 776
10.0333 779
10.05 781
10.0667 784
10.0833 787
10.1 789
10.1167 792
10.1333 794
10.15 797
10.1667 800
10.1833 802
10.2 805
10.2167 807
10.2333 810
10.25 812
10.2667 815
10.2833 817
10.3 820
10.3167 822
10.3333 824
10.35 827
10.3667 829
10.3833 832
10.4 834
10.4167 836
10.4333 839
10.45 841
10.4667 843
10.4833 846
10.5 848
10.5167 850
10.5333 852
10.55 855
10.5667 857
10.5833 859
10.6 861
10.6167 863
10.6333 865
10.65 868
10.6667 870
10.6833 872
10.7 874
10.7167 876
10.7333 878
10.75 880
10.7667 882
10.7833 884
10.8 886
10.8167 888
10.8333 890
10.85 892
10.8667 894
10.8833 896
10.9 898
10.9167 900
10.9333 902
10.95 903
10.9667 905
10.9833 907
11.0 909
11.0167 911
11.0333 912
11.05 914
11.0667 916
11.0833 918
11.1 919
11.1167 921
11.1333 923
11.15 924
11.1667 926
11.1833 928
11.2 929
11.2167 931
11.2333 932
11.25 934
11.2667 935
11.2833 937
11.3 938
11.3167 940
11.3333 941
11.35 943
11.3667 944
11.3833 946
11.4 947
11.4167 948
11.4333 950
11.45 951
11.4667 952
11.4833 954
11.5 955
11.5167 956
11.5333 957
11.55 959
11.5667 960
11.5833 961
11.6 962
11.6167 963
11.6333 965
11.65 966
11.6667 967
11.6833 968
11.7 969
11.7167 970
11.7333 971
11.75 972
11.7667 973
11.7833 974
11.8 975
11.8167 976
11.8333 977
11.85 978
11.8667 979
11.8833 980
11.9 980
11.9167 981
11.9333 982
11.95 983
11.9667 984
11.9833 984
12.0 985
12.0167 986
12.0333 987
12.05 987
12.0667 988
12.0833 989
12.1 989
12.1167 990
12.1333 990
12.15 991
12.1667 992
12.1833 992
12.2 993
12.2167 993
12.2333 994
12.25 994
12.2667 994
12.2833 995
12.3 995
12.3167 996
12.3333 996
12.35 996
12.3667 997
12.3833 997
12.4 997
12.4167 998
12.4333 998
12.45 998
12.4667 998
12.4833 999
12.5 999
12.5167 999
12.5333 999
12.55 999
12.5667 999
12.5833 999
12.6 1000
12.6167 1000
12.6333 1000
12.65 1000
12.6667 1000
12.6833 1000
12.7 1000
12.7167 1000
12.7333 999
12.75 999
12.7667 999
12.7833 999
12.8 999
12.8167 999
12.8333 999
12.85 998
12.8667 998
12.8833 998
12.9 998
12.9167 997
12.9333 997
12.95 997
12.9667 996
12.9833 996
13.0 996
13.0167 995
13.0333 995
13.05 994
13.0667 994
13.0833 993
13.1 993
13.1167 992
13.1333 992
13.15 991
13.1667 991
13.1833 990
13.2 990
13.2167 989
13.2333 988
13.25 988
13.2667 987
13.2833 986
13.3 986
13.3167 985
13.3333 984
13.35 983
13.3667 983
13.3833 982
13.4 981
13.4167 980
13.4333 979
13.45 978
13.4667 978
13.4833 977
13.5 976
13.5167 975
13.5333 974
13.55 973
13.5667 972
13.5833 971
13.6 970
13.6167 969
13.6333 968
13.65 967
13.6667 965
13.6833 964
13.7 963
13.7167 962
13.7333 961
13.75 960
13.7667 958
13.7833 957
13.8 956
13.8167 955
13.8333 953
13.85 952
13.8667 951
13.8833 949
13.9 948
13.9167 947
13.9333 945
13.95 944
13.9667 942
13.9833 941
14.0 940
14.0167 938
14.0333 937
14.05 935
14.0667 934
14.0833 932
14.1 930
14.1167 929
14.1333 927
14.15 926
14.1667 924
14.1833 922
14.2 921
14.2167 919
14.2333 917
14.25 916
14.2667 914
14.2833 912
14.3 910
14.3167 909
14.3333 907
14.35 905
14.3667 903
14.3833 901
14.4 899
14.4167 897
14.4333 896
14.45 894
14.4667 892
14.4833 890
14.5 888
14.5167 886
14.5333 884
14.55 882
14.5667 880
14.5833 878
14.6 876
14.6167 874
14.6333 872
14.65 869
14.6667 867
14.6833 865
14.7 863
14.7167 861
14.7333 859
14.75 856
14.7667 854
14.7833 852
14.8 850
14.8167 847
14.8333 845
14.85 843
14.8667 841
14.8833 838
14.9 836
14.9167 834
14.9333 831
14.95 829
14.9667 826
14.9833 824
15.0 822
15.0167 819
15.0333 817
15.05 814
15.0667 812
15.0833 809
15.1 807
15.1167 804
15.1333 802
15.15 799
15.1667 797
15.1833 794
15.2 791
15.2167 789
15.2333 786
15.25 784
15.2667 781
15.2833 778
15.3 776
15.3167 773
15.3333 770
15.35 767
15.3667 765
15.3833 762
15.4 759
15.4167 756
15.4333 754
15.45 751
15.4667 748
15.4833 745
15.5 742
15.5167 739
15.5333 737
15.55 734
15.5667 731
15.5833 728
15.6 725
15.6167 722
15.6333 719
15.65 716
15.6667 713
15.6833 710
15.7 707
15.7167 704
15.7333 701
15.75 698
15.7667 695
15.7833 692
15.8 689
15.8167 686
15.8333 683
15.85 680
15.8667 677
15.8833 674
15.9 670
15.9167 667
15.9333 664
15.95 661
15.9667 658
15.9833 655
16.0 651
16.0167 648
16.0333 645
16.05 642
16.0667 639
16.0833 635
16.1 632
16.1167 629
16.1333 626
16.15 622
16.1667 619
16.1833 616
16.2 612
16.2167 609
16.2333 606
16.25 602
16.2667 599
16.2833 596
16.3 592
16.3167 589
16.3333 586
16.35 582
16.3667 579
16.3833 575
16.4 572
16.4167 569
16.4333 565
16.45 562
16.4667 558
16.4833 555
16.5 551
16.5167 548
16.5333 544
16.55 541
16.5667 537
16.5833 534
16.6 530
16.6167 527
16.6333 523
16.65 520
16.6667 516
16.6833 513
16.7 509
16.7167 506
16.7333 502
16.75 498
16.7667 495
16.7833 491
16.8 488
16.8167 484
16.8333 481
16.85 477
16.8667 473
16.8833 470
16.9 466
16.9167 462
16.9333 459
16.95 455
16.9667 452
16.9833 448
