8.0 322
8.0167 325
8.0333 329
8.05 332
8.0667 335
8.0833 339
8.1 342
8.1167 346
8.1333 349
8.15 352
8.1667 356
8.1833 359
8.2 363
8.2167 366
8.2333 370
8.25 373
8.2667 376
8.2833 380
8.3 383
8.3167 387
8.3333 390
8.35 393
8.3667 397
8.3833 400
8.4 404
8.4167 407
8.4333 410
8.45 414
8.4667 417
8.4833 420
8.5 424
8.5167 427
8.5333 431
8.55 434
8.5667 437
8.5833 441
8.6 444
8.6167 447
8.6333 451
8.65 454
8.6667 457
8.6833 461
8.7 464
8.7167 467
8.7333 471
8.75 474
8.7667 477
8.7833 481
8.8 484
8.8167 487
8.8333 491
8.85 494
8.8667 497
8.8833 500
8.9 504
8.9167 507
8.9333 510
8.95 513
8.9667 517
8.9833 520
9.0 523
9.0167 526
9.0333 529
9.05 533
9.0667 536
9.0833 539
9.1 542
9.1167 545
9.1333 548
9.15 552
9.1667 555
9.1833 558
9.2 561
9.2167 564
9.2333 567
9.25 570
9.2667 573
9.2833 577
9.3 580
9.3167 583
9.3333 586
9.35 589
9.3667 592
9.3833 595
9.4 598
9.4167 601
9.4333 604
9.45 607
9.4667 610
9.4833 613
9.5 616
9.5167 619
9.5333 622
9.55 625
9.5667 628
9.5833 631
9.6 633
9.6167 636
9.6333 639
9.65 642
9.6667 645
9.6833 648
9.7 651
9.7167 653
9.7333 656
9.75 659
9.7667 662
9.7833 665
9.8 667
9.8167 670
9.8333 673
9.85 676
9.8667 678
9.8833 681
9.9 684
9.9167 686
9.9333 689
9.95 692
9.9667 694
9.9833 697
10.0 700
10.0167 702
10.0333 705
10.05 708
10.0667 710
10.0833 713
10.1 715
10.1167 718
10.1333 720
10.15 723
10.1667 725
10.1833 728
10.2 730
10.2167 733
10.2333 735
10.25 738
10.2667 740
10.2833 742
10.3 745
10.3167 747
10.3333 750
10.35 752
10.3667 754
10.3833 757
10.4 759
10.4167 761
10.4333 763
10.45 766
10.4667 768
10.4833 770
10.5 772
10.5167 775
10.5333 777
10.55 779
10.5667 781
10.5833 783
10.6 785
10.6167 788
10.6333 790
10.65 792
10.6667 794
10.6833 796
10.7 798
10.7167 800
10.7333 802
10.75 804
10.7667 806
10.7833 808
10.8 810
10.8167 812
10.8333 814
10.85 816
10.8667 818
10.8833 819
10.9 821
10.9167 823
10.9333 825
10.95 827
10.9667 829
10.9833 830
11.0 832
11.0167 834
11.0333 836
11.05 837
11.0667 839
11.0833 841
11.1 842
11.1167 844
11.1333 846
11.15 847
11.1667 849
11.1833 851
11.2 852
11.2167 854
11.2333 855
11.25 857
11.2667 858
11.2833 860
11.3 861
11.3167 863
11.3333 864
11.35 866
11.3667 867
11.3833 868
11.4 870
11.4167 871
11.4333 873
11.45 874
11.4667 875
11.4833 876
11.5 878
11.5167 879
11.5333 880
11.55 881
11.5667 883
11.5833 884
11.6 885
11.6167 886
11.6333 887
11.65 888
11.6667 890
11.6833 891
11.7 892
11.7167 893
11.7333 894
11.75 895
11.7667 896
11.7833 897
11.8 898
11.8167 899
11.8333 900
11.85 901
11.8667 901
11.8833 902
11.9 903
11.9167 904
11.9333 905
11.95 906
11.9667 906
11.9833 907
12.0 908
12.0167 909
12.0333 909
12.05 910
12.0667 911
12.0833 911
12.1 912
12.1167 913
12.1333 913
12.15 914
12.1667 915
12.1833 915
12.2 916
12.2167 916
12.2333 917
12.25 917
12.2667 918
12.2833 918
12.3 918
12.3167 919
12.3333 919
12.35 920
12.3667 920
12.3833 920
12.4 921
12.4167 921
12.4333 921
12.45 922
12.4667 922
12.4833 922
12.5 922
12.5167 922
12.5333 923
12.55 923
12.5667 923
12.5833 923
12.6 923
12.6167 923
12.6333 923
12.65 923
12.6667 923
12.6833 923
12.7 923
12.7167 923
12.7333 923
12.75 923
12.7667 923
12.7833 923
12.8 923
12.8167 923
12.8333 923
12.85 923
12.8667 922
12.8833 922
12.9 922
12.9167 922
12.9333 921
12.95 921
12.9667 921
12.9833 921
13.0 920
13.0167 920
13.0333 920
13.05 919
13.0667 919
13.0833 918
13.1 918
13.1167 917
13.1333 917
13.15 916
13.1667 916
13.1833 915
13.2 915
13.2167 914
13.2333 914
13.25 913
13.2667 912
13.2833 912
13.3 911
13.3167 911
13.3333 910
13.35 909
13.3667 908
13.3833 908
13.4 907
13.4167 906
13.4333 905
13.45 904
13.4667 904
13.4833 903
13.5 902
13.5167 901
13.5333 900
13.55 899
13.5667 898
13.5833 897
13.6 896
13.6167 895
13.6333 894
13.65 893
13.6667 892
13.6833 891
13.7 890
13.7167 889
13.7333 888
13.75 887
13.7667 886
13.7833 885
13.8 883
13.8167 882
13.8333 881
13.85 880
13.8667 878
13.8833 877
13.9 876
13.9167 875
13.9333 873
13.95 872
13.9667 871
13.9833 869
14.0 868
14.0167 866
14.0333 865
14.05 864
14.0667 862
14.0833 861
14.1 859
14.1167 858
14.1333 856
14.15 855
14.1667 853
14.1833 852
14.2 850
14.2167 848
14.2333 847
14.25 845
14.2667 843
14.2833 842
14.3 840
14.3167 838
14.3333 837
14.35 835
14.3667 833
14.3833 831
14.4 830
14.4167 828
14.4333 826
14.45 824
14.4667 822
14.4833 821
14.5 819
14.5167 817
14.5333 815
14.55 813
14.5667 811
14.5833 809
14.6 807
14.6167 805
14.6333 803
14.65 801
14.6667 799
14.6833 797
14.7 795
14.7167 793
14.7333 791
14.75 789
14.7667 787
14.7833 785
14.8 782
14.8167 780
14.8333 778
14.85 776
14.8667 774
14.8833 772
14.9 769
14.9167 767
14.9333 765
14.95 763
14.9667 760
14.9833 758
15.0 756
15.0167 753
15.0333 751
15.05 749
15.0667 746
15.0833 744
15.1 742
15.1167 739
15.1333 737
15.15 734
15.1667 732
15.1833 729
15.2 727
15.2167 724
15.2333 722
15.25 719
15.2667 717
15.2833 714
15.3 712
15.3167 709
15.3333 707
15.35 704
15.3667 701
15.3833 699
15.4 696
15.4167 694
15.4333 691
15.45 688
15.4667 686
15.4833 683
15.5 680
15.5167 677
15.5333 675
15.55 672
15.5667 669
15.5833 666
15.6 664
15.6167 661
15.6333 658
15.65 655
15.6667 652
15.6833 650
15.7 647
15.7167 644
15.7333 641
15.75 638
15.7667 635
15.7833 632
15.8 629
15.8167 627
15.8333 624
15.85 621
15.8667 618
15.8833 615
15.9 612
15.9167 609
15.9333 606
15.95 603
15.9667 600
15.9833 597
16.0 594
16.0167 591
16.0333 588
16.05 585
16.0667 582
16.0833 579
16.1 575
16.1167 572
16.1333 569
16.15 566
16.1667 563
16.1833 560
16.2 557
16.2167 554
16.2333 551
16.25 547
16.2667 544
16.2833 541
16.3 538
16.3167 535
16.3333 531
16.35 528
16.3667 525
16.3833 522
16.4 519
16.4167 515
16.4333 512
16.45 509
16.4667 506
16.4833 502
16.5 499
16.5167 496
16.5333 493
16.55 489
16.5667 486
16.5833 483
16.6 479
16.6167 476
16.6333 473
16.65 469
16.6667 466
16.6833 463
16.7 459
16.7167 456
16.7333 453
16.75 449
16.7667 446
16.7833 443
16.8 439
16.8167 436
16.8333 433
16.85 429
16.8667 426
16.8833 423
16.9 419
16.9167 416
16.9333 412
16.95 409
16.9667 406
16.9833 402
