8.0 350
8.0167 353
8.0333 357
8.05 361
8.0667 364
8.0833 368
8.1 372
8.1167 375
8.1333 379
8.15 383
8.1667 386
8.1833 390
8.2 393
8.2167 397
8.2333 401
8.25 404
8.2667 408
8.2833 412
8.3 415
8.3167 419
8.3333 422
8.35 426
8.3667 430
8.3833 433
8.4 437
8.4167 440
8.4333 444
8.45 448
8.4667 451
8.4833 455
8.5 458
8.5167 462
8.5333 466
8.55 469
8.5667 473
8.5833 476
8.6 480
8.6167 483
8.6333 487
8.65 490
8.6667 494
8.6833 497
8.7 501
8.7167 504
8.7333 508
8.75 511
8.7667 515
8.7833 518
8.8 522
8.8167 525
8.8333 529
8.85 532
8.8667 536
8.8833 539
8.9 543
8.9167 546
8.9333 549
8.95 553
8.9667 556
8.9833 560
9.0 563
9.0167 566
9.0333 570
9.05 573
9.0667 576
9.0833 580
9.1 583
9.1167 586
9.1333 590
9.15 593
9.1667 596
9.1833 600
9.2 603
9.2167 606
9.2333 609
9.25 613
9.2667 616
9.2833 619
9.3 622
9.3167 626
9.3333 629
9.35 632
9.3667 635
9.3833 638
9.4 642
9.4167 645
9.4333 648
9.45 651
9.4667 654
9.4833 657
9.5 660
9.5167 663
9.5333 667
9.55 670
9.5667 673
9.5833 676
9.6 679
9.6167 682
9.6333 685
9.65 688
9.6667 691
9.6833 694
9.7 697
9.7167 700
9.7333 703
9.75 706
9.7667 709
9.7833 712
9.8 714
9.8167 717
9.8333 720
9.85 723
9.8667 726
9.8833 729
9.9 732
9.9167 734
9.9333 737
9.95 740
9.9667 743
9.9833 746
10.0 748
10.0167 751
10.0333 754
10.05 757
10.0667 759
10.0833 762
10.1 765
10.1167 767
10.1333 770
10.15 773
10.1667 775
10.1833 778
10.2 780
10.2167 783
10.2333 786
10.25 788
10.2667 791
10.2833 793
10.3 796
10.3167 798
10.3333 801
10.35 803
10.3667 806
10.3833 808
10.4 810
10.4167 813
10.4333 815
10.45 818
10.4667 820
10.4833 822
10.5 825
10.5167 827
10.5333 829
10.55 832
10.5667 834
10.5833 836
10.6 838
10.6167 841
10.6333 843
10.65 845
10.6667 847
10.6833 849
10.7 852
10.7167 854
10.7333 856
10.75 858
10.7667 860
10.7833 862
10.8 864
10.8167 866
10.8333 868
10.85 870
10.8667 872
10.8833 874
10.9 876
10.9167 878
10.9333 880
10.95 882
10.9667 884
10.9833 886
11.0 888
11.0167 890
11.0333 892
11.05 893
11.0667 895
11.0833 897
11.1 899
11.1167 901
11.1333 902
11.15 904
11.1667 906
11.1833 907
11.2 909
11.2167 911
11.2333 912
11.25 914
11.2667 916
11.2833 917
11.3 919
11.3167 920
11.3333 922
11.35 923
11.3667 925
11.3833 926
11.4 928
11.4167 929
11.4333 931
11.45 932
11.4667 934
11.4833 935
11.5 936
11.5167 938
11.5333 939
11.55 940
11.5667 942
11.5833 943
11.6 944
11.6167 946
11.6333 947
11.65 948
11.6667 949
11.6833 950
11.7 952
11.7167 953
11.7333 954
11.75 955
11.7667 956
11.7833 957
11.8 958
11.8167 959
11.8333 960
11.85 961
11.8667 962
11.8833 963
11.9 964
11.9167 965
11.9333 966
11.95 967
11.9667 968
11.9833 969
12.0 970
12.0167 970
12.0333 971
12.05 972
12.0667 973
12.0833 973
12.1 974
12.1167 975
12.1333 976
12.15 976
12.1667 977
12.1833 978
12.2 978
12.2167 979
12.2333 979
12.25 980
12.2667 981
12.2833 981
12.3 982
12.3167 982
12.3333 983
12.35 983
12.3667 984
12.3833 984
12.4 984
12.4167 985
12.4333 985
12.45 985
12.4667 986
12.4833 986
12.5 986
12.5167 987
12.5333 987
12.55 987
12.5667 987
12.5833 988
12.6 988
12.6167 988
12.6333 988
12.65 988
12.6667 988
12.6833 988
12.7 989
12.7167 989
12.7333 989
12.75 989
12.7667 989
12.7833 989
12.8 989
12.8167 989
12.8333 988
12.85 988
12.8667 988
12.8833 988
12.9 988
12.9167 988
12.9333 988
12.95 987
12.9667 987
12.9833 987
13.0 987
13.0167 986
13.0333 986
13.05 986
13.0667 985
13.0833 985
13.1 985
13.1167 984
13.1333 984
13.15 984
13.1667 983
13.1833 983
13.2 982
13.2167 982
13.2333 981
13.25 981
13.2667 980
13.2833 979
13.3 979
13.3167 978
13.3333 978
13.35 977
13.3667 976
13.3833 976
13.4 975
13.4167 974
13.4333 973
13.45 973
13.4667 972
13.4833 971
13.5 970
13.5167 969
13.5333 969
13.55 968
13.5667 967
13.5833 966
13.6 965
13.6167 964
13.6333 963
13.65 962
13.6667 961
13.6833 960
13.7 959
13.7167 958
13.7333 957
13.75 956
13.7667 955
13.7833 954
13.8 953
13.8167 952
13.8333 950
13.85 949
13.8667 948
13.8833 947
13.9 946
13.9167 944
13.9333 943
13.95 942
13.9667 940
13.9833 939
14.0 938
14.0167 936
14.0333 935
14.05 934
14.0667 932
14.0833 931
14.1 929
14.1167 928
14.1333 926
14.15 925
14.1667 923
14.1833 922
14.2 920
14.2167 919
14.2333 917
14.25 916
14.2667 914
14.2833 912
14.3 911
14.3167 909
14.3333 907
14.35 906
14.3667 904
14.3833 902
14.4 900
14.4167 899
14.4333 897
14.45 895
14.4667 893
14.4833 892
14.5 890
14.5167 888
14.5333 886
14.55 884
14.5667 882
14.5833 880
14.6 878
14.6167 876
14.6333 874
14.65 872
14.6667 870
14.6833 868
14.7 866
14.7167 864
14.7333 862
14.75 860
14.7667 858
14.7833 856
14.8 854
14.8167 852
14.8333 849
14.85 847
14.8667 845
14.8833 843
14.9 841
14.9167 838
14.9333 836
14.95 834
14.9667 832
14.9833 829
15.0 827
15.0167 825
15.0333 822
15.05 820
15.0667 818
15.0833 815
15.1 813
15.1167 810
15.1333 808
15.15 806
15.1667 803
15.1833 801
15.2 798
15.2167 796
15.2333 793
15.25 791
15.2667 788
15.2833 786
15.3 783
15.3167 780
15.3333 778
15.35 775
15.3667 773
15.3833 770
15.4 767
15.4167 765
15.4333 762
15.45 759
15.4667 757
15.4833 754
15.5 751
15.5167 748
15.5333 746
15.55 743
15.5667 740
15.5833 737
15.6 734
15.6167 732
15.6333 729
15.65 726
15.6667 723
15.6833 720
15.7 717
15.7167 714
15.7333 712
15.75 709
15.7667 706
15.7833 703
15.8 700
15.8167 697
15.8333 694
15.85 691
15.8667 688
15.8833 685
15.9 682
15.9167 679
15.9333 676
15.95 673
15.9667 670
15.9833 667
16.0 663
16.0167 660
16.0333 657
16.05 654
16.0667 651
16.0833 648
16.1 645
16.1167 642
16.1333 638
16.15 635
16.1667 632
16.1833 629
16.2 626
16.2167 622
16.2333 619
16.25 616
16.2667 613
16.2833 609
16.3 606
16.3167 603
16.3333 600
16.35 596
16.3667 593
16.3833 590
16.4 586
16.4167 583
16.4333 580
16.45 576
16.4667 573
16.4833 570
16.5 566
16.5167 563
16.5333 559
16.55 556
16.5667 553
16.5833 549
16.6 546
16.6167 542
16.6333 539
16.65 535
16.6667 532
16.6833 529
16.7 525
16.7167 522
16.7333 518
16.75 515
16.7667 511
16.7833 508
16.8 504
16.8167 501
16.8333 497
16.85 494
16.8667 490
16.8833 487
16.9 483
16.9167 479
16.9333 476
16.95 472
16.9667 469
16.9833 465
