8.0 284
8.0167 288
8.0333 291
8.05 294
8.0667 298
8.0833 301
8.1 305
8.1167 308
8.1333 312
8.15 315
8.1667 319
8.1833 322
8.2 325
8.2167 329
8.2333 332
8.25 336
8.2667 339
8.2833 343
8.3 346
8.3167 350
8.3333 353
8.35 357
8.3667 360
8.3833 364
8.4 367
8.4167 371
8.4333 374
8.45 377
8.4667 381
8.4833 384
8.5 388
8.5167 391
8.5333 395
8.55 398
8.5667 402
8.5833 405
8.6 408
8.6167 412
8.6333 415
8.65 419
8.6667 422
8.6833 426
8.7 429
8.7167 432
8.7333 436
8.75 439
8.7667 443
8.7833 446
8.8 449
8.8167 453
8.8333 456
8.85 460
8.8667 463
8.8833 466
8.9 470
8.9167 473
8.9333 476
8.95 480
8.9667 483
8.9833 486
9.0 490
9.0167 493
9.0333 496
9.05 500
9.0667 503
9.0833 506
9.1 509
9.1167 513
9.1333 516
9.15 519
9.1667 523
9.1833 526
9.2 529
9.2167 532
9.2333 536
9.25 539
9.2667 542
9.2833 545
9.3 548
9.3167 552
9.3333 555
9.35 558
9.3667 561
9.3833 564
9.4 567
9.4167 571
9.4333 574
9.45 577
9.4667 580
9.4833 583
9.5 586
9.5167 589
9.5333 592
9.55 595
9.5667 598
9.5833 601
9.6 604
9.6167 608
9.6333 611
9.65 614
9.6667 617
9.6833 620
9.7 622
9.7167 625
9.7333 628
9.75 631
9.7667 634
9.7833 637
9.8 640
9.8167 643
9.8333 646
9.85 649
9.8667 652
9.8833 654
9.9 657
9.9167 660
9.9333 663
9.95 666
9.9667 669
9.9833 671
10.0 674
10.0167 677
10.0333 680
10.05 682
10.0667 685
10.0833 688
10.1 690
10.1167 693
10.1333 696
10.15 698
10.1667 701
10.1833 704
10.2 706
10.2167 709
10.2333 711
10.25 714
10.2667 717
10.2833 719
10.3 722
10.3167 724
10.3333 727
10.35 729
10.3667 732
10.3833 734
10.4 737
10.4167 739
10.4333 741
10.45 744
10.4667 746
10.4833 749
10.5 751
10.5167 753
10.5333 756
10.55 758
10.5667 760
10.5833 763
10.6 765
10.6167 767
10.6333 769
10.65 772
10.6667 774
10.6833 776
10.7 778
10.7167 781
10.7333 783
10.75 785
10.7667 787
10.7833 789
10.8 791
10.8167 793
10.8333 795
10.85 797
10.8667 799
10.8833 801
10.9 803
10.9167 805
10.9333 807
10.95 809
10.9667 811
10.9833 813
11.0 815
11.0167 817
11.0333 819
11.05 821
11.0667 823
11.0833 825
11.1 826
11.1167 828
11.1333 830
11.15 832
11.1667 833
11.1833 835
11.2 837
11.2167 839
11.2333 840
11.25 842
11.2667 844
11.2833 845
11.3 847
11.3167 848
11.3333 850
11.35 852
11.3667 853
11.3833 855
11.4 856
11.4167 858
11.4333 859
11.45 861
11.4667 862
11.4833 864
11.5 865
11.5167 866
11.5333 868
11.55 869
11.5667 871
11.5833 872
11.6 873
11.6167 874
11.6333 876
11.65 877
11.6667 878
11.6833 879
11.7 881
11.7167 882
11.7333 883
11.75 884
11.7667 885
11.7833 886
11.8 888
11.8167 889
11.8333 890
11.85 891
11.8667 892
11.8833 893
11.9 894
11.9167 895
11.9333 896
11.95 897
11.9667 898
11.9833 899
12.0 899
12.0167 900
12.0333 901
12.05 902
12.0667 903
12.0833 904
12.1 904
12.1167 905
12.1333 906
12.15 907
12.1667 907
12.1833 908
12.2 909
12.2167 909
12.2333 910
12.25 911
12.2667 911
12.2833 912
12.3 912
12.3167 913
12.3333 913
12.35 914
12.3667 914
12.3833 915
12.4 915
12.4167 916
12.4333 916
12.45 917
12.4667 917
12.4833 917
12.5 918
12.5167 918
12.5333 918
12.55 919
12.5667 919
12.5833 919
12.6 919
12.6167 920
12.6333 920
12.65 920
12.6667 920
12.6833 920
12.7 920
12.7167 920
12.7333 920
12.75 921
12.7667 921
12.7833 921
12.8 921
12.8167 921
12.8333 921
12.85 921
12.8667 920
12.8833 920
12.9 920
12.9167 920
12.9333 920
12.95 920
12.9667 920
12.9833 919
13.0 919
13.0167 919
13.0333 919
13.05 918
13.0667 918
13.0833 918
13.1 918
13.1167 917
13.1333 917
13.15 916
13.1667 916
13.1833 916
13.2 915
13.2167 915
13.2333 914
13.25 914
13.2667 913
13.2833 913
13.3 912
13.3167 912
13.3333 911
13.35 910
13.3667 910
13.3833 909
13.4 908
13.4167 908
13.4333 907
13.45 906
13.4667 906
13.4833 905
13.5 904
13.5167 903
13.5333 903
13.55 902
13.5667 901
13.5833 900
13.6 899
13.6167 898
13.6333 897
13.65 896
13.6667 895
13.6833 894
13.7 894
13.7167 893
13.7333 891
13.75 890
13.7667 889
13.7833 888
13.8 887
13.8167 886
13.8333 885
13.85 884
13.8667 883
13.8833 882
13.9 880
13.9167 879
13.9333 878
13.95 877
13.9667 875
13.9833 874
14.0 873
14.0167 871
14.0333 870
14.05 869
14.0667 867
14.0833 866
14.1 865
14.1167 863
14.1333 862
14.15 860
14.1667 859
14.1833 857
14.2 856
14.2167 854
14.2333 853
14.25 851
14.2667 850
14.2833 848
14.3 846
14.3167 845
14.3333 843
14.35 841
14.3667 840
14.3833 838
14.4 836
14.4167 835
14.4333 833
14.45 831
14.4667 829
14.4833 828
14.5 826
14.5167 824
14.5333 822
14.55 820
14.5667 818
14.5833 817
14.6 815
14.6167 813
14.6333 811
14.65 809
14.6667 807
14.6833 805
14.7 803
14.7167 801
14.7333 799
14.75 797
14.7667 795
14.7833 793
14.8 791
14.8167 788
14.8333 786
14.85 784
14.8667 782
14.8833 780
14.9 778
14.9167 776
14.9333 773
14.95 771
14.9667 769
14.9833 767
15.0 764
15.0167 762
15.0333 760
15.05 757
15.0667 755
15.0833 753
15.1 750
15.1167 748
15.1333 746
15.15 743
15.1667 741
15.1833 738
15.2 736
15.2167 733
15.2333 731
15.25 728
15.2667 726
15.2833 723
15.3 721
15.3167 718
15.3333 716
15.35 713
15.3667 711
15.3833 708
15.4 705
15.4167 703
15.4333 700
15.45 698
15.4667 695
15.4833 692
15.5 690
15.5167 687
15.5333 684
15.55 681
15.5667 679
15.5833 676
15.6 673
15.6167 670
15.6333 668
15.65 665
15.6667 662
15.6833 659
15.7 656
15.7167 653
15.7333 651
15.75 648
15.7667 645
15.7833 642
15.8 639
15.8167 636
15.8333 633
15.85 630
15.8667 627
15.8833 624
15.9 621
15.9167 618
15.9333 616
15.95 613
15.9667 610
15.9833 607
16.0 603
16.0167 600
16.0333 597
16.05 594
16.0667 591
16.0833 588
16.1 585
16.1167 582
16.1333 579
16.15 576
16.1667 573
16.1833 570
16.2 566
16.2167 563
16.2333 560
16.25 557
16.2667 554
16.2833 551
16.3 547
16.3167 544
16.3333 541
16.35 538
16.3667 534
16.3833 531
16.4 528
16.4167 525
16.4333 521
16.45 518
16.4667 515
16.4833 512
16.5 508
16.5167 505
16.5333 502
16.55 498
16.5667 495
16.5833 492
16.6 488
16.6167 485
16.6333 482
16.65 478
16.6667 475
16.6833 472
16.7 468
16.7167 465
16.7333 462
16.75 458
16.7667 455
16.7833 451
16.8 448
16.8167 445
16.8333 441
16.85 438
16.8667 434
16.8833 431
16.9 428
16.9167 424
16.9333 421
16.95 417
16.9667 414
16.9833 410
