8.0 332
8.0167 336
8.0333 340
8.05 344
8.0667 348
8.0833 353
8.1 357
8.1167 361
8.1333 365
8.15 369
8.1667 373
8.1833 377
8.2 381
8.2167 385
8.2333 389
8.25 393
8.2667 397
8.2833 401
8.3 405
8.3167 409
8.3333 413
8.35 417
8.3667 421
8.3833 425
8.4 429
8.4167 433
8.4333 437
8.45 441
8.4667 445
8.4833 449
8.5 453
8.5167 457
8.5333 461
8.55 465
8.5667 469
8.5833 473
8.6 477
8.6167 481
8.6333 485
8.65 489
8.6667 493
8.6833 496
8.7 500
8.7167 504
8.7333 508
8.75 512
8.7667 516
8.7833 520
8.8 523
8.8167 527
8.8333 531
8.85 535
8.8667 539
8.8833 542
8.9 546
8.9167 550
8.9333 554
8.95 558
8.9667 561
8.9833 565
9.0 569
9.0167 572
9.0333 576
9.05 580
9.0667 583
9.0833 587
9.1 591
9.1167 594
9.1333 598
9.15 602
9.1667 605
9.1833 609
9.2 612
9.2167 616
9.2333 620
9.25 623
9.2667 627
9.2833 630
9.3 634
9.3167 637
9.3333 641
9.35 644
9.3667 648
9.3833 651
9.4 655
9.4167 658
9.4333 662
9.45 665
9.4667 669
9.4833 672
9.5 675
9.5167 679
9.5333 682
9.55 686
9.5667 689
9.5833 692
9.6 696
9.6167 699
9.6333 702
9.65 705
9.6667 709
9.6833 712
9.7 715
9.7167 718
9.7333 722
9.75 725
9.7667 728
9.7833 731
9.8 734
9.8167 737
9.8333 741
9.85 744
9.8667 747
9.8833 750
9.9 753
9.9167 756
9.9333 759
9.95 762
9.9667 765
9.9833 768
10.0 771
10.0167 774
10.0333 777
10.05 780
10.0667 783
10.0833 786
10.1 789
10.1167 792
10.1333 794
10.15 797
10.1667 800
10.1833 803
10.2 806
10.2167 809
10.2333 811
10.25 814
10.2667 817
10.2833 820
10.3 822
10.3167 825
10.3333 828
10.35 830
10.3667 833
10.3833 836
10.4 838
10.4167 841
10.4333 843
10.45 846
10.4667 849
10.4833 851
10.5 854
10.5167 856
10.5333 859
10.55 861
10.5667 864
10.5833 866
10.6 868
10.6167 871
10.6333 873
10.65 876
10.6667 878
10.6833 880
10.7 883
10.7167 885
10.7333 887
10.75 889
10.7667 892
10.7833 894
10.8 896
10.8167 898
10.8333 900
10.85 903
10.8667 905
10.8833 907
10.9 909
10.9167 911
10.9333 913
10.95 915
10.9667 917
10.9833 919
11.0 921
11.0167 923
11.0333 925
11.05 927
11.0667 929
11.0833 931
11.1 933
11.1167 935
11.1333 937
11.15 938
11.1667 940
11.1833 942
11.2 944
11.2167 946
11.2333 947
11.25 949
11.2667 951
11.2833 952
11.3 954
11.3167 956
11.3333 957
11.35 959
11.3667 961
11.3833 962
11.4 964
11.4167 965
11.4333 967
11.45 968
11.4667 970
11.4833 971
11.5 973
11.5167 974
11.5333 975
11.55 977
11.5667 978
11.5833 979
11.6 981
11.6167 982
11.6333 983
11.65 985
11.6667 986
11.6833 987
11.7 988
11.7167 990
11.7333 991
11.75 992
11.7667 993
11.7833 994
11.8 995
11.8167 996
11.8333 997
11.85 998
11.8667 999
11.8833 1000
11.9 1001
11.9167 1002
11.9333 1003
11.95 1004
11.9667 1005
11.9833 1006
12.0 1007
12.0167 1008
12.0333 1008
12.05 1009
12.0667 1010
12.0833 1011
12.1 1011
12.1167 1012
12.1333 1013
12.15 1013
12.1667 1014
12.1833 1015
12.2 1015
12.2167 1016
12.2333 1017
12.25 1017
12.2667 1018
12.2833 1018
12.3 1019
12.3167 1019
12.3333 1020
12.35 1020
12.3667 1020
12.3833 1021
12.4 1021
12.4167 1021
12.4333 1022
12.45 1022
12.4667 1022
12.4833 1023
12.5 1023
12.5167 1023
12.5333 1023
12.55 1024
12.5667 1024
12.5833 1024
12.6 1024
12.6167 1024
12.6333 1024
12.65 1024
12.6667 1024
12.6833 1024
12.7 1024
12.7167 1024
12.7333 1024
12.75 1024
12.7667 1024
12.7833 1024
12.8 1024
12.8167 1024
12.8333 1024
12.85 1024
12.8667 1023
12.8833 1023
12.9 1023
12.9167 1023
12.9333 1022
12.95 1022
12.9667 1022
12.9833 1021
13.0 1021
13.0167 1021
13.0333 1020
13.05 1020
13.0667 1019
13.0833 1019
13.1 1018
13.1167 1018
13.1333 1017
13.15 1017
13.1667 1016
13.1833 1016
13.2 1015
13.2167 1015
13.2333 1014
13.25 1013
13.2667 1013
13.2833 1012
13.3 1011
13.3167 1010
13.3333 1010
13.35 1009
13.3667 1008
13.3833 1007
13.4 1006
13.4167 1006
13.4333 1005
13.45 1004
13.4667 1003
13.4833 1002
13.5 1001
13.5167 1000
13.5333 999
13.55 998
13.5667 997
13.5833 996
13.6 995
13.6167 994
13.6333 993
13.65 991
13.6667 990
13.6833 989
13.7 988
13.7167 987
13.7333 985
13.75 984
13.7667 983
13.7833 982
13.8 980
13.8167 979
13.8333 978
13.85 976
13.8667 975
13.8833 973
13.9 972
13.9167 971
13.9333 969
13.95 968
13.9667 966
13.9833 965
14.0 963
14.0167 962
14.0333 960
14.05 958
14.0667 957
14.0833 955
14.1 953
14.1167 952
14.1333 950
14.15 948
14.1667 947
14.1833 945
14.2 943
14.2167 941
14.2333 940
14.25 938
14.2667 936
14.2833 934
14.3 932
14.3167 930
14.3333 928
14.35 926
14.3667 924
14.3833 922
14.4 920
14.4167 918
14.4333 916
14.45 914
14.4667 912
14.4833 910
14.5 908
14.5167 906
14.5333 904
14.55 902
14.5667 900
14.5833 897
14.6 895
14.6167 893
14.6333 891
14.65 889
14.6667 886
14.6833 884
14.7 882
14.7167 879
14.7333 877
14.75 875
14.7667 872
14.7833 870
14.8 868
14.8167 865
14.8333 863
14.85 860
14.8667 858
14.8833 855
14.9 853
14.9167 850
14.9333 848
14.95 845
14.9667 843
14.9833 840
15.0 837
15.0167 834
15.0333 831
15.05 829
15.0667 826
15.0833 823
15.1 821
15.1167 818
15.1333 815
15.15 812
15.1667 810
15.1833 807
15.2 804
15.2167 801
15.2333 798
15.25 796
15.2667 793
15.2833 790
15.3 787
15.3167 784
15.3333 781
15.35 778
15.3667 775
15.3833 772
15.4 769
15.4167 766
15.4333 763
15.45 760
15.4667 757
15.4833 754
15.5 751
15.5167 748
15.5333 745
15.55 742
15.5667 739
15.5833 736
15.6 732
15.6167 729
15.6333 726
15.65 723
15.6667 720
15.6833 716
15.7 713
15.7167 710
15.7333 707
15.75 703
15.7667 700
15.7833 697
15.8 694
15.8167 690
15.8333 687
15.85 684
15.8667 680
15.8833 677
15.9 673
15.9167 670
15.9333 667
15.95 663
15.9667 660
15.9833 656
16.0 653
16.0167 649
16.0333 646
16.05 642
16.0667 639
16.0833 635
16.1 632
16.1167 628
16.1333 625
16.15 621
16.1667 618
16.1833 614
16.2 610
16.2167 607
16.2333 603
16.25 599
16.2667 596
16.2833 592
16.3 589
16.3167 585
16.3333 581
16.35 577
16.3667 574
16.3833 570
16.4 566
16.4167 563
16.4333 559
16.45 555
16.4667 551
16.4833 548
16.5 544
16.5167 540
16.5333 536
16.55 532
16.5667 529
16.5833 525
16.6 521
16.6167 517
16.6333 513
16.65 509
16.6667 505
16.6833 502
16.7 498
16.7167 494
16.7333 490
16.75 486
16.7667 482
16.7833 478
16.8 474
16.8167 470
16.8333 466
16.85 462
16.8667 458
16.8833 455
16.9 451
16.9167 447
16.9333 443
16.95 439
16.9667 435
16.9833 431
