8.0 323
8.0167 327
8.0333 331
8.05 335
8.0667 339
8.0833 343
8.1 347
8.1167 351
8.1333 354
8.15 358
8.1667 362
8.1833 366
8.2 370
8.2167 374
8.2333 378
8.25 382
8.2667 386
8.2833 390
8.3 393
8.3167 397
8.3333 401
8.35 405
8.3667 409
8.3833 413
8.4 417
8.4167 421
8.4333 424
8.45 428
8.4667 432
8.4833 436
8.5 440
8.5167 444
8.5333 448
8.55 451
8.5667 455
8.5833 459
8.6 463
8.6167 467
8.6333 470
8.65 474
8.6667 478
8.6833 482
8.7 486
8.7167 489
8.7333 493
8.75 497
8.7667 501
8.7833 504
8.8 508
8.8167 512
8.8333 516
8.85 519
8.8667 523
8.8833 527
8.9 530
8.9167 534
8.9333 538
8.95 541
8.9667 545
8.9833 549
9.0 552
9.0167 556
9.0333 559
9.05 563
9.0667 567
9.0833 570
9.1 574
9.1167 577
9.1333 581
9.15 584
9.1667 588
9.1833 592
9.2 595
9.2167 599
9.2333 602
9.25 606
9.2667 609
9.2833 613
9.3 616
9.3167 620
9.3333 623
9.35 626
9.3667 630
9.3833 633
9.4 637
9.4167 640
9.4333 643
9.45 647
9.4667 650
9.4833 653
9.5 657
9.5167 660
9.5333 663
9.55 667
9.5667 670
9.5833 673
9.6 677
9.6167 680
9.6333 683
9.65 686
9.6667 690
9.6833 693
9.7 696
9.7167 699
9.7333 702
9.75 705
9.7667 709
9.7833 712
9.8 715
9.8167 718
9.8333 721
9.85 724
9.8667 727
9.8833 730
9.9 733
9.9167 736
9.9333 739
9.95 742
9.9667 745
9.9833 748
10.0 751
10.0167 754
10.0333 757
10.05 760
10.0667 763
10.0833 766
10.1 769
10.1167 771
10.1333 774
10.15 777
10.1667 780
10.1833 783
10.2 786
10.2167 788
10.2333 791
10.25 794
10.2667 796
10.2833 799
10.3 802
10.3167 805
10.3333 807
10.35 810
10.3667 813
10.3833 815
10.4 818
10.4167 820
10.4333 823
10.45 825
10.4667 828
10.4833 831
10.5 833
10.5167 836
10.5333 838
10.55 840
10.5667 843
10.5833 845
10.6 848
10.6167 850
10.6333 853
10.65 855
10.6667 857
10.6833 860
10.7 862
10.7167 864
10.7333 866
10.75 869
10.7667 871
10.7833 873
10.8 875
10.8167 878
10.8333 880
10.85 882
10.8667 884
10.8833 886
10.9 888
10.9167 890
10.9333 893
10.95 895
10.9667 897
10.9833 899
11.0 901
11.0167 903
11.0333 905
11.05 907
11.0667 909
11.0833 910
11.1 912
11.1167 914
11.1333 916
11.15 918
11.1667 920
11.1833 922
11.2 923
11.2167 925
11.2333 927
11.25 929
11.2667 931
11.2833 932
11.3 934
11.3167 936
11.3333 937
11.35 939
11.3667 941
11.3833 942
11.4 944
11.4167 945
11.4333 947
11.45 948
11.4667 950
11.4833 951
11.5 953
11.5167 954
11.5333 956
11.55 957
11.5667 959
11.5833 960
11.6 961
11.6167 963
11.6333 964
11.65 965
11.6667 967
11.6833 968
11.7 969
11.7167 970
11.7333 972
11.75 973
11.7667 974
11.7833 975
11.8 976
11.8167 977
11.8333 978
11.85 979
11.8667 981
11.8833 982
11.9 983
11.9167 984
11.9333 985
11.95 986
11.9667 987
11.9833 987
12.0 988
12.0167 989
12.0333 990
12.05 991
12.0667 992
12.0833 993
12.1 993
12.1167 994
12.1333 995
12.15 996
12.1667 996
12.1833 997
12.2 998
12.2167 998
12.2333 999
12.25 1000
12.2667 1000
12.2833 1001
12.3 1001
12.3167 1002
12.3333 1002
12.35 1003
12.3667 1003
12.3833 1004
12.4 1004
12.4167 1005
12.4333 1005
12.45 1006
12.4667 1006
12.4833 1006
12.5 1007
12.5167 1007
12.5333 1007
12.55 1007
12.5667 1008
12.5833 1008
12.6 1008
12.6167 1008
12.6333 1008
12.65 1009
12.6667 1009
12.6833 1009
12.7 1009
12.7167 1009
12.7333 1009
12.75 1009
12.7667 1009
12.7833 1009
12.8 1009
12.8167 1009
12.8333 1009
12.85 1009
12.8667 1009
12.8833 1009
12.9 1008
12.9167 1008
12.9333 1008
12.95 1008
12.9667 1008
12.9833 1007
13.0 1007
13.0167 1007
13.0333 1007
13.05 1006
13.0667 1006
13.0833 1006
13.1 1005
13.1167 1005
13.1333 1004
13.15 1004
13.1667 1003
13.1833 1003
13.2 1002
13.2167 1002
13.2333 1001
13.25 1001
13.2667 1000
13.2833 1000
13.3 999
13.3167 998
13.3333 998
13.35 997
13.3667 996
13.3833 996
13.4 995
13.4167 994
13.4333 993
13.45 993
13.4667 992
13.4833 991
13.5 990
13.5167 989
13.5333 988
13.55 987
13.5667 986
13.5833 985
13.6 984
13.6167 983
13.6333 982
13.65 981
13.6667 980
13.6833 979
13.7 978
13.7167 977
13.7333 976
13.75 975
13.7667 974
13.7833 973
13.8 971
13.8167 970
13.8333 969
13.85 968
13.8667 966
13.8833 965
13.9 964
13.9167 962
13.9333 961
13.95 960
13.9667 958
13.9833 957
14.0 956
14.0167 954
14.0333 953
14.05 951
14.0667 950
14.0833 948
14.1 947
14.1167 945
14.1333 943
14.15 942
14.1667 940
14.1833 939
14.2 937
14.2167 935
14.2333 934
14.25 932
14.2667 930
14.2833 929
14.3 927
14.3167 925
14.3333 923
14.35 921
14.3667 920
14.3833 918
14.4 916
14.4167 914
14.4333 912
14.45 910
14.4667 908
14.4833 906
14.5 904
14.5167 902
14.5333 900
14.55 898
14.5667 896
14.5833 894
14.6 892
14.6167 890
14.6333 888
14.65 886
14.6667 884
14.6833 882
14.7 880
14.7167 877
14.7333 875
14.75 873
14.7667 871
14.7833 868
14.8 866
14.8167 864
14.8333 862
14.85 859
14.8667 857
14.8833 855
14.9 852
14.9167 850
14.9333 847
14.95 845
14.9667 843
14.9833 840
15.0 837
15.0167 835
15.0333 832
15.05 830
15.0667 827
15.0833 825
15.1 822
15.1167 820
15.1333 817
15.15 814
15.1667 812
15.1833 809
15.2 806
15.2167 804
15.2333 801
15.25 798
15.2667 796
15.2833 793
15.3 790
15.3167 787
15.3333 785
15.35 782
15.3667 779
15.3833 776
15.4 773
15.4167 771
15.4333 768
15.45 765
15.4667 762
15.4833 759
15.5 756
15.5167 753
15.5333 750
15.55 747
15.5667 744
15.5833 741
15.6 738
15.6167 735
15.6333 732
15.65 729
15.6667 726
15.6833 723
15.7 720
15.7167 717
15.7333 714
15.75 711
15.7667 708
15.7833 704
15.8 701
15.8167 698
15.8333 695
15.85 692
15.8667 689
15.8833 685
15.9 682
15.9167 679
15.9333 676
15.95 672
15.9667 669
15.9833 666
16.0 662
16.0167 659
16.0333 656
16.05 652
16.0667 649
16.0833 646
16.1 642
16.1167 639
16.1333 636
16.15 632
16.1667 629
16.1833 625
16.2 622
16.2167 618
16.2333 615
16.25 612
16.2667 608
16.2833 605
16.3 601
16.3167 598
16.3333 594
16.35 591
16.3667 587
16.3833 583
16.4 580
16.4167 576
16.4333 573
16.45 569
16.4667 565
16.4833 562
16.5 558
16.5167 555
16.5333 551
16.55 547
16.5667 544
16.5833 540
16.6 536
16.6167 533
16.6333 529
16.65 525
16.6667 522
16.6833 518
16.7 514
16.7167 510
16.7333 507
16.75 503
16.7667 499
16.7833 496
16.8 492
16.8167 488
16.8333 484
16.85 480
16.8667 477
16.8833 473
16.9 469
16.9167 465
16.9333 461
16.95 458
16.9667 454
16.9833 450
