8.0 309
8.0167 313
8.0333 317
8.05 321
8.0667 324
8.0833 328
8.1 332
8.1167 335
8.1333 339
8.15 343
8.1667 347
8.1833 350
8.2 354
8.2167 358
8.2333 362
8.25 365
8.2667 369
8.2833 373
8.3 376
8.3167 380
8.3333 384
8.35 388
8.3667 391
8.3833 395
8.4 399
8.4167 402
8.4333 406
8.45 410
8.4667 413
8.4833 417
8.5 421
8.5167 424
8.5333 428
8.55 432
8.5667 435
8.5833 439
8.6 443
8.6167 446
8.6333 450
8.65 454
8.6667 457
8.6833 461
8.7 465
8.7167 468
8.7333 472
8.75 476
8.7667 479
8.7833 483
8.8 486
8.8167 490
8.8333 493
8.85 497
8.8667 501
8.8833 504
8.9 508
8.9167 511
8.9333 515
8.95 518
8.9667 522
8.9833 525
9.0 529
9.0167 532
9.0333 536
9.05 539
9.0667 543
9.0833 546
9.1 550
9.1167 553
9.1333 557
9.15 560
9.1667 563
9.1833 567
9.2 570
9.2167 574
9.2333 577
9.25 580
9.2667 584
9.2833 587
9.3 591
9.3167 594
9.3333 597
9.35 601
9.3667 604
9.3833 607
9.4 611
9.4167 614
9.4333 617
9.45 620
9.4667 624
9.4833 627
9.5 630
9.5167 633
9.5333 637
9.55 640
9.5667 643
9.5833 646
9.6 649
9.6167 653
9.6333 656
9.65 659
9.6667 662
9.6833 665
9.7 668
9.7167 671
9.7333 674
9.75 677
9.7667 680
9.7833 683
9.8 687
9.8167 690
9.8333 693
9.85 696
9.8667 699
9.8833 702
9.9 704
9.9167 707
9.9333 710
9.95 713
9.9667 716
9.9833 719
10.0 722
10.0167 725
10.0333 728
10.05 731
10.0667 733
10.0833 736
10.1 739
10.1167 742
10.1333 745
10.15 747
10.1667 750
10.1833 753
10.2 755
10.2167 758
10.2333 761
10.25 764
10.2667 766
10.2833 769
10.3 772
10.3167 774
10.3333 777
10.35 779
10.3667 782
10.3833 784
10.4 787
10.4167 790
10.4333 792
10.45 795
10.4667 797
10.4833 800
10.5 802
10.5167 804
10.5333 807
10.55 809
10.5667 812
10.5833 814
10.6 816
10.6167 819
10.6333 821
10.65 823
10.6667 826
10.6833 828
10.7 830
10.7167 833
10.7333 835
10.75 837
10.7667 839
10.7833 841
10.8 844
10.8167 846
10.8333 848
10.85 850
10.8667 852
10.8833 854
10.9 856
10.9167 858
10.9333 860
10.95 862
10.9667 864
10.9833 866
11.0 868
11.0167 870
11.0333 872
11.05 874
11.0667 876
11.0833 878
11.1 880
11.1167 882
11.1333 884
11.15 886
11.1667 887
11.1833 889
11.2 891
11.2167 893
11.2333 894
11.25 896
11.2667 898
11.2833 900
11.3 901
11.3167 903
11.3333 904
11.35 906
11.3667 908
11.3833 909
11.4 911
11.4167 912
11.4333 914
11.45 915
11.4667 917
11.4833 918
11.5 920
11.5167 921
11.5333 923
11.55 924
11.5667 926
11.5833 927
11.6 928
11.6167 930
11.6333 931
11.65 932
11.6667 934
11.6833 935
11.7 936
11.7167 937
11.7333 939
11.75 940
11.7667 941
11.7833 942
11.8 943
11.8167 944
11.8333 945
11.85 946
11.8667 948
11.8833 949
11.9 950
11.9167 951
11.9333 952
11.95 953
11.9667 954
11.9833 954
12.0 955
12.0167 956
12.0333 957
12.05 958
12.0667 959
12.0833 960
12.1 960
12.1167 961
12.1333 962
12.15 963
12.1667 963
12.1833 964
12.2 965
12.2167 966
12.2333 966
12.25 967
12.2667 967
12.2833 968
12.3 969
12.3167 969
12.3333 970
12.35 970
12.3667 971
12.3833 971
12.4 972
12.4167 972
12.4333 973
12.45 973
12.4667 973
12.4833 974
12.5 974
12.5167 974
12.5333 975
12.55 975
12.5667 975
12.5833 975
12.6 976
12.6167 976
12.6333 976
12.65 976
12.6667 976
12.6833 977
12.7 977
12.7167 977
12.7333 977
12.75 977
12.7667 977
12.7833 977
12.8 977
12.8167 977
12.8333 977
12.85 977
12.8667 977
12.8833 977
12.9 977
12.9167 976
12.9333 976
12.95 976
12.9667 976
12.9833 976
13.0 976
13.0167 975
13.0333 975
13.05 975
13.0667 974
13.0833 974
13.1 974
13.1167 973
13.1333 973
13.15 973
13.1667 972
13.1833 972
13.2 971
13.2167 971
13.2333 970
13.25 970
13.2667 969
13.2833 969
13.3 968
13.3167 968
13.3333 967
13.35 966
13.3667 966
13.3833 965
13.4 964
13.4167 964
13.4333 963
13.45 962
13.4667 961
13.4833 961
13.5 960
13.5167 959
13.5333 958
13.55 957
13.5667 956
13.5833 956
13.6 955
13.6167 954
13.6333 953
13.65 952
13.6667 951
13.6833 950
13.7 949
13.7167 948
13.7333 947
13.75 946
13.7667 944
13.7833 943
13.8 942
13.8167 941
13.8333 940
13.85 939
13.8667 937
13.8833 936
13.9 935
13.9167 934
13.9333 932
13.95 931
13.9667 930
13.9833 929
14.0 927
14.0167 926
14.0333 924
14.05 923
14.0667 922
14.0833 920
14.1 919
14.1167 917
14.1333 916
14.15 914
14.1667 913
14.1833 911
14.2 910
14.2167 908
14.2333 906
14.25 905
14.2667 903
14.2833 901
14.3 900
14.3167 898
14.3333 896
14.35 895
14.3667 893
14.3833 891
14.4 889
14.4167 888
14.4333 886
14.45 884
14.4667 882
14.4833 880
14.5 878
14.5167 876
14.5333 875
14.55 873
14.5667 871
14.5833 869
14.6 867
14.6167 865
14.6333 863
14.65 861
14.6667 859
14.6833 857
14.7 855
14.7167 852
14.7333 850
14.75 848
14.7667 846
14.7833 844
14.8 842
14.8167 840
14.8333 837
14.85 835
14.8667 833
14.8833 831
14.9 828
14.9167 826
14.9333 824
14.95 821
14.9667 819
14.9833 817
15.0 814
15.0167 812
15.0333 809
15.05 807
15.0667 805
15.0833 802
15.1 800
15.1167 797
15.1333 795
15.15 792
15.1667 790
15.1833 787
15.2 785
15.2167 782
15.2333 779
15.25 777
15.2667 774
15.2833 772
15.3 769
15.3167 766
15.3333 764
15.35 761
15.3667 758
15.3833 756
15.4 753
15.4167 750
15.4333 747
15.45 745
15.4667 742
15.4833 739
15.5 736
15.5167 734
15.5333 731
15.55 728
15.5667 725
15.5833 722
15.6 719
15.6167 716
15.6333 713
15.65 711
15.6667 708
15.6833 705
15.7 702
15.7167 699
15.7333 696
15.75 693
15.7667 690
15.7833 687
15.8 684
15.8167 681
15.8333 678
15.85 675
15.8667 671
15.8833 668
15.9 665
15.9167 662
15.9333 659
15.95 656
15.9667 653
15.9833 650
16.0 646
16.0167 643
16.0333 640
16.05 637
16.0667 634
16.0833 630
16.1 627
16.1167 624
16.1333 621
16.15 617
16.1667 614
16.1833 611
16.2 607
16.2167 604
16.2333 601
16.25 597
16.2667 594
16.2833 591
16.3 587
16.3167 584
16.3333 581
16.35 577
16.3667 574
16.3833 570
16.4 567
16.4167 564
16.4333 560
16.45 557
16.4667 553
16.4833 550
16.5 546
16.5167 543
16.5333 539
16.55 536
16.5667 532
16.5833 529
16.6 525
16.6167 522
16.6333 518
16.65 515
16.6667 511
16.6833 508
16.7 504
16.7167 501
16.7333 497
16.75 493
16.7667 490
16.7833 486
16.8 483
16.8167 479
16.8333 475
16.85 472
16.8667 468
16.8833 465
16.9 461
16.9167 457
16.9333 454
16.95 450
16.9667 446
16.9833 443
