8.0 287
8.0167 290
8.0333 294
8.05 298
8.0667 302
8.0833 306
8.1 309
8.1167 313
8.1333 317
8.15 321
8.1667 324
8.1833 328
8.2 332
8.2167 336
8.2333 340
8.25 343
8.2667 347
8.2833 351
8.3 355
8.3167 358
8.3333 362
8.35 366
8.3667 370
8.3833 374
8.4 377
8.4167 381
8.4333 385
8.45 389
8.4667 392
8.4833 396
8.5 400
8.5167 404
8.5333 407
8.55 411
8.5667 415
8.5833 419
8.6 422
8.6167 426
8.6333 430
8.65 434
8.6667 437
8.6833 441
8.7 445
8.7167 448
8.7333 452
8.75 456
8.7667 459
8.7833 463
8.8 467
8.8167 470
8.8333 474
8.85 478
8.8667 481
8.8833 485
8.9 489
8.9167 492
8.9333 496
8.95 500
8.9667 503
8.9833 507
9.0 510
9.0167 514
9.0333 517
9.05 521
9.0667 524
9.0833 528
9.1 531
9.1167 535
9.1333 538
9.15 542
9.1667 545
9.1833 549
9.2 552
9.2167 556
9.2333 559
9.25 563
9.2667 566
9.2833 570
9.3 573
9.3167 577
9.3333 580
9.35 583
9.3667 587
9.3833 590
9.4 593
9.4167 597
9.4333 600
9.45 603
9.4667 607
9.4833 610
9.5 613
9.5167 617
9.5333 620
9.55 623
9.5667 627
9.5833 630
9.6 633
9.6167 636
9.6333 639
9.65 643
9.6667 646
9.6833 649
9.7 652
9.7167 655
9.7333 658
9.75 662
9.7667 665
9.7833 668
9.8 671
9.8167 674
9.8333 677
9.85 680
9.8667 683
9.8833 686
9.9 689
9.9167 692
9.9333 695
9.95 698
9.9667 701
9.9833 704
10.0 707
10.0167 710
10.0333 713
10.05 715
10.0667 718
10.0833 721
10.1 724
10.1167 727
10.1333 730
10.15 732
10.1667 735
10.1833 738
10.2 741
10.2167 744
10.2333 746
10.25 749
10.2667 752
10.2833 754
10.3 757
10.3167 760
10.3333 762
10.35 765
10.3667 768
10.3833 770
10.4 773
10.4167 775
10.4333 778
10.45 780
10.4667 783
10.4833 785
10.5 788
10.5167 790
10.5333 793
10.55 795
10.5667 798
10.5833 800
10.6 802
10.6167 805
10.6333 807
10.65 809
10.6667 812
10.6833 814
10.7 816
10.7167 819
10.7333 821
10.75 823
10.7667 825
10.7833 828
10.8 830
10.8167 832
10.8333 834
10.85 836
10.8667 838
10.8833 840
10.9 843
10.9167 845
10.9333 847
10.95 849
10.9667 851
10.9833 853
11.0 855
11.0167 857
11.0333 859
11.05 861
11.0667 863
11.0833 864
11.1 866
11.1167 868
11.1333 870
11.15 872
11.1667 874
11.1833 875
11.2 877
11.2167 879
11.2333 881
11.25 882
11.2667 884
11.2833 886
11.3 887
11.3167 889
11.3333 891
11.35 892
11.3667 894
11.3833 896
11.4 897
11.4167 899
11.4333 900
11.45 902
11.4667 903
11.4833 905
11.5 906
11.5167 907
11.5333 909
11.55 910
11.5667 912
11.5833 913
11.6 914
11.6167 916
11.6333 917
11.65 918
11.6667 919
11.6833 921
11.7 922
11.7167 923
11.7333 924
11.75 926
11.7667 927
11.7833 928
11.8 929
11.8167 930
11.8333 931
11.85 932
11.8667 933
11.8833 934
11.9 935
11.9167 936
11.9333 937
11.95 938
11.9667 939
11.9833 940
12.0 941
12.0167 942
12.0333 942
12.05 943
12.0667 944
12.0833 945
12.1 946
12.1167 946
12.1333 947
12.15 948
12.1667 948
12.1833 949
12.2 950
12.2167 950
12.2333 951
12.25 952
12.2667 952
12.2833 953
12.3 953
12.3167 954
12.3333 954
12.35 955
12.3667 955
12.3833 955
12.4 956
12.4167 956
12.4333 957
12.45 957
12.4667 957
12.4833 958
12.5 958
12.5167 958
12.5333 958
12.55 959
12.5667 959
12.5833 959
12.6 959
12.6167 959
12.6333 960
12.65 960
12.6667 960
12.6833 960
12.7 960
12.7167 960
12.7333 960
12.75 960
12.7667 960
12.7833 960
12.8 960
12.8167 960
12.8333 960
12.85 959
12.8667 959
12.8833 959
12.9 959
12.9167 959
12.9333 958
12.95 958
12.9667 958
12.9833 958
13.0 957
13.0167 957
13.0333 957
13.05 956
13.0667 956
13.0833 956
13.1 955
13.1167 955
13.1333 954
13.15 954
13.1667 953
13.1833 953
13.2 952
13.2167 952
13.2333 951
13.25 950
13.2667 950
13.2833 949
13.3 949
13.3167 948
13.3333 947
13.35 946
13.3667 946
13.3833 945
13.4 944
13.4167 943
13.4333 943
13.45 942
13.4667 941
13.4833 940
13.5 939
13.5167 938
13.5333 937
13.55 936
13.5667 935
13.5833 934
13.6 933
13.6167 932
13.6333 931
13.65 930
13.6667 929
13.6833 928
13.7 927
13.7167 926
13.7333 925
13.75 923
13.7667 922
13.7833 921
13.8 920
13.8167 919
13.8333 917
13.85 916
13.8667 915
13.8833 913
13.9 912
13.9167 911
13.9333 909
13.95 908
13.9667 906
13.9833 905
14.0 903
14.0167 902
14.0333 900
14.05 899
14.0667 897
14.0833 896
14.1 894
14.1167 893
14.1333 891
14.15 889
14.1667 888
14.1833 886
14.2 885
14.2167 883
14.2333 881
14.25 879
14.2667 878
14.2833 876
14.3 874
14.3167 872
14.3333 870
14.35 869
14.3667 867
14.3833 865
14.4 863
14.4167 861
14.4333 859
14.45 857
14.4667 855
14.4833 853
14.5 851
14.5167 849
14.5333 847
14.55 845
14.5667 843
14.5833 841
14.6 839
14.6167 837
14.6333 835
14.65 832
14.6667 830
14.6833 828
14.7 826
14.7167 824
14.7333 821
14.75 819
14.7667 817
14.7833 815
14.8 812
14.8167 810
14.8333 808
14.85 805
14.8667 803
14.8833 801
14.9 798
14.9167 796
14.9333 793
14.95 791
14.9667 788
14.9833 786
15.0 783
15.0167 780
15.0333 778
15.05 775
15.0667 773
15.0833 770
15.1 768
15.1167 765
15.1333 762
15.15 760
15.1667 757
15.1833 754
15.2 752
15.2167 749
15.2333 746
15.25 744
15.2667 741
15.2833 738
15.3 735
15.3167 733
15.3333 730
15.35 727
15.3667 724
15.3833 721
15.4 718
15.4167 716
15.4333 713
15.45 710
15.4667 707
15.4833 704
15.5 701
15.5167 698
15.5333 695
15.55 692
15.5667 689
15.5833 686
15.6 683
15.6167 680
15.6333 677
15.65 674
15.6667 671
15.6833 668
15.7 665
15.7167 662
15.7333 658
15.75 655
15.7667 652
15.7833 649
15.8 646
15.8167 643
15.8333 639
15.85 636
15.8667 633
15.8833 630
15.9 627
15.9167 623
15.9333 620
15.95 617
15.9667 613
15.9833 610
16.0 607
16.0167 604
16.0333 600
16.05 597
16.0667 594
16.0833 590
16.1 587
16.1167 583
16.1333 580
16.15 577
16.1667 573
16.1833 570
16.2 566
16.2167 563
16.2333 559
16.25 556
16.2667 553
16.2833 549
16.3 546
16.3167 542
16.3333 539
16.35 535
16.3667 531
16.3833 528
16.4 524
16.4167 521
16.4333 517
16.45 514
16.4667 510
16.4833 507
16.5 503
16.5167 499
16.5333 496
16.55 492
16.5667 489
16.5833 485
16.6 481
16.6167 478
16.6333 474
16.65 470
16.6667 467
16.6833 463
16.7 459
16.7167 456
16.7333 452
16.75 448
16.7667 445
16.7833 441
16.8 437
16.8167 433
16.8333 430
16.85 426
16.8667 422
16.8833 418
16.9 415
16.9167 411
16.9333 407
16.95 404
16.9667 400
16.9833 396
