8.0 281
8.0167 285
8.0333 288
8.05 292
8.0667 296
8.0833 299
8.1 303
8.1167 307
8.1333 310
8.15 314
8.1667 318
8.1833 322
8.2 325
8.2167 329
8.2333 333
8.25 336
8.2667 340
8.2833 344
8.3 347
8.3167 351
8.3333 355
8.35 358
8.3667 362
8.3833 366
8.4 369
8.4167 373
8.4333 377
8.45 380
8.4667 384
8.4833 388
8.5 391
8.5167 395
8.5333 399
8.55 402
8.5667 406
8.5833 410
8.6 413
8.6167 417
8.6333 421
8.65 424
8.6667 428
8.6833 431
8.7 435
8.7167 439
8.7333 442
8.75 446
8.7667 450
8.7833 453
8.8 457
8.8167 460
8.8333 464
8.85 467
8.8667 471
8.8833 475
8.9 478
8.9167 482
8.9333 485
8.95 489
8.9667 492
8.9833 496
9.0 499
9.0167 503
9.0333 506
9.05 510
9.0667 513
9.0833 517
9.1 520
9.1167 524
9.1333 527
9.15 530
9.1667 534
9.1833 537
9.2 541
9.2167 544
9.2333 548
9.25 551
9.2667 554
9.2833 558
9.3 561
9.3167 564
9.3333 568
9.35 571
9.3667 574
9.3833 578
9.4 581
9.4167 584
9.4333 588
9.45 591
9.4667 594
9.4833 597
9.5 601
9.5167 604
9.5333 607
9.55 610
9.5667 614
9.5833 617
9.6 620
9.6167 623
9.6333 626
9.65 629
9.6667 633
9.6833 636
9.7 639
9.7167 642
9.7333 645
9.75 648
9.7667 651
9.7833 654
9.8 657
9.8167 660
9.8333 663
9.85 666
9.8667 669
9.8833 672
9.9 675
9.9167 678
9.9333 681
9.95 684
9.9667 687
9.9833 690
10.0 693
10.0167 696
10.0333 699
10.05 701
10.0667 704
10.0833 707
10.1 710
10.1167 713
10.1333 715
10.15 718
10.1667 721
10.1833 724
10.2 726
10.2167 729
10.2333 732
10.25 735
10.2667 737
10.2833 740
10.3 743
10.3167 745
10.3333 748
10.35 750
10.3667 753
10.3833 756
10.4 758
10.4167 761
10.4333 763
10.45 766
10.4667 768
10.4833 771
10.5 773
10.5167 776
10.5333 778
10.55 780
10.5667 783
10.5833 785
10.6 788
10.6167 790
10.6333 792
10.65 795
10.6667 797
10.6833 799
10.7 801
10.7167 804
10.7333 806
10.75 808
10.7667 810
10.7833 813
10.8 815
10.8167 817
10.8333 819
10.85 821
10.8667 823
10.8833 825
10.9 827
10.9167 830
10.9333 832
10.95 834
10.9667 836
10.9833 838
11.0 840
11.0167 842
11.0333 843
11.05 845
11.0667 847
11.0833 849
11.1 851
11.1167 853
11.1333 855
11.15 857
11.1667 858
11.1833 860
11.2 862
11.2167 864
11.2333 865
11.25 867
11.2667 869
11.2833 871
11.3 872
11.3167 874
11.3333 876
11.35 877
11.3667 879
11.3833 880
11.4 882
11.4167 883
11.4333 885
11.45 886
11.4667 888
11.4833 889
11.5 891
11.5167 892
11.5333 894
11.55 895
11.5667 896
11.5833 898
11.6 899
11.6167 901
11.6333 902
11.65 903
11.6667 904
11.6833 906
11.7 907
11.7167 908
11.7333 909
11.75 910
11.7667 912
11.7833 913
11.8 914
11.8167 915
11.8333 916
11.85 917
11.8667 918
11.8833 919
11.9 920
11.9167 921
11.9333 922
11.95 923
11.9667 924
11.9833 925
12.0 926
12.0167 927
12.0333 928
12.05 928
12.0667 929
12.0833 930
12.1 931
12.1167 932
12.1333 932
12.15 933
12.1667 934
12.1833 934
12.2 935
12.2167 936
12.2333 936
12.25 937
12.2667 938
12.2833 938
12.3 939
12.3167 939
12.3333 940
12.35 940
12.3667 941
12.3833 941
12.4 942
12.4167 942
12.4333 942
12.45 943
12.4667 943
12.4833 943
12.5 944
12.5167 944
12.5333 944
12.55 945
12.5667 945
12.5833 945
12.6 945
12.6167 945
12.6333 946
12.65 946
12.6667 946
12.6833 946
12.7 946
12.7167 946
12.7333 946
12.75 946
12.7667 946
12.7833 946
12.8 946
12.8167 946
12.8333 946
12.85 946
12.8667 946
12.8833 946
12.9 945
12.9167 945
12.9333 945
12.95 945
12.9667 945
12.9833 944
13.0 944
13.0167 944
13.0333 944
13.05 943
13.0667 943
13.0833 943
13.1 942
13.1167 942
13.1333 941
13.15 941
13.1667 940
13.1833 940
13.2 939
13.2167 939
13.2333 938
13.25 938
13.2667 937
13.2833 937
13.3 936
13.3167 935
13.3333 935
13.35 934
13.3667 933
13.3833 933
13.4 932
13.4167 931
13.4333 930
13.45 930
13.4667 929
13.4833 928
13.5 927
13.5167 926
13.5333 925
13.55 924
13.5667 924
13.5833 923
13.6 922
13.6167 921
13.6333 920
13.65 919
13.6667 918
13.6833 917
13.7 915
13.7167 914
13.7333 913
13.75 912
13.7667 911
13.7833 910
13.8 909
13.8167 907
13.8333 906
13.85 905
13.8667 904
13.8833 902
13.9 901
13.9167 900
13.9333 898
13.95 897
13.9667 896
13.9833 894
14.0 893
14.0167 892
14.0333 890
14.05 889
14.0667 887
14.0833 886
14.1 884
14.1167 883
14.1333 881
14.15 879
14.1667 878
14.1833 876
14.2 875
14.2167 873
14.2333 871
14.25 870
14.2667 868
14.2833 866
14.3 865
14.3167 863
14.3333 861
14.35 859
14.3667 857
14.3833 856
14.4 854
14.4167 852
14.4333 850
14.45 848
14.4667 846
14.4833 844
14.5 842
14.5167 840
14.5333 839
14.55 837
14.5667 835
14.5833 833
14.6 830
14.6167 828
14.6333 826
14.65 824
14.6667 822
14.6833 820
14.7 818
14.7167 816
14.7333 814
14.75 811
14.7667 809
14.7833 807
14.8 805
14.8167 802
14.8333 800
14.85 798
14.8667 796
14.8833 793
14.9 791
14.9167 789
14.9333 786
14.95 784
14.9667 782
14.9833 779
15.0 776
15.0167 774
15.0333 771
15.05 769
15.0667 766
15.0833 764
15.1 761
15.1167 759
15.1333 756
15.15 754
15.1667 751
15.1833 749
15.2 746
15.2167 743
15.2333 741
15.25 738
15.2667 735
15.2833 733
15.3 730
15.3167 727
15.3333 725
15.35 722
15.3667 719
15.3833 716
15.4 714
15.4167 711
15.4333 708
15.45 705
15.4667 702
15.4833 699
15.5 697
15.5167 694
15.5333 691
15.55 688
15.5667 685
15.5833 682
15.6 679
15.6167 676
15.6333 673
15.65 670
15.6667 667
15.6833 664
15.7 661
15.7167 658
15.7333 655
15.75 652
15.7667 649
15.7833 646
15.8 643
15.8167 640
15.8333 637
15.85 634
15.8667 630
15.8833 627
15.9 624
15.9167 621
15.9333 618
15.95 615
15.9667 611
15.9833 608
16.0 605
16.0167 602
16.0333 598
16.05 595
16.0667 592
16.0833 589
16.1 585
16.1167 582
16.1333 579
16.15 575
16.1667 572
16.1833 569
16.2 565
16.2167 562
16.2333 559
16.25 555
16.2667 552
16.2833 549
16.3 545
16.3167 542
16.3333 538
16.35 535
16.3667 531
16.3833 528
16.4 525
16.4167 521
16.4333 518
16.45 514
16.4667 511
16.4833 507
16.5 504
16.5167 500
16.5333 497
16.55 493
16.5667 490
16.5833 486
16.6 483
16.6167 479
16.6333 475
16.65 472
16.6667 468
16.6833 465
16.7 461
16.7167 458
16.7333 454
16.75 450
16.7667 447
16.7833 443
16.8 440
16.8167 436
16.8333 432
16.85 429
16.8667 425
16.8833 421
16.9 418
16.9167 414
16.9333 411
16.95 407
16.9667 403
16.9833 400
