8.0 240
8.0167 244
8.0333 248
8.05 251
8.0667 255
8.0833 259
8.1 262
8.1167 266
8.1333 270
8.15 273
8.1667 277
8.1833 281
8.2 284
8.2167 288
8.2333 292
8.25 296
8.2667 299
8.2833 303
8.3 307
8.3167 310
8.3333 314
8.35 318
8.3667 321
8.3833 325
8.4 329
8.4167 333
8.4333 336
8.45 340
8.4667 344
8.4833 347
8.5 351
8.5167 355
8.5333 358
8.55 362
8.5667 366
8.5833 369
8.6 373
8.6167 377
8.6333 380
8.65 384
8.6667 388
8.6833 391
8.7 395
8.7167 399
8.7333 402
8.75 406
8.7667 409
8.7833 413
8.8 417
8.8167 420
8.8333 424
8.85 427
8.8667 431
8.8833 435
8.9 438
8.9167 442
8.9333 445
8.95 449
8.9667 452
8.9833 456
9.0 459
9.0167 463
9.0333 466
9.05 470
9.0667 473
9.0833 477
9.1 480
9.1167 484
9.1333 487
9.15 490
9.1667 494
9.1833 497
9.2 501
9.2167 504
9.2333 508
9.25 511
9.2667 514
9.2833 518
9.3 521
9.3167 524
9.3333 528
9.35 531
9.3667 534
9.3833 538
9.4 541
9.4167 544
9.4333 548
9.45 551
9.4667 554
9.4833 557
9.5 561
9.5167 564
9.5333 567
9.55 570
9.5667 573
9.5833 577
9.6 580
9.6167 583
9.6333 586
9.65 589
9.6667 592
9.6833 595
9.7 598
9.7167 601
9.7333 605
9.75 608
9.7667 611
9.7833 614
9.8 617
9.8167 620
9.8333 623
9.85 626
9.8667 629
9.8833 631
9.9 634
9.9167 637
9.9333 640
9.95 643
9.9667 646
9.9833 649
10.0 652
10.0167 655
10.0333 657
10.05 660
10.0667 663
10.0833 666
10.1 668
10.1167 671
10.1333 674
10.15 677
10.1667 679
10.1833 682
10.2 685
10.2167 687
10.2333 690
10.25 693
10.2667 695
10.2833 698
10.3 700
10.3167 703
10.3333 705
10.35 708
10.3667 710
10.3833 713
10.4 715
10.4167 718
10.4333 720
10.45 723
10.4667 725
10.4833 727
10.5 730
10.5167 732
10.5333 735
10.55 737
10.5667 739
10.5833 741
10.6 744
10.6167 746
10.6333 748
10.65 751
10.6667 753
10.6833 755
10.7 757
10.7167 759
10.7333 761
10.75 763
10.7667 766
10.7833 768
10.8 770
10.8167 772
10.8333 774
10.85 776
10.8667 778
10.8833 780
10.9 782
10.9167 784
10.9333 786
10.95 788
10.9667 789
10.9833 791
11.0 793
11.0167 795
11.0333 797
11.05 799
11.0667 800
11.0833 802
11.1 804
11.1167 806
11.1333 807
11.15 809
11.1667 811
11.1833 812
11.2 814
11.2167 816
11.2333 817
11.25 819
11.2667 820
11.2833 822
11.3 823
11.3167 825
11.3333 826
11.35 828
11.3667 829
11.3833 831
11.4 832
11.4167 834
11.4333 835
11.45 836
11.4667 838
11.4833 839
11.5 840
11.5167 842
11.5333 843
11.55 844
11.5667 845
11.5833 846
11.6 848
11.6167 849
11.6333 850
11.65 851
11.6667 852
11.6833 853
11.7 854
11.7167 855
11.7333 856
11.75 857
11.7667 858
11.7833 859
11.8 860
11.8167 861
11.8333 862
11.85 863
11.8667 864
11.8833 865
11.9 865
11.9167 866
11.9333 867
11.95 868
11.9667 869
11.9833 869
12.0 870
12.0167 871
12.0333 871
12.05 872
12.0667 873
12.0833 873
12.1 874
12.1167 874
12.1333 875
12.15 875
12.1667 876
12.1833 876
12.2 877
12.2167 877
12.2333 878
12.25 878
12.2667 878
12.2833 879
12.3 879
12.3167 879
12.3333 880
12.35 880
12.3667 880
12.3833 881
12.4 881
12.4167 881
12.4333 881
12.45 881
12.4667 881
12.4833 882
12.5 882
12.5167 882
12.5333 882
12.55 882
12.5667 882
12.5833 882
12.6 882
12.6167 882
12.6333 882
12.65 882
12.6667 881
12.6833 881
12.7 881
12.7167 881
12.7333 881
12.75 881
12.7667 880
12.7833 880
12.8 880
12.8167 880
12.8333 879
12.85 879
12.8667 879
12.8833 878
12.9 878
12.9167 877
12.9333 877
12.95 877
12.9667 876
12.9833 876
13.0 875
13.0167 875
13.0333 874
13.05 873
13.0667 873
13.0833 872
13.1 872
13.1167 871
13.1333 870
13.15 870
13.1667 869
13.1833 868
13.2 867
13.2167 867
13.2333 866
13.25 865
13.2667 864
13.2833 863
13.3 862
13.3167 862
13.3333 861
13.35 860
13.3667 859
13.3833 858
13.4 857
13.4167 856
13.4333 855
13.45 854
13.4667 853
13.4833 852
13.5 850
13.5167 849
13.5333 848
13.55 847
13.5667 846
13.5833 845
13.6 843
13.6167 842
13.6333 841
13.65 840
13.6667 838
13.6833 837
13.7 836
13.7167 834
13.7333 833
13.75 831
13.7667 830
13.7833 829
13.8 827
13.8167 826
13.8333 824
13.85 823
13.8667 821
13.8833 820
13.9 818
13.9167 816
13.9333 815
13.95 813
13.9667 812
13.9833 810
14.0 808
14.0167 807
14.0333 805
14.05 803
14.0667 801
14.0833 800
14.1 798
14.1167 796
14.1333 794
14.15 792
14.1667 790
14.1833 789
14.2 787
14.2167 785
14.2333 783
14.25 781
14.2667 779
14.2833 777
14.3 775
14.3167 773
14.3333 771
14.35 769
14.3667 767
14.3833 765
14.4 762
14.4167 760
14.4333 758
14.45 756
14.4667 754
14.4833 752
14.5 749
14.5167 747
14.5333 745
14.55 743
14.5667 740
14.5833 738
14.6 736
14.6167 733
14.6333 731
14.65 729
14.6667 726
14.6833 724
14.7 721
14.7167 719
14.7333 717
14.75 714
14.7667 712
14.7833 709
14.8 707
14.8167 704
14.8333 702
14.85 699
14.8667 696
14.8833 694
14.9 691
14.9167 689
14.9333 686
14.95 683
14.9667 681
14.9833 678
15.0 674
15.0167 671
15.0333 669
15.05 666
15.0667 663
15.0833 660
15.1 658
15.1167 655
15.1333 652
15.15 649
15.1667 646
15.1833 644
15.2 641
15.2167 638
15.2333 635
15.25 632
15.2667 629
15.2833 626
15.3 623
15.3167 620
15.3333 617
15.35 614
15.3667 611
15.3833 608
15.4 605
15.4167 602
15.4333 599
15.45 596
15.4667 593
15.4833 590
15.5 586
15.5167 583
15.5333 580
15.55 577
15.5667 574
15.5833 571
15.6 568
15.6167 564
15.6333 561
15.65 558
15.6667 555
15.6833 551
15.7 548
15.7167 545
15.7333 542
15.75 538
15.7667 535
15.7833 532
15.8 528
15.8167 525
15.8333 522
15.85 518
15.8667 515
15.8833 512
15.9 508
15.9167 505
15.9333 501
15.95 498
15.9667 494
15.9833 491
16.0 488
16.0167 484
16.0333 481
16.05 477
16.0667 474
16.0833 470
16.1 467
16.1167 463
16.1333 460
16.15 456
16.1667 453
16.1833 449
16.2 446
16.2167 442
16.2333 438
16.25 435
16.2667 431
16.2833 428
16.3 424
16.3167 421
16.3333 417
16.35 413
16.3667 410
16.3833 406
16.4 402
16.4167 399
16.4333 395
16.45 392
16.4667 388
16.4833 384
16.5 381
16.5167 377
16.5333 373
16.55 370
16.5667 366
16.5833 362
16.6 359
16.6167 355
16.6333 351
16.65 348
16.6667 344
16.6833 340
16.7 337
16.7167 333
16.7333 329
16.75 325
16.7667 322
16.7833 318
16.8 314
16.8167 311
16.8333 307
16.85 303
16.8667 300
16.8833 296
16.9 292
16.9167 289
16.9333 285
16.95 281
16.9667 277
16.9833 274
