8.0 235
8.0167 239
8.0333 243
8.05 246
8.0667 250
8.0833 254
8.1 257
8.1167 261
8.1333 265
8.15 269
8.1667 272
8.1833 276
8.2 280
8.2167 283
8.2333 287
8.25 291
8.2667 295
8.2833 298
8.3 302
8.3167 306
8.3333 309
8.35 313
8.3667 317
8.3833 321
8.4 324
8.4167 328
8.4333 332
8.45 335
8.4667 339
8.4833 343
8.5 347
8.5167 350
8.5333 354
8.55 358
8.5667 361
8.5833 365
8.6 369
8.6167 372
8.6333 376
8.65 380
8.6667 383
8.6833 387
8.7 391
8.7167 394
8.7333 398
8.75 402
8.7667 405
8.7833 409
8.8 412
8.8167 416
8.8333 420
8.85 423
8.8667 427
8.8833 430
8.9 434
8.9167 438
8.9333 441
8.95 445
8.9667 448
8.9833 452
9.0 455
9.0167 458
9.0333 462
9.05 465
9.0667 469
9.0833 472
9.1 476
9.1167 479
9.1333 483
9.15 486
9.1667 490
9.1833 493
9.2 496
9.2167 500
9.2333 503
9.25 507
9.2667 510
9.2833 513
9.3 517
9.3167 520
9.3333 523
9.35 527
9.3667 530
9.3833 533
9.4 537
9.4167 540
9.4333 543
9.45 546
9.4667 550
9.4833 553
9.5 556
9.5167 559
9.5333 562
9.55 566
9.5667 569
9.5833 572
9.6 575
9.6167 578
9.6333 581
9.65 585
9.6667 588
9.6833 591
9.7 594
9.7167 597
9.7333 600
9.75 603
9.7667 606
9.7833 609
9.8 612
9.8167 615
9.8333 618
9.85 621
9.8667 624
9.8833 627
9.9 630
9.9167 632
9.9333 635
9.95 638
9.9667 641
9.9833 644
10.0 647
10.0167 650
10.0333 652
10.05 655
10.0667 658
10.0833 661
10.1 663
10.1167 666
10.1333 669
10.15 671
10.1667 674
10.1833 677
10.2 679
10.2167 682
10.2333 685
10.25 687
10.2667 690
10.2833 692
10.3 695
10.3167 697
10.3333 700
10.35 702
10.3667 705
10.3833 707
10.4 710
10.4167 712
10.4333 715
10.45 717
10.4667 719
10.4833 722
10.5 724
10.5167 726
10.5333 729
10.55 731
10.5667 733
10.5833 736
10.6 738
10.6167 740
10.6333 742
10.65 744
10.6667 747
10.6833 749
10.7 751
10.7167 753
10.7333 755
10.75 757
10.7667 759
10.7833 761
10.8 763
10.8167 765
10.8333 767
10.85 769
10.8667 771
10.8833 773
10.9 775
10.9167 777
10.9333 779
10.95 781
10.9667 783
10.9833 785
11.0 786
11.0167 788
11.0333 790
11.05 792
11.0667 793
11.0833 795
11.1 797
11.1167 799
11.1333 800
11.15 802
11.1667 803
11.1833 805
11.2 807
11.2167 808
11.2333 810
11.25 811
11.2667 813
11.2833 814
11.3 816
11.3167 817
11.3333 819
11.35 820
11.3667 822
11.3833 823
11.4 824
11.4167 826
11.4333 827
11.45 828
11.4667 830
11.4833 831
11.5 832
11.5167 833
11.5333 835
11.55 836
11.5667 837
11.5833 838
11.6 839
11.6167 840
11.6333 841
11.65 842
11.6667 843
11.6833 845
11.7 846
11.7167 847
11.7333 847
11.75 848
11.7667 849
11.7833 850
11.8 851
11.8167 852
11.8333 853
11.85 854
11.8667 855
11.8833 855
11.9 856
11.9167 857
11.9333 858
11.95 858
11.9667 859
11.9833 860
12.0 860
12.0167 861
12.0333 862
12.05 862
12.0667 863
12.0833 863
12.1 864
12.1167 864
12.1333 865
12.15 865
12.1667 866
12.1833 866
12.2 867
12.2167 867
12.2333 867
12.25 868
12.2667 868
12.2833 868
12.3 869
12.3167 869
12.3333 869
12.35 869
12.3667 870
12.3833 870
12.4 870
12.4167 870
12.4333 870
12.45 870
12.4667 870
12.4833 870
12.5 870
12.5167 870
12.5333 870
12.55 870
12.5667 870
12.5833 870
12.6 870
12.6167 870
12.6333 870
12.65 870
12.6667 870
12.6833 870
12.7 869
12.7167 869
12.7333 869
12.75 869
12.7667 868
12.7833 868
12.8 868
12.8167 867
12.8333 867
12.85 867
12.8667 866
12.8833 866
12.9 865
12.9167 865
12.9333 864
12.95 864
12.9667 863
12.9833 863
13.0 862
13.0167 862
13.0333 861
13.05 860
13.0667 860
13.0833 859
13.1 858
13.1167 858
13.1333 857
13.15 856
13.1667 855
13.1833 855
13.2 854
13.2167 853
13.2333 852
13.25 851
13.2667 850
13.2833 849
13.3 848
13.3167 847
13.3333 847
13.35 846
13.3667 845
13.3833 843
13.4 842
13.4167 841
13.4333 840
13.45 839
13.4667 838
13.4833 837
13.5 836
13.5167 835
13.5333 833
13.55 832
13.5667 831
13.5833 830
13.6 828
13.6167 827
13.6333 826
13.65 824
13.6667 823
13.6833 822
13.7 820
13.7167 819
13.7333 817
13.75 816
13.7667 814
13.7833 813
13.8 811
13.8167 810
13.8333 808
13.85 807
13.8667 805
13.8833 803
13.9 802
13.9167 800
13.9333 799
13.95 797
13.9667 795
13.9833 793
14.0 792
14.0167 790
14.0333 788
14.05 786
14.0667 785
14.0833 783
14.1 781
14.1167 779
14.1333 777
14.15 775
14.1667 773
14.1833 771
14.2 769
14.2167 767
14.2333 765
14.25 763
14.2667 761
14.2833 759
14.3 757
14.3167 755
14.3333 753
14.35 751
14.3667 749
14.3833 747
14.4 744
14.4167 742
14.4333 740
14.45 738
14.4667 736
14.4833 733
14.5 731
14.5167 729
14.5333 726
14.55 724
14.5667 722
14.5833 719
14.6 717
14.6167 715
14.6333 712
14.65 710
14.6667 707
14.6833 705
14.7 702
14.7167 700
14.7333 697
14.75 695
14.7667 692
14.7833 690
14.8 687
14.8167 685
14.8333 682
14.85 679
14.8667 677
14.8833 674
14.9 671
14.9167 669
14.9333 666
14.95 663
14.9667 661
14.9833 658
15.0 654
15.0167 651
15.0333 648
15.05 646
15.0667 643
15.0833 640
15.1 637
15.1167 634
15.1333 631
15.15 628
15.1667 626
15.1833 623
15.2 620
15.2167 617
15.2333 614
15.25 611
15.2667 608
15.2833 605
15.3 602
15.3167 599
15.3333 596
15.35 593
15.3667 590
15.3833 587
15.4 583
15.4167 580
15.4333 577
15.45 574
15.4667 571
15.4833 568
15.5 565
15.5167 561
15.5333 558
15.55 555
15.5667 552
15.5833 549
15.6 545
15.6167 542
15.6333 539
15.65 535
15.6667 532
15.6833 529
15.7 526
15.7167 522
15.7333 519
15.75 516
15.7667 512
15.7833 509
15.8 505
15.8167 502
15.8333 499
15.85 495
15.8667 492
15.8833 488
15.9 485
15.9167 482
15.9333 478
15.95 475
15.9667 471
15.9833 468
16.0 464
16.0167 461
16.0333 457
16.05 454
16.0667 450
16.0833 447
16.1 443
16.1167 439
16.1333 436
16.15 432
16.1667 429
16.1833 425
16.2 422
16.2167 418
16.2333 414
16.25 411
16.2667 407
16.2833 404
16.3 400
16.3167 396
16.3333 393
16.35 389
16.3667 385
16.3833 382
16.4 378
16.4167 374
16.4333 371
16.45 367
16.4667 363
16.4833 360
16.5 356
16.5167 352
16.5333 349
16.55 345
16.5667 341
16.5833 338
16.6 334
16.6167 330
16.6333 326
16.65 323
16.6667 319
16.6833 315
16.7 312
16.7167 308
16.7333 304
16.75 300
16.7667 297
16.7833 293
16.8 289
16.8167 286
16.8333 282
16.85 278
16.8667 274
16.8833 271
16.9 267
16.9167 263
16.9333 260
16.95 256
16.9667 252
16.9833 249
