8.0 242
8.0167 245
8.0333 249
8.05 252
8.0667 256
8.0833 260
8.1 263
8.1167 267
8.1333 271
8.15 274
8.1667 278
8.1833 282
8.2 285
8.2167 289
8.2333 293
8.25 296
8.2667 300
8.2833 304
8.3 307
8.3167 311
8.3333 315
8.35 318
8.3667 322
8.3833 326
8.4 329
8.4167 333
8.4333 337
8.45 340
8.4667 344
8.4833 348
8.5 351
8.5167 355
8.5333 359
8.55 362
8.5667 366
8.5833 370
8.6 373
8.6167 377
8.6333 381
8.65 384
8.6667 388
8.6833 391
8.7 395
8.7167 399
8.7333 402
8.75 406
8.7667 409
8.7833 413
8.8 417
8.8167 420
8.8333 424
8.85 427
8.8667 431
8.8833 435
8.9 438
8.9167 442
8.9333 445
8.95 449
8.9667 452
8.9833 456
9.0 459
9.0167 462
9.0333 466
9.05 469
9.0667 473
9.0833 476
9.1 480
9.1167 483
9.1333 487
9.15 490
9.1667 494
9.1833 497
9.2 500
9.2167 504
9.2333 507
9.25 511
9.2667 514
9.2833 517
9.3 521
9.3167 524
9.3333 527
9.35 531
9.3667 534
9.3833 537
9.4 541
9.4167 544
9.4333 547
9.45 551
9.4667 554
9.4833 557
9.5 560
9.5167 563
9.5333 567
9.55 570
9.5667 573
9.5833 576
9.6 579
9.6167 583
9.6333 586
9.65 589
9.6667 592
9.6833 595
9.7 598
9.7167 601
9.7333 604
9.75 607
9.7667 610
9.7833 613
9.8 616
9.8167 619
9.8333 622
9.85 625
9.8667 628
9.8833 631
9.9 634
9.9167 637
9.9333 640
9.95 643
9.9667 646
9.9833 649
10.0 651
10.0167 654
10.0333 657
10.05 660
10.0667 663
10.0833 665
10.1 668
10.1167 671
10.1333 674
10.15 676
10.1667 679
10.1833 682
10.2 684
10.2167 687
10.2333 690
10.25 692
10.2667 695
10.2833 698
10.3 700
10.3167 703
10.3333 705
10.35 708
10.3667 710
10.3833 713
10.4 715
10.4167 718
10.4333 720
10.45 723
10.4667 725
10.4833 728
10.5 730
10.5167 732
10.5333 735
10.55 737
10.5667 739
10.5833 742
10.6 744
10.6167 746
10.6333 748
10.65 751
10.6667 753
10.6833 755
10.7 757
10.7167 760
10.7333 762
10.75 764
10.7667 766
10.7833 768
10.8 770
10.8167 772
10.8333 774
10.85 776
10.8667 778
10.8833 780
10.9 782
10.9167 784
10.9333 786
10.95 788
10.9667 790
10.9833 792
11.0 794
11.0167 796
11.0333 798
11.05 799
11.0667 801
11.0833 803
11.1 805
11.1167 806
11.1333 808
11.15 810
11.1667 812
11.1833 813
11.2 815
11.2167 817
11.2333 818
11.25 820
11.2667 821
11.2833 823
11.3 825
11.3167 826
11.3333 828
11.35 829
11.3667 831
11.3833 832
11.4 833
11.4167 835
11.4333 836
11.45 838
11.4667 839
11.4833 840
11.5 842
11.5167 843
11.5333 844
11.55 845
11.5667 847
11.5833 848
11.6 849
11.6167 850
11.6333 851
11.65 853
11.6667 854
11.6833 855
11.7 856
11.7167 857
11.7333 858
11.75 859
11.7667 860
11.7833 861
11.8 862
11.8167 863
11.8333 864
11.85 865
11.8667 866
11.8833 867
11.9 867
11.9167 868
11.9333 869
11.95 870
11.9667 871
11.9833 871
12.0 872
12.0167 873
12.0333 874
12.05 874
12.0667 875
12.0833 876
12.1 876
12.1167 877
12.1333 877
12.15 878
12.1667 878
12.1833 879
12.2 879
12.2167 880
12.2333 880
12.25 881
12.2667 881
12.2833 882
12.3 882
12.3167 882
12.3333 883
12.35 883
12.3667 883
12.3833 884
12.4 884
12.4167 884
12.4333 884
12.45 884
12.4667 885
12.4833 885
12.5 885
12.5167 885
12.5333 885
12.55 885
12.5667 885
12.5833 885
12.6 885
12.6167 885
12.6333 885
12.65 885
12.6667 885
12.6833 885
12.7 885
12.7167 885
12.7333 885
12.75 884
12.7667 884
12.7833 884
12.8 884
12.8167 884
12.8333 883
12.85 883
12.8667 883
12.8833 882
12.9 882
12.9167 882
12.9333 881
12.95 881
12.9667 880
12.9833 880
13.0 879
13.0167 879
13.0333 878
13.05 878
13.0667 877
13.0833 877
13.1 876
13.1167 876
13.1333 875
13.15 874
13.1667 874
13.1833 873
13.2 872
13.2167 871
13.2333 871
13.25 870
13.2667 869
13.2833 868
13.3 868
13.3167 867
13.3333 866
13.35 865
13.3667 864
13.3833 863
13.4 862
13.4167 861
13.4333 860
13.45 859
13.4667 858
13.4833 857
13.5 856
13.5167 855
13.5333 854
13.55 853
13.5667 852
13.5833 850
13.6 849
13.6167 848
13.6333 847
13.65 846
13.6667 844
13.6833 843
13.7 842
13.7167 840
13.7333 839
13.75 838
13.7667 836
13.7833 835
13.8 833
13.8167 832
13.8333 831
13.85 829
13.8667 828
13.8833 826
13.9 825
13.9167 823
13.9333 821
13.95 820
13.9667 818
13.9833 817
14.0 815
14.0167 813
14.0333 812
14.05 810
14.0667 808
14.0833 807
14.1 805
14.1167 803
14.1333 801
14.15 799
14.1667 798
14.1833 796
14.2 794
14.2167 792
14.2333 790
14.25 788
14.2667 786
14.2833 784
14.3 782
14.3167 780
14.3333 778
14.35 776
14.3667 774
14.3833 772
14.4 770
14.4167 768
14.4333 766
14.45 764
14.4667 762
14.4833 760
14.5 757
14.5167 755
14.5333 753
14.55 751
14.5667 749
14.5833 746
14.6 744
14.6167 742
14.6333 739
14.65 737
14.6667 735
14.6833 732
14.7 730
14.7167 728
14.7333 725
14.75 723
14.7667 720
14.7833 718
14.8 715
14.8167 713
14.8333 711
14.85 708
14.8667 705
14.8833 703
14.9 700
14.9167 698
14.9333 695
14.95 693
14.9667 690
14.9833 687
15.0 684
15.0167 681
15.0333 678
15.05 676
15.0667 673
15.0833 670
15.1 667
15.1167 665
15.1333 662
15.15 659
15.1667 656
15.1833 653
15.2 651
15.2167 648
15.2333 645
15.25 642
15.2667 639
15.2833 636
15.3 633
15.3167 630
15.3333 627
15.35 624
15.3667 622
15.3833 619
15.4 616
15.4167 613
15.4333 609
15.45 606
15.4667 603
15.4833 600
15.5 597
15.5167 594
15.5333 591
15.55 588
15.5667 585
15.5833 582
15.6 579
15.6167 575
15.6333 572
15.65 569
15.6667 566
15.6833 563
15.7 559
15.7167 556
15.7333 553
15.75 550
15.7667 546
15.7833 543
15.8 540
15.8167 537
15.8333 533
15.85 530
15.8667 527
15.8833 523
15.9 520
15.9167 517
15.9333 513
15.95 510
15.9667 506
15.9833 503
16.0 500
16.0167 496
16.0333 493
16.05 489
16.0667 486
16.0833 482
16.1 479
16.1167 476
16.1333 472
16.15 469
16.1667 465
16.1833 462
16.2 458
16.2167 455
16.2333 451
16.25 447
16.2667 444
16.2833 440
16.3 437
16.3167 433
16.3333 430
16.35 426
16.3667 423
16.3833 419
16.4 415
16.4167 412
16.4333 408
16.45 405
16.4667 401
16.4833 397
16.5 394
16.5167 390
16.5333 387
16.55 383
16.5667 379
16.5833 376
16.6 372
16.6167 368
16.6333 365
16.65 361
16.6667 357
16.6833 354
16.7 350
16.7167 346
16.7333 343
16.75 339
16.7667 335
16.7833 332
16.8 328
16.8167 324
16.8333 321
16.85 317
16.8667 313
16.8833 310
16.9 306
16.9167 302
16.9333 299
16.95 295
16.9667 291
16.9833 288
