8.0 253
8.0167 256
8.0333 260
8.05 264
8.0667 268
8.0833 271
8.1 275
8.1167 279
8.1333 283
8.15 286
8.1667 290
8.1833 294
8.2 298
8.2167 301
8.2333 305
8.25 309
8.2667 313
8.2833 317
8.3 320
8.3167 324
8.3333 328
8.35 332
8.3667 335
8.3833 339
8.4 343
8.4167 347
8.4333 350
8.45 354
8.4667 358
8.4833 362
8.5 365
8.5167 369
8.5333 373
8.55 377
8.5667 380
8.5833 384
8.6 388
8.6167 392
8.6333 395
8.65 399
8.6667 403
8.6833 406
8.7 410
8.7167 414
8.7333 417
8.75 421
8.7667 425
8.7833 429
8.8 432
8.8167 436
8.8333 439
8.85 443
8.8667 447
8.8833 450
8.9 454
8.9167 458
8.9333 461
8.95 465
8.9667 468
8.9833 472
9.0 476
9.0167 479
9.0333 482
9.05 486
9.0667 489
9.0833 493
9.1 496
9.1167 500
9.1333 503
9.15 507
9.1667 510
9.1833 514
9.2 517
9.2167 521
9.2333 524
9.25 528
9.2667 531
9.2833 535
9.3 538
9.3167 541
9.3333 545
9.35 548
9.3667 551
9.3833 555
9.4 558
9.4167 561
9.4333 565
9.45 568
9.4667 571
9.4833 575
9.5 578
9.5167 581
9.5333 584
9.55 588
9.5667 591
9.5833 594
9.6 597
9.6167 600
9.6333 604
9.65 607
9.6667 610
9.6833 613
9.7 616
9.7167 619
9.7333 622
9.75 625
9.7667 629
9.7833 632
9.8 635
9.8167 638
9.8333 641
9.85 644
9.8667 647
9.8833 650
9.9 653
9.9167 656
9.9333 658
9.95 661
9.9667 664
9.9833 667
10.0 670
10.0167 673
10.0333 676
10.05 679
10.0667 681
10.0833 684
10.1 687
10.1167 690
10.1333 693
10.15 695
10.1667 698
10.1833 701
10.2 703
10.2167 706
10.2333 709
10.25 711
10.2667 714
10.2833 717
10.3 719
10.3167 722
10.3333 724
10.35 727
10.3667 729
10.3833 732
10.4 734
10.4167 737
10.4333 739
10.45 742
10.4667 744
10.4833 747
10.5 749
10.5167 752
10.5333 754
10.55 756
10.5667 759
10.5833 761
10.6 763
10.6167 766
10.6333 768
10.65 770
10.6667 772
10.6833 774
10.7 777
10.7167 779
10.7333 781
10.75 783
10.7667 785
10.7833 787
10.8 790
10.8167 792
10.8333 794
10.85 796
10.8667 798
10.8833 800
10.9 802
10.9167 804
10.9333 806
10.95 808
10.9667 810
10.9833 811
11.0 813
11.0167 815
11.0333 817
11.05 819
11.0667 821
11.0833 822
11.1 824
11.1167 826
11.1333 828
11.15 829
11.1667 831
11.1833 833
11.2 834
11.2167 836
11.2333 838
11.25 839
11.2667 841
11.2833 842
11.3 844
11.3167 846
11.3333 847
11.35 849
11.3667 850
11.3833 851
11.4 853
11.4167 854
11.4333 856
11.45 857
11.4667 858
11.4833 860
11.5 861
11.5167 862
11.5333 864
11.55 865
11.5667 866
11.5833 867
11.6 869
11.6167 870
11.6333 871
11.65 872
11.6667 873
11.6833 874
11.7 875
11.7167 876
11.7333 878
11.75 879
11.7667 880
11.7833 881
11.8 881
11.8167 882
11.8333 883
11.85 884
11.8667 885
11.8833 886
11.9 887
11.9167 888
11.9333 888
11.95 889
11.9667 890
11.9833 891
12.0 892
12.0167 892
12.0333 893
12.05 894
12.0667 894
12.0833 895
12.1 895
12.1167 896
12.1333 897
12.15 897
12.1667 898
12.1833 898
12.2 899
12.2167 899
12.2333 900
12.25 900
12.2667 900
12.2833 901
12.3 901
12.3167 901
12.3333 902
12.35 902
12.3667 902
12.3833 903
12.4 903
12.4167 903
12.4333 903
12.45 903
12.4667 904
12.4833 904
12.5 904
12.5167 904
12.5333 904
12.55 904
12.5667 904
12.5833 904
12.6 904
12.6167 904
12.6333 904
12.65 904
12.6667 904
12.6833 904
12.7 904
12.7167 904
12.7333 903
12.75 903
12.7667 903
12.7833 903
12.8 903
12.8167 902
12.8333 902
12.85 902
12.8667 901
12.8833 901
12.9 901
12.9167 900
12.9333 900
12.95 899
12.9667 899
12.9833 898
13.0 898
13.0167 897
13.0333 897
13.05 896
13.0667 896
13.0833 895
13.1 895
13.1167 894
13.1333 893
13.15 893
13.1667 892
13.1833 891
13.2 891
13.2167 890
13.2333 889
13.25 888
13.2667 887
13.2833 887
13.3 886
13.3167 885
13.3333 884
13.35 883
13.3667 882
13.3833 881
13.4 880
13.4167 879
13.4333 878
13.45 877
13.4667 876
13.4833 875
13.5 874
13.5167 873
13.5333 872
13.55 871
13.5667 869
13.5833 868
13.6 867
13.6167 866
13.6333 864
13.65 863
13.6667 862
13.6833 861
13.7 859
13.7167 858
13.7333 857
13.75 855
13.7667 854
13.7833 852
13.8 851
13.8167 849
13.8333 848
13.85 846
13.8667 845
13.8833 843
13.9 842
13.9167 840
13.9333 839
13.95 837
13.9667 835
13.9833 834
14.0 832
14.0167 830
14.0333 829
14.05 827
14.0667 825
14.0833 824
14.1 822
14.1167 820
14.1333 818
14.15 816
14.1667 814
14.1833 813
14.2 811
14.2167 809
14.2333 807
14.25 805
14.2667 803
14.2833 801
14.3 799
14.3167 797
14.3333 795
14.35 793
14.3667 791
14.3833 789
14.4 787
14.4167 784
14.4333 782
14.45 780
14.4667 778
14.4833 776
14.5 774
14.5167 771
14.5333 769
14.55 767
14.5667 765
14.5833 762
14.6 760
14.6167 758
14.6333 755
14.65 753
14.6667 751
14.6833 748
14.7 746
14.7167 743
14.7333 741
14.75 738
14.7667 736
14.7833 734
14.8 731
14.8167 728
14.8333 726
14.85 723
14.8667 721
14.8833 718
14.9 716
14.9167 713
14.9333 710
14.95 708
14.9667 705
14.9833 702
15.0 699
15.0167 696
15.0333 693
15.05 690
15.0667 688
15.0833 685
15.1 682
15.1167 679
15.1333 677
15.15 674
15.1667 671
15.1833 668
15.2 665
15.2167 662
15.2333 659
15.25 656
15.2667 653
15.2833 650
15.3 648
15.3167 645
15.3333 642
15.35 639
15.3667 636
15.3833 632
15.4 629
15.4167 626
15.4333 623
15.45 620
15.4667 617
15.4833 614
15.5 611
15.5167 608
15.5333 605
15.55 601
15.5667 598
15.5833 595
15.6 592
15.6167 589
15.6333 585
15.65 582
15.6667 579
15.6833 576
15.7 572
15.7167 569
15.7333 566
15.75 562
15.7667 559
15.7833 556
15.8 552
15.8167 549
15.8333 546
15.85 542
15.8667 539
15.8833 536
15.9 532
15.9167 529
15.9333 525
15.95 522
15.9667 518
15.9833 515
16.0 512
16.0167 508
16.0333 505
16.05 501
16.0667 498
16.0833 494
16.1 491
16.1167 487
16.1333 483
16.15 480
16.1667 476
16.1833 473
16.2 469
16.2167 466
16.2333 462
16.25 458
16.2667 455
16.2833 451
16.3 448
16.3167 444
16.3333 440
16.35 437
16.3667 433
16.3833 429
16.4 426
16.4167 422
16.4333 418
16.45 415
16.4667 411
16.4833 407
16.5 404
16.5167 400
16.5333 396
16.55 392
16.5667 389
16.5833 385
16.6 381
16.6167 378
16.6333 374
16.65 370
16.6667 366
16.6833 363
16.7 359
16.7167 355
16.7333 351
16.75 348
16.7667 344
16.7833 340
16.8 336
16.8167 332
16.8333 329
16.85 325
16.8667 321
16.8833 317
16.9 314
16.9167 310
16.9333 306
16.95 302
16.9667 299
16.9833 295
