8.0 272
8.0167 276
8.0333 280
8.05 283
8.0667 287
8.0833 291
8.1 295
8.1167 299
8.1333 302
8.15 306
8.1667 310
8.1833 314
8.2 318
8.2167 321
8.2333 325
8.25 329
8.2667 333
8.2833 336
8.3 340
8.3167 344
8.3333 348
8.35 352
8.3667 355
8.3833 359
8.4 363
8.4167 367
8.4333 371
8.45 374
8.4667 378
8.4833 382
8.5 386
8.5167 389
8.5333 393
8.55 397
8.5667 401
8.5833 404
8.6 408
8.6167 412
8.6333 416
8.65 419
8.6667 423
8.6833 427
8.7 431
8.7167 434
8.7333 438
8.75 442
8.7667 445
8.7833 449
8.8 453
8.8167 456
8.8333 460
8.85 464
8.8667 467
8.8833 471
8.9 475
8.9167 478
8.9333 482
8.95 486
8.9667 489
8.9833 493
9.0 496
9.0167 500
9.0333 503
9.05 507
9.0667 510
9.0833 514
9.1 518
9.1167 521
9.1333 525
9.15 528
9.1667 532
9.1833 535
9.2 539
9.2167 542
9.2333 546
9.25 549
9.2667 552
9.2833 556
9.3 559
9.3167 563
9.3333 566
9.35 570
9.3667 573
9.3833 576
9.4 580
9.4167 583
9.4333 586
9.45 590
9.4667 593
9.4833 596
9.5 600
9.5167 603
9.5333 606
9.55 610
9.5667 613
9.5833 616
9.6 619
9.6167 622
9.6333 626
9.65 629
9.6667 632
9.6833 635
9.7 638
9.7167 642
9.7333 645
9.75 648
9.7667 651
9.7833 654
9.8 657
9.8167 660
9.8333 663
9.85 666
9.8667 669
9.8833 672
9.9 675
9.9167 678
9.9333 681
9.95 684
9.9667 687
9.9833 690
10.0 693
10.0167 696
10.0333 699
10.05 702
10.0667 705
10.0833 707
10.1 710
10.1167 713
10.1333 716
10.15 719
10.1667 721
10.1833 724
10.2 727
10.2167 730
10.2333 732
10.25 735
10.2667 738
10.2833 740
10.3 743
10.3167 746
10.3333 748
10.35 751
10.3667 753
10.3833 756
10.4 759
10.4167 761
10.4333 764
10.45 766
10.4667 769
10.4833 771
10.5 774
10.5167 776
10.5333 778
10.55 781
10.5667 783
10.5833 786
10.6 788
10.6167 790
10.6333 793
10.65 795
10.6667 797
10.6833 800
10.7 802
10.7167 804
10.7333 806
10.75 809
10.7667 811
10.7833 813
10.8 815
10.8167 817
10.8333 819
10.85 821
10.8667 824
10.8833 826
10.9 828
10.9167 830
10.9333 832
10.95 834
10.9667 836
10.9833 838
11.0 840
11.0167 842
11.0333 844
11.05 845
11.0667 847
11.0833 849
11.1 851
11.1167 853
11.1333 855
11.15 856
11.1667 858
11.1833 860
11.2 862
11.2167 863
11.2333 865
11.25 867
11.2667 869
11.2833 870
11.3 872
11.3167 873
11.3333 875
11.35 877
11.3667 878
11.3833 880
11.4 881
11.4167 883
11.4333 884
11.45 886
11.4667 887
11.4833 888
11.5 890
11.5167 891
11.5333 893
11.55 894
11.5667 895
11.5833 897
11.6 898
11.6167 899
11.6333 900
11.65 902
11.6667 903
11.6833 904
11.7 905
11.7167 906
11.7333 907
11.75 909
11.7667 910
11.7833 911
11.8 912
11.8167 913
11.8333 914
11.85 915
11.8667 916
11.8833 917
11.9 918
11.9167 919
11.9333 920
11.95 920
11.9667 921
11.9833 922
12.0 923
12.0167 924
12.0333 925
12.05 925
12.0667 926
12.0833 927
12.1 927
12.1167 928
12.1333 929
12.15 929
12.1667 930
12.1833 931
12.2 931
12.2167 932
12.2333 932
12.25 933
12.2667 933
12.2833 934
12.3 934
12.3167 935
12.3333 935
12.35 936
12.3667 936
12.3833 936
12.4 937
12.4167 937
12.4333 937
12.45 938
12.4667 938
12.4833 938
12.5 938
12.5167 939
12.5333 939
12.55 939
12.5667 939
12.5833 939
12.6 939
12.6167 939
12.6333 939
12.65 939
12.6667 939
12.6833 939
12.7 939
12.7167 939
12.7333 939
12.75 939
12.7667 939
12.7833 939
12.8 939
12.8167 939
12.8333 939
12.85 938
12.8667 938
12.8833 938
12.9 938
12.9167 937
12.9333 937
12.95 937
12.9667 936
12.9833 936
13.0 936
13.0167 935
13.0333 935
13.05 934
13.0667 934
13.0833 933
13.1 933
13.1167 932
13.1333 932
13.15 931
13.1667 931
13.1833 930
13.2 929
13.2167 929
13.2333 928
13.25 928
13.2667 927
13.2833 926
13.3 925
13.3167 925
13.3333 924
13.35 923
13.3667 922
13.3833 921
13.4 920
13.4167 920
13.4333 919
13.45 918
13.4667 917
13.4833 916
13.5 915
13.5167 914
13.5333 913
13.55 912
13.5667 911
13.5833 910
13.6 909
13.6167 908
13.6333 906
13.65 905
13.6667 904
13.6833 903
13.7 902
13.7167 900
13.7333 899
13.75 898
13.7667 897
13.7833 895
13.8 894
13.8167 893
13.8333 891
13.85 890
13.8667 889
13.8833 887
13.9 886
13.9167 884
13.9333 883
13.95 881
13.9667 880
13.9833 878
14.0 877
14.0167 875
14.0333 874
14.05 872
14.0667 870
14.0833 869
14.1 867
14.1167 865
14.1333 864
14.15 862
14.1667 860
14.1833 858
14.2 857
14.2167 855
14.2333 853
14.25 851
14.2667 849
14.2833 847
14.3 846
14.3167 844
14.3333 842
14.35 840
14.3667 838
14.3833 836
14.4 834
14.4167 832
14.4333 830
14.45 828
14.4667 826
14.4833 824
14.5 822
14.5167 820
14.5333 817
14.55 815
14.5667 813
14.5833 811
14.6 809
14.6167 807
14.6333 804
14.65 802
14.6667 800
14.6833 798
14.7 795
14.7167 793
14.7333 791
14.75 788
14.7667 786
14.7833 783
14.8 781
14.8167 779
14.8333 776
14.85 774
14.8667 771
14.8833 769
14.9 766
14.9167 764
14.9333 761
14.95 759
14.9667 756
14.9833 754
15.0 750
15.0167 748
15.0333 745
15.05 742
15.0667 740
15.0833 737
15.1 734
15.1167 732
15.1333 729
15.15 726
15.1667 724
15.1833 721
15.2 718
15.2167 715
15.2333 712
15.25 710
15.2667 707
15.2833 704
15.3 701
15.3167 698
15.3333 695
15.35 692
15.3667 690
15.3833 687
15.4 684
15.4167 681
15.4333 678
15.45 675
15.4667 672
15.4833 669
15.5 666
15.5167 663
15.5333 660
15.55 657
15.5667 653
15.5833 650
15.6 647
15.6167 644
15.6333 641
15.65 638
15.6667 635
15.6833 632
15.7 628
15.7167 625
15.7333 622
15.75 619
15.7667 615
15.7833 612
15.8 609
15.8167 606
15.8333 602
15.85 599
15.8667 596
15.8833 593
15.9 589
15.9167 586
15.9333 583
15.95 579
15.9667 576
15.9833 572
16.0 569
16.0167 566
16.0333 562
16.05 559
16.0667 555
16.0833 552
16.1 548
16.1167 545
16.1333 542
16.15 538
16.1667 535
16.1833 531
16.2 528
16.2167 524
16.2333 520
16.25 517
16.2667 513
16.2833 510
16.3 506
16.3167 503
16.3333 499
16.35 496
16.3667 492
16.3833 488
16.4 485
16.4167 481
16.4333 477
16.45 474
16.4667 470
16.4833 467
16.5 463
16.5167 459
16.5333 456
16.55 452
16.5667 448
16.5833 445
16.6 441
16.6167 437
16.6333 433
16.65 430
16.6667 426
16.6833 422
16.7 419
16.7167 415
16.7333 411
16.75 407
16.7667 404
16.7833 400
16.8 396
16.8167 392
16.8333 389
16.85 385
16.8667 381
16.8833 377
16.9 373
16.9167 370
16.9333 366
16.95 362
16.9667 358
16.9833 355
