8.0 208
8.0167 212
8.0333 215
8.05 219
8.0667 222
8.0833 226
8.1 229
8.1167 233
8.1333 237
8.15 240
8.1667 244
8.1833 247
8.2 251
8.2167 255
8.2333 258
8.25 262
8.2667 265
8.2833 269
8.3 273
8.3167 276
8.3333 280
8.35 283
8.3667 287
8.3833 291
8.4 294
8.4167 298
8.4333 302
8.45 305
8.4667 309
8.4833 312
8.5 316
8.5167 320
8.5333 323
8.55 327
8.5667 330
8.5833 334
8.6 338
8.6167 341
8.6333 345
8.65 348
8.6667 352
8.6833 355
8.7 359
8.7167 363
8.7333 366
8.75 370
8.7667 373
8.7833 377
8.8 380
8.8167 384
8.8333 387
8.85 391
8.8667 394
8.8833 398
8.9 401
8.9167 405
8.9333 408
8.95 412
8.9667 415
8.9833 419
9.0 422
9.0167 425
9.0333 428
9.05 432
9.0667 435
9.0833 438
9.1 442
9.1167 445
9.1333 449
9.15 452
9.1667 455
9.1833 459
9.2 462
9.2167 465
9.2333 469
9.25 472
9.2667 475
9.2833 479
9.3 482
9.3167 485
9.3333 488
9.35 492
9.3667 495
9.3833 498
9.4 501
9.4167 504
9.4333 508
9.45 511
9.4667 514
9.4833 517
9.5 520
9.5167 523
9.5333 527
9.55 530
9.5667 533
9.5833 536
9.6 539
9.6167 542
9.6333 545
9.65 548
9.6667 551
9.6833 554
9.7 557
9.7167 560
9.7333 563
9.75 566
9.7667 569
9.7833 572
9.8 575
9.8167 577
9.8333 580
9.85 583
9.8667 586
9.8833 589
9.9 592
9.9167 595
9.9333 597
9.95 600
9.9667 603
9.9833 606
10.0 608
10.0167 611
10.0333 614
10.05 616
10.0667 619
10.0833 622
10.1 624
10.1167 627
10.1333 630
10.15 632
10.1667 635
10.1833 637
10.2 640
10.2167 643
10.2333 645
10.25 648
10.2667 650
10.2833 653
10.3 655
10.3167 657
10.3333 660
10.35 662
10.3667 665
10.3833 667
10.4 669
10.4167 672
10.4333 674
10.45 676
10.4667 679
10.4833 681
10.5 683
10.5167 685
10.5333 688
10.55 690
10.5667 692
10.5833 694
10.6 696
10.6167 699
10.6333 701
10.65 703
10.6667 705
10.6833 707
10.7 709
10.7167 711
10.7333 713
10.75 715
10.7667 717
10.7833 719
10.8 721
10.8167 723
10.8333 725
10.85 727
10.8667 729
10.8833 730
10.9 732
10.9167 734
10.9333 736
10.95 738
10.9667 739
10.9833 741
11.0 743
11.0167 745
11.0333 746
11.05 748
11.0667 750
11.0833 751
11.1 753
11.1167 754
11.1333 756
11.15 758
11.1667 759
11.1833 761
11.2 762
11.2167 764
11.2333 765
11.25 767
11.2667 768
11.2833 769
11.3 771
11.3167 772
11.3333 773
11.35 775
11.3667 776
11.3833 777
11.4 779
11.4167 780
11.4333 781
11.45 782
11.4667 784
11.4833 785
11.5 786
11.5167 787
11.5333 788
11.55 789
11.5667 790
11.5833 791
11.6 792
11.6167 793
11.6333 794
11.65 795
11.6667 796
11.6833 797
11.7 798
11.7167 799
11.7333 800
11.75 801
11.7667 802
11.7833 803
11.8 803
11.8167 804
11.8333 805
11.85 806
11.8667 806
11.8833 807
11.9 808
11.9167 808
11.9333 809
11.95 810
11.9667 810
11.9833 811
12.0 811
12.0167 812
12.0333 813
12.05 813
12.0667 814
12.0833 814
12.1 814
12.1167 815
12.1333 815
12.15 816
12.1667 816
12.1833 816
12.2 817
12.2167 817
12.2333 817
12.25 817
12.2667 818
12.2833 818
12.3 818
12.3167 818
12.3333 818
12.35 819
12.3667 819
12.3833 819
12.4 819
12.4167 819
12.4333 819
12.45 819
12.4667 819
12.4833 819
12.5 819
12.5167 819
12.5333 819
12.55 819
12.5667 819
12.5833 818
12.6 818
12.6167 818
12.6333 818
12.65 818
12.6667 817
12.6833 817
12.7 817
12.7167 816
12.7333 816
12.75 816
12.7667 815
12.7833 815
12.8 815
12.8167 814
12.8333 814
12.85 813
12.8667 813
12.8833 812
12.9 812
12.9167 811
12.9333 811
12.95 810
12.9667 809
12.9833 809
13.0 808
13.0167 807
13.0333 807
13.05 806
13.0667 805
13.0833 805
13.1 804
13.1167 803
13.1333 802
13.15 801
13.1667 800
13.1833 800
13.2 799
13.2167 798
13.2333 797
13.25 796
13.2667 795
13.2833 794
13.3 793
13.3167 792
13.3333 791
13.35 790
13.3667 789
13.3833 788
13.4 786
13.4167 785
13.4333 784
13.45 783
13.4667 782
13.4833 781
13.5 779
13.5167 778
13.5333 777
13.55 775
13.5667 774
13.5833 773
13.6 771
13.6167 770
13.6333 769
13.65 767
13.6667 766
13.6833 764
13.7 763
13.7167 761
13.7333 760
13.75 758
13.7667 757
13.7833 755
13.8 754
13.8167 752
13.8333 750
13.85 749
13.8667 747
13.8833 745
13.9 744
13.9167 742
13.9333 740
13.95 738
13.9667 737
13.9833 735
14.0 733
14.0167 731
14.0333 729
14.05 728
14.0667 726
14.0833 724
14.1 722
14.1167 720
14.1333 718
14.15 716
14.1667 714
14.1833 712
14.2 710
14.2167 708
14.2333 706
14.25 704
14.2667 702
14.2833 700
14.3 697
14.3167 695
14.3333 693
14.35 691
14.3667 689
14.3833 686
14.4 684
14.4167 682
14.4333 680
14.45 677
14.4667 675
14.4833 673
14.5 671
14.5167 668
14.5333 666
14.55 663
14.5667 661
14.5833 659
14.6 656
14.6167 654
14.6333 651
14.65 649
14.6667 646
14.6833 644
14.7 641
14.7167 639
14.7333 636
14.75 634
14.7667 631
14.7833 628
14.8 626
14.8167 623
14.8333 620
14.85 618
14.8667 615
14.8833 612
14.9 610
14.9167 607
14.9333 604
14.95 601
14.9667 599
14.9833 596
15.0 592
15.0167 589
15.0333 586
15.05 584
15.0667 581
15.0833 578
15.1 575
15.1167 572
15.1333 569
15.15 566
15.1667 563
15.1833 560
15.2 557
15.2167 554
15.2333 551
15.25 548
15.2667 545
15.2833 542
15.3 539
15.3167 536
15.3333 533
15.35 530
15.3667 527
15.3833 524
15.4 521
15.4167 518
15.4333 514
15.45 511
15.4667 508
15.4833 505
15.5 502
15.5167 498
15.5333 495
15.55 492
15.5667 489
15.5833 486
15.6 482
15.6167 479
15.6333 476
15.65 472
15.6667 469
15.6833 466
15.7 463
15.7167 459
15.7333 456
15.75 453
15.7667 449
15.7833 446
15.8 442
15.8167 439
15.8333 436
15.85 432
15.8667 429
15.8833 425
15.9 422
15.9167 419
15.9333 415
15.95 412
15.9667 408
15.9833 405
16.0 401
16.0167 398
16.0333 394
16.05 391
16.0667 387
16.0833 384
16.1 380
16.1167 377
16.1333 373
16.15 370
16.1667 366
16.1833 363
16.2 359
16.2167 355
16.2333 352
16.25 348
16.2667 345
16.2833 341
16.3 338
16.3167 334
16.3333 330
16.35 327
16.3667 323
16.3833 320
16.4 316
16.4167 312
16.4333 309
16.45 305
16.4667 302
16.4833 298
16.5 294
16.5167 291
16.5333 287
16.55 284
16.5667 280
16.5833 276
16.6 273
16.6167 269
16.6333 266
16.65 262
16.6667 258
16.6833 255
16.7 251
16.7167 247
16.7333 244
16.75 240
16.7667 237
16.7833 233
16.8 230
16.8167 226
16.8333 222
16.85 219
16.8667 215
16.8833 212
16.9 208
16.9167 205
16.9333 201
16.95 198
16.9667 194
16.9833 191
