8.0 248
8.0167 252
8.0333 256
8.05 260
8.0667 264
8.0833 268
8.1 272
8.1167 275
8.1333 279
8.15 283
8.1667 287
8.1833 291
8.2 295
8.2167 299
8.2333 302
8.25 306
8.2667 310
8.2833 314
8.3 318
8.3167 322
8.3333 326
8.35 330
8.3667 333
8.3833 337
8.4 341
8.4167 345
8.4333 349
8.45 353
8.4667 356
8.4833 360
8.5 364
8.5167 368
8.5333 372
8.55 375
8.5667 379
8.5833 383
8.6 387
8.6167 391
8.6333 394
8.65 398
8.6667 402
8.6833 406
8.7 409
8.7167 413
8.7333 417
8.75 421
8.7667 424
8.7833 428
8.8 432
8.8167 435
8.8333 439
8.85 443
8.8667 446
8.8833 450
8.9 454
8.9167 457
8.9333 461
8.95 465
8.9667 468
8.9833 472
9.0 475
9.0167 478
9.0333 482
9.05 486
9.0667 489
9.0833 493
9.1 496
9.1167 500
9.1333 503
9.15 507
9.1667 510
9.1833 514
9.2 517
9.2167 521
9.2333 524
9.25 528
9.2667 531
9.2833 534
9.3 538
9.3167 541
9.3333 545
9.35 548
9.3667 551
9.3833 555
9.4 558
9.4167 561
9.4333 565
9.45 568
9.4667 571
9.4833 574
9.5 578
9.5167 581
9.5333 584
9.55 587
9.5667 591
9.5833 594
9.6 597
9.6167 600
9.6333 603
9.65 606
9.6667 609
9.6833 613
9.7 616
9.7167 619
9.7333 622
9.75 625
9.7667 628
9.7833 631
9.8 634
9.8167 637
9.8333 640
9.85 643
9.8667 646
9.8833 649
9.9 652
9.9167 654
9.9333 657
9.95 660
9.9667 663
9.9833 666
10.0 669
10.0167 672
10.0333 674
10.05 677
10.0667 680
10.0833 683
10.1 685
10.1167 688
10.1333 691
10.15 694
10.1667 696
10.1833 699
10.2 701
10.2167 704
10.2333 707
10.25 709
10.2667 712
10.2833 714
10.3 717
10.3167 719
10.3333 722
10.35 724
10.3667 727
10.3833 729
10.4 732
10.4167 734
10.4333 737
10.45 739
10.4667 741
10.4833 744
10.5 746
10.5167 748
10.5333 751
10.55 753
10.5667 755
10.5833 757
10.6 760
10.6167 762
10.6333 764
10.65 766
10.6667 768
10.6833 771
10.7 773
10.7167 775
10.7333 777
10.75 779
10.7667 781
10.7833 783
10.8 785
10.8167 787
10.8333 789
10.85 791
10.8667 793
10.8833 795
10.9 797
10.9167 799
10.9333 801
10.95 802
10.9667 804
10.9833 806
11.0 808
11.0167 810
11.0333 811
11.05 813
11.0667 815
11.0833 816
11.1 818
11.1167 820
11.1333 821
11.15 823
11.1667 825
11.1833 826
11.2 828
11.2167 829
11.2333 831
11.25 832
11.2667 834
11.2833 835
11.3 837
11.3167 838
11.3333 840
11.35 841
11.3667 842
11.3833 844
11.4 845
11.4167 846
11.4333 848
11.45 849
11.4667 850
11.4833 851
11.5 853
11.5167 854
11.5333 855
11.55 856
11.5667 857
11.5833 858
11.6 860
11.6167 861
11.6333 862
11.65 863
11.6667 864
11.6833 865
11.7 866
11.7167 867
11.7333 868
11.75 868
11.7667 869
11.7833 870
11.8 871
11.8167 872
11.8333 873
11.85 874
11.8667 874
11.8833 875
11.9 876
11.9167 876
11.9333 877
11.95 878
11.9667 878
11.9833 879
12.0 880
12.0167 880
12.0333 881
12.05 881
12.0667 882
12.0833 882
12.1 883
12.1167 883
12.1333 884
12.15 884
12.1667 885
12.1833 885
12.2 885
12.2167 886
12.2333 886
12.25 886
12.2667 887
12.2833 887
12.3 887
12.3167 887
12.3333 888
12.35 888
12.3667 888
12.3833 888
12.4 888
12.4167 888
12.4333 888
12.45 888
12.4667 888
12.4833 888
12.5 888
12.5167 888
12.5333 888
12.55 888
12.5667 888
12.5833 888
12.6 888
12.6167 888
12.6333 888
12.65 887
12.6667 887
12.6833 887
12.7 887
12.7167 886
12.7333 886
12.75 886
12.7667 885
12.7833 885
12.8 885
12.8167 884
12.8333 884
12.85 883
12.8667 883
12.8833 882
12.9 882
12.9167 881
12.9333 881
12.95 880
12.9667 880
12.9833 879
13.0 879
13.0167 878
13.0333 877
13.05 877
13.0667 876
13.0833 875
13.1 874
13.1167 874
13.1333 873
13.15 872
13.1667 871
13.1833 870
13.2 869
13.2167 869
13.2333 868
13.25 867
13.2667 866
13.2833 865
13.3 864
13.3167 863
13.3333 862
13.35 861
13.3667 860
13.3833 859
13.4 857
13.4167 856
13.4333 855
13.45 854
13.4667 853
13.4833 852
13.5 850
13.5167 849
13.5333 848
13.55 846
13.5667 845
13.5833 844
13.6 842
13.6167 841
13.6333 840
13.65 838
13.6667 837
13.6833 835
13.7 834
13.7167 833
13.7333 831
13.75 829
13.7667 828
13.7833 826
13.8 825
13.8167 823
13.8333 822
13.85 820
13.8667 818
13.8833 817
13.9 815
13.9167 813
13.9333 811
13.95 810
13.9667 808
13.9833 806
14.0 804
14.0167 802
14.0333 801
14.05 799
14.0667 797
14.0833 795
14.1 793
14.1167 791
14.1333 789
14.15 787
14.1667 785
14.1833 783
14.2 781
14.2167 779
14.2333 777
14.25 775
14.2667 773
14.2833 771
14.3 769
14.3167 766
14.3333 764
14.35 762
14.3667 760
14.3833 758
14.4 755
14.4167 753
14.4333 751
14.45 749
14.4667 746
14.4833 744
14.5 742
14.5167 739
14.5333 737
14.55 734
14.5667 732
14.5833 730
14.6 727
14.6167 725
14.6333 722
14.65 720
14.6667 717
14.6833 715
14.7 712
14.7167 709
14.7333 707
14.75 704
14.7667 702
14.7833 699
14.8 696
14.8167 694
14.8333 691
14.85 688
14.8667 686
14.8833 683
14.9 680
14.9167 677
14.9333 675
14.95 672
14.9667 669
14.9833 666
15.0 662
15.0167 659
15.0333 656
15.05 654
15.0667 651
15.0833 648
15.1 645
15.1167 642
15.1333 639
15.15 636
15.1667 633
15.1833 630
15.2 627
15.2167 624
15.2333 621
15.25 618
15.2667 615
15.2833 612
15.3 608
15.3167 605
15.3333 602
15.35 599
15.3667 596
15.3833 593
15.4 590
15.4167 586
15.4333 583
15.45 580
15.4667 577
15.4833 573
15.5 570
15.5167 567
15.5333 564
15.55 560
15.5667 557
15.5833 554
15.6 550
15.6167 547
15.6333 544
15.65 540
15.6667 537
15.6833 533
15.7 530
15.7167 527
15.7333 523
15.75 520
15.7667 516
15.7833 513
15.8 509
15.8167 506
15.8333 502
15.85 499
15.8667 495
15.8833 492
15.9 488
15.9167 485
15.9333 481
15.95 478
15.9667 474
15.9833 470
16.0 467
16.0167 463
16.0333 460
16.05 456
16.0667 452
16.0833 449
16.1 445
16.1167 441
16.1333 438
16.15 434
16.1667 430
16.1833 427
16.2 423
16.2167 419
16.2333 415
16.25 412
16.2667 408
16.2833 404
16.3 400
16.3167 397
16.3333 393
16.35 389
16.3667 385
16.3833 382
16.4 378
16.4167 374
16.4333 370
16.45 366
16.4667 363
16.4833 359
16.5 355
16.5167 351
16.5333 347
16.55 343
16.5667 340
16.5833 336
16.6 332
16.6167 328
16.6333 324
16.65 320
16.6667 317
16.6833 313
16.7 309
16.7167 305
16.7333 301
16.75 297
16.7667 293
16.7833 290
16.8 286
16.8167 282
16.8333 278
16.85 274
16.8667 270
16.8833 266
16.9 262
16.9167 259
16.9333 255
16.95 251
16.9667 247
16.9833 243
