8.0 260
8.0167 264
8.0333 268
8.05 272
8.0667 276
8.0833 280
8.1 284
8.1167 288
8.1333 292
8.15 296
8.1667 299
8.1833 303
8.2 307
8.2167 311
8.2333 315
8.25 319
8.2667 323
8.2833 327
8.3 331
8.3167 335
8.3333 338
8.35 342
8.3667 346
8.3833 350
8.4 354
8.4167 358
8.4333 362
8.45 366
8.4667 370
8.4833 373
8.5 377
8.5167 381
8.5333 385
8.55 389
8.5667 393
8.5833 396
8.6 400
8.6167 404
8.6333 408
8.65 412
8.6667 415
8.6833 419
8.7 423
8.7167 427
8.7333 430
8.75 434
8.7667 438
8.7833 442
8.8 445
8.8167 449
8.8333 453
8.85 457
8.8667 460
8.8833 464
8.9 468
8.9167 471
8.9333 475
8.95 479
8.9667 482
8.9833 486
9.0 490
9.0167 493
9.0333 496
9.05 500
9.0667 503
9.0833 507
9.1 511
9.1167 514
9.1333 518
9.15 521
9.1667 525
9.1833 528
9.2 532
9.2167 535
9.2333 539
9.25 542
9.2667 546
9.2833 549
9.3 553
9.3167 556
9.3333 559
9.35 563
9.3667 566
9.3833 570
9.4 573
9.4167 576
9.4333 580
9.45 583
9.4667 586
9.4833 589
9.5 593
9.5167 596
9.5333 599
9.55 603
9.5667 606
9.5833 609
9.6 612
9.6167 615
9.6333 619
9.65 622
9.6667 625
9.6833 628
9.7 631
9.7167 634
9.7333 637
9.75 640
9.7667 644
9.7833 647
9.8 650
9.8167 653
9.8333 656
9.85 659
9.8667 662
9.8833 665
9.9 668
9.9167 670
9.9333 673
9.95 676
9.9667 679
9.9833 682
10.0 685
10.0167 688
10.0333 691
10.05 693
10.0667 696
10.0833 699
10.1 702
10.1167 705
10.1333 707
10.15 710
10.1667 713
10.1833 715
10.2 718
10.2167 721
10.2333 723
10.25 726
10.2667 729
10.2833 731
10.3 734
10.3167 736
10.3333 739
10.35 741
10.3667 744
10.3833 746
10.4 749
10.4167 751
10.4333 754
10.45 756
10.4667 759
10.4833 761
10.5 763
10.5167 766
10.5333 768
10.55 770
10.5667 773
10.5833 775
10.6 777
10.6167 779
10.6333 782
10.65 784
10.6667 786
10.6833 788
10.7 790
10.7167 792
10.7333 795
10.75 797
10.7667 799
10.7833 801
10.8 803
10.8167 805
10.8333 807
10.85 809
10.8667 811
10.8833 813
10.9 815
10.9167 817
10.9333 819
10.95 821
10.9667 822
10.9833 824
11.0 826
11.0167 828
11.0333 830
11.05 831
11.0667 833
11.0833 835
11.1 837
11.1167 838
11.1333 840
11.15 842
11.1667 843
11.1833 845
11.2 847
11.2167 848
11.2333 850
11.25 851
11.2667 853
11.2833 854
11.3 856
11.3167 857
11.3333 859
11.35 860
11.3667 861
11.3833 863
11.4 864
11.4167 866
11.4333 867
11.45 868
11.4667 870
11.4833 871
11.5 872
11.5167 873
11.5333 874
11.55 876
11.5667 877
11.5833 878
11.6 879
11.6167 880
11.6333 881
11.65 882
11.6667 883
11.6833 884
11.7 885
11.7167 886
11.7333 887
11.75 888
11.7667 889
11.7833 890
11.8 891
11.8167 892
11.8333 893
11.85 894
11.8667 894
11.8833 895
11.9 896
11.9167 897
11.9333 898
11.95 898
11.9667 899
11.9833 900
12.0 900
12.0167 901
12.0333 901
12.05 902
12.0667 903
12.0833 903
12.1 904
12.1167 904
12.1333 905
12.15 905
12.1667 906
12.1833 906
12.2 906
12.2167 907
12.2333 907
12.25 907
12.2667 908
12.2833 908
12.3 908
12.3167 909
12.3333 909
12.35 909
12.3667 909
12.3833 909
12.4 910
12.4167 910
12.4333 910
12.45 910
12.4667 910
12.4833 910
12.5 910
12.5167 910
12.5333 910
12.55 910
12.5667 910
12.5833 910
12.6 910
12.6167 910
12.6333 909
12.65 909
12.6667 909
12.6833 909
12.7 909
12.7167 908
12.7333 908
12.75 908
12.7667 908
12.7833 907
12.8 907
12.8167 907
12.8333 906
12.85 906
12.8667 905
12.8833 905
12.9 904
12.9167 904
12.9333 903
12.95 903
12.9667 902
12.9833 902
13.0 901
13.0167 901
13.0333 900
13.05 899
13.0667 899
13.0833 898
13.1 897
13.1167 897
13.1333 896
13.15 895
13.1667 894
13.1833 893
13.2 893
13.2167 892
13.2333 891
13.25 890
13.2667 889
13.2833 888
13.3 887
13.3167 886
13.3333 885
13.35 884
13.3667 883
13.3833 882
13.4 881
13.4167 880
13.4333 879
13.45 878
13.4667 876
13.4833 875
13.5 874
13.5167 873
13.5333 872
13.55 870
13.5667 869
13.5833 868
13.6 867
13.6167 865
13.6333 864
13.65 862
13.6667 861
13.6833 860
13.7 858
13.7167 857
13.7333 855
13.75 854
13.7667 852
13.7833 851
13.8 849
13.8167 848
13.8333 846
13.85 844
13.8667 843
13.8833 841
13.9 840
13.9167 838
13.9333 836
13.95 834
13.9667 833
13.9833 831
14.0 829
14.0167 827
14.0333 826
14.05 824
14.0667 822
14.0833 820
14.1 818
14.1167 816
14.1333 814
14.15 812
14.1667 810
14.1833 808
14.2 806
14.2167 804
14.2333 802
14.25 800
14.2667 798
14.2833 796
14.3 794
14.3167 792
14.3333 790
14.35 788
14.3667 785
14.3833 783
14.4 781
14.4167 779
14.4333 776
14.45 774
14.4667 772
14.4833 770
14.5 767
14.5167 765
14.5333 763
14.55 760
14.5667 758
14.5833 755
14.6 753
14.6167 750
14.6333 748
14.65 746
14.6667 743
14.6833 741
14.7 738
14.7167 735
14.7333 733
14.75 730
14.7667 728
14.7833 725
14.8 723
14.8167 720
14.8333 717
14.85 715
14.8667 712
14.8833 709
14.9 706
14.9167 704
14.9333 701
14.95 698
14.9667 695
14.9833 693
15.0 689
15.0167 686
15.0333 683
15.05 680
15.0667 677
15.0833 674
15.1 671
15.1167 668
15.1333 666
15.15 663
15.1667 660
15.1833 657
15.2 654
15.2167 651
15.2333 648
15.25 645
15.2667 641
15.2833 638
15.3 635
15.3167 632
15.3333 629
15.35 626
15.3667 623
15.3833 620
15.4 617
15.4167 613
15.4333 610
15.45 607
15.4667 604
15.4833 600
15.5 597
15.5167 594
15.5333 591
15.55 587
15.5667 584
15.5833 581
15.6 577
15.6167 574
15.6333 571
15.65 567
15.6667 564
15.6833 561
15.7 557
15.7167 554
15.7333 550
15.75 547
15.7667 543
15.7833 540
15.8 537
15.8167 533
15.8333 530
15.85 526
15.8667 523
15.8833 519
15.9 515
15.9167 512
15.9333 508
15.95 505
15.9667 501
15.9833 498
16.0 494
16.0167 490
16.0333 487
16.05 483
16.0667 480
16.0833 476
16.1 472
16.1167 469
16.1333 465
16.15 461
16.1667 458
16.1833 454
16.2 450
16.2167 446
16.2333 443
16.25 439
16.2667 435
16.2833 431
16.3 428
16.3167 424
16.3333 420
16.35 416
16.3667 413
16.3833 409
16.4 405
16.4167 401
16.4333 397
16.45 394
16.4667 390
16.4833 386
16.5 382
16.5167 378
16.5333 374
16.55 371
16.5667 367
16.5833 363
16.6 359
16.6167 355
16.6333 351
16.65 347
16.6667 343
16.6833 340
16.7 336
16.7167 332
16.7333 328
16.75 324
16.7667 320
16.7833 316
16.8 312
16.8167 308
16.8333 304
16.85 301
16.8667 297
16.8833 293
16.9 289
16.9167 285
16.9333 281
16.95 277
16.9667 273
16.9833 269
