8.0 202
8.0167 205
8.0333 209
8.05 213
8.0667 216
8.0833 220
8.1 224
8.1167 228
8.1333 231
8.15 235
8.1667 239
8.1833 242
8.2 246
8.2167 250
8.2333 253
8.25 257
8.2667 261
8.2833 265
8.3 268
8.3167 272
8.3333 276
8.35 279
8.3667 283
8.3833 287
8.4 290
8.4167 294
8.4333 298
8.45 302
8.4667 305
8.4833 309
8.5 313
8.5167 316
8.5333 320
8.55 324
8.5667 327
8.5833 331
8.6 335
8.6167 338
8.6333 342
8.65 345
8.6667 349
8.6833 353
8.7 356
8.7167 360
8.7333 363
8.75 367
8.7667 371
8.7833 374
8.8 378
8.8167 381
8.8333 385
8.85 389
8.8667 392
8.8833 396
8.9 399
8.9167 403
8.9333 406
8.95 410
8.9667 413
8.9833 417
9.0 420
9.0167 423
9.0333 426
9.05 430
9.0667 433
9.0833 436
9.1 440
9.1167 443
9.1333 447
9.15 450
9.1667 453
9.1833 457
9.2 460
9.2167 464
9.2333 467
9.25 470
9.2667 473
9.2833 477
9.3 480
9.3167 483
9.3333 487
9.35 490
9.3667 493
9.3833 496
9.4 500
9.4167 503
9.4333 506
9.45 509
9.4667 512
9.4833 515
9.5 519
9.5167 522
9.5333 525
9.55 528
9.5667 531
9.5833 534
9.6 537
9.6167 540
9.6333 543
9.65 546
9.6667 549
9.6833 552
9.7 555
9.7167 558
9.7333 561
9.75 564
9.7667 567
9.7833 570
9.8 573
9.8167 576
9.8333 579
9.85 581
9.8667 584
9.8833 587
9.9 590
9.9167 593
9.9333 595
9.95 598
9.9667 601
9.9833 604
10.0 606
10.0167 609
10.0333 612
10.05 614
10.0667 617
10.0833 620
10.1 622
10.1167 625
10.1333 628
10.15 630
10.1667 633
10.1833 635
10.2 638
10.2167 640
10.2333 643
10.25 645
10.2667 648
10.2833 650
10.3 653
10.3167 655
10.3333 657
10.35 660
10.3667 662
10.3833 665
10.4 667
10.4167 669
10.4333 671
10.45 674
10.4667 676
10.4833 678
10.5 681
10.5167 683
10.5333 685
10.55 687
10.5667 689
10.5833 691
10.6 694
10.6167 696
10.6333 698
10.65 700
10.6667 702
10.6833 704
10.7 706
10.7167 708
10.7333 710
10.75 712
10.7667 714
10.7833 716
10.8 718
10.8167 720
10.8333 721
10.85 723
10.8667 725
10.8833 727
10.9 729
10.9167 731
10.9333 732
10.95 734
10.9667 736
10.9833 737
11.0 739
11.0167 741
11.0333 742
11.05 744
11.0667 746
11.0833 747
11.1 749
11.1167 750
11.1333 752
11.15 754
11.1667 755
11.1833 757
11.2 758
11.2167 759
11.2333 761
11.25 762
11.2667 764
11.2833 765
11.3 766
11.3167 768
11.3333 769
11.35 770
11.3667 772
11.3833 773
11.4 774
11.4167 775
11.4333 776
11.45 778
11.4667 779
11.4833 780
11.5 781
11.5167 782
11.5333 783
11.55 784
11.5667 785
11.5833 786
11.6 787
11.6167 788
11.6333 789
11.65 790
11.6667 791
11.6833 792
11.7 793
11.7167 794
11.7333 795
11.75 795
11.7667 796
11.7833 797
11.8 798
11.8167 799
11.8333 799
11.85 800
11.8667 801
11.8833 801
11.9 802
11.9167 803
11.9333 803
11.95 804
11.9667 804
11.9833 805
12.0 805
12.0167 806
12.0333 806
12.05 807
12.0667 807
12.0833 808
12.1 808
12.1167 808
12.1333 809
12.15 809
12.1667 809
12.1833 810
12.2 810
12.2167 810
12.2333 811
12.25 811
12.2667 811
12.2833 811
12.3 811
12.3167 811
12.3333 811
12.35 812
12.3667 812
12.3833 812
12.4 812
12.4167 812
12.4333 812
12.45 812
12.4667 812
12.4833 812
12.5 812
12.5167 811
12.5333 811
12.55 811
12.5667 811
12.5833 811
12.6 811
12.6167 810
12.6333 810
12.65 810
12.6667 809
12.6833 809
12.7 809
12.7167 809
12.7333 808
12.75 808
12.7667 807
12.7833 807
12.8 806
12.8167 806
12.8333 805
12.85 805
12.8667 804
12.8833 804
12.9 803
12.9167 803
12.9333 802
12.95 801
12.9667 801
12.9833 800
13.0 799
13.0167 799
13.0333 798
13.05 797
13.0667 796
13.0833 796
13.1 795
13.1167 794
13.1333 793
13.15 792
13.1667 791
13.1833 790
13.2 789
13.2167 789
13.2333 788
13.25 787
13.2667 786
13.2833 785
13.3 783
13.3167 782
13.3333 781
13.35 780
13.3667 779
13.3833 778
13.4 777
13.4167 776
13.4333 774
13.45 773
13.4667 772
13.4833 771
13.5 769
13.5167 768
13.5333 767
13.55 765
13.5667 764
13.5833 763
13.6 761
13.6167 760
13.6333 758
13.65 757
13.6667 755
13.6833 754
13.7 752
13.7167 751
13.7333 749
13.75 748
13.7667 746
13.7833 744
13.8 743
13.8167 741
13.8333 739
13.85 738
13.8667 736
13.8833 734
13.9 733
13.9167 731
13.9333 729
13.95 727
13.9667 725
13.9833 724
14.0 722
14.0167 720
14.0333 718
14.05 716
14.0667 714
14.0833 712
14.1 710
14.1167 708
14.1333 706
14.15 704
14.1667 702
14.1833 700
14.2 698
14.2167 696
14.2333 694
14.25 692
14.2667 690
14.2833 687
14.3 685
14.3167 683
14.3333 681
14.35 679
14.3667 676
14.3833 674
14.4 672
14.4167 670
14.4333 667
14.45 665
14.4667 663
14.4833 660
14.5 658
14.5167 655
14.5333 653
14.55 651
14.5667 648
14.5833 646
14.6 643
14.6167 641
14.6333 638
14.65 636
14.6667 633
14.6833 631
14.7 628
14.7167 625
14.7333 623
14.75 620
14.7667 618
14.7833 615
14.8 612
14.8167 610
14.8333 607
14.85 604
14.8667 601
14.8833 599
14.9 596
14.9167 593
14.9333 590
14.95 588
14.9667 585
14.9833 582
15.0 578
15.0167 575
15.0333 572
15.05 569
15.0667 567
15.0833 564
15.1 561
15.1167 558
15.1333 555
15.15 552
15.1667 549
15.1833 546
15.2 543
15.2167 540
15.2333 537
15.25 534
15.2667 531
15.2833 527
15.3 524
15.3167 521
15.3333 518
15.35 515
15.3667 512
15.3833 509
15.4 506
15.4167 502
15.4333 499
15.45 496
15.4667 493
15.4833 489
15.5 486
15.5167 483
15.5333 480
15.55 476
15.5667 473
15.5833 470
15.6 467
15.6167 463
15.6333 460
15.65 456
15.6667 453
15.6833 450
15.7 446
15.7167 443
15.7333 440
15.75 436
15.7667 433
15.7833 429
15.8 426
15.8167 422
15.8333 419
15.85 416
15.8667 412
15.8833 409
15.9 405
15.9167 402
15.9333 398
15.95 395
15.9667 391
15.9833 387
16.0 384
16.0167 380
16.0333 377
16.05 373
16.0667 370
16.0833 366
16.1 362
16.1167 359
16.1333 355
16.15 352
16.1667 348
16.1833 344
16.2 341
16.2167 337
16.2333 334
16.25 330
16.2667 326
16.2833 323
16.3 319
16.3167 315
16.3333 312
16.35 308
16.3667 304
16.3833 301
16.4 297
16.4167 293
16.4333 290
16.45 286
16.4667 282
16.4833 278
16.5 275
16.5167 271
16.5333 267
16.55 264
16.5667 260
16.5833 256
16.6 253
16.6167 249
16.6333 245
16.65 241
16.6667 238
16.6833 234
16.7 230
16.7167 227
16.7333 223
16.75 219
16.7667 216
16.7833 212
16.8 208
16.8167 205
16.8333 201
16.85 197
16.8667 194
16.8833 190
16.9 186
16.9167 183
16.9333 179
16.95 175
16.9667 172
16.9833 168
