8.0 148
8.0167 151
8.0333 154
8.05 158
8.0667 161
8.0833 165
8.1 168
8.1167 171
8.1333 175
8.15 178
8.1667 182
8.1833 185
8.2 189
8.2167 192
8.2333 196
8.25 199
8.2667 203
8.2833 206
8.3 210
8.3167 213
8.3333 217
8.35 220
8.3667 224
8.3833 227
8.4 231
8.4167 234
8.4333 238
8.45 241
8.4667 245
8.4833 248
8.5 252
8.5167 255
8.5333 259
8.55 262
8.5667 266
8.5833 269
8.6 273
8.6167 276
8.6333 280
8.65 283
8.6667 287
8.6833 290
8.7 294
8.7167 297
8.7333 301
8.75 304
8.7667 308
8.7833 311
8.8 314
8.8167 318
8.8333 321
8.85 325
8.8667 328
8.8833 332
8.9 335
8.9167 338
8.9333 342
8.95 345
8.9667 349
8.9833 352
9.0 355
9.0167 358
9.0333 361
9.05 364
9.0667 368
9.0833 371
9.1 374
9.1167 378
9.1333 381
9.15 384
9.1667 388
9.1833 391
9.2 394
9.2167 397
9.2333 401
9.25 404
9.2667 407
9.2833 410
9.3 413
9.3167 417
9.3333 420
9.35 423
9.3667 426
9.3833 429
9.4 432
9.4167 435
9.4333 439
9.45 442
9.4667 445
9.4833 448
9.5 451
9.5167 454
9.5333 457
9.55 460
9.5667 463
9.5833 466
9.6 469
9.6167 472
9.6333 475
9.65 478
9.6667 481
9.6833 484
9.7 487
9.7167 490
9.7333 492
9.75 495
9.7667 498
9.7833 501
9.8 504
9.8167 507
9.8333 509
9.85 512
9.8667 515
9.8833 518
9.9 520
9.9167 523
9.9333 526
9.95 529
9.9667 531
9.9833 534
10.0 537
10.0167 539
10.0333 542
10.05 545
10.0667 547
10.0833 550
10.1 552
10.1167 555
10.1333 557
10.15 560
10.1667 563
10.1833 565
10.2 567
10.2167 570
10.2333 572
10.25 575
10.2667 577
10.2833 580
10.3 582
10.3167 584
10.3333 587
10.35 589
10.3667 591
10.3833 594
10.4 596
10.4167 598
10.4333 601
10.45 603
10.4667 605
10.4833 607
10.5 609
10.5167 612
10.5333 614
10.55 616
10.5667 618
10.5833 620
10.6 622
10.6167 624
10.6333 626
10.65 628
10.6667 630
10.6833 632
10.7 634
10.7167 636
10.7333 638
10.75 640
10.7667 642
10.7833 644
10.8 646
10.8167 648
10.8333 650
10.85 652
10.8667 653
10.8833 655
10.9 657
10.9167 659
10.9333 660
10.95 662
10.9667 664
10.9833 666
11.0 667
11.0167 669
11.0333 671
11.05 672
11.0667 674
11.0833 675
11.1 677
11.1167 679
11.1333 680
11.15 682
11.1667 683
11.1833 684
11.2 686
11.2167 687
11.2333 689
11.25 690
11.2667 692
11.2833 693
11.3 694
11.3167 696
11.3333 697
11.35 698
11.3667 699
11.3833 701
11.4 702
11.4167 703
11.4333 704
11.45 706
11.4667 707
11.4833 708
11.5 709
11.5167 710
11.5333 711
11.55 712
11.5667 713
11.5833 714
11.6 715
11.6167 716
11.6333 717
11.65 718
11.6667 719
11.6833 720
11.7 721
11.7167 722
11.7333 722
11.75 723
11.7667 724
11.7833 725
11.8 726
11.8167 726
11.8333 727
11.85 728
11.8667 729
11.8833 729
11.9 730
11.9167 730
11.9333 731
11.95 732
11.9667 732
11.9833 733
12.0 733
12.0167 734
12.0333 734
12.05 735
12.0667 735
12.0833 736
12.1 736
12.1167 737
12.1333 737
12.15 737
12.1667 738
12.1833 738
12.2 738
12.2167 738
12.2333 739
12.25 739
12.2667 739
12.2833 739
12.3 740
12.3167 740
12.3333 740
12.35 740
12.3667 740
12.3833 740
12.4 740
12.4167 740
12.4333 740
12.45 740
12.4667 740
12.4833 740
12.5 740
12.5167 740
12.5333 740
12.55 740
12.5667 740
12.5833 740
12.6 739
12.6167 739
12.6333 739
12.65 739
12.6667 738
12.6833 738
12.7 738
12.7167 738
12.7333 737
12.75 737
12.7667 736
12.7833 736
12.8 736
12.8167 735
12.8333 735
12.85 734
12.8667 734
12.8833 733
12.9 733
12.9167 732
12.9333 732
12.95 731
12.9667 730
12.9833 730
13.0 729
13.0167 728
13.0333 728
13.05 727
13.0667 726
13.0833 725
13.1 725
13.1167 724
13.1333 723
13.15 722
13.1667 721
13.1833 721
13.2 720
13.2167 719
13.2333 718
13.25 717
13.2667 716
13.2833 715
13.3 714
13.3167 713
13.3333 712
13.35 711
13.3667 710
13.3833 709
13.4 708
13.4167 706
13.4333 705
13.45 704
13.4667 703
13.4833 702
13.5 700
13.5167 699
13.5333 698
13.55 697
13.5667 695
13.5833 694
13.6 693
13.6167 691
13.6333 690
13.65 688
13.6667 687
13.6833 686
13.7 684
13.7167 683
13.7333 681
13.75 680
13.7667 678
13.7833 677
13.8 675
13.8167 673
13.8333 672
13.85 670
13.8667 669
13.8833 667
13.9 665
13.9167 664
13.9333 662
13.95 660
13.9667 658
13.9833 657
14.0 655
14.0167 653
14.0333 651
14.05 649
14.0667 647
14.0833 646
14.1 644
14.1167 642
14.1333 640
14.15 638
14.1667 636
14.1833 634
14.2 632
14.2167 630
14.2333 628
14.25 626
14.2667 624
14.2833 622
14.3 620
14.3167 618
14.3333 615
14.35 613
14.3667 611
14.3833 609
14.4 607
14.4167 605
14.4333 602
14.45 600
14.4667 598
14.4833 596
14.5 593
14.5167 591
14.5333 589
14.55 586
14.5667 584
14.5833 582
14.6 579
14.6167 577
14.6333 574
14.65 572
14.6667 569
14.6833 567
14.7 564
14.7167 562
14.7333 559
14.75 557
14.7667 554
14.7833 552
14.8 549
14.8167 547
14.8333 544
14.85 541
14.8667 539
14.8833 536
14.9 533
14.9167 531
14.9333 528
14.95 525
14.9667 523
14.9833 520
15.0 517
15.0167 514
15.0333 511
15.05 508
15.0667 505
15.0833 503
15.1 500
15.1167 497
15.1333 494
15.15 491
15.1667 488
15.1833 485
15.2 482
15.2167 480
15.2333 477
15.25 474
15.2667 471
15.2833 468
15.3 465
15.3167 462
15.3333 459
15.35 456
15.3667 453
15.3833 450
15.4 447
15.4167 443
15.4333 440
15.45 437
15.4667 434
15.4833 431
15.5 428
15.5167 425
15.5333 422
15.55 418
15.5667 415
15.5833 412
15.6 409
15.6167 406
15.6333 403
15.65 399
15.6667 396
15.6833 393
15.7 390
15.7167 386
15.7333 383
15.75 380
15.7667 376
15.7833 373
15.8 370
15.8167 367
15.8333 363
15.85 360
15.8667 357
15.8833 353
15.9 350
15.9167 346
15.9333 343
15.95 340
15.9667 336
15.9833 333
16.0 329
16.0167 326
16.0333 323
16.05 319
16.0667 316
16.0833 312
16.1 309
16.1167 306
16.1333 302
16.15 299
16.1667 295
16.1833 292
16.2 288
16.2167 285
16.2333 281
16.25 278
16.2667 274
16.2833 271
16.3 267
16.3167 264
16.3333 260
16.35 257
16.3667 253
16.3833 250
16.4 246
16.4167 243
16.4333 239
16.45 236
16.4667 232
16.4833 229
16.5 225
16.5167 222
16.5333 218
16.55 215
16.5667 211
16.5833 208
16.6 204
16.6167 201
16.6333 197
16.65 194
16.6667 190
16.6833 187
16.7 183
16.7167 180
16.7333 176
16.75 173
16.7667 170
16.7833 166
16.8 163
16.8167 159
16.8333 156
16.85 152
16.8667 149
16.8833 146
16.9 142
16.9167 139
16.9333 136
16.95 132
16.9667 129
16.9833 126
