8.0 159
8.0167 163
8.0333 166
8.05 169
8.0667 173
8.0833 176
8.1 180
8.1167 183
8.1333 187
8.15 190
8.1667 194
8.1833 197
8.2 201
8.2167 205
8.2333 208
8.25 212
8.2667 215
8.2833 219
8.3 222
8.3167 226
8.3333 229
8.35 233
8.3667 237
8.3833 240
8.4 244
8.4167 247
8.4333 251
8.45 254
8.4667 258
8.4833 261
8.5 265
8.5167 268
8.5333 272
8.55 276
8.5667 279
8.5833 283
8.6 286
8.6167 290
8.6333 293
8.65 297
8.6667 300
8.6833 304
8.7 307
8.7167 311
8.7333 314
8.75 318
8.7667 321
8.7833 325
8.8 328
8.8167 332
8.8333 335
8.85 338
8.8667 342
8.8833 345
8.9 349
8.9167 352
8.9333 356
8.95 359
8.9667 362
8.9833 366
9.0 369
9.0167 372
9.0333 375
9.05 378
9.0667 382
9.0833 385
9.1 388
9.1167 392
9.1333 395
9.15 398
9.1667 402
9.1833 405
9.2 408
9.2167 411
9.2333 415
9.25 418
9.2667 421
9.2833 424
9.3 428
9.3167 431
9.3333 434
9.35 437
9.3667 440
9.3833 443
9.4 447
9.4167 450
9.4333 453
9.45 456
9.4667 459
9.4833 462
9.5 465
9.5167 468
9.5333 471
9.55 474
9.5667 477
9.5833 480
9.6 483
9.6167 486
9.6333 489
9.65 492
9.6667 495
9.6833 498
9.7 501
9.7167 504
9.7333 507
9.75 510
9.7667 513
9.7833 516
9.8 518
9.8167 521
9.8333 524
9.85 527
9.8667 530
9.8833 532
9.9 535
9.9167 538
9.9333 541
9.95 543
9.9667 546
9.9833 549
10.0 551
10.0167 554
10.0333 557
10.05 559
10.0667 562
10.0833 564
10.1 567
10.1167 570
10.1333 572
10.15 575
10.1667 577
10.1833 580
10.2 582
10.2167 585
10.2333 587
10.25 590
10.2667 592
10.2833 594
10.3 597
10.3167 599
10.3333 602
10.35 604
10.3667 606
10.3833 608
10.4 611
10.4167 613
10.4333 615
10.45 618
10.4667 620
10.4833 622
10.5 624
10.5167 626
10.5333 629
10.55 631
10.5667 633
10.5833 635
10.6 637
10.6167 639
10.6333 641
10.65 643
10.6667 645
10.6833 647
10.7 649
10.7167 651
10.7333 653
10.75 655
10.7667 657
10.7833 659
10.8 661
10.8167 663
10.8333 664
10.85 666
10.8667 668
10.8833 670
10.9 672
10.9167 673
10.9333 675
10.95 677
10.9667 679
10.9833 680
11.0 682
11.0167 684
11.0333 685
11.05 687
11.0667 689
11.0833 690
11.1 692
11.1167 693
11.1333 695
11.15 696
11.1667 698
11.1833 699
11.2 701
11.2167 702
11.2333 703
11.25 705
11.2667 706
11.2833 708
11.3 709
11.3167 710
11.3333 712
11.35 713
11.3667 714
11.3833 715
11.4 717
11.4167 718
11.4333 719
11.45 720
11.4667 721
11.4833 722
11.5 723
11.5167 725
11.5333 726
11.55 727
11.5667 728
11.5833 729
11.6 730
11.6167 731
11.6333 732
11.65 733
11.6667 733
11.6833 734
11.7 735
11.7167 736
11.7333 737
11.75 738
11.7667 739
11.7833 739
11.8 740
11.8167 741
11.8333 741
11.85 742
11.8667 743
11.8833 744
11.9 744
11.9167 745
11.9333 745
11.95 746
11.9667 747
11.9833 747
12.0 748
12.0167 748
12.0333 749
12.05 749
12.0667 749
12.0833 750
12.1 750
12.1167 751
12.1333 751
12.15 751
12.1667 752
12.1833 752
12.2 752
12.2167 753
12.2333 753
12.25 753
12.2667 753
12.2833 753
12.3 754
12.3167 754
12.3333 754
12.35 754
12.3667 754
12.3833 754
12.4 754
12.4167 754
12.4333 754
12.45 754
12.4667 754
12.4833 754
12.5 754
12.5167 754
12.5333 754
12.55 754
12.5667 753
12.5833 753
12.6 753
12.6167 753
12.6333 753
12.65 752
12.6667 752
12.6833 752
12.7 752
12.7167 751
12.7333 751
12.75 750
12.7667 750
12.7833 750
12.8 749
12.8167 749
12.8333 748
12.85 748
12.8667 747
12.8833 747
12.9 746
12.9167 746
12.9333 745
12.95 744
12.9667 744
12.9833 743
13.0 742
13.0167 742
13.0333 741
13.05 740
13.0667 740
13.0833 739
13.1 738
13.1167 737
13.1333 736
13.15 736
13.1667 735
13.1833 734
13.2 733
13.2167 732
13.2333 731
13.25 730
13.2667 729
13.2833 728
13.3 727
13.3167 726
13.3333 725
13.35 724
13.3667 723
13.3833 722
13.4 720
13.4167 719
13.4333 718
13.45 717
13.4667 716
13.4833 714
13.5 713
13.5167 712
13.5333 711
13.55 709
13.5667 708
13.5833 707
13.6 705
13.6167 704
13.6333 703
13.65 701
13.6667 700
13.6833 698
13.7 697
13.7167 695
13.7333 694
13.75 692
13.7667 691
13.7833 689
13.8 687
13.8167 686
13.8333 684
13.85 683
13.8667 681
13.8833 679
13.9 678
13.9167 676
13.9333 674
13.95 672
13.9667 671
13.9833 669
14.0 667
14.0167 665
14.0333 663
14.05 661
14.0667 660
14.0833 658
14.1 656
14.1167 654
14.1333 652
14.15 650
14.1667 648
14.1833 646
14.2 644
14.2167 642
14.2333 640
14.25 638
14.2667 636
14.2833 634
14.3 631
14.3167 629
14.3333 627
14.35 625
14.3667 623
14.3833 621
14.4 618
14.4167 616
14.4333 614
14.45 612
14.4667 609
14.4833 607
14.5 605
14.5167 602
14.5333 600
14.55 598
14.5667 595
14.5833 593
14.6 590
14.6167 588
14.6333 586
14.65 583
14.6667 581
14.6833 578
14.7 576
14.7167 573
14.7333 571
14.75 568
14.7667 565
14.7833 563
14.8 560
14.8167 558
14.8333 555
14.85 552
14.8667 550
14.8833 547
14.9 544
14.9167 542
14.9333 539
14.95 536
14.9667 533
14.9833 531
15.0 527
15.0167 524
15.0333 522
15.05 519
15.0667 516
15.0833 513
15.1 510
15.1167 507
15.1333 504
15.15 502
15.1667 499
15.1833 496
15.2 493
15.2167 490
15.2333 487
15.25 484
15.2667 481
15.2833 478
15.3 475
15.3167 472
15.3333 469
15.35 466
15.3667 463
15.3833 460
15.4 456
15.4167 453
15.4333 450
15.45 447
15.4667 444
15.4833 441
15.5 438
15.5167 434
15.5333 431
15.55 428
15.5667 425
15.5833 422
15.6 418
15.6167 415
15.6333 412
15.65 409
15.6667 405
15.6833 402
15.7 399
15.7167 396
15.7333 392
15.75 389
15.7667 386
15.7833 382
15.8 379
15.8167 376
15.8333 372
15.85 369
15.8667 366
15.8833 362
15.9 359
15.9167 355
15.9333 352
15.95 349
15.9667 345
15.9833 342
16.0 338
16.0167 335
16.0333 331
16.05 328
16.0667 324
16.0833 321
16.1 318
16.1167 314
16.1333 311
16.15 307
16.1667 304
16.1833 300
16.2 297
16.2167 293
16.2333 290
16.25 286
16.2667 282
16.2833 279
16.3 275
16.3167 272
16.3333 268
16.35 265
16.3667 261
16.3833 258
16.4 254
16.4167 251
16.4333 247
16.45 244
16.4667 240
16.4833 236
16.5 233
16.5167 229
16.5333 226
16.55 222
16.5667 219
16.5833 215
16.6 212
16.6167 208
16.6333 205
16.65 201
16.6667 198
16.6833 194
16.7 191
16.7167 187
16.7333 183
16.75 180
16.7667 176
16.7833 173
16.8 170
16.8167 166
16.8333 163
16.85 159
16.8667 156
16.8833 152
16.9 149
16.9167 145
16.9333 142
16.95 139
16.9667 135
16.9833 132
