8.0 187
8.0167 191
8.0333 194
8.05 198
8.0667 202
8.0833 205
8.1 209
8.1167 213
8.1333 216
8.15 220
8.1667 224
8.1833 228
8.2 231
8.2167 235
8.2333 239
8.25 242
8.2667 246
8.2833 250
8.3 253
8.3167 257
8.3333 261
8.35 264
8.3667 268
8.3833 272
8.4 276
8.4167 279
8.4333 283
8.45 287
8.4667 290
8.4833 294
8.5 298
8.5167 301
8.5333 305
8.55 309
8.5667 312
8.5833 316
8.6 319
8.6167 323
8.6333 327
8.65 330
8.6667 334
8.6833 337
8.7 341
8.7167 345
8.7333 348
8.75 352
8.7667 355
8.7833 359
8.8 363
8.8167 366
8.8333 370
8.85 373
8.8667 377
8.8833 380
8.9 384
8.9167 387
8.9333 391
8.95 394
8.9667 398
8.9833 401
9.0 405
9.0167 407
9.0333 411
9.05 414
9.0667 417
9.0833 421
9.1 424
9.1167 428
9.1333 431
9.15 434
9.1667 438
9.1833 441
9.2 444
9.2167 448
9.2333 451
9.25 454
9.2667 458
9.2833 461
9.3 464
9.3167 467
9.3333 471
9.35 474
9.3667 477
9.3833 480
9.4 483
9.4167 487
9.4333 490
9.45 493
9.4667 496
9.4833 499
9.5 502
9.5167 506
9.5333 509
9.55 512
9.5667 515
9.5833 518
9.6 521
9.6167 524
9.6333 527
9.65 530
9.6667 533
9.6833 536
9.7 539
9.7167 542
9.7333 545
9.75 548
9.7667 551
9.7833 553
9.8 556
9.8167 559
9.8333 562
9.85 565
9.8667 568
9.8833 570
9.9 573
9.9167 576
9.9333 579
9.95 582
9.9667 584
9.9833 587
10.0 590
10.0167 592
10.0333 595
10.05 598
10.0667 600
10.0833 603
10.1 606
10.1167 608
10.1333 611
10.15 613
10.1667 616
10.1833 618
10.2 621
10.2167 623
10.2333 626
10.25 628
10.2667 631
10.2833 633
10.3 636
10.3167 638
10.3333 640
10.35 643
10.3667 645
10.3833 647
10.4 650
10.4167 652
10.4333 654
10.45 657
10.4667 659
10.4833 661
10.5 663
10.5167 665
10.5333 668
10.55 670
10.5667 672
10.5833 674
10.6 676
10.6167 678
10.6333 680
10.65 682
10.6667 684
10.6833 686
10.7 688
10.7167 690
10.7333 692
10.75 694
10.7667 696
10.7833 698
10.8 700
10.8167 702
10.8333 704
10.85 706
10.8667 707
10.8833 709
10.9 711
10.9167 713
10.9333 715
10.95 716
10.9667 718
10.9833 720
11.0 721
11.0167 723
11.0333 725
11.05 726
11.0667 728
11.0833 730
11.1 731
11.1167 733
11.1333 734
11.15 736
11.1667 737
11.1833 739
11.2 740
11.2167 742
11.2333 743
11.25 744
11.2667 746
11.2833 747
11.3 748
11.3167 750
11.3333 751
11.35 752
11.3667 754
11.3833 755
11.4 756
11.4167 757
11.4333 758
11.45 760
11.4667 761
11.4833 762
11.5 763
11.5167 764
11.5333 765
11.55 766
11.5667 767
11.5833 768
11.6 769
11.6167 770
11.6333 771
11.65 772
11.6667 773
11.6833 774
11.7 775
11.7167 776
11.7333 776
11.75 777
11.7667 778
11.7833 779
11.8 780
11.8167 780
11.8333 781
11.85 782
11.8667 782
11.8833 783
11.9 784
11.9167 784
11.9333 785
11.95 785
11.9667 786
11.9833 787
12.0 787
12.0167 788
12.0333 788
12.05 788
12.0667 789
12.0833 789
12.1 790
12.1167 790
12.1333 790
12.15 791
12.1667 791
12.1833 791
12.2 792
12.2167 792
12.2333 792
12.25 792
12.2667 793
12.2833 793
12.3 793
12.3167 793
12.3333 793
12.35 793
12.3667 793
12.3833 793
12.4 793
12.4167 793
12.4333 793
12.45 793
12.4667 793
12.4833 793
12.5 793
12.5167 793
12.5333 793
12.55 793
12.5667 793
12.5833 792
12.6 792
12.6167 792
12.6333 792
12.65 791
12.6667 791
12.6833 791
12.7 790
12.7167 790
12.7333 790
12.75 789
12.7667 789
12.7833 789
12.8 788
12.8167 788
12.8333 787
12.85 787
12.8667 786
12.8833 785
12.9 785
12.9167 784
12.9333 784
12.95 783
12.9667 782
12.9833 782
13.0 781
13.0167 780
13.0333 780
13.05 779
13.0667 778
13.0833 777
13.1 777
13.1167 776
13.1333 775
13.15 774
13.1667 773
13.1833 772
13.2 771
13.2167 770
13.2333 769
13.25 768
13.2667 767
13.2833 766
13.3 765
13.3167 764
13.3333 763
13.35 762
13.3667 761
13.3833 760
13.4 759
13.4167 757
13.4333 756
13.45 755
13.4667 754
13.4833 752
13.5 751
13.5167 750
13.5333 749
13.55 747
13.5667 746
13.5833 744
13.6 743
13.6167 742
13.6333 740
13.65 739
13.6667 737
13.6833 736
13.7 734
13.7167 733
13.7333 731
13.75 730
13.7667 728
13.7833 726
13.8 725
13.8167 723
13.8333 722
13.85 720
13.8667 718
13.8833 716
13.9 715
13.9167 713
13.9333 711
13.95 709
13.9667 708
13.9833 706
14.0 704
14.0167 702
14.0333 700
14.05 698
14.0667 696
14.0833 695
14.1 693
14.1167 691
14.1333 689
14.15 687
14.1667 685
14.1833 683
14.2 680
14.2167 678
14.2333 676
14.25 674
14.2667 672
14.2833 670
14.3 668
14.3167 666
14.3333 663
14.35 661
14.3667 659
14.3833 657
14.4 654
14.4167 652
14.4333 650
14.45 648
14.4667 645
14.4833 643
14.5 641
14.5167 638
14.5333 636
14.55 633
14.5667 631
14.5833 628
14.6 626
14.6167 624
14.6333 621
14.65 619
14.6667 616
14.6833 613
14.7 611
14.7167 608
14.7333 606
14.75 603
14.7667 601
14.7833 598
14.8 595
14.8167 593
14.8333 590
14.85 587
14.8667 584
14.8833 582
14.9 579
14.9167 576
14.9333 573
14.95 571
14.9667 568
14.9833 565
15.0 561
15.0167 559
15.0333 556
15.05 553
15.0667 550
15.0833 547
15.1 544
15.1167 541
15.1333 538
15.15 535
15.1667 532
15.1833 529
15.2 526
15.2167 523
15.2333 520
15.25 517
15.2667 514
15.2833 511
15.3 508
15.3167 505
15.3333 502
15.35 499
15.3667 496
15.3833 493
15.4 489
15.4167 486
15.4333 483
15.45 480
15.4667 477
15.4833 473
15.5 470
15.5167 467
15.5333 464
15.55 460
15.5667 457
15.5833 454
15.6 451
15.6167 447
15.6333 444
15.65 441
15.6667 437
15.6833 434
15.7 431
15.7167 427
15.7333 424
15.75 420
15.7667 417
15.7833 414
15.8 410
15.8167 407
15.8333 403
15.85 400
15.8667 396
15.8833 393
15.9 389
15.9167 386
15.9333 382
15.95 379
15.9667 375
15.9833 372
16.0 368
16.0167 365
16.0333 361
16.05 358
16.0667 354
16.0833 351
16.1 347
16.1167 343
16.1333 340
16.15 336
16.1667 333
16.1833 329
16.2 325
16.2167 322
16.2333 318
16.25 315
16.2667 311
16.2833 307
16.3 304
16.3167 300
16.3333 296
16.35 293
16.3667 289
16.3833 285
16.4 282
16.4167 278
16.4333 274
16.45 271
16.4667 267
16.4833 263
16.5 260
16.5167 256
16.5333 252
16.55 249
16.5667 245
16.5833 241
16.6 238
16.6167 234
16.6333 230
16.65 226
16.6667 223
16.6833 219
16.7 215
16.7167 212
16.7333 208
16.75 204
16.7667 201
16.7833 197
16.8 193
16.8167 190
16.8333 186
16.85 182
16.8667 179
16.8833 175
16.9 172
16.9167 168
16.9333 164
16.95 161
16.9667 157
16.9833 154
