8.0 166
8.0167 169
8.0333 173
8.05 177
8.0667 180
8.0833 184
8.1 188
8.1167 191
8.1333 195
8.15 199
8.1667 202
8.1833 206
8.2 210
8.2167 213
8.2333 217
8.25 221
8.2667 224
8.2833 228
8.3 232
8.3167 235
8.3333 239
8.35 243
8.3667 246
8.3833 250
8.4 254
8.4167 257
8.4333 261
8.45 265
8.4667 268
8.4833 272
8.5 275
8.5167 279
8.5333 283
8.55 286
8.5667 290
8.5833 294
8.6 297
8.6167 301
8.6333 304
8.65 308
8.6667 312
8.6833 315
8.7 319
8.7167 322
8.7333 326
8.75 329
8.7667 333
8.7833 337
8.8 340
8.8167 344
8.8333 347
8.85 351
8.8667 354
8.8833 358
8.9 361
8.9167 365
8.9333 368
8.95 372
8.9667 375
8.9833 378
9.0 382
9.0167 384
9.0333 388
9.05 391
9.0667 395
9.0833 398
9.1 401
9.1167 405
9.1333 408
9.15 411
9.1667 415
9.1833 418
9.2 421
9.2167 425
9.2333 428
9.25 431
9.2667 435
9.2833 438
9.3 441
9.3167 444
9.3333 448
9.35 451
9.3667 454
9.3833 457
9.4 460
9.4167 464
9.4333 467
9.45 470
9.4667 473
9.4833 476
9.5 479
9.5167 482
9.5333 485
9.55 488
9.5667 491
9.5833 494
9.6 498
9.6167 501
9.6333 504
9.65 507
9.6667 510
9.6833 512
9.7 515
9.7167 518
9.7333 521
9.75 524
9.7667 527
9.7833 530
9.8 533
9.8167 536
9.8333 539
9.85 541
9.8667 544
9.8833 547
9.9 550
9.9167 553
9.9333 555
9.95 558
9.9667 561
9.9833 563
10.0 566
10.0167 569
10.0333 571
10.05 574
10.0667 577
10.0833 579
10.1 582
10.1167 585
10.1333 587
10.15 590
10.1667 592
10.1833 595
10.2 597
10.2167 600
10.2333 602
10.25 605
10.2667 607
10.2833 610
10.3 612
10.3167 614
10.3333 617
10.35 619
10.3667 621
10.3833 624
10.4 626
10.4167 628
10.4333 631
10.45 633
10.4667 635
10.4833 637
10.5 640
10.5167 642
10.5333 644
10.55 646
10.5667 648
10.5833 650
10.6 653
10.6167 655
10.6333 657
10.65 659
10.6667 661
10.6833 663
10.7 665
10.7167 667
10.7333 669
10.75 671
10.7667 673
10.7833 675
10.8 677
10.8167 678
10.8333 680
10.85 682
10.8667 684
10.8833 686
10.9 688
10.9167 689
10.9333 691
10.95 693
10.9667 695
10.9833 696
11.0 698
11.0167 700
11.0333 701
11.05 703
11.0667 705
11.0833 706
11.1 708
11.1167 709
11.1333 711
11.15 712
11.1667 714
11.1833 715
11.2 717
11.2167 718
11.2333 720
11.25 721
11.2667 722
11.2833 724
11.3 725
11.3167 727
11.3333 728
11.35 729
11.3667 730
11.3833 732
11.4 733
11.4167 734
11.4333 735
11.45 736
11.4667 738
11.4833 739
11.5 740
11.5167 741
11.5333 742
11.55 743
11.5667 744
11.5833 745
11.6 746
11.6167 747
11.6333 748
11.65 749
11.6667 750
11.6833 751
11.7 752
11.7167 753
11.7333 754
11.75 754
11.7667 755
11.7833 756
11.8 757
11.8167 758
11.8333 758
11.85 759
11.8667 760
11.8833 760
11.9 761
11.9167 762
11.9333 762
11.95 763
11.9667 764
11.9833 764
12.0 765
12.0167 765
12.0333 766
12.05 766
12.0667 767
12.0833 767
12.1 767
12.1167 768
12.1333 768
12.15 769
12.1667 769
12.1833 769
12.2 770
12.2167 770
12.2333 770
12.25 770
12.2667 771
12.2833 771
12.3 771
12.3167 771
12.3333 771
12.35 771
12.3667 771
12.3833 772
12.4 772
12.4167 772
12.4333 772
12.45 772
12.4667 772
12.4833 772
12.5 772
12.5167 771
12.5333 771
12.55 771
12.5667 771
12.5833 771
12.6 771
12.6167 771
12.6333 770
12.65 770
12.6667 770
12.6833 770
12.7 769
12.7167 769
12.7333 769
12.75 768
12.7667 768
12.7833 768
12.8 767
12.8167 767
12.8333 766
12.85 766
12.8667 765
12.8833 765
12.9 764
12.9167 764
12.9333 763
12.95 762
12.9667 762
12.9833 761
13.0 761
13.0167 760
13.0333 759
13.05 758
13.0667 758
13.0833 757
13.1 756
13.1167 755
13.1333 755
13.15 754
13.1667 753
13.1833 752
13.2 751
13.2167 750
13.2333 749
13.25 748
13.2667 747
13.2833 746
13.3 745
13.3167 744
13.3333 743
13.35 742
13.3667 741
13.3833 740
13.4 739
13.4167 738
13.4333 737
13.45 736
13.4667 734
13.4833 733
13.5 732
13.5167 731
13.5333 729
13.55 728
13.5667 727
13.5833 725
13.6 724
13.6167 723
13.6333 721
13.65 720
13.6667 719
13.6833 717
13.7 716
13.7167 714
13.7333 713
13.75 711
13.7667 710
13.7833 708
13.8 706
13.8167 705
13.8333 703
13.85 702
13.8667 700
13.8833 698
13.9 697
13.9167 695
13.9333 693
13.95 691
13.9667 690
13.9833 688
14.0 686
14.0167 684
14.0333 682
14.05 681
14.0667 679
14.0833 677
14.1 675
14.1167 673
14.1333 671
14.15 669
14.1667 667
14.1833 665
14.2 663
14.2167 661
14.2333 659
14.25 657
14.2667 655
14.2833 653
14.3 651
14.3167 649
14.3333 647
14.35 644
14.3667 642
14.3833 640
14.4 638
14.4167 636
14.4333 633
14.45 631
14.4667 629
14.4833 627
14.5 624
14.5167 622
14.5333 620
14.55 617
14.5667 615
14.5833 612
14.6 610
14.6167 608
14.6333 605
14.65 603
14.6667 600
14.6833 598
14.7 595
14.7167 593
14.7333 590
14.75 588
14.7667 585
14.7833 582
14.8 580
14.8167 577
14.8333 575
14.85 572
14.8667 569
14.8833 567
14.9 564
14.9167 561
14.9333 559
14.95 556
14.9667 553
14.9833 550
15.0 547
15.0167 544
15.0333 541
15.05 539
15.0667 536
15.0833 533
15.1 530
15.1167 527
15.1333 524
15.15 521
15.1667 518
15.1833 515
15.2 513
15.2167 510
15.2333 507
15.25 504
15.2667 501
15.2833 498
15.3 495
15.3167 492
15.3333 488
15.35 485
15.3667 482
15.3833 479
15.4 476
15.4167 473
15.4333 470
15.45 467
15.4667 464
15.4833 460
15.5 457
15.5167 454
15.5333 451
15.55 448
15.5667 444
15.5833 441
15.6 438
15.6167 435
15.6333 431
15.65 428
15.6667 425
15.6833 422
15.7 418
15.7167 415
15.7333 412
15.75 408
15.7667 405
15.7833 402
15.8 398
15.8167 395
15.8333 391
15.85 388
15.8667 385
15.8833 381
15.9 378
15.9167 374
15.9333 371
15.95 367
15.9667 364
15.9833 360
16.0 357
16.0167 353
16.0333 350
16.05 346
16.0667 343
16.0833 339
16.1 336
16.1167 332
16.1333 329
16.15 325
16.1667 322
16.1833 318
16.2 315
16.2167 311
16.2333 307
16.25 304
16.2667 300
16.2833 297
16.3 293
16.3167 289
16.3333 286
16.35 282
16.3667 279
16.3833 275
16.4 271
16.4167 268
16.4333 264
16.45 260
16.4667 257
16.4833 253
16.5 249
16.5167 246
16.5333 242
16.55 238
16.5667 235
16.5833 231
16.6 227
16.6167 224
16.6333 220
16.65 216
16.6667 213
16.6833 209
16.7 205
16.7167 202
16.7333 198
16.75 194
16.7667 191
16.7833 187
16.8 184
16.8167 180
16.8333 176
16.85 173
16.8667 169
16.8833 165
16.9 162
16.9167 158
16.9333 154
16.95 151
16.9667 147
16.9833 144
