8.0 168
8.0167 172
8.0333 176
8.05 179
8.0667 183
8.0833 186
8.1 190
8.1167 193
8.1333 197
8.15 200
8.1667 204
8.1833 208
8.2 211
8.2167 215
8.2333 218
8.25 222
8.2667 226
8.2833 229
8.3 233
8.3167 236
8.3333 240
8.35 244
8.3667 247
8.3833 251
8.4 254
8.4167 258
8.4333 262
8.45 265
8.4667 269
8.4833 272
8.5 276
8.5167 280
8.5333 283
8.55 287
8.5667 290
8.5833 294
8.6 297
8.6167 301
8.6333 305
8.65 308
8.6667 312
8.6833 315
8.7 319
8.7167 322
8.7333 326
8.75 329
8.7667 333
8.7833 336
8.8 340
8.8167 343
8.8333 347
8.85 350
8.8667 354
8.8833 357
8.9 361
8.9167 364
8.9333 368
8.95 371
8.9667 374
8.9833 378
9.0 381
9.0167 384
9.0333 387
9.05 391
9.0667 394
9.0833 397
9.1 401
9.1167 404
9.1333 407
9.15 411
9.1667 414
9.1833 417
9.2 421
9.2167 424
9.2333 427
9.25 430
9.2667 434
9.2833 437
9.3 440
9.3167 443
9.3333 447
9.35 450
9.3667 453
9.3833 456
9.4 459
9.4167 462
9.4333 466
9.45 469
9.4667 472
9.4833 475
9.5 478
9.5167 481
9.5333 484
9.55 487
9.5667 490
9.5833 493
9.6 496
9.6167 499
9.6333 502
9.65 505
9.6667 508
9.6833 511
9.7 514
9.7167 517
9.7333 520
9.75 523
9.7667 526
9.7833 529
9.8 531
9.8167 534
9.8333 537
9.85 540
9.8667 543
9.8833 545
9.9 548
9.9167 551
9.9333 554
9.95 556
9.9667 559
9.9833 562
10.0 565
10.0167 567
10.0333 570
10.05 572
10.0667 575
10.0833 578
10.1 580
10.1167 583
10.1333 585
10.15 588
10.1667 590
10.1833 593
10.2 595
10.2167 598
10.2333 600
10.25 603
10.2667 605
10.2833 608
10.3 610
10.3167 613
10.3333 615
10.35 617
10.3667 620
10.3833 622
10.4 624
10.4167 626
10.4333 629
10.45 631
10.4667 633
10.4833 635
10.5 638
10.5167 640
10.5333 642
10.55 644
10.5667 646
10.5833 648
10.6 650
10.6167 653
10.6333 655
10.65 657
10.6667 659
10.6833 661
10.7 663
10.7167 665
10.7333 667
10.75 669
10.7667 671
10.7833 672
10.8 674
10.8167 676
10.8333 678
10.85 680
10.8667 682
10.8833 683
10.9 685
10.9167 687
10.9333 689
10.95 690
10.9667 692
10.9833 694
11.0 696
11.0167 697
11.0333 699
11.05 700
11.0667 702
11.0833 704
11.1 705
11.1167 707
11.1333 708
11.15 710
11.1667 711
11.1833 713
11.2 714
11.2167 716
11.2333 717
11.25 718
11.2667 720
11.2833 721
11.3 722
11.3167 724
11.3333 725
11.35 726
11.3667 728
11.3833 729
11.4 730
11.4167 731
11.4333 732
11.45 734
11.4667 735
11.4833 736
11.5 737
11.5167 738
11.5333 739
11.55 740
11.5667 741
11.5833 742
11.6 743
11.6167 744
11.6333 745
11.65 746
11.6667 747
11.6833 748
11.7 749
11.7167 750
11.7333 750
11.75 751
11.7667 752
11.7833 753
11.8 754
11.8167 754
11.8333 755
11.85 756
11.8667 756
11.8833 757
11.9 758
11.9167 758
11.9333 759
11.95 760
11.9667 760
11.9833 761
12.0 761
12.0167 762
12.0333 762
12.05 763
12.0667 763
12.0833 763
12.1 764
12.1167 764
12.1333 765
12.15 765
12.1667 765
12.1833 766
12.2 766
12.2167 766
12.2333 766
12.25 766
12.2667 767
12.2833 767
12.3 767
12.3167 767
12.3333 767
12.35 767
12.3667 767
12.3833 768
12.4 768
12.4167 768
12.4333 768
12.45 768
12.4667 768
12.4833 767
12.5 767
12.5167 767
12.5333 767
12.55 767
12.5667 767
12.5833 767
12.6 766
12.6167 766
12.6333 766
12.65 766
12.6667 765
12.6833 765
12.7 765
12.7167 764
12.7333 764
12.75 764
12.7667 763
12.7833 763
12.8 762
12.8167 762
12.8333 762
12.85 761
12.8667 761
12.8833 760
12.9 759
12.9167 759
12.9333 758
12.95 758
12.9667 757
12.9833 756
13.0 756
13.0167 755
13.0333 754
13.05 753
13.0667 753
13.0833 752
13.1 751
13.1167 750
13.1333 749
13.15 749
13.1667 748
13.1833 747
13.2 746
13.2167 745
13.2333 744
13.25 743
13.2667 742
13.2833 741
13.3 740
13.3167 739
13.3333 738
13.35 737
13.3667 736
13.3833 735
13.4 733
13.4167 732
13.4333 731
13.45 730
13.4667 729
13.4833 727
13.5 726
13.5167 725
13.5333 724
13.55 722
13.5667 721
13.5833 720
13.6 718
13.6167 717
13.6333 715
13.65 714
13.6667 712
13.6833 711
13.7 710
13.7167 708
13.7333 706
13.75 705
13.7667 703
13.7833 702
13.8 700
13.8167 699
13.8333 697
13.85 695
13.8667 694
13.8833 692
13.9 690
13.9167 688
13.9333 687
13.95 685
13.9667 683
13.9833 681
14.0 680
14.0167 678
14.0333 676
14.05 674
14.0667 672
14.0833 670
14.1 668
14.1167 666
14.1333 664
14.15 662
14.1667 660
14.1833 658
14.2 656
14.2167 654
14.2333 652
14.25 650
14.2667 648
14.2833 646
14.3 644
14.3167 642
14.3333 639
14.35 637
14.3667 635
14.3833 633
14.4 631
14.4167 628
14.4333 626
14.45 624
14.4667 621
14.4833 619
14.5 617
14.5167 614
14.5333 612
14.55 610
14.5667 607
14.5833 605
14.6 602
14.6167 600
14.6333 598
14.65 595
14.6667 593
14.6833 590
14.7 588
14.7167 585
14.7333 582
14.75 580
14.7667 577
14.7833 575
14.8 572
14.8167 569
14.8333 567
14.85 564
14.8667 561
14.8833 559
14.9 556
14.9167 553
14.9333 551
14.95 548
14.9667 545
14.9833 542
15.0 539
15.0167 536
15.0333 533
15.05 530
15.0667 527
15.0833 524
15.1 522
15.1167 519
15.1333 516
15.15 513
15.1667 510
15.1833 507
15.2 504
15.2167 501
15.2333 498
15.25 495
15.2667 492
15.2833 489
15.3 486
15.3167 483
15.3333 480
15.35 477
15.3667 474
15.3833 471
15.4 467
15.4167 464
15.4333 461
15.45 458
15.4667 455
15.4833 452
15.5 449
15.5167 445
15.5333 442
15.55 439
15.5667 436
15.5833 432
15.6 429
15.6167 426
15.6333 423
15.65 419
15.6667 416
15.6833 413
15.7 409
15.7167 406
15.7333 403
15.75 399
15.7667 396
15.7833 393
15.8 389
15.8167 386
15.8333 383
15.85 379
15.8667 376
15.8833 372
15.9 369
15.9167 366
15.9333 362
15.95 359
15.9667 355
15.9833 352
16.0 348
16.0167 345
16.0333 341
16.05 338
16.0667 334
16.0833 331
16.1 327
16.1167 324
16.1333 320
16.15 317
16.1667 313
16.1833 310
16.2 306
16.2167 303
16.2333 299
16.25 295
16.2667 292
16.2833 288
16.3 285
16.3167 281
16.3333 278
16.35 274
16.3667 270
16.3833 267
16.4 263
16.4167 260
16.4333 256
16.45 252
16.4667 249
16.4833 245
16.5 242
16.5167 238
16.5333 234
16.55 231
16.5667 227
16.5833 224
16.6 220
16.6167 216
16.6333 213
16.65 209
16.6667 206
16.6833 202
16.7 199
16.7167 195
16.7333 191
16.75 188
16.7667 184
16.7833 181
16.8 177
16.8167 174
16.8333 170
16.85 167
16.8667 163
16.8833 160
16.9 156
16.9167 153
16.9333 149
16.95 146
16.9667 142
16.9833 139
