8.0 90
8.0167 93
8.0333 97
8.05 100
8.0667 103
8.0833 106
8.1 110
8.1167 113
8.1333 116
8.15 120
8.1667 123
8.1833 126
8.2 130
8.2167 133
8.2333 137
8.25 140
8.2667 143
8.2833 147
8.3 150
8.3167 154
8.3333 157
8.35 161
8.3667 164
8.3833 168
8.4 171
8.4167 175
8.4333 178
8.45 182
8.4667 185
8.4833 189
8.5 192
8.5167 196
8.5333 199
8.55 203
8.5667 206
8.5833 210
8.6 213
8.6167 217
8.6333 220
8.65 224
8.6667 227
8.6833 231
8.7 234
8.7167 238
8.7333 241
8.75 245
8.7667 248
8.7833 252
8.8 255
8.8167 259
8.8333 262
8.85 266
8.8667 269
8.8833 273
8.9 276
8.9167 280
8.9333 283
8.95 286
8.9667 290
8.9833 293
9.0 297
9.0167 300
9.0333 303
9.05 306
9.0667 310
9.0833 313
9.1 317
9.1167 320
9.1333 323
9.15 327
9.1667 330
9.1833 333
9.2 337
9.2167 340
9.2333 343
9.25 347
9.2667 350
9.2833 353
9.3 356
9.3167 360
9.3333 363
9.35 366
9.3667 369
9.3833 373
9.4 376
9.4167 379
9.4333 382
9.45 385
9.4667 389
9.4833 392
9.5 395
9.5167 398
9.5333 401
9.55 404
9.5667 407
9.5833 411
9.6 414
9.6167 417
9.6333 420
9.65 423
9.6667 426
9.6833 429
9.7 432
9.7167 435
9.7333 438
9.75 441
9.7667 444
9.7833 447
9.8 450
9.8167 453
9.8333 456
9.85 459
9.8667 461
9.8833 464
9.9 467
9.9167 470
9.9333 473
9.95 476
9.9667 479
9.9833 481
10.0 484
10.0167 487
10.0333 490
10.05 492
10.0667 495
10.0833 498
10.1 501
10.1167 503
10.1333 506
10.15 509
10.1667 511
10.1833 514
10.2 517
10.2167 519
10.2333 522
10.25 524
10.2667 527
10.2833 529
10.3 532
10.3167 534
10.3333 537
10.35 539
10.3667 542
10.3833 544
10.4 547
10.4167 549
10.4333 552
10.45 554
10.4667 556
10.4833 559
10.5 561
10.5167 564
10.5333 566
10.55 568
10.5667 570
10.5833 573
10.6 575
10.6167 577
10.6333 579
10.65 582
10.6667 584
10.6833 586
10.7 588
10.7167 590
10.7333 592
10.75 594
10.7667 597
10.7833 599
10.8 601
10.8167 603
10.8333 605
10.85 607
10.8667 609
10.8833 611
10.9 613
10.9167 615
10.9333 617
10.95 618
10.9667 620
10.9833 622
11.0 624
11.0167 626
11.0333 628
11.05 629
11.0667 631
11.0833 633
11.1 635
11.1167 637
11.1333 638
11.15 640
11.1667 642
11.1833 643
11.2 645
11.2167 647
11.2333 648
11.25 650
11.2667 651
11.2833 653
11.3 654
11.3167 656
11.3333 657
11.35 659
11.3667 660
11.3833 662
11.4 663
11.4167 665
11.4333 666
11.45 667
11.4667 669
11.4833 670
11.5 671
11.5167 673
11.5333 674
11.55 675
11.5667 676
11.5833 678
11.6 679
11.6167 680
11.6333 681
11.65 682
11.6667 683
11.6833 685
11.7 686
11.7167 687
11.7333 688
11.75 689
11.7667 690
11.7833 691
11.8 692
11.8167 693
11.8333 694
11.85 695
11.8667 696
11.8833 696
11.9 697
11.9167 698
11.9333 699
11.95 700
11.9667 701
11.9833 701
12.0 702
12.0167 703
12.0333 704
12.05 704
12.0667 705
12.0833 706
12.1 706
12.1167 707
12.1333 707
12.15 708
12.1667 709
12.1833 709
12.2 710
12.2167 710
12.2333 711
12.25 711
12.2667 711
12.2833 712
12.3 712
12.3167 713
12.3333 713
12.35 713
12.3667 714
12.3833 714
12.4 714
12.4167 715
12.4333 715
12.45 715
12.4667 715
12.4833 715
12.5 716
12.5167 716
12.5333 716
12.55 716
12.5667 716
12.5833 716
12.6 716
12.6167 716
12.6333 716
12.65 716
12.6667 716
12.6833 716
12.7 716
12.7167 716
12.7333 716
12.75 716
12.7667 716
12.7833 715
12.8 715
12.8167 715
12.8333 715
12.85 715
12.8667 714
12.8833 714
12.9 714
12.9167 713
12.9333 713
12.95 713
12.9667 712
12.9833 712
13.0 712
13.0167 711
13.0333 711
13.05 710
13.0667 710
13.0833 709
13.1 709
13.1167 708
13.1333 708
13.15 707
13.1667 706
13.1833 706
13.2 705
13.2167 704
13.2333 704
13.25 703
13.2667 702
13.2833 702
13.3 701
13.3167 700
13.3333 699
13.35 698
13.3667 698
13.3833 697
13.4 696
13.4167 695
13.4333 694
13.45 693
13.4667 692
13.4833 691
13.5 690
13.5167 689
13.5333 688
13.55 687
13.5667 686
13.5833 685
13.6 684
13.6167 683
13.6333 682
13.65 680
13.6667 679
13.6833 678
13.7 677
13.7167 676
13.7333 674
13.75 673
13.7667 672
13.7833 670
13.8 669
13.8167 668
13.8333 666
13.85 665
13.8667 664
13.8833 662
13.9 661
13.9167 659
13.9333 658
13.95 656
13.9667 655
13.9833 653
14.0 652
14.0167 650
14.0333 649
14.05 647
14.0667 645
14.0833 644
14.1 642
14.1167 640
14.1333 639
14.15 637
14.1667 635
14.1833 634
14.2 632
14.2167 630
14.2333 628
14.25 626
14.2667 625
14.2833 623
14.3 621
14.3167 619
14.3333 617
14.35 615
14.3667 613
14.3833 611
14.4 609
14.4167 607
14.4333 605
14.45 603
14.4667 601
14.4833 599
14.5 597
14.5167 595
14.5333 593
14.55 591
14.5667 589
14.5833 587
14.6 584
14.6167 582
14.6333 580
14.65 578
14.6667 576
14.6833 573
14.7 571
14.7167 569
14.7333 567
14.75 564
14.7667 562
14.7833 560
14.8 557
14.8167 555
14.8333 552
14.85 550
14.8667 548
14.8833 545
14.9 543
14.9167 540
14.9333 538
14.95 535
14.9667 533
14.9833 530
15.0 528
15.0167 525
15.0333 523
15.05 520
15.0667 518
15.0833 515
15.1 512
15.1167 510
15.1333 507
15.15 504
15.1667 502
15.1833 499
15.2 496
15.2167 494
15.2333 491
15.25 488
15.2667 485
15.2833 483
15.3 480
15.3167 477
15.3333 474
15.35 471
15.3667 468
15.3833 466
15.4 463
15.4167 460
15.4333 457
15.45 454
15.4667 451
15.4833 448
15.5 445
15.5167 442
15.5333 439
15.55 436
15.5667 433
15.5833 430
15.6 427
15.6167 424
15.6333 421
15.65 418
15.6667 415
15.6833 412
15.7 409
15.7167 406
15.7333 403
15.75 399
15.7667 396
15.7833 393
15.8 390
15.8167 387
15.8333 384
15.85 380
15.8667 377
15.8833 374
15.9 371
15.9167 368
15.9333 364
15.95 361
15.9667 358
15.9833 354
16.0 351
16.0167 348
16.0333 345
16.05 341
16.0667 338
16.0833 335
16.1 331
16.1167 328
16.1333 325
16.15 321
16.1667 318
16.1833 315
16.2 311
16.2167 308
16.2333 304
16.25 301
16.2667 298
16.2833 294
16.3 291
16.3167 287
16.3333 284
16.35 280
16.3667 277
16.3833 274
16.4 270
16.4167 267
16.4333 263
16.45 260
16.4667 256
16.4833 253
16.5 249
16.5167 246
16.5333 242
16.55 239
16.5667 235
16.5833 232
16.6 228
16.6167 225
16.6333 221
16.65 218
16.6667 214
16.6833 211
16.7 207
16.7167 204
16.7333 200
16.75 197
16.7667 193
16.7833 190
16.8 186
16.8167 183
16.8333 179
16.85 176
16.8667 172
16.8833 169
16.9 165
16.9167 162
16.9333 158
16.95 155
16.9667 151
16.9833 148
