8.0 78
8.0167 81
8.0333 84
8.05 87
8.0667 89
8.0833 92
8.1 95
8.1167 98
8.1333 101
8.15 103
8.1667 106
8.1833 109
8.2 112
8.2167 115
8.2333 118
8.25 121
8.2667 124
8.2833 127
8.3 130
8.3167 133
8.3333 136
8.35 139
8.3667 142
8.3833 145
8.4 148
8.4167 152
8.4333 155
8.45 158
8.4667 161
8.4833 164
8.5 167
8.5167 170
8.5333 174
8.55 177
8.5667 180
8.5833 183
8.6 186
8.6167 189
8.6333 193
8.65 196
8.6667 199
8.6833 202
8.7 205
8.7167 209
8.7333 212
8.75 215
8.7667 218
8.7833 221
8.8 225
8.8167 228
8.8333 231
8.85 234
8.8667 237
8.8833 241
8.9 244
8.9167 247
8.9333 250
8.95 253
8.9667 257
8.9833 260
9.0 263
9.0167 266
9.0333 269
9.05 272
9.0667 275
9.0833 278
9.1 281
9.1167 285
9.1333 288
9.15 291
9.1667 294
9.1833 297
9.2 300
9.2167 303
9.2333 307
9.25 310
9.2667 313
9.2833 316
9.3 319
9.3167 322
9.3333 325
9.35 328
9.3667 331
9.3833 334
9.4 337
9.4167 340
9.4333 343
9.45 346
9.4667 350
9.4833 353
9.5 356
9.5167 358
9.5333 361
9.55 364
9.5667 367
9.5833 370
9.6 373
9.6167 376
9.6333 379
9.65 382
9.6667 385
9.6833 388
9.7 391
9.7167 394
9.7333 396
9.75 399
9.7667 402
9.7833 405
9.8 408
9.8167 411
9.8333 413
9.85 416
9.8667 419
9.8833 422
9.9 424
9.9167 427
9.9333 430
9.95 433
9.9667 435
9.9833 438
10.0 441
10.0167 443
10.0333 446
10.05 448
10.0667 451
10.0833 454
10.1 456
10.1167 459
10.1333 461
10.15 464
10.1667 467
10.1833 469
10.2 472
10.2167 474
10.2333 477
10.25 479
10.2667 481
10.2833 484
10.3 486
10.3167 489
10.3333 491
10.35 494
10.3667 496
10.3833 498
10.4 501
10.4167 503
10.4333 505
10.45 507
10.4667 510
10.4833 512
10.5 514
10.5167 517
10.5333 519
10.55 521
10.5667 523
10.5833 525
10.6 527
10.6167 530
10.6333 532
10.65 534
10.6667 536
10.6833 538
10.7 540
10.7167 542
10.7333 544
10.75 546
10.7667 548
10.7833 550
10.8 552
10.8167 554
10.8333 556
10.85 558
10.8667 560
10.8833 562
10.9 564
10.9167 565
10.9333 567
10.95 569
10.9667 571
10.9833 573
11.0 574
11.0167 576
11.0333 578
11.05 580
11.0667 581
11.0833 583
11.1 585
11.1167 586
11.1333 588
11.15 590
11.1667 591
11.1833 593
11.2 594
11.2167 596
11.2333 597
11.25 599
11.2667 600
11.2833 602
11.3 603
11.3167 605
11.3333 606
11.35 608
11.3667 609
11.3833 610
11.4 612
11.4167 613
11.4333 614
11.45 616
11.4667 617
11.4833 618
11.5 619
11.5167 621
11.5333 622
11.55 623
11.5667 624
11.5833 625
11.6 626
11.6167 628
11.6333 629
11.65 630
11.6667 631
11.6833 632
11.7 633
11.7167 634
11.7333 635
11.75 636
11.7667 637
11.7833 638
11.8 639
11.8167 639
11.8333 640
11.85 641
11.8667 642
11.8833 643
11.9 644
11.9167 644
11.9333 645
11.95 646
11.9667 647
11.9833 647
12.0 648
12.0167 649
12.0333 649
12.05 650
12.0667 651
12.0833 651
12.1 652
12.1167 652
12.1333 653
12.15 653
12.1667 654
12.1833 654
12.2 655
12.2167 655
12.2333 656
12.25 656
12.2667 656
12.2833 657
12.3 657
12.3167 657
12.3333 658
12.35 658
12.3667 658
12.3833 658
12.4 659
12.4167 659
12.4333 659
12.45 659
12.4667 659
12.4833 660
12.5 660
12.5167 660
12.5333 660
12.55 660
12.5667 660
12.5833 660
12.6 660
12.6167 660
12.6333 660
12.65 660
12.6667 660
12.6833 660
12.7 659
12.7167 659
12.7333 659
12.75 659
12.7667 659
12.7833 659
12.8 658
12.8167 658
12.8333 658
12.85 657
12.8667 657
12.8833 657
12.9 657
12.9167 656
12.9333 656
12.95 655
12.9667 655
12.9833 654
13.0 654
13.0167 654
13.0333 653
13.05 652
13.0667 652
13.0833 651
13.1 651
13.1167 650
13.1333 650
13.15 649
13.1667 648
13.1833 648
13.2 647
13.2167 646
13.2333 646
13.25 645
13.2667 644
13.2833 643
13.3 642
13.3167 642
13.3333 641
13.35 640
13.3667 639
13.3833 638
13.4 637
13.4167 636
13.4333 635
13.45 634
13.4667 633
13.4833 632
13.5 631
13.5167 630
13.5333 629
13.55 628
13.5667 627
13.5833 626
13.6 625
13.6167 624
13.6333 622
13.65 621
13.6667 620
13.6833 619
13.7 617
13.7167 616
13.7333 615
13.75 614
13.7667 612
13.7833 611
13.8 610
13.8167 608
13.8333 607
13.85 605
13.8667 604
13.8833 603
13.9 601
13.9167 600
13.9333 598
13.95 597
13.9667 595
13.9833 594
14.0 592
14.0167 590
14.0333 589
14.05 587
14.0667 585
14.0833 584
14.1 582
14.1167 580
14.1333 579
14.15 577
14.1667 575
14.1833 574
14.2 572
14.2167 570
14.2333 568
14.25 566
14.2667 564
14.2833 563
14.3 561
14.3167 559
14.3333 557
14.35 555
14.3667 553
14.3833 551
14.4 549
14.4167 547
14.4333 545
14.45 543
14.4667 541
14.4833 539
14.5 537
14.5167 535
14.5333 533
14.55 531
14.5667 529
14.5833 526
14.6 524
14.6167 522
14.6333 520
14.65 518
14.6667 515
14.6833 513
14.7 511
14.7167 509
14.7333 506
14.75 504
14.7667 502
14.7833 499
14.8 497
14.8167 495
14.8333 492
14.85 490
14.8667 488
14.8833 485
14.9 483
14.9167 480
14.9333 478
14.95 475
14.9667 473
14.9833 470
15.0 468
15.0167 465
15.0333 463
15.05 460
15.0667 458
15.0833 455
15.1 452
15.1167 450
15.1333 447
15.15 445
15.1667 442
15.1833 439
15.2 437
15.2167 434
15.2333 431
15.25 429
15.2667 426
15.2833 423
15.3 420
15.3167 418
15.3333 415
15.35 412
15.3667 409
15.3833 406
15.4 404
15.4167 401
15.4333 398
15.45 395
15.4667 392
15.4833 389
15.5 387
15.5167 384
15.5333 381
15.55 378
15.5667 375
15.5833 372
15.6 369
15.6167 366
15.6333 363
15.65 360
15.6667 357
15.6833 354
15.7 351
15.7167 348
15.7333 345
15.75 342
15.7667 339
15.7833 336
15.8 333
15.8167 330
15.8333 327
15.85 324
15.8667 321
15.8833 318
15.9 315
15.9167 311
15.9333 308
15.95 305
15.9667 302
15.9833 299
16.0 296
16.0167 293
16.0333 290
16.05 286
16.0667 283
16.0833 280
16.1 277
16.1167 274
16.1333 271
16.15 267
16.1667 264
16.1833 261
16.2 258
16.2167 255
16.2333 252
16.25 248
16.2667 245
16.2833 242
16.3 239
16.3167 236
16.3333 232
16.35 229
16.3667 226
16.3833 223
16.4 219
16.4167 216
16.4333 213
16.45 210
16.4667 207
16.4833 203
16.5 200
16.5167 197
16.5333 194
16.55 191
16.5667 187
16.5833 184
16.6 181
16.6167 178
16.6333 175
16.65 172
16.6667 168
16.6833 165
16.7 162
16.7167 159
16.7333 156
16.75 153
16.7667 150
16.7833 147
16.8 143
16.8167 140
16.8333 137
16.85 134
16.8667 131
16.8833 128
16.9 125
16.9167 122
16.9333 119
16.95 116
16.9667 113
16.9833 111
