8.0 50
8.0167 52
8.0333 54
8.05 55
8.0667 57
8.0833 59
8.1 61
8.1167 63
8.1333 65
8.15 67
8.1667 69
8.1833 72
8.2 74
8.2167 76
8.2333 78
8.25 80
8.2667 82
8.2833 85
8.3 87
8.3167 89
8.3333 92
8.35 94
8.3667 96
8.3833 99
8.4 101
8.4167 104
8.4333 106
8.45 108
8.4667 111
8.4833 113
8.5 116
8.5167 118
8.5333 121
8.55 123
8.5667 126
8.5833 128
8.6 131
8.6167 133
8.6333 136
8.65 138
8.6667 141
8.6833 144
8.7 146
8.7167 149
8.7333 151
8.75 154
8.7667 157
8.7833 159
8.8 162
8.8167 165
8.8333 167
8.85 170
8.8667 172
8.8833 175
8.9 178
8.9167 181
8.9333 183
8.95 186
8.9667 189
8.9833 191
9.0 194
9.0167 196
9.0333 199
9.05 202
9.0667 204
9.0833 207
9.1 210
9.1167 213
9.1333 215
9.15 218
9.1667 221
9.1833 223
9.2 226
9.2167 229
9.2333 232
9.25 234
9.2667 237
9.2833 240
9.3 242
9.3167 245
9.3333 248
9.35 251
9.3667 253
9.3833 256
9.4 259
9.4167 261
9.4333 264
9.45 267
9.4667 269
9.4833 272
9.5 275
9.5167 277
9.5333 280
9.55 283
9.5667 285
9.5833 288
9.6 291
9.6167 293
9.6333 296
9.65 299
9.6667 301
9.6833 304
9.7 306
9.7167 309
9.7333 312
9.75 314
9.7667 317
9.7833 319
9.8 322
9.8167 325
9.8333 327
9.85 330
9.8667 332
9.8833 335
9.9 337
9.9167 340
9.9333 342
9.95 345
9.9667 347
9.9833 350
10.0 352
10.0167 355
10.0333 357
10.05 360
10.0667 362
10.0833 364
10.1 367
10.1167 369
10.1333 372
10.15 374
10.1667 376
10.1833 379
10.2 381
10.2167 383
10.2333 386
10.25 388
10.2667 390
10.2833 393
10.3 395
10.3167 397
10.3333 399
10.35 402
10.3667 404
10.3833 406
10.4 408
10.4167 411
10.4333 413
10.45 415
10.4667 417
10.4833 419
10.5 421
10.5167 423
10.5333 426
10.55 428
10.5667 430
10.5833 432
10.6 434
10.6167 436
10.6333 438
10.65 440
10.6667 442
10.6833 444
10.7 446
10.7167 448
10.7333 450
10.75 452
10.7667 454
10.7833 456
10.8 457
10.8167 459
10.8333 461
10.85 463
10.8667 465
10.8833 467
10.9 469
10.9167 470
10.9333 472
10.95 474
10.9667 476
10.9833 477
11.0 479
11.0167 481
11.0333 482
11.05 484
11.0667 486
11.0833 487
11.1 489
11.1167 491
11.1333 492
11.15 494
11.1667 495
11.1833 497
11.2 498
11.2167 500
11.2333 502
11.25 503
11.2667 504
11.2833 506
11.3 507
11.3167 509
11.3333 510
11.35 512
11.3667 513
11.3833 514
11.4 516
11.4167 517
11.4333 518
11.45 520
11.4667 521
11.4833 522
11.5 523
11.5167 525
11.5333 526
11.55 527
11.5667 528
11.5833 529
11.6 530
11.6167 532
11.6333 533
11.65 534
11.6667 535
11.6833 536
11.7 537
11.7167 538
11.7333 539
11.75 540
11.7667 541
11.7833 542
11.8 543
11.8167 544
11.8333 545
11.85 545
11.8667 546
11.8833 547
11.9 548
11.9167 549
11.9333 550
11.95 550
11.9667 551
11.9833 552
12.0 553
12.0167 553
12.0333 554
12.05 555
12.0667 555
12.0833 556
12.1 556
12.1167 557
12.1333 558
12.15 558
12.1667 559
12.1833 559
12.2 560
12.2167 560
12.2333 561
12.25 561
12.2667 562
12.2833 562
12.3 562
12.3167 563
12.3333 563
12.35 564
12.3667 564
12.3833 564
12.4 565
12.4167 565
12.4333 565
12.45 565
12.4667 566
12.4833 566
12.5 566
12.5167 566
12.5333 566
12.55 566
12.5667 566
12.5833 567
12.6 567
12.6167 567
12.6333 567
12.65 567
12.6667 567
12.6833 567
12.7 567
12.7167 567
12.7333 567
12.75 566
12.7667 566
12.7833 566
12.8 566
12.8167 566
12.8333 566
12.85 566
12.8667 565
12.8833 565
12.9 565
12.9167 565
12.9333 564
12.95 564
12.9667 564
12.9833 563
13.0 563
13.0167 563
13.0333 562
13.05 562
13.0667 561
13.0833 561
13.1 560
13.1167 560
13.1333 559
13.15 559
13.1667 558
13.1833 558
13.2 557
13.2167 557
13.2333 556
13.25 555
13.2667 555
13.2833 554
13.3 553
13.3167 553
13.3333 552
13.35 551
13.3667 551
13.3833 550
13.4 549
13.4167 548
13.4333 547
13.45 546
13.4667 546
13.4833 545
13.5 544
13.5167 543
13.5333 542
13.55 541
13.5667 540
13.5833 539
13.6 538
13.6167 537
13.6333 536
13.65 535
13.6667 534
13.6833 533
13.7 532
13.7167 531
13.7333 530
13.75 528
13.7667 527
13.7833 526
13.8 525
13.8167 524
13.8333 522
13.85 521
13.8667 520
13.8833 519
13.9 517
13.9167 516
13.9333 515
13.95 513
13.9667 512
13.9833 511
14.0 509
14.0167 508
14.0333 506
14.05 505
14.0667 503
14.0833 502
14.1 500
14.1167 499
14.1333 497
14.15 496
14.1667 494
14.1833 493
14.2 491
14.2167 489
14.2333 488
14.25 486
14.2667 485
14.2833 483
14.3 481
14.3167 480
14.3333 478
14.35 476
14.3667 474
14.3833 473
14.4 471
14.4167 469
14.4333 467
14.45 465
14.4667 464
14.4833 462
14.5 460
14.5167 458
14.5333 456
14.55 454
14.5667 452
14.5833 450
14.6 448
14.6167 446
14.6333 444
14.65 443
14.6667 441
14.6833 438
14.7 436
14.7167 434
14.7333 432
14.75 430
14.7667 428
14.7833 426
14.8 424
14.8167 422
14.8333 420
14.85 418
14.8667 415
14.8833 413
14.9 411
14.9167 409
14.9333 407
14.95 405
14.9667 402
14.9833 400
15.0 398
15.0167 396
15.0333 394
15.05 391
15.0667 389
15.0833 387
15.1 384
15.1167 382
15.1333 380
15.15 377
15.1667 375
15.1833 373
15.2 370
15.2167 368
15.2333 365
15.25 363
15.2667 361
15.2833 358
15.3 356
15.3167 353
15.3333 351
15.35 348
15.3667 346
15.3833 343
15.4 341
15.4167 338
15.4333 336
15.45 333
15.4667 331
15.4833 328
15.5 326
15.5167 323
15.5333 320
15.55 318
15.5667 315
15.5833 313
15.6 310
15.6167 308
15.6333 305
15.65 302
15.6667 300
15.6833 297
15.7 294
15.7167 292
15.7333 289
15.75 287
15.7667 284
15.7833 281
15.8 279
15.8167 276
15.8333 273
15.85 271
15.8667 268
15.8833 265
15.9 262
15.9167 260
15.9333 257
15.95 254
15.9667 252
15.9833 249
16.0 246
16.0167 244
16.0333 241
16.05 238
16.0667 235
16.0833 233
16.1 230
16.1167 227
16.1333 225
16.15 222
16.1667 219
16.1833 216
16.2 214
16.2167 211
16.2333 208
16.25 206
16.2667 203
16.2833 200
16.3 197
16.3167 195
16.3333 192
16.35 189
16.3667 187
16.3833 184
16.4 181
16.4167 179
16.4333 176
16.45 173
16.4667 171
16.4833 168
16.5 165
16.5167 163
16.5333 160
16.55 157
16.5667 155
16.5833 152
16.6 149
16.6167 147
16.6333 144
16.65 142
16.6667 139
16.6833 137
16.7 134
16.7167 131
16.7333 129
16.75 126
16.7667 124
16.7833 121
16.8 119
16.8167 116
16.8333 114
16.85 111
16.8667 109
16.8833 107
16.9 104
16.9167 102
16.9333 99
16.95 97
16.9667 95
16.9833 92
