8.0 82
8.0167 85
8.0333 88
8.05 90
8.0667 93
8.0833 96
8.1 99
8.1167 102
8.1333 105
8.15 107
8.1667 110
8.1833 113
8.2 116
8.2167 119
8.2333 122
8.25 125
8.2667 128
8.2833 131
8.3 134
8.3167 137
8.3333 140
8.35 143
8.3667 146
8.3833 150
8.4 153
8.4167 156
8.4333 159
8.45 162
8.4667 165
8.4833 168
8.5 172
8.5167 175
8.5333 178
8.55 181
8.5667 184
8.5833 188
8.6 191
8.6167 194
8.6333 197
8.65 200
8.6667 204
8.6833 207
8.7 210
8.7167 213
8.7333 216
8.75 220
8.7667 223
8.7833 226
8.8 229
8.8167 232
8.8333 236
8.85 239
8.8667 242
8.8833 245
8.9 248
8.9167 252
8.9333 255
8.95 258
8.9667 261
8.9833 264
9.0 268
9.0167 270
9.0333 273
9.05 277
9.0667 280
9.0833 283
9.1 286
9.1167 289
9.1333 292
9.15 296
9.1667 299
9.1833 302
9.2 305
9.2167 308
9.2333 311
9.25 314
9.2667 317
9.2833 321
9.3 324
9.3167 327
9.3333 330
9.35 333
9.3667 336
9.3833 339
9.4 342
9.4167 345
9.4333 348
9.45 351
9.4667 354
9.4833 357
9.5 360
9.5167 363
9.5333 366
9.55 369
9.5667 372
9.5833 375
9.6 378
9.6167 381
9.6333 384
9.65 387
9.6667 389
9.6833 392
9.7 395
9.7167 398
9.7333 401
9.75 404
9.7667 407
9.7833 409
9.8 412
9.8167 415
9.8333 418
9.85 421
9.8667 423
9.8833 426
9.9 429
9.9167 432
9.9333 434
9.95 437
9.9667 440
9.9833 442
10.0 445
10.0167 448
10.0333 450
10.05 453
10.0667 455
10.0833 458
10.1 461
10.1167 463
10.1333 466
10.15 468
10.1667 471
10.1833 473
10.2 476
10.2167 478
10.2333 481
10.25 483
10.2667 486
10.2833 488
10.3 491
10.3167 493
10.3333 495
10.35 498
10.3667 500
10.3833 502
10.4 505
10.4167 507
10.4333 509
10.45 512
10.4667 514
10.4833 516
10.5 518
10.5167 521
10.5333 523
10.55 525
10.5667 527
10.5833 529
10.6 531
10.6167 534
10.6333 536
10.65 538
10.6667 540
10.6833 542
10.7 544
10.7167 546
10.7333 548
10.75 550
10.7667 552
10.7833 554
10.8 556
10.8167 558
10.8333 560
10.85 562
10.8667 564
10.8833 565
10.9 567
10.9167 569
10.9333 571
10.95 573
10.9667 575
10.9833 576
11.0 578
11.0167 580
11.0333 582
11.05 583
11.0667 585
11.0833 587
11.1 588
11.1167 590
11.1333 592
11.15 593
11.1667 595
11.1833 596
11.2 598
11.2167 599
11.2333 601
11.25 602
11.2667 604
11.2833 605
11.3 607
11.3167 608
11.3333 610
11.35 611
11.3667 612
11.3833 614
11.4 615
11.4167 616
11.4333 618
11.45 619
11.4667 620
11.4833 621
11.5 623
11.5167 624
11.5333 625
11.55 626
11.5667 627
11.5833 628
11.6 630
11.6167 631
11.6333 632
11.65 633
11.6667 634
11.6833 635
11.7 636
11.7167 637
11.7333 638
11.75 639
11.7667 640
11.7833 641
11.8 641
11.8167 642
11.8333 643
11.85 644
11.8667 645
11.8833 646
11.9 646
11.9167 647
11.9333 648
11.95 649
11.9667 649
11.9833 650
12.0 651
12.0167 651
12.0333 652
12.05 653
12.0667 653
12.0833 654
12.1 654
12.1167 655
12.1333 655
12.15 656
12.1667 656
12.1833 657
12.2 657
12.2167 658
12.2333 658
12.25 658
12.2667 659
12.2833 659
12.3 659
12.3167 660
12.3333 660
12.35 660
12.3667 661
12.3833 661
12.4 661
12.4167 661
12.4333 661
12.45 662
12.4667 662
12.4833 662
12.5 662
12.5167 662
12.5333 662
12.55 662
12.5667 662
12.5833 662
12.6 662
12.6167 662
12.6333 662
12.65 662
12.6667 662
12.6833 662
12.7 661
12.7167 661
12.7333 661
12.75 661
12.7667 661
12.7833 660
12.8 660
12.8167 660
12.8333 660
12.85 659
12.8667 659
12.8833 659
12.9 658
12.9167 658
12.9333 658
12.95 657
12.9667 657
12.9833 656
13.0 656
13.0167 655
13.0333 655
13.05 654
13.0667 654
13.0833 653
13.1 652
13.1167 652
13.1333 651
13.15 651
13.1667 650
13.1833 649
13.2 648
13.2167 648
13.2333 647
13.25 646
13.2667 645
13.2833 645
13.3 644
13.3167 643
13.3333 642
13.35 641
13.3667 640
13.3833 639
13.4 638
13.4167 637
13.4333 637
13.45 636
13.4667 635
13.4833 633
13.5 632
13.5167 631
13.5333 630
13.55 629
13.5667 628
13.5833 627
13.6 626
13.6167 625
13.6333 623
13.65 622
13.6667 621
13.6833 620
13.7 618
13.7167 617
13.7333 616
13.75 615
13.7667 613
13.7833 612
13.8 610
13.8167 609
13.8333 608
13.85 606
13.8667 605
13.8833 603
13.9 602
13.9167 600
13.9333 599
13.95 597
13.9667 596
13.9833 594
14.0 593
14.0167 591
14.0333 589
14.05 588
14.0667 586
14.0833 584
14.1 583
14.1167 581
14.1333 579
14.15 578
14.1667 576
14.1833 574
14.2 572
14.2167 570
14.2333 569
14.25 567
14.2667 565
14.2833 563
14.3 561
14.3167 559
14.3333 557
14.35 555
14.3667 553
14.3833 551
14.4 549
14.4167 547
14.4333 545
14.45 543
14.4667 541
14.4833 539
14.5 537
14.5167 535
14.5333 533
14.55 531
14.5667 529
14.5833 526
14.6 524
14.6167 522
14.6333 520
14.65 518
14.6667 515
14.6833 513
14.7 511
14.7167 509
14.7333 506
14.75 504
14.7667 502
14.7833 499
14.8 497
14.8167 494
14.8333 492
14.85 490
14.8667 487
14.8833 485
14.9 482
14.9167 480
14.9333 477
14.95 475
14.9667 472
14.9833 470
15.0 467
15.0167 465
15.0333 462
15.05 460
15.0667 457
15.0833 455
15.1 452
15.1167 449
15.1333 447
15.15 444
15.1667 441
15.1833 439
15.2 436
15.2167 433
15.2333 431
15.25 428
15.2667 425
15.2833 422
15.3 420
15.3167 417
15.3333 414
15.35 411
15.3667 408
15.3833 406
15.4 403
15.4167 400
15.4333 397
15.45 394
15.4667 391
15.4833 389
15.5 386
15.5167 383
15.5333 380
15.55 377
15.5667 374
15.5833 371
15.6 368
15.6167 365
15.6333 362
15.65 359
15.6667 356
15.6833 353
15.7 350
15.7167 347
15.7333 344
15.75 341
15.7667 338
15.7833 335
15.8 332
15.8167 329
15.8333 326
15.85 323
15.8667 320
15.8833 316
15.9 313
15.9167 310
15.9333 307
15.95 304
15.9667 301
15.9833 298
16.0 295
16.0167 291
16.0333 288
16.05 285
16.0667 282
16.0833 279
16.1 276
16.1167 272
16.1333 269
16.15 266
16.1667 263
16.1833 260
16.2 257
16.2167 253
16.2333 250
16.25 247
16.2667 244
16.2833 241
16.3 237
16.3167 234
16.3333 231
16.35 228
16.3667 224
16.3833 221
16.4 218
16.4167 215
16.4333 212
16.45 208
16.4667 205
16.4833 202
16.5 199
16.5167 196
16.5333 192
16.55 189
16.5667 186
16.5833 183
16.6 180
16.6167 176
16.6333 173
16.65 170
16.6667 167
16.6833 164
16.7 161
16.7167 157
16.7333 154
16.75 151
16.7667 148
16.7833 145
16.8 142
16.8167 139
16.8333 136
16.85 133
16.8667 130
16.8833 127
16.9 124
16.9167 121
16.9333 118
16.95 115
16.9667 112
16.9833 109
