8.0 90
8.0167 93
8.0333 96
8.05 98
8.0667 101
8.0833 104
8.1 107
8.1167 110
8.1333 113
8.15 116
8.1667 119
8.1833 122
8.2 125
8.2167 128
8.2333 131
8.25 134
8.2667 137
8.2833 140
8.3 143
8.3167 146
8.3333 149
8.35 153
8.3667 156
8.3833 159
8.4 162
8.4167 165
8.4333 168
8.45 172
8.4667 175
8.4833 178
8.5 181
8.5167 184
8.5333 188
8.55 191
8.5667 194
8.5833 197
8.6 200
8.6167 204
8.6333 207
8.65 210
8.6667 213
8.6833 217
8.7 220
8.7167 223
8.7333 226
8.75 230
8.7667 233
8.7833 236
8.8 239
8.8167 242
8.8333 246
8.85 249
8.8667 252
8.8833 255
8.9 259
8.9167 262
8.9333 265
8.95 268
8.9667 271
8.9833 275
9.0 278
9.0167 280
9.0333 284
9.05 287
9.0667 290
9.0833 293
9.1 296
9.1167 299
9.1333 303
9.15 306
9.1667 309
9.1833 312
9.2 315
9.2167 318
9.2333 321
9.25 324
9.2667 328
9.2833 331
9.3 334
9.3167 337
9.3333 340
9.35 343
9.3667 346
9.3833 349
9.4 352
9.4167 355
9.4333 358
9.45 361
9.4667 364
9.4833 367
9.5 370
9.5167 373
9.5333 376
9.55 379
9.5667 382
9.5833 385
9.6 388
9.6167 391
9.6333 394
9.65 397
9.6667 400
9.6833 402
9.7 405
9.7167 408
9.7333 411
9.75 414
9.7667 417
9.7833 419
9.8 422
9.8167 425
9.8333 428
9.85 430
9.8667 433
9.8833 436
9.9 439
9.9167 441
9.9333 444
9.95 447
9.9667 449
9.9833 452
10.0 455
10.0167 457
10.0333 460
10.05 463
10.0667 465
10.0833 468
10.1 470
10.1167 473
10.1333 475
10.15 478
10.1667 480
10.1833 483
10.2 485
10.2167 488
10.2333 490
10.25 493
10.2667 495
10.2833 498
10.3 500
10.3167 502
10.3333 505
10.35 507
10.3667 509
10.3833 512
10.4 514
10.4167 516
10.4333 519
10.45 521
10.4667 523
10.4833 525
10.5 528
10.5167 530
10.5333 532
10.55 534
10.5667 536
10.5833 538
10.6 541
10.6167 543
10.6333 545
10.65 547
10.6667 549
10.6833 551
10.7 553
10.7167 555
10.7333 557
10.75 559
10.7667 561
10.7833 563
10.8 565
10.8167 567
10.8333 569
10.85 571
10.8667 572
10.8833 574
10.9 576
10.9167 578
10.9333 580
10.95 581
10.9667 583
10.9833 585
11.0 587
11.0167 588
11.0333 590
11.05 592
11.0667 593
11.0833 595
11.1 597
11.1167 598
11.1333 600
11.15 601
11.1667 603
11.1833 605
11.2 606
11.2167 608
11.2333 609
11.25 611
11.2667 612
11.2833 613
11.3 615
11.3167 616
11.3333 618
11.35 619
11.3667 620
11.3833 622
11.4 623
11.4167 624
11.4333 625
11.45 627
11.4667 628
11.4833 629
11.5 630
11.5167 632
11.5333 633
11.55 634
11.5667 635
11.5833 636
11.6 637
11.6167 638
11.6333 639
11.65 640
11.6667 641
11.6833 642
11.7 643
11.7167 644
11.7333 645
11.75 646
11.7667 647
11.7833 648
11.8 649
11.8167 650
11.8333 650
11.85 651
11.8667 652
11.8833 653
11.9 653
11.9167 654
11.9333 655
11.95 656
11.9667 656
11.9833 657
12.0 658
12.0167 658
12.0333 659
12.05 659
12.0667 660
12.0833 660
12.1 661
12.1167 661
12.1333 662
12.15 662
12.1667 663
12.1833 663
12.2 664
12.2167 664
12.2333 664
12.25 665
12.2667 665
12.2833 665
12.3 666
12.3167 666
12.3333 666
12.35 666
12.3667 667
12.3833 667
12.4 667
12.4167 667
12.4333 667
12.45 667
12.4667 668
12.4833 668
12.5 668
12.5167 668
12.5333 668
12.55 668
12.5667 668
12.5833 668
12.6 668
12.6167 668
12.6333 667
12.65 667
12.6667 667
12.6833 667
12.7 667
12.7167 667
12.7333 667
12.75 666
12.7667 666
12.7833 666
12.8 665
12.8167 665
12.8333 665
12.85 664
12.8667 664
12.8833 664
12.9 663
12.9167 663
12.9333 662
12.95 662
12.9667 662
12.9833 661
13.0 661
13.0167 660
13.0333 659
13.05 659
13.0667 658
13.0833 658
13.1 657
13.1167 656
13.1333 656
13.15 655
13.1667 654
13.1833 654
13.2 653
13.2167 652
13.2333 651
13.25 650
13.2667 650
13.2833 649
13.3 648
13.3167 647
13.3333 646
13.35 645
13.3667 644
13.3833 643
13.4 642
13.4167 641
13.4333 640
13.45 639
13.4667 638
13.4833 637
13.5 636
13.5167 635
13.5333 634
13.55 633
13.5667 632
13.5833 630
13.6 629
13.6167 628
13.6333 627
13.65 626
13.6667 624
13.6833 623
13.7 622
13.7167 620
13.7333 619
13.75 618
13.7667 616
13.7833 615
13.8 614
13.8167 612
13.8333 611
13.85 609
13.8667 608
13.8833 606
13.9 605
13.9167 603
13.9333 602
13.95 600
13.9667 598
13.9833 597
14.0 595
14.0167 594
14.0333 592
14.05 590
14.0667 589
14.0833 587
14.1 585
14.1167 583
14.1333 582
14.15 580
14.1667 578
14.1833 576
14.2 574
14.2167 573
14.2333 571
14.25 569
14.2667 567
14.2833 565
14.3 563
14.3167 561
14.3333 559
14.35 557
14.3667 555
14.3833 553
14.4 551
14.4167 549
14.4333 547
14.45 545
14.4667 543
14.4833 541
14.5 539
14.5167 537
14.5333 534
14.55 532
14.5667 530
14.5833 528
14.6 526
14.6167 523
14.6333 521
14.65 519
14.6667 517
14.6833 514
14.7 512
14.7167 510
14.7333 507
14.75 505
14.7667 503
14.7833 500
14.8 498
14.8167 495
14.8333 493
14.85 491
14.8667 488
14.8833 486
14.9 483
14.9167 481
14.9333 478
14.95 476
14.9667 473
14.9833 471
15.0 468
15.0167 465
15.0333 463
15.05 460
15.0667 458
15.0833 455
15.1 452
15.1167 450
15.1333 447
15.15 444
15.1667 442
15.1833 439
15.2 436
15.2167 433
15.2333 431
15.25 428
15.2667 425
15.2833 422
15.3 420
15.3167 417
15.3333 414
15.35 411
15.3667 408
15.3833 406
15.4 403
15.4167 400
15.4333 397
15.45 394
15.4667 391
15.4833 388
15.5 385
15.5167 382
15.5333 379
15.55 376
15.5667 373
15.5833 371
15.6 368
15.6167 365
15.6333 362
15.65 359
15.6667 355
15.6833 352
15.7 349
15.7167 346
15.7333 343
15.75 340
15.7667 337
15.7833 334
15.8 331
15.8167 328
15.8333 325
15.85 322
15.8667 319
15.8833 315
15.9 312
15.9167 309
15.9333 306
15.95 303
15.9667 300
15.9833 297
16.0 293
16.0167 290
16.0333 287
16.05 284
16.0667 281
16.0833 278
16.1 274
16.1167 271
16.1333 268
16.15 265
16.1667 262
16.1833 258
16.2 255
16.2167 252
16.2333 249
16.25 245
16.2667 242
16.2833 239
16.3 236
16.3167 233
16.3333 229
16.35 226
16.3667 223
16.3833 220
16.4 216
16.4167 213
16.4333 210
16.45 207
16.4667 203
16.4833 200
16.5 197
16.5167 194
16.5333 191
16.55 187
16.5667 184
16.5833 181
16.6 178
16.6167 175
16.6333 171
16.65 168
16.6667 165
16.6833 162
16.7 159
16.7167 156
16.7333 152
16.75 149
16.7667 146
16.7833 143
16.8 140
16.8167 137
16.8333 134
16.85 131
16.8667 128
16.8833 125
16.9 122
16.9167 118
16.9333 115
16.95 113
16.9667 110
16.9833 107
