8.0 75
8.0167 78
8.0333 80
8.05 83
8.0667 86
8.0833 89
8.1 91
8.1167 94
8.1333 97
8.15 100
8.1667 103
8.1833 106
8.2 108
8.2167 111
8.2333 114
8.25 117
8.2667 120
8.2833 123
8.3 126
8.3167 129
8.3333 132
8.35 135
8.3667 138
8.3833 141
8.4 144
8.4167 147
8.4333 151
8.45 154
8.4667 157
8.4833 160
8.5 163
8.5167 166
8.5333 169
8.55 172
8.5667 176
8.5833 179
8.6 182
8.6167 185
8.6333 188
8.65 192
8.6667 195
8.6833 198
8.7 201
8.7167 204
8.7333 208
8.75 211
8.7667 214
8.7833 217
8.8 220
8.8167 224
8.8333 227
8.85 230
8.8667 233
8.8833 236
8.9 240
8.9167 243
8.9333 246
8.95 249
8.9667 252
8.9833 255
9.0 259
9.0167 261
9.0333 264
9.05 268
9.0667 271
9.0833 274
9.1 277
9.1167 280
9.1333 283
9.15 287
9.1667 290
9.1833 293
9.2 296
9.2167 299
9.2333 302
9.25 305
9.2667 308
9.2833 312
9.3 315
9.3167 318
9.3333 321
9.35 324
9.3667 327
9.3833 330
9.4 333
9.4167 336
9.4333 339
9.45 342
9.4667 345
9.4833 348
9.5 351
9.5167 354
9.5333 357
9.55 360
9.5667 363
9.5833 366
9.6 369
9.6167 372
9.6333 375
9.65 378
9.6667 381
9.6833 384
9.7 386
9.7167 389
9.7333 392
9.75 395
9.7667 398
9.7833 401
9.8 404
9.8167 406
9.8333 409
9.85 412
9.8667 415
9.8833 417
9.9 420
9.9167 423
9.9333 426
9.95 428
9.9667 431
9.9833 434
10.0 436
10.0167 439
10.0333 442
10.05 444
10.0667 447
10.0833 450
10.1 452
10.1167 455
10.1333 457
10.15 460
10.1667 463
10.1833 465
10.2 468
10.2167 470
10.2333 473
10.25 475
10.2667 478
10.2833 480
10.3 482
10.3167 485
10.3333 487
10.35 490
10.3667 492
10.3833 494
10.4 497
10.4167 499
10.4333 501
10.45 504
10.4667 506
10.4833 508
10.5 511
10.5167 513
10.5333 515
10.55 517
10.5667 519
10.5833 522
10.6 524
10.6167 526
10.6333 528
10.65 530
10.6667 532
10.6833 534
10.7 537
10.7167 539
10.7333 541
10.75 543
10.7667 545
10.7833 547
10.8 549
10.8167 551
10.8333 553
10.85 554
10.8667 556
10.8833 558
10.9 560
10.9167 562
10.9333 564
10.95 566
10.9667 568
10.9833 569
11.0 571
11.0167 573
11.0333 575
11.05 576
11.0667 578
11.0833 580
11.1 581
11.1167 583
11.1333 585
11.15 586
11.1667 588
11.1833 590
11.2 591
11.2167 593
11.2333 594
11.25 596
11.2667 597
11.2833 599
11.3 600
11.3167 602
11.3333 603
11.35 605
11.3667 606
11.3833 607
11.4 609
11.4167 610
11.4333 611
11.45 613
11.4667 614
11.4833 615
11.5 617
11.5167 618
11.5333 619
11.55 620
11.5667 621
11.5833 623
11.6 624
11.6167 625
11.6333 626
11.65 627
11.6667 628
11.6833 629
11.7 630
11.7167 631
11.7333 632
11.75 633
11.7667 634
11.7833 635
11.8 636
11.8167 637
11.8333 638
11.85 639
11.8667 640
11.8833 640
11.9 641
11.9167 642
11.9333 643
11.95 643
11.9667 644
11.9833 645
12.0 646
12.0167 646
12.0333 647
12.05 648
12.0667 648
12.0833 649
12.1 649
12.1167 650
12.1333 651
12.15 651
12.1667 652
12.1833 652
12.2 653
12.2167 653
12.2333 653
12.25 654
12.2667 654
12.2833 655
12.3 655
12.3167 655
12.3333 656
12.35 656
12.3667 656
12.3833 657
12.4 657
12.4167 657
12.4333 657
12.45 657
12.4667 658
12.4833 658
12.5 658
12.5167 658
12.5333 658
12.55 658
12.5667 658
12.5833 658
12.6 658
12.6167 658
12.6333 658
12.65 658
12.6667 658
12.6833 658
12.7 658
12.7167 658
12.7333 658
12.75 657
12.7667 657
12.7833 657
12.8 657
12.8167 657
12.8333 656
12.85 656
12.8667 656
12.8833 655
12.9 655
12.9167 655
12.9333 654
12.95 654
12.9667 654
12.9833 653
13.0 653
13.0167 652
13.0333 652
13.05 651
13.0667 651
13.0833 650
13.1 650
13.1167 649
13.1333 648
13.15 648
13.1667 647
13.1833 647
13.2 646
13.2167 645
13.2333 645
13.25 644
13.2667 643
13.2833 642
13.3 641
13.3167 641
13.3333 640
13.35 639
13.3667 638
13.3833 637
13.4 636
13.4167 635
13.4333 635
13.45 634
13.4667 633
13.4833 632
13.5 631
13.5167 630
13.5333 628
13.55 627
13.5667 626
13.5833 625
13.6 624
13.6167 623
13.6333 622
13.65 621
13.6667 619
13.6833 618
13.7 617
13.7167 616
13.7333 614
13.75 613
13.7667 612
13.7833 611
13.8 609
13.8167 608
13.8333 607
13.85 605
13.8667 604
13.8833 602
13.9 601
13.9167 599
13.9333 598
13.95 596
13.9667 595
13.9833 593
14.0 592
14.0167 590
14.0333 589
14.05 587
14.0667 585
14.0833 584
14.1 582
14.1167 580
14.1333 579
14.15 577
14.1667 575
14.1833 574
14.2 572
14.2167 570
14.2333 568
14.25 566
14.2667 565
14.2833 563
14.3 561
14.3167 559
14.3333 557
14.35 555
14.3667 553
14.3833 551
14.4 549
14.4167 547
14.4333 545
14.45 543
14.4667 541
14.4833 539
14.5 537
14.5167 535
14.5333 533
14.55 531
14.5667 529
14.5833 527
14.6 525
14.6167 523
14.6333 520
14.65 518
14.6667 516
14.6833 514
14.7 511
14.7167 509
14.7333 507
14.75 505
14.7667 502
14.7833 500
14.8 498
14.8167 495
14.8333 493
14.85 491
14.8667 488
14.8833 486
14.9 483
14.9167 481
14.9333 479
14.95 476
14.9667 474
14.9833 471
15.0 469
15.0167 466
15.0333 464
15.05 461
15.0667 459
15.0833 456
15.1 453
15.1167 451
15.1333 448
15.15 446
15.1667 443
15.1833 440
15.2 438
15.2167 435
15.2333 432
15.25 430
15.2667 427
15.2833 424
15.3 422
15.3167 419
15.3333 416
15.35 413
15.3667 410
15.3833 408
15.4 405
15.4167 402
15.4333 399
15.45 396
15.4667 394
15.4833 391
15.5 388
15.5167 385
15.5333 382
15.55 379
15.5667 376
15.5833 373
15.6 370
15.6167 367
15.6333 365
15.65 362
15.6667 359
15.6833 356
15.7 353
15.7167 350
15.7333 347
15.75 344
15.7667 341
15.7833 338
15.8 335
15.8167 331
15.8333 328
15.85 325
15.8667 322
15.8833 319
15.9 316
15.9167 313
15.9333 310
15.95 307
15.9667 304
15.9833 301
16.0 298
16.0167 294
16.0333 291
16.05 288
16.0667 285
16.0833 282
16.1 279
16.1167 275
16.1333 272
16.15 269
16.1667 266
16.1833 263
16.2 260
16.2167 256
16.2333 253
16.25 250
16.2667 247
16.2833 244
16.3 241
16.3167 237
16.3333 234
16.35 231
16.3667 228
16.3833 225
16.4 221
16.4167 218
16.4333 215
16.45 212
16.4667 209
16.4833 205
16.5 202
16.5167 199
16.5333 196
16.55 193
16.5667 189
16.5833 186
16.6 183
16.6167 180
16.6333 177
16.65 174
16.6667 170
16.6833 167
16.7 164
16.7167 161
16.7333 158
16.75 155
16.7667 152
16.7833 148
16.8 145
16.8167 142
16.8333 139
16.85 136
16.8667 133
16.8833 130
16.9 127
16.9167 124
16.9333 121
16.95 118
16.9667 115
16.9833 112
