8.0 59
8.0167 62
8.0333 64
8.05 67
8.0667 70
8.0833 73
8.1 75
8.1167 78
8.1333 81
8.15 84
8.1667 87
8.1833 90
8.2 93
8.2167 96
8.2333 99
8.25 102
8.2667 105
8.2833 108
8.3 111
8.3167 114
8.3333 117
8.35 120
8.3667 123
8.3833 126
8.4 130
8.4167 133
8.4333 136
8.45 139
8.4667 142
8.4833 146
8.5 149
8.5167 152
8.5333 155
8.55 159
8.5667 162
8.5833 165
8.6 169
8.6167 172
8.6333 175
8.65 179
8.6667 182
8.6833 185
8.7 189
8.7167 192
8.7333 195
8.75 199
8.7667 202
8.7833 205
8.8 209
8.8167 212
8.8333 215
8.85 219
8.8667 222
8.8833 225
8.9 229
8.9167 232
8.9333 235
8.95 239
8.9667 242
8.9833 245
9.0 249
9.0167 252
9.0333 255
9.05 259
9.0667 262
9.0833 265
9.1 269
9.1167 272
9.1333 275
9.15 279
9.1667 282
9.1833 285
9.2 288
9.2167 292
9.2333 295
9.25 298
9.2667 302
9.2833 305
9.3 308
9.3167 311
9.3333 315
9.35 318
9.3667 321
9.3833 324
9.4 327
9.4167 331
9.4333 334
9.45 337
9.4667 340
9.4833 343
9.5 347
9.5167 350
9.5333 353
9.55 356
9.5667 359
9.5833 362
9.6 365
9.6167 369
9.6333 372
9.65 375
9.6667 378
9.6833 381
9.7 384
9.7167 387
9.7333 390
9.75 393
9.7667 396
9.7833 399
9.8 402
9.8167 405
9.8333 408
9.85 411
9.8667 414
9.8833 417
9.9 420
9.9167 423
9.9333 426
9.95 428
9.9667 431
9.9833 434
10.0 437
10.0167 440
10.0333 443
10.05 446
10.0667 448
10.0833 451
10.1 454
10.1167 457
10.1333 459
10.15 462
10.1667 465
10.1833 468
10.2 470
10.2167 473
10.2333 476
10.25 478
10.2667 481
10.2833 484
10.3 486
10.3167 489
10.3333 491
10.35 494
10.3667 497
10.3833 499
10.4 502
10.4167 504
10.4333 507
10.45 509
10.4667 512
10.4833 514
10.5 517
10.5167 519
10.5333 521
10.55 524
10.5667 526
10.5833 529
10.6 531
10.6167 533
10.6333 536
10.65 538
10.6667 540
10.6833 542
10.7 545
10.7167 547
10.7333 549
10.75 551
10.7667 554
10.7833 556
10.8 558
10.8167 560
10.8333 562
10.85 564
10.8667 566
10.8833 568
10.9 571
10.9167 573
10.9333 575
10.95 577
10.9667 579
10.9833 581
11.0 583
11.0167 585
11.0333 587
11.05 588
11.0667 590
11.0833 592
11.1 594
11.1167 596
11.1333 598
11.15 600
11.1667 601
11.1833 603
11.2 605
11.2167 607
11.2333 608
11.25 610
11.2667 612
11.2833 613
11.3 615
11.3167 617
11.3333 618
11.35 620
11.3667 622
11.3833 623
11.4 625
11.4167 626
11.4333 628
11.45 629
11.4667 631
11.4833 632
11.5 634
11.5167 635
11.5333 636
11.55 638
11.5667 639
11.5833 641
11.6 642
11.6167 643
11.6333 645
11.65 646
11.6667 647
11.6833 648
11.7 650
11.7167 651
11.7333 652
11.75 653
11.7667 654
11.7833 655
11.8 657
11.8167 658
11.8333 659
11.85 660
11.8667 661
11.8833 662
11.9 663
11.9167 664
11.9333 665
11.95 666
11.9667 667
11.9833 668
12.0 668
12.0167 669
12.0333 670
12.05 671
12.0667 672
12.0833 673
12.1 673
12.1167 674
12.1333 675
12.15 676
12.1667 676
12.1833 677
12.2 678
12.2167 678
12.2333 679
12.25 679
12.2667 680
12.2833 681
12.3 681
12.3167 682
12.3333 682
12.35 683
12.3667 683
12.3833 684
12.4 684
12.4167 684
12.4333 685
12.45 685
12.4667 685
12.4833 686
12.5 686
12.5167 686
12.5333 687
12.55 687
12.5667 687
12.5833 687
12.6 688
12.6167 688
12.6333 688
12.65 688
12.6667 688
12.6833 688
12.7 688
12.7167 688
12.7333 688
12.75 688
12.7667 688
12.7833 688
12.8 688
12.8167 688
12.8333 688
12.85 688
12.8667 688
12.8833 688
12.9 688
12.9167 688
12.9333 687
12.95 687
12.9667 687
12.9833 687
13.0 686
13.0167 686
13.0333 686
13.05 685
13.0667 685
13.0833 685
13.1 684
13.1167 684
13.1333 684
13.15 683
13.1667 683
13.1833 682
13.2 682
13.2167 681
13.2333 681
13.25 680
13.2667 679
13.2833 679
13.3 678
13.3167 678
13.3333 677
13.35 676
13.3667 676
13.3833 675
13.4 674
13.4167 673
13.4333 673
13.45 672
13.4667 671
13.4833 670
13.5 669
13.5167 668
13.5333 667
13.55 667
13.5667 666
13.5833 665
13.6 664
13.6167 663
13.6333 662
13.65 661
13.6667 660
13.6833 659
13.7 658
13.7167 656
13.7333 655
13.75 654
13.7667 653
13.7833 652
13.8 651
13.8167 650
13.8333 648
13.85 647
13.8667 646
13.8833 644
13.9 643
13.9167 642
13.9333 641
13.95 639
13.9667 638
13.9833 636
14.0 635
14.0167 634
14.0333 632
14.05 631
14.0667 629
14.0833 628
14.1 626
14.1167 625
14.1333 623
14.15 622
14.1667 620
14.1833 618
14.2 617
14.2167 615
14.2333 613
14.25 612
14.2667 610
14.2833 608
14.3 607
14.3167 605
14.3333 603
14.35 601
14.3667 599
14.3833 598
14.4 596
14.4167 594
14.4333 592
14.45 590
14.4667 588
14.4833 586
14.5 584
14.5167 583
14.5333 581
14.55 579
14.5667 577
14.5833 575
14.6 573
14.6167 570
14.6333 568
14.65 566
14.6667 564
14.6833 562
14.7 560
14.7167 558
14.7333 556
14.75 553
14.7667 551
14.7833 549
14.8 547
14.8167 545
14.8333 542
14.85 540
14.8667 538
14.8833 535
14.9 533
14.9167 531
14.9333 528
14.95 526
14.9667 524
14.9833 521
15.0 519
15.0167 517
15.0333 515
15.05 512
15.0667 510
15.0833 507
15.1 505
15.1167 502
15.1333 500
15.15 497
15.1667 495
15.1833 492
15.2 489
15.2167 487
15.2333 484
15.25 482
15.2667 479
15.2833 476
15.3 474
15.3167 471
15.3333 468
15.35 465
15.3667 463
15.3833 460
15.4 457
15.4167 454
15.4333 452
15.45 449
15.4667 446
15.4833 443
15.5 440
15.5167 438
15.5333 435
15.55 432
15.5667 429
15.5833 426
15.6 423
15.6167 420
15.6333 417
15.65 414
15.6667 412
15.6833 409
15.7 406
15.7167 403
15.7333 400
15.75 397
15.7667 394
15.7833 391
15.8 388
15.8167 384
15.8333 381
15.85 378
15.8667 375
15.8833 372
15.9 369
15.9167 366
15.9333 363
15.95 360
15.9667 357
15.9833 353
16.0 350
16.0167 347
16.0333 344
16.05 341
16.0667 338
16.0833 334
16.1 331
16.1167 328
16.1333 325
16.15 322
16.1667 318
16.1833 315
16.2 312
16.2167 309
16.2333 305
16.25 302
16.2667 299
16.2833 296
16.3 292
16.3167 289
16.3333 286
16.35 282
16.3667 279
16.3833 276
16.4 272
16.4167 269
16.4333 266
16.45 262
16.4667 259
16.4833 256
16.5 253
16.5167 249
16.5333 246
16.55 242
16.5667 239
16.5833 236
16.6 232
16.6167 229
16.6333 226
16.65 222
16.6667 219
16.6833 216
16.7 212
16.7167 209
16.7333 206
16.75 202
16.7667 199
16.7833 196
16.8 192
16.8167 189
16.8333 186
16.85 182
16.8667 179
16.8833 176
16.9 172
16.9167 169
16.9333 166
16.95 162
16.9667 159
16.9833 156
