8.0 58
8.0167 61
8.0333 64
8.05 66
8.0667 69
8.0833 72
8.1 75
8.1167 78
8.1333 81
8.15 84
8.1667 87
8.1833 90
8.2 93
8.2167 96
8.2333 99
8.25 102
8.2667 105
8.2833 108
8.3 111
8.3167 115
8.3333 118
8.35 121
8.3667 124
8.3833 127
8.4 131
8.4167 134
8.4333 137
8.45 141
8.4667 144
8.4833 147
8.5 151
8.5167 154
8.5333 157
8.55 161
8.5667 164
8.5833 168
8.6 171
8.6167 174
8.6333 178
8.65 181
8.6667 185
8.6833 188
8.7 192
8.7167 195
8.7333 198
8.75 202
8.7667 205
8.7833 209
8.8 212
8.8167 216
8.8333 219
8.85 223
8.8667 226
8.8833 230
8.9 233
8.9167 237
8.9333 240
8.95 243
8.9667 247
8.9833 250
9.0 254
9.0167 258
9.0333 261
9.05 265
9.0667 268
9.0833 271
9.1 275
9.1167 278
9.1333 282
9.15 285
9.1667 289
9.1833 292
9.2 295
9.2167 299
9.2333 302
9.25 306
9.2667 309
9.2833 313
9.3 316
9.3167 319
9.3333 323
9.35 326
9.3667 329
9.3833 333
9.4 336
9.4167 340
9.4333 343
9.45 346
9.4667 349
9.4833 353
9.5 356
9.5167 359
9.5333 363
9.55 366
9.5667 369
9.5833 373
9.6 376
9.6167 379
9.6333 382
9.65 385
9.6667 389
9.6833 392
9.7 395
9.7167 398
9.7333 401
9.75 405
9.7667 408
9.7833 411
9.8 414
9.8167 417
9.8333 420
9.85 423
9.8667 426
9.8833 430
9.9 433
9.9167 436
9.9333 439
9.95 442
9.9667 445
9.9833 448
10.0 451
10.0167 454
10.0333 457
10.05 460
10.0667 463
10.0833 466
10.1 469
10.1167 471
10.1333 474
10.15 477
10.1667 480
10.1833 483
10.2 486
10.2167 489
10.2333 491
10.25 494
10.2667 497
10.2833 500
10.3 503
10.3167 505
10.3333 508
10.35 511
10.3667 513
10.3833 516
10.4 519
10.4167 522
10.4333 524
10.45 527
10.4667 529
10.4833 532
10.5 535
10.5167 537
10.5333 540
10.55 542
10.5667 545
10.5833 547
10.6 550
10.6167 552
10.6333 555
10.65 557
10.6667 560
10.6833 562
10.7 565
10.7167 567
10.7333 569
10.75 572
10.7667 574
10.7833 576
10.8 579
10.8167 581
10.8333 583
10.85 585
10.8667 588
10.8833 590
10.9 592
10.9167 594
10.9333 597
10.95 599
10.9667 601
10.9833 603
11.0 605
11.0167 607
11.0333 609
11.05 611
11.0667 613
11.0833 615
11.1 617
11.1167 619
11.1333 621
11.15 623
11.1667 625
11.1833 627
11.2 629
11.2167 631
11.2333 633
11.25 635
11.2667 637
11.2833 638
11.3 640
11.3167 642
11.3333 644
11.35 646
11.3667 647
11.3833 649
11.4 651
11.4167 652
11.4333 654
11.45 656
11.4667 657
11.4833 659
11.5 661
11.5167 662
11.5333 664
11.55 665
11.5667 667
11.5833 668
11.6 670
11.6167 671
11.6333 673
11.65 674
11.6667 675
11.6833 677
11.7 678
11.7167 679
11.7333 681
11.75 682
11.7667 683
11.7833 685
11.8 686
11.8167 687
11.8333 688
11.85 690
11.8667 691
11.8833 692
11.9 693
11.9167 694
11.9333 695
11.95 696
11.9667 697
11.9833 698
12.0 700
12.0167 701
12.0333 702
12.05 702
12.0667 703
12.0833 704
12.1 705
12.1167 706
12.1333 707
12.15 708
12.1667 709
12.1833 710
12.2 710
12.2167 711
12.2333 712
12.25 713
12.2667 713
12.2833 714
12.3 715
12.3167 715
12.3333 716
12.35 717
12.3667 717
12.3833 718
12.4 718
12.4167 719
12.4333 719
12.45 720
12.4667 720
12.4833 721
12.5 721
12.5167 722
12.5333 722
12.55 723
12.5667 723
12.5833 723
12.6 724
12.6167 724
12.6333 724
12.65 724
12.6667 725
12.6833 725
12.7 725
12.7167 725
12.7333 725
12.75 726
12.7667 726
12.7833 726
12.8 726
12.8167 726
12.8333 726
12.85 726
12.8667 726
12.8833 726
12.9 726
12.9167 726
12.9333 726
12.95 726
12.9667 726
12.9833 726
13.0 725
13.0167 725
13.0333 725
13.05 725
13.0667 725
13.0833 724
13.1 724
13.1167 724
13.1333 723
13.15 723
13.1667 723
13.1833 722
13.2 722
13.2167 722
13.2333 721
13.25 721
13.2667 720
13.2833 720
13.3 719
13.3167 719
13.3333 718
13.35 718
13.3667 717
13.3833 716
13.4 716
13.4167 715
13.4333 714
13.45 714
13.4667 713
13.4833 712
13.5 712
13.5167 711
13.5333 710
13.55 709
13.5667 708
13.5833 708
13.6 707
13.6167 706
13.6333 705
13.65 704
13.6667 703
13.6833 702
13.7 701
13.7167 700
13.7333 699
13.75 698
13.7667 697
13.7833 696
13.8 695
13.8167 694
13.8333 693
13.85 692
13.8667 690
13.8833 689
13.9 688
13.9167 687
13.9333 686
13.95 684
13.9667 683
13.9833 682
14.0 680
14.0167 679
14.0333 678
14.05 676
14.0667 675
14.0833 673
14.1 672
14.1167 671
14.1333 669
14.15 668
14.1667 666
14.1833 665
14.2 663
14.2167 662
14.2333 660
14.25 658
14.2667 657
14.2833 655
14.3 653
14.3167 652
14.3333 650
14.35 648
14.3667 647
14.3833 645
14.4 643
14.4167 641
14.4333 640
14.45 638
14.4667 636
14.4833 634
14.5 632
14.5167 630
14.5333 628
14.55 627
14.5667 625
14.5833 623
14.6 621
14.6167 619
14.6333 617
14.65 615
14.6667 613
14.6833 611
14.7 609
14.7167 606
14.7333 604
14.75 602
14.7667 600
14.7833 598
14.8 596
14.8167 594
14.8333 591
14.85 589
14.8667 587
14.8833 585
14.9 582
14.9167 580
14.9333 578
14.95 575
14.9667 573
14.9833 571
15.0 569
15.0167 567
15.0333 565
15.05 562
15.0667 560
15.0833 557
15.1 555
15.1167 552
15.1333 550
15.15 547
15.1667 545
15.1833 542
15.2 540
15.2167 537
15.2333 535
15.25 532
15.2667 529
15.2833 527
15.3 524
15.3167 521
15.3333 519
15.35 516
15.3667 513
15.3833 511
15.4 508
15.4167 505
15.4333 502
15.45 500
15.4667 497
15.4833 494
15.5 491
15.5167 489
15.5333 486
15.55 483
15.5667 480
15.5833 477
15.6 474
15.6167 471
15.6333 468
15.65 465
15.6667 463
15.6833 460
15.7 457
15.7167 454
15.7333 451
15.75 448
15.7667 445
15.7833 442
15.8 439
15.8167 435
15.8333 432
15.85 429
15.8667 426
15.8833 423
15.9 420
15.9167 417
15.9333 414
15.95 411
15.9667 408
15.9833 404
16.0 401
16.0167 398
16.0333 395
16.05 392
16.0667 388
16.0833 385
16.1 382
16.1167 379
16.1333 375
16.15 372
16.1667 369
16.1833 366
16.2 362
16.2167 359
16.2333 356
16.25 352
16.2667 349
16.2833 346
16.3 343
16.3167 339
16.3333 336
16.35 332
16.3667 329
16.3833 326
16.4 322
16.4167 319
16.4333 316
16.45 312
16.4667 309
16.4833 305
16.5 302
16.5167 299
16.5333 295
16.55 292
16.5667 288
16.5833 285
16.6 281
16.6167 278
16.6333 275
16.65 271
16.6667 268
16.6833 264
16.7 261
16.7167 257
16.7333 254
16.75 250
16.7667 247
16.7833 243
16.8 240
16.8167 236
16.8333 233
16.85 229
16.8667 226
16.8833 223
16.9 219
16.9167 216
16.9333 212
16.95 209
16.9667 205
16.9833 202
