8.0 58
8.0167 61
8.0333 64
8.05 66
8.0667 69
8.0833 72
8.1 75
8.1167 78
8.1333 81
8.15 84
8.1667 87
8.1833 90
8.2 93
8.2167 96
8.2333 99
8.25 102
8.2667 105
8.2833 108
8.3 111
8.3167 114
8.3333 118
8.35 121
8.3667 124
8.3833 127
8.4 131
8.4167 134
8.4333 137
8.45 140
8.4667 144
8.4833 147
8.5 150
8.5167 154
8.5333 157
8.55 160
8.5667 164
8.5833 167
8.6 170
8.6167 174
8.6333 177
8.65 181
8.6667 184
8.6833 187
8.7 191
8.7167 194
8.7333 198
8.75 201
8.7667 205
8.7833 208
8.8 211
8.8167 215
8.8333 218
8.85 222
8.8667 225
8.8833 228
8.9 232
8.9167 235
8.9333 239
8.95 242
8.9667 246
8.9833 249
9.0 252
9.0167 256
9.0333 259
9.05 263
9.0667 266
9.0833 269
9.1 273
9.1167 276
9.1333 280
9.15 283
9.1667 286
9.1833 290
9.2 293
9.2167 297
9.2333 300
9.25 303
9.2667 307
9.2833 310
9.3 313
9.3167 317
9.3333 320
9.35 323
9.3667 327
9.3833 330
9.4 333
9.4167 336
9.4333 340
9.45 343
9.4667 346
9.4833 349
9.5 353
9.5167 356
9.5333 359
9.55 362
9.5667 366
9.5833 369
9.6 372
9.6167 375
9.6333 378
9.65 381
9.6667 385
9.6833 388
9.7 391
9.7167 394
9.7333 397
9.75 400
9.7667 403
9.7833 406
9.8 409
9.8167 412
9.8333 416
9.85 419
9.8667 422
9.8833 425
9.9 428
9.9167 431
9.9333 434
9.95 437
9.9667 439
9.9833 442
10.0 445
10.0167 448
10.0333 451
10.05 454
10.0667 457
10.0833 460
10.1 463
10.1167 465
10.1333 468
10.15 471
10.1667 474
10.1833 477
10.2 479
10.2167 482
10.2333 485
10.25 488
10.2667 490
10.2833 493
10.3 496
10.3167 498
10.3333 501
10.35 504
10.3667 506
10.3833 509
10.4 512
10.4167 514
10.4333 517
10.45 519
10.4667 522
10.4833 524
10.5 527
10.5167 529
10.5333 532
10.55 534
10.5667 537
10.5833 539
10.6 542
10.6167 544
10.6333 547
10.65 549
10.6667 551
10.6833 554
10.7 556
10.7167 558
10.7333 561
10.75 563
10.7667 565
10.7833 567
10.8 570
10.8167 572
10.8333 574
10.85 576
10.8667 578
10.8833 581
10.9 583
10.9167 585
10.9333 587
10.95 589
10.9667 591
10.9833 593
11.0 595
11.0167 597
11.0333 599
11.05 601
11.0667 603
11.0833 605
11.1 607
11.1167 609
11.1333 611
11.15 613
11.1667 615
11.1833 616
11.2 618
11.2167 620
11.2333 622
11.25 624
11.2667 625
11.2833 627
11.3 629
11.3167 631
11.3333 632
11.35 634
11.3667 636
11.3833 637
11.4 639
11.4167 641
11.4333 642
11.45 644
11.4667 645
11.4833 647
11.5 648
11.5167 650
11.5333 651
11.55 653
11.5667 654
11.5833 656
11.6 657
11.6167 658
11.6333 660
11.65 661
11.6667 662
11.6833 664
11.7 665
11.7167 666
11.7333 668
11.75 669
11.7667 670
11.7833 671
11.8 672
11.8167 674
11.8333 675
11.85 676
11.8667 677
11.8833 678
11.9 679
11.9167 680
11.9333 681
11.95 682
11.9667 683
11.9833 684
12.0 685
12.0167 686
12.0333 687
12.05 688
12.0667 689
12.0833 690
12.1 690
12.1167 691
12.1333 692
12.15 693
12.1667 694
12.1833 694
12.2 695
12.2167 696
12.2333 696
12.25 697
12.2667 698
12.2833 698
12.3 699
12.3167 700
12.3333 700
12.35 701
12.3667 701
12.3833 702
12.4 702
12.4167 703
12.4333 703
12.45 704
12.4667 704
12.4833 704
12.5 705
12.5167 705
12.5333 705
12.55 706
12.5667 706
12.5833 706
12.6 707
12.6167 707
12.6333 707
12.65 707
12.6667 707
12.6833 708
12.7 708
12.7167 708
12.7333 708
12.75 708
12.7667 708
12.7833 708
12.8 708
12.8167 708
12.8333 708
12.85 708
12.8667 708
12.8833 708
12.9 708
12.9167 708
12.9333 708
12.95 707
12.9667 707
12.9833 707
13.0 707
13.0167 707
13.0333 706
13.05 706
13.0667 706
13.0833 705
13.1 705
13.1167 705
13.1333 704
13.15 704
13.1667 704
13.1833 703
13.2 703
13.2167 702
13.2333 702
13.25 701
13.2667 701
13.2833 700
13.3 700
13.3167 699
13.3333 698
13.35 698
13.3667 697
13.3833 697
13.4 696
13.4167 695
13.4333 694
13.45 694
13.4667 693
13.4833 692
13.5 691
13.5167 691
13.5333 690
13.55 689
13.5667 688
13.5833 687
13.6 686
13.6167 685
13.6333 684
13.65 683
13.6667 682
13.6833 681
13.7 680
13.7167 679
13.7333 678
13.75 677
13.7667 676
13.7833 675
13.8 674
13.8167 673
13.8333 671
13.85 670
13.8667 669
13.8833 668
13.9 666
13.9167 665
13.9333 664
13.95 663
13.9667 661
13.9833 660
14.0 659
14.0167 657
14.0333 656
14.05 654
14.0667 653
14.0833 651
14.1 650
14.1167 648
14.1333 647
14.15 645
14.1667 644
14.1833 642
14.2 641
14.2167 639
14.2333 637
14.25 636
14.2667 634
14.2833 633
14.3 631
14.3167 629
14.3333 627
14.35 626
14.3667 624
14.3833 622
14.4 620
14.4167 619
14.4333 617
14.45 615
14.4667 613
14.4833 611
14.5 609
14.5167 607
14.5333 605
14.55 603
14.5667 601
14.5833 599
14.6 597
14.6167 595
14.6333 593
14.65 591
14.6667 589
14.6833 587
14.7 585
14.7167 583
14.7333 581
14.75 579
14.7667 576
14.7833 574
14.8 572
14.8167 570
14.8333 568
14.85 565
14.8667 563
14.8833 561
14.9 559
14.9167 556
14.9333 554
14.95 552
14.9667 549
14.9833 547
15.0 545
15.0167 543
15.0333 540
15.05 538
15.0667 535
15.0833 533
15.1 530
15.1167 528
15.1333 525
15.15 523
15.1667 520
15.1833 518
15.2 515
15.2167 513
15.2333 510
15.25 507
15.2667 505
15.2833 502
15.3 500
15.3167 497
15.3333 494
15.35 491
15.3667 489
15.3833 486
15.4 483
15.4167 481
15.4333 478
15.45 475
15.4667 472
15.4833 469
15.5 467
15.5167 464
15.5333 461
15.55 458
15.5667 455
15.5833 452
15.6 449
15.6167 446
15.6333 443
15.65 441
15.6667 438
15.6833 435
15.7 432
15.7167 429
15.7333 426
15.75 423
15.7667 420
15.7833 417
15.8 414
15.8167 411
15.8333 407
15.85 404
15.8667 401
15.8833 398
15.9 395
15.9167 392
15.9333 389
15.95 386
15.9667 383
15.9833 379
16.0 376
16.0167 373
16.0333 370
16.05 367
16.0667 363
16.0833 360
16.1 357
16.1167 354
16.1333 351
16.15 347
16.1667 344
16.1833 341
16.2 337
16.2167 334
16.2333 331
16.25 328
16.2667 324
16.2833 321
16.3 318
16.3167 314
16.3333 311
16.35 308
16.3667 304
16.3833 301
16.4 298
16.4167 294
16.4333 291
16.45 288
16.4667 284
16.4833 281
16.5 277
16.5167 274
16.5333 271
16.55 267
16.5667 264
16.5833 260
16.6 257
16.6167 254
16.6333 250
16.65 247
16.6667 243
16.6833 240
16.7 236
16.7167 233
16.7333 230
16.75 226
16.7667 223
16.7833 219
16.8 216
16.8167 212
16.8333 209
16.85 206
16.8667 202
16.8833 199
16.9 195
16.9167 192
16.9333 189
16.95 185
16.9667 182
16.9833 178
