8.0 78
8.0167 81
8.0333 84
8.05 87
8.0667 91
8.0833 94
8.1 97
8.1167 100
8.1333 104
8.15 107
8.1667 111
8.1833 114
8.2 118
8.2167 121
8.2333 124
8.25 128
8.2667 132
8.2833 135
8.3 139
8.3167 143
8.3333 146
8.35 150
8.3667 153
8.3833 157
8.4 160
8.4167 164
8.4333 168
8.45 171
8.4667 175
8.4833 179
8.5 182
8.5167 186
8.5333 190
8.55 193
8.5667 197
8.5833 201
8.6 204
8.6167 208
8.6333 212
8.65 216
8.6667 219
8.6833 223
8.7 227
8.7167 230
8.7333 234
8.75 238
8.7667 242
8.7833 245
8.8 249
8.8167 253
8.8333 256
8.85 260
8.8667 264
8.8833 267
8.9 271
8.9167 275
8.9333 279
8.95 282
8.9667 286
8.9833 290
9.0 293
9.0167 298
9.0333 301
9.05 305
9.0667 309
9.0833 312
9.1 316
9.1167 319
9.1333 323
9.15 327
9.1667 330
9.1833 334
9.2 338
9.2167 341
9.2333 345
9.25 348
9.2667 352
9.2833 356
9.3 359
9.3167 363
9.3333 366
9.35 370
9.3667 373
9.3833 377
9.4 380
9.4167 384
9.4333 387
9.45 391
9.4667 394
9.4833 398
9.5 401
9.5167 405
9.5333 408
9.55 412
9.5667 415
9.5833 419
9.6 422
9.6167 425
9.6333 429
9.65 432
9.6667 436
9.6833 439
9.7 442
9.7167 446
9.7333 449
9.75 452
9.7667 456
9.7833 459
9.8 462
9.8167 465
9.8333 469
9.85 472
9.8667 475
9.8833 478
9.9 482
9.9167 485
9.9333 488
9.95 491
9.9667 494
9.9833 497
10.0 501
10.0167 504
10.0333 507
10.05 510
10.0667 513
10.0833 516
10.1 519
10.1167 522
10.1333 525
10.15 528
10.1667 531
10.1833 534
10.2 537
10.2167 540
10.2333 543
10.25 546
10.2667 549
10.2833 552
10.3 555
10.3167 557
10.3333 560
10.35 563
10.3667 566
10.3833 569
10.4 572
10.4167 574
10.4333 577
10.45 580
10.4667 583
10.4833 585
10.5 588
10.5167 591
10.5333 593
10.55 596
10.5667 599
10.5833 601
10.6 604
10.6167 607
10.6333 609
10.65 612
10.6667 614
10.6833 617
10.7 619
10.7167 622
10.7333 624
10.75 627
10.7667 629
10.7833 632
10.8 634
10.8167 637
10.8333 639
10.85 641
10.8667 644
10.8833 646
10.9 648
10.9167 651
10.9333 653
10.95 655
10.9667 657
10.9833 660
11.0 662
11.0167 664
11.0333 666
11.05 668
11.0667 671
11.0833 673
11.1 675
11.1167 677
11.1333 679
11.15 681
11.1667 683
11.1833 685
11.2 687
11.2167 689
11.2333 691
11.25 693
11.2667 695
11.2833 697
11.3 699
11.3167 701
11.3333 703
11.35 704
11.3667 706
11.3833 708
11.4 710
11.4167 712
11.4333 713
11.45 715
11.4667 717
11.4833 719
11.5 720
11.5167 722
11.5333 724
11.55 725
11.5667 727
11.5833 728
11.6 730
11.6167 731
11.6333 733
11.65 735
11.6667 736
11.6833 737
11.7 739
11.7167 740
11.7333 742
11.75 743
11.7667 745
11.7833 746
11.8 747
11.8167 749
11.8333 750
11.85 751
11.8667 752
11.8833 754
11.9 755
11.9167 756
11.9333 757
11.95 758
11.9667 760
11.9833 761
12.0 762
12.0167 763
12.0333 764
12.05 765
12.0667 766
12.0833 767
12.1 768
12.1167 769
12.1333 770
12.15 771
12.1667 772
12.1833 773
12.2 774
12.2167 774
12.2333 775
12.25 776
12.2667 777
12.2833 778
12.3 778
12.3167 779
12.3333 780
12.35 780
12.3667 781
12.3833 782
12.4 782
12.4167 783
12.4333 784
12.45 784
12.4667 785
12.4833 785
12.5 786
12.5167 786
12.5333 787
12.55 787
12.5667 788
12.5833 788
12.6 788
12.6167 789
12.6333 789
12.65 789
12.6667 790
12.6833 790
12.7 790
12.7167 791
12.7333 791
12.75 791
12.7667 791
12.7833 791
12.8 792
12.8167 792
12.8333 792
12.85 792
12.8667 792
12.8833 792
12.9 792
12.9167 792
12.9333 792
12.95 792
12.9667 792
12.9833 792
13.0 792
13.0167 792
13.0333 791
13.05 791
13.0667 791
13.0833 791
13.1 791
13.1167 790
13.1333 790
13.15 790
13.1667 790
13.1833 789
13.2 789
13.2167 789
13.2333 788
13.25 788
13.2667 787
13.2833 787
13.3 786
13.3167 786
13.3333 785
13.35 785
13.3667 784
13.3833 784
13.4 783
13.4167 783
13.4333 782
13.45 781
13.4667 781
13.4833 780
13.5 779
13.5167 779
13.5333 778
13.55 777
13.5667 776
13.5833 776
13.6 775
13.6167 774
13.6333 773
13.65 772
13.6667 771
13.6833 770
13.7 769
13.7167 768
13.7333 767
13.75 766
13.7667 765
13.7833 764
13.8 763
13.8167 762
13.8333 761
13.85 760
13.8667 759
13.8833 758
13.9 756
13.9167 755
13.9333 754
13.95 753
13.9667 752
13.9833 750
14.0 749
14.0167 748
14.0333 746
14.05 745
14.0667 744
14.0833 742
14.1 741
14.1167 739
14.1333 738
14.15 736
14.1667 735
14.1833 733
14.2 732
14.2167 730
14.2333 729
14.25 727
14.2667 726
14.2833 724
14.3 722
14.3167 721
14.3333 719
14.35 717
14.3667 716
14.3833 714
14.4 712
14.4167 710
14.4333 709
14.45 707
14.4667 705
14.4833 703
14.5 701
14.5167 699
14.5333 698
14.55 696
14.5667 694
14.5833 692
14.6 690
14.6167 688
14.6333 686
14.65 684
14.6667 682
14.6833 680
14.7 678
14.7167 676
14.7333 673
14.75 671
14.7667 669
14.7833 667
14.8 665
14.8167 663
14.8333 660
14.85 658
14.8667 656
14.8833 654
14.9 651
14.9167 649
14.9333 647
14.95 644
14.9667 642
14.9833 640
15.0 638
15.0167 636
15.0333 634
15.05 631
15.0667 629
15.0833 626
15.1 624
15.1167 621
15.1333 619
15.15 616
15.1667 614
15.1833 611
15.2 608
15.2167 606
15.2333 603
15.25 601
15.2667 598
15.2833 595
15.3 593
15.3167 590
15.3333 587
15.35 585
15.3667 582
15.3833 579
15.4 576
15.4167 573
15.4333 571
15.45 568
15.4667 565
15.4833 562
15.5 559
15.5167 556
15.5333 554
15.55 551
15.5667 548
15.5833 545
15.6 542
15.6167 539
15.6333 536
15.65 533
15.6667 530
15.6833 527
15.7 524
15.7167 521
15.7333 518
15.75 515
15.7667 512
15.7833 509
15.8 506
15.8167 502
15.8333 499
15.85 496
15.8667 493
15.8833 490
15.9 487
15.9167 483
15.9333 480
15.95 477
15.9667 474
15.9833 471
16.0 467
16.0167 464
16.0333 461
16.05 457
16.0667 454
16.0833 451
16.1 448
16.1167 444
16.1333 441
16.15 438
16.1667 434
16.1833 431
16.2 427
16.2167 424
16.2333 421
16.25 417
16.2667 414
16.2833 410
16.3 407
16.3167 403
16.3333 400
16.35 396
16.3667 393
16.3833 389
16.4 386
16.4167 382
16.4333 379
16.45 375
16.4667 372
16.4833 368
16.5 365
16.5167 361
16.5333 358
16.55 354
16.5667 350
16.5833 347
16.6 343
16.6167 340
16.6333 336
16.65 332
16.6667 329
16.6833 325
16.7 321
16.7167 318
16.7333 314
16.75 311
16.7667 307
16.7833 303
16.8 300
16.8167 296
16.8333 292
16.85 289
16.8667 285
16.8833 281
16.9 277
16.9167 274
16.9333 270
16.95 266
16.9667 263
16.9833 259
