8.0 77
8.0167 80
8.0333 83
8.05 87
8.0667 90
8.0833 93
8.1 97
8.1167 100
8.1333 103
8.15 107
8.1667 110
8.1833 114
8.2 117
8.2167 121
8.2333 124
8.25 128
8.2667 131
8.2833 135
8.3 139
8.3167 142
8.3333 146
8.35 150
8.3667 153
8.3833 157
8.4 161
8.4167 164
8.4333 168
8.45 172
8.4667 175
8.4833 179
8.5 183
8.5167 186
8.5333 190
8.55 194
8.5667 197
8.5833 201
8.6 205
8.6167 209
8.6333 212
8.65 216
8.6667 220
8.6833 223
8.7 227
8.7167 231
8.7333 235
8.75 238
8.7667 242
8.7833 246
8.8 250
8.8167 253
8.8333 257
8.85 261
8.8667 264
8.8833 268
8.9 272
8.9167 275
8.9333 279
8.95 283
8.9667 287
8.9833 290
9.0 294
9.0167 298
9.0333 302
9.05 305
9.0667 309
9.0833 313
9.1 316
9.1167 320
9.1333 324
9.15 327
9.1667 331
9.1833 335
9.2 338
9.2167 342
9.2333 345
9.25 349
9.2667 352
9.2833 356
9.3 360
9.3167 363
9.3333 367
9.35 370
9.3667 374
9.3833 377
9.4 381
9.4167 384
9.4333 388
9.45 391
9.4667 395
9.4833 398
9.5 402
9.5167 405
9.5333 409
9.55 412
9.5667 415
9.5833 419
9.6 422
9.6167 426
9.6333 429
9.65 432
9.6667 436
9.6833 439
9.7 442
9.7167 446
9.7333 449
9.75 452
9.7667 456
9.7833 459
9.8 462
9.8167 465
9.8333 469
9.85 472
9.8667 475
9.8833 478
9.9 481
9.9167 485
9.9333 488
9.95 491
9.9667 494
9.9833 497
10.0 500
10.0167 503
10.0333 507
10.05 510
10.0667 513
10.0833 516
10.1 519
10.1167 522
10.1333 525
10.15 528
10.1667 531
10.1833 534
10.2 537
10.2167 540
10.2333 543
10.25 545
10.2667 548
10.2833 551
10.3 554
10.3167 557
10.3333 560
10.35 563
10.3667 565
10.3833 568
10.4 571
10.4167 574
10.4333 576
10.45 579
10.4667 582
10.4833 585
10.5 587
10.5167 590
10.5333 593
10.55 595
10.5667 598
10.5833 601
10.6 603
10.6167 606
10.6333 608
10.65 611
10.6667 613
10.6833 616
10.7 618
10.7167 621
10.7333 623
10.75 626
10.7667 628
10.7833 631
10.8 633
10.8167 635
10.8333 638
10.85 640
10.8667 642
10.8833 645
10.9 647
10.9167 649
10.9333 652
10.95 654
10.9667 656
10.9833 658
11.0 660
11.0167 663
11.0333 665
11.05 667
11.0667 669
11.0833 671
11.1 673
11.1167 675
11.1333 677
11.15 679
11.1667 681
11.1833 683
11.2 685
11.2167 687
11.2333 689
11.25 691
11.2667 693
11.2833 695
11.3 697
11.3167 699
11.3333 701
11.35 703
11.3667 704
11.3833 706
11.4 708
11.4167 710
11.4333 711
11.45 713
11.4667 715
11.4833 717
11.5 718
11.5167 720
11.5333 721
11.55 723
11.5667 725
11.5833 726
11.6 728
11.6167 729
11.6333 731
11.65 732
11.6667 734
11.6833 735
11.7 737
11.7167 738
11.7333 739
11.75 741
11.7667 742
11.7833 743
11.8 745
11.8167 746
11.8333 747
11.85 749
11.8667 750
11.8833 751
11.9 752
11.9167 754
11.9333 755
11.95 756
11.9667 757
11.9833 758
12.0 759
12.0167 760
12.0333 761
12.05 762
12.0667 763
12.0833 764
12.1 765
12.1167 766
12.1333 767
12.15 768
12.1667 769
12.1833 770
12.2 771
12.2167 771
12.2333 772
12.25 773
12.2667 774
12.2833 775
12.3 775
12.3167 776
12.3333 777
12.35 777
12.3667 778
12.3833 779
12.4 779
12.4167 780
12.4333 780
12.45 781
12.4667 782
12.4833 782
12.5 783
12.5167 783
12.5333 783
12.55 784
12.5667 784
12.5833 785
12.6 785
12.6167 785
12.6333 786
12.65 786
12.6667 786
12.6833 787
12.7 787
12.7167 787
12.7333 787
12.75 788
12.7667 788
12.7833 788
12.8 788
12.8167 788
12.8333 788
12.85 788
12.8667 788
12.8833 788
12.9 788
12.9167 788
12.9333 788
12.95 788
12.9667 788
12.9833 788
13.0 788
13.0167 788
13.0333 788
13.05 788
13.0667 787
13.0833 787
13.1 787
13.1167 787
13.1333 786
13.15 786
13.1667 786
13.1833 785
13.2 785
13.2167 785
13.2333 784
13.25 784
13.2667 783
13.2833 783
13.3 782
13.3167 782
13.3333 781
13.35 781
13.3667 780
13.3833 780
13.4 779
13.4167 779
13.4333 778
13.45 777
13.4667 777
13.4833 776
13.5 775
13.5167 774
13.5333 774
13.55 773
13.5667 772
13.5833 771
13.6 771
13.6167 770
13.6333 769
13.65 768
13.6667 767
13.6833 766
13.7 765
13.7167 764
13.7333 763
13.75 762
13.7667 761
13.7833 760
13.8 759
13.8167 758
13.8333 757
13.85 756
13.8667 754
13.8833 753
13.9 752
13.9167 751
13.9333 750
13.95 748
13.9667 747
13.9833 746
14.0 745
14.0167 743
14.0333 742
14.05 741
14.0667 739
14.0833 738
14.1 736
14.1167 735
14.1333 733
14.15 732
14.1667 731
14.1833 729
14.2 727
14.2167 726
14.2333 724
14.25 723
14.2667 721
14.2833 720
14.3 718
14.3167 716
14.3333 715
14.35 713
14.3667 711
14.3833 709
14.4 708
14.4167 706
14.4333 704
14.45 702
14.4667 700
14.4833 699
14.5 697
14.5167 695
14.5333 693
14.55 691
14.5667 689
14.5833 687
14.6 685
14.6167 683
14.6333 681
14.65 679
14.6667 677
14.6833 675
14.7 673
14.7167 671
14.7333 669
14.75 667
14.7667 664
14.7833 662
14.8 660
14.8167 658
14.8333 656
14.85 653
14.8667 651
14.8833 649
14.9 647
14.9167 644
14.9333 642
14.95 640
14.9667 637
14.9833 635
15.0 634
15.0167 631
15.0333 629
15.05 626
15.0667 624
15.0833 621
15.1 619
15.1167 616
15.1333 614
15.15 611
15.1667 609
15.1833 606
15.2 604
15.2167 601
15.2333 598
15.25 596
15.2667 593
15.2833 591
15.3 588
15.3167 585
15.3333 582
15.35 580
15.3667 577
15.3833 574
15.4 571
15.4167 569
15.4333 566
15.45 563
15.4667 560
15.4833 557
15.5 555
15.5167 552
15.5333 549
15.55 546
15.5667 543
15.5833 540
15.6 537
15.6167 534
15.6333 531
15.65 528
15.6667 525
15.6833 522
15.7 519
15.7167 516
15.7333 513
15.75 510
15.7667 507
15.7833 504
15.8 501
15.8167 498
15.8333 495
15.85 491
15.8667 488
15.8833 485
15.9 482
15.9167 479
15.9333 476
15.95 472
15.9667 469
15.9833 466
16.0 463
16.0167 459
16.0333 456
16.05 453
16.0667 449
16.0833 446
16.1 443
16.1167 439
16.1333 436
16.15 433
16.1667 429
16.1833 426
16.2 423
16.2167 419
16.2333 416
16.25 412
16.2667 409
16.2833 406
16.3 402
16.3167 399
16.3333 395
16.35 392
16.3667 388
16.3833 385
16.4 381
16.4167 378
16.4333 374
16.45 371
16.4667 367
16.4833 364
16.5 360
16.5167 356
16.5333 353
16.55 349
16.5667 346
16.5833 342
16.6 338
16.6167 335
16.6333 331
16.65 328
16.6667 324
16.6833 320
16.7 317
16.7167 313
16.7333 309
16.75 306
16.7667 302
16.7833 298
16.8 295
16.8167 291
16.8333 287
16.85 284
16.8667 280
16.8833 276
16.9 273
16.9167 269
16.9333 265
16.95 261
16.9667 258
16.9833 254
