8.0 68
8.0167 71
8.0333 74
8.05 77
8.0667 80
8.0833 83
8.1 87
8.1167 90
8.1333 93
8.15 96
8.1667 99
8.1833 103
8.2 106
8.2167 109
8.2333 113
8.25 116
8.2667 119
8.2833 123
8.3 126
8.3167 129
8.3333 133
8.35 136
8.3667 140
8.3833 143
8.4 147
8.4167 150
8.4333 154
8.45 157
8.4667 161
8.4833 164
8.5 168
8.5167 171
8.5333 175
8.55 178
8.5667 182
8.5833 185
8.6 189
8.6167 192
8.6333 196
8.65 199
8.6667 203
8.6833 206
8.7 210
8.7167 214
8.7333 217
8.75 221
8.7667 224
8.7833 228
8.8 231
8.8167 235
8.8333 238
8.85 242
8.8667 245
8.8833 249
8.9 252
8.9167 256
8.9333 259
8.95 263
8.9667 266
8.9833 270
9.0 273
9.0167 277
9.0333 280
9.05 284
9.0667 287
9.0833 291
9.1 294
9.1167 298
9.1333 301
9.15 304
9.1667 308
9.1833 311
9.2 315
9.2167 318
9.2333 322
9.25 325
9.2667 328
9.2833 332
9.3 335
9.3167 338
9.3333 342
9.35 345
9.3667 348
9.3833 352
9.4 355
9.4167 358
9.4333 362
9.45 365
9.4667 368
9.4833 372
9.5 375
9.5167 378
9.5333 381
9.55 385
9.5667 388
9.5833 391
9.6 394
9.6167 398
9.6333 401
9.65 404
9.6667 407
9.6833 410
9.7 413
9.7167 416
9.7333 420
9.75 423
9.7667 426
9.7833 429
9.8 432
9.8167 435
9.8333 438
9.85 441
9.8667 444
9.8833 447
9.9 450
9.9167 453
9.9333 456
9.95 459
9.9667 462
9.9833 465
10.0 468
10.0167 471
10.0333 474
10.05 477
10.0667 479
10.0833 482
10.1 485
10.1167 488
10.1333 491
10.15 494
10.1667 496
10.1833 499
10.2 502
10.2167 505
10.2333 507
10.25 510
10.2667 513
10.2833 516
10.3 518
10.3167 521
10.3333 524
10.35 526
10.3667 529
10.3833 531
10.4 534
10.4167 537
10.4333 539
10.45 542
10.4667 544
10.4833 547
10.5 549
10.5167 552
10.5333 554
10.55 557
10.5667 559
10.5833 562
10.6 564
10.6167 566
10.6333 569
10.65 571
10.6667 573
10.6833 576
10.7 578
10.7167 580
10.7333 583
10.75 585
10.7667 587
10.7833 589
10.8 592
10.8167 594
10.8333 596
10.85 598
10.8667 600
10.8833 602
10.9 605
10.9167 607
10.9333 609
10.95 611
10.9667 613
10.9833 615
11.0 617
11.0167 619
11.0333 621
11.05 623
11.0667 625
11.0833 627
11.1 629
11.1167 631
11.1333 632
11.15 634
11.1667 636
11.1833 638
11.2 640
11.2167 642
11.2333 643
11.25 645
11.2667 647
11.2833 649
11.3 650
11.3167 652
11.3333 654
11.35 655
11.3667 657
11.3833 658
11.4 660
11.4167 662
11.4333 663
11.45 665
11.4667 666
11.4833 668
11.5 669
11.5167 671
11.5333 672
11.55 674
11.5667 675
11.5833 676
11.6 678
11.6167 679
11.6333 680
11.65 682
11.6667 683
11.6833 684
11.7 686
11.7167 687
11.7333 688
11.75 689
11.7667 690
11.7833 692
11.8 693
11.8167 694
11.8333 695
11.85 696
11.8667 697
11.8833 698
11.9 699
11.9167 700
11.9333 701
11.95 702
11.9667 703
11.9833 704
12.0 705
12.0167 706
12.0333 707
12.05 708
12.0667 709
12.0833 709
12.1 710
12.1167 711
12.1333 712
12.15 713
12.1667 713
12.1833 714
12.2 715
12.2167 715
12.2333 716
12.25 717
12.2667 717
12.2833 718
12.3 718
12.3167 719
12.3333 720
12.35 720
12.3667 721
12.3833 721
12.4 721
12.4167 722
12.4333 722
12.45 723
12.4667 723
12.4833 723
12.5 724
12.5167 724
12.5333 724
12.55 725
12.5667 725
12.5833 725
12.6 725
12.6167 726
12.6333 726
12.65 726
12.6667 726
12.6833 726
12.7 726
12.7167 726
12.7333 727
12.75 727
12.7667 727
12.7833 727
12.8 727
12.8167 727
12.8333 726
12.85 726
12.8667 726
12.8833 726
12.9 726
12.9167 726
12.9333 726
12.95 726
12.9667 725
12.9833 725
13.0 725
13.0167 725
13.0333 724
13.05 724
13.0667 724
13.0833 723
13.1 723
13.1167 723
13.1333 722
13.15 722
13.1667 721
13.1833 721
13.2 720
13.2167 720
13.2333 719
13.25 719
13.2667 718
13.2833 718
13.3 717
13.3167 716
13.3333 716
13.35 715
13.3667 714
13.3833 714
13.4 713
13.4167 712
13.4333 712
13.45 711
13.4667 710
13.4833 709
13.5 708
13.5167 707
13.5333 707
13.55 706
13.5667 705
13.5833 704
13.6 703
13.6167 702
13.6333 701
13.65 700
13.6667 699
13.6833 698
13.7 697
13.7167 696
13.7333 695
13.75 694
13.7667 692
13.7833 691
13.8 690
13.8167 689
13.8333 688
13.85 686
13.8667 685
13.8833 684
13.9 683
13.9167 681
13.9333 680
13.95 679
13.9667 677
13.9833 676
14.0 675
14.0167 673
14.0333 672
14.05 670
14.0667 669
14.0833 667
14.1 666
14.1167 664
14.1333 663
14.15 661
14.1667 660
14.1833 658
14.2 656
14.2167 655
14.2333 653
14.25 651
14.2667 650
14.2833 648
14.3 646
14.3167 645
14.3333 643
14.35 641
14.3667 639
14.3833 637
14.4 636
14.4167 634
14.4333 632
14.45 630
14.4667 628
14.4833 626
14.5 624
14.5167 622
14.5333 620
14.55 618
14.5667 616
14.5833 614
14.6 612
14.6167 610
14.6333 608
14.65 606
14.6667 604
14.6833 602
14.7 600
14.7167 597
14.7333 595
14.75 593
14.7667 591
14.7833 589
14.8 586
14.8167 584
14.8333 582
14.85 580
14.8667 577
14.8833 575
14.9 573
14.9167 570
14.9333 568
14.95 566
14.9667 563
14.9833 561
15.0 559
15.0167 557
15.0333 554
15.05 552
15.0667 549
15.0833 547
15.1 544
15.1167 542
15.1333 539
15.15 536
15.1667 534
15.1833 531
15.2 529
15.2167 526
15.2333 523
15.25 521
15.2667 518
15.2833 515
15.3 513
15.3167 510
15.3333 507
15.35 505
15.3667 502
15.3833 499
15.4 496
15.4167 493
15.4333 491
15.45 488
15.4667 485
15.4833 482
15.5 479
15.5167 476
15.5333 474
15.55 471
15.5667 468
15.5833 465
15.6 462
15.6167 459
15.6333 456
15.65 453
15.6667 450
15.6833 447
15.7 444
15.7167 441
15.7333 438
15.75 435
15.7667 432
15.7833 429
15.8 426
15.8167 422
15.8333 419
15.85 416
15.8667 413
15.8833 410
15.9 407
15.9167 404
15.9333 400
15.95 397
15.9667 394
15.9833 391
16.0 388
16.0167 384
16.0333 381
16.05 378
16.0667 375
16.0833 371
16.1 368
16.1167 365
16.1333 361
16.15 358
16.1667 355
16.1833 352
16.2 348
16.2167 345
16.2333 341
16.25 338
16.2667 335
16.2833 331
16.3 328
16.3167 325
16.3333 321
16.35 318
16.3667 314
16.3833 311
16.4 308
16.4167 304
16.4333 301
16.45 297
16.4667 294
16.4833 290
16.5 287
16.5167 283
16.5333 280
16.55 276
16.5667 273
16.5833 269
16.6 266
16.6167 262
16.6333 259
16.65 255
16.6667 252
16.6833 248
16.7 245
16.7167 241
16.7333 238
16.75 234
16.7667 231
16.7833 227
16.8 224
16.8167 220
16.8333 217
16.85 213
16.8667 209
16.8833 206
16.9 202
16.9167 199
16.9333 195
16.95 192
16.9667 188
16.9833 185
