8.0 110
8.0167 113
8.0333 117
8.05 120
8.0667 123
8.0833 127
8.1 130
8.1167 133
8.1333 137
8.15 140
8.1667 144
8.1833 147
8.2 151
8.2167 154
8.2333 158
8.25 161
8.2667 165
8.2833 168
8.3 172
8.3167 175
8.3333 179
8.35 182
8.3667 186
8.3833 190
8.4 193
8.4167 197
8.4333 200
8.45 204
8.4667 208
8.4833 211
8.5 215
8.5167 219
8.5333 222
8.55 226
8.5667 230
8.5833 233
8.6 237
8.6167 241
8.6333 244
8.65 248
8.6667 252
8.6833 256
8.7 259
8.7167 263
8.7333 267
8.75 270
8.7667 274
8.7833 278
8.8 281
8.8167 285
8.8333 289
8.85 293
8.8667 296
8.8833 300
8.9 304
8.9167 307
8.9333 311
8.95 315
8.9667 318
8.9833 322
9.0 326
9.0167 330
9.0333 334
9.05 338
9.0667 341
9.0833 345
9.1 349
9.1167 352
9.1333 356
9.15 360
9.1667 363
9.1833 367
9.2 371
9.2167 374
9.2333 378
9.25 382
9.2667 385
9.2833 389
9.3 392
9.3167 396
9.3333 399
9.35 403
9.3667 407
9.3833 410
9.4 414
9.4167 417
9.4333 421
9.45 424
9.4667 428
9.4833 431
9.5 435
9.5167 438
9.5333 442
9.55 445
9.5667 449
9.5833 452
9.6 456
9.6167 459
9.6333 462
9.65 466
9.6667 469
9.6833 473
9.7 476
9.7167 479
9.7333 483
9.75 486
9.7667 489
9.7833 493
9.8 496
9.8167 499
9.8333 503
9.85 506
9.8667 509
9.8833 512
9.9 516
9.9167 519
9.9333 522
9.95 525
9.9667 529
9.9833 532
10.0 535
10.0167 538
10.0333 541
10.05 544
10.0667 547
10.0833 551
10.1 554
10.1167 557
10.1333 560
10.15 563
10.1667 566
10.1833 569
10.2 572
10.2167 575
10.2333 578
10.25 581
10.2667 584
10.2833 587
10.3 590
10.3167 593
10.3333 595
10.35 598
10.3667 601
10.3833 604
10.4 607
10.4167 610
10.4333 613
10.45 615
10.4667 618
10.4833 621
10.5 624
10.5167 626
10.5333 629
10.55 632
10.5667 634
10.5833 637
10.6 640
10.6167 642
10.6333 645
10.65 648
10.6667 650
10.6833 653
10.7 655
10.7167 658
10.7333 660
10.75 663
10.7667 665
10.7833 668
10.8 670
10.8167 673
10.8333 675
10.85 678
10.8667 680
10.8833 682
10.9 685
10.9167 687
10.9333 689
10.95 692
10.9667 694
10.9833 696
11.0 699
11.0167 701
11.0333 703
11.05 705
11.0667 707
11.0833 710
11.1 712
11.1167 714
11.1333 716
11.15 718
11.1667 720
11.1833 722
11.2 724
11.2167 726
11.2333 728
11.25 730
11.2667 732
11.2833 734
11.3 736
11.3167 738
11.3333 740
11.35 742
11.3667 744
11.3833 745
11.4 747
11.4167 749
11.4333 751
11.45 753
11.4667 754
11.4833 756
11.5 758
11.5167 760
11.5333 761
11.55 763
11.5667 765
11.5833 766
11.6 768
11.6167 769
11.6333 771
11.65 772
11.6667 774
11.6833 775
11.7 777
11.7167 778
11.7333 780
11.75 781
11.7667 783
11.7833 784
11.8 785
11.8167 787
11.8333 788
11.85 789
11.8667 791
11.8833 792
11.9 793
11.9167 794
11.9333 796
11.95 797
11.9667 798
11.9833 799
12.0 800
12.0167 801
12.0333 802
12.05 803
12.0667 805
12.0833 806
12.1 807
12.1167 808
12.1333 809
12.15 809
12.1667 810
12.1833 811
12.2 812
12.2167 813
12.2333 814
12.25 815
12.2667 816
12.2833 816
12.3 817
12.3167 818
12.3333 819
12.35 819
12.3667 820
12.3833 821
12.4 821
12.4167 822
12.4333 822
12.45 823
12.4667 824
12.4833 824
12.5 825
12.5167 825
12.5333 826
12.55 826
12.5667 827
12.5833 827
12.6 827
12.6167 828
12.6333 828
12.65 828
12.6667 829
12.6833 829
12.7 829
12.7167 830
12.7333 830
12.75 830
12.7667 830
12.7833 830
12.8 831
12.8167 831
12.8333 831
12.85 831
12.8667 831
12.8833 831
12.9 831
12.9167 831
12.9333 831
12.95 831
12.9667 831
12.9833 831
13.0 831
13.0167 831
13.0333 830
13.05 830
13.0667 830
13.0833 830
13.1 830
13.1167 829
13.1333 829
13.15 829
13.1667 829
13.1833 828
13.2 828
13.2167 828
13.2333 827
13.25 827
13.2667 826
13.2833 826
13.3 825
13.3167 825
13.3333 824
13.35 824
13.3667 823
13.3833 823
13.4 822
13.4167 822
13.4333 821
13.45 820
13.4667 820
13.4833 819
13.5 818
13.5167 818
13.5333 817
13.55 816
13.5667 815
13.5833 814
13.6 814
13.6167 813
13.6333 812
13.65 811
13.6667 810
13.6833 809
13.7 808
13.7167 807
13.7333 806
13.75 805
13.7667 804
13.7833 803
13.8 802
13.8167 801
13.8333 800
13.85 799
13.8667 797
13.8833 796
13.9 795
13.9167 794
13.9333 793
13.95 791
13.9667 790
13.9833 789
14.0 787
14.0167 786
14.0333 785
14.05 783
14.0667 782
14.0833 781
14.1 779
14.1167 778
14.1333 776
14.15 775
14.1667 773
14.1833 772
14.2 770
14.2167 769
14.2333 767
14.25 765
14.2667 764
14.2833 762
14.3 760
14.3167 759
14.3333 757
14.35 755
14.3667 754
14.3833 752
14.4 750
14.4167 748
14.4333 747
14.45 745
14.4667 743
14.4833 741
14.5 739
14.5167 737
14.5333 735
14.55 733
14.5667 731
14.5833 729
14.6 727
14.6167 725
14.6333 723
14.65 721
14.6667 719
14.6833 717
14.7 715
14.7167 713
14.7333 711
14.75 709
14.7667 706
14.7833 704
14.8 702
14.8167 700
14.8333 698
14.85 695
14.8667 693
14.8833 691
14.9 688
14.9167 686
14.9333 684
14.95 681
14.9667 679
14.9833 677
15.0 675
15.0167 673
15.0333 670
15.05 668
15.0667 665
15.0833 663
15.1 660
15.1167 658
15.1333 655
15.15 653
15.1667 650
15.1833 647
15.2 645
15.2167 642
15.2333 640
15.25 637
15.2667 634
15.2833 631
15.3 629
15.3167 626
15.3333 623
15.35 621
15.3667 618
15.3833 615
15.4 612
15.4167 609
15.4333 607
15.45 604
15.4667 601
15.4833 598
15.5 595
15.5167 592
15.5333 589
15.55 586
15.5667 583
15.5833 580
15.6 577
15.6167 574
15.6333 571
15.65 568
15.6667 565
15.6833 562
15.7 559
15.7167 556
15.7333 553
15.75 550
15.7667 547
15.7833 544
15.8 541
15.8167 537
15.8333 534
15.85 531
15.8667 528
15.8833 525
15.9 522
15.9167 518
15.9333 515
15.95 512
15.9667 509
15.9833 505
16.0 502
16.0167 499
16.0333 495
16.05 492
16.0667 489
16.0833 485
16.1 482
16.1167 479
16.1333 475
16.15 472
16.1667 469
16.1833 465
16.2 462
16.2167 458
16.2333 455
16.25 451
16.2667 448
16.2833 445
16.3 441
16.3167 438
16.3333 434
16.35 431
16.3667 427
16.3833 424
16.4 420
16.4167 416
16.4333 413
16.45 409
16.4667 406
16.4833 402
16.5 399
16.5167 395
16.5333 392
16.55 388
16.5667 384
16.5833 381
16.6 377
16.6167 373
16.6333 370
16.65 366
16.6667 363
16.6833 359
16.7 355
16.7167 352
16.7333 348
16.75 344
16.7667 341
16.7833 337
16.8 333
16.8167 330
16.8333 326
16.85 322
16.8667 319
16.8833 315
16.9 311
16.9167 307
16.9333 304
16.95 300
16.9667 296
16.9833 293
