8.0 76
8.0167 78
8.0333 81
8.05 84
8.0667 87
8.0833 90
8.1 93
8.1167 96
8.1333 99
8.15 102
8.1667 105
8.1833 108
8.2 111
8.2167 114
8.2333 117
8.25 121
8.2667 124
8.2833 127
8.3 130
8.3167 134
8.3333 137
8.35 140
8.3667 143
8.3833 147
8.4 150
8.4167 153
8.4333 157
8.45 160
8.4667 164
8.4833 167
8.5 170
8.5167 174
8.5333 177
8.55 181
8.5667 184
8.5833 188
8.6 191
8.6167 195
8.6333 198
8.65 202
8.6667 205
8.6833 209
8.7 212
8.7167 216
8.7333 219
8.75 223
8.7667 226
8.7833 230
8.8 233
8.8167 237
8.8333 240
8.85 244
8.8667 247
8.8833 251
8.9 254
8.9167 258
8.9333 261
8.95 265
8.9667 269
8.9833 272
9.0 276
9.0167 280
9.0333 283
9.05 287
9.0667 291
9.0833 294
9.1 298
9.1167 301
9.1333 305
9.15 308
9.1667 312
9.1833 315
9.2 319
9.2167 322
9.2333 326
9.25 329
9.2667 333
9.2833 336
9.3 340
9.3167 343
9.3333 347
9.35 350
9.3667 354
9.3833 357
9.4 360
9.4167 364
9.4333 367
9.45 371
9.4667 374
9.4833 377
9.5 381
9.5167 384
9.5333 388
9.55 391
9.5667 394
9.5833 398
9.6 401
9.6167 404
9.6333 408
9.65 411
9.6667 414
9.6833 418
9.7 421
9.7167 424
9.7333 428
9.75 431
9.7667 434
9.7833 437
9.8 441
9.8167 444
9.8333 447
9.85 450
9.8667 453
9.8833 457
9.9 460
9.9167 463
9.9333 466
9.95 469
9.9667 472
9.9833 475
10.0 479
10.0167 482
10.0333 485
10.05 488
10.0667 491
10.0833 494
10.1 497
10.1167 500
10.1333 503
10.15 506
10.1667 509
10.1833 512
10.2 515
10.2167 518
10.2333 521
10.25 524
10.2667 526
10.2833 529
10.3 532
10.3167 535
10.3333 538
10.35 541
10.3667 544
10.3833 546
10.4 549
10.4167 552
10.4333 555
10.45 557
10.4667 560
10.4833 563
10.5 566
10.5167 568
10.5333 571
10.55 574
10.5667 576
10.5833 579
10.6 581
10.6167 584
10.6333 587
10.65 589
10.6667 592
10.6833 594
10.7 597
10.7167 599
10.7333 602
10.75 604
10.7667 607
10.7833 609
10.8 612
10.8167 614
10.8333 616
10.85 619
10.8667 621
10.8833 623
10.9 626
10.9167 628
10.9333 630
10.95 633
10.9667 635
10.9833 637
11.0 639
11.0167 642
11.0333 644
11.05 646
11.0667 648
11.0833 650
11.1 652
11.1167 654
11.1333 656
11.15 659
11.1667 661
11.1833 663
11.2 665
11.2167 667
11.2333 669
11.25 671
11.2667 673
11.2833 674
11.3 676
11.3167 678
11.3333 680
11.35 682
11.3667 684
11.3833 686
11.4 687
11.4167 689
11.4333 691
11.45 693
11.4667 694
11.4833 696
11.5 698
11.5167 700
11.5333 701
11.55 703
11.5667 704
11.5833 706
11.6 708
11.6167 709
11.6333 711
11.65 712
11.6667 714
11.6833 715
11.7 717
11.7167 718
11.7333 720
11.75 721
11.7667 722
11.7833 724
11.8 725
11.8167 726
11.8333 728
11.85 729
11.8667 730
11.8833 732
11.9 733
11.9167 734
11.9333 735
11.95 736
11.9667 738
11.9833 739
12.0 740
12.0167 741
12.0333 742
12.05 743
12.0667 744
12.0833 745
12.1 746
12.1167 747
12.1333 748
12.15 749
12.1667 750
12.1833 751
12.2 752
12.2167 753
12.2333 753
12.25 754
12.2667 755
12.2833 756
12.3 757
12.3167 757
12.3333 758
12.35 759
12.3667 760
12.3833 760
12.4 761
12.4167 761
12.4333 762
12.45 763
12.4667 763
12.4833 764
12.5 764
12.5167 765
12.5333 765
12.55 766
12.5667 766
12.5833 767
12.6 767
12.6167 767
12.6333 768
12.65 768
12.6667 768
12.6833 769
12.7 769
12.7167 769
12.7333 770
12.75 770
12.7667 770
12.7833 770
12.8 770
12.8167 770
12.8333 771
12.85 771
12.8667 771
12.8833 771
12.9 771
12.9167 771
12.9333 771
12.95 771
12.9667 771
12.9833 771
13.0 771
13.0167 771
13.0333 770
13.05 770
13.0667 770
13.0833 770
13.1 770
13.1167 770
13.1333 769
13.15 769
13.1667 769
13.1833 768
13.2 768
13.2167 768
13.2333 767
13.25 767
13.2667 767
13.2833 766
13.3 766
13.3167 765
13.3333 765
13.35 764
13.3667 764
13.3833 763
13.4 763
13.4167 762
13.4333 761
13.45 761
13.4667 760
13.4833 760
13.5 759
13.5167 758
13.5333 757
13.55 757
13.5667 756
13.5833 755
13.6 754
13.6167 753
13.6333 753
13.65 752
13.6667 751
13.6833 750
13.7 749
13.7167 748
13.7333 747
13.75 746
13.7667 745
13.7833 744
13.8 743
13.8167 742
13.8333 741
13.85 740
13.8667 739
13.8833 738
13.9 736
13.9167 735
13.9333 734
13.95 733
13.9667 732
13.9833 730
14.0 729
14.0167 728
14.0333 726
14.05 725
14.0667 724
14.0833 722
14.1 721
14.1167 720
14.1333 718
14.15 717
14.1667 715
14.1833 714
14.2 712
14.2167 711
14.2333 709
14.25 708
14.2667 706
14.2833 704
14.3 703
14.3167 701
14.3333 700
14.35 698
14.3667 696
14.3833 694
14.4 693
14.4167 691
14.4333 689
14.45 687
14.4667 686
14.4833 684
14.5 682
14.5167 680
14.5333 678
14.55 676
14.5667 674
14.5833 673
14.6 671
14.6167 669
14.6333 667
14.65 665
14.6667 663
14.6833 661
14.7 659
14.7167 656
14.7333 654
14.75 652
14.7667 650
14.7833 648
14.8 646
14.8167 644
14.8333 642
14.85 639
14.8667 637
14.8833 635
14.9 633
14.9167 630
14.9333 628
14.95 626
14.9667 623
14.9833 621
15.0 620
15.0167 617
15.0333 615
15.05 613
15.0667 610
15.0833 608
15.1 605
15.1167 603
15.1333 600
15.15 598
15.1667 595
15.1833 593
15.2 590
15.2167 588
15.2333 585
15.25 582
15.2667 580
15.2833 577
15.3 575
15.3167 572
15.3333 569
15.35 567
15.3667 564
15.3833 561
15.4 558
15.4167 556
15.4333 553
15.45 550
15.4667 547
15.4833 545
15.5 542
15.5167 539
15.5333 536
15.55 533
15.5667 530
15.5833 527
15.6 525
15.6167 522
15.6333 519
15.65 516
15.6667 513
15.6833 510
15.7 507
15.7167 504
15.7333 501
15.75 498
15.7667 495
15.7833 492
15.8 489
15.8167 486
15.8333 483
15.85 480
15.8667 476
15.8833 473
15.9 470
15.9167 467
15.9333 464
15.95 461
15.9667 458
15.9833 454
16.0 451
16.0167 448
16.0333 445
16.05 442
16.0667 438
16.0833 435
16.1 432
16.1167 429
16.1333 425
16.15 422
16.1667 419
16.1833 415
16.2 412
16.2167 409
16.2333 405
16.25 402
16.2667 399
16.2833 395
16.3 392
16.3167 389
16.3333 385
16.35 382
16.3667 378
16.3833 375
16.4 372
16.4167 368
16.4333 365
16.45 361
16.4667 358
16.4833 354
16.5 351
16.5167 347
16.5333 344
16.55 341
16.5667 337
16.5833 334
16.6 330
16.6167 327
16.6333 323
16.65 320
16.6667 316
16.6833 313
16.7 309
16.7167 306
16.7333 302
16.75 298
16.7667 295
16.7833 291
16.8 288
16.8167 284
16.8333 281
16.85 277
16.8667 274
16.8833 270
16.9 267
16.9167 263
16.9333 260
16.95 256
16.9667 252
16.9833 249
