8.0 66
8.0167 69
8.0333 71
8.05 74
8.0667 77
8.0833 80
8.1 82
8.1167 85
8.1333 88
8.15 91
8.1667 94
8.1833 97
8.2 100
8.2167 103
8.2333 106
8.25 109
8.2667 112
8.2833 115
8.3 118
8.3167 121
8.3333 124
8.35 128
8.3667 131
8.3833 134
8.4 137
8.4167 141
8.4333 144
8.45 147
8.4667 151
8.4833 154
8.5 157
8.5167 160
8.5333 164
8.55 167
8.5667 171
8.5833 174
8.6 177
8.6167 181
8.6333 184
8.65 188
8.6667 191
8.6833 194
8.7 198
8.7167 201
8.7333 205
8.75 208
8.7667 212
8.7833 215
8.8 218
8.8167 222
8.8333 225
8.85 229
8.8667 232
8.8833 236
8.9 239
8.9167 243
8.9333 246
8.95 250
8.9667 253
8.9833 257
9.0 260
9.0167 264
9.0333 268
9.05 271
9.0667 275
9.0833 278
9.1 282
9.1167 285
9.1333 288
9.15 292
9.1667 295
9.1833 299
9.2 302
9.2167 306
9.2333 309
9.25 313
9.2667 316
9.2833 319
9.3 323
9.3167 326
9.3333 330
9.35 333
9.3667 336
9.3833 340
9.4 343
9.4167 347
9.4333 350
9.45 353
9.4667 357
9.4833 360
9.5 363
9.5167 367
9.5333 370
9.55 373
9.5667 377
9.5833 380
9.6 383
9.6167 387
9.6333 390
9.65 393
9.6667 397
9.6833 400
9.7 403
9.7167 406
9.7333 409
9.75 413
9.7667 416
9.7833 419
9.8 422
9.8167 425
9.8333 429
9.85 432
9.8667 435
9.8833 438
9.9 441
9.9167 444
9.9333 447
9.95 451
9.9667 454
9.9833 457
10.0 460
10.0167 463
10.0333 466
10.05 469
10.0667 472
10.0833 475
10.1 478
10.1167 481
10.1333 484
10.15 487
10.1667 490
10.1833 493
10.2 496
10.2167 498
10.2333 501
10.25 504
10.2667 507
10.2833 510
10.3 513
10.3167 516
10.3333 518
10.35 521
10.3667 524
10.3833 527
10.4 529
10.4167 532
10.4333 535
10.45 538
10.4667 540
10.4833 543
10.5 546
10.5167 548
10.5333 551
10.55 554
10.5667 556
10.5833 559
10.6 561
10.6167 564
10.6333 566
10.65 569
10.6667 571
10.6833 574
10.7 576
10.7167 579
10.7333 581
10.75 584
10.7667 586
10.7833 589
10.8 591
10.8167 593
10.8333 596
10.85 598
10.8667 600
10.8833 603
10.9 605
10.9167 607
10.9333 610
10.95 612
10.9667 614
10.9833 616
11.0 618
11.0167 621
11.0333 623
11.05 625
11.0667 627
11.0833 629
11.1 631
11.1167 633
11.1333 635
11.15 637
11.1667 639
11.1833 641
11.2 643
11.2167 645
11.2333 647
11.25 649
11.2667 651
11.2833 653
11.3 655
11.3167 657
11.3333 659
11.35 661
11.3667 662
11.3833 664
11.4 666
11.4167 668
11.4333 669
11.45 671
11.4667 673
11.4833 675
11.5 676
11.5167 678
11.5333 679
11.55 681
11.5667 683
11.5833 684
11.6 686
11.6167 687
11.6333 689
11.65 690
11.6667 692
11.6833 693
11.7 695
11.7167 696
11.7333 698
11.75 699
11.7667 700
11.7833 702
11.8 703
11.8167 704
11.8333 706
11.85 707
11.8667 708
11.8833 709
11.9 711
11.9167 712
11.9333 713
11.95 714
11.9667 715
11.9833 716
12.0 718
12.0167 719
12.0333 720
12.05 721
12.0667 722
12.0833 723
12.1 724
12.1167 725
12.1333 726
12.15 727
12.1667 727
12.1833 728
12.2 729
12.2167 730
12.2333 731
12.25 732
12.2667 733
12.2833 733
12.3 734
12.3167 735
12.3333 735
12.35 736
12.3667 737
12.3833 738
12.4 738
12.4167 739
12.4333 739
12.45 740
12.4667 740
12.4833 741
12.5 742
12.5167 742
12.5333 742
12.55 743
12.5667 743
12.5833 744
12.6 744
12.6167 745
12.6333 745
12.65 745
12.6667 746
12.6833 746
12.7 746
12.7167 746
12.7333 747
12.75 747
12.7667 747
12.7833 747
12.8 747
12.8167 747
12.8333 748
12.85 748
12.8667 748
12.8833 748
12.9 748
12.9167 748
12.9333 748
12.95 748
12.9667 748
12.9833 748
13.0 748
13.0167 747
13.0333 747
13.05 747
13.0667 747
13.0833 747
13.1 747
13.1167 746
13.1333 746
13.15 746
13.1667 746
13.1833 745
13.2 745
13.2167 745
13.2333 744
13.25 744
13.2667 743
13.2833 743
13.3 743
13.3167 742
13.3333 742
13.35 741
13.3667 741
13.3833 740
13.4 739
13.4167 739
13.4333 738
13.45 738
13.4667 737
13.4833 736
13.5 736
13.5167 735
13.5333 734
13.55 733
13.5667 733
13.5833 732
13.6 731
13.6167 730
13.6333 729
13.65 728
13.6667 728
13.6833 727
13.7 726
13.7167 725
13.7333 724
13.75 723
13.7667 722
13.7833 721
13.8 720
13.8167 719
13.8333 718
13.85 717
13.8667 715
13.8833 714
13.9 713
13.9167 712
13.9333 711
13.95 710
13.9667 708
13.9833 707
14.0 706
14.0167 705
14.0333 703
14.05 702
14.0667 701
14.0833 699
14.1 698
14.1167 696
14.1333 695
14.15 693
14.1667 692
14.1833 691
14.2 689
14.2167 688
14.2333 686
14.25 684
14.2667 683
14.2833 681
14.3 680
14.3167 678
14.3333 676
14.35 675
14.3667 673
14.3833 671
14.4 670
14.4167 668
14.4333 666
14.45 664
14.4667 663
14.4833 661
14.5 659
14.5167 657
14.5333 655
14.55 653
14.5667 651
14.5833 650
14.6 648
14.6167 646
14.6333 644
14.65 642
14.6667 640
14.6833 638
14.7 636
14.7167 634
14.7333 631
14.75 629
14.7667 627
14.7833 625
14.8 623
14.8167 621
14.8333 619
14.85 616
14.8667 614
14.8833 612
14.9 610
14.9167 608
14.9333 605
14.95 603
14.9667 601
14.9833 598
15.0 597
15.0167 595
15.0333 592
15.05 590
15.0667 587
15.0833 585
15.1 583
15.1167 580
15.1333 578
15.15 575
15.1667 573
15.1833 570
15.2 568
15.2167 565
15.2333 563
15.25 560
15.2667 557
15.2833 555
15.3 552
15.3167 550
15.3333 547
15.35 544
15.3667 542
15.3833 539
15.4 536
15.4167 533
15.4333 531
15.45 528
15.4667 525
15.4833 522
15.5 520
15.5167 517
15.5333 514
15.55 511
15.5667 508
15.5833 505
15.6 503
15.6167 500
15.6333 497
15.65 494
15.6667 491
15.6833 488
15.7 485
15.7167 482
15.7333 479
15.75 476
15.7667 473
15.7833 470
15.8 467
15.8167 464
15.8333 461
15.85 458
15.8667 455
15.8833 452
15.9 449
15.9167 446
15.9333 443
15.95 439
15.9667 436
15.9833 433
16.0 430
16.0167 427
16.0333 424
16.05 420
16.0667 417
16.0833 414
16.1 411
16.1167 408
16.1333 404
16.15 401
16.1667 398
16.1833 395
16.2 391
16.2167 388
16.2333 385
16.25 381
16.2667 378
16.2833 375
16.3 371
16.3167 368
16.3333 365
16.35 361
16.3667 358
16.3833 355
16.4 351
16.4167 348
16.4333 345
16.45 341
16.4667 338
16.4833 334
16.5 331
16.5167 328
16.5333 324
16.55 321
16.5667 317
16.5833 314
16.6 310
16.6167 307
16.6333 304
16.65 300
16.6667 297
16.6833 293
16.7 290
16.7167 286
16.7333 283
16.75 279
16.7667 276
16.7833 272
16.8 269
16.8167 265
16.8333 262
16.85 258
16.8667 255
16.8833 251
16.9 248
16.9167 245
16.9333 241
16.95 238
16.9667 234
16.9833 231
