8.0 201
8.0167 204
8.0333 208
8.05 211
8.0667 215
8.0833 218
8.1 222
8.1167 226
8.1333 229
8.15 233
8.1667 236
8.1833 240
8.2 243
8.2167 247
8.2333 251
8.25 254
8.2667 258
8.2833 261
8.3 265
8.3167 269
8.3333 272
8.35 276
8.3667 280
8.3833 283
8.4 287
8.4167 291
8.4333 294
8.45 298
8.4667 302
8.4833 305
8.5 309
8.5167 313
8.5333 316
8.55 320
8.5667 324
8.5833 327
8.6 331
8.6167 334
8.6333 338
8.65 342
8.6667 345
8.6833 349
8.7 353
8.7167 356
8.7333 360
8.75 364
8.7667 367
8.7833 371
8.8 375
8.8167 378
8.8333 382
8.85 386
8.8667 389
8.8833 393
8.9 396
8.9167 400
8.9333 404
8.95 407
8.9667 411
8.9833 414
9.0 418
9.0167 423
9.0333 426
9.05 430
9.0667 433
9.0833 437
9.1 440
9.1167 444
9.1333 448
9.15 451
9.1667 455
9.1833 458
9.2 462
9.2167 465
9.2333 469
9.25 472
9.2667 476
9.2833 479
9.3 483
9.3167 486
9.3333 490
9.35 493
9.3667 496
9.3833 500
9.4 503
9.4167 507
9.4333 510
9.45 513
9.4667 517
9.4833 520
9.5 524
9.5167 527
9.5333 530
9.55 534
9.5667 537
9.5833 540
9.6 543
9.6167 547
9.6333 550
9.65 553
9.6667 557
9.6833 560
9.7 563
9.7167 566
9.7333 569
9.75 573
9.7667 576
9.7833 579
9.8 582
9.8167 585
9.8333 588
9.85 592
9.8667 595
9.8833 598
9.9 601
9.9167 604
9.9333 607
9.95 610
9.9667 613
9.9833 616
10.0 619
10.0167 622
10.0333 625
10.05 628
10.0667 631
10.0833 634
10.1 637
10.1167 640
10.1333 643
10.15 646
10.1667 649
10.1833 651
10.2 654
10.2167 657
10.2333 660
10.25 663
10.2667 666
10.2833 668
10.3 671
10.3167 674
10.3333 677
10.35 679
10.3667 682
10.3833 685
10.4 687
10.4167 690
10.4333 693
10.45 695
10.4667 698
10.4833 700
10.5 703
10.5167 706
10.5333 708
10.55 711
10.5667 713
10.5833 716
10.6 718
10.6167 721
10.6333 723
10.65 726
10.6667 728
10.6833 730
10.7 733
10.7167 735
10.7333 737
10.75 740
10.7667 742
10.7833 744
10.8 747
10.8167 749
10.8333 751
10.85 753
10.8667 756
10.8833 758
10.9 760
10.9167 762
10.9333 764
10.95 767
10.9667 769
10.9833 771
11.0 773
11.0167 775
11.0333 777
11.05 779
11.0667 781
11.0833 783
11.1 785
11.1167 787
11.1333 789
11.15 791
11.1667 793
11.1833 795
11.2 796
11.2167 798
11.2333 800
11.25 802
11.2667 804
11.2833 805
11.3 807
11.3167 809
11.3333 811
11.35 812
11.3667 814
11.3833 816
11.4 817
11.4167 819
11.4333 821
11.45 822
11.4667 824
11.4833 825
11.5 827
11.5167 828
11.5333 830
11.55 831
11.5667 833
11.5833 834
11.6 836
11.6167 837
11.6333 838
11.65 840
11.6667 841
11.6833 842
11.7 844
11.7167 845
11.7333 846
11.75 848
11.7667 849
11.7833 850
11.8 851
11.8167 852
11.8333 854
11.85 855
11.8667 856
11.8833 857
11.9 858
11.9167 859
11.9333 860
11.95 861
11.9667 862
11.9833 863
12.0 864
12.0167 865
12.0333 866
12.05 867
12.0667 868
12.0833 868
12.1 869
12.1167 870
12.1333 871
12.15 872
12.1667 872
12.1833 873
12.2 874
12.2167 875
12.2333 875
12.25 876
12.2667 876
12.2833 877
12.3 878
12.3167 878
12.3333 879
12.35 879
12.3667 880
12.3833 880
12.4 881
12.4167 881
12.4333 882
12.45 882
12.4667 882
12.4833 883
12.5 883
12.5167 884
12.5333 884
12.55 884
12.5667 884
12.5833 885
12.6 885
12.6167 885
12.6333 885
12.65 885
12.6667 886
12.6833 886
12.7 886
12.7167 886
12.7333 886
12.75 886
12.7667 886
12.7833 886
12.8 886
12.8167 886
12.8333 886
12.85 886
12.8667 886
12.8833 886
12.9 885
12.9167 885
12.9333 885
12.95 885
12.9667 885
12.9833 884
13.0 884
13.0167 884
13.0333 884
13.05 883
13.0667 883
13.0833 883
13.1 882
13.1167 882
13.1333 881
13.15 881
13.1667 880
13.1833 880
13.2 879
13.2167 879
13.2333 878
13.25 878
13.2667 877
13.2833 877
13.3 876
13.3167 875
13.3333 875
13.35 874
13.3667 873
13.3833 873
13.4 872
13.4167 871
13.4333 870
13.45 870
13.4667 869
13.4833 868
13.5 867
13.5167 866
13.5333 865
13.55 864
13.5667 863
13.5833 862
13.6 861
13.6167 860
13.6333 859
13.65 858
13.6667 857
13.6833 856
13.7 855
13.7167 854
13.7333 853
13.75 852
13.7667 850
13.7833 849
13.8 848
13.8167 847
13.8333 845
13.85 844
13.8667 843
13.8833 842
13.9 840
13.9167 839
13.9333 837
13.95 836
13.9667 835
13.9833 833
14.0 832
14.0167 830
14.0333 829
14.05 827
14.0667 826
14.0833 824
14.1 823
14.1167 821
14.1333 819
14.15 818
14.1667 816
14.1833 815
14.2 813
14.2167 811
14.2333 809
14.25 808
14.2667 806
14.2833 804
14.3 802
14.3167 801
14.3333 799
14.35 797
14.3667 795
14.3833 793
14.4 791
14.4167 789
14.4333 787
14.45 785
14.4667 784
14.4833 782
14.5 780
14.5167 778
14.5333 775
14.55 773
14.5667 771
14.5833 769
14.6 767
14.6167 765
14.6333 763
14.65 761
14.6667 759
14.6833 756
14.7 754
14.7167 752
14.7333 750
14.75 747
14.7667 745
14.7833 743
14.8 740
14.8167 738
14.8333 736
14.85 733
14.8667 731
14.8833 729
14.9 726
14.9167 724
14.9333 721
14.95 719
14.9667 716
14.9833 714
15.0 712
15.0167 709
15.0333 707
15.05 704
15.0667 702
15.0833 699
15.1 696
15.1167 694
15.1333 691
15.15 689
15.1667 686
15.1833 683
15.2 681
15.2167 678
15.2333 675
15.25 672
15.2667 670
15.2833 667
15.3 664
15.3167 661
15.3333 658
15.35 656
15.3667 653
15.3833 650
15.4 647
15.4167 644
15.4333 641
15.45 638
15.4667 635
15.4833 632
15.5 629
15.5167 626
15.5333 624
15.55 621
15.5667 617
15.5833 614
15.6 611
15.6167 608
15.6333 605
15.65 602
15.6667 599
15.6833 596
15.7 593
15.7167 590
15.7333 587
15.75 584
15.7667 580
15.7833 577
15.8 574
15.8167 571
15.8333 568
15.85 564
15.8667 561
15.8833 558
15.9 555
15.9167 551
15.9333 548
15.95 545
15.9667 542
15.9833 538
16.0 535
16.0167 532
16.0333 528
16.05 525
16.0667 522
16.0833 518
16.1 515
16.1167 511
16.1333 508
16.15 505
16.1667 501
16.1833 498
16.2 494
16.2167 491
16.2333 488
16.25 484
16.2667 481
16.2833 477
16.3 474
16.3167 470
16.3333 467
16.35 463
16.3667 460
16.3833 456
16.4 453
16.4167 449
16.4333 446
16.45 442
16.4667 438
16.4833 435
16.5 431
16.5167 428
16.5333 424
16.55 421
16.5667 417
16.5833 413
16.6 410
16.6167 406
16.6333 403
16.65 399
16.6667 395
16.6833 392
16.7 388
16.7167 384
16.7333 381
16.75 377
16.7667 373
16.7833 370
16.8 366
16.8167 363
16.8333 359
16.85 355
16.8667 352
16.8833 348
16.9 344
16.9167 341
16.9333 337
16.95 333
16.9667 330
16.9833 326
