8.0 286
8.0167 290
8.0333 294
8.05 298
8.0667 302
8.0833 305
8.1 309
8.1167 313
8.1333 317
8.15 321
8.1667 325
8.1833 329
8.2 333
8.2167 337
8.2333 341
8.25 345
8.2667 349
8.2833 353
8.3 357
8.3167 361
8.3333 364
8.35 368
8.3667 372
8.3833 376
8.4 380
8.4167 384
8.4333 388
8.45 392
8.4667 396
8.4833 400
8.5 404
8.5167 408
8.5333 411
8.55 415
8.5667 419
8.5833 423
8.6 427
8.6167 431
8.6333 435
8.65 438
8.6667 442
8.6833 446
8.7 450
8.7167 454
8.7333 458
8.75 462
8.7667 465
8.7833 469
8.8 473
8.8167 477
8.8333 481
8.85 484
8.8667 488
8.8833 492
8.9 496
8.9167 499
8.9333 503
8.95 507
8.9667 511
8.9833 514
9.0 518
9.0167 523
9.0333 526
9.05 530
9.0667 534
9.0833 537
9.1 541
9.1167 545
9.1333 548
9.15 552
9.1667 555
9.1833 559
9.2 563
9.2167 566
9.2333 570
9.25 573
9.2667 577
9.2833 580
9.3 584
9.3167 587
9.3333 591
9.35 594
9.3667 598
9.3833 601
9.4 605
9.4167 608
9.4333 612
9.45 615
9.4667 619
9.4833 622
9.5 626
9.5167 629
9.5333 632
9.55 636
9.5667 639
9.5833 642
9.6 646
9.6167 649
9.6333 652
9.65 656
9.6667 659
9.6833 662
9.7 665
9.7167 669
9.7333 672
9.75 675
9.7667 678
9.7833 681
9.8 685
9.8167 688
9.8333 691
9.85 694
9.8667 697
9.8833 700
9.9 703
9.9167 706
9.9333 709
9.95 713
9.9667 716
9.9833 719
10.0 722
10.0167 725
10.0333 728
10.05 731
10.0667 733
10.0833 736
10.1 739
10.1167 742
10.1333 745
10.15 748
10.1667 751
10.1833 754
10.2 757
10.2167 759
10.2333 762
10.25 765
10.2667 768
10.2833 770
10.3 773
10.3167 776
10.3333 779
10.35 781
10.3667 784
10.3833 787
10.4 789
10.4167 792
10.4333 794
10.45 797
10.4667 800
10.4833 802
10.5 805
10.5167 807
10.5333 810
10.55 812
10.5667 815
10.5833 817
10.6 820
10.6167 822
10.6333 824
10.65 827
10.6667 829
10.6833 832
10.7 834
10.7167 836
10.7333 839
10.75 841
10.7667 843
10.7833 845
10.8 848
10.8167 850
10.8333 852
10.85 854
10.8667 856
10.8833 859
10.9 861
10.9167 863
10.9333 865
10.95 867
10.9667 869
10.9833 871
11.0 873
11.0167 875
11.0333 877
11.05 879
11.0667 881
11.0833 883
11.1 885
11.1167 887
11.1333 889
11.15 891
11.1667 892
11.1833 894
11.2 896
11.2167 898
11.2333 900
11.25 901
11.2667 903
11.2833 905
11.3 906
11.3167 908
11.3333 910
11.35 911
11.3667 913
11.3833 915
11.4 916
11.4167 918
11.4333 919
11.45 921
11.4667 922
11.4833 924
11.5 925
11.5167 927
11.5333 928
11.55 930
11.5667 931
11.5833 932
11.6 934
11.6167 935
11.6333 936
11.65 938
11.6667 939
11.6833 940
11.7 941
11.7167 943
11.7333 944
11.75 945
11.7667 946
11.7833 947
11.8 948
11.8167 949
11.8333 951
11.85 952
11.8667 953
11.8833 954
11.9 955
11.9167 956
11.9333 957
11.95 958
11.9667 958
11.9833 959
12.0 960
12.0167 961
12.0333 962
12.05 963
12.0667 964
12.0833 964
12.1 965
12.1167 966
12.1333 966
12.15 967
12.1667 968
12.1833 968
12.2 969
12.2167 970
12.2333 970
12.25 971
12.2667 971
12.2833 972
12.3 973
12.3167 973
12.3333 973
12.35 974
12.3667 974
12.3833 975
12.4 975
12.4167 976
12.4333 976
12.45 976
12.4667 977
12.4833 977
12.5 977
12.5167 977
12.5333 978
12.55 978
12.5667 978
12.5833 978
12.6 978
12.6167 978
12.6333 978
12.65 979
12.6667 979
12.6833 979
12.7 979
12.7167 979
12.7333 979
12.75 979
12.7667 979
12.7833 978
12.8 978
12.8167 978
12.8333 978
12.85 978
12.8667 978
12.8833 978
12.9 977
12.9167 977
12.9333 977
12.95 977
12.9667 976
12.9833 976
13.0 976
13.0167 975
13.0333 975
13.05 974
13.0667 974
13.0833 974
13.1 973
13.1167 973
13.1333 972
13.15 972
13.1667 971
13.1833 970
13.2 970
13.2167 969
13.2333 969
13.25 968
13.2667 967
13.2833 967
13.3 966
13.3167 965
13.3333 964
13.35 964
13.3667 963
13.3833 962
13.4 961
13.4167 960
13.4333 959
13.45 959
13.4667 958
13.4833 957
13.5 956
13.5167 955
13.5333 954
13.55 953
13.5667 952
13.5833 951
13.6 950
13.6167 949
13.6333 947
13.65 946
13.6667 945
13.6833 944
13.7 943
13.7167 942
13.7333 940
13.75 939
13.7667 938
13.7833 937
13.8 935
13.8167 934
13.8333 933
13.85 931
13.8667 930
13.8833 928
13.9 927
13.9167 926
13.9333 924
13.95 923
13.9667 921
13.9833 920
14.0 918
14.0167 917
14.0333 915
14.05 913
14.0667 912
14.0833 910
14.1 908
14.1167 907
14.1333 905
14.15 903
14.1667 902
14.1833 900
14.2 898
14.2167 896
14.2333 895
14.25 893
14.2667 891
14.2833 889
14.3 887
14.3167 885
14.3333 883
14.35 881
14.3667 879
14.3833 878
14.4 876
14.4167 874
14.4333 872
14.45 869
14.4667 867
14.4833 865
14.5 863
14.5167 861
14.5333 859
14.55 857
14.5667 855
14.5833 853
14.6 850
14.6167 848
14.6333 846
14.65 844
14.6667 841
14.6833 839
14.7 837
14.7167 834
14.7333 832
14.75 830
14.7667 827
14.7833 825
14.8 823
14.8167 820
14.8333 818
14.85 815
14.8667 813
14.8833 810
14.9 808
14.9167 805
14.9333 803
14.95 800
14.9667 798
14.9833 795
15.0 793
15.0167 790
15.0333 787
15.05 785
15.0667 782
15.0833 779
15.1 777
15.1167 774
15.1333 771
15.15 769
15.1667 766
15.1833 763
15.2 760
15.2167 757
15.2333 755
15.25 752
15.2667 749
15.2833 746
15.3 743
15.3167 740
15.3333 737
15.35 734
15.3667 731
15.3833 728
15.4 726
15.4167 723
15.4333 720
15.45 716
15.4667 713
15.4833 710
15.5 707
15.5167 704
15.5333 701
15.55 698
15.5667 695
15.5833 692
15.6 689
15.6167 686
15.6333 682
15.65 679
15.6667 676
15.6833 673
15.7 670
15.7167 666
15.7333 663
15.75 660
15.7667 657
15.7833 653
15.8 650
15.8167 647
15.8333 643
15.85 640
15.8667 637
15.8833 633
15.9 630
15.9167 626
15.9333 623
15.95 620
15.9667 616
15.9833 613
16.0 609
16.0167 606
16.0333 602
16.05 599
16.0667 595
16.0833 592
16.1 588
16.1167 585
16.1333 581
16.15 578
16.1667 574
16.1833 571
16.2 567
16.2167 564
16.2333 560
16.25 556
16.2667 553
16.2833 549
16.3 546
16.3167 542
16.3333 538
16.35 535
16.3667 531
16.3833 527
16.4 524
16.4167 520
16.4333 516
16.45 512
16.4667 509
16.4833 505
16.5 501
16.5167 498
16.5333 494
16.55 490
16.5667 486
16.5833 482
16.6 479
16.6167 475
16.6333 471
16.65 467
16.6667 463
16.6833 460
16.7 456
16.7167 452
16.7333 448
16.75 444
16.7667 440
16.7833 437
16.8 433
16.8167 429
16.8333 425
16.85 421
16.8667 417
16.8833 413
16.9 409
16.9167 406
16.9333 402
16.95 398
16.9667 394
16.9833 390
