8.0 312
8.0167 316
8.0333 320
8.05 324
8.0667 328
8.0833 332
8.1 336
8.1167 340
8.1333 344
8.15 348
8.1667 352
8.1833 356
8.2 360
8.2167 364
8.2333 368
8.25 372
8.2667 376
8.2833 380
8.3 384
8.3167 388
8.3333 392
8.35 396
8.3667 400
8.3833 404
8.4 408
8.4167 412
8.4333 415
8.45 419
8.4667 423
8.4833 427
8.5 431
8.5167 435
8.5333 439
8.55 443
8.5667 447
8.5833 451
8.6 455
8.6167 458
8.6333 462
8.65 466
8.6667 470
8.6833 474
8.7 478
8.7167 482
8.7333 485
8.75 489
8.7667 493
8.7833 497
8.8 501
8.8167 504
8.8333 508
8.85 512
8.8667 516
8.8833 520
8.9 523
8.9167 527
8.9333 531
8.95 534
8.9667 538
8.9833 542
9.0 546
9.0167 550
9.0333 554
9.05 557
9.0667 561
9.0833 565
9.1 568
9.1167 572
9.1333 576
9.15 579
9.1667 583
9.1833 586
9.2 590
9.2167 594
9.2333 597
9.25 601
9.2667 604
9.2833 608
9.3 611
9.3167 615
9.3333 618
9.35 622
9.3667 625
9.3833 629
9.4 632
9.4167 636
9.4333 639
9.45 642
9.4667 646
9.4833 649
9.5 653
9.5167 656
9.5333 659
9.55 663
9.5667 666
9.5833 669
9.6 673
9.6167 676
9.6333 679
9.65 683
9.6667 686
9.6833 689
9.7 692
9.7167 695
9.7333 699
9.75 702
9.7667 705
9.7833 708
9.8 711
9.8167 715
9.8333 718
9.85 721
9.8667 724
9.8833 727
9.9 730
9.9167 733
9.9333 736
9.95 739
9.9667 742
9.9833 745
10.0 748
10.0167 751
10.0333 754
10.05 757
10.0667 760
10.0833 763
10.1 766
10.1167 769
10.1333 771
10.15 774
10.1667 777
10.1833 780
10.2 783
10.2167 785
10.2333 788
10.25 791
10.2667 794
10.2833 796
10.3 799
10.3167 802
10.3333 804
10.35 807
10.3667 810
10.3833 812
10.4 815
10.4167 818
10.4333 820
10.45 823
10.4667 825
10.4833 828
10.5 830
10.5167 833
10.5333 835
10.55 838
10.5667 840
10.5833 843
10.6 845
10.6167 848
10.6333 850
10.65 852
10.6667 855
10.6833 857
10.7 859
10.7167 862
10.7333 864
10.75 866
10.7667 868
10.7833 871
10.8 873
10.8167 875
10.8333 877
10.85 879
10.8667 881
10.8833 884
10.9 886
10.9167 888
10.9333 890
10.95 892
10.9667 894
10.9833 896
11.0 898
11.0167 900
11.0333 902
11.05 904
11.0667 906
11.0833 908
11.1 909
11.1167 911
11.1333 913
11.15 915
11.1667 917
11.1833 919
11.2 920
11.2167 922
11.2333 924
11.25 926
11.2667 927
11.2833 929
11.3 931
11.3167 932
11.3333 934
11.35 935
11.3667 937
11.3833 939
11.4 940
11.4167 942
11.4333 943
11.45 945
11.4667 946
11.4833 948
11.5 949
11.5167 951
11.5333 952
11.55 953
11.5667 955
11.5833 956
11.6 957
11.6167 959
11.6333 960
11.65 961
11.6667 962
11.6833 964
11.7 965
11.7167 966
11.7333 967
11.75 968
11.7667 969
11.7833 971
11.8 972
11.8167 973
11.8333 974
11.85 975
11.8667 976
11.8833 977
11.9 978
11.9167 979
11.9333 980
11.95 980
11.9667 981
11.9833 982
12.0 983
12.0167 984
12.0333 985
12.05 985
12.0667 986
12.0833 987
12.1 988
12.1167 988
12.1333 989
12.15 990
12.1667 990
12.1833 991
12.2 992
12.2167 992
12.2333 993
12.25 993
12.2667 994
12.2833 994
12.3 995
12.3167 995
12.3333 996
12.35 996
12.3667 997
12.3833 997
12.4 997
12.4167 998
12.4333 998
12.45 998
12.4667 999
12.4833 999
12.5 999
12.5167 999
12.5333 1000
12.55 1000
12.5667 1000
12.5833 1000
12.6 1000
12.6167 1000
12.6333 1000
12.65 1000
12.6667 1000
12.6833 1000
12.7 1000
12.7167 1000
12.7333 1000
12.75 1000
12.7667 1000
12.7833 1000
12.8 1000
12.8167 1000
12.8333 1000
12.85 999
12.8667 999
12.8833 999
12.9 999
12.9167 999
12.9333 998
12.95 998
12.9667 998
12.9833 997
13.0 997
13.0167 996
13.0333 996
13.05 996
13.0667 995
13.0833 995
13.1 994
13.1167 994
13.1333 993
13.15 993
13.1667 992
13.1833 991
13.2 991
13.2167 990
13.2333 990
13.25 989
13.2667 988
13.2833 987
13.3 987
13.3167 986
13.3333 985
13.35 984
13.3667 984
13.3833 983
13.4 982
13.4167 981
13.4333 980
13.45 979
13.4667 978
13.4833 977
13.5 976
13.5167 975
13.5333 974
13.55 973
13.5667 972
13.5833 971
13.6 970
13.6167 969
13.6333 968
13.65 967
13.6667 966
13.6833 964
13.7 963
13.7167 962
13.7333 961
13.75 959
13.7667 958
13.7833 957
13.8 956
13.8167 954
13.8333 953
13.85 951
13.8667 950
13.8833 949
13.9 947
13.9167 946
13.9333 944
13.95 943
13.9667 941
13.9833 940
14.0 938
14.0167 937
14.0333 935
14.05 933
14.0667 932
14.0833 930
14.1 928
14.1167 927
14.1333 925
14.15 923
14.1667 922
14.1833 920
14.2 918
14.2167 916
14.2333 914
14.25 913
14.2667 911
14.2833 909
14.3 907
14.3167 905
14.3333 903
14.35 901
14.3667 899
14.3833 897
14.4 895
14.4167 893
14.4333 891
14.45 889
14.4667 887
14.4833 885
14.5 883
14.5167 881
14.5333 879
14.55 876
14.5667 874
14.5833 872
14.6 870
14.6167 868
14.6333 865
14.65 863
14.6667 861
14.6833 858
14.7 856
14.7167 854
14.7333 851
14.75 849
14.7667 847
14.7833 844
14.8 842
14.8167 839
14.8333 837
14.85 835
14.8667 832
14.8833 830
14.9 827
14.9167 824
14.9333 822
14.95 819
14.9667 817
14.9833 814
15.0 812
15.0167 809
15.0333 807
15.05 804
15.0667 801
15.0833 799
15.1 796
15.1167 793
15.1333 790
15.15 788
15.1667 785
15.1833 782
15.2 779
15.2167 776
15.2333 774
15.25 771
15.2667 768
15.2833 765
15.3 762
15.3167 759
15.3333 756
15.35 753
15.3667 750
15.3833 747
15.4 744
15.4167 741
15.4333 738
15.45 735
15.4667 732
15.4833 729
15.5 726
15.5167 723
15.5333 720
15.55 717
15.5667 714
15.5833 711
15.6 707
15.6167 704
15.6333 701
15.65 698
15.6667 695
15.6833 691
15.7 688
15.7167 685
15.7333 682
15.75 678
15.7667 675
15.7833 672
15.8 669
15.8167 665
15.8333 662
15.85 659
15.8667 655
15.8833 652
15.9 648
15.9167 645
15.9333 642
15.95 638
15.9667 635
15.9833 631
16.0 628
16.0167 624
16.0333 621
16.05 617
16.0667 614
16.0833 610
16.1 607
16.1167 603
16.1333 600
16.15 596
16.1667 593
16.1833 589
16.2 586
16.2167 582
16.2333 578
16.25 575
16.2667 571
16.2833 567
16.3 564
16.3167 560
16.3333 556
16.35 553
16.3667 549
16.3833 545
16.4 542
16.4167 538
16.4333 534
16.45 531
16.4667 527
16.4833 523
16.5 519
16.5167 516
16.5333 512
16.55 508
16.5667 504
16.5833 500
16.6 497
16.6167 493
16.6333 489
16.65 485
16.6667 481
16.6833 478
16.7 474
16.7167 470
16.7333 466
16.75 462
16.7667 458
16.7833 454
16.8 450
16.8167 447
16.8333 443
16.85 439
16.8667 435
16.8833 431
16.9 427
16.9167 423
16.9333 419
16.95 415
16.9667 411
16.9833 407
