8.0 285
8.0167 289
8.0333 293
8.05 297
8.0667 301
8.0833 305
8.1 309
8.1167 313
8.1333 317
8.15 321
8.1667 325
8.1833 329
8.2 333
8.2167 337
8.2333 341
8.25 345
8.2667 349
8.2833 353
8.3 357
8.3167 361
8.3333 365
8.35 369
8.3667 373
8.3833 377
8.4 381
8.4167 385
8.4333 389
8.45 393
8.4667 397
8.4833 401
8.5 405
8.5167 409
8.5333 413
8.55 417
8.5667 421
8.5833 425
8.6 429
8.6167 433
8.6333 437
8.65 440
8.6667 444
8.6833 448
8.7 452
8.7167 456
8.7333 460
8.75 464
8.7667 468
8.7833 472
8.8 476
8.8167 479
8.8333 483
8.85 487
8.8667 491
8.8833 495
8.9 499
8.9167 502
8.9333 506
8.95 510
8.9667 514
8.9833 518
9.0 521
9.0167 526
9.0333 530
9.05 534
9.0667 537
9.0833 541
9.1 545
9.1167 548
9.1333 552
9.15 556
9.1667 559
9.1833 563
9.2 567
9.2167 570
9.2333 574
9.25 578
9.2667 581
9.2833 585
9.3 588
9.3167 592
9.3333 596
9.35 599
9.3667 603
9.3833 606
9.4 610
9.4167 613
9.4333 617
9.45 620
9.4667 624
9.4833 627
9.5 631
9.5167 634
9.5333 638
9.55 641
9.5667 644
9.5833 648
9.6 651
9.6167 655
9.6333 658
9.65 661
9.6667 665
9.6833 668
9.7 671
9.7167 675
9.7333 678
9.75 681
9.7667 684
9.7833 688
9.8 691
9.8167 694
9.8333 697
9.85 700
9.8667 704
9.8833 707
9.9 710
9.9167 713
9.9333 716
9.95 719
9.9667 722
9.9833 725
10.0 728
10.0167 731
10.0333 734
10.05 737
10.0667 740
10.0833 743
10.1 746
10.1167 749
10.1333 752
10.15 755
10.1667 758
10.1833 761
10.2 764
10.2167 767
10.2333 770
10.25 772
10.2667 775
10.2833 778
10.3 781
10.3167 784
10.3333 786
10.35 789
10.3667 792
10.3833 794
10.4 797
10.4167 800
10.4333 802
10.45 805
10.4667 808
10.4833 810
10.5 813
10.5167 816
10.5333 818
10.55 821
10.5667 823
10.5833 826
10.6 828
10.6167 831
10.6333 833
10.65 835
10.6667 838
10.6833 840
10.7 843
10.7167 845
10.7333 847
10.75 850
10.7667 852
10.7833 854
10.8 857
10.8167 859
10.8333 861
10.85 863
10.8667 866
10.8833 868
10.9 870
10.9167 872
10.9333 874
10.95 876
10.9667 878
10.9833 881
11.0 883
11.0167 885
11.0333 887
11.05 889
11.0667 891
11.0833 893
11.1 895
11.1167 897
11.1333 898
11.15 900
11.1667 902
11.1833 904
11.2 906
11.2167 908
11.2333 910
11.25 911
11.2667 913
11.2833 915
11.3 917
11.3167 918
11.3333 920
11.35 922
11.3667 923
11.3833 925
11.4 927
11.4167 928
11.4333 930
11.45 931
11.4667 933
11.4833 934
11.5 936
11.5167 937
11.5333 939
11.55 940
11.5667 942
11.5833 943
11.6 944
11.6167 946
11.6333 947
11.65 949
11.6667 950
11.6833 951
11.7 952
11.7167 954
11.7333 955
11.75 956
11.7667 957
11.7833 958
11.8 960
11.8167 961
11.8333 962
11.85 963
11.8667 964
11.8833 965
11.9 966
11.9167 967
11.9333 968
11.95 969
11.9667 970
11.9833 971
12.0 972
12.0167 973
12.0333 973
12.05 974
12.0667 975
12.0833 976
12.1 977
12.1167 978
12.1333 978
12.15 979
12.1667 980
12.1833 980
12.2 981
12.2167 982
12.2333 982
12.25 983
12.2667 983
12.2833 984
12.3 985
12.3167 985
12.3333 986
12.35 986
12.3667 987
12.3833 987
12.4 987
12.4167 988
12.4333 988
12.45 988
12.4667 989
12.4833 989
12.5 989
12.5167 990
12.5333 990
12.55 990
12.5667 990
12.5833 991
12.6 991
12.6167 991
12.6333 991
12.65 991
12.6667 991
12.6833 991
12.7 991
12.7167 991
12.7333 991
12.75 991
12.7667 991
12.7833 991
12.8 991
12.8167 991
12.8333 991
12.85 991
12.8667 991
12.8833 990
12.9 990
12.9167 990
12.9333 990
12.95 990
12.9667 989
12.9833 989
13.0 989
13.0167 988
13.0333 988
13.05 988
13.0667 987
13.0833 987
13.1 986
13.1167 986
13.1333 985
13.15 985
13.1667 984
13.1833 984
13.2 983
13.2167 983
13.2333 982
13.25 981
13.2667 981
13.2833 980
13.3 979
13.3167 979
13.3333 978
13.35 977
13.3667 976
13.3833 975
13.4 975
13.4167 974
13.4333 973
13.45 972
13.4667 971
13.4833 970
13.5 969
13.5167 968
13.5333 967
13.55 966
13.5667 965
13.5833 964
13.6 963
13.6167 962
13.6333 961
13.65 960
13.6667 959
13.6833 958
13.7 957
13.7167 955
13.7333 954
13.75 953
13.7667 952
13.7833 950
13.8 949
13.8167 948
13.8333 946
13.85 945
13.8667 944
13.8833 942
13.9 941
13.9167 939
13.9333 938
13.95 936
13.9667 935
13.9833 933
14.0 932
14.0167 930
14.0333 929
14.05 927
14.0667 926
14.0833 924
14.1 922
14.1167 921
14.1333 919
14.15 917
14.1667 916
14.1833 914
14.2 912
14.2167 910
14.2333 908
14.25 907
14.2667 905
14.2833 903
14.3 901
14.3167 899
14.3333 897
14.35 895
14.3667 893
14.3833 891
14.4 889
14.4167 887
14.4333 885
14.45 883
14.4667 881
14.4833 879
14.5 877
14.5167 875
14.5333 873
14.55 871
14.5667 869
14.5833 866
14.6 864
14.6167 862
14.6333 860
14.65 858
14.6667 855
14.6833 853
14.7 851
14.7167 848
14.7333 846
14.75 844
14.7667 841
14.7833 839
14.8 836
14.8167 834
14.8333 832
14.85 829
14.8667 827
14.8833 824
14.9 822
14.9167 819
14.9333 817
14.95 814
14.9667 811
14.9833 809
15.0 807
15.0167 804
15.0333 801
15.05 799
15.0667 796
15.0833 793
15.1 791
15.1167 788
15.1333 785
15.15 782
15.1667 780
15.1833 777
15.2 774
15.2167 771
15.2333 768
15.25 765
15.2667 763
15.2833 760
15.3 757
15.3167 754
15.3333 751
15.35 748
15.3667 745
15.3833 742
15.4 739
15.4167 736
15.4333 733
15.45 730
15.4667 727
15.4833 724
15.5 721
15.5167 718
15.5333 715
15.55 711
15.5667 708
15.5833 705
15.6 702
15.6167 699
15.6333 696
15.65 692
15.6667 689
15.6833 686
15.7 683
15.7167 679
15.7333 676
15.75 673
15.7667 670
15.7833 666
15.8 663
15.8167 660
15.8333 656
15.85 653
15.8667 650
15.8833 646
15.9 643
15.9167 639
15.9333 636
15.95 632
15.9667 629
15.9833 626
16.0 622
16.0167 619
16.0333 615
16.05 612
16.0667 608
16.0833 605
16.1 601
16.1167 597
16.1333 594
16.15 590
16.1667 587
16.1833 583
16.2 579
16.2167 576
16.2333 572
16.25 569
16.2667 565
16.2833 561
16.3 558
16.3167 554
16.3333 550
16.35 547
16.3667 543
16.3833 539
16.4 535
16.4167 532
16.4333 528
16.45 524
16.4667 520
16.4833 517
16.5 513
16.5167 509
16.5333 505
16.55 501
16.5667 498
16.5833 494
16.6 490
16.6167 486
16.6333 482
16.65 478
16.6667 474
16.6833 471
16.7 467
16.7167 463
16.7333 459
16.75 455
16.7667 451
16.7833 447
16.8 443
16.8167 439
16.8333 435
16.85 432
16.8667 428
16.8833 424
16.9 420
16.9167 416
16.9333 412
16.95 408
16.9667 404
16.9833 400
