8.0 254
8.0167 258
8.0333 262
8.05 266
8.0667 270
8.0833 273
8.1 277
8.1167 281
8.1333 285
8.15 289
8.1667 293
8.1833 297
8.2 301
8.2167 305
8.2333 309
8.25 313
8.2667 317
8.2833 321
8.3 325
8.3167 329
8.3333 333
8.35 336
8.3667 340
8.3833 344
8.4 348
8.4167 352
8.4333 356
8.45 360
8.4667 364
8.4833 368
8.5 372
8.5167 376
8.5333 380
8.55 384
8.5667 388
8.5833 391
8.6 395
8.6167 399
8.6333 403
8.65 407
8.6667 411
8.6833 415
8.7 419
8.7167 423
8.7333 426
8.75 430
8.7667 434
8.7833 438
8.8 442
8.8167 446
8.8333 449
8.85 453
8.8667 457
8.8833 461
8.9 465
8.9167 469
8.9333 472
8.95 476
8.9667 480
8.9833 484
9.0 487
9.0167 492
9.0333 496
9.05 500
9.0667 503
9.0833 507
9.1 511
9.1167 514
9.1333 518
9.15 522
9.1667 526
9.1833 529
9.2 533
9.2167 536
9.2333 540
9.25 544
9.2667 547
9.2833 551
9.3 555
9.3167 558
9.3333 562
9.35 565
9.3667 569
9.3833 572
9.4 576
9.4167 579
9.4333 583
9.45 586
9.4667 590
9.4833 593
9.5 597
9.5167 600
9.5333 604
9.55 607
9.5667 611
9.5833 614
9.6 617
9.6167 621
9.6333 624
9.65 627
9.6667 631
9.6833 634
9.7 637
9.7167 641
9.7333 644
9.75 647
9.7667 651
9.7833 654
9.8 657
9.8167 660
9.8333 663
9.85 667
9.8667 670
9.8833 673
9.9 676
9.9167 679
9.9333 682
9.95 686
9.9667 689
9.9833 692
10.0 695
10.0167 698
10.0333 701
10.05 704
10.0667 707
10.0833 710
10.1 713
10.1167 716
10.1333 719
10.15 722
10.1667 725
10.1833 728
10.2 731
10.2167 733
10.2333 736
10.25 739
10.2667 742
10.2833 745
10.3 748
10.3167 750
10.3333 753
10.35 756
10.3667 759
10.3833 761
10.4 764
10.4167 767
10.4333 770
10.45 772
10.4667 775
10.4833 777
10.5 780
10.5167 783
10.5333 785
10.55 788
10.5667 790
10.5833 793
10.6 795
10.6167 798
10.6333 800
10.65 803
10.6667 805
10.6833 808
10.7 810
10.7167 812
10.7333 815
10.75 817
10.7667 820
10.7833 822
10.8 824
10.8167 826
10.8333 829
10.85 831
10.8667 833
10.8833 835
10.9 838
10.9167 840
10.9333 842
10.95 844
10.9667 846
10.9833 848
11.0 851
11.0167 853
11.0333 855
11.05 857
11.0667 859
11.0833 861
11.1 863
11.1167 865
11.1333 867
11.15 869
11.1667 870
11.1833 872
11.2 874
11.2167 876
11.2333 878
11.25 880
11.2667 881
11.2833 883
11.3 885
11.3167 887
11.3333 888
11.35 890
11.3667 892
11.3833 894
11.4 895
11.4167 897
11.4333 898
11.45 900
11.4667 902
11.4833 903
11.5 905
11.5167 906
11.5333 908
11.55 909
11.5667 911
11.5833 912
11.6 913
11.6167 915
11.6333 916
11.65 918
11.6667 919
11.6833 920
11.7 922
11.7167 923
11.7333 924
11.75 925
11.7667 927
11.7833 928
11.8 929
11.8167 930
11.8333 931
11.85 932
11.8667 933
11.8833 934
11.9 936
11.9167 937
11.9333 938
11.95 939
11.9667 940
11.9833 941
12.0 941
12.0167 942
12.0333 943
12.05 944
12.0667 945
12.0833 946
12.1 947
12.1167 947
12.1333 948
12.15 949
12.1667 950
12.1833 950
12.2 951
12.2167 952
12.2333 952
12.25 953
12.2667 954
12.2833 954
12.3 955
12.3167 955
12.3333 956
12.35 956
12.3667 957
12.3833 957
12.4 958
12.4167 958
12.4333 959
12.45 959
12.4667 959
12.4833 960
12.5 960
12.5167 960
12.5333 961
12.55 961
12.5667 961
12.5833 961
12.6 962
12.6167 962
12.6333 962
12.65 962
12.6667 962
12.6833 962
12.7 962
12.7167 962
12.7333 962
12.75 962
12.7667 962
12.7833 962
12.8 962
12.8167 962
12.8333 962
12.85 962
12.8667 962
12.8833 962
12.9 962
12.9167 961
12.9333 961
12.95 961
12.9667 961
12.9833 960
13.0 960
13.0167 960
13.0333 960
13.05 959
13.0667 959
13.0833 958
13.1 958
13.1167 958
13.1333 957
13.15 957
13.1667 956
13.1833 956
13.2 955
13.2167 954
13.2333 954
13.25 953
13.2667 953
13.2833 952
13.3 951
13.3167 951
13.3333 950
13.35 949
13.3667 948
13.3833 948
13.4 947
13.4167 946
13.4333 945
13.45 944
13.4667 944
13.4833 943
13.5 942
13.5167 941
13.5333 940
13.55 939
13.5667 938
13.5833 937
13.6 936
13.6167 935
13.6333 934
13.65 933
13.6667 932
13.6833 930
13.7 929
13.7167 928
13.7333 927
13.75 926
13.7667 924
13.7833 923
13.8 922
13.8167 921
13.8333 919
13.85 918
13.8667 917
13.8833 915
13.9 914
13.9167 912
13.9333 911
13.95 910
13.9667 908
13.9833 907
14.0 905
14.0167 904
14.0333 902
14.05 900
14.0667 899
14.0833 897
14.1 896
14.1167 894
14.1333 892
14.15 891
14.1667 889
14.1833 887
14.2 886
14.2167 884
14.2333 882
14.25 880
14.2667 878
14.2833 877
14.3 875
14.3167 873
14.3333 871
14.35 869
14.3667 867
14.3833 865
14.4 863
14.4167 861
14.4333 859
14.45 857
14.4667 855
14.4833 853
14.5 851
14.5167 849
14.5333 847
14.55 845
14.5667 843
14.5833 840
14.6 838
14.6167 836
14.6333 834
14.65 832
14.6667 829
14.6833 827
14.7 825
14.7167 823
14.7333 820
14.75 818
14.7667 816
14.7833 813
14.8 811
14.8167 808
14.8333 806
14.85 804
14.8667 801
14.8833 799
14.9 796
14.9167 794
14.9333 791
14.95 789
14.9667 786
14.9833 783
15.0 781
15.0167 779
15.0333 776
15.05 773
15.0667 771
15.0833 768
15.1 765
15.1167 763
15.1333 760
15.15 757
15.1667 754
15.1833 752
15.2 749
15.2167 746
15.2333 743
15.25 740
15.2667 738
15.2833 735
15.3 732
15.3167 729
15.3333 726
15.35 723
15.3667 720
15.3833 717
15.4 714
15.4167 711
15.4333 708
15.45 705
15.4667 702
15.4833 699
15.5 696
15.5167 693
15.5333 690
15.55 687
15.5667 684
15.5833 681
15.6 678
15.6167 674
15.6333 671
15.65 668
15.6667 665
15.6833 662
15.7 658
15.7167 655
15.7333 652
15.75 649
15.7667 645
15.7833 642
15.8 639
15.8167 635
15.8333 632
15.85 629
15.8667 625
15.8833 622
15.9 619
15.9167 615
15.9333 612
15.95 609
15.9667 605
15.9833 602
16.0 598
16.0167 595
16.0333 591
16.05 588
16.0667 584
16.0833 581
16.1 577
16.1167 574
16.1333 570
16.15 567
16.1667 563
16.1833 560
16.2 556
16.2167 552
16.2333 549
16.25 545
16.2667 542
16.2833 538
16.3 534
16.3167 531
16.3333 527
16.35 523
16.3667 520
16.3833 516
16.4 512
16.4167 509
16.4333 505
16.45 501
16.4667 497
16.4833 494
16.5 490
16.5167 486
16.5333 482
16.55 479
16.5667 475
16.5833 471
16.6 467
16.6167 463
16.6333 460
16.65 456
16.6667 452
16.6833 448
16.7 444
16.7167 440
16.7333 437
16.75 433
16.7667 429
16.7833 425
16.8 421
16.8167 417
16.8333 413
16.85 410
16.8667 406
16.8833 402
16.9 398
16.9167 394
16.9333 390
16.95 386
16.9667 382
16.9833 378
