8.0 341
8.0167 345
8.0333 349
8.05 353
8.0667 357
8.0833 361
8.1 365
8.1167 369
8.1333 373
8.15 376
8.1667 380
8.1833 384
8.2 388
8.2167 392
8.2333 396
8.25 400
8.2667 404
8.2833 407
8.3 411
8.3167 415
8.3333 419
8.35 423
8.3667 427
8.3833 431
8.4 434
8.4167 438
8.4333 442
8.45 446
8.4667 450
8.4833 453
8.5 457
8.5167 461
8.5333 465
8.55 469
8.5667 472
8.5833 476
8.6 480
8.6167 484
8.6333 488
8.65 491
8.6667 495
8.6833 499
8.7 502
8.7167 506
8.7333 510
8.75 514
8.7667 517
8.7833 521
8.8 525
8.8167 528
8.8333 532
8.85 536
8.8667 539
8.8833 543
8.9 547
8.9167 550
8.9333 554
8.95 558
8.9667 561
8.9833 565
9.0 568
9.0167 572
9.0333 576
9.05 580
9.0667 583
9.0833 587
9.1 590
9.1167 594
9.1333 597
9.15 601
9.1667 604
9.1833 608
9.2 611
9.2167 615
9.2333 618
9.25 622
9.2667 625
9.2833 628
9.3 632
9.3167 635
9.3333 639
9.35 642
9.3667 645
9.3833 649
9.4 652
9.4167 655
9.4333 659
9.45 662
9.4667 665
9.4833 668
9.5 672
9.5167 675
9.5333 678
9.55 681
9.5667 685
9.5833 688
9.6 691
9.6167 694
9.6333 697
9.65 701
9.6667 704
9.6833 707
9.7 710
9.7167 713
9.7333 716
9.75 719
9.7667 722
9.7833 725
9.8 728
9.8167 731
9.8333 734
9.85 737
9.8667 740
9.8833 743
9.9 746
9.9167 749
9.9333 752
9.95 755
9.9667 758
9.9833 761
10.0 764
10.0167 767
10.0333 769
10.05 772
10.0667 775
10.0833 778
10.1 781
10.1167 783
10.1333 786
10.15 789
10.1667 792
10.1833 794
10.2 797
10.2167 800
10.2333 802
10.25 805
10.2667 808
10.2833 810
10.3 813
10.3167 815
10.3333 818
10.35 821
10.3667 823
10.3833 826
10.4 828
10.4167 831
10.4333 833
10.45 836
10.4667 838
10.4833 840
10.5 843
10.5167 845
10.5333 848
10.55 850
10.5667 852
10.5833 855
10.6 857
10.6167 859
10.6333 862
10.65 864
10.6667 866
10.6833 868
10.7 871
10.7167 873
10.7333 875
10.75 877
10.7667 879
10.7833 881
10.8 883
10.8167 886
10.8333 888
10.85 890
10.8667 892
10.8833 894
10.9 896
10.9167 898
10.9333 900
10.95 902
10.9667 904
10.9833 906
11.0 907
11.0167 909
11.0333 911
11.05 913
11.0667 915
11.0833 917
11.1 918
11.1167 920
11.1333 922
11.15 924
11.1667 925
11.1833 927
11.2 929
11.2167 931
11.2333 932
11.25 934
11.2667 935
11.2833 937
11.3 939
11.3167 940
11.3333 942
11.35 943
11.3667 945
11.3833 946
11.4 948
11.4167 949
11.4333 951
11.45 952
11.4667 953
11.4833 955
11.5 956
11.5167 957
11.5333 959
11.55 960
11.5667 961
11.5833 963
11.6 964
11.6167 965
11.6333 966
11.65 967
11.6667 969
11.6833 970
11.7 971
11.7167 972
11.7333 973
11.75 974
11.7667 975
11.7833 976
11.8 977
11.8167 978
11.8333 979
11.85 980
11.8667 981
11.8833 982
11.9 983
11.9167 984
11.9333 985
11.95 985
11.9667 986
11.9833 987
12.0 988
12.0167 989
12.0333 989
12.05 990
12.0667 991
12.0833 991
12.1 992
12.1167 993
12.1333 993
12.15 994
12.1667 994
12.1833 995
12.2 996
12.2167 996
12.2333 997
12.25 997
12.2667 998
12.2833 998
12.3 998
12.3167 999
12.3333 999
12.35 1000
12.3667 1000
12.3833 1000
12.4 1001
12.4167 1001
12.4333 1001
12.45 1001
12.4667 1002
12.4833 1002
12.5 1002
12.5167 1002
12.5333 1002
12.55 1002
12.5667 1002
12.5833 1003
12.6 1003
12.6167 1003
12.6333 1003
12.65 1003
12.6667 1003
12.6833 1003
12.7 1003
12.7167 1003
12.7333 1002
12.75 1002
12.7667 1002
12.7833 1002
12.8 1002
12.8167 1002
12.8333 1001
12.85 1001
12.8667 1001
12.8833 1001
12.9 1000
12.9167 1000
12.9333 1000
12.95 999
12.9667 999
12.9833 999
13.0 998
13.0167 998
13.0333 997
13.05 997
13.0667 996
13.0833 996
13.1 995
13.1167 995
13.1333 994
13.15 994
13.1667 993
13.1833 992
13.2 992
13.2167 991
13.2333 990
13.25 990
13.2667 989
13.2833 988
13.3 987
13.3167 987
13.3333 986
13.35 985
13.3667 984
13.3833 983
13.4 982
13.4167 982
13.4333 981
13.45 980
13.4667 979
13.4833 978
13.5 977
13.5167 976
13.5333 975
13.55 974
13.5667 973
13.5833 971
13.6 970
13.6167 969
13.6333 968
13.65 967
13.6667 966
13.6833 965
13.7 963
13.7167 962
13.7333 961
13.75 959
13.7667 958
13.7833 957
13.8 956
13.8167 954
13.8333 953
13.85 951
13.8667 950
13.8833 949
13.9 947
13.9167 946
13.9333 944
13.95 943
13.9667 941
13.9833 940
14.0 938
14.0167 936
14.0333 935
14.05 933
14.0667 932
14.0833 930
14.1 928
14.1167 926
14.1333 925
14.15 923
14.1667 921
14.1833 920
14.2 918
14.2167 916
14.2333 914
14.25 912
14.2667 910
14.2833 909
14.3 907
14.3167 905
14.3333 903
14.35 901
14.3667 899
14.3833 897
14.4 895
14.4167 893
14.4333 891
14.45 889
14.4667 887
14.4833 885
14.5 883
14.5167 881
14.5333 878
14.55 876
14.5667 874
14.5833 872
14.6 870
14.6167 867
14.6333 865
14.65 863
14.6667 861
14.6833 858
14.7 856
14.7167 854
14.7333 851
14.75 849
14.7667 847
14.7833 844
14.8 842
14.8167 840
14.8333 837
14.85 835
14.8667 832
14.8833 830
14.9 827
14.9167 825
14.9333 822
14.95 820
14.9667 817
14.9833 814
15.0 812
15.0167 809
15.0333 807
15.05 804
15.0667 802
15.0833 799
15.1 796
15.1167 794
15.1333 791
15.15 788
15.1667 785
15.1833 783
15.2 780
15.2167 777
15.2333 774
15.25 771
15.2667 769
15.2833 766
15.3 763
15.3167 760
15.3333 757
15.35 754
15.3667 751
15.3833 748
15.4 745
15.4167 742
15.4333 739
15.45 736
15.4667 733
15.4833 730
15.5 727
15.5167 724
15.5333 721
15.55 718
15.5667 715
15.5833 712
15.6 709
15.6167 706
15.6333 703
15.65 700
15.6667 696
15.6833 693
15.7 690
15.7167 687
15.7333 684
15.75 680
15.7667 677
15.7833 674
15.8 671
15.8167 667
15.8333 664
15.85 661
15.8667 658
15.8833 654
15.9 651
15.9167 648
15.9333 644
15.95 641
15.9667 637
15.9833 634
16.0 631
16.0167 627
16.0333 624
16.05 620
16.0667 617
16.0833 614
16.1 610
16.1167 607
16.1333 603
16.15 600
16.1667 596
16.1833 593
16.2 589
16.2167 586
16.2333 582
16.25 578
16.2667 575
16.2833 571
16.3 568
16.3167 564
16.3333 561
16.35 557
16.3667 553
16.3833 550
16.4 546
16.4167 542
16.4333 539
16.45 535
16.4667 531
16.4833 528
16.5 524
16.5167 520
16.5333 517
16.55 513
16.5667 509
16.5833 506
16.6 502
16.6167 498
16.6333 494
16.65 491
16.6667 487
16.6833 483
16.7 479
16.7167 476
16.7333 472
16.75 468
16.7667 464
16.7833 460
16.8 457
16.8167 453
16.8333 449
16.85 445
16.8667 441
16.8833 438
16.9 434
16.9167 430
16.9333 426
16.95 422
16.9667 418
16.9833 415
