8.0 297
8.0167 301
8.0333 305
8.05 309
8.0667 313
8.0833 317
8.1 321
8.1167 325
8.1333 329
8.15 333
8.1667 337
8.1833 341
8.2 345
8.2167 349
8.2333 353
8.25 357
8.2667 361
8.2833 365
8.3 369
8.3167 373
8.3333 377
8.35 381
8.3667 385
8.3833 389
8.4 393
8.4167 397
8.4333 401
8.45 405
8.4667 409
8.4833 413
8.5 417
8.5167 421
8.5333 425
8.55 429
8.5667 433
8.5833 437
8.6 441
8.6167 445
8.6333 449
8.65 453
8.6667 457
8.6833 460
8.7 464
8.7167 468
8.7333 472
8.75 476
8.7667 480
8.7833 484
8.8 488
8.8167 491
8.8333 495
8.85 499
8.8667 503
8.8833 507
8.9 511
8.9167 514
8.9333 518
8.95 522
8.9667 526
8.9833 529
9.0 533
9.0167 538
9.0333 542
9.05 545
9.0667 549
9.0833 553
9.1 556
9.1167 560
9.1333 564
9.15 567
9.1667 571
9.1833 575
9.2 578
9.2167 582
9.2333 586
9.25 589
9.2667 593
9.2833 596
9.3 600
9.3167 604
9.3333 607
9.35 611
9.3667 614
9.3833 618
9.4 621
9.4167 625
9.4333 628
9.45 632
9.4667 635
9.4833 639
9.5 642
9.5167 645
9.5333 649
9.55 652
9.5667 656
9.5833 659
9.6 662
9.6167 666
9.6333 669
9.65 672
9.6667 676
9.6833 679
9.7 682
9.7167 685
9.7333 689
9.75 692
9.7667 695
9.7833 698
9.8 702
9.8167 705
9.8333 708
9.85 711
9.8667 714
9.8833 717
9.9 721
9.9167 724
9.9333 727
9.95 730
9.9667 733
9.9833 736
10.0 739
10.0167 742
10.0333 745
10.05 748
10.0667 751
10.0833 754
10.1 757
10.1167 760
10.1333 763
10.15 766
10.1667 769
10.1833 771
10.2 774
10.2167 777
10.2333 780
10.25 783
10.2667 786
10.2833 788
10.3 791
10.3167 794
10.3333 797
10.35 799
10.3667 802
10.3833 805
10.4 807
10.4167 810
10.4333 813
10.45 815
10.4667 818
10.4833 820
10.5 823
10.5167 825
10.5333 828
10.55 830
10.5667 833
10.5833 835
10.6 838
10.6167 840
10.6333 843
10.65 845
10.6667 848
10.6833 850
10.7 852
10.7167 855
10.7333 857
10.75 859
10.7667 862
10.7833 864
10.8 866
10.8167 868
10.8333 871
10.85 873
10.8667 875
10.8833 877
10.9 879
10.9167 881
10.9333 884
10.95 886
10.9667 888
10.9833 890
11.0 892
11.0167 894
11.0333 896
11.05 898
11.0667 900
11.0833 902
11.1 904
11.1167 906
11.1333 908
11.15 909
11.1667 911
11.1833 913
11.2 915
11.2167 917
11.2333 919
11.25 920
11.2667 922
11.2833 924
11.3 925
11.3167 927
11.3333 929
11.35 930
11.3667 932
11.3833 934
11.4 935
11.4167 937
11.4333 938
11.45 940
11.4667 942
11.4833 943
11.5 944
11.5167 946
11.5333 947
11.55 949
11.5667 950
11.5833 952
11.6 953
11.6167 954
11.6333 956
11.65 957
11.6667 958
11.6833 959
11.7 961
11.7167 962
11.7333 963
11.75 964
11.7667 966
11.7833 967
11.8 968
11.8167 969
11.8333 970
11.85 971
11.8667 972
11.8833 973
11.9 974
11.9167 975
11.9333 976
11.95 977
11.9667 978
11.9833 979
12.0 980
12.0167 981
12.0333 981
12.05 982
12.0667 983
12.0833 984
12.1 985
12.1167 985
12.1333 986
12.15 987
12.1667 987
12.1833 988
12.2 989
12.2167 989
12.2333 990
12.25 991
12.2667 991
12.2833 992
12.3 992
12.3167 993
12.3333 993
12.35 994
12.3667 994
12.3833 995
12.4 995
12.4167 995
12.4333 996
12.45 996
12.4667 996
12.4833 997
12.5 997
12.5167 997
12.5333 997
12.55 998
12.5667 998
12.5833 998
12.6 998
12.6167 998
12.6333 998
12.65 998
12.6667 998
12.6833 999
12.7 999
12.7167 999
12.7333 999
12.75 999
12.7667 998
12.7833 998
12.8 998
12.8167 998
12.8333 998
12.85 998
12.8667 998
12.8833 998
12.9 997
12.9167 997
12.9333 997
12.95 997
12.9667 996
12.9833 996
13.0 996
13.0167 995
13.0333 995
13.05 994
13.0667 994
13.0833 994
13.1 993
13.1167 993
13.1333 992
13.15 992
13.1667 991
13.1833 990
13.2 990
13.2167 989
13.2333 989
13.25 988
13.2667 987
13.2833 987
13.3 986
13.3167 985
13.3333 984
13.35 984
13.3667 983
13.3833 982
13.4 981
13.4167 980
13.4333 979
13.45 979
13.4667 978
13.4833 977
13.5 976
13.5167 975
13.5333 974
13.55 973
13.5667 972
13.5833 971
13.6 970
13.6167 969
13.6333 967
13.65 966
13.6667 965
13.6833 964
13.7 963
13.7167 962
13.7333 960
13.75 959
13.7667 958
13.7833 957
13.8 955
13.8167 954
13.8333 953
13.85 951
13.8667 950
13.8833 948
13.9 947
13.9167 946
13.9333 944
13.95 943
13.9667 941
13.9833 940
14.0 938
14.0167 936
14.0333 935
14.05 933
14.0667 932
14.0833 930
14.1 928
14.1167 927
14.1333 925
14.15 923
14.1667 922
14.1833 920
14.2 918
14.2167 916
14.2333 914
14.25 913
14.2667 911
14.2833 909
14.3 907
14.3167 905
14.3333 903
14.35 901
14.3667 899
14.3833 897
14.4 895
14.4167 893
14.4333 891
14.45 889
14.4667 887
14.4833 885
14.5 883
14.5167 881
14.5333 879
14.55 877
14.5667 874
14.5833 872
14.6 870
14.6167 868
14.6333 866
14.65 863
14.6667 861
14.6833 859
14.7 856
14.7167 854
14.7333 852
14.75 849
14.7667 847
14.7833 845
14.8 842
14.8167 840
14.8333 837
14.85 835
14.8667 832
14.8833 830
14.9 827
14.9167 825
14.9333 822
14.95 820
14.9667 817
14.9833 814
15.0 812
15.0167 810
15.0333 807
15.05 804
15.0667 802
15.0833 799
15.1 796
15.1167 793
15.1333 791
15.15 788
15.1667 785
15.1833 782
15.2 779
15.2167 777
15.2333 774
15.25 771
15.2667 768
15.2833 765
15.3 762
15.3167 759
15.3333 756
15.35 753
15.3667 751
15.3833 748
15.4 745
15.4167 742
15.4333 739
15.45 735
15.4667 732
15.4833 729
15.5 726
15.5167 723
15.5333 720
15.55 717
15.5667 714
15.5833 711
15.6 708
15.6167 704
15.6333 701
15.65 698
15.6667 695
15.6833 691
15.7 688
15.7167 685
15.7333 682
15.75 678
15.7667 675
15.7833 672
15.8 668
15.8167 665
15.8333 662
15.85 658
15.8667 655
15.8833 652
15.9 648
15.9167 645
15.9333 641
15.95 638
15.9667 634
15.9833 631
16.0 628
16.0167 624
16.0333 621
16.05 617
16.0667 614
16.0833 610
16.1 606
16.1167 603
16.1333 599
16.15 596
16.1667 592
16.1833 589
16.2 585
16.2167 581
16.2333 578
16.25 574
16.2667 570
16.2833 567
16.3 563
16.3167 559
16.3333 556
16.35 552
16.3667 548
16.3833 545
16.4 541
16.4167 537
16.4333 533
16.45 530
16.4667 526
16.4833 522
16.5 518
16.5167 515
16.5333 511
16.55 507
16.5667 503
16.5833 499
16.6 495
16.6167 492
16.6333 488
16.65 484
16.6667 480
16.6833 476
16.7 472
16.7167 468
16.7333 465
16.75 461
16.7667 457
16.7833 453
16.8 449
16.8167 445
16.8333 441
16.85 437
16.8667 433
16.8833 429
16.9 425
16.9167 421
16.9333 417
16.95 413
16.9667 409
16.9833 405
