8.0 326
8.0167 330
8.0333 334
8.05 338
8.0667 342
8.0833 346
8.1 350
8.1167 354
8.1333 359
8.15 363
8.1667 367
8.1833 371
8.2 375
8.2167 379
8.2333 383
8.25 387
8.2667 391
8.2833 395
8.3 399
8.3167 403
8.3333 407
8.35 411
8.3667 415
8.3833 419
8.4 423
8.4167 427
8.4333 431
8.45 434
8.4667 438
8.4833 442
8.5 446
8.5167 450
8.5333 454
8.55 458
8.5667 462
8.5833 466
8.6 470
8.6167 474
8.6333 478
8.65 482
8.6667 485
8.6833 489
8.7 493
8.7167 497
8.7333 501
8.75 505
8.7667 509
8.7833 512
8.8 516
8.8167 520
8.8333 524
8.85 528
8.8667 531
8.8833 535
8.9 539
8.9167 543
8.9333 547
8.95 550
8.9667 554
8.9833 558
9.0 561
9.0167 566
9.0333 570
9.05 573
9.0667 577
9.0833 581
9.1 584
9.1167 588
9.1333 592
9.15 595
9.1667 599
9.1833 602
9.2 606
9.2167 610
9.2333 613
9.25 617
9.2667 620
9.2833 624
9.3 627
9.3167 631
9.3333 634
9.35 638
9.3667 641
9.3833 645
9.4 648
9.4167 652
9.4333 655
9.45 659
9.4667 662
9.4833 665
9.5 669
9.5167 672
9.5333 676
9.55 679
9.5667 682
9.5833 686
9.6 689
9.6167 692
9.6333 696
9.65 699
9.6667 702
9.6833 705
9.7 709
9.7167 712
9.7333 715
9.75 718
9.7667 721
9.7833 725
9.8 728
9.8167 731
9.8333 734
9.85 737
9.8667 740
9.8833 743
9.9 746
9.9167 749
9.9333 752
9.95 755
9.9667 758
9.9833 761
10.0 764
10.0167 767
10.0333 770
10.05 773
10.0667 776
10.0833 779
10.1 782
10.1167 785
10.1333 788
10.15 791
10.1667 793
10.1833 796
10.2 799
10.2167 802
10.2333 805
10.25 807
10.2667 810
10.2833 813
10.3 816
10.3167 818
10.3333 821
10.35 824
10.3667 826
10.3833 829
10.4 831
10.4167 834
10.4333 837
10.45 839
10.4667 842
10.4833 844
10.5 847
10.5167 849
10.5333 852
10.55 854
10.5667 857
10.5833 859
10.6 862
10.6167 864
10.6333 866
10.65 869
10.6667 871
10.6833 873
10.7 876
10.7167 878
10.7333 880
10.75 882
10.7667 885
10.7833 887
10.8 889
10.8167 891
10.8333 894
10.85 896
10.8667 898
10.8833 900
10.9 902
10.9167 904
10.9333 906
10.95 908
10.9667 910
10.9833 912
11.0 914
11.0167 916
11.0333 918
11.05 920
11.0667 922
11.0833 924
11.1 926
11.1167 928
11.1333 930
11.15 931
11.1667 933
11.1833 935
11.2 937
11.2167 939
11.2333 940
11.25 942
11.2667 944
11.2833 945
11.3 947
11.3167 949
11.3333 950
11.35 952
11.3667 953
11.3833 955
11.4 957
11.4167 958
11.4333 960
11.45 961
11.4667 963
11.4833 964
11.5 965
11.5167 967
11.5333 968
11.55 970
11.5667 971
11.5833 972
11.6 974
11.6167 975
11.6333 976
11.65 977
11.6667 979
11.6833 980
11.7 981
11.7167 982
11.7333 983
11.75 985
11.7667 986
11.7833 987
11.8 988
11.8167 989
11.8333 990
11.85 991
11.8667 992
11.8833 993
11.9 994
11.9167 995
11.9333 996
11.95 997
11.9667 998
11.9833 998
12.0 999
12.0167 1000
12.0333 1001
12.05 1002
12.0667 1002
12.0833 1003
12.1 1004
12.1167 1005
12.1333 1005
12.15 1006
12.1667 1007
12.1833 1007
12.2 1008
12.2167 1008
12.2333 1009
12.25 1010
12.2667 1010
12.2833 1011
12.3 1011
12.3167 1011
12.3333 1012
12.35 1012
12.3667 1013
12.3833 1013
12.4 1013
12.4167 1014
12.4333 1014
12.45 1014
12.4667 1015
12.4833 1015
12.5 1015
12.5167 1015
12.5333 1016
12.55 1016
12.5667 1016
12.5833 1016
12.6 1016
12.6167 1016
12.6333 1016
12.65 1016
12.6667 1016
12.6833 1016
12.7 1016
12.7167 1016
12.7333 1016
12.75 1016
12.7667 1016
12.7833 1016
12.8 1016
12.8167 1016
12.8333 1016
12.85 1015
12.8667 1015
12.8833 1015
12.9 1015
12.9167 1014
12.9333 1014
12.95 1014
12.9667 1014
12.9833 1013
13.0 1013
13.0167 1012
13.0333 1012
13.05 1012
13.0667 1011
13.0833 1011
13.1 1010
13.1167 1010
13.1333 1009
13.15 1009
13.1667 1008
13.1833 1007
13.2 1007
13.2167 1006
13.2333 1005
13.25 1005
13.2667 1004
13.2833 1003
13.3 1003
13.3167 1002
13.3333 1001
13.35 1000
13.3667 999
13.3833 999
13.4 998
13.4167 997
13.4333 996
13.45 995
13.4667 994
13.4833 993
13.5 992
13.5167 991
13.5333 990
13.55 989
13.5667 988
13.5833 987
13.6 986
13.6167 985
13.6333 984
13.65 982
13.6667 981
13.6833 980
13.7 979
13.7167 978
13.7333 976
13.75 975
13.7667 974
13.7833 973
13.8 971
13.8167 970
13.8333 968
13.85 967
13.8667 966
13.8833 964
13.9 963
13.9167 961
13.9333 960
13.95 958
13.9667 957
13.9833 955
14.0 954
14.0167 952
14.0333 951
14.05 949
14.0667 947
14.0833 946
14.1 944
14.1167 942
14.1333 941
14.15 939
14.1667 937
14.1833 935
14.2 934
14.2167 932
14.2333 930
14.25 928
14.2667 926
14.2833 924
14.3 922
14.3167 920
14.3333 919
14.35 917
14.3667 915
14.3833 913
14.4 911
14.4167 909
14.4333 907
14.45 905
14.4667 902
14.4833 900
14.5 898
14.5167 896
14.5333 894
14.55 892
14.5667 890
14.5833 887
14.6 885
14.6167 883
14.6333 881
14.65 878
14.6667 876
14.6833 874
14.7 871
14.7167 869
14.7333 867
14.75 864
14.7667 862
14.7833 860
14.8 857
14.8167 855
14.8333 852
14.85 850
14.8667 847
14.8833 845
14.9 842
14.9167 840
14.9333 837
14.95 835
14.9667 832
14.9833 829
15.0 827
15.0167 824
15.0333 822
15.05 819
15.0667 816
15.0833 814
15.1 811
15.1167 808
15.1333 805
15.15 803
15.1667 800
15.1833 797
15.2 794
15.2167 791
15.2333 789
15.25 786
15.2667 783
15.2833 780
15.3 777
15.3167 774
15.3333 771
15.35 768
15.3667 765
15.3833 762
15.4 759
15.4167 756
15.4333 753
15.45 750
15.4667 747
15.4833 744
15.5 741
15.5167 738
15.5333 735
15.55 732
15.5667 729
15.5833 725
15.6 722
15.6167 719
15.6333 716
15.65 713
15.6667 709
15.6833 706
15.7 703
15.7167 700
15.7333 696
15.75 693
15.7667 690
15.7833 687
15.8 683
15.8167 680
15.8333 677
15.85 673
15.8667 670
15.8833 666
15.9 663
15.9167 660
15.9333 656
15.95 653
15.9667 649
15.9833 646
16.0 642
16.0167 639
16.0333 635
16.05 632
16.0667 628
16.0833 625
16.1 621
16.1167 618
16.1333 614
16.15 611
16.1667 607
16.1833 603
16.2 600
16.2167 596
16.2333 593
16.25 589
16.2667 585
16.2833 582
16.3 578
16.3167 574
16.3333 571
16.35 567
16.3667 563
16.3833 560
16.4 556
16.4167 552
16.4333 548
16.45 545
16.4667 541
16.4833 537
16.5 533
16.5167 529
16.5333 526
16.55 522
16.5667 518
16.5833 514
16.6 510
16.6167 507
16.6333 503
16.65 499
16.6667 495
16.6833 491
16.7 487
16.7167 483
16.7333 480
16.75 476
16.7667 472
16.7833 468
16.8 464
16.8167 460
16.8333 456
16.85 452
16.8667 448
16.8833 444
16.9 440
16.9167 436
16.9333 432
16.95 428
16.9667 424
16.9833 420
