8.0 288
8.0167 291
8.0333 295
8.05 299
8.0667 303
8.0833 306
8.1 310
8.1167 314
8.1333 317
8.15 321
8.1667 325
8.1833 328
8.2 332
8.2167 336
8.2333 339
8.25 343
8.2667 347
8.2833 351
8.3 354
8.3167 358
8.3333 362
8.35 365
8.3667 369
8.3833 373
8.4 376
8.4167 380
8.4333 384
8.45 388
8.4667 391
8.4833 395
8.5 399
8.5167 402
8.5333 406
8.55 410
8.5667 413
8.5833 417
8.6 421
8.6167 424
8.6333 428
8.65 432
8.6667 435
8.6833 439
8.7 443
8.7167 446
8.7333 450
8.75 453
8.7667 457
8.7833 461
8.8 464
8.8167 468
8.8333 471
8.85 475
8.8667 479
8.8833 482
8.9 486
8.9167 489
8.9333 493
8.95 496
8.9667 500
8.9833 503
9.0 507
9.0167 511
9.0333 515
9.05 518
9.0667 522
9.0833 525
9.1 528
9.1167 532
9.1333 535
9.15 539
9.1667 542
9.1833 546
9.2 549
9.2167 553
9.2333 556
9.25 559
9.2667 563
9.2833 566
9.3 569
9.3167 573
9.3333 576
9.35 579
9.3667 583
9.3833 586
9.4 589
9.4167 593
9.4333 596
9.45 599
9.4667 602
9.4833 606
9.5 609
9.5167 612
9.5333 615
9.55 619
9.5667 622
9.5833 625
9.6 628
9.6167 631
9.6333 634
9.65 637
9.6667 641
9.6833 644
9.7 647
9.7167 650
9.7333 653
9.75 656
9.7667 659
9.7833 662
9.8 665
9.8167 668
9.8333 671
9.85 674
9.8667 677
9.8833 680
9.9 683
9.9167 686
9.9333 689
9.95 692
9.9667 695
9.9833 697
10.0 700
10.0167 703
10.0333 706
10.05 709
10.0667 712
10.0833 714
10.1 717
10.1167 720
10.1333 723
10.15 725
10.1667 728
10.1833 731
10.2 734
10.2167 736
10.2333 739
10.25 742
10.2667 744
10.2833 747
10.3 749
10.3167 752
10.3333 755
10.35 757
10.3667 760
10.3833 762
10.4 765
10.4167 767
10.4333 770
10.45 772
10.4667 775
10.4833 777
10.5 779
10.5167 782
10.5333 784
10.55 787
10.5667 789
10.5833 791
10.6 794
10.6167 796
10.6333 798
10.65 800
10.6667 803
10.6833 805
10.7 807
10.7167 809
10.7333 812
10.75 814
10.7667 816
10.7833 818
10.8 820
10.8167 822
10.8333 824
10.85 826
10.8667 828
10.8833 830
10.9 832
10.9167 834
10.9333 836
10.95 838
10.9667 840
10.9833 842
11.0 844
11.0167 846
11.0333 848
11.05 850
11.0667 852
11.0833 854
11.1 855
11.1167 857
11.1333 859
11.15 861
11.1667 862
11.1833 864
11.2 866
11.2167 868
11.2333 869
11.25 871
11.2667 872
11.2833 874
11.3 876
11.3167 877
11.3333 879
11.35 880
11.3667 882
11.3833 883
11.4 885
11.4167 886
11.4333 888
11.45 889
11.4667 891
11.4833 892
11.5 893
11.5167 895
11.5333 896
11.55 897
11.5667 899
11.5833 900
11.6 901
11.6167 902
11.6333 904
11.65 905
11.6667 906
11.6833 907
11.7 908
11.7167 909
11.7333 911
11.75 912
11.7667 913
11.7833 914
11.8 915
11.8167 916
11.8333 917
11.85 918
11.8667 919
11.8833 920
11.9 921
11.9167 921
11.9333 922
11.95 923
11.9667 924
11.9833 925
12.0 926
12.0167 926
12.0333 927
12.05 928
12.0667 929
12.0833 929
12.1 930
12.1167 931
12.1333 931
12.15 932
12.1667 933
12.1833 933
12.2 934
12.2167 934
12.2333 935
12.25 935
12.2667 936
12.2833 936
12.3 937
12.3167 937
12.3333 938
12.35 938
12.3667 938
12.3833 939
12.4 939
12.4167 939
12.4333 940
12.45 940
12.4667 940
12.4833 940
12.5 941
12.5167 941
12.5333 941
12.55 941
12.5667 941
12.5833 941
12.6 941
12.6167 941
12.6333 941
12.65 941
12.6667 942
12.6833 942
12.7 941
12.7167 941
12.7333 941
12.75 941
12.7667 941
12.7833 941
12.8 941
12.8167 941
12.8333 941
12.85 940
12.8667 940
12.8833 940
12.9 940
12.9167 939
12.9333 939
12.95 939
12.9667 938
12.9833 938
13.0 938
13.0167 937
13.0333 937
13.05 936
13.0667 936
13.0833 935
13.1 935
13.1167 934
13.1333 934
13.15 933
13.1667 933
13.1833 932
13.2 931
13.2167 931
13.2333 930
13.25 929
13.2667 929
13.2833 928
13.3 927
13.3167 926
13.3333 926
13.35 925
13.3667 924
13.3833 923
13.4 922
13.4167 921
13.4333 921
13.45 920
13.4667 919
13.4833 918
13.5 917
13.5167 916
13.5333 915
13.55 914
13.5667 913
13.5833 912
13.6 911
13.6167 909
13.6333 908
13.65 907
13.6667 906
13.6833 905
13.7 904
13.7167 902
13.7333 901
13.75 900
13.7667 899
13.7833 897
13.8 896
13.8167 895
13.8333 893
13.85 892
13.8667 891
13.8833 889
13.9 888
13.9167 886
13.9333 885
13.95 883
13.9667 882
13.9833 880
14.0 879
14.0167 877
14.0333 876
14.05 874
14.0667 872
14.0833 871
14.1 869
14.1167 868
14.1333 866
14.15 864
14.1667 862
14.1833 861
14.2 859
14.2167 857
14.2333 855
14.25 854
14.2667 852
14.2833 850
14.3 848
14.3167 846
14.3333 844
14.35 842
14.3667 840
14.3833 838
14.4 836
14.4167 835
14.4333 833
14.45 830
14.4667 828
14.4833 826
14.5 824
14.5167 822
14.5333 820
14.55 818
14.5667 816
14.5833 814
14.6 812
14.6167 809
14.6333 807
14.65 805
14.6667 803
14.6833 800
14.7 798
14.7167 796
14.7333 794
14.75 791
14.7667 789
14.7833 787
14.8 784
14.8167 782
14.8333 779
14.85 777
14.8667 775
14.8833 772
14.9 770
14.9167 767
14.9333 765
14.95 762
14.9667 760
14.9833 757
15.0 755
15.0167 752
15.0333 750
15.05 747
15.0667 744
15.0833 742
15.1 739
15.1167 737
15.1333 734
15.15 731
15.1667 728
15.1833 726
15.2 723
15.2167 720
15.2333 717
15.25 715
15.2667 712
15.2833 709
15.3 706
15.3167 703
15.3333 701
15.35 698
15.3667 695
15.3833 692
15.4 689
15.4167 686
15.4333 683
15.45 680
15.4667 677
15.4833 674
15.5 671
15.5167 668
15.5333 665
15.55 662
15.5667 659
15.5833 656
15.6 653
15.6167 650
15.6333 647
15.65 644
15.6667 641
15.6833 638
15.7 635
15.7167 632
15.7333 628
15.75 625
15.7667 622
15.7833 619
15.8 616
15.8167 612
15.8333 609
15.85 606
15.8667 603
15.8833 599
15.9 596
15.9167 593
15.9333 590
15.95 586
15.9667 583
15.9833 580
16.0 576
16.0167 573
16.0333 570
16.05 566
16.0667 563
16.0833 560
16.1 556
16.1167 553
16.1333 549
16.15 546
16.1667 543
16.1833 539
16.2 536
16.2167 532
16.2333 529
16.25 525
16.2667 522
16.2833 518
16.3 515
16.3167 511
16.3333 508
16.35 504
16.3667 501
16.3833 497
16.4 494
16.4167 490
16.4333 487
16.45 483
16.4667 480
16.4833 476
16.5 472
16.5167 469
16.5333 465
16.55 462
16.5667 458
16.5833 454
16.6 451
16.6167 447
16.6333 444
16.65 440
16.6667 436
16.6833 433
16.7 429
16.7167 425
16.7333 422
16.75 418
16.7667 414
16.7833 411
16.8 407
16.8167 403
16.8333 400
16.85 396
16.8667 392
16.8833 389
16.9 385
16.9167 381
16.9333 378
16.95 374
16.9667 370
16.9833 366
