8.0 378
8.0167 382
8.0333 386
8.05 390
8.0667 394
8.0833 398
8.1 402
8.1167 406
8.1333 410
8.15 414
8.1667 417
8.1833 421
8.2 425
8.2167 429
8.2333 433
8.25 437
8.2667 441
8.2833 445
8.3 448
8.3167 452
8.3333 456
8.35 460
8.3667 464
8.3833 468
8.4 471
8.4167 475
8.4333 479
8.45 483
8.4667 487
8.4833 491
8.5 494
8.5167 498
8.5333 502
8.55 506
8.5667 509
8.5833 513
8.6 517
8.6167 521
8.6333 524
8.65 528
8.6667 532
8.6833 536
8.7 539
8.7167 543
8.7333 547
8.75 550
8.7667 554
8.7833 558
8.8 561
8.8167 565
8.8333 569
8.85 572
8.8667 576
8.8833 580
8.9 583
8.9167 587
8.9333 590
8.95 594
8.9667 597
8.9833 601
9.0 605
9.0167 608
9.0333 612
9.05 615
9.0667 619
9.0833 622
9.1 626
9.1167 629
9.1333 633
9.15 636
9.1667 640
9.1833 643
9.2 647
9.2167 650
9.2333 654
9.25 657
9.2667 660
9.2833 664
9.3 667
9.3167 670
9.3333 674
9.35 677
9.3667 680
9.3833 684
9.4 687
9.4167 690
9.4333 694
9.45 697
9.4667 700
9.4833 703
9.5 706
9.5167 710
9.5333 713
9.55 716
9.5667 719
9.5833 722
9.6 726
9.6167 729
9.6333 732
9.65 735
9.6667 738
9.6833 741
9.7 744
9.7167 747
9.7333 750
9.75 753
9.7667 756
9.7833 759
9.8 762
9.8167 765
9.8333 768
9.85 771
9.8667 774
9.8833 777
9.9 780
9.9167 783
9.9333 786
9.95 789
9.9667 791
9.9833 794
10.0 797
10.0167 800
10.0333 803
10.05 805
10.0667 808
10.0833 811
10.1 814
10.1167 816
10.1333 819
10.15 822
10.1667 824
10.1833 827
10.2 830
10.2167 832
10.2333 835
10.25 838
10.2667 840
10.2833 843
10.3 845
10.3167 848
10.3333 850
10.35 853
10.3667 855
10.3833 858
10.4 860
10.4167 863
10.4333 865
10.45 868
10.4667 870
10.4833 872
10.5 875
10.5167 877
10.5333 879
10.55 882
10.5667 884
10.5833 886
10.6 889
10.6167 891
10.6333 893
10.65 895
10.6667 897
10.6833 900
10.7 902
10.7167 904
10.7333 906
10.75 908
10.7667 910
10.7833 912
10.8 914
10.8167 916
10.8333 919
10.85 921
10.8667 923
10.8833 924
10.9 926
10.9167 928
10.9333 930
10.95 932
10.9667 934
10.9833 936
11.0 938
11.0167 940
11.0333 942
11.05 943
11.0667 945
11.0833 947
11.1 949
11.1167 950
11.1333 952
11.15 954
11.1667 955
11.1833 957
11.2 959
11.2167 960
11.2333 962
11.25 964
11.2667 965
11.2833 967
11.3 968
11.3167 970
11.3333 971
11.35 973
11.3667 974
11.3833 976
11.4 977
11.4167 978
11.4333 980
11.45 981
11.4667 983
11.4833 984
11.5 985
11.5167 987
11.5333 988
11.55 989
11.5667 990
11.5833 992
11.6 993
11.6167 994
11.6333 995
11.65 996
11.6667 997
11.6833 998
11.7 1000
11.7167 1001
11.7333 1002
11.75 1003
11.7667 1004
11.7833 1005
11.8 1006
11.8167 1007
11.8333 1008
11.85 1009
11.8667 1009
11.8833 1010
11.9 1011
11.9167 1012
11.9333 1013
11.95 1014
11.9667 1014
11.9833 1015
12.0 1016
12.0167 1017
12.0333 1017
12.05 1018
12.0667 1019
12.0833 1019
12.1 1020
12.1167 1021
12.1333 1021
12.15 1022
12.1667 1022
12.1833 1023
12.2 1023
12.2167 1024
12.2333 1024
12.25 1025
12.2667 1025
12.2833 1026
12.3 1026
12.3167 1026
12.3333 1027
12.35 1027
12.3667 1027
12.3833 1028
12.4 1028
12.4167 1028
12.4333 1029
12.45 1029
12.4667 1029
12.4833 1029
12.5 1029
12.5167 1029
12.5333 1030
12.55 1030
12.5667 1030
12.5833 1030
12.6 1030
12.6167 1030
12.6333 1030
12.65 1030
12.6667 1030
12.6833 1030
12.7 1030
12.7167 1030
12.7333 1030
12.75 1029
12.7667 1029
12.7833 1029
12.8 1029
12.8167 1029
12.8333 1028
12.85 1028
12.8667 1028
12.8833 1028
12.9 1027
12.9167 1027
12.9333 1027
12.95 1026
12.9667 1026
12.9833 1026
13.0 1025
13.0167 1025
13.0333 1024
13.05 1024
13.0667 1023
13.0833 1023
13.1 1022
13.1167 1022
13.1333 1021
13.15 1020
13.1667 1020
13.1833 1019
13.2 1019
13.2167 1018
13.2333 1017
13.25 1016
13.2667 1016
13.2833 1015
13.3 1014
13.3167 1013
13.3333 1013
13.35 1012
13.3667 1011
13.3833 1010
13.4 1009
13.4167 1008
13.4333 1007
13.45 1006
13.4667 1005
13.4833 1004
13.5 1003
13.5167 1002
13.5333 1001
13.55 1000
13.5667 999
13.5833 998
13.6 997
13.6167 996
13.6333 995
13.65 994
13.6667 992
13.6833 991
13.7 990
13.7167 989
13.7333 987
13.75 986
13.7667 985
13.7833 983
13.8 982
13.8167 981
13.8333 979
13.85 978
13.8667 977
13.8833 975
13.9 974
13.9167 972
13.9333 971
13.95 969
13.9667 968
13.9833 966
14.0 965
14.0167 963
14.0333 961
14.05 960
14.0667 958
14.0833 957
14.1 955
14.1167 953
14.1333 951
14.15 950
14.1667 948
14.1833 946
14.2 944
14.2167 943
14.2333 941
14.25 939
14.2667 937
14.2833 935
14.3 933
14.3167 932
14.3333 930
14.35 928
14.3667 926
14.3833 924
14.4 922
14.4167 920
14.4333 918
14.45 916
14.4667 914
14.4833 912
14.5 910
14.5167 907
14.5333 905
14.55 903
14.5667 901
14.5833 899
14.6 897
14.6167 894
14.6333 892
14.65 890
14.6667 888
14.6833 885
14.7 883
14.7167 881
14.7333 879
14.75 876
14.7667 874
14.7833 872
14.8 869
14.8167 867
14.8333 864
14.85 862
14.8667 859
14.8833 857
14.9 854
14.9167 852
14.9333 849
14.95 847
14.9667 844
14.9833 842
15.0 839
15.0167 837
15.0333 834
15.05 832
15.0667 829
15.0833 826
15.1 824
15.1167 821
15.1333 818
15.15 816
15.1667 813
15.1833 810
15.2 807
15.2167 805
15.2333 802
15.25 799
15.2667 796
15.2833 793
15.3 791
15.3167 788
15.3333 785
15.35 782
15.3667 779
15.3833 776
15.4 773
15.4167 770
15.4333 767
15.45 764
15.4667 761
15.4833 758
15.5 755
15.5167 752
15.5333 749
15.55 746
15.5667 743
15.5833 740
15.6 737
15.6167 734
15.6333 731
15.65 728
15.6667 725
15.6833 721
15.7 718
15.7167 715
15.7333 712
15.75 709
15.7667 706
15.7833 702
15.8 699
15.8167 696
15.8333 693
15.85 689
15.8667 686
15.8833 683
15.9 679
15.9167 676
15.9333 673
15.95 669
15.9667 666
15.9833 663
16.0 659
16.0167 656
16.0333 653
16.05 649
16.0667 646
16.0833 642
16.1 639
16.1167 635
16.1333 632
16.15 628
16.1667 625
16.1833 622
16.2 618
16.2167 614
16.2333 611
16.25 607
16.2667 604
16.2833 600
16.3 597
16.3167 593
16.3333 590
16.35 586
16.3667 582
16.3833 579
16.4 575
16.4167 572
16.4333 568
16.45 564
16.4667 561
16.4833 557
16.5 553
16.5167 550
16.5333 546
16.55 542
16.5667 539
16.5833 535
16.6 531
16.6167 527
16.6333 524
16.65 520
16.6667 516
16.6833 513
16.7 509
16.7167 505
16.7333 501
16.75 497
16.7667 494
16.7833 490
16.8 486
16.8167 482
16.8333 478
16.85 475
16.8667 471
16.8833 467
16.9 463
16.9167 459
16.9333 456
16.95 452
16.9667 448
16.9833 444
