8.0 376
8.0167 380
8.0333 384
8.05 388
8.0667 392
8.0833 395
8.1 399
8.1167 403
8.1333 407
8.15 411
8.1667 415
8.1833 419
8.2 423
8.2167 427
8.2333 431
8.25 434
8.2667 438
8.2833 442
8.3 446
8.3167 450
8.3333 454
8.35 458
8.3667 462
8.3833 465
8.4 469
8.4167 473
8.4333 477
8.45 481
8.4667 485
8.4833 488
8.5 492
8.5167 496
8.5333 500
8.55 504
8.5667 507
8.5833 511
8.6 515
8.6167 519
8.6333 522
8.65 526
8.6667 530
8.6833 534
8.7 537
8.7167 541
8.7333 545
8.75 548
8.7667 552
8.7833 556
8.8 559
8.8167 563
8.8333 567
8.85 570
8.8667 574
8.8833 578
8.9 581
8.9167 585
8.9333 589
8.95 592
8.9667 596
8.9833 599
9.0 603
9.0167 607
9.0333 610
9.05 614
9.0667 617
9.0833 621
9.1 624
9.1167 628
9.1333 631
9.15 635
9.1667 638
9.1833 642
9.2 645
9.2167 649
9.2333 652
9.25 655
9.2667 659
9.2833 662
9.3 666
9.3167 669
9.3333 672
9.35 676
9.3667 679
9.3833 682
9.4 686
9.4167 689
9.4333 692
9.45 696
9.4667 699
9.4833 702
9.5 705
9.5167 708
9.5333 712
9.55 715
9.5667 718
9.5833 721
9.6 724
9.6167 728
9.6333 731
9.65 734
9.6667 737
9.6833 740
9.7 743
9.7167 746
9.7333 749
9.75 752
9.7667 755
9.7833 758
9.8 761
9.8167 764
9.8333 767
9.85 770
9.8667 773
9.8833 776
9.9 779
9.9167 782
9.9333 785
9.95 788
9.9667 791
9.9833 793
10.0 796
10.0167 799
10.0333 802
10.05 805
10.0667 807
10.0833 810
10.1 813
10.1167 816
10.1333 818
10.15 821
10.1667 824
10.1833 826
10.2 829
10.2167 832
10.2333 834
10.25 837
10.2667 840
10.2833 842
10.3 845
10.3167 847
10.3333 850
10.35 852
10.3667 855
10.3833 857
10.4 860
10.4167 862
10.4333 865
10.45 867
10.4667 870
10.4833 872
10.5 874
10.5167 877
10.5333 879
10.55 881
10.5667 884
10.5833 886
10.6 888
10.6167 890
10.6333 893
10.65 895
10.6667 897
10.6833 899
10.7 901
10.7167 904
10.7333 906
10.75 908
10.7667 910
10.7833 912
10.8 914
10.8167 916
10.8333 918
10.85 920
10.8667 922
10.8833 924
10.9 926
10.9167 928
10.9333 930
10.95 932
10.9667 934
10.9833 936
11.0 938
11.0167 940
11.0333 941
11.05 943
11.0667 945
11.0833 947
11.1 949
11.1167 950
11.1333 952
11.15 954
11.1667 955
11.1833 957
11.2 959
11.2167 960
11.2333 962
11.25 964
11.2667 965
11.2833 967
11.3 968
11.3167 970
11.3333 971
11.35 973
11.3667 974
11.3833 976
11.4 977
11.4167 979
11.4333 980
11.45 981
11.4667 983
11.4833 984
11.5 985
11.5167 987
11.5333 988
11.55 989
11.5667 990
11.5833 992
11.6 993
11.6167 994
11.6333 995
11.65 996
11.6667 998
11.6833 999
11.7 1000
11.7167 1001
11.7333 1002
11.75 1003
11.7667 1004
11.7833 1005
11.8 1006
11.8167 1007
11.8333 1008
11.85 1009
11.8667 1010
11.8833 1011
11.9 1011
11.9167 1012
11.9333 1013
11.95 1014
11.9667 1015
11.9833 1016
12.0 1016
12.0167 1017
12.0333 1018
12.05 1018
12.0667 1019
12.0833 1020
12.1 1020
12.1167 1021
12.1333 1022
12.15 1022
12.1667 1023
12.1833 1023
12.2 1024
12.2167 1024
12.2333 1025
12.25 1025
12.2667 1026
12.2833 1026
12.3 1026
12.3167 1027
12.3333 1027
12.35 1028
12.3667 1028
12.3833 1028
12.4 1028
12.4167 1029
12.4333 1029
12.45 1029
12.4667 1029
12.4833 1030
12.5 1030
12.5167 1030
12.5333 1030
12.55 1030
12.5667 1030
12.5833 1030
12.6 1030
12.6167 1030
12.6333 1030
12.65 1030
12.6667 1030
12.6833 1030
12.7 1030
12.7167 1030
12.7333 1030
12.75 1030
12.7667 1030
12.7833 1030
12.8 1029
12.8167 1029
12.8333 1029
12.85 1029
12.8667 1028
12.8833 1028
12.9 1028
12.9167 1028
12.9333 1027
12.95 1027
12.9667 1026
12.9833 1026
13.0 1026
13.0167 1025
13.0333 1025
13.05 1024
13.0667 1024
13.0833 1023
13.1 1023
13.1167 1022
13.1333 1022
13.15 1021
13.1667 1020
13.1833 1020
13.2 1019
13.2167 1018
13.2333 1018
13.25 1017
13.2667 1016
13.2833 1015
13.3 1015
13.3167 1014
13.3333 1013
13.35 1012
13.3667 1011
13.3833 1010
13.4 1010
13.4167 1009
13.4333 1008
13.45 1007
13.4667 1006
13.4833 1005
13.5 1004
13.5167 1003
13.5333 1002
13.55 1001
13.5667 1000
13.5833 999
13.6 997
13.6167 996
13.6333 995
13.65 994
13.6667 993
13.6833 992
13.7 990
13.7167 989
13.7333 988
13.75 987
13.7667 985
13.7833 984
13.8 983
13.8167 981
13.8333 980
13.85 978
13.8667 977
13.8833 976
13.9 974
13.9167 973
13.9333 971
13.95 970
13.9667 968
13.9833 967
14.0 965
14.0167 963
14.0333 962
14.05 960
14.0667 959
14.0833 957
14.1 955
14.1167 954
14.1333 952
14.15 950
14.1667 948
14.1833 947
14.2 945
14.2167 943
14.2333 941
14.25 939
14.2667 938
14.2833 936
14.3 934
14.3167 932
14.3333 930
14.35 928
14.3667 926
14.3833 924
14.4 922
14.4167 920
14.4333 918
14.45 916
14.4667 914
14.4833 912
14.5 910
14.5167 908
14.5333 906
14.55 903
14.5667 901
14.5833 899
14.6 897
14.6167 895
14.6333 892
14.65 890
14.6667 888
14.6833 886
14.7 883
14.7167 881
14.7333 879
14.75 876
14.7667 874
14.7833 872
14.8 869
14.8167 867
14.8333 864
14.85 862
14.8667 860
14.8833 857
14.9 855
14.9167 852
14.9333 850
14.95 847
14.9667 844
14.9833 842
15.0 839
15.0167 837
15.0333 834
15.05 832
15.0667 829
15.0833 826
15.1 824
15.1167 821
15.1333 818
15.15 816
15.1667 813
15.1833 810
15.2 807
15.2167 805
15.2333 802
15.25 799
15.2667 796
15.2833 793
15.3 790
15.3167 788
15.3333 785
15.35 782
15.3667 779
15.3833 776
15.4 773
15.4167 770
15.4333 767
15.45 764
15.4667 761
15.4833 758
15.5 755
15.5167 752
15.5333 749
15.55 746
15.5667 743
15.5833 740
15.6 737
15.6167 734
15.6333 731
15.65 727
15.6667 724
15.6833 721
15.7 718
15.7167 715
15.7333 712
15.75 708
15.7667 705
15.7833 702
15.8 699
15.8167 695
15.8333 692
15.85 689
15.8667 686
15.8833 682
15.9 679
15.9167 676
15.9333 672
15.95 669
15.9667 665
15.9833 662
16.0 659
16.0167 655
16.0333 652
16.05 649
16.0667 645
16.0833 642
16.1 638
16.1167 635
16.1333 631
16.15 628
16.1667 624
16.1833 621
16.2 617
16.2167 614
16.2333 610
16.25 607
16.2667 603
16.2833 600
16.3 596
16.3167 592
16.3333 589
16.35 585
16.3667 582
16.3833 578
16.4 574
16.4167 571
16.4333 567
16.45 563
16.4667 560
16.4833 556
16.5 552
16.5167 549
16.5333 545
16.55 541
16.5667 538
16.5833 534
16.6 530
16.6167 526
16.6333 523
16.65 519
16.6667 515
16.6833 511
16.7 508
16.7167 504
16.7333 500
16.75 496
16.7667 492
16.7833 489
16.8 485
16.8167 481
16.8333 477
16.85 473
16.8667 470
16.8833 466
16.9 462
16.9167 458
16.9333 454
16.95 450
16.9667 446
16.9833 443
