8.0 364
8.0167 368
8.0333 372
8.05 376
8.0667 380
8.0833 383
8.1 387
8.1167 391
8.1333 395
8.15 399
8.1667 403
8.1833 406
8.2 410
8.2167 414
8.2333 418
8.25 422
8.2667 425
8.2833 429
8.3 433
8.3167 437
8.3333 441
8.35 444
8.3667 448
8.3833 452
8.4 456
8.4167 460
8.4333 463
8.45 467
8.4667 471
8.4833 475
8.5 478
8.5167 482
8.5333 486
8.55 489
8.5667 493
8.5833 497
8.6 501
8.6167 504
8.6333 508
8.65 512
8.6667 515
8.6833 519
8.7 523
8.7167 526
8.7333 530
8.75 534
8.7667 537
8.7833 541
8.8 545
8.8167 548
8.8333 552
8.85 555
8.8667 559
8.8833 562
8.9 566
8.9167 570
8.9333 573
8.95 577
8.9667 580
8.9833 584
9.0 587
9.0167 591
9.0333 595
9.05 598
9.0667 602
9.0833 605
9.1 608
9.1167 612
9.1333 615
9.15 619
9.1667 622
9.1833 626
9.2 629
9.2167 632
9.2333 636
9.25 639
9.2667 642
9.2833 646
9.3 649
9.3167 652
9.3333 656
9.35 659
9.3667 662
9.3833 666
9.4 669
9.4167 672
9.4333 675
9.45 679
9.4667 682
9.4833 685
9.5 688
9.5167 691
9.5333 695
9.55 698
9.5667 701
9.5833 704
9.6 707
9.6167 710
9.6333 713
9.65 716
9.6667 719
9.6833 723
9.7 726
9.7167 729
9.7333 732
9.75 735
9.7667 738
9.7833 741
9.8 744
9.8167 746
9.8333 749
9.85 752
9.8667 755
9.8833 758
9.9 761
9.9167 764
9.9333 767
9.95 770
9.9667 772
9.9833 775
10.0 778
10.0167 781
10.0333 784
10.05 786
10.0667 789
10.0833 792
10.1 795
10.1167 797
10.1333 800
10.15 803
10.1667 805
10.1833 808
10.2 811
10.2167 813
10.2333 816
10.25 818
10.2667 821
10.2833 823
10.3 826
10.3167 828
10.3333 831
10.35 833
10.3667 836
10.3833 838
10.4 841
10.4167 843
10.4333 846
10.45 848
10.4667 850
10.4833 853
10.5 855
10.5167 858
10.5333 860
10.55 862
10.5667 864
10.5833 867
10.6 869
10.6167 871
10.6333 873
10.65 876
10.6667 878
10.6833 880
10.7 882
10.7167 884
10.7333 886
10.75 888
10.7667 890
10.7833 893
10.8 895
10.8167 897
10.8333 899
10.85 901
10.8667 903
10.8833 905
10.9 907
10.9167 908
10.9333 910
10.95 912
10.9667 914
10.9833 916
11.0 918
11.0167 920
11.0333 922
11.05 923
11.0667 925
11.0833 927
11.1 929
11.1167 930
11.1333 932
11.15 934
11.1667 935
11.1833 937
11.2 939
11.2167 940
11.2333 942
11.25 943
11.2667 945
11.2833 947
11.3 948
11.3167 950
11.3333 951
11.35 953
11.3667 954
11.3833 955
11.4 957
11.4167 958
11.4333 960
11.45 961
11.4667 962
11.4833 964
11.5 965
11.5167 966
11.5333 968
11.55 969
11.5667 970
11.5833 971
11.6 972
11.6167 974
11.6333 975
11.65 976
11.6667 977
11.6833 978
11.7 979
11.7167 980
11.7333 981
11.75 982
11.7667 983
11.7833 984
11.8 985
11.8167 986
11.8333 987
11.85 988
11.8667 989
11.8833 990
11.9 991
11.9167 992
11.9333 992
11.95 993
11.9667 994
11.9833 995
12.0 995
12.0167 996
12.0333 997
12.05 998
12.0667 998
12.0833 999
12.1 1000
12.1167 1000
12.1333 1001
12.15 1001
12.1667 1002
12.1833 1002
12.2 1003
12.2167 1003
12.2333 1004
12.25 1004
12.2667 1005
12.2833 1005
12.3 1006
12.3167 1006
12.3333 1006
12.35 1007
12.3667 1007
12.3833 1007
12.4 1008
12.4167 1008
12.4333 1008
12.45 1008
12.4667 1008
12.4833 1009
12.5 1009
12.5167 1009
12.5333 1009
12.55 1009
12.5667 1009
12.5833 1009
12.6 1009
12.6167 1009
12.6333 1009
12.65 1009
12.6667 1009
12.6833 1009
12.7 1009
12.7167 1009
12.7333 1009
12.75 1009
12.7667 1009
12.7833 1009
12.8 1008
12.8167 1008
12.8333 1008
12.85 1008
12.8667 1007
12.8833 1007
12.9 1007
12.9167 1006
12.9333 1006
12.95 1006
12.9667 1005
12.9833 1005
13.0 1005
13.0167 1004
13.0333 1004
13.05 1003
13.0667 1003
13.0833 1002
13.1 1002
13.1167 1001
13.1333 1000
13.15 1000
13.1667 999
13.1833 999
13.2 998
13.2167 997
13.2333 997
13.25 996
13.2667 995
13.2833 994
13.3 994
13.3167 993
13.3333 992
13.35 991
13.3667 990
13.3833 990
13.4 989
13.4167 988
13.4333 987
13.45 986
13.4667 985
13.4833 984
13.5 983
13.5167 982
13.5333 981
13.55 980
13.5667 979
13.5833 978
13.6 977
13.6167 975
13.6333 974
13.65 973
13.6667 972
13.6833 971
13.7 969
13.7167 968
13.7333 967
13.75 966
13.7667 964
13.7833 963
13.8 962
13.8167 960
13.8333 959
13.85 958
13.8667 956
13.8833 955
13.9 953
13.9167 952
13.9333 950
13.95 949
13.9667 947
13.9833 946
14.0 944
14.0167 943
14.0333 941
14.05 940
14.0667 938
14.0833 936
14.1 935
14.1167 933
14.1333 931
14.15 930
14.1667 928
14.1833 926
14.2 924
14.2167 923
14.2333 921
14.25 919
14.2667 917
14.2833 915
14.3 913
14.3167 911
14.3333 910
14.35 908
14.3667 906
14.3833 904
14.4 902
14.4167 900
14.4333 898
14.45 896
14.4667 894
14.4833 892
14.5 890
14.5167 887
14.5333 885
14.55 883
14.5667 881
14.5833 879
14.6 877
14.6167 875
14.6333 872
14.65 870
14.6667 868
14.6833 866
14.7 863
14.7167 861
14.7333 859
14.75 856
14.7667 854
14.7833 852
14.8 849
14.8167 847
14.8333 845
14.85 842
14.8667 840
14.8833 837
14.9 835
14.9167 832
14.9333 830
14.95 827
14.9667 825
14.9833 822
15.0 820
15.0167 817
15.0333 815
15.05 812
15.0667 809
15.0833 807
15.1 804
15.1167 802
15.1333 799
15.15 796
15.1667 793
15.1833 791
15.2 788
15.2167 785
15.2333 783
15.25 780
15.2667 777
15.2833 774
15.3 771
15.3167 768
15.3333 766
15.35 763
15.3667 760
15.3833 757
15.4 754
15.4167 751
15.4333 748
15.45 745
15.4667 742
15.4833 739
15.5 736
15.5167 733
15.5333 730
15.55 727
15.5667 724
15.5833 721
15.6 718
15.6167 715
15.6333 712
15.65 709
15.6667 706
15.6833 703
15.7 700
15.7167 696
15.7333 693
15.75 690
15.7667 687
15.7833 684
15.8 681
15.8167 677
15.8333 674
15.85 671
15.8667 668
15.8833 664
15.9 661
15.9167 658
15.9333 654
15.95 651
15.9667 648
15.9833 645
16.0 641
16.0167 638
16.0333 634
16.05 631
16.0667 628
16.0833 624
16.1 621
16.1167 617
16.1333 614
16.15 611
16.1667 607
16.1833 604
16.2 600
16.2167 597
16.2333 593
16.25 590
16.2667 586
16.2833 583
16.3 579
16.3167 576
16.3333 572
16.35 569
16.3667 565
16.3833 561
16.4 558
16.4167 554
16.4333 551
16.45 547
16.4667 543
16.4833 540
16.5 536
16.5167 533
16.5333 529
16.55 525
16.5667 522
16.5833 518
16.6 514
16.6167 511
16.6333 507
16.65 503
16.6667 500
16.6833 496
16.7 492
16.7167 488
16.7333 485
16.75 481
16.7667 477
16.7833 474
16.8 470
16.8167 466
16.8333 462
16.85 459
16.8667 455
16.8833 451
16.9 447
16.9167 443
16.9333 440
16.95 436
16.9667 432
16.9833 428
