8.0 375
8.0167 379
8.0333 382
8.05 386
8.0667 390
8.0833 394
8.1 397
8.1167 401
8.1333 405
8.15 408
8.1667 412
8.1833 416
8.2 420
8.2167 423
8.2333 427
8.25 431
8.2667 434
8.2833 438
8.3 442
8.3167 446
8.3333 449
8.35 453
8.3667 457
8.3833 460
8.4 464
8.4167 468
8.4333 471
8.45 475
8.4667 478
8.4833 482
8.5 486
8.5167 489
8.5333 493
8.55 497
8.5667 500
8.5833 504
8.6 507
8.6167 511
8.6333 515
8.65 518
8.6667 522
8.6833 525
8.7 529
8.7167 532
8.7333 536
8.75 540
8.7667 543
8.7833 547
8.8 550
8.8167 554
8.8333 557
8.85 561
8.8667 564
8.8833 568
8.9 571
8.9167 574
8.9333 578
8.95 581
8.9667 585
8.9833 588
9.0 592
9.0167 595
9.0333 598
9.05 602
9.0667 605
9.0833 609
9.1 612
9.1167 615
9.1333 619
9.15 622
9.1667 625
9.1833 629
9.2 632
9.2167 635
9.2333 638
9.25 642
9.2667 645
9.2833 648
9.3 651
9.3167 655
9.3333 658
9.35 661
9.3667 664
9.3833 668
9.4 671
9.4167 674
9.4333 677
9.45 680
9.4667 683
9.4833 686
9.5 690
9.5167 693
9.5333 696
9.55 699
9.5667 702
9.5833 705
9.6 708
9.6167 711
9.6333 714
9.65 717
9.6667 720
9.6833 723
9.7 726
9.7167 729
9.7333 732
9.75 735
9.7667 738
9.7833 740
9.8 743
9.8167 746
9.8333 749
9.85 752
9.8667 755
9.8833 758
9.9 760
9.9167 763
9.9333 766
9.95 769
9.9667 771
9.9833 774
10.0 777
10.0167 780
10.0333 782
10.05 785
10.0667 788
10.0833 790
10.1 793
10.1167 796
10.1333 798
10.15 801
10.1667 803
10.1833 806
10.2 809
10.2167 811
10.2333 814
10.25 816
10.2667 819
10.2833 821
10.3 824
10.3167 826
10.3333 828
10.35 831
10.3667 833
10.3833 836
10.4 838
10.4167 840
10.4333 843
10.45 845
10.4667 847
10.4833 850
10.5 852
10.5167 854
10.5333 857
10.55 859
10.5667 861
10.5833 863
10.6 865
10.6167 868
10.6333 870
10.65 872
10.6667 874
10.6833 876
10.7 878
10.7167 880
10.7333 882
10.75 884
10.7667 886
10.7833 888
10.8 890
10.8167 892
10.8333 894
10.85 896
10.8667 898
10.8833 900
10.9 902
10.9167 904
10.9333 906
10.95 908
10.9667 910
10.9833 911
11.0 913
11.0167 915
11.0333 917
11.05 918
11.0667 920
11.0833 922
11.1 924
11.1167 925
11.1333 927
11.15 929
11.1667 930
11.1833 932
11.2 933
11.2167 935
11.2333 937
11.25 938
11.2667 940
11.2833 941
11.3 943
11.3167 944
11.3333 946
11.35 947
11.3667 948
11.3833 950
11.4 951
11.4167 953
11.4333 954
11.45 955
11.4667 957
11.4833 958
11.5 959
11.5167 960
11.5333 962
11.55 963
11.5667 964
11.5833 965
11.6 966
11.6167 968
11.6333 969
11.65 970
11.6667 971
11.6833 972
11.7 973
11.7167 974
11.7333 975
11.75 976
11.7667 977
11.7833 978
11.8 979
11.8167 980
11.8333 981
11.85 982
11.8667 983
11.8833 984
11.9 984
11.9167 985
11.9333 986
11.95 987
11.9667 988
11.9833 988
12.0 989
12.0167 990
12.0333 991
12.05 991
12.0667 992
12.0833 993
12.1 993
12.1167 994
12.1333 994
12.15 995
12.1667 995
12.1833 996
12.2 996
12.2167 997
12.2333 997
12.25 998
12.2667 998
12.2833 999
12.3 999
12.3167 999
12.3333 1000
12.35 1000
12.3667 1000
12.3833 1001
12.4 1001
12.4167 1001
12.4333 1002
12.45 1002
12.4667 1002
12.4833 1002
12.5 1002
12.5167 1003
12.5333 1003
12.55 1003
12.5667 1003
12.5833 1003
12.6 1003
12.6167 1003
12.6333 1003
12.65 1003
12.6667 1003
12.6833 1003
12.7 1003
12.7167 1003
12.7333 1003
12.75 1003
12.7667 1002
12.7833 1002
12.8 1002
12.8167 1002
12.8333 1002
12.85 1001
12.8667 1001
12.8833 1001
12.9 1001
12.9167 1000
12.9333 1000
12.95 1000
12.9667 999
12.9833 999
13.0 999
13.0167 998
13.0333 998
13.05 997
13.0667 997
13.0833 996
13.1 996
13.1167 995
13.1333 995
13.15 994
13.1667 993
13.1833 993
13.2 992
13.2167 992
13.2333 991
13.25 990
13.2667 990
13.2833 989
13.3 988
13.3167 987
13.3333 987
13.35 986
13.3667 985
13.3833 984
13.4 983
13.4167 982
13.4333 982
13.45 981
13.4667 980
13.4833 979
13.5 978
13.5167 977
13.5333 976
13.55 975
13.5667 974
13.5833 973
13.6 972
13.6167 971
13.6333 969
13.65 968
13.6667 967
13.6833 966
13.7 965
13.7167 964
13.7333 962
13.75 961
13.7667 960
13.7833 959
13.8 957
13.8167 956
13.8333 955
13.85 953
13.8667 952
13.8833 951
13.9 949
13.9167 948
13.9333 946
13.95 945
13.9667 944
13.9833 942
14.0 941
14.0167 939
14.0333 938
14.05 936
14.0667 934
14.0833 933
14.1 931
14.1167 930
14.1333 928
14.15 926
14.1667 925
14.1833 923
14.2 921
14.2167 920
14.2333 918
14.25 916
14.2667 914
14.2833 912
14.3 911
14.3167 909
14.3333 907
14.35 905
14.3667 903
14.3833 901
14.4 899
14.4167 898
14.4333 896
14.45 894
14.4667 892
14.4833 890
14.5 888
14.5167 886
14.5333 884
14.55 882
14.5667 879
14.5833 877
14.6 875
14.6167 873
14.6333 871
14.65 869
14.6667 867
14.6833 865
14.7 862
14.7167 860
14.7333 858
14.75 856
14.7667 853
14.7833 851
14.8 849
14.8167 846
14.8333 844
14.85 842
14.8667 839
14.8833 837
14.9 835
14.9167 832
14.9333 830
14.95 827
14.9667 825
14.9833 823
15.0 820
15.0167 818
15.0333 815
15.05 813
15.0667 810
15.0833 808
15.1 805
15.1167 803
15.1333 800
15.15 797
15.1667 795
15.1833 792
15.2 789
15.2167 787
15.2333 784
15.25 781
15.2667 779
15.2833 776
15.3 773
15.3167 771
15.3333 768
15.35 765
15.3667 762
15.3833 759
15.4 757
15.4167 754
15.4333 751
15.45 748
15.4667 745
15.4833 742
15.5 739
15.5167 737
15.5333 734
15.55 731
15.5667 728
15.5833 725
15.6 722
15.6167 719
15.6333 716
15.65 713
15.6667 710
15.6833 707
15.7 704
15.7167 701
15.7333 698
15.75 695
15.7667 692
15.7833 688
15.8 685
15.8167 682
15.8333 679
15.85 676
15.8667 673
15.8833 670
15.9 666
15.9167 663
15.9333 660
15.95 657
15.9667 654
15.9833 650
16.0 647
16.0167 644
16.0333 641
16.05 637
16.0667 634
16.0833 631
16.1 628
16.1167 624
16.1333 621
16.15 618
16.1667 614
16.1833 611
16.2 607
16.2167 604
16.2333 601
16.25 597
16.2667 594
16.2833 591
16.3 587
16.3167 584
16.3333 580
16.35 577
16.3667 573
16.3833 570
16.4 566
16.4167 563
16.4333 560
16.45 556
16.4667 553
16.4833 549
16.5 545
16.5167 542
16.5333 538
16.55 535
16.5667 531
16.5833 528
16.6 524
16.6167 521
16.6333 517
16.65 514
16.6667 510
16.6833 506
16.7 503
16.7167 499
16.7333 496
16.75 492
16.7667 488
16.7833 485
16.8 481
16.8167 477
16.8333 474
16.85 470
16.8667 466
16.8833 463
16.9 459
16.9167 455
16.9333 452
16.95 448
16.9667 444
16.9833 441
