8.0 301
8.0167 304
8.0333 307
8.05 311
8.0667 314
8.0833 317
8.1 320
8.1167 324
8.1333 327
8.15 330
8.1667 334
8.1833 337
8.2 340
8.2167 344
8.2333 347
8.25 350
8.2667 353
8.2833 357
8.3 360
8.3167 363
8.3333 367
8.35 370
8.3667 373
8.3833 376
8.4 380
8.4167 383
8.4333 386
8.45 390
8.4667 393
8.4833 396
8.5 400
8.5167 403
8.5333 406
8.55 409
8.5667 413
8.5833 416
8.6 419
8.6167 422
8.6333 426
8.65 429
8.6667 432
8.6833 435
8.7 439
8.7167 442
8.7333 445
8.75 448
8.7667 452
8.7833 455
8.8 458
8.8167 461
8.8333 465
8.85 468
8.8667 471
8.8833 474
8.9 477
8.9167 481
8.9333 484
8.95 487
8.9667 490
8.9833 493
9.0 496
9.0167 499
9.0333 503
9.05 506
9.0667 509
9.0833 512
9.1 515
9.1167 518
9.1333 521
9.15 524
9.1667 527
9.1833 530
9.2 534
9.2167 537
9.2333 540
9.25 543
9.2667 546
9.2833 549
9.3 552
9.3167 555
9.3333 558
9.35 561
9.3667 564
9.3833 567
9.4 570
9.4167 573
9.4333 576
9.45 579
9.4667 581
9.4833 584
9.5 587
9.5167 590
9.5333 593
9.55 596
9.5667 599
9.5833 602
9.6 604
9.6167 607
9.6333 610
9.65 613
9.6667 616
9.6833 619
9.7 621
9.7167 624
9.7333 627
9.75 630
9.7667 632
9.7833 635
9.8 638
9.8167 641
9.8333 643
9.85 646
9.8667 649
9.8833 651
9.9 654
9.9167 656
9.9333 659
9.95 662
9.9667 664
9.9833 667
10.0 669
10.0167 672
10.0333 675
10.05 677
10.0667 680
10.0833 682
10.1 685
10.1167 687
10.1333 690
10.15 692
10.1667 695
10.1833 697
10.2 699
10.2167 702
10.2333 704
10.25 707
10.2667 709
10.2833 711
10.3 714
10.3167 716
10.3333 718
10.35 721
10.3667 723
10.3833 725
10.4 727
10.4167 730
10.4333 732
10.45 734
10.4667 736
10.4833 739
10.5 741
10.5167 743
10.5333 745
10.55 747
10.5667 749
10.5833 751
10.6 753
10.6167 756
10.6333 758
10.65 760
10.6667 762
10.6833 764
10.7 766
10.7167 768
10.7333 770
10.75 772
10.7667 774
10.7833 775
10.8 777
10.8167 779
10.8333 781
10.85 783
10.8667 785
10.8833 787
10.9 788
10.9167 790
10.9333 792
10.95 794
10.9667 796
10.9833 797
11.0 799
11.0167 801
11.0333 802
11.05 804
11.0667 806
11.0833 807
11.1 809
11.1167 811
11.1333 812
11.15 814
11.1667 815
11.1833 817
11.2 819
11.2167 820
11.2333 822
11.25 823
11.2667 824
11.2833 826
11.3 827
11.3167 829
11.3333 830
11.35 832
11.3667 833
11.3833 834
11.4 836
11.4167 837
11.4333 838
11.45 839
11.4667 841
11.4833 842
11.5 843
11.5167 844
11.5333 846
11.55 847
11.5667 848
11.5833 849
11.6 850
11.6167 851
11.6333 852
11.65 854
11.6667 855
11.6833 856
11.7 857
11.7167 858
11.7333 859
11.75 860
11.7667 861
11.7833 862
11.8 862
11.8167 863
11.8333 864
11.85 865
11.8667 866
11.8833 867
11.9 868
11.9167 868
11.9333 869
11.95 870
11.9667 871
11.9833 871
12.0 872
12.0167 873
12.0333 873
12.05 874
12.0667 875
12.0833 875
12.1 876
12.1167 877
12.1333 877
12.15 878
12.1667 878
12.1833 879
12.2 879
12.2167 880
12.2333 880
12.25 881
12.2667 881
12.2833 881
12.3 882
12.3167 882
12.3333 883
12.35 883
12.3667 883
12.3833 884
12.4 884
12.4167 884
12.4333 884
12.45 885
12.4667 885
12.4833 885
12.5 885
12.5167 885
12.5333 885
12.55 886
12.5667 886
12.5833 886
12.6 886
12.6167 886
12.6333 886
12.65 886
12.6667 886
12.6833 886
12.7 886
12.7167 886
12.7333 886
12.75 885
12.7667 885
12.7833 885
12.8 885
12.8167 885
12.8333 885
12.85 884
12.8667 884
12.8833 884
12.9 884
12.9167 883
12.9333 883
12.95 883
12.9667 883
12.9833 882
13.0 882
13.0167 881
13.0333 881
13.05 881
13.0667 880
13.0833 880
13.1 879
13.1167 879
13.1333 878
13.15 878
13.1667 877
13.1833 877
13.2 876
13.2167 875
13.2333 875
13.25 874
13.2667 873
13.2833 873
13.3 872
13.3167 871
13.3333 871
13.35 870
13.3667 869
13.3833 868
13.4 867
13.4167 867
13.4333 866
13.45 865
13.4667 864
13.4833 863
13.5 862
13.5167 861
13.5333 860
13.55 859
13.5667 858
13.5833 857
13.6 856
13.6167 855
13.6333 854
13.65 853
13.6667 852
13.6833 851
13.7 850
13.7167 849
13.7333 848
13.75 847
13.7667 845
13.7833 844
13.8 843
13.8167 842
13.8333 841
13.85 839
13.8667 838
13.8833 837
13.9 835
13.9167 834
13.9333 833
13.95 831
13.9667 830
13.9833 829
14.0 827
14.0167 826
14.0333 824
14.05 823
14.0667 821
14.0833 820
14.1 818
14.1167 817
14.1333 815
14.15 814
14.1667 812
14.1833 810
14.2 809
14.2167 807
14.2333 806
14.25 804
14.2667 802
14.2833 801
14.3 799
14.3167 797
14.3333 795
14.35 794
14.3667 792
14.3833 790
14.4 788
14.4167 786
14.4333 785
14.45 783
14.4667 781
14.4833 779
14.5 777
14.5167 775
14.5333 773
14.55 771
14.5667 769
14.5833 767
14.6 765
14.6167 763
14.6333 761
14.65 759
14.6667 757
14.6833 755
14.7 753
14.7167 751
14.7333 749
14.75 747
14.7667 745
14.7833 743
14.8 740
14.8167 738
14.8333 736
14.85 734
14.8667 732
14.8833 729
14.9 727
14.9167 725
14.9333 723
14.95 720
14.9667 718
14.9833 716
15.0 713
15.0167 711
15.0333 709
15.05 706
15.0667 704
15.0833 702
15.1 699
15.1167 697
15.1333 694
15.15 692
15.1667 689
15.1833 687
15.2 684
15.2167 682
15.2333 679
15.25 677
15.2667 674
15.2833 672
15.3 669
15.3167 667
15.3333 664
15.35 661
15.3667 659
15.3833 656
15.4 654
15.4167 651
15.4333 648
15.45 646
15.4667 643
15.4833 640
15.5 638
15.5167 635
15.5333 632
15.55 629
15.5667 627
15.5833 624
15.6 621
15.6167 618
15.6333 615
15.65 613
15.6667 610
15.6833 607
15.7 604
15.7167 601
15.7333 598
15.75 596
15.7667 593
15.7833 590
15.8 587
15.8167 584
15.8333 581
15.85 578
15.8667 575
15.8833 572
15.9 569
15.9167 566
15.9333 563
15.95 560
15.9667 557
15.9833 554
16.0 551
16.0167 548
16.0333 545
16.05 542
16.0667 539
16.0833 536
16.1 533
16.1167 530
16.1333 527
16.15 524
16.1667 521
16.1833 518
16.2 515
16.2167 512
16.2333 509
16.25 505
16.2667 502
16.2833 499
16.3 496
16.3167 493
16.3333 490
16.35 487
16.3667 483
16.3833 480
16.4 477
16.4167 474
16.4333 471
16.45 467
16.4667 464
16.4833 461
16.5 458
16.5167 455
16.5333 451
16.55 448
16.5667 445
16.5833 442
16.6 438
16.6167 435
16.6333 432
16.65 429
16.6667 425
16.6833 422
16.7 419
16.7167 416
16.7333 412
16.75 409
16.7667 406
16.7833 403
16.8 399
16.8167 396
16.8333 393
16.85 389
16.8667 386
16.8833 383
16.9 380
16.9167 376
16.9333 373
16.95 370
16.9667 366
16.9833 363
