8.0 349
8.0167 353
8.0333 357
8.05 361
8.0667 365
8.0833 369
8.1 373
8.1167 376
8.1333 380
8.15 384
8.1667 388
8.1833 392
8.2 396
8.2167 400
8.2333 404
8.25 407
8.2667 411
8.2833 415
8.3 419
8.3167 423
8.3333 427
8.35 430
8.3667 434
8.3833 438
8.4 442
8.4167 446
8.4333 450
8.45 453
8.4667 457
8.4833 461
8.5 465
8.5167 469
8.5333 472
8.55 476
8.5667 480
8.5833 484
8.6 487
8.6167 491
8.6333 495
8.65 499
8.6667 502
8.6833 506
8.7 510
8.7167 513
8.7333 517
8.75 521
8.7667 525
8.7833 528
8.8 532
8.8167 536
8.8333 539
8.85 543
8.8667 547
8.8833 550
8.9 554
8.9167 557
8.9333 561
8.95 565
8.9667 568
8.9833 572
9.0 575
9.0167 579
9.0333 583
9.05 586
9.0667 590
9.0833 593
9.1 597
9.1167 600
9.1333 604
9.15 607
9.1667 611
9.1833 614
9.2 618
9.2167 621
9.2333 625
9.25 628
9.2667 632
9.2833 635
9.3 638
9.3167 642
9.3333 645
9.35 648
9.3667 652
9.3833 655
9.4 658
9.4167 662
9.4333 665
9.45 668
9.4667 672
9.4833 675
9.5 678
9.5167 681
9.5333 684
9.55 688
9.5667 691
9.5833 694
9.6 697
9.6167 700
9.6333 704
9.65 707
9.6667 710
9.6833 713
9.7 716
9.7167 719
9.7333 722
9.75 725
9.7667 728
9.7833 731
9.8 734
9.8167 737
9.8333 740
9.85 743
9.8667 746
9.8833 749
9.9 752
9.9167 755
9.9333 758
9.95 761
9.9667 764
9.9833 767
10.0 769
10.0167 772
10.0333 775
10.05 778
10.0667 781
10.0833 783
10.1 786
10.1167 789
10.1333 792
10.15 794
10.1667 797
10.1833 800
10.2 803
10.2167 805
10.2333 808
10.25 810
10.2667 813
10.2833 816
10.3 818
10.3167 821
10.3333 823
10.35 826
10.3667 828
10.3833 831
10.4 833
10.4167 836
10.4333 838
10.45 841
10.4667 843
10.4833 846
10.5 848
10.5167 850
10.5333 853
10.55 855
10.5667 857
10.5833 860
10.6 862
10.6167 864
10.6333 867
10.65 869
10.6667 871
10.6833 873
10.7 875
10.7167 878
10.7333 880
10.75 882
10.7667 884
10.7833 886
10.8 888
10.8167 890
10.8333 892
10.85 894
10.8667 896
10.8833 898
10.9 900
10.9167 902
10.9333 904
10.95 906
10.9667 908
10.9833 910
11.0 912
11.0167 914
11.0333 916
11.05 918
11.0667 919
11.0833 921
11.1 923
11.1167 925
11.1333 926
11.15 928
11.1667 930
11.1833 932
11.2 933
11.2167 935
11.2333 937
11.25 938
11.2667 940
11.2833 941
11.3 943
11.3167 944
11.3333 946
11.35 947
11.3667 949
11.3833 950
11.4 952
11.4167 953
11.4333 955
11.45 956
11.4667 957
11.4833 959
11.5 960
11.5167 962
11.5333 963
11.55 964
11.5667 965
11.5833 967
11.6 968
11.6167 969
11.6333 970
11.65 971
11.6667 973
11.6833 974
11.7 975
11.7167 976
11.7333 977
11.75 978
11.7667 979
11.7833 980
11.8 981
11.8167 982
11.8333 983
11.85 984
11.8667 985
11.8833 986
11.9 987
11.9167 987
11.9333 988
11.95 989
11.9667 990
11.9833 991
12.0 992
12.0167 992
12.0333 993
12.05 994
12.0667 994
12.0833 995
12.1 996
12.1167 996
12.1333 997
12.15 998
12.1667 998
12.1833 999
12.2 999
12.2167 1000
12.2333 1000
12.25 1001
12.2667 1001
12.2833 1002
12.3 1002
12.3167 1002
12.3333 1003
12.35 1003
12.3667 1003
12.3833 1004
12.4 1004
12.4167 1004
12.4333 1005
12.45 1005
12.4667 1005
12.4833 1005
12.5 1005
12.5167 1006
12.5333 1006
12.55 1006
12.5667 1006
12.5833 1006
12.6 1006
12.6167 1006
12.6333 1006
12.65 1006
12.6667 1006
12.6833 1006
12.7 1006
12.7167 1006
12.7333 1006
12.75 1006
12.7667 1006
12.7833 1005
12.8 1005
12.8167 1005
12.8333 1005
12.85 1005
12.8667 1004
12.8833 1004
12.9 1004
12.9167 1003
12.9333 1003
12.95 1003
12.9667 1002
12.9833 1002
13.0 1001
13.0167 1001
13.0333 1001
13.05 1000
13.0667 1000
13.0833 999
13.1 999
13.1167 998
13.1333 997
13.15 997
13.1667 996
13.1833 996
13.2 995
13.2167 994
13.2333 994
13.25 993
13.2667 992
13.2833 991
13.3 991
13.3167 990
13.3333 989
13.35 988
13.3667 987
13.3833 986
13.4 986
13.4167 985
13.4333 984
13.45 983
13.4667 982
13.4833 981
13.5 980
13.5167 979
13.5333 978
13.55 977
13.5667 976
13.5833 975
13.6 973
13.6167 972
13.6333 971
13.65 970
13.6667 969
13.6833 968
13.7 966
13.7167 965
13.7333 964
13.75 963
13.7667 961
13.7833 960
13.8 959
13.8167 957
13.8333 956
13.85 954
13.8667 953
13.8833 952
13.9 950
13.9167 949
13.9333 947
13.95 946
13.9667 944
13.9833 943
14.0 941
14.0167 939
14.0333 938
14.05 936
14.0667 935
14.0833 933
14.1 931
14.1167 930
14.1333 928
14.15 926
14.1667 924
14.1833 923
14.2 921
14.2167 919
14.2333 917
14.25 915
14.2667 914
14.2833 912
14.3 910
14.3167 908
14.3333 906
14.35 904
14.3667 902
14.3833 900
14.4 898
14.4167 896
14.4333 894
14.45 892
14.4667 890
14.4833 888
14.5 886
14.5167 884
14.5333 882
14.55 879
14.5667 877
14.5833 875
14.6 873
14.6167 871
14.6333 868
14.65 866
14.6667 864
14.6833 862
14.7 859
14.7167 857
14.7333 855
14.75 852
14.7667 850
14.7833 848
14.8 845
14.8167 843
14.8333 840
14.85 838
14.8667 835
14.8833 833
14.9 830
14.9167 828
14.9333 825
14.95 823
14.9667 820
14.9833 818
15.0 815
15.0167 813
15.0333 810
15.05 808
15.0667 805
15.0833 802
15.1 800
15.1167 797
15.1333 794
15.15 791
15.1667 789
15.1833 786
15.2 783
15.2167 780
15.2333 778
15.25 775
15.2667 772
15.2833 769
15.3 766
15.3167 763
15.3333 761
15.35 758
15.3667 755
15.3833 752
15.4 749
15.4167 746
15.4333 743
15.45 740
15.4667 737
15.4833 734
15.5 731
15.5167 728
15.5333 725
15.55 722
15.5667 719
15.5833 716
15.6 713
15.6167 709
15.6333 706
15.65 703
15.6667 700
15.6833 697
15.7 694
15.7167 691
15.7333 687
15.75 684
15.7667 681
15.7833 678
15.8 674
15.8167 671
15.8333 668
15.85 665
15.8667 661
15.8833 658
15.9 655
15.9167 651
15.9333 648
15.95 645
15.9667 641
15.9833 638
16.0 635
16.0167 631
16.0333 628
16.05 624
16.0667 621
16.0833 617
16.1 614
16.1167 611
16.1333 607
16.15 604
16.1667 600
16.1833 597
16.2 593
16.2167 590
16.2333 586
16.25 583
16.2667 579
16.2833 575
16.3 572
16.3167 568
16.3333 565
16.35 561
16.3667 557
16.3833 554
16.4 550
16.4167 547
16.4333 543
16.45 539
16.4667 536
16.4833 532
16.5 528
16.5167 525
16.5333 521
16.55 517
16.5667 514
16.5833 510
16.6 506
16.6167 502
16.6333 499
16.65 495
16.6667 491
16.6833 488
16.7 484
16.7167 480
16.7333 476
16.75 472
16.7667 469
16.7833 465
16.8 461
16.8167 457
16.8333 454
16.85 450
16.8667 446
16.8833 442
16.9 438
16.9167 434
16.9333 431
16.95 427
16.9667 423
16.9833 419
