8.0 358
8.0167 362
8.0333 366
8.05 370
8.0667 373
8.0833 377
8.1 381
8.1167 385
8.1333 389
8.15 392
8.1667 396
8.1833 400
8.2 404
8.2167 407
8.2333 411
8.25 415
8.2667 419
8.2833 422
8.3 426
8.3167 430
8.3333 434
8.35 437
8.3667 441
8.3833 445
8.4 448
8.4167 452
8.4333 456
8.45 460
8.4667 463
8.4833 467
8.5 471
8.5167 474
8.5333 478
8.55 482
8.5667 485
8.5833 489
8.6 493
8.6167 496
8.6333 500
8.65 504
8.6667 507
8.6833 511
8.7 514
8.7167 518
8.7333 522
8.75 525
8.7667 529
8.7833 532
8.8 536
8.8167 540
8.8333 543
8.85 547
8.8667 550
8.8833 554
8.9 557
8.9167 561
8.9333 564
8.95 568
8.9667 571
8.9833 575
9.0 578
9.0167 582
9.0333 585
9.05 589
9.0667 592
9.0833 596
9.1 599
9.1167 603
9.1333 606
9.15 609
9.1667 613
9.1833 616
9.2 619
9.2167 623
9.2333 626
9.25 629
9.2667 633
9.2833 636
9.3 639
9.3167 643
9.3333 646
9.35 649
9.3667 652
9.3833 656
9.4 659
9.4167 662
9.4333 665
9.45 668
9.4667 672
9.4833 675
9.5 678
9.5167 681
9.5333 684
9.55 687
9.5667 690
9.5833 694
9.6 697
9.6167 700
9.6333 703
9.65 706
9.6667 709
9.6833 712
9.7 715
9.7167 718
9.7333 721
9.75 724
9.7667 727
9.7833 730
9.8 733
9.8167 736
9.8333 739
9.85 741
9.8667 744
9.8833 747
9.9 750
9.9167 753
9.9333 756
9.95 758
9.9667 761
9.9833 764
10.0 767
10.0167 770
10.0333 772
10.05 775
10.0667 778
10.0833 780
10.1 783
10.1167 786
10.1333 788
10.15 791
10.1667 794
10.1833 796
10.2 799
10.2167 802
10.2333 804
10.25 807
10.2667 809
10.2833 812
10.3 814
10.3167 817
10.3333 819
10.35 822
10.3667 824
10.3833 827
10.4 829
10.4167 831
10.4333 834
10.45 836
10.4667 839
10.4833 841
10.5 843
10.5167 845
10.5333 848
10.55 850
10.5667 852
10.5833 855
10.6 857
10.6167 859
10.6333 861
10.65 863
10.6667 866
10.6833 868
10.7 870
10.7167 872
10.7333 874
10.75 876
10.7667 878
10.7833 880
10.8 882
10.8167 884
10.8333 886
10.85 888
10.8667 890
10.8833 892
10.9 894
10.9167 896
10.9333 898
10.95 900
10.9667 902
10.9833 903
11.0 905
11.0167 907
11.0333 909
11.05 911
11.0667 912
11.0833 914
11.1 916
11.1167 918
11.1333 919
11.15 921
11.1667 923
11.1833 924
11.2 926
11.2167 927
11.2333 929
11.25 931
11.2667 932
11.2833 934
11.3 935
11.3167 937
11.3333 938
11.35 940
11.3667 941
11.3833 942
11.4 944
11.4167 945
11.4333 947
11.45 948
11.4667 949
11.4833 951
11.5 952
11.5167 953
11.5333 954
11.55 956
11.5667 957
11.5833 958
11.6 959
11.6167 960
11.6333 962
11.65 963
11.6667 964
11.6833 965
11.7 966
11.7167 967
11.7333 968
11.75 969
11.7667 970
11.7833 971
11.8 972
11.8167 973
11.8333 974
11.85 975
11.8667 976
11.8833 977
11.9 977
11.9167 978
11.9333 979
11.95 980
11.9667 981
11.9833 981
12.0 982
12.0167 983
12.0333 984
12.05 984
12.0667 985
12.0833 986
12.1 986
12.1167 987
12.1333 987
12.15 988
12.1667 988
12.1833 989
12.2 989
12.2167 990
12.2333 990
12.25 991
12.2667 991
12.2833 992
12.3 992
12.3167 992
12.3333 993
12.35 993
12.3667 993
12.3833 994
12.4 994
12.4167 994
12.4333 995
12.45 995
12.4667 995
12.4833 995
12.5 995
12.5167 995
12.5333 996
12.55 996
12.5667 996
12.5833 996
12.6 996
12.6167 996
12.6333 996
12.65 996
12.6667 996
12.6833 996
12.7 996
12.7167 996
12.7333 995
12.75 995
12.7667 995
12.7833 995
12.8 995
12.8167 995
12.8333 994
12.85 994
12.8667 994
12.8833 994
12.9 993
12.9167 993
12.9333 993
12.95 992
12.9667 992
12.9833 991
13.0 991
13.0167 991
13.0333 990
13.05 990
13.0667 989
13.0833 989
13.1 988
13.1167 988
13.1333 987
13.15 986
13.1667 986
13.1833 985
13.2 984
13.2167 984
13.2333 983
13.25 982
13.2667 982
13.2833 981
13.3 980
13.3167 979
13.3333 979
13.35 978
13.3667 977
13.3833 976
13.4 975
13.4167 974
13.4333 973
13.45 972
13.4667 971
13.4833 971
13.5 970
13.5167 969
13.5333 967
13.55 966
13.5667 965
13.5833 964
13.6 963
13.6167 962
13.6333 961
13.65 960
13.6667 959
13.6833 957
13.7 956
13.7167 955
13.7333 954
13.75 952
13.7667 951
13.7833 950
13.8 949
13.8167 947
13.8333 946
13.85 944
13.8667 943
13.8833 942
13.9 940
13.9167 939
13.9333 937
13.95 936
13.9667 934
13.9833 933
14.0 931
14.0167 930
14.0333 928
14.05 926
14.0667 925
14.0833 923
14.1 922
14.1167 920
14.1333 918
14.15 917
14.1667 915
14.1833 913
14.2 911
14.2167 910
14.2333 908
14.25 906
14.2667 904
14.2833 902
14.3 900
14.3167 899
14.3333 897
14.35 895
14.3667 893
14.3833 891
14.4 889
14.4167 887
14.4333 885
14.45 883
14.4667 881
14.4833 879
14.5 877
14.5167 875
14.5333 873
14.55 871
14.5667 868
14.5833 866
14.6 864
14.6167 862
14.6333 860
14.65 858
14.6667 855
14.6833 853
14.7 851
14.7167 849
14.7333 846
14.75 844
14.7667 842
14.7833 839
14.8 837
14.8167 835
14.8333 832
14.85 830
14.8667 827
14.8833 825
14.9 823
14.9167 820
14.9333 818
14.95 815
14.9667 813
14.9833 810
15.0 808
15.0167 805
15.0333 803
15.05 800
15.0667 798
15.0833 795
15.1 792
15.1167 790
15.1333 787
15.15 784
15.1667 782
15.1833 779
15.2 776
15.2167 774
15.2333 771
15.25 768
15.2667 765
15.2833 763
15.3 760
15.3167 757
15.3333 754
15.35 751
15.3667 748
15.3833 746
15.4 743
15.4167 740
15.4333 737
15.45 734
15.4667 731
15.4833 728
15.5 725
15.5167 722
15.5333 719
15.55 716
15.5667 713
15.5833 710
15.6 707
15.6167 704
15.6333 701
15.65 698
15.6667 695
15.6833 692
15.7 689
15.7167 686
15.7333 682
15.75 679
15.7667 676
15.7833 673
15.8 670
15.8167 667
15.8333 663
15.85 660
15.8667 657
15.8833 654
15.9 651
15.9167 647
15.9333 644
15.95 641
15.9667 637
15.9833 634
16.0 631
16.0167 628
16.0333 624
16.05 621
16.0667 618
16.0833 614
16.1 611
16.1167 607
16.1333 604
16.15 601
16.1667 597
16.1833 594
16.2 590
16.2167 587
16.2333 584
16.25 580
16.2667 577
16.2833 573
16.3 570
16.3167 566
16.3333 563
16.35 559
16.3667 556
16.3833 552
16.4 549
16.4167 545
16.4333 541
16.45 538
16.4667 534
16.4833 531
16.5 527
16.5167 524
16.5333 520
16.55 516
16.5667 513
16.5833 509
16.6 506
16.6167 502
16.6333 498
16.65 495
16.6667 491
16.6833 487
16.7 484
16.7167 480
16.7333 476
16.75 473
16.7667 469
16.7833 465
16.8 462
16.8167 458
16.8333 454
16.85 451
16.8667 447
16.8833 443
16.9 439
16.9167 436
16.9333 432
16.95 428
16.9667 424
16.9833 421
