8.0 344
8.0167 348
8.0333 351
8.05 355
8.0667 359
8.0833 362
8.1 366
8.1167 370
8.1333 373
8.15 377
8.1667 381
8.1833 384
8.2 388
8.2167 392
8.2333 395
8.25 399
8.2667 403
8.2833 406
8.3 410
8.3167 414
8.3333 417
8.35 421
8.3667 425
8.3833 428
8.4 432
8.4167 436
8.4333 439
8.45 443
8.4667 446
8.4833 450
8.5 454
8.5167 457
8.5333 461
8.55 464
8.5667 468
8.5833 472
8.6 475
8.6167 479
8.6333 482
8.65 486
8.6667 489
8.6833 493
8.7 497
8.7167 500
8.7333 504
8.75 507
8.7667 511
8.7833 514
8.8 518
8.8167 521
8.8333 525
8.85 528
8.8667 532
8.8833 535
8.9 539
8.9167 542
8.9333 545
8.95 549
8.9667 552
8.9833 556
9.0 559
9.0167 563
9.0333 566
9.05 570
9.0667 573
9.0833 576
9.1 580
9.1167 583
9.1333 586
9.15 590
9.1667 593
9.1833 596
9.2 600
9.2167 603
9.2333 606
9.25 610
9.2667 613
9.2833 616
9.3 619
9.3167 622
9.3333 626
9.35 629
9.3667 632
9.3833 635
9.4 638
9.4167 642
9.4333 645
9.45 648
9.4667 651
9.4833 654
9.5 657
9.5167 660
9.5333 664
9.55 667
9.5667 670
9.5833 673
9.6 676
9.6167 679
9.6333 682
9.65 685
9.6667 688
9.6833 691
9.7 694
9.7167 697
9.7333 700
9.75 703
9.7667 706
9.7833 708
9.8 711
9.8167 714
9.8333 717
9.85 720
9.8667 723
9.8833 726
9.9 728
9.9167 731
9.9333 734
9.95 737
9.9667 740
9.9833 742
10.0 745
10.0167 748
10.0333 750
10.05 753
10.0667 756
10.0833 759
10.1 761
10.1167 764
10.1333 766
10.15 769
10.1667 772
10.1833 774
10.2 777
10.2167 779
10.2333 782
10.25 784
10.2667 787
10.2833 789
10.3 792
10.3167 794
10.3333 797
10.35 799
10.3667 802
10.3833 804
10.4 806
10.4167 809
10.4333 811
10.45 814
10.4667 816
10.4833 818
10.5 820
10.5167 823
10.5333 825
10.55 827
10.5667 830
10.5833 832
10.6 834
10.6167 836
10.6333 838
10.65 840
10.6667 843
10.6833 845
10.7 847
10.7167 849
10.7333 851
10.75 853
10.7667 855
10.7833 857
10.8 859
10.8167 861
10.8333 863
10.85 865
10.8667 867
10.8833 869
10.9 871
10.9167 873
10.9333 875
10.95 876
10.9667 878
10.9833 880
11.0 882
11.0167 884
11.0333 885
11.05 887
11.0667 889
11.0833 891
11.1 892
11.1167 894
11.1333 896
11.15 897
11.1667 899
11.1833 901
11.2 902
11.2167 904
11.2333 905
11.25 907
11.2667 909
11.2833 910
11.3 912
11.3167 913
11.3333 914
11.35 916
11.3667 917
11.3833 919
11.4 920
11.4167 921
11.4333 923
11.45 924
11.4667 926
11.4833 927
11.5 928
11.5167 929
11.5333 931
11.55 932
11.5667 933
11.5833 934
11.6 935
11.6167 937
11.6333 938
11.65 939
11.6667 940
11.6833 941
11.7 942
11.7167 943
11.7333 944
11.75 945
11.7667 946
11.7833 947
11.8 948
11.8167 949
11.8333 950
11.85 951
11.8667 952
11.8833 953
11.9 953
11.9167 954
11.9333 955
11.95 956
11.9667 957
11.9833 957
12.0 958
12.0167 959
12.0333 959
12.05 960
12.0667 961
12.0833 961
12.1 962
12.1167 963
12.1333 963
12.15 964
12.1667 964
12.1833 965
12.2 965
12.2167 966
12.2333 966
12.25 967
12.2667 967
12.2833 967
12.3 968
12.3167 968
12.3333 969
12.35 969
12.3667 969
12.3833 970
12.4 970
12.4167 970
12.4333 970
12.45 970
12.4667 971
12.4833 971
12.5 971
12.5167 971
12.5333 971
12.55 971
12.5667 971
12.5833 971
12.6 972
12.6167 972
12.6333 972
12.65 972
12.6667 972
12.6833 971
12.7 971
12.7167 971
12.7333 971
12.75 971
12.7667 971
12.7833 971
12.8 971
12.8167 970
12.8333 970
12.85 970
12.8667 970
12.8833 969
12.9 969
12.9167 969
12.9333 968
12.95 968
12.9667 968
12.9833 967
13.0 967
13.0167 966
13.0333 966
13.05 965
13.0667 965
13.0833 964
13.1 964
13.1167 963
13.1333 963
13.15 962
13.1667 962
13.1833 961
13.2 960
13.2167 960
13.2333 959
13.25 958
13.2667 958
13.2833 957
13.3 956
13.3167 955
13.3333 954
13.35 954
13.3667 953
13.3833 952
13.4 951
13.4167 950
13.4333 949
13.45 948
13.4667 947
13.4833 946
13.5 945
13.5167 944
13.5333 943
13.55 942
13.5667 941
13.5833 940
13.6 939
13.6167 938
13.6333 937
13.65 936
13.6667 935
13.6833 933
13.7 932
13.7167 931
13.7333 930
13.75 929
13.7667 927
13.7833 926
13.8 925
13.8167 923
13.8333 922
13.85 921
13.8667 919
13.8833 918
13.9 916
13.9167 915
13.9333 914
13.95 912
13.9667 911
13.9833 909
14.0 908
14.0167 906
14.0333 904
14.05 903
14.0667 901
14.0833 900
14.1 898
14.1167 896
14.1333 895
14.15 893
14.1667 891
14.1833 890
14.2 888
14.2167 886
14.2333 884
14.25 883
14.2667 881
14.2833 879
14.3 877
14.3167 875
14.3333 873
14.35 872
14.3667 870
14.3833 868
14.4 866
14.4167 864
14.4333 862
14.45 860
14.4667 858
14.4833 856
14.5 854
14.5167 852
14.5333 850
14.55 848
14.5667 845
14.5833 843
14.6 841
14.6167 839
14.6333 837
14.65 835
14.6667 833
14.6833 830
14.7 828
14.7167 826
14.7333 824
14.75 821
14.7667 819
14.7833 817
14.8 814
14.8167 812
14.8333 810
14.85 807
14.8667 805
14.8833 803
14.9 800
14.9167 798
14.9333 795
14.95 793
14.9667 790
14.9833 788
15.0 785
15.0167 783
15.0333 780
15.05 778
15.0667 775
15.0833 773
15.1 770
15.1167 768
15.1333 765
15.15 762
15.1667 760
15.1833 757
15.2 754
15.2167 752
15.2333 749
15.25 746
15.2667 743
15.2833 741
15.3 738
15.3167 735
15.3333 732
15.35 730
15.3667 727
15.3833 724
15.4 721
15.4167 718
15.4333 715
15.45 713
15.4667 710
15.4833 707
15.5 704
15.5167 701
15.5333 698
15.55 695
15.5667 692
15.5833 689
15.6 686
15.6167 683
15.6333 680
15.65 677
15.6667 674
15.6833 671
15.7 668
15.7167 665
15.7333 662
15.75 659
15.7667 656
15.7833 652
15.8 649
15.8167 646
15.8333 643
15.85 640
15.8667 637
15.8833 634
15.9 630
15.9167 627
15.9333 624
15.95 621
15.9667 617
15.9833 614
16.0 611
16.0167 608
16.0333 604
16.05 601
16.0667 598
16.0833 594
16.1 591
16.1167 588
16.1333 585
16.15 581
16.1667 578
16.1833 574
16.2 571
16.2167 568
16.2333 564
16.25 561
16.2667 557
16.2833 554
16.3 551
16.3167 547
16.3333 544
16.35 540
16.3667 537
16.3833 533
16.4 530
16.4167 526
16.4333 523
16.45 520
16.4667 516
16.4833 513
16.5 509
16.5167 505
16.5333 502
16.55 498
16.5667 495
16.5833 491
16.6 488
16.6167 484
16.6333 481
16.65 477
16.6667 473
16.6833 470
16.7 466
16.7167 463
16.7333 459
16.75 456
16.7667 452
16.7833 448
16.8 445
16.8167 441
16.8333 437
16.85 434
16.8667 430
16.8833 427
16.9 423
16.9167 419
16.9333 416
16.95 412
16.9667 408
16.9833 405
