8.0 375
8.0167 379
8.0333 382
8.05 386
8.0667 390
8.0833 394
8.1 397
8.1167 401
8.1333 405
8.15 408
8.1667 412
8.1833 416
8.2 419
8.2167 423
8.2333 427
8.25 430
8.2667 434
8.2833 438
8.3 441
8.3167 445
8.3333 449
8.35 452
8.3667 456
8.3833 459
8.4 463
8.4167 467
8.4333 470
8.45 474
8.4667 478
8.4833 481
8.5 485
8.5167 488
8.5333 492
8.55 495
8.5667 499
8.5833 503
8.6 506
8.6167 510
8.6333 513
8.65 517
8.6667 520
8.6833 524
8.7 527
8.7167 531
8.7333 534
8.75 538
8.7667 541
8.7833 545
8.8 548
8.8167 552
8.8333 555
8.85 559
8.8667 562
8.8833 566
8.9 569
8.9167 573
8.9333 576
8.95 579
8.9667 583
8.9833 586
9.0 590
9.0167 593
9.0333 596
9.05 600
9.0667 603
9.0833 606
9.1 610
9.1167 613
9.1333 616
9.15 620
9.1667 623
9.1833 626
9.2 629
9.2167 633
9.2333 636
9.25 639
9.2667 642
9.2833 646
9.3 649
9.3167 652
9.3333 655
9.35 658
9.3667 662
9.3833 665
9.4 668
9.4167 671
9.4333 674
9.45 677
9.4667 680
9.4833 684
9.5 687
9.5167 690
9.5333 693
9.55 696
9.5667 699
9.5833 702
9.6 705
9.6167 708
9.6333 711
9.65 714
9.6667 717
9.6833 720
9.7 723
9.7167 726
9.7333 729
9.75 732
9.7667 735
9.7833 737
9.8 740
9.8167 743
9.8333 746
9.85 749
9.8667 752
9.8833 755
9.9 757
9.9167 760
9.9333 763
9.95 766
9.9667 768
9.9833 771
10.0 774
10.0167 777
10.0333 779
10.05 782
10.0667 785
10.0833 787
10.1 790
10.1167 793
10.1333 795
10.15 798
10.1667 800
10.1833 803
10.2 806
10.2167 808
10.2333 811
10.25 813
10.2667 816
10.2833 818
10.3 821
10.3167 823
10.3333 826
10.35 828
10.3667 830
10.3833 833
10.4 835
10.4167 838
10.4333 840
10.45 842
10.4667 845
10.4833 847
10.5 849
10.5167 852
10.5333 854
10.55 856
10.5667 858
10.5833 861
10.6 863
10.6167 865
10.6333 867
10.65 869
10.6667 871
10.6833 874
10.7 876
10.7167 878
10.7333 880
10.75 882
10.7667 884
10.7833 886
10.8 888
10.8167 890
10.8333 892
10.85 894
10.8667 896
10.8833 898
10.9 900
10.9167 902
10.9333 904
10.95 906
10.9667 907
10.9833 909
11.0 911
11.0167 913
11.0333 915
11.05 917
11.0667 918
11.0833 920
11.1 922
11.1167 924
11.1333 925
11.15 927
11.1667 929
11.1833 930
11.2 932
11.2167 933
11.2333 935
11.25 937
11.2667 938
11.2833 940
11.3 941
11.3167 943
11.3333 944
11.35 946
11.3667 947
11.3833 949
11.4 950
11.4167 952
11.4333 953
11.45 954
11.4667 956
11.4833 957
11.5 958
11.5167 960
11.5333 961
11.55 962
11.5667 963
11.5833 965
11.6 966
11.6167 967
11.6333 968
11.65 969
11.6667 971
11.6833 972
11.7 973
11.7167 974
11.7333 975
11.75 976
11.7667 977
11.7833 978
11.8 979
11.8167 980
11.8333 981
11.85 982
11.8667 983
11.8833 984
11.9 985
11.9167 986
11.9333 987
11.95 987
11.9667 988
11.9833 989
12.0 990
12.0167 991
12.0333 991
12.05 992
12.0667 993
12.0833 994
12.1 994
12.1167 995
12.1333 996
12.15 996
12.1667 997
12.1833 997
12.2 998
12.2167 999
12.2333 999
12.25 1000
12.2667 1000
12.2833 1001
12.3 1001
12.3167 1002
12.3333 1002
12.35 1002
12.3667 1003
12.3833 1003
12.4 1003
12.4167 1004
12.4333 1004
12.45 1004
12.4667 1005
12.4833 1005
12.5 1005
12.5167 1005
12.5333 1006
12.55 1006
12.5667 1006
12.5833 1006
12.6 1006
12.6167 1006
12.6333 1006
12.65 1007
12.6667 1007
12.6833 1007
12.7 1007
12.7167 1007
12.7333 1007
12.75 1007
12.7667 1007
12.7833 1006
12.8 1006
12.8167 1006
12.8333 1006
12.85 1006
12.8667 1006
12.8833 1006
12.9 1005
12.9167 1005
12.9333 1005
12.95 1005
12.9667 1004
12.9833 1004
13.0 1004
13.0167 1003
13.0333 1003
13.05 1003
13.0667 1002
13.0833 1002
13.1 1002
13.1167 1001
13.1333 1001
13.15 1000
13.1667 1000
13.1833 999
13.2 999
13.2167 998
13.2333 997
13.25 997
13.2667 996
13.2833 996
13.3 995
13.3167 994
13.3333 994
13.35 993
13.3667 992
13.3833 991
13.4 991
13.4167 990
13.4333 989
13.45 988
13.4667 988
13.4833 987
13.5 986
13.5167 985
13.5333 984
13.55 983
13.5667 982
13.5833 981
13.6 980
13.6167 979
13.6333 978
13.65 977
13.6667 976
13.6833 975
13.7 974
13.7167 973
13.7333 972
13.75 971
13.7667 970
13.7833 968
13.8 967
13.8167 966
13.8333 965
13.85 964
13.8667 962
13.8833 961
13.9 960
13.9167 958
13.9333 957
13.95 956
13.9667 954
13.9833 953
14.0 952
14.0167 950
14.0333 949
14.05 947
14.0667 946
14.0833 944
14.1 943
14.1167 941
14.1333 940
14.15 938
14.1667 937
14.1833 935
14.2 934
14.2167 932
14.2333 930
14.25 929
14.2667 927
14.2833 925
14.3 924
14.3167 922
14.3333 920
14.35 918
14.3667 917
14.3833 915
14.4 913
14.4167 911
14.4333 909
14.45 908
14.4667 906
14.4833 904
14.5 902
14.5167 900
14.5333 898
14.55 896
14.5667 894
14.5833 892
14.6 890
14.6167 888
14.6333 886
14.65 884
14.6667 882
14.6833 880
14.7 878
14.7167 876
14.7333 874
14.75 872
14.7667 869
14.7833 867
14.8 865
14.8167 863
14.8333 861
14.85 858
14.8667 856
14.8833 854
14.9 852
14.9167 849
14.9333 847
14.95 845
14.9667 842
14.9833 840
15.0 838
15.0167 835
15.0333 833
15.05 831
15.0667 828
15.0833 826
15.1 823
15.1167 821
15.1333 818
15.15 816
15.1667 813
15.1833 811
15.2 808
15.2167 806
15.2333 803
15.25 801
15.2667 798
15.2833 796
15.3 793
15.3167 790
15.3333 788
15.35 785
15.3667 782
15.3833 780
15.4 777
15.4167 774
15.4333 771
15.45 769
15.4667 766
15.4833 763
15.5 760
15.5167 758
15.5333 755
15.55 752
15.5667 749
15.5833 746
15.6 744
15.6167 741
15.6333 738
15.65 735
15.6667 732
15.6833 729
15.7 726
15.7167 723
15.7333 720
15.75 717
15.7667 714
15.7833 711
15.8 708
15.8167 705
15.8333 702
15.85 699
15.8667 696
15.8833 693
15.9 690
15.9167 687
15.9333 684
15.95 681
15.9667 678
15.9833 675
16.0 671
16.0167 668
16.0333 665
16.05 662
16.0667 659
16.0833 656
16.1 652
16.1167 649
16.1333 646
16.15 643
16.1667 640
16.1833 636
16.2 633
16.2167 630
16.2333 626
16.25 623
16.2667 620
16.2833 617
16.3 613
16.3167 610
16.3333 607
16.35 603
16.3667 600
16.3833 597
16.4 593
16.4167 590
16.4333 586
16.45 583
16.4667 580
16.4833 576
16.5 573
16.5167 569
16.5333 566
16.55 562
16.5667 559
16.5833 556
16.6 552
16.6167 549
16.6333 545
16.65 542
16.6667 538
16.6833 535
16.7 531
16.7167 528
16.7333 524
16.75 521
16.7667 517
16.7833 514
16.8 510
16.8167 506
16.8333 503
16.85 499
16.8667 496
16.8833 492
16.9 489
16.9167 485
16.9333 481
16.95 478
16.9667 474
16.9833 471
