8.0 384
8.0167 387
8.0333 391
8.05 395
8.0667 399
8.0833 402
8.1 406
8.1167 410
8.1333 414
8.15 417
8.1667 421
8.1833 425
8.2 429
8.2167 432
8.2333 436
8.25 440
8.2667 444
8.2833 447
8.3 451
8.3167 455
8.3333 458
8.35 462
8.3667 466
8.3833 470
8.4 473
8.4167 477
8.4333 481
8.45 484
8.4667 488
8.4833 492
8.5 495
8.5167 499
8.5333 503
8.55 506
8.5667 510
8.5833 513
8.6 517
8.6167 521
8.6333 524
8.65 528
8.6667 531
8.6833 535
8.7 539
8.7167 542
8.7333 546
8.75 549
8.7667 553
8.7833 556
8.8 560
8.8167 563
8.8333 567
8.85 570
8.8667 574
8.8833 577
8.9 581
8.9167 584
8.9333 588
8.95 591
8.9667 595
8.9833 598
9.0 602
9.0167 605
9.0333 608
9.05 612
9.0667 615
9.0833 619
9.1 622
9.1167 625
9.1333 629
9.15 632
9.1667 635
9.1833 639
9.2 642
9.2167 645
9.2333 649
9.25 652
9.2667 655
9.2833 659
9.3 662
9.3167 665
9.3333 668
9.35 672
9.3667 675
9.3833 678
9.4 681
9.4167 684
9.4333 688
9.45 691
9.4667 694
9.4833 697
9.5 700
9.5167 703
9.5333 706
9.55 710
9.5667 713
9.5833 716
9.6 719
9.6167 722
9.6333 725
9.65 728
9.6667 731
9.6833 734
9.7 737
9.7167 740
9.7333 743
9.75 746
9.7667 749
9.7833 752
9.8 755
9.8167 758
9.8333 761
9.85 763
9.8667 766
9.8833 769
9.9 772
9.9167 775
9.9333 778
9.95 780
9.9667 783
9.9833 786
10.0 789
10.0167 792
10.0333 794
10.05 797
10.0667 800
10.0833 802
10.1 805
10.1167 808
10.1333 811
10.15 813
10.1667 816
10.1833 818
10.2 821
10.2167 824
10.2333 826
10.25 829
10.2667 831
10.2833 834
10.3 836
10.3167 839
10.3333 841
10.35 844
10.3667 846
10.3833 849
10.4 851
10.4167 854
10.4333 856
10.45 858
10.4667 861
10.4833 863
10.5 866
10.5167 868
10.5333 870
10.55 872
10.5667 875
10.5833 877
10.6 879
10.6167 882
10.6333 884
10.65 886
10.6667 888
10.6833 890
10.7 892
10.7167 895
10.7333 897
10.75 899
10.7667 901
10.7833 903
10.8 905
10.8167 907
10.8333 909
10.85 911
10.8667 913
10.8833 915
10.9 917
10.9167 919
10.9333 921
10.95 923
10.9667 925
10.9833 927
11.0 929
11.0167 931
11.0333 932
11.05 934
11.0667 936
11.0833 938
11.1 940
11.1167 941
11.1333 943
11.15 945
11.1667 947
11.1833 948
11.2 950
11.2167 952
11.2333 953
11.25 955
11.2667 956
11.2833 958
11.3 960
11.3167 961
11.3333 963
11.35 964
11.3667 966
11.3833 967
11.4 969
11.4167 970
11.4333 972
11.45 973
11.4667 974
11.4833 976
11.5 977
11.5167 979
11.5333 980
11.55 981
11.5667 983
11.5833 984
11.6 985
11.6167 986
11.6333 988
11.65 989
11.6667 990
11.6833 991
11.7 992
11.7167 993
11.7333 995
11.75 996
11.7667 997
11.7833 998
11.8 999
11.8167 1000
11.8333 1001
11.85 1002
11.8667 1003
11.8833 1004
11.9 1005
11.9167 1006
11.9333 1007
11.95 1007
11.9667 1008
11.9833 1009
12.0 1010
12.0167 1011
12.0333 1012
12.05 1012
12.0667 1013
12.0833 1014
12.1 1015
12.1167 1015
12.1333 1016
12.15 1017
12.1667 1017
12.1833 1018
12.2 1019
12.2167 1019
12.2333 1020
12.25 1020
12.2667 1021
12.2833 1021
12.3 1022
12.3167 1022
12.3333 1023
12.35 1023
12.3667 1024
12.3833 1024
12.4 1025
12.4167 1025
12.4333 1025
12.45 1026
12.4667 1026
12.4833 1026
12.5 1027
12.5167 1027
12.5333 1027
12.55 1027
12.5667 1028
12.5833 1028
12.6 1028
12.6167 1028
12.6333 1028
12.65 1028
12.6667 1028
12.6833 1028
12.7 1028
12.7167 1029
12.7333 1029
12.75 1029
12.7667 1029
12.7833 1029
12.8 1028
12.8167 1028
12.8333 1028
12.85 1028
12.8667 1028
12.8833 1028
12.9 1028
12.9167 1028
12.9333 1027
12.95 1027
12.9667 1027
12.9833 1027
13.0 1026
13.0167 1026
13.0333 1026
13.05 1025
13.0667 1025
13.0833 1025
13.1 1024
13.1167 1024
13.1333 1023
13.15 1023
13.1667 1023
13.1833 1022
13.2 1022
13.2167 1021
13.2333 1021
13.25 1020
13.2667 1019
13.2833 1019
13.3 1018
13.3167 1018
13.3333 1017
13.35 1016
13.3667 1016
13.3833 1015
13.4 1014
13.4167 1013
13.4333 1013
13.45 1012
13.4667 1011
13.4833 1010
13.5 1009
13.5167 1009
13.5333 1008
13.55 1007
13.5667 1006
13.5833 1005
13.6 1004
13.6167 1003
13.6333 1002
13.65 1001
13.6667 1000
13.6833 999
13.7 998
13.7167 997
13.7333 996
13.75 995
13.7667 994
13.7833 993
13.8 992
13.8167 990
13.8333 989
13.85 988
13.8667 987
13.8833 985
13.9 984
13.9167 983
13.9333 982
13.95 980
13.9667 979
13.9833 978
14.0 976
14.0167 975
14.0333 974
14.05 972
14.0667 971
14.0833 969
14.1 968
14.1167 966
14.1333 965
14.15 963
14.1667 962
14.1833 960
14.2 959
14.2167 957
14.2333 955
14.25 954
14.2667 952
14.2833 951
14.3 949
14.3167 947
14.3333 945
14.35 944
14.3667 942
14.3833 940
14.4 938
14.4167 937
14.4333 935
14.45 933
14.4667 931
14.4833 929
14.5 927
14.5167 926
14.5333 924
14.55 922
14.5667 920
14.5833 918
14.6 916
14.6167 914
14.6333 912
14.65 910
14.6667 908
14.6833 906
14.7 904
14.7167 902
14.7333 900
14.75 897
14.7667 895
14.7833 893
14.8 891
14.8167 889
14.8333 887
14.85 884
14.8667 882
14.8833 880
14.9 878
14.9167 876
14.9333 873
14.95 871
14.9667 869
14.9833 866
15.0 864
15.0167 862
15.0333 859
15.05 857
15.0667 855
15.0833 852
15.1 850
15.1167 847
15.1333 845
15.15 842
15.1667 840
15.1833 837
15.2 835
15.2167 832
15.2333 830
15.25 827
15.2667 825
15.2833 822
15.3 819
15.3167 817
15.3333 814
15.35 811
15.3667 809
15.3833 806
15.4 803
15.4167 801
15.4333 798
15.45 795
15.4667 793
15.4833 790
15.5 787
15.5167 784
15.5333 782
15.55 779
15.5667 776
15.5833 773
15.6 770
15.6167 767
15.6333 764
15.65 762
15.6667 759
15.6833 756
15.7 753
15.7167 750
15.7333 747
15.75 744
15.7667 741
15.7833 738
15.8 735
15.8167 732
15.8333 729
15.85 726
15.8667 723
15.8833 720
15.9 717
15.9167 714
15.9333 711
15.95 708
15.9667 704
15.9833 701
16.0 698
16.0167 695
16.0333 692
16.05 689
16.0667 686
16.0833 682
16.1 679
16.1167 676
16.1333 673
16.15 670
16.1667 666
16.1833 663
16.2 660
16.2167 656
16.2333 653
16.25 650
16.2667 647
16.2833 643
16.3 640
16.3167 637
16.3333 633
16.35 630
16.3667 627
16.3833 623
16.4 620
16.4167 616
16.4333 613
16.45 610
16.4667 606
16.4833 603
16.5 599
16.5167 596
16.5333 592
16.55 589
16.5667 585
16.5833 582
16.6 579
16.6167 575
16.6333 572
16.65 568
16.6667 565
16.6833 561
16.7 557
16.7167 554
16.7333 550
16.75 547
16.7667 543
16.7833 540
16.8 536
16.8167 533
16.8333 529
16.85 525
16.8667 522
16.8833 518
16.9 514
16.9167 511
16.9333 507
16.95 504
16.9667 500
16.9833 496
