8.0 376
8.0167 380
8.0333 383
8.05 387
8.0667 391
8.0833 394
8.1 398
8.1167 402
8.1333 405
8.15 409
8.1667 413
8.1833 417
8.2 420
8.2167 424
8.2333 428
8.25 431
8.2667 435
8.2833 438
8.3 442
8.3167 446
8.3333 449
8.35 453
8.3667 457
8.3833 460
8.4 464
8.4167 468
8.4333 471
8.45 475
8.4667 478
8.4833 482
8.5 486
8.5167 489
8.5333 493
8.55 496
8.5667 500
8.5833 504
8.6 507
8.6167 511
8.6333 514
8.65 518
8.6667 521
8.6833 525
8.7 528
8.7167 532
8.7333 535
8.75 539
8.7667 542
8.7833 546
8.8 549
8.8167 553
8.8333 556
8.85 560
8.8667 563
8.8833 567
8.9 570
8.9167 573
8.9333 577
8.95 580
8.9667 584
8.9833 587
9.0 590
9.0167 594
9.0333 597
9.05 600
9.0667 604
9.0833 607
9.1 610
9.1167 614
9.1333 617
9.15 620
9.1667 624
9.1833 627
9.2 630
9.2167 634
9.2333 637
9.25 640
9.2667 643
9.2833 646
9.3 650
9.3167 653
9.3333 656
9.35 659
9.3667 662
9.3833 666
9.4 669
9.4167 672
9.4333 675
9.45 678
9.4667 681
9.4833 684
9.5 688
9.5167 691
9.5333 694
9.55 697
9.5667 700
9.5833 703
9.6 706
9.6167 709
9.6333 712
9.65 715
9.6667 718
9.6833 721
9.7 724
9.7167 727
9.7333 730
9.75 732
9.7667 735
9.7833 738
9.8 741
9.8167 744
9.8333 747
9.85 750
9.8667 753
9.8833 755
9.9 758
9.9167 761
9.9333 764
9.95 766
9.9667 769
9.9833 772
10.0 775
10.0167 777
10.0333 780
10.05 783
10.0667 785
10.0833 788
10.1 791
10.1167 793
10.1333 796
10.15 799
10.1667 801
10.1833 804
10.2 806
10.2167 809
10.2333 811
10.25 814
10.2667 816
10.2833 819
10.3 821
10.3167 824
10.3333 826
10.35 829
10.3667 831
10.3833 834
10.4 836
10.4167 838
10.4333 841
10.45 843
10.4667 845
10.4833 848
10.5 850
10.5167 852
10.5333 855
10.55 857
10.5667 859
10.5833 861
10.6 863
10.6167 866
10.6333 868
10.65 870
10.6667 872
10.6833 874
10.7 876
10.7167 879
10.7333 881
10.75 883
10.7667 885
10.7833 887
10.8 889
10.8167 891
10.8333 893
10.85 895
10.8667 897
10.8833 899
10.9 901
10.9167 902
10.9333 904
10.95 906
10.9667 908
10.9833 910
11.0 912
11.0167 914
11.0333 915
11.05 917
11.0667 919
11.0833 921
11.1 922
11.1167 924
11.1333 926
11.15 928
11.1667 929
11.1833 931
11.2 932
11.2167 934
11.2333 936
11.25 937
11.2667 939
11.2833 940
11.3 942
11.3167 943
11.3333 945
11.35 946
11.3667 948
11.3833 949
11.4 951
11.4167 952
11.4333 954
11.45 955
11.4667 956
11.4833 958
11.5 959
11.5167 960
11.5333 961
11.55 963
11.5667 964
11.5833 965
11.6 966
11.6167 968
11.6333 969
11.65 970
11.6667 971
11.6833 972
11.7 973
11.7167 975
11.7333 976
11.75 977
11.7667 978
11.7833 979
11.8 980
11.8167 981
11.8333 982
11.85 983
11.8667 984
11.8833 984
11.9 985
11.9167 986
11.9333 987
11.95 988
11.9667 989
11.9833 990
12.0 990
12.0167 991
12.0333 992
12.05 993
12.0667 993
12.0833 994
12.1 995
12.1167 995
12.1333 996
12.15 997
12.1667 997
12.1833 998
12.2 998
12.2167 999
12.2333 1000
12.25 1000
12.2667 1001
12.2833 1001
12.3 1001
12.3167 1002
12.3333 1002
12.35 1003
12.3667 1003
12.3833 1003
12.4 1004
12.4167 1004
12.4333 1004
12.45 1005
12.4667 1005
12.4833 1005
12.5 1006
12.5167 1006
12.5333 1006
12.55 1006
12.5667 1006
12.5833 1006
12.6 1007
12.6167 1007
12.6333 1007
12.65 1007
12.6667 1007
12.6833 1007
12.7 1007
12.7167 1007
12.7333 1007
12.75 1007
12.7667 1007
12.7833 1007
12.8 1007
12.8167 1007
12.8333 1006
12.85 1006
12.8667 1006
12.8833 1006
12.9 1006
12.9167 1005
12.9333 1005
12.95 1005
12.9667 1005
12.9833 1004
13.0 1004
13.0167 1004
13.0333 1003
13.05 1003
13.0667 1003
13.0833 1002
13.1 1002
13.1167 1001
13.1333 1001
13.15 1000
13.1667 1000
13.1833 999
13.2 999
13.2167 998
13.2333 998
13.25 997
13.2667 996
13.2833 996
13.3 995
13.3167 994
13.3333 994
13.35 993
13.3667 992
13.3833 992
13.4 991
13.4167 990
13.4333 989
13.45 988
13.4667 988
13.4833 987
13.5 986
13.5167 985
13.5333 984
13.55 983
13.5667 982
13.5833 981
13.6 980
13.6167 979
13.6333 978
13.65 977
13.6667 976
13.6833 975
13.7 974
13.7167 973
13.7333 972
13.75 971
13.7667 970
13.7833 968
13.8 967
13.8167 966
13.8333 965
13.85 964
13.8667 962
13.8833 961
13.9 960
13.9167 958
13.9333 957
13.95 956
13.9667 954
13.9833 953
14.0 952
14.0167 950
14.0333 949
14.05 947
14.0667 946
14.0833 944
14.1 943
14.1167 941
14.1333 940
14.15 938
14.1667 937
14.1833 935
14.2 933
14.2167 932
14.2333 930
14.25 929
14.2667 927
14.2833 925
14.3 924
14.3167 922
14.3333 920
14.35 918
14.3667 917
14.3833 915
14.4 913
14.4167 911
14.4333 909
14.45 907
14.4667 906
14.4833 904
14.5 902
14.5167 900
14.5333 898
14.55 896
14.5667 894
14.5833 892
14.6 890
14.6167 888
14.6333 886
14.65 884
14.6667 882
14.6833 880
14.7 878
14.7167 876
14.7333 874
14.75 871
14.7667 869
14.7833 867
14.8 865
14.8167 863
14.8333 860
14.85 858
14.8667 856
14.8833 854
14.9 851
14.9167 849
14.9333 847
14.95 845
14.9667 842
14.9833 840
15.0 838
15.0167 835
15.0333 833
15.05 830
15.0667 828
15.0833 826
15.1 823
15.1167 821
15.1333 818
15.15 816
15.1667 813
15.1833 811
15.2 808
15.2167 806
15.2333 803
15.25 800
15.2667 798
15.2833 795
15.3 793
15.3167 790
15.3333 787
15.35 785
15.3667 782
15.3833 779
15.4 777
15.4167 774
15.4333 771
15.45 768
15.4667 766
15.4833 763
15.5 760
15.5167 757
15.5333 754
15.55 752
15.5667 749
15.5833 746
15.6 743
15.6167 740
15.6333 737
15.65 734
15.6667 732
15.6833 729
15.7 726
15.7167 723
15.7333 720
15.75 717
15.7667 714
15.7833 711
15.8 708
15.8167 705
15.8333 702
15.85 699
15.8667 696
15.8833 693
15.9 690
15.9167 687
15.9333 683
15.95 680
15.9667 677
15.9833 674
16.0 671
16.0167 668
16.0333 665
16.05 661
16.0667 658
16.0833 655
16.1 652
16.1167 649
16.1333 645
16.15 642
16.1667 639
16.1833 636
16.2 632
16.2167 629
16.2333 626
16.25 623
16.2667 619
16.2833 616
16.3 613
16.3167 609
16.3333 606
16.35 603
16.3667 599
16.3833 596
16.4 593
16.4167 589
16.4333 586
16.45 582
16.4667 579
16.4833 576
16.5 572
16.5167 569
16.5333 565
16.55 562
16.5667 558
16.5833 555
16.6 552
16.6167 548
16.6333 545
16.65 541
16.6667 538
16.6833 534
16.7 531
16.7167 527
16.7333 523
16.75 520
16.7667 516
16.7833 513
16.8 509
16.8167 506
16.8333 502
16.85 499
16.8667 495
16.8833 491
16.9 488
16.9167 484
16.9333 481
16.95 477
16.9667 473
16.9833 470
