8.0 381
8.0167 384
8.0333 388
8.05 392
8.0667 396
8.0833 399
8.1 403
8.1167 407
8.1333 410
8.15 414
8.1667 418
8.1833 421
8.2 425
8.2167 429
8.2333 432
8.25 436
8.2667 440
8.2833 443
8.3 447
8.3167 451
8.3333 454
8.35 458
8.3667 462
8.3833 465
8.4 469
8.4167 473
8.4333 476
8.45 480
8.4667 483
8.4833 487
8.5 491
8.5167 494
8.5333 498
8.55 501
8.5667 505
8.5833 509
8.6 512
8.6167 516
8.6333 519
8.65 523
8.6667 526
8.6833 530
8.7 533
8.7167 537
8.7333 541
8.75 544
8.7667 548
8.7833 551
8.8 555
8.8167 558
8.8333 561
8.85 565
8.8667 568
8.8833 572
8.9 575
8.9167 579
8.9333 582
8.95 586
8.9667 589
8.9833 592
9.0 596
9.0167 599
9.0333 602
9.05 606
9.0667 609
9.0833 612
9.1 616
9.1167 619
9.1333 622
9.15 626
9.1667 629
9.1833 632
9.2 636
9.2167 639
9.2333 642
9.25 645
9.2667 649
9.2833 652
9.3 655
9.3167 658
9.3333 661
9.35 665
9.3667 668
9.3833 671
9.4 674
9.4167 677
9.4333 680
9.45 683
9.4667 687
9.4833 690
9.5 693
9.5167 696
9.5333 699
9.55 702
9.5667 705
9.5833 708
9.6 711
9.6167 714
9.6333 717
9.65 720
9.6667 723
9.6833 726
9.7 729
9.7167 732
9.7333 735
9.75 738
9.7667 741
9.7833 743
9.8 746
9.8167 749
9.8333 752
9.85 755
9.8667 758
9.8833 760
9.9 763
9.9167 766
9.9333 769
9.95 772
9.9667 774
9.9833 777
10.0 780
10.0167 782
10.0333 785
10.05 788
10.0667 790
10.0833 793
10.1 796
10.1167 798
10.1333 801
10.15 804
10.1667 806
10.1833 809
10.2 811
10.2167 814
10.2333 816
10.25 819
10.2667 821
10.2833 824
10.3 826
10.3167 829
10.3333 831
10.35 834
10.3667 836
10.3833 838
10.4 841
10.4167 843
10.4333 845
10.45 848
10.4667 850
10.4833 852
10.5 855
10.5167 857
10.5333 859
10.55 861
10.5667 864
10.5833 866
10.6 868
10.6167 870
10.6333 872
10.65 875
10.6667 877
10.6833 879
10.7 881
10.7167 883
10.7333 885
10.75 887
10.7667 889
10.7833 891
10.8 893
10.8167 895
10.8333 897
10.85 899
10.8667 901
10.8833 903
10.9 905
10.9167 907
10.9333 909
10.95 910
10.9667 912
10.9833 914
11.0 916
11.0167 918
11.0333 920
11.05 921
11.0667 923
11.0833 925
11.1 927
11.1167 928
11.1333 930
11.15 932
11.1667 933
11.1833 935
11.2 936
11.2167 938
11.2333 940
11.25 941
11.2667 943
11.2833 944
11.3 946
11.3167 947
11.3333 949
11.35 950
11.3667 952
11.3833 953
11.4 954
11.4167 956
11.4333 957
11.45 959
11.4667 960
11.4833 961
11.5 962
11.5167 964
11.5333 965
11.55 966
11.5667 967
11.5833 969
11.6 970
11.6167 971
11.6333 972
11.65 973
11.6667 974
11.6833 976
11.7 977
11.7167 978
11.7333 979
11.75 980
11.7667 981
11.7833 982
11.8 983
11.8167 984
11.8333 985
11.85 986
11.8667 987
11.8833 987
11.9 988
11.9167 989
11.9333 990
11.95 991
11.9667 992
11.9833 992
12.0 993
12.0167 994
12.0333 995
12.05 995
12.0667 996
12.0833 997
12.1 997
12.1167 998
12.1333 999
12.15 999
12.1667 1000
12.1833 1000
12.2 1001
12.2167 1001
12.2333 1002
12.25 1002
12.2667 1003
12.2833 1003
12.3 1004
12.3167 1004
12.3333 1005
12.35 1005
12.3667 1005
12.3833 1006
12.4 1006
12.4167 1006
12.4333 1007
12.45 1007
12.4667 1007
12.4833 1007
12.5 1007
12.5167 1008
12.5333 1008
12.55 1008
12.5667 1008
12.5833 1008
12.6 1008
12.6167 1008
12.6333 1009
12.65 1009
12.6667 1009
12.6833 1009
12.7 1009
12.7167 1009
12.7333 1008
12.75 1008
12.7667 1008
12.7833 1008
12.8 1008
12.8167 1008
12.8333 1008
12.85 1008
12.8667 1007
12.8833 1007
12.9 1007
12.9167 1007
12.9333 1006
12.95 1006
12.9667 1006
12.9833 1005
13.0 1005
13.0167 1005
13.0333 1004
13.05 1004
13.0667 1003
13.0833 1003
13.1 1003
13.1167 1002
13.1333 1002
13.15 1001
13.1667 1000
13.1833 1000
13.2 999
13.2167 999
13.2333 998
13.25 998
13.2667 997
13.2833 996
13.3 996
13.3167 995
13.3333 994
13.35 993
13.3667 993
13.3833 992
13.4 991
13.4167 990
13.4333 989
13.45 989
13.4667 988
13.4833 987
13.5 986
13.5167 985
13.5333 984
13.55 983
13.5667 982
13.5833 981
13.6 980
13.6167 979
13.6333 978
13.65 977
13.6667 976
13.6833 975
13.7 974
13.7167 973
13.7333 971
13.75 970
13.7667 969
13.7833 968
13.8 967
13.8167 965
13.8333 964
13.85 963
13.8667 962
13.8833 960
13.9 959
13.9167 958
13.9333 956
13.95 955
13.9667 953
13.9833 952
14.0 951
14.0167 949
14.0333 948
14.05 946
14.0667 945
14.0833 943
14.1 942
14.1167 940
14.1333 938
14.15 937
14.1667 935
14.1833 934
14.2 932
14.2167 930
14.2333 929
14.25 927
14.2667 925
14.2833 924
14.3 922
14.3167 920
14.3333 918
14.35 916
14.3667 915
14.3833 913
14.4 911
14.4167 909
14.4333 907
14.45 905
14.4667 904
14.4833 902
14.5 900
14.5167 898
14.5333 896
14.55 894
14.5667 892
14.5833 890
14.6 888
14.6167 886
14.6333 884
14.65 881
14.6667 879
14.6833 877
14.7 875
14.7167 873
14.7333 871
14.75 869
14.7667 866
14.7833 864
14.8 862
14.8167 860
14.8333 858
14.85 855
14.8667 853
14.8833 851
14.9 848
14.9167 846
14.9333 844
14.95 841
14.9667 839
14.9833 837
15.0 834
15.0167 832
15.0333 830
15.05 827
15.0667 825
15.0833 822
15.1 820
15.1167 817
15.1333 815
15.15 812
15.1667 810
15.1833 807
15.2 804
15.2167 802
15.2333 799
15.25 797
15.2667 794
15.2833 791
15.3 789
15.3167 786
15.3333 783
15.35 781
15.3667 778
15.3833 775
15.4 772
15.4167 770
15.4333 767
15.45 764
15.4667 761
15.4833 759
15.5 756
15.5167 753
15.5333 750
15.55 747
15.5667 744
15.5833 742
15.6 739
15.6167 736
15.6333 733
15.65 730
15.6667 727
15.6833 724
15.7 721
15.7167 718
15.7333 715
15.75 712
15.7667 709
15.7833 706
15.8 703
15.8167 700
15.8333 697
15.85 694
15.8667 691
15.8833 688
15.9 685
15.9167 681
15.9333 678
15.95 675
15.9667 672
15.9833 669
16.0 666
16.0167 662
16.0333 659
16.05 656
16.0667 653
16.0833 650
16.1 646
16.1167 643
16.1333 640
16.15 637
16.1667 633
16.1833 630
16.2 627
16.2167 623
16.2333 620
16.25 617
16.2667 614
16.2833 610
16.3 607
16.3167 603
16.3333 600
16.35 597
16.3667 593
16.3833 590
16.4 587
16.4167 583
16.4333 580
16.45 576
16.4667 573
16.4833 569
16.5 566
16.5167 563
16.5333 559
16.55 556
16.5667 552
16.5833 549
16.6 545
16.6167 542
16.6333 538
16.65 535
16.6667 531
16.6833 528
16.7 524
16.7167 520
16.7333 517
16.75 513
16.7667 510
16.7833 506
16.8 503
16.8167 499
16.8333 495
16.85 492
16.8667 488
16.8833 485
16.9 481
16.9167 477
16.9333 474
16.95 470
16.9667 467
16.9833 463
