8.0 382
8.0167 386
8.0333 389
8.05 393
8.0667 397
8.0833 401
8.1 405
8.1167 409
8.1333 413
8.15 417
8.1667 420
8.1833 424
8.2 428
8.2167 432
8.2333 436
8.25 440
8.2667 444
8.2833 447
8.3 451
8.3167 455
8.3333 459
8.35 463
8.3667 466
8.3833 470
8.4 474
8.4167 478
8.4333 482
8.45 485
8.4667 489
8.4833 493
8.5 497
8.5167 501
8.5333 504
8.55 508
8.5667 512
8.5833 516
8.6 519
8.6167 523
8.6333 527
8.65 530
8.6667 534
8.6833 538
8.7 542
8.7167 545
8.7333 549
8.75 553
8.7667 556
8.7833 560
8.8 564
8.8167 567
8.8333 571
8.85 574
8.8667 578
8.8833 582
8.9 585
8.9167 589
8.9333 592
8.95 596
8.9667 600
8.9833 603
9.0 607
9.0167 610
9.0333 613
9.05 617
9.0667 621
9.0833 624
9.1 628
9.1167 631
9.1333 634
9.15 638
9.1667 641
9.1833 645
9.2 648
9.2167 652
9.2333 655
9.25 659
9.2667 662
9.2833 665
9.3 669
9.3167 672
9.3333 675
9.35 679
9.3667 682
9.3833 685
9.4 689
9.4167 692
9.4333 695
9.45 699
9.4667 702
9.4833 705
9.5 708
9.5167 712
9.5333 715
9.55 718
9.5667 721
9.5833 724
9.6 728
9.6167 731
9.6333 734
9.65 737
9.6667 740
9.6833 743
9.7 746
9.7167 750
9.7333 753
9.75 756
9.7667 759
9.7833 762
9.8 765
9.8167 768
9.8333 771
9.85 774
9.8667 777
9.8833 780
9.9 783
9.9167 786
9.9333 789
9.95 791
9.9667 794
9.9833 797
10.0 800
10.0167 803
10.0333 806
10.05 809
10.0667 811
10.0833 814
10.1 817
10.1167 820
10.1333 823
10.15 825
10.1667 828
10.1833 831
10.2 834
10.2167 836
10.2333 839
10.25 842
10.2667 844
10.2833 847
10.3 849
10.3167 852
10.3333 855
10.35 857
10.3667 860
10.3833 862
10.4 865
10.4167 867
10.4333 870
10.45 872
10.4667 875
10.4833 877
10.5 880
10.5167 882
10.5333 885
10.55 887
10.5667 889
10.5833 892
10.6 894
10.6167 896
10.6333 899
10.65 901
10.6667 903
10.6833 906
10.7 908
10.7167 910
10.7333 912
10.75 914
10.7667 917
10.7833 919
10.8 921
10.8167 923
10.8333 925
10.85 927
10.8667 929
10.8833 932
10.9 934
10.9167 936
10.9333 938
10.95 940
10.9667 942
10.9833 944
11.0 946
11.0167 948
11.0333 950
11.05 951
11.0667 953
11.0833 955
11.1 957
11.1167 959
11.1333 961
11.15 963
11.1667 964
11.1833 966
11.2 968
11.2167 970
11.2333 971
11.25 973
11.2667 975
11.2833 976
11.3 978
11.3167 980
11.3333 981
11.35 983
11.3667 985
11.3833 986
11.4 988
11.4167 989
11.4333 991
11.45 992
11.4667 994
11.4833 995
11.5 997
11.5167 998
11.5333 999
11.55 1001
11.5667 1002
11.5833 1004
11.6 1005
11.6167 1006
11.6333 1008
11.65 1009
11.6667 1010
11.6833 1011
11.7 1013
11.7167 1014
11.7333 1015
11.75 1016
11.7667 1017
11.7833 1018
11.8 1020
11.8167 1021
11.8333 1022
11.85 1023
11.8667 1024
11.8833 1025
11.9 1026
11.9167 1027
11.9333 1028
11.95 1029
11.9667 1030
11.9833 1031
12.0 1032
12.0167 1033
12.0333 1033
12.05 1034
12.0667 1035
12.0833 1036
12.1 1037
12.1167 1037
12.1333 1038
12.15 1039
12.1667 1040
12.1833 1040
12.2 1041
12.2167 1042
12.2333 1042
12.25 1043
12.2667 1044
12.2833 1044
12.3 1045
12.3167 1045
12.3333 1046
12.35 1046
12.3667 1047
12.3833 1047
12.4 1048
12.4167 1048
12.4333 1049
12.45 1049
12.4667 1049
12.4833 1050
12.5 1050
12.5167 1050
12.5333 1051
12.55 1051
12.5667 1051
12.5833 1052
12.6 1052
12.6167 1052
12.6333 1052
12.65 1052
12.6667 1053
12.6833 1053
12.7 1053
12.7167 1053
12.7333 1053
12.75 1053
12.7667 1053
12.7833 1053
12.8 1053
12.8167 1053
12.8333 1053
12.85 1053
12.8667 1053
12.8833 1053
12.9 1053
12.9167 1053
12.9333 1052
12.95 1052
12.9667 1052
12.9833 1052
13.0 1052
13.0167 1051
13.0333 1051
13.05 1051
13.0667 1051
13.0833 1050
13.1 1050
13.1167 1050
13.1333 1049
13.15 1049
13.1667 1048
13.1833 1048
13.2 1047
13.2167 1047
13.2333 1046
13.25 1046
13.2667 1045
13.2833 1045
13.3 1044
13.3167 1044
13.3333 1043
13.35 1043
13.3667 1042
13.3833 1041
13.4 1041
13.4167 1040
13.4333 1039
13.45 1038
13.4667 1038
13.4833 1037
13.5 1036
13.5167 1035
13.5333 1034
13.55 1034
13.5667 1033
13.5833 1032
13.6 1031
13.6167 1030
13.6333 1029
13.65 1028
13.6667 1027
13.6833 1026
13.7 1025
13.7167 1024
13.7333 1023
13.75 1022
13.7667 1021
13.7833 1020
13.8 1019
13.8167 1018
13.8333 1016
13.85 1015
13.8667 1014
13.8833 1013
13.9 1012
13.9167 1010
13.9333 1009
13.95 1008
13.9667 1007
13.9833 1005
14.0 1004
14.0167 1003
14.0333 1001
14.05 1000
14.0667 998
14.0833 997
14.1 996
14.1167 994
14.1333 993
14.15 991
14.1667 990
14.1833 988
14.2 986
14.2167 985
14.2333 983
14.25 982
14.2667 980
14.2833 978
14.3 977
14.3167 975
14.3333 973
14.35 972
14.3667 970
14.3833 968
14.4 967
14.4167 965
14.4333 963
14.45 961
14.4667 959
14.4833 958
14.5 956
14.5167 954
14.5333 952
14.55 950
14.5667 948
14.5833 946
14.6 944
14.6167 942
14.6333 940
14.65 938
14.6667 936
14.6833 934
14.7 932
14.7167 930
14.7333 928
14.75 926
14.7667 924
14.7833 921
14.8 919
14.8167 917
14.8333 915
14.85 913
14.8667 911
14.8833 908
14.9 906
14.9167 904
14.9333 902
14.95 899
14.9667 897
14.9833 895
15.0 892
15.0167 890
15.0333 887
15.05 885
15.0667 883
15.0833 880
15.1 878
15.1167 875
15.1333 873
15.15 870
15.1667 868
15.1833 865
15.2 863
15.2167 860
15.2333 858
15.25 855
15.2667 853
15.2833 850
15.3 847
15.3167 845
15.3333 842
15.35 839
15.3667 837
15.3833 834
15.4 831
15.4167 829
15.4333 826
15.45 823
15.4667 820
15.4833 818
15.5 815
15.5167 812
15.5333 809
15.55 806
15.5667 804
15.5833 801
15.6 798
15.6167 795
15.6333 792
15.65 789
15.6667 786
15.6833 783
15.7 780
15.7167 777
15.7333 774
15.75 771
15.7667 768
15.7833 765
15.8 762
15.8167 759
15.8333 756
15.85 753
15.8667 750
15.8833 747
15.9 744
15.9167 741
15.9333 738
15.95 735
15.9667 731
15.9833 728
16.0 725
16.0167 722
16.0333 719
16.05 715
16.0667 712
16.0833 709
16.1 706
16.1167 702
16.1333 699
16.15 696
16.1667 693
16.1833 689
16.2 686
16.2167 683
16.2333 679
16.25 676
16.2667 673
16.2833 669
16.3 666
16.3167 663
16.3333 659
16.35 656
16.3667 652
16.3833 649
16.4 646
16.4167 642
16.4333 639
16.45 635
16.4667 632
16.4833 628
16.5 625
16.5167 621
16.5333 618
16.55 614
16.5667 611
16.5833 607
16.6 604
16.6167 600
16.6333 596
16.65 593
16.6667 589
16.6833 586
16.7 582
16.7167 578
16.7333 575
16.75 571
16.7667 568
16.7833 564
16.8 560
16.8167 557
16.8333 553
16.85 549
16.8667 546
16.8833 542
16.9 538
16.9167 535
16.9333 531
16.95 527
16.9667 523
16.9833 520
