8.0 318
8.0167 322
8.0333 326
8.05 329
8.0667 333
8.0833 336
8.1 340
8.1167 344
8.1333 347
8.15 351
8.1667 355
8.1833 358
8.2 362
8.2167 365
8.2333 369
8.25 373
8.2667 376
8.2833 380
8.3 383
8.3167 387
8.3333 391
8.35 394
8.3667 398
8.3833 402
8.4 405
8.4167 409
8.4333 412
8.45 416
8.4667 420
8.4833 423
8.5 427
8.5167 430
8.5333 434
8.55 437
8.5667 441
8.5833 445
8.6 448
8.6167 452
8.6333 455
8.65 459
8.6667 462
8.6833 466
8.7 469
8.7167 473
8.7333 476
8.75 480
8.7667 484
8.7833 487
8.8 491
8.8167 494
8.8333 498
8.85 501
8.8667 504
8.8833 508
8.9 511
8.9167 515
8.9333 518
8.95 522
8.9667 525
8.9833 529
9.0 532
9.0167 535
9.0333 539
9.05 542
9.0667 545
9.0833 549
9.1 552
9.1167 556
9.1333 559
9.15 562
9.1667 566
9.1833 569
9.2 572
9.2167 576
9.2333 579
9.25 582
9.2667 586
9.2833 589
9.3 592
9.3167 595
9.3333 599
9.35 602
9.3667 605
9.3833 608
9.4 612
9.4167 615
9.4333 618
9.45 621
9.4667 624
9.4833 627
9.5 631
9.5167 634
9.5333 637
9.55 640
9.5667 643
9.5833 646
9.6 649
9.6167 652
9.6333 655
9.65 659
9.6667 662
9.6833 665
9.7 668
9.7167 671
9.7333 674
9.75 677
9.7667 680
9.7833 683
9.8 686
9.8167 689
9.8333 691
9.85 694
9.8667 697
9.8833 700
9.9 703
9.9167 706
9.9333 709
9.95 712
9.9667 715
9.9833 717
10.0 720
10.0167 723
10.0333 726
10.05 728
10.0667 731
10.0833 734
10.1 737
10.1167 739
10.1333 742
10.15 745
10.1667 748
10.1833 750
10.2 753
10.2167 755
10.2333 758
10.25 761
10.2667 763
10.2833 766
10.3 768
10.3167 771
10.3333 774
10.35 776
10.3667 779
10.3833 781
10.4 784
10.4167 786
10.4333 788
10.45 791
10.4667 793
10.4833 796
10.5 798
10.5167 801
10.5333 803
10.55 805
10.5667 808
10.5833 810
10.6 812
10.6167 815
10.6333 817
10.65 819
10.6667 821
10.6833 824
10.7 826
10.7167 828
10.7333 830
10.75 832
10.7667 834
10.7833 837
10.8 839
10.8167 841
10.8333 843
10.85 845
10.8667 847
10.8833 849
10.9 851
10.9167 853
10.9333 855
10.95 857
10.9667 859
10.9833 861
11.0 863
11.0167 865
11.0333 867
11.05 869
11.0667 871
11.0833 872
11.1 874
11.1167 876
11.1333 878
11.15 880
11.1667 881
11.1833 883
11.2 885
11.2167 887
11.2333 888
11.25 890
11.2667 892
11.2833 893
11.3 895
11.3167 897
11.3333 898
11.35 900
11.3667 901
11.3833 903
11.4 904
11.4167 906
11.4333 907
11.45 909
11.4667 910
11.4833 912
11.5 913
11.5167 915
11.5333 916
11.55 917
11.5667 919
11.5833 920
11.6 921
11.6167 923
11.6333 924
11.65 925
11.6667 927
11.6833 928
11.7 929
11.7167 930
11.7333 931
11.75 933
11.7667 934
11.7833 935
11.8 936
11.8167 937
11.8333 938
11.85 939
11.8667 940
11.8833 941
11.9 942
11.9167 943
11.9333 944
11.95 945
11.9667 946
11.9833 947
12.0 948
12.0167 949
12.0333 950
12.05 950
12.0667 951
12.0833 952
12.1 953
12.1167 954
12.1333 954
12.15 955
12.1667 956
12.1833 957
12.2 957
12.2167 958
12.2333 959
12.25 959
12.2667 960
12.2833 960
12.3 961
12.3167 961
12.3333 962
12.35 962
12.3667 963
12.3833 963
12.4 964
12.4167 964
12.4333 965
12.45 965
12.4667 966
12.4833 966
12.5 966
12.5167 967
12.5333 967
12.55 967
12.5667 967
12.5833 968
12.6 968
12.6167 968
12.6333 968
12.65 968
12.6667 969
12.6833 969
12.7 969
12.7167 969
12.7333 969
12.75 969
12.7667 969
12.7833 969
12.8 969
12.8167 969
12.8333 969
12.85 969
12.8667 969
12.8833 969
12.9 969
12.9167 969
12.9333 969
12.95 968
12.9667 968
12.9833 968
13.0 968
13.0167 967
13.0333 967
13.05 967
13.0667 967
13.0833 966
13.1 966
13.1167 966
13.1333 965
13.15 965
13.1667 964
13.1833 964
13.2 964
13.2167 963
13.2333 963
13.25 962
13.2667 962
13.2833 961
13.3 961
13.3167 960
13.3333 959
13.35 959
13.3667 958
13.3833 957
13.4 957
13.4167 956
13.4333 955
13.45 955
13.4667 954
13.4833 953
13.5 952
13.5167 952
13.5333 951
13.55 950
13.5667 949
13.5833 948
13.6 947
13.6167 946
13.6333 946
13.65 945
13.6667 944
13.6833 943
13.7 942
13.7167 941
13.7333 940
13.75 939
13.7667 937
13.7833 936
13.8 935
13.8167 934
13.8333 933
13.85 932
13.8667 931
13.8833 929
13.9 928
13.9167 927
13.9333 926
13.95 925
13.9667 923
13.9833 922
14.0 921
14.0167 919
14.0333 918
14.05 917
14.0667 915
14.0833 914
14.1 912
14.1167 911
14.1333 909
14.15 908
14.1667 906
14.1833 905
14.2 903
14.2167 902
14.2333 900
14.25 899
14.2667 897
14.2833 896
14.3 894
14.3167 892
14.3333 891
14.35 889
14.3667 887
14.3833 886
14.4 884
14.4167 882
14.4333 880
14.45 879
14.4667 877
14.4833 875
14.5 873
14.5167 871
14.5333 869
14.55 867
14.5667 866
14.5833 864
14.6 862
14.6167 860
14.6333 858
14.65 856
14.6667 854
14.6833 852
14.7 850
14.7167 848
14.7333 846
14.75 844
14.7667 842
14.7833 840
14.8 837
14.8167 835
14.8333 833
14.85 831
14.8667 829
14.8833 827
14.9 824
14.9167 822
14.9333 820
14.95 818
14.9667 815
14.9833 813
15.0 811
15.0167 808
15.0333 806
15.05 804
15.0667 801
15.0833 799
15.1 797
15.1167 794
15.1333 792
15.15 789
15.1667 787
15.1833 784
15.2 782
15.2167 779
15.2333 777
15.25 774
15.2667 772
15.2833 769
15.3 767
15.3167 764
15.3333 762
15.35 759
15.3667 756
15.3833 754
15.4 751
15.4167 748
15.4333 746
15.45 743
15.4667 740
15.4833 738
15.5 735
15.5167 732
15.5333 729
15.55 727
15.5667 724
15.5833 721
15.6 718
15.6167 715
15.6333 713
15.65 710
15.6667 707
15.6833 704
15.7 701
15.7167 698
15.7333 695
15.75 692
15.7667 689
15.7833 687
15.8 684
15.8167 681
15.8333 678
15.85 675
15.8667 672
15.8833 669
15.9 666
15.9167 663
15.9333 660
15.95 656
15.9667 653
15.9833 650
16.0 647
16.0167 644
16.0333 641
16.05 638
16.0667 635
16.0833 632
16.1 628
16.1167 625
16.1333 622
16.15 619
16.1667 616
16.1833 613
16.2 609
16.2167 606
16.2333 603
16.25 600
16.2667 596
16.2833 593
16.3 590
16.3167 587
16.3333 583
16.35 580
16.3667 577
16.3833 573
16.4 570
16.4167 567
16.4333 563
16.45 560
16.4667 557
16.4833 553
16.5 550
16.5167 547
16.5333 543
16.55 540
16.5667 536
16.5833 533
16.6 529
16.6167 526
16.6333 523
16.65 519
16.6667 516
16.6833 512
16.7 509
16.7167 505
16.7333 502
16.75 498
16.7667 495
16.7833 491
16.8 488
16.8167 484
16.8333 481
16.85 477
16.8667 474
16.8833 470
16.9 467
16.9167 463
16.9333 460
16.95 456
16.9667 453
16.9833 449
