8.0 346
8.0167 349
8.0333 353
8.05 357
8.0667 361
8.0833 364
8.1 368
8.1167 372
8.1333 376
8.15 380
8.1667 383
8.1833 387
8.2 391
8.2167 395
8.2333 398
8.25 402
8.2667 406
8.2833 410
8.3 414
8.3167 417
8.3333 421
8.35 425
8.3667 429
8.3833 432
8.4 436
8.4167 440
8.4333 443
8.45 447
8.4667 451
8.4833 455
8.5 458
8.5167 462
8.5333 466
8.55 469
8.5667 473
8.5833 477
8.6 480
8.6167 484
8.6333 488
8.65 491
8.6667 495
8.6833 499
8.7 502
8.7167 506
8.7333 510
8.75 513
8.7667 517
8.7833 520
8.8 524
8.8167 528
8.8333 531
8.85 535
8.8667 538
8.8833 542
8.9 546
8.9167 549
8.9333 553
8.95 556
8.9667 560
8.9833 563
9.0 567
9.0167 570
9.0333 574
9.05 577
9.0667 580
9.0833 584
9.1 587
9.1167 591
9.1333 594
9.15 598
9.1667 601
9.1833 605
9.2 608
9.2167 611
9.2333 615
9.25 618
9.2667 622
9.2833 625
9.3 628
9.3167 632
9.3333 635
9.35 638
9.3667 642
9.3833 645
9.4 648
9.4167 651
9.4333 655
9.45 658
9.4667 661
9.4833 664
9.5 668
9.5167 671
9.5333 674
9.55 677
9.5667 680
9.5833 684
9.6 687
9.6167 690
9.6333 693
9.65 696
9.6667 699
9.6833 702
9.7 705
9.7167 709
9.7333 712
9.75 715
9.7667 718
9.7833 721
9.8 724
9.8167 727
9.8333 730
9.85 733
9.8667 736
9.8833 739
9.9 742
9.9167 744
9.9333 747
9.95 750
9.9667 753
9.9833 756
10.0 759
10.0167 762
10.0333 765
10.05 767
10.0667 770
10.0833 773
10.1 776
10.1167 779
10.1333 781
10.15 784
10.1667 787
10.1833 789
10.2 792
10.2167 795
10.2333 798
10.25 800
10.2667 803
10.2833 805
10.3 808
10.3167 811
10.3333 813
10.35 816
10.3667 818
10.3833 821
10.4 823
10.4167 826
10.4333 828
10.45 831
10.4667 833
10.4833 836
10.5 838
10.5167 841
10.5333 843
10.55 845
10.5667 848
10.5833 850
10.6 853
10.6167 855
10.6333 857
10.65 860
10.6667 862
10.6833 864
10.7 866
10.7167 869
10.7333 871
10.75 873
10.7667 875
10.7833 877
10.8 879
10.8167 882
10.8333 884
10.85 886
10.8667 888
10.8833 890
10.9 892
10.9167 894
10.9333 896
10.95 898
10.9667 900
10.9833 902
11.0 904
11.0167 906
11.0333 908
11.05 910
11.0667 912
11.0833 914
11.1 916
11.1167 917
11.1333 919
11.15 921
11.1667 923
11.1833 925
11.2 926
11.2167 928
11.2333 930
11.25 932
11.2667 933
11.2833 935
11.3 937
11.3167 938
11.3333 940
11.35 941
11.3667 943
11.3833 945
11.4 946
11.4167 948
11.4333 949
11.45 951
11.4667 952
11.4833 954
11.5 955
11.5167 957
11.5333 958
11.55 959
11.5667 961
11.5833 962
11.6 963
11.6167 965
11.6333 966
11.65 967
11.6667 969
11.6833 970
11.7 971
11.7167 972
11.7333 974
11.75 975
11.7667 976
11.7833 977
11.8 978
11.8167 979
11.8333 980
11.85 981
11.8667 983
11.8833 984
11.9 985
11.9167 986
11.9333 987
11.95 987
11.9667 988
11.9833 989
12.0 990
12.0167 991
12.0333 992
12.05 993
12.0667 994
12.0833 995
12.1 995
12.1167 996
12.1333 997
12.15 998
12.1667 998
12.1833 999
12.2 1000
12.2167 1000
12.2333 1001
12.25 1002
12.2667 1002
12.2833 1003
12.3 1003
12.3167 1004
12.3333 1005
12.35 1005
12.3667 1006
12.3833 1006
12.4 1006
12.4167 1007
12.4333 1007
12.45 1008
12.4667 1008
12.4833 1009
12.5 1009
12.5167 1009
12.5333 1009
12.55 1010
12.5667 1010
12.5833 1010
12.6 1011
12.6167 1011
12.6333 1011
12.65 1011
12.6667 1011
12.6833 1011
12.7 1012
12.7167 1012
12.7333 1012
12.75 1012
12.7667 1012
12.7833 1012
12.8 1012
12.8167 1012
12.8333 1012
12.85 1012
12.8667 1012
12.8833 1012
12.9 1011
12.9167 1011
12.9333 1011
12.95 1011
12.9667 1011
12.9833 1011
13.0 1010
13.0167 1010
13.0333 1010
13.05 1010
13.0667 1009
13.0833 1009
13.1 1009
13.1167 1008
13.1333 1008
13.15 1008
13.1667 1007
13.1833 1007
13.2 1006
13.2167 1006
13.2333 1005
13.25 1005
13.2667 1004
13.2833 1004
13.3 1003
13.3167 1003
13.3333 1002
13.35 1001
13.3667 1001
13.3833 1000
13.4 999
13.4167 999
13.4333 998
13.45 997
13.4667 997
13.4833 996
13.5 995
13.5167 994
13.5333 993
13.55 993
13.5667 992
13.5833 991
13.6 990
13.6167 989
13.6333 988
13.65 987
13.6667 986
13.6833 985
13.7 984
13.7167 983
13.7333 982
13.75 981
13.7667 980
13.7833 979
13.8 978
13.8167 977
13.8333 975
13.85 974
13.8667 973
13.8833 972
13.9 971
13.9167 969
13.9333 968
13.95 967
13.9667 966
13.9833 964
14.0 963
14.0167 962
14.0333 960
14.05 959
14.0667 957
14.0833 956
14.1 955
14.1167 953
14.1333 952
14.15 950
14.1667 949
14.1833 947
14.2 945
14.2167 944
14.2333 942
14.25 941
14.2667 939
14.2833 938
14.3 936
14.3167 934
14.3333 933
14.35 931
14.3667 929
14.3833 927
14.4 926
14.4167 924
14.4333 922
14.45 920
14.4667 918
14.4833 917
14.5 915
14.5167 913
14.5333 911
14.55 909
14.5667 907
14.5833 905
14.6 903
14.6167 901
14.6333 899
14.65 897
14.6667 895
14.6833 893
14.7 891
14.7167 889
14.7333 887
14.75 885
14.7667 883
14.7833 881
14.8 879
14.8167 876
14.8333 874
14.85 872
14.8667 870
14.8833 868
14.9 865
14.9167 863
14.9333 861
14.95 859
14.9667 856
14.9833 854
15.0 851
15.0167 849
15.0333 847
15.05 844
15.0667 842
15.0833 840
15.1 837
15.1167 835
15.1333 832
15.15 830
15.1667 827
15.1833 825
15.2 822
15.2167 820
15.2333 817
15.25 815
15.2667 812
15.2833 809
15.3 807
15.3167 804
15.3333 802
15.35 799
15.3667 796
15.3833 794
15.4 791
15.4167 788
15.4333 786
15.45 783
15.4667 780
15.4833 777
15.5 774
15.5167 772
15.5333 769
15.55 766
15.5667 763
15.5833 760
15.6 758
15.6167 755
15.6333 752
15.65 749
15.6667 746
15.6833 743
15.7 740
15.7167 737
15.7333 734
15.75 731
15.7667 728
15.7833 725
15.8 722
15.8167 719
15.8333 716
15.85 713
15.8667 710
15.8833 707
15.9 704
15.9167 701
15.9333 698
15.95 695
15.9667 692
15.9833 688
16.0 685
16.0167 682
16.0333 679
16.05 676
16.0667 673
16.0833 669
16.1 666
16.1167 663
16.1333 660
16.15 656
16.1667 653
16.1833 650
16.2 647
16.2167 643
16.2333 640
16.25 637
16.2667 633
16.2833 630
16.3 627
16.3167 623
16.3333 620
16.35 617
16.3667 613
16.3833 610
16.4 606
16.4167 603
16.4333 600
16.45 596
16.4667 593
16.4833 589
16.5 586
16.5167 582
16.5333 579
16.55 575
16.5667 572
16.5833 568
16.6 565
16.6167 561
16.6333 558
16.65 554
16.6667 551
16.6833 547
16.7 544
16.7167 540
16.7333 536
16.75 533
16.7667 529
16.7833 526
16.8 522
16.8167 518
16.8333 515
16.85 511
16.8667 508
16.8833 504
16.9 500
16.9167 497
16.9333 493
16.95 489
16.9667 486
16.9833 482
