8.0 394
8.0167 398
8.0333 402
8.05 406
8.0667 409
8.0833 413
8.1 417
8.1167 421
8.1333 425
8.15 428
8.1667 432
8.1833 436
8.2 440
8.2167 444
8.2333 447
8.25 451
8.2667 455
8.2833 459
8.3 462
8.3167 466
8.3333 470
8.35 474
8.3667 477
8.3833 481
8.4 485
8.4167 488
8.4333 492
8.45 496
8.4667 500
8.4833 503
8.5 507
8.5167 511
8.5333 514
8.55 518
8.5667 522
8.5833 525
8.6 529
8.6167 533
8.6333 536
8.65 540
8.6667 544
8.6833 547
8.7 551
8.7167 554
8.7333 558
8.75 562
8.7667 565
8.7833 569
8.8 572
8.8167 576
8.8333 579
8.85 583
8.8667 587
8.8833 590
8.9 594
8.9167 597
8.9333 601
8.95 604
8.9667 608
8.9833 611
9.0 615
9.0167 618
9.0333 621
9.05 625
9.0667 628
9.0833 632
9.1 635
9.1167 638
9.1333 642
9.15 645
9.1667 649
9.1833 652
9.2 655
9.2167 659
9.2333 662
9.25 665
9.2667 669
9.2833 672
9.3 675
9.3167 679
9.3333 682
9.35 685
9.3667 688
9.3833 692
9.4 695
9.4167 698
9.4333 701
9.45 704
9.4667 708
9.4833 711
9.5 714
9.5167 717
9.5333 720
9.55 723
9.5667 727
9.5833 730
9.6 733
9.6167 736
9.6333 739
9.65 742
9.6667 745
9.6833 748
9.7 751
9.7167 754
9.7333 757
9.75 760
9.7667 763
9.7833 766
9.8 769
9.8167 772
9.8333 775
9.85 778
9.8667 781
9.8833 784
9.9 786
9.9167 789
9.9333 792
9.95 795
9.9667 798
9.9833 801
10.0 803
10.0167 806
10.0333 809
10.05 812
10.0667 814
10.0833 817
10.1 820
10.1167 823
10.1333 825
10.15 828
10.1667 831
10.1833 833
10.2 836
10.2167 838
10.2333 841
10.25 844
10.2667 846
10.2833 849
10.3 851
10.3167 854
10.3333 856
10.35 859
10.3667 861
10.3833 864
10.4 866
10.4167 869
10.4333 871
10.45 874
10.4667 876
10.4833 878
10.5 881
10.5167 883
10.5333 885
10.55 888
10.5667 890
10.5833 892
10.6 895
10.6167 897
10.6333 899
10.65 901
10.6667 904
10.6833 906
10.7 908
10.7167 910
10.7333 912
10.75 915
10.7667 917
10.7833 919
10.8 921
10.8167 923
10.8333 925
10.85 927
10.8667 929
10.8833 931
10.9 933
10.9167 935
10.9333 937
10.95 939
10.9667 941
10.9833 943
11.0 945
11.0167 947
11.0333 948
11.05 950
11.0667 952
11.0833 954
11.1 956
11.1167 957
11.1333 959
11.15 961
11.1667 963
11.1833 964
11.2 966
11.2167 968
11.2333 969
11.25 971
11.2667 973
11.2833 974
11.3 976
11.3167 978
11.3333 979
11.35 981
11.3667 982
11.3833 984
11.4 985
11.4167 987
11.4333 988
11.45 990
11.4667 991
11.4833 992
11.5 994
11.5167 995
11.5333 996
11.55 998
11.5667 999
11.5833 1000
11.6 1002
11.6167 1003
11.6333 1004
11.65 1005
11.6667 1007
11.6833 1008
11.7 1009
11.7167 1010
11.7333 1011
11.75 1012
11.7667 1014
11.7833 1015
11.8 1016
11.8167 1017
11.8333 1018
11.85 1019
11.8667 1020
11.8833 1021
11.9 1022
11.9167 1023
11.9333 1024
11.95 1024
11.9667 1025
11.9833 1026
12.0 1027
12.0167 1028
12.0333 1029
12.05 1030
12.0667 1030
12.0833 1031
12.1 1032
12.1167 1033
12.1333 1033
12.15 1034
12.1667 1035
12.1833 1035
12.2 1036
12.2167 1036
12.2333 1037
12.25 1038
12.2667 1038
12.2833 1039
12.3 1039
12.3167 1040
12.3333 1040
12.35 1041
12.3667 1041
12.3833 1042
12.4 1042
12.4167 1042
12.4333 1043
12.45 1043
12.4667 1043
12.4833 1044
12.5 1044
12.5167 1044
12.5333 1045
12.55 1045
12.5667 1045
12.5833 1045
12.6 1045
12.6167 1046
12.6333 1046
12.65 1046
12.6667 1046
12.6833 1046
12.7 1046
12.7167 1046
12.7333 1046
12.75 1046
12.7667 1046
12.7833 1046
12.8 1046
12.8167 1046
12.8333 1046
12.85 1046
12.8667 1046
12.8833 1046
12.9 1046
12.9167 1045
12.9333 1045
12.95 1045
12.9667 1045
12.9833 1045
13.0 1044
13.0167 1044
13.0333 1044
13.05 1043
13.0667 1043
13.0833 1043
13.1 1042
13.1167 1042
13.1333 1042
13.15 1041
13.1667 1041
13.1833 1040
13.2 1040
13.2167 1039
13.2333 1039
13.25 1038
13.2667 1038
13.2833 1037
13.3 1036
13.3167 1036
13.3333 1035
13.35 1035
13.3667 1034
13.3833 1033
13.4 1032
13.4167 1032
13.4333 1031
13.45 1030
13.4667 1029
13.4833 1029
13.5 1028
13.5167 1027
13.5333 1026
13.55 1025
13.5667 1024
13.5833 1023
13.6 1023
13.6167 1022
13.6333 1021
13.65 1020
13.6667 1019
13.6833 1018
13.7 1017
13.7167 1016
13.7333 1014
13.75 1013
13.7667 1012
13.7833 1011
13.8 1010
13.8167 1009
13.8333 1008
13.85 1007
13.8667 1005
13.8833 1004
13.9 1003
13.9167 1002
13.9333 1000
13.95 999
13.9667 998
13.9833 996
14.0 995
14.0167 994
14.0333 992
14.05 991
14.0667 989
14.0833 988
14.1 986
14.1167 985
14.1333 984
14.15 982
14.1667 980
14.1833 979
14.2 977
14.2167 976
14.2333 974
14.25 973
14.2667 971
14.2833 969
14.3 968
14.3167 966
14.3333 964
14.35 963
14.3667 961
14.3833 959
14.4 957
14.4167 956
14.4333 954
14.45 952
14.4667 950
14.4833 948
14.5 946
14.5167 944
14.5333 943
14.55 941
14.5667 939
14.5833 937
14.6 935
14.6167 933
14.6333 931
14.65 929
14.6667 927
14.6833 925
14.7 923
14.7167 921
14.7333 919
14.75 916
14.7667 914
14.7833 912
14.8 910
14.8167 908
14.8333 906
14.85 903
14.8667 901
14.8833 899
14.9 897
14.9167 894
14.9333 892
14.95 890
14.9667 888
14.9833 885
15.0 883
15.0167 881
15.0333 878
15.05 876
15.0667 873
15.0833 871
15.1 869
15.1167 866
15.1333 864
15.15 861
15.1667 859
15.1833 856
15.2 854
15.2167 851
15.2333 849
15.25 846
15.2667 843
15.2833 841
15.3 838
15.3167 836
15.3333 833
15.35 830
15.3667 828
15.3833 825
15.4 822
15.4167 820
15.4333 817
15.45 814
15.4667 811
15.4833 809
15.5 806
15.5167 803
15.5333 800
15.55 798
15.5667 795
15.5833 792
15.6 789
15.6167 786
15.6333 783
15.65 780
15.6667 778
15.6833 775
15.7 772
15.7167 769
15.7333 766
15.75 763
15.7667 760
15.7833 757
15.8 754
15.8167 751
15.8333 748
15.85 745
15.8667 742
15.8833 739
15.9 736
15.9167 732
15.9333 729
15.95 726
15.9667 723
15.9833 720
16.0 717
16.0167 714
16.0333 711
16.05 707
16.0667 704
16.0833 701
16.1 698
16.1167 695
16.1333 691
16.15 688
16.1667 685
16.1833 682
16.2 678
16.2167 675
16.2333 672
16.25 668
16.2667 665
16.2833 662
16.3 658
16.3167 655
16.3333 652
16.35 648
16.3667 645
16.3833 642
16.4 638
16.4167 635
16.4333 631
16.45 628
16.4667 624
16.4833 621
16.5 618
16.5167 614
16.5333 611
16.55 607
16.5667 604
16.5833 600
16.6 597
16.6167 593
16.6333 590
16.65 586
16.6667 583
16.6833 579
16.7 575
16.7167 572
16.7333 568
16.75 565
16.7667 561
16.7833 558
16.8 554
16.8167 550
16.8333 547
16.85 543
16.8667 539
16.8833 536
16.9 532
16.9167 528
16.9333 525
16.95 521
16.9667 517
16.9833 514
