8.0 293
8.0167 296
8.0333 300
8.05 303
8.0667 306
8.0833 310
8.1 313
8.1167 316
8.1333 320
8.15 323
8.1667 326
8.1833 330
8.2 333
8.2167 336
8.2333 340
8.25 343
8.2667 346
8.2833 350
8.3 353
8.3167 356
8.3333 360
8.35 363
8.3667 366
8.3833 370
8.4 373
8.4167 377
8.4333 380
8.45 383
8.4667 387
8.4833 390
8.5 393
8.5167 397
8.5333 400
8.55 403
8.5667 407
8.5833 410
8.6 413
8.6167 417
8.6333 420
8.65 423
8.6667 426
8.6833 430
8.7 433
8.7167 436
8.7333 440
8.75 443
8.7667 446
8.7833 450
8.8 453
8.8167 456
8.8333 459
8.85 463
8.8667 466
8.8833 469
8.9 472
8.9167 476
8.9333 479
8.95 482
8.9667 485
8.9833 489
9.0 492
9.0167 495
9.0333 498
9.05 501
9.0667 504
9.0833 508
9.1 511
9.1167 514
9.1333 517
9.15 520
9.1667 523
9.1833 526
9.2 530
9.2167 533
9.2333 536
9.25 539
9.2667 542
9.2833 545
9.3 548
9.3167 551
9.3333 554
9.35 557
9.3667 561
9.3833 564
9.4 567
9.4167 570
9.4333 573
9.45 576
9.4667 579
9.4833 582
9.5 585
9.5167 588
9.5333 591
9.55 594
9.5667 596
9.5833 599
9.6 602
9.6167 605
9.6333 608
9.65 611
9.6667 614
9.6833 617
9.7 620
9.7167 623
9.7333 625
9.75 628
9.7667 631
9.7833 634
9.8 637
9.8167 639
9.8333 642
9.85 645
9.8667 648
9.8833 650
9.9 653
9.9167 656
9.9333 659
9.95 661
9.9667 664
9.9833 667
10.0 669
10.0167 672
10.0333 675
10.05 677
10.0667 680
10.0833 682
10.1 685
10.1167 688
10.1333 690
10.15 693
10.1667 695
10.1833 698
10.2 700
10.2167 703
10.2333 705
10.25 708
10.2667 710
10.2833 713
10.3 715
10.3167 718
10.3333 720
10.35 722
10.3667 725
10.3833 727
10.4 730
10.4167 732
10.4333 734
10.45 736
10.4667 739
10.4833 741
10.5 743
10.5167 746
10.5333 748
10.55 750
10.5667 752
10.5833 755
10.6 757
10.6167 759
10.6333 761
10.65 763
10.6667 765
10.6833 767
10.7 770
10.7167 772
10.7333 774
10.75 776
10.7667 778
10.7833 780
10.8 782
10.8167 784
10.8333 786
10.85 788
10.8667 790
10.8833 792
10.9 794
10.9167 796
10.9333 797
10.95 799
10.9667 801
10.9833 803
11.0 805
11.0167 807
11.0333 808
11.05 810
11.0667 812
11.0833 814
11.1 816
11.1167 817
11.1333 819
11.15 821
11.1667 822
11.1833 824
11.2 826
11.2167 827
11.2333 829
11.25 830
11.2667 832
11.2833 834
11.3 835
11.3167 837
11.3333 838
11.35 840
11.3667 841
11.3833 843
11.4 844
11.4167 845
11.4333 847
11.45 848
11.4667 850
11.4833 851
11.5 852
11.5167 854
11.5333 855
11.55 856
11.5667 858
11.5833 859
11.6 860
11.6167 861
11.6333 863
11.65 864
11.6667 865
11.6833 866
11.7 867
11.7167 868
11.7333 869
11.75 871
11.7667 872
11.7833 873
11.8 874
11.8167 875
11.8333 876
11.85 877
11.8667 878
11.8833 879
11.9 880
11.9167 881
11.9333 881
11.95 882
11.9667 883
11.9833 884
12.0 885
12.0167 886
12.0333 886
12.05 887
12.0667 888
12.0833 889
12.1 889
12.1167 890
12.1333 891
12.15 892
12.1667 892
12.1833 893
12.2 893
12.2167 894
12.2333 895
12.25 895
12.2667 896
12.2833 896
12.3 897
12.3167 897
12.3333 898
12.35 898
12.3667 899
12.3833 899
12.4 900
12.4167 900
12.4333 900
12.45 901
12.4667 901
12.4833 901
12.5 902
12.5167 902
12.5333 902
12.55 902
12.5667 903
12.5833 903
12.6 903
12.6167 903
12.6333 903
12.65 903
12.6667 904
12.6833 904
12.7 904
12.7167 904
12.7333 904
12.75 904
12.7667 904
12.7833 904
12.8 904
12.8167 904
12.8333 904
12.85 904
12.8667 904
12.8833 903
12.9 903
12.9167 903
12.9333 903
12.95 903
12.9667 903
12.9833 902
13.0 902
13.0167 902
13.0333 902
13.05 901
13.0667 901
13.0833 901
13.1 900
13.1167 900
13.1333 900
13.15 899
13.1667 899
13.1833 898
13.2 898
13.2167 897
13.2333 897
13.25 896
13.2667 896
13.2833 895
13.3 895
13.3167 894
13.3333 893
13.35 893
13.3667 892
13.3833 892
13.4 891
13.4167 890
13.4333 889
13.45 889
13.4667 888
13.4833 887
13.5 886
13.5167 886
13.5333 885
13.55 884
13.5667 883
13.5833 882
13.6 881
13.6167 881
13.6333 880
13.65 879
13.6667 878
13.6833 877
13.7 876
13.7167 875
13.7333 874
13.75 873
13.7667 872
13.7833 871
13.8 869
13.8167 868
13.8333 867
13.85 866
13.8667 865
13.8833 864
13.9 863
13.9167 861
13.9333 860
13.95 859
13.9667 858
13.9833 856
14.0 855
14.0167 854
14.0333 852
14.05 851
14.0667 850
14.0833 848
14.1 847
14.1167 845
14.1333 844
14.15 843
14.1667 841
14.1833 840
14.2 838
14.2167 837
14.2333 835
14.25 834
14.2667 832
14.2833 830
14.3 829
14.3167 827
14.3333 826
14.35 824
14.3667 822
14.3833 821
14.4 819
14.4167 817
14.4333 815
14.45 814
14.4667 812
14.4833 810
14.5 808
14.5167 807
14.5333 805
14.55 803
14.5667 801
14.5833 799
14.6 797
14.6167 795
14.6333 794
14.65 792
14.6667 790
14.6833 788
14.7 786
14.7167 784
14.7333 782
14.75 780
14.7667 778
14.7833 776
14.8 774
14.8167 772
14.8333 769
14.85 767
14.8667 765
14.8833 763
14.9 761
14.9167 759
14.9333 757
14.95 754
14.9667 752
14.9833 750
15.0 748
15.0167 746
15.0333 743
15.05 741
15.0667 739
15.0833 736
15.1 734
15.1167 732
15.1333 729
15.15 727
15.1667 725
15.1833 722
15.2 720
15.2167 718
15.2333 715
15.25 713
15.2667 710
15.2833 708
15.3 705
15.3167 703
15.3333 700
15.35 698
15.3667 695
15.3833 693
15.4 690
15.4167 688
15.4333 685
15.45 682
15.4667 680
15.4833 677
15.5 675
15.5167 672
15.5333 669
15.55 667
15.5667 664
15.5833 661
15.6 659
15.6167 656
15.6333 653
15.65 650
15.6667 648
15.6833 645
15.7 642
15.7167 639
15.7333 637
15.75 634
15.7667 631
15.7833 628
15.8 625
15.8167 622
15.8333 620
15.85 617
15.8667 614
15.8833 611
15.9 608
15.9167 605
15.9333 602
15.95 599
15.9667 596
15.9833 594
16.0 591
16.0167 588
16.0333 585
16.05 582
16.0667 579
16.0833 576
16.1 573
16.1167 570
16.1333 567
16.15 564
16.1667 560
16.1833 557
16.2 554
16.2167 551
16.2333 548
16.25 545
16.2667 542
16.2833 539
16.3 536
16.3167 533
16.3333 530
16.35 526
16.3667 523
16.3833 520
16.4 517
16.4167 514
16.4333 511
16.45 507
16.4667 504
16.4833 501
16.5 498
16.5167 495
16.5333 492
16.55 488
16.5667 485
16.5833 482
16.6 479
16.6167 475
16.6333 472
16.65 469
16.6667 466
16.6833 462
16.7 459
16.7167 456
16.7333 453
16.75 449
16.7667 446
16.7833 443
16.8 439
16.8167 436
16.8333 433
16.85 429
16.8667 426
16.8833 423
16.9 420
16.9167 416
16.9333 413
16.95 410
16.9667 406
16.9833 403
