8.0 263
8.0167 266
8.0333 269
8.05 273
8.0667 276
8.0833 279
8.1 283
8.1167 286
8.1333 289
8.15 293
8.1667 296
8.1833 300
8.2 303
8.2167 306
8.2333 310
8.25 313
8.2667 317
8.2833 320
8.3 324
8.3167 327
8.3333 330
8.35 334
8.3667 337
8.3833 341
8.4 344
8.4167 347
8.4333 351
8.45 354
8.4667 358
8.4833 361
8.5 365
8.5167 368
8.5333 371
8.55 375
8.5667 378
8.5833 382
8.6 385
8.6167 388
8.6333 392
8.65 395
8.6667 399
8.6833 402
8.7 406
8.7167 409
8.7333 412
8.75 416
8.7667 419
8.7833 422
8.8 426
8.8167 429
8.8333 433
8.85 436
8.8667 439
8.8833 443
8.9 446
8.9167 449
8.9333 453
8.95 456
8.9667 459
8.9833 463
9.0 466
9.0167 469
9.0333 472
9.05 476
9.0667 479
9.0833 482
9.1 486
9.1167 489
9.1333 492
9.15 495
9.1667 499
9.1833 502
9.2 505
9.2167 508
9.2333 512
9.25 515
9.2667 518
9.2833 521
9.3 524
9.3167 528
9.3333 531
9.35 534
9.3667 537
9.3833 540
9.4 543
9.4167 547
9.4333 550
9.45 553
9.4667 556
9.4833 559
9.5 562
9.5167 565
9.5333 568
9.55 571
9.5667 574
9.5833 577
9.6 581
9.6167 584
9.6333 587
9.65 590
9.6667 593
9.6833 596
9.7 599
9.7167 601
9.7333 604
9.75 607
9.7667 610
9.7833 613
9.8 616
9.8167 619
9.8333 622
9.85 625
9.8667 628
9.8833 631
9.9 633
9.9167 636
9.9333 639
9.95 642
9.9667 645
9.9833 647
10.0 650
10.0167 653
10.0333 656
10.05 658
10.0667 661
10.0833 664
10.1 667
10.1167 669
10.1333 672
10.15 675
10.1667 677
10.1833 680
10.2 683
10.2167 685
10.2333 688
10.25 690
10.2667 693
10.2833 695
10.3 698
10.3167 701
10.3333 703
10.35 706
10.3667 708
10.3833 710
10.4 713
10.4167 715
10.4333 718
10.45 720
10.4667 723
10.4833 725
10.5 727
10.5167 730
10.5333 732
10.55 734
10.5667 737
10.5833 739
10.6 741
10.6167 744
10.6333 746
10.65 748
10.6667 750
10.6833 753
10.7 755
10.7167 757
10.7333 759
10.75 761
10.7667 763
10.7833 766
10.8 768
10.8167 770
10.8333 772
10.85 774
10.8667 776
10.8833 778
10.9 780
10.9167 782
10.9333 784
10.95 786
10.9667 788
10.9833 790
11.0 792
11.0167 794
11.0333 796
11.05 797
11.0667 799
11.0833 801
11.1 803
11.1167 805
11.1333 807
11.15 808
11.1667 810
11.1833 812
11.2 814
11.2167 815
11.2333 817
11.25 819
11.2667 820
11.2833 822
11.3 824
11.3167 825
11.3333 827
11.35 828
11.3667 830
11.3833 832
11.4 833
11.4167 835
11.4333 836
11.45 838
11.4667 839
11.4833 840
11.5 842
11.5167 843
11.5333 845
11.55 846
11.5667 847
11.5833 849
11.6 850
11.6167 851
11.6333 853
11.65 854
11.6667 855
11.6833 856
11.7 858
11.7167 859
11.7333 860
11.75 861
11.7667 862
11.7833 863
11.8 864
11.8167 866
11.8333 867
11.85 868
11.8667 869
11.8833 870
11.9 871
11.9167 872
11.9333 873
11.95 874
11.9667 875
11.9833 875
12.0 876
12.0167 877
12.0333 878
12.05 879
12.0667 880
12.0833 881
12.1 881
12.1167 882
12.1333 883
12.15 884
12.1667 884
12.1833 885
12.2 886
12.2167 886
12.2333 887
12.25 888
12.2667 888
12.2833 889
12.3 889
12.3167 890
12.3333 890
12.35 891
12.3667 891
12.3833 892
12.4 892
12.4167 893
12.4333 893
12.45 893
12.4667 894
12.4833 894
12.5 895
12.5167 895
12.5333 895
12.55 895
12.5667 896
12.5833 896
12.6 896
12.6167 896
12.6333 897
12.65 897
12.6667 897
12.6833 897
12.7 897
12.7167 897
12.7333 897
12.75 897
12.7667 897
12.7833 897
12.8 897
12.8167 897
12.8333 897
12.85 897
12.8667 897
12.8833 897
12.9 897
12.9167 897
12.9333 897
12.95 897
12.9667 896
12.9833 896
13.0 896
13.0167 896
13.0333 895
13.05 895
13.0667 895
13.0833 895
13.1 894
13.1167 894
13.1333 894
13.15 893
13.1667 893
13.1833 892
13.2 892
13.2167 891
13.2333 891
13.25 890
13.2667 890
13.2833 889
13.3 889
13.3167 888
13.3333 888
13.35 887
13.3667 886
13.3833 886
13.4 885
13.4167 884
13.4333 884
13.45 883
13.4667 882
13.4833 881
13.5 881
13.5167 880
13.5333 879
13.55 878
13.5667 877
13.5833 877
13.6 876
13.6167 875
13.6333 874
13.65 873
13.6667 872
13.6833 871
13.7 870
13.7167 869
13.7333 868
13.75 867
13.7667 866
13.7833 865
13.8 864
13.8167 862
13.8333 861
13.85 860
13.8667 859
13.8833 858
13.9 857
13.9167 855
13.9333 854
13.95 853
13.9667 852
13.9833 850
14.0 849
14.0167 848
14.0333 846
14.05 845
14.0667 844
14.0833 842
14.1 841
14.1167 839
14.1333 838
14.15 836
14.1667 835
14.1833 833
14.2 832
14.2167 830
14.2333 829
14.25 827
14.2667 826
14.2833 824
14.3 822
14.3167 821
14.3333 819
14.35 817
14.3667 816
14.3833 814
14.4 812
14.4167 810
14.4333 809
14.45 807
14.4667 805
14.4833 803
14.5 802
14.5167 800
14.5333 798
14.55 796
14.5667 794
14.5833 792
14.6 790
14.6167 788
14.6333 786
14.65 784
14.6667 782
14.6833 780
14.7 778
14.7167 776
14.7333 774
14.75 772
14.7667 770
14.7833 768
14.8 766
14.8167 764
14.8333 762
14.85 760
14.8667 757
14.8833 755
14.9 753
14.9167 751
14.9333 749
14.95 746
14.9667 744
14.9833 742
15.0 739
15.0167 737
15.0333 735
15.05 732
15.0667 730
15.0833 728
15.1 725
15.1167 723
15.1333 720
15.15 718
15.1667 716
15.1833 713
15.2 711
15.2167 708
15.2333 706
15.25 703
15.2667 701
15.2833 698
15.3 696
15.3167 693
15.3333 691
15.35 688
15.3667 685
15.3833 683
15.4 680
15.4167 678
15.4333 675
15.45 672
15.4667 670
15.4833 667
15.5 664
15.5167 661
15.5333 659
15.55 656
15.5667 653
15.5833 650
15.6 648
15.6167 645
15.6333 642
15.65 639
15.6667 636
15.6833 634
15.7 631
15.7167 628
15.7333 625
15.75 622
15.7667 619
15.7833 616
15.8 614
15.8167 611
15.8333 608
15.85 605
15.8667 602
15.8833 599
15.9 596
15.9167 593
15.9333 590
15.95 587
15.9667 584
15.9833 581
16.0 578
16.0167 575
16.0333 572
16.05 569
16.0667 566
16.0833 562
16.1 559
16.1167 556
16.1333 553
16.15 550
16.1667 547
16.1833 544
16.2 541
16.2167 537
16.2333 534
16.25 531
16.2667 528
16.2833 525
16.3 522
16.3167 518
16.3333 515
16.35 512
16.3667 509
16.3833 505
16.4 502
16.4167 499
16.4333 496
16.45 492
16.4667 489
16.4833 486
16.5 483
16.5167 479
16.5333 476
16.55 473
16.5667 469
16.5833 466
16.6 463
16.6167 459
16.6333 456
16.65 453
16.6667 449
16.6833 446
16.7 443
16.7167 439
16.7333 436
16.75 433
16.7667 429
16.7833 426
16.8 423
16.8167 419
16.8333 416
16.85 412
16.8667 409
16.8833 406
16.9 402
16.9167 399
16.9333 395
16.95 392
16.9667 389
16.9833 385
