8.0 328
8.0167 332
8.0333 336
8.05 339
8.0667 343
8.0833 347
8.1 351
8.1167 355
8.1333 359
8.15 363
8.1667 367
8.1833 370
8.2 374
8.2167 378
8.2333 382
8.25 386
8.2667 390
8.2833 394
8.3 398
8.3167 401
8.3333 405
8.35 409
8.3667 413
8.3833 417
8.4 421
8.4167 424
8.4333 428
8.45 432
8.4667 436
8.4833 440
8.5 443
8.5167 447
8.5333 451
8.55 455
8.5667 459
8.5833 462
8.6 466
8.6167 470
8.6333 474
8.65 478
8.6667 481
8.6833 485
8.7 489
8.7167 493
8.7333 496
8.75 500
8.7667 504
8.7833 507
8.8 511
8.8167 515
8.8333 518
8.85 522
8.8667 526
8.8833 529
8.9 533
8.9167 537
8.9333 540
8.95 544
8.9667 548
8.9833 551
9.0 555
9.0167 558
9.0333 562
9.05 565
9.0667 569
9.0833 573
9.1 576
9.1167 580
9.1333 583
9.15 587
9.1667 590
9.1833 594
9.2 597
9.2167 601
9.2333 604
9.25 608
9.2667 611
9.2833 615
9.3 618
9.3167 622
9.3333 625
9.35 628
9.3667 632
9.3833 635
9.4 639
9.4167 642
9.4333 645
9.45 649
9.4667 652
9.4833 655
9.5 659
9.5167 662
9.5333 665
9.55 668
9.5667 672
9.5833 675
9.6 678
9.6167 681
9.6333 685
9.65 688
9.6667 691
9.6833 694
9.7 697
9.7167 701
9.7333 704
9.75 707
9.7667 710
9.7833 713
9.8 716
9.8167 719
9.8333 722
9.85 725
9.8667 728
9.8833 731
9.9 734
9.9167 737
9.9333 740
9.95 743
9.9667 746
9.9833 749
10.0 752
10.0167 755
10.0333 758
10.05 761
10.0667 764
10.0833 767
10.1 770
10.1167 772
10.1333 775
10.15 778
10.1667 781
10.1833 784
10.2 786
10.2167 789
10.2333 792
10.25 795
10.2667 797
10.2833 800
10.3 803
10.3167 805
10.3333 808
10.35 811
10.3667 813
10.3833 816
10.4 818
10.4167 821
10.4333 824
10.45 826
10.4667 829
10.4833 831
10.5 834
10.5167 836
10.5333 839
10.55 841
10.5667 843
10.5833 846
10.6 848
10.6167 851
10.6333 853
10.65 855
10.6667 858
10.6833 860
10.7 862
10.7167 865
10.7333 867
10.75 869
10.7667 871
10.7833 874
10.8 876
10.8167 878
10.8333 880
10.85 882
10.8667 885
10.8833 887
10.9 889
10.9167 891
10.9333 893
10.95 895
10.9667 897
10.9833 899
11.0 901
11.0167 903
11.0333 905
11.05 907
11.0667 909
11.0833 911
11.1 913
11.1167 915
11.1333 917
11.15 918
11.1667 920
11.1833 922
11.2 924
11.2167 926
11.2333 927
11.25 929
11.2667 931
11.2833 933
11.3 934
11.3167 936
11.3333 938
11.35 939
11.3667 941
11.3833 942
11.4 944
11.4167 946
11.4333 947
11.45 949
11.4667 950
11.4833 952
11.5 953
11.5167 955
11.5333 956
11.55 958
11.5667 959
11.5833 960
11.6 962
11.6167 963
11.6333 964
11.65 966
11.6667 967
11.6833 968
11.7 969
11.7167 971
11.7333 972
11.75 973
11.7667 974
11.7833 975
11.8 977
11.8167 978
11.8333 979
11.85 980
11.8667 981
11.8833 982
11.9 983
11.9167 984
11.9333 985
11.95 986
11.9667 987
11.9833 988
12.0 989
12.0167 990
12.0333 991
12.05 992
12.0667 992
12.0833 993
12.1 994
12.1167 995
12.1333 996
12.15 996
12.1667 997
12.1833 998
12.2 998
12.2167 999
12.2333 1000
12.25 1000
12.2667 1001
12.2833 1002
12.3 1002
12.3167 1003
12.3333 1003
12.35 1004
12.3667 1004
12.3833 1005
12.4 1005
12.4167 1006
12.4333 1006
12.45 1006
12.4667 1007
12.4833 1007
12.5 1008
12.5167 1008
12.5333 1008
12.55 1008
12.5667 1009
12.5833 1009
12.6 1009
12.6167 1009
12.6333 1010
12.65 1010
12.6667 1010
12.6833 1010
12.7 1010
12.7167 1010
12.7333 1010
12.75 1010
12.7667 1010
12.7833 1010
12.8 1010
12.8167 1010
12.8333 1010
12.85 1010
12.8667 1010
12.8833 1010
12.9 1010
12.9167 1010
12.9333 1010
12.95 1009
12.9667 1009
12.9833 1009
13.0 1009
13.0167 1008
13.0333 1008
13.05 1008
13.0667 1008
13.0833 1007
13.1 1007
13.1167 1006
13.1333 1006
13.15 1006
13.1667 1005
13.1833 1005
13.2 1004
13.2167 1004
13.2333 1003
13.25 1003
13.2667 1002
13.2833 1002
13.3 1001
13.3167 1000
13.3333 1000
13.35 999
13.3667 998
13.3833 998
13.4 997
13.4167 996
13.4333 996
13.45 995
13.4667 994
13.4833 993
13.5 992
13.5167 991
13.5333 991
13.55 990
13.5667 989
13.5833 988
13.6 987
13.6167 986
13.6333 985
13.65 984
13.6667 983
13.6833 982
13.7 981
13.7167 980
13.7333 979
13.75 978
13.7667 977
13.7833 975
13.8 974
13.8167 973
13.8333 972
13.85 971
13.8667 969
13.8833 968
13.9 967
13.9167 966
13.9333 964
13.95 963
13.9667 962
13.9833 960
14.0 959
14.0167 957
14.0333 956
14.05 955
14.0667 953
14.0833 952
14.1 950
14.1167 949
14.1333 947
14.15 945
14.1667 944
14.1833 942
14.2 941
14.2167 939
14.2333 937
14.25 936
14.2667 934
14.2833 932
14.3 931
14.3167 929
14.3333 927
14.35 925
14.3667 924
14.3833 922
14.4 920
14.4167 918
14.4333 916
14.45 915
14.4667 913
14.4833 911
14.5 909
14.5167 907
14.5333 905
14.55 903
14.5667 901
14.5833 899
14.6 897
14.6167 895
14.6333 893
14.65 891
14.6667 889
14.6833 887
14.7 884
14.7167 882
14.7333 880
14.75 878
14.7667 876
14.7833 874
14.8 871
14.8167 869
14.8333 867
14.85 865
14.8667 862
14.8833 860
14.9 858
14.9167 855
14.9333 853
14.95 851
14.9667 848
14.9833 846
15.0 843
15.0167 841
15.0333 838
15.05 836
15.0667 833
15.0833 831
15.1 828
15.1167 826
15.1333 823
15.15 821
15.1667 818
15.1833 815
15.2 813
15.2167 810
15.2333 807
15.25 805
15.2667 802
15.2833 799
15.3 797
15.3167 794
15.3333 791
15.35 789
15.3667 786
15.3833 783
15.4 780
15.4167 777
15.4333 775
15.45 772
15.4667 769
15.4833 766
15.5 763
15.5167 760
15.5333 757
15.55 755
15.5667 752
15.5833 749
15.6 746
15.6167 743
15.6333 740
15.65 737
15.6667 734
15.6833 731
15.7 728
15.7167 725
15.7333 722
15.75 719
15.7667 716
15.7833 712
15.8 709
15.8167 706
15.8333 703
15.85 700
15.8667 697
15.8833 694
15.9 690
15.9167 687
15.9333 684
15.95 681
15.9667 678
15.9833 674
16.0 671
16.0167 668
16.0333 665
16.05 661
16.0667 658
16.0833 655
16.1 651
16.1167 648
16.1333 645
16.15 641
16.1667 638
16.1833 634
16.2 631
16.2167 628
16.2333 624
16.25 621
16.2667 617
16.2833 614
16.3 611
16.3167 607
16.3333 604
16.35 600
16.3667 597
16.3833 593
16.4 590
16.4167 586
16.4333 583
16.45 579
16.4667 575
16.4833 572
16.5 568
16.5167 565
16.5333 561
16.55 558
16.5667 554
16.5833 550
16.6 547
16.6167 543
16.6333 539
16.65 536
16.6667 532
16.6833 529
16.7 525
16.7167 521
16.7333 517
16.75 514
16.7667 510
16.7833 506
16.8 503
16.8167 499
16.8333 495
16.85 492
16.8667 488
16.8833 484
16.9 480
16.9167 477
16.9333 473
16.95 469
16.9667 465
16.9833 461
