8.0 306
8.0167 309
8.0333 313
8.05 317
8.0667 321
8.0833 324
8.1 328
8.1167 332
8.1333 336
8.15 339
8.1667 343
8.1833 347
8.2 351
8.2167 354
8.2333 358
8.25 362
8.2667 365
8.2833 369
8.3 373
8.3167 377
8.3333 380
8.35 384
8.3667 388
8.3833 392
8.4 395
8.4167 399
8.4333 403
8.45 406
8.4667 410
8.4833 414
8.5 418
8.5167 421
8.5333 425
8.55 429
8.5667 432
8.5833 436
8.6 440
8.6167 443
8.6333 447
8.65 451
8.6667 454
8.6833 458
8.7 462
8.7167 465
8.7333 469
8.75 473
8.7667 476
8.7833 480
8.8 483
8.8167 487
8.8333 491
8.85 494
8.8667 498
8.8833 501
8.9 505
8.9167 509
8.9333 512
8.95 516
8.9667 519
8.9833 523
9.0 526
9.0167 530
9.0333 533
9.05 537
9.0667 540
9.0833 544
9.1 547
9.1167 551
9.1333 554
9.15 558
9.1667 561
9.1833 564
9.2 568
9.2167 571
9.2333 575
9.25 578
9.2667 582
9.2833 585
9.3 588
9.3167 592
9.3333 595
9.35 598
9.3667 602
9.3833 605
9.4 608
9.4167 612
9.4333 615
9.45 618
9.4667 622
9.4833 625
9.5 628
9.5167 631
9.5333 635
9.55 638
9.5667 641
9.5833 644
9.6 647
9.6167 651
9.6333 654
9.65 657
9.6667 660
9.6833 663
9.7 666
9.7167 669
9.7333 672
9.75 676
9.7667 679
9.7833 682
9.8 685
9.8167 688
9.8333 691
9.85 694
9.8667 697
9.8833 700
9.9 703
9.9167 706
9.9333 709
9.95 712
9.9667 715
9.9833 717
10.0 720
10.0167 723
10.0333 726
10.05 729
10.0667 732
10.0833 735
10.1 737
10.1167 740
10.1333 743
10.15 746
10.1667 749
10.1833 751
10.2 754
10.2167 757
10.2333 759
10.25 762
10.2667 765
10.2833 767
10.3 770
10.3167 773
10.3333 775
10.35 778
10.3667 781
10.3833 783
10.4 786
10.4167 788
10.4333 791
10.45 793
10.4667 796
10.4833 798
10.5 801
10.5167 803
10.5333 806
10.55 808
10.5667 810
10.5833 813
10.6 815
10.6167 818
10.6333 820
10.65 822
10.6667 825
10.6833 827
10.7 829
10.7167 831
10.7333 834
10.75 836
10.7667 838
10.7833 840
10.8 842
10.8167 845
10.8333 847
10.85 849
10.8667 851
10.8833 853
10.9 855
10.9167 857
10.9333 859
10.95 861
10.9667 863
10.9833 865
11.0 867
11.0167 869
11.0333 871
11.05 873
11.0667 875
11.0833 877
11.1 879
11.1167 881
11.1333 883
11.15 885
11.1667 886
11.1833 888
11.2 890
11.2167 892
11.2333 893
11.25 895
11.2667 897
11.2833 899
11.3 900
11.3167 902
11.3333 904
11.35 905
11.3667 907
11.3833 908
11.4 910
11.4167 912
11.4333 913
11.45 915
11.4667 916
11.4833 918
11.5 919
11.5167 920
11.5333 922
11.55 923
11.5667 925
11.5833 926
11.6 927
11.6167 929
11.6333 930
11.65 931
11.6667 933
11.6833 934
11.7 935
11.7167 936
11.7333 938
11.75 939
11.7667 940
11.7833 941
11.8 942
11.8167 943
11.8333 945
11.85 946
11.8667 947
11.8833 948
11.9 949
11.9167 950
11.9333 951
11.95 952
11.9667 953
11.9833 954
12.0 955
12.0167 955
12.0333 956
12.05 957
12.0667 958
12.0833 959
12.1 960
12.1167 960
12.1333 961
12.15 962
12.1667 963
12.1833 963
12.2 964
12.2167 965
12.2333 965
12.25 966
12.2667 967
12.2833 967
12.3 968
12.3167 968
12.3333 969
12.35 969
12.3667 970
12.3833 970
12.4 971
12.4167 971
12.4333 972
12.45 972
12.4667 972
12.4833 973
12.5 973
12.5167 973
12.5333 974
12.55 974
12.5667 974
12.5833 975
12.6 975
12.6167 975
12.6333 975
12.65 975
12.6667 975
12.6833 976
12.7 976
12.7167 976
12.7333 976
12.75 976
12.7667 976
12.7833 976
12.8 976
12.8167 976
12.8333 976
12.85 976
12.8667 976
12.8833 976
12.9 976
12.9167 975
12.9333 975
12.95 975
12.9667 975
12.9833 975
13.0 974
13.0167 974
13.0333 974
13.05 974
13.0667 973
13.0833 973
13.1 973
13.1167 972
13.1333 972
13.15 971
13.1667 971
13.1833 971
13.2 970
13.2167 970
13.2333 969
13.25 969
13.2667 968
13.2833 967
13.3 967
13.3167 966
13.3333 966
13.35 965
13.3667 964
13.3833 964
13.4 963
13.4167 962
13.4333 961
13.45 961
13.4667 960
13.4833 959
13.5 958
13.5167 958
13.5333 957
13.55 956
13.5667 955
13.5833 954
13.6 953
13.6167 952
13.6333 951
13.65 950
13.6667 949
13.6833 948
13.7 947
13.7167 946
13.7333 945
13.75 944
13.7667 943
13.7833 942
13.8 941
13.8167 939
13.8333 938
13.85 937
13.8667 936
13.8833 935
13.9 933
13.9167 932
13.9333 931
13.95 929
13.9667 928
13.9833 927
14.0 925
14.0167 924
14.0333 923
14.05 921
14.0667 920
14.0833 918
14.1 917
14.1167 915
14.1333 914
14.15 912
14.1667 911
14.1833 909
14.2 907
14.2167 906
14.2333 904
14.25 903
14.2667 901
14.2833 899
14.3 898
14.3167 896
14.3333 894
14.35 892
14.3667 891
14.3833 889
14.4 887
14.4167 885
14.4333 884
14.45 882
14.4667 880
14.4833 878
14.5 876
14.5167 874
14.5333 872
14.55 870
14.5667 868
14.5833 866
14.6 864
14.6167 862
14.6333 860
14.65 858
14.6667 856
14.6833 854
14.7 852
14.7167 850
14.7333 848
14.75 846
14.7667 843
14.7833 841
14.8 839
14.8167 837
14.8333 835
14.85 832
14.8667 830
14.8833 828
14.9 826
14.9167 823
14.9333 821
14.95 819
14.9667 816
14.9833 814
15.0 811
15.0167 809
15.0333 806
15.05 804
15.0667 801
15.0833 799
15.1 797
15.1167 794
15.1333 792
15.15 789
15.1667 786
15.1833 784
15.2 781
15.2167 779
15.2333 776
15.25 774
15.2667 771
15.2833 768
15.3 766
15.3167 763
15.3333 760
15.35 758
15.3667 755
15.3833 752
15.4 749
15.4167 747
15.4333 744
15.45 741
15.4667 738
15.4833 735
15.5 733
15.5167 730
15.5333 727
15.55 724
15.5667 721
15.5833 718
15.6 715
15.6167 713
15.6333 710
15.65 707
15.6667 704
15.6833 701
15.7 698
15.7167 695
15.7333 692
15.75 689
15.7667 686
15.7833 683
15.8 680
15.8167 677
15.8333 673
15.85 670
15.8667 667
15.8833 664
15.9 661
15.9167 658
15.9333 655
15.95 652
15.9667 648
15.9833 645
16.0 642
16.0167 639
16.0333 636
16.05 632
16.0667 629
16.0833 626
16.1 623
16.1167 619
16.1333 616
16.15 613
16.1667 609
16.1833 606
16.2 603
16.2167 599
16.2333 596
16.25 593
16.2667 589
16.2833 586
16.3 583
16.3167 579
16.3333 576
16.35 572
16.3667 569
16.3833 566
16.4 562
16.4167 559
16.4333 555
16.45 552
16.4667 548
16.4833 545
16.5 541
16.5167 538
16.5333 534
16.55 531
16.5667 527
16.5833 524
16.6 520
16.6167 517
16.6333 513
16.65 509
16.6667 506
16.6833 502
16.7 499
16.7167 495
16.7333 492
16.75 488
16.7667 484
16.7833 481
16.8 477
16.8167 473
16.8333 470
16.85 466
16.8667 463
16.8833 459
16.9 455
16.9167 452
16.9333 448
16.95 444
16.9667 441
16.9833 437
