8.0 270
8.0167 273
8.0333 277
8.05 281
8.0667 285
8.0833 288
8.1 292
8.1167 296
8.1333 300
8.15 304
8.1667 307
8.1833 311
8.2 315
8.2167 319
8.2333 323
8.25 327
8.2667 330
8.2833 334
8.3 338
8.3167 342
8.3333 346
8.35 349
8.3667 353
8.3833 357
8.4 361
8.4167 365
8.4333 368
8.45 372
8.4667 376
8.4833 380
8.5 383
8.5167 387
8.5333 391
8.55 395
8.5667 399
8.5833 402
8.6 406
8.6167 410
8.6333 414
8.65 417
8.6667 421
8.6833 425
8.7 428
8.7167 432
8.7333 436
8.75 440
8.7667 443
8.7833 447
8.8 451
8.8167 454
8.8333 458
8.85 462
8.8667 465
8.8833 469
8.9 473
8.9167 476
8.9333 480
8.95 484
8.9667 487
8.9833 491
9.0 494
9.0167 498
9.0333 501
9.05 505
9.0667 508
9.0833 512
9.1 516
9.1167 519
9.1333 523
9.15 526
9.1667 530
9.1833 533
9.2 537
9.2167 540
9.2333 544
9.25 547
9.2667 551
9.2833 554
9.3 557
9.3167 561
9.3333 564
9.35 568
9.3667 571
9.3833 574
9.4 578
9.4167 581
9.4333 585
9.45 588
9.4667 591
9.4833 595
9.5 598
9.5167 601
9.5333 604
9.55 608
9.5667 611
9.5833 614
9.6 617
9.6167 621
9.6333 624
9.65 627
9.6667 630
9.6833 633
9.7 637
9.7167 640
9.7333 643
9.75 646
9.7667 649
9.7833 652
9.8 655
9.8167 658
9.8333 661
9.85 664
9.8667 667
9.8833 670
9.9 673
9.9167 676
9.9333 679
9.95 682
9.9667 685
9.9833 688
10.0 691
10.0167 694
10.0333 697
10.05 700
10.0667 703
10.0833 705
10.1 708
10.1167 711
10.1333 714
10.15 717
10.1667 719
10.1833 722
10.2 725
10.2167 728
10.2333 730
10.25 733
10.2667 736
10.2833 738
10.3 741
10.3167 744
10.3333 746
10.35 749
10.3667 751
10.3833 754
10.4 757
10.4167 759
10.4333 762
10.45 764
10.4667 767
10.4833 769
10.5 772
10.5167 774
10.5333 776
10.55 779
10.5667 781
10.5833 784
10.6 786
10.6167 788
10.6333 791
10.65 793
10.6667 795
10.6833 797
10.7 800
10.7167 802
10.7333 804
10.75 806
10.7667 809
10.7833 811
10.8 813
10.8167 815
10.8333 817
10.85 819
10.8667 821
10.8833 823
10.9 825
10.9167 827
10.9333 829
10.95 831
10.9667 833
10.9833 835
11.0 837
11.0167 839
11.0333 841
11.05 843
11.0667 845
11.0833 847
11.1 849
11.1167 850
11.1333 852
11.15 854
11.1667 856
11.1833 857
11.2 859
11.2167 861
11.2333 863
11.25 864
11.2667 866
11.2833 868
11.3 869
11.3167 871
11.3333 872
11.35 874
11.3667 875
11.3833 877
11.4 878
11.4167 880
11.4333 881
11.45 883
11.4667 884
11.4833 886
11.5 887
11.5167 888
11.5333 890
11.55 891
11.5667 892
11.5833 894
11.6 895
11.6167 896
11.6333 897
11.65 899
11.6667 900
11.6833 901
11.7 902
11.7167 903
11.7333 904
11.75 905
11.7667 907
11.7833 908
11.8 909
11.8167 910
11.8333 911
11.85 912
11.8667 913
11.8833 914
11.9 914
11.9167 915
11.9333 916
11.95 917
11.9667 918
11.9833 919
12.0 920
12.0167 920
12.0333 921
12.05 922
12.0667 923
12.0833 923
12.1 924
12.1167 925
12.1333 925
12.15 926
12.1667 926
12.1833 927
12.2 928
12.2167 928
12.2333 929
12.25 929
12.2667 930
12.2833 930
12.3 931
12.3167 931
12.3333 931
12.35 932
12.3667 932
12.3833 932
12.4 933
12.4167 933
12.4333 933
12.45 934
12.4667 934
12.4833 934
12.5 934
12.5167 934
12.5333 935
12.55 935
12.5667 935
12.5833 935
12.6 935
12.6167 935
12.6333 935
12.65 935
12.6667 935
12.6833 935
12.7 935
12.7167 935
12.7333 935
12.75 935
12.7667 935
12.7833 935
12.8 934
12.8167 934
12.8333 934
12.85 934
12.8667 933
12.8833 933
12.9 933
12.9167 933
12.9333 932
12.95 932
12.9667 932
12.9833 931
13.0 931
13.0167 930
13.0333 930
13.05 929
13.0667 929
13.0833 928
13.1 928
13.1167 927
13.1333 927
13.15 926
13.1667 926
13.1833 925
13.2 924
13.2167 924
13.2333 923
13.25 922
13.2667 922
13.2833 921
13.3 920
13.3167 919
13.3333 918
13.35 918
13.3667 917
13.3833 916
13.4 915
13.4167 914
13.4333 913
13.45 912
13.4667 911
13.4833 910
13.5 909
13.5167 908
13.5333 907
13.55 906
13.5667 905
13.5833 904
13.6 903
13.6167 902
13.6333 900
13.65 899
13.6667 898
13.6833 897
13.7 896
13.7167 894
13.7333 893
13.75 892
13.7667 890
13.7833 889
13.8 888
13.8167 886
13.8333 885
13.85 884
13.8667 882
13.8833 881
13.9 879
13.9167 878
13.9333 876
13.95 875
13.9667 873
13.9833 872
14.0 870
14.0167 868
14.0333 867
14.05 865
14.0667 864
14.0833 862
14.1 860
14.1167 858
14.1333 857
14.15 855
14.1667 853
14.1833 851
14.2 850
14.2167 848
14.2333 846
14.25 844
14.2667 842
14.2833 840
14.3 838
14.3167 836
14.3333 835
14.35 833
14.3667 831
14.3833 829
14.4 827
14.4167 825
14.4333 822
14.45 820
14.4667 818
14.4833 816
14.5 814
14.5167 812
14.5333 810
14.55 808
14.5667 805
14.5833 803
14.6 801
14.6167 799
14.6333 796
14.65 794
14.6667 792
14.6833 790
14.7 787
14.7167 785
14.7333 783
14.75 780
14.7667 778
14.7833 775
14.8 773
14.8167 770
14.8333 768
14.85 766
14.8667 763
14.8833 761
14.9 758
14.9167 755
14.9333 753
14.95 750
14.9667 748
14.9833 745
15.0 742
15.0167 739
15.0333 736
15.05 734
15.0667 731
15.0833 728
15.1 726
15.1167 723
15.1333 720
15.15 717
15.1667 715
15.1833 712
15.2 709
15.2167 706
15.2333 703
15.25 701
15.2667 698
15.2833 695
15.3 692
15.3167 689
15.3333 686
15.35 683
15.3667 680
15.3833 677
15.4 674
15.4167 671
15.4333 668
15.45 665
15.4667 662
15.4833 659
15.5 656
15.5167 653
15.5333 650
15.55 647
15.5667 644
15.5833 641
15.6 637
15.6167 634
15.6333 631
15.65 628
15.6667 625
15.6833 622
15.7 618
15.7167 615
15.7333 612
15.75 609
15.7667 605
15.7833 602
15.8 599
15.8167 595
15.8333 592
15.85 589
15.8667 586
15.8833 582
15.9 579
15.9167 575
15.9333 572
15.95 569
15.9667 565
15.9833 562
16.0 558
16.0167 555
16.0333 552
16.05 548
16.0667 545
16.0833 541
16.1 538
16.1167 534
16.1333 531
16.15 527
16.1667 524
16.1833 520
16.2 517
16.2167 513
16.2333 510
16.25 506
16.2667 502
16.2833 499
16.3 495
16.3167 492
16.3333 488
16.35 484
16.3667 481
16.3833 477
16.4 474
16.4167 470
16.4333 466
16.45 463
16.4667 459
16.4833 455
16.5 452
16.5167 448
16.5333 444
16.55 440
16.5667 437
16.5833 433
16.6 429
16.6167 426
16.6333 422
16.65 418
16.6667 414
16.6833 411
16.7 407
16.7167 403
16.7333 399
16.75 396
16.7667 392
16.7833 388
16.8 384
16.8167 380
16.8333 377
16.85 373
16.8667 369
16.8833 365
16.9 362
16.9167 358
16.9333 354
16.95 350
16.9667 346
16.9833 343
