8.0 241
8.0167 244
8.0333 248
8.05 251
8.0667 255
8.0833 258
8.1 262
8.1167 265
8.1333 269
8.15 273
8.1667 276
8.1833 280
8.2 283
8.2167 287
8.2333 290
8.25 294
8.2667 297
8.2833 301
8.3 305
8.3167 308
8.3333 312
8.35 315
8.3667 319
8.3833 323
8.4 326
8.4167 330
8.4333 333
8.45 337
8.4667 340
8.4833 344
8.5 348
8.5167 351
8.5333 355
8.55 358
8.5667 362
8.5833 365
8.6 369
8.6167 373
8.6333 376
8.65 380
8.6667 383
8.6833 387
8.7 390
8.7167 394
8.7333 397
8.75 401
8.7667 405
8.7833 408
8.8 412
8.8167 415
8.8333 419
8.85 422
8.8667 426
8.8833 429
8.9 433
8.9167 436
8.9333 440
8.95 443
8.9667 447
8.9833 450
9.0 454
9.0167 457
9.0333 460
9.05 464
9.0667 467
9.0833 470
9.1 474
9.1167 477
9.1333 481
9.15 484
9.1667 487
9.1833 491
9.2 494
9.2167 498
9.2333 501
9.25 504
9.2667 508
9.2833 511
9.3 514
9.3167 518
9.3333 521
9.35 524
9.3667 527
9.3833 531
9.4 534
9.4167 537
9.4333 540
9.45 544
9.4667 547
9.4833 550
9.5 553
9.5167 557
9.5333 560
9.55 563
9.5667 566
9.5833 569
9.6 572
9.6167 575
9.6333 579
9.65 582
9.6667 585
9.6833 588
9.7 591
9.7167 594
9.7333 597
9.75 600
9.7667 603
9.7833 606
9.8 609
9.8167 612
9.8333 615
9.85 618
9.8667 621
9.8833 624
9.9 627
9.9167 630
9.9333 633
9.95 635
9.9667 638
9.9833 641
10.0 644
10.0167 647
10.0333 650
10.05 652
10.0667 655
10.0833 658
10.1 661
10.1167 664
10.1333 666
10.15 669
10.1667 672
10.1833 674
10.2 677
10.2167 680
10.2333 682
10.25 685
10.2667 688
10.2833 690
10.3 693
10.3167 695
10.3333 698
10.35 700
10.3667 703
10.3833 706
10.4 708
10.4167 711
10.4333 713
10.45 715
10.4667 718
10.4833 720
10.5 723
10.5167 725
10.5333 727
10.55 730
10.5667 732
10.5833 734
10.6 737
10.6167 739
10.6333 741
10.65 744
10.6667 746
10.6833 748
10.7 750
10.7167 753
10.7333 755
10.75 757
10.7667 759
10.7833 761
10.8 763
10.8167 765
10.8333 767
10.85 770
10.8667 772
10.8833 774
10.9 776
10.9167 778
10.9333 780
10.95 782
10.9667 783
10.9833 785
11.0 787
11.0167 789
11.0333 791
11.05 793
11.0667 795
11.0833 797
11.1 798
11.1167 800
11.1333 802
11.15 804
11.1667 805
11.1833 807
11.2 809
11.2167 811
11.2333 812
11.25 814
11.2667 815
11.2833 817
11.3 819
11.3167 820
11.3333 822
11.35 823
11.3667 825
11.3833 826
11.4 828
11.4167 829
11.4333 831
11.45 832
11.4667 834
11.4833 835
11.5 836
11.5167 838
11.5333 839
11.55 840
11.5667 842
11.5833 843
11.6 844
11.6167 845
11.6333 847
11.65 848
11.6667 849
11.6833 850
11.7 851
11.7167 852
11.7333 853
11.75 855
11.7667 856
11.7833 857
11.8 858
11.8167 859
11.8333 860
11.85 861
11.8667 862
11.8833 863
11.9 864
11.9167 864
11.9333 865
11.95 866
11.9667 867
11.9833 868
12.0 869
12.0167 869
12.0333 870
12.05 871
12.0667 872
12.0833 872
12.1 873
12.1167 874
12.1333 874
12.15 875
12.1667 875
12.1833 876
12.2 877
12.2167 877
12.2333 878
12.25 878
12.2667 879
12.2833 879
12.3 880
12.3167 880
12.3333 880
12.35 881
12.3667 881
12.3833 882
12.4 882
12.4167 882
12.4333 882
12.45 883
12.4667 883
12.4833 883
12.5 883
12.5167 884
12.5333 884
12.55 884
12.5667 884
12.5833 884
12.6 884
12.6167 884
12.6333 884
12.65 884
12.6667 884
12.6833 884
12.7 884
12.7167 884
12.7333 884
12.75 884
12.7667 884
12.7833 884
12.8 884
12.8167 884
12.8333 883
12.85 883
12.8667 883
12.8833 883
12.9 882
12.9167 882
12.9333 882
12.95 881
12.9667 881
12.9833 881
13.0 880
13.0167 880
13.0333 880
13.05 879
13.0667 879
13.0833 878
13.1 878
13.1167 877
13.1333 877
13.15 876
13.1667 875
13.1833 875
13.2 874
13.2167 874
13.2333 873
13.25 872
13.2667 872
13.2833 871
13.3 870
13.3167 869
13.3333 869
13.35 868
13.3667 867
13.3833 866
13.4 865
13.4167 864
13.4333 863
13.45 863
13.4667 862
13.4833 861
13.5 860
13.5167 859
13.5333 858
13.55 857
13.5667 856
13.5833 854
13.6 853
13.6167 852
13.6333 851
13.65 850
13.6667 849
13.6833 848
13.7 846
13.7167 845
13.7333 844
13.75 843
13.7667 841
13.7833 840
13.8 839
13.8167 838
13.8333 836
13.85 835
13.8667 833
13.8833 832
13.9 831
13.9167 829
13.9333 828
13.95 826
13.9667 825
13.9833 823
14.0 822
14.0167 820
14.0333 819
14.05 817
14.0667 815
14.0833 814
14.1 812
14.1167 810
14.1333 809
14.15 807
14.1667 805
14.1833 804
14.2 802
14.2167 800
14.2333 798
14.25 796
14.2667 795
14.2833 793
14.3 791
14.3167 789
14.3333 787
14.35 785
14.3667 783
14.3833 781
14.4 779
14.4167 777
14.4333 775
14.45 773
14.4667 771
14.4833 769
14.5 767
14.5167 765
14.5333 763
14.55 761
14.5667 759
14.5833 757
14.6 755
14.6167 752
14.6333 750
14.65 748
14.6667 746
14.6833 743
14.7 741
14.7167 739
14.7333 737
14.75 734
14.7667 732
14.7833 730
14.8 727
14.8167 725
14.8333 723
14.85 720
14.8667 718
14.8833 715
14.9 713
14.9167 710
14.9333 708
14.95 705
14.9667 703
14.9833 700
15.0 697
15.0167 694
15.0333 692
15.05 689
15.0667 687
15.0833 684
15.1 681
15.1167 679
15.1333 676
15.15 673
15.1667 671
15.1833 668
15.2 665
15.2167 663
15.2333 660
15.25 657
15.2667 654
15.2833 651
15.3 649
15.3167 646
15.3333 643
15.35 640
15.3667 637
15.3833 634
15.4 632
15.4167 629
15.4333 626
15.45 623
15.4667 620
15.4833 617
15.5 614
15.5167 611
15.5333 608
15.55 605
15.5667 602
15.5833 599
15.6 596
15.6167 593
15.6333 590
15.65 587
15.6667 584
15.6833 581
15.7 577
15.7167 574
15.7333 571
15.75 568
15.7667 565
15.7833 562
15.8 559
15.8167 555
15.8333 552
15.85 549
15.8667 546
15.8833 543
15.9 539
15.9167 536
15.9333 533
15.95 530
15.9667 526
15.9833 523
16.0 520
16.0167 516
16.0333 513
16.05 510
16.0667 506
16.0833 503
16.1 500
16.1167 496
16.1333 493
16.15 490
16.1667 486
16.1833 483
16.2 480
16.2167 476
16.2333 473
16.25 469
16.2667 466
16.2833 462
16.3 459
16.3167 456
16.3333 452
16.35 449
16.3667 445
16.3833 442
16.4 438
16.4167 435
16.4333 431
16.45 428
16.4667 424
16.4833 421
16.5 417
16.5167 414
16.5333 410
16.55 407
16.5667 403
16.5833 400
16.6 396
16.6167 392
16.6333 389
16.65 385
16.6667 382
16.6833 378
16.7 375
16.7167 371
16.7333 368
16.75 364
16.7667 360
16.7833 357
16.8 353
16.8167 350
16.8333 346
16.85 343
16.8667 339
16.8833 335
16.9 332
16.9167 328
16.9333 325
16.95 321
16.9667 317
16.9833 314
