8.0 226
8.0167 230
8.0333 233
8.05 236
8.0667 240
8.0833 243
8.1 247
8.1167 250
8.1333 254
8.15 257
8.1667 261
8.1833 264
8.2 268
8.2167 271
8.2333 275
8.25 278
8.2667 282
8.2833 285
8.3 289
8.3167 292
8.3333 296
8.35 299
8.3667 303
8.3833 306
8.4 310
8.4167 313
8.4333 317
8.45 320
8.4667 324
8.4833 327
8.5 331
8.5167 334
8.5333 338
8.55 341
8.5667 345
8.5833 348
8.6 352
8.6167 355
8.6333 359
8.65 362
8.6667 366
8.6833 369
8.7 373
8.7167 376
8.7333 380
8.75 383
8.7667 387
8.7833 390
8.8 394
8.8167 397
8.8333 401
8.85 404
8.8667 408
8.8833 411
8.9 414
8.9167 418
8.9333 421
8.95 425
8.9667 428
8.9833 432
9.0 435
9.0167 438
9.0333 441
9.05 445
9.0667 448
9.0833 452
9.1 455
9.1167 458
9.1333 462
9.15 465
9.1667 468
9.1833 472
9.2 475
9.2167 478
9.2333 482
9.25 485
9.2667 488
9.2833 492
9.3 495
9.3167 498
9.3333 501
9.35 505
9.3667 508
9.3833 511
9.4 514
9.4167 517
9.4333 521
9.45 524
9.4667 527
9.4833 530
9.5 533
9.5167 537
9.5333 540
9.55 543
9.5667 546
9.5833 549
9.6 552
9.6167 555
9.6333 558
9.65 561
9.6667 564
9.6833 567
9.7 570
9.7167 573
9.7333 576
9.75 579
9.7667 582
9.7833 585
9.8 588
9.8167 591
9.8333 594
9.85 597
9.8667 600
9.8833 603
9.9 606
9.9167 609
9.9333 612
9.95 614
9.9667 617
9.9833 620
10.0 623
10.0167 626
10.0333 628
10.05 631
10.0667 634
10.0833 637
10.1 639
10.1167 642
10.1333 645
10.15 647
10.1667 650
10.1833 653
10.2 655
10.2167 658
10.2333 661
10.25 663
10.2667 666
10.2833 668
10.3 671
10.3167 673
10.3333 676
10.35 678
10.3667 681
10.3833 683
10.4 686
10.4167 688
10.4333 691
10.45 693
10.4667 696
10.4833 698
10.5 700
10.5167 703
10.5333 705
10.55 707
10.5667 710
10.5833 712
10.6 714
10.6167 716
10.6333 719
10.65 721
10.6667 723
10.6833 725
10.7 727
10.7167 730
10.7333 732
10.75 734
10.7667 736
10.7833 738
10.8 740
10.8167 742
10.8333 744
10.85 746
10.8667 748
10.8833 750
10.9 752
10.9167 754
10.9333 756
10.95 758
10.9667 760
10.9833 762
11.0 764
11.0167 765
11.0333 767
11.05 769
11.0667 771
11.0833 773
11.1 774
11.1167 776
11.1333 778
11.15 780
11.1667 781
11.1833 783
11.2 785
11.2167 786
11.2333 788
11.25 790
11.2667 791
11.2833 793
11.3 794
11.3167 796
11.3333 797
11.35 799
11.3667 800
11.3833 802
11.4 803
11.4167 805
11.4333 806
11.45 807
11.4667 809
11.4833 810
11.5 811
11.5167 813
11.5333 814
11.55 815
11.5667 816
11.5833 818
11.6 819
11.6167 820
11.6333 821
11.65 822
11.6667 824
11.6833 825
11.7 826
11.7167 827
11.7333 828
11.75 829
11.7667 830
11.7833 831
11.8 832
11.8167 833
11.8333 834
11.85 835
11.8667 836
11.8833 837
11.9 837
11.9167 838
11.9333 839
11.95 840
11.9667 841
11.9833 841
12.0 842
12.0167 843
12.0333 844
12.05 844
12.0667 845
12.0833 846
12.1 846
12.1167 847
12.1333 848
12.15 848
12.1667 849
12.1833 849
12.2 850
12.2167 850
12.2333 851
12.25 851
12.2667 852
12.2833 852
12.3 852
12.3167 853
12.3333 853
12.35 853
12.3667 854
12.3833 854
12.4 854
12.4167 855
12.4333 855
12.45 855
12.4667 855
12.4833 855
12.5 856
12.5167 856
12.5333 856
12.55 856
12.5667 856
12.5833 856
12.6 856
12.6167 856
12.6333 856
12.65 856
12.6667 856
12.6833 856
12.7 856
12.7167 856
12.7333 856
12.75 856
12.7667 855
12.7833 855
12.8 855
12.8167 855
12.8333 855
12.85 854
12.8667 854
12.8833 854
12.9 853
12.9167 853
12.9333 853
12.95 852
12.9667 852
12.9833 852
13.0 851
13.0167 851
13.0333 850
13.05 850
13.0667 849
13.0833 849
13.1 848
13.1167 848
13.1333 847
13.15 846
13.1667 846
13.1833 845
13.2 844
13.2167 844
13.2333 843
13.25 842
13.2667 842
13.2833 841
13.3 840
13.3167 839
13.3333 838
13.35 837
13.3667 837
13.3833 836
13.4 835
13.4167 834
13.4333 833
13.45 832
13.4667 831
13.4833 830
13.5 829
13.5167 828
13.5333 827
13.55 826
13.5667 825
13.5833 824
13.6 822
13.6167 821
13.6333 820
13.65 819
13.6667 818
13.6833 817
13.7 815
13.7167 814
13.7333 813
13.75 811
13.7667 810
13.7833 809
13.8 807
13.8167 806
13.8333 805
13.85 803
13.8667 802
13.8833 800
13.9 799
13.9167 797
13.9333 796
13.95 794
13.9667 793
13.9833 791
14.0 790
14.0167 788
14.0333 786
14.05 785
14.0667 783
14.0833 781
14.1 780
14.1167 778
14.1333 776
14.15 775
14.1667 773
14.1833 771
14.2 769
14.2167 767
14.2333 766
14.25 764
14.2667 762
14.2833 760
14.3 758
14.3167 756
14.3333 754
14.35 752
14.3667 750
14.3833 748
14.4 746
14.4167 744
14.4333 742
14.45 740
14.4667 738
14.4833 736
14.5 734
14.5167 732
14.5333 730
14.55 728
14.5667 725
14.5833 723
14.6 721
14.6167 719
14.6333 717
14.65 714
14.6667 712
14.6833 710
14.7 707
14.7167 705
14.7333 703
14.75 700
14.7667 698
14.7833 696
14.8 693
14.8167 691
14.8333 688
14.85 686
14.8667 684
14.8833 681
14.9 679
14.9167 676
14.9333 674
14.95 671
14.9667 669
14.9833 666
15.0 663
15.0167 660
15.0333 657
15.05 655
15.0667 652
15.0833 649
15.1 647
15.1167 644
15.1333 641
15.15 639
15.1667 636
15.1833 633
15.2 630
15.2167 628
15.2333 625
15.25 622
15.2667 619
15.2833 617
15.3 614
15.3167 611
15.3333 608
15.35 605
15.3667 602
15.3833 599
15.4 596
15.4167 594
15.4333 591
15.45 588
15.4667 585
15.4833 582
15.5 579
15.5167 576
15.5333 573
15.55 570
15.5667 567
15.5833 564
15.6 561
15.6167 558
15.6333 554
15.65 551
15.6667 548
15.6833 545
15.7 542
15.7167 539
15.7333 536
15.75 533
15.7667 529
15.7833 526
15.8 523
15.8167 520
15.8333 517
15.85 514
15.8667 510
15.8833 507
15.9 504
15.9167 501
15.9333 497
15.95 494
15.9667 491
15.9833 488
16.0 484
16.0167 481
16.0333 478
16.05 474
16.0667 471
16.0833 468
16.1 464
16.1167 461
16.1333 458
16.15 454
16.1667 451
16.1833 448
16.2 444
16.2167 441
16.2333 437
16.25 434
16.2667 431
16.2833 427
16.3 424
16.3167 420
16.3333 417
16.35 413
16.3667 410
16.3833 407
16.4 403
16.4167 400
16.4333 396
16.45 393
16.4667 389
16.4833 386
16.5 382
16.5167 379
16.5333 375
16.55 372
16.5667 368
16.5833 365
16.6 361
16.6167 358
16.6333 354
16.65 351
16.6667 347
16.6833 344
16.7 340
16.7167 337
16.7333 333
16.75 330
16.7667 326
16.7833 323
16.8 319
16.8167 316
16.8333 312
16.85 309
16.8667 305
16.8833 302
16.9 298
16.9167 295
16.9333 291
16.95 288
16.9667 284
16.9833 281
