8.0 273
8.0167 277
8.0333 280
8.05 284
8.0667 288
8.0833 292
8.1 296
8.1167 300
8.1333 303
8.15 307
8.1667 311
8.1833 315
8.2 319
8.2167 323
8.2333 326
8.25 330
8.2667 334
8.2833 338
8.3 342
8.3167 346
8.3333 349
8.35 353
8.3667 357
8.3833 361
8.4 365
8.4167 369
8.4333 372
8.45 376
8.4667 380
8.4833 384
8.5 388
8.5167 391
8.5333 395
8.55 399
8.5667 403
8.5833 407
8.6 410
8.6167 414
8.6333 418
8.65 422
8.6667 425
8.6833 429
8.7 433
8.7167 437
8.7333 440
8.75 444
8.7667 448
8.7833 452
8.8 455
8.8167 459
8.8333 463
8.85 466
8.8667 470
8.8833 474
8.9 477
8.9167 481
8.9333 485
8.95 488
8.9667 492
8.9833 496
9.0 499
9.0167 503
9.0333 506
9.05 510
9.0667 513
9.0833 517
9.1 520
9.1167 524
9.1333 528
9.15 531
9.1667 535
9.1833 538
9.2 542
9.2167 545
9.2333 549
9.25 552
9.2667 556
9.2833 559
9.3 562
9.3167 566
9.3333 569
9.35 573
9.3667 576
9.3833 580
9.4 583
9.4167 586
9.4333 590
9.45 593
9.4667 596
9.4833 600
9.5 603
9.5167 606
9.5333 610
9.55 613
9.5667 616
9.5833 619
9.6 623
9.6167 626
9.6333 629
9.65 632
9.6667 635
9.6833 639
9.7 642
9.7167 645
9.7333 648
9.75 651
9.7667 654
9.7833 657
9.8 661
9.8167 664
9.8333 667
9.85 670
9.8667 673
9.8833 676
9.9 679
9.9167 682
9.9333 685
9.95 688
9.9667 691
9.9833 694
10.0 696
10.0167 699
10.0333 702
10.05 705
10.0667 708
10.0833 711
10.1 714
10.1167 717
10.1333 719
10.15 722
10.1667 725
10.1833 728
10.2 730
10.2167 733
10.2333 736
10.25 739
10.2667 741
10.2833 744
10.3 747
10.3167 749
10.3333 752
10.35 754
10.3667 757
10.3833 760
10.4 762
10.4167 765
10.4333 767
10.45 770
10.4667 772
10.4833 775
10.5 777
10.5167 780
10.5333 782
10.55 784
10.5667 787
10.5833 789
10.6 791
10.6167 794
10.6333 796
10.65 798
10.6667 801
10.6833 803
10.7 805
10.7167 807
10.7333 810
10.75 812
10.7667 814
10.7833 816
10.8 818
10.8167 821
10.8333 823
10.85 825
10.8667 827
10.8833 829
10.9 831
10.9167 833
10.9333 835
10.95 837
10.9667 839
10.9833 841
11.0 843
11.0167 845
11.0333 847
11.05 849
11.0667 850
11.0833 852
11.1 854
11.1167 856
11.1333 858
11.15 860
11.1667 861
11.1833 863
11.2 865
11.2167 866
11.2333 868
11.25 870
11.2667 871
11.2833 873
11.3 875
11.3167 876
11.3333 878
11.35 879
11.3667 881
11.3833 882
11.4 884
11.4167 885
11.4333 887
11.45 888
11.4667 890
11.4833 891
11.5 893
11.5167 894
11.5333 895
11.55 897
11.5667 898
11.5833 899
11.6 900
11.6167 902
11.6333 903
11.65 904
11.6667 905
11.6833 906
11.7 908
11.7167 909
11.7333 910
11.75 911
11.7667 912
11.7833 913
11.8 914
11.8167 915
11.8333 916
11.85 917
11.8667 918
11.8833 919
11.9 920
11.9167 921
11.9333 922
11.95 923
11.9667 923
11.9833 924
12.0 925
12.0167 926
12.0333 926
12.05 927
12.0667 928
12.0833 929
12.1 929
12.1167 930
12.1333 931
12.15 931
12.1667 932
12.1833 932
12.2 933
12.2167 933
12.2333 934
12.25 934
12.2667 935
12.2833 935
12.3 936
12.3167 936
12.3333 937
12.35 937
12.3667 937
12.3833 938
12.4 938
12.4167 938
12.4333 939
12.45 939
12.4667 939
12.4833 939
12.5 939
12.5167 940
12.5333 940
12.55 940
12.5667 940
12.5833 940
12.6 940
12.6167 940
12.6333 940
12.65 940
12.6667 940
12.6833 940
12.7 940
12.7167 940
12.7333 940
12.75 940
12.7667 940
12.7833 940
12.8 939
12.8167 939
12.8333 939
12.85 939
12.8667 939
12.8833 938
12.9 938
12.9167 938
12.9333 937
12.95 937
12.9667 937
12.9833 936
13.0 936
13.0167 935
13.0333 935
13.05 934
13.0667 934
13.0833 933
13.1 933
13.1167 932
13.1333 932
13.15 931
13.1667 931
13.1833 930
13.2 929
13.2167 929
13.2333 928
13.25 927
13.2667 926
13.2833 926
13.3 925
13.3167 924
13.3333 923
13.35 922
13.3667 922
13.3833 921
13.4 920
13.4167 919
13.4333 918
13.45 917
13.4667 916
13.4833 915
13.5 914
13.5167 913
13.5333 912
13.55 911
13.5667 910
13.5833 909
13.6 907
13.6167 906
13.6333 905
13.65 904
13.6667 903
13.6833 902
13.7 900
13.7167 899
13.7333 898
13.75 896
13.7667 895
13.7833 894
13.8 892
13.8167 891
13.8333 890
13.85 888
13.8667 887
13.8833 885
13.9 884
13.9167 882
13.9333 881
13.95 879
13.9667 878
13.9833 876
14.0 874
14.0167 873
14.0333 871
14.05 870
14.0667 868
14.0833 866
14.1 865
14.1167 863
14.1333 861
14.15 859
14.1667 858
14.1833 856
14.2 854
14.2167 852
14.2333 850
14.25 848
14.2667 846
14.2833 845
14.3 843
14.3167 841
14.3333 839
14.35 837
14.3667 835
14.3833 833
14.4 831
14.4167 829
14.4333 827
14.45 825
14.4667 822
14.4833 820
14.5 818
14.5167 816
14.5333 814
14.55 812
14.5667 809
14.5833 807
14.6 805
14.6167 803
14.6333 800
14.65 798
14.6667 796
14.6833 794
14.7 791
14.7167 789
14.7333 786
14.75 784
14.7667 782
14.7833 779
14.8 777
14.8167 774
14.8333 772
14.85 769
14.8667 767
14.8833 764
14.9 762
14.9167 759
14.9333 757
14.95 754
14.9667 751
14.9833 749
15.0 745
15.0167 743
15.0333 740
15.05 737
15.0667 735
15.0833 732
15.1 729
15.1167 726
15.1333 724
15.15 721
15.1667 718
15.1833 715
15.2 713
15.2167 710
15.2333 707
15.25 704
15.2667 701
15.2833 698
15.3 695
15.3167 692
15.3333 689
15.35 686
15.3667 683
15.3833 681
15.4 678
15.4167 674
15.4333 671
15.45 668
15.4667 665
15.4833 662
15.5 659
15.5167 656
15.5333 653
15.55 650
15.5667 647
15.5833 644
15.6 641
15.6167 637
15.6333 634
15.65 631
15.6667 628
15.6833 625
15.7 621
15.7167 618
15.7333 615
15.75 612
15.7667 608
15.7833 605
15.8 602
15.8167 598
15.8333 595
15.85 592
15.8667 588
15.8833 585
15.9 582
15.9167 578
15.9333 575
15.95 571
15.9667 568
15.9833 565
16.0 561
16.0167 558
16.0333 554
16.05 551
16.0667 547
16.0833 544
16.1 540
16.1167 537
16.1333 533
16.15 530
16.1667 526
16.1833 523
16.2 519
16.2167 515
16.2333 512
16.25 508
16.2667 505
16.2833 501
16.3 497
16.3167 494
16.3333 490
16.35 487
16.3667 483
16.3833 479
16.4 476
16.4167 472
16.4333 468
16.45 465
16.4667 461
16.4833 457
16.5 454
16.5167 450
16.5333 446
16.55 442
16.5667 439
16.5833 435
16.6 431
16.6167 427
16.6333 424
16.65 420
16.6667 416
16.6833 412
16.7 409
16.7167 405
16.7333 401
16.75 397
16.7667 393
16.7833 390
16.8 386
16.8167 382
16.8333 378
16.85 374
16.8667 371
16.8833 367
16.9 363
16.9167 359
16.9333 355
16.95 352
16.9667 348
16.9833 344
