8.0 297
8.0167 301
8.0333 305
8.05 309
8.0667 313
8.0833 317
8.1 321
8.1167 325
8.1333 329
8.15 333
8.1667 337
8.1833 340
8.2 344
8.2167 348
8.2333 352
8.25 356
8.2667 360
8.2833 364
8.3 368
8.3167 372
8.3333 376
8.35 380
8.3667 384
8.3833 388
8.4 391
8.4167 395
8.4333 399
8.45 403
8.4667 407
8.4833 411
8.5 415
8.5167 419
8.5333 423
8.55 426
8.5667 430
8.5833 434
8.6 438
8.6167 442
8.6333 446
8.65 450
8.6667 453
8.6833 457
8.7 461
8.7167 465
8.7333 469
8.75 472
8.7667 476
8.7833 480
8.8 484
8.8167 487
8.8333 491
8.85 495
8.8667 499
8.8833 502
8.9 506
8.9167 510
8.9333 514
8.95 517
8.9667 521
8.9833 525
9.0 528
9.0167 532
9.0333 535
9.05 539
9.0667 543
9.0833 546
9.1 550
9.1167 553
9.1333 557
9.15 561
9.1667 564
9.1833 568
9.2 571
9.2167 575
9.2333 578
9.25 582
9.2667 586
9.2833 589
9.3 592
9.3167 596
9.3333 599
9.35 603
9.3667 606
9.3833 610
9.4 613
9.4167 617
9.4333 620
9.45 623
9.4667 627
9.4833 630
9.5 634
9.5167 637
9.5333 640
9.55 644
9.5667 647
9.5833 650
9.6 653
9.6167 657
9.6333 660
9.65 663
9.6667 666
9.6833 670
9.7 673
9.7167 676
9.7333 679
9.75 682
9.7667 686
9.7833 689
9.8 692
9.8167 695
9.8333 698
9.85 701
9.8667 704
9.8833 707
9.9 710
9.9167 713
9.9333 716
9.95 719
9.9667 722
9.9833 725
10.0 728
10.0167 731
10.0333 734
10.05 737
10.0667 740
10.0833 743
10.1 746
10.1167 749
10.1333 751
10.15 754
10.1667 757
10.1833 760
10.2 763
10.2167 765
10.2333 768
10.25 771
10.2667 774
10.2833 776
10.3 779
10.3167 782
10.3333 784
10.35 787
10.3667 790
10.3833 792
10.4 795
10.4167 797
10.4333 800
10.45 802
10.4667 805
10.4833 807
10.5 810
10.5167 812
10.5333 815
10.55 817
10.5667 820
10.5833 822
10.6 825
10.6167 827
10.6333 829
10.65 832
10.6667 834
10.6833 836
10.7 839
10.7167 841
10.7333 843
10.75 845
10.7667 848
10.7833 850
10.8 852
10.8167 854
10.8333 856
10.85 858
10.8667 861
10.8833 863
10.9 865
10.9167 867
10.9333 869
10.95 871
10.9667 873
10.9833 875
11.0 877
11.0167 879
11.0333 881
11.05 883
11.0667 885
11.0833 886
11.1 888
11.1167 890
11.1333 892
11.15 894
11.1667 896
11.1833 897
11.2 899
11.2167 901
11.2333 903
11.25 904
11.2667 906
11.2833 908
11.3 909
11.3167 911
11.3333 913
11.35 914
11.3667 916
11.3833 917
11.4 919
11.4167 920
11.4333 922
11.45 923
11.4667 925
11.4833 926
11.5 928
11.5167 929
11.5333 930
11.55 932
11.5667 933
11.5833 934
11.6 936
11.6167 937
11.6333 938
11.65 939
11.6667 941
11.6833 942
11.7 943
11.7167 944
11.7333 945
11.75 947
11.7667 948
11.7833 949
11.8 950
11.8167 951
11.8333 952
11.85 953
11.8667 954
11.8833 955
11.9 956
11.9167 957
11.9333 958
11.95 959
11.9667 959
11.9833 960
12.0 961
12.0167 962
12.0333 963
12.05 964
12.0667 964
12.0833 965
12.1 966
12.1167 966
12.1333 967
12.15 968
12.1667 968
12.1833 969
12.2 970
12.2167 970
12.2333 971
12.25 971
12.2667 972
12.2833 972
12.3 973
12.3167 973
12.3333 974
12.35 974
12.3667 974
12.3833 975
12.4 975
12.4167 975
12.4333 976
12.45 976
12.4667 976
12.4833 977
12.5 977
12.5167 977
12.5333 977
12.55 977
12.5667 978
12.5833 978
12.6 978
12.6167 978
12.6333 978
12.65 978
12.6667 978
12.6833 978
12.7 978
12.7167 978
12.7333 978
12.75 978
12.7667 978
12.7833 978
12.8 978
12.8167 977
12.8333 977
12.85 977
12.8667 977
12.8833 977
12.9 976
12.9167 976
12.9333 976
12.95 975
12.9667 975
12.9833 975
13.0 974
13.0167 974
13.0333 974
13.05 973
13.0667 973
13.0833 972
13.1 972
13.1167 971
13.1333 971
13.15 970
13.1667 970
13.1833 969
13.2 968
13.2167 968
13.2333 967
13.25 966
13.2667 966
13.2833 965
13.3 964
13.3167 963
13.3333 963
13.35 962
13.3667 961
13.3833 960
13.4 959
13.4167 958
13.4333 958
13.45 957
13.4667 956
13.4833 955
13.5 954
13.5167 953
13.5333 952
13.55 951
13.5667 950
13.5833 949
13.6 948
13.6167 946
13.6333 945
13.65 944
13.6667 943
13.6833 942
13.7 941
13.7167 939
13.7333 938
13.75 937
13.7667 936
13.7833 934
13.8 933
13.8167 932
13.8333 930
13.85 929
13.8667 927
13.8833 926
13.9 925
13.9167 923
13.9333 922
13.95 920
13.9667 919
13.9833 917
14.0 916
14.0167 914
14.0333 912
14.05 911
14.0667 909
14.0833 907
14.1 906
14.1167 904
14.1333 902
14.15 901
14.1667 899
14.1833 897
14.2 895
14.2167 894
14.2333 892
14.25 890
14.2667 888
14.2833 886
14.3 884
14.3167 882
14.3333 881
14.35 879
14.3667 877
14.3833 875
14.4 873
14.4167 871
14.4333 869
14.45 867
14.4667 864
14.4833 862
14.5 860
14.5167 858
14.5333 856
14.55 854
14.5667 852
14.5833 850
14.6 847
14.6167 845
14.6333 843
14.65 841
14.6667 838
14.6833 836
14.7 834
14.7167 831
14.7333 829
14.75 827
14.7667 824
14.7833 822
14.8 819
14.8167 817
14.8333 815
14.85 812
14.8667 810
14.8833 807
14.9 805
14.9167 802
14.9333 800
14.95 797
14.9667 794
14.9833 792
15.0 789
15.0167 786
15.0333 783
15.05 781
15.0667 778
15.0833 775
15.1 773
15.1167 770
15.1333 767
15.15 764
15.1667 762
15.1833 759
15.2 756
15.2167 753
15.2333 750
15.25 747
15.2667 745
15.2833 742
15.3 739
15.3167 736
15.3333 733
15.35 730
15.3667 727
15.3833 724
15.4 721
15.4167 718
15.4333 715
15.45 712
15.4667 709
15.4833 706
15.5 703
15.5167 700
15.5333 697
15.55 694
15.5667 691
15.5833 688
15.6 684
15.6167 681
15.6333 678
15.65 675
15.6667 672
15.6833 669
15.7 665
15.7167 662
15.7333 659
15.75 656
15.7667 652
15.7833 649
15.8 646
15.8167 642
15.8333 639
15.85 636
15.8667 632
15.8833 629
15.9 626
15.9167 622
15.9333 619
15.95 615
15.9667 612
15.9833 609
16.0 605
16.0167 602
16.0333 598
16.05 595
16.0667 591
16.0833 588
16.1 584
16.1167 581
16.1333 577
16.15 574
16.1667 570
16.1833 567
16.2 563
16.2167 559
16.2333 556
16.25 552
16.2667 549
16.2833 545
16.3 541
16.3167 538
16.3333 534
16.35 530
16.3667 527
16.3833 523
16.4 519
16.4167 516
16.4333 512
16.45 508
16.4667 505
16.4833 501
16.5 497
16.5167 493
16.5333 490
16.55 486
16.5667 482
16.5833 478
16.6 475
16.6167 471
16.6333 467
16.65 463
16.6667 459
16.6833 456
16.7 452
16.7167 448
16.7333 444
16.75 440
16.7667 436
16.7833 433
16.8 429
16.8167 425
16.8333 421
16.85 417
16.8667 413
16.8833 409
16.9 405
16.9167 402
16.9333 398
16.95 394
16.9667 390
16.9833 386
