8.0 249
8.0167 253
8.0333 257
8.05 260
8.0667 264
8.0833 268
8.1 272
8.1167 275
8.1333 279
8.15 283
8.1667 287
8.1833 291
8.2 294
8.2167 298
8.2333 302
8.25 306
8.2667 309
8.2833 313
8.3 317
8.3167 321
8.3333 324
8.35 328
8.3667 332
8.3833 336
8.4 340
8.4167 343
8.4333 347
8.45 351
8.4667 355
8.4833 358
8.5 362
8.5167 366
8.5333 370
8.55 373
8.5667 377
8.5833 381
8.6 384
8.6167 388
8.6333 392
8.65 396
8.6667 399
8.6833 403
8.7 407
8.7167 410
8.7333 414
8.75 418
8.7667 421
8.7833 425
8.8 429
8.8167 432
8.8333 436
8.85 440
8.8667 443
8.8833 447
8.9 451
8.9167 454
8.9333 458
8.95 461
8.9667 465
8.9833 469
9.0 472
9.0167 475
9.0333 479
9.05 482
9.0667 486
9.0833 489
9.1 493
9.1167 496
9.1333 500
9.15 503
9.1667 507
9.1833 510
9.2 514
9.2167 517
9.2333 521
9.25 524
9.2667 528
9.2833 531
9.3 534
9.3167 538
9.3333 541
9.35 545
9.3667 548
9.3833 551
9.4 555
9.4167 558
9.4333 561
9.45 564
9.4667 568
9.4833 571
9.5 574
9.5167 578
9.5333 581
9.55 584
9.5667 587
9.5833 590
9.6 594
9.6167 597
9.6333 600
9.65 603
9.6667 606
9.6833 609
9.7 612
9.7167 616
9.7333 619
9.75 622
9.7667 625
9.7833 628
9.8 631
9.8167 634
9.8333 637
9.85 640
9.8667 643
9.8833 646
9.9 649
9.9167 652
9.9333 655
9.95 657
9.9667 660
9.9833 663
10.0 666
10.0167 669
10.0333 672
10.05 675
10.0667 677
10.0833 680
10.1 683
10.1167 686
10.1333 688
10.15 691
10.1667 694
10.1833 697
10.2 699
10.2167 702
10.2333 705
10.25 707
10.2667 710
10.2833 712
10.3 715
10.3167 718
10.3333 720
10.35 723
10.3667 725
10.3833 728
10.4 730
10.4167 733
10.4333 735
10.45 738
10.4667 740
10.4833 742
10.5 745
10.5167 747
10.5333 749
10.55 752
10.5667 754
10.5833 756
10.6 759
10.6167 761
10.6333 763
10.65 766
10.6667 768
10.6833 770
10.7 772
10.7167 774
10.7333 776
10.75 779
10.7667 781
10.7833 783
10.8 785
10.8167 787
10.8333 789
10.85 791
10.8667 793
10.8833 795
10.9 797
10.9167 799
10.9333 801
10.95 803
10.9667 805
10.9833 807
11.0 808
11.0167 810
11.0333 812
11.05 814
11.0667 816
11.0833 817
11.1 819
11.1167 821
11.1333 823
11.15 824
11.1667 826
11.1833 828
11.2 829
11.2167 831
11.2333 833
11.25 834
11.2667 836
11.2833 837
11.3 839
11.3167 840
11.3333 842
11.35 843
11.3667 845
11.3833 846
11.4 848
11.4167 849
11.4333 850
11.45 852
11.4667 853
11.4833 854
11.5 856
11.5167 857
11.5333 858
11.55 859
11.5667 861
11.5833 862
11.6 863
11.6167 864
11.6333 865
11.65 866
11.6667 867
11.6833 869
11.7 870
11.7167 871
11.7333 872
11.75 873
11.7667 874
11.7833 875
11.8 876
11.8167 876
11.8333 877
11.85 878
11.8667 879
11.8833 880
11.9 881
11.9167 882
11.9333 882
11.95 883
11.9667 884
11.9833 885
12.0 885
12.0167 886
12.0333 887
12.05 887
12.0667 888
12.0833 888
12.1 889
12.1167 890
12.1333 890
12.15 891
12.1667 891
12.1833 892
12.2 892
12.2167 893
12.2333 893
12.25 893
12.2667 894
12.2833 894
12.3 894
12.3167 895
12.3333 895
12.35 895
12.3667 896
12.3833 896
12.4 896
12.4167 896
12.4333 896
12.45 897
12.4667 897
12.4833 897
12.5 897
12.5167 897
12.5333 897
12.55 897
12.5667 897
12.5833 897
12.6 897
12.6167 897
12.6333 897
12.65 897
12.6667 897
12.6833 897
12.7 896
12.7167 896
12.7333 896
12.75 896
12.7667 896
12.7833 895
12.8 895
12.8167 895
12.8333 894
12.85 894
12.8667 894
12.8833 893
12.9 893
12.9167 893
12.9333 892
12.95 892
12.9667 891
12.9833 891
13.0 890
13.0167 890
13.0333 889
13.05 888
13.0667 888
13.0833 887
13.1 887
13.1167 886
13.1333 885
13.15 885
13.1667 884
13.1833 883
13.2 882
13.2167 882
13.2333 881
13.25 880
13.2667 879
13.2833 878
13.3 877
13.3167 876
13.3333 876
13.35 875
13.3667 874
13.3833 873
13.4 872
13.4167 871
13.4333 870
13.45 868
13.4667 867
13.4833 866
13.5 865
13.5167 864
13.5333 863
13.55 862
13.5667 861
13.5833 859
13.6 858
13.6167 857
13.6333 856
13.65 854
13.6667 853
13.6833 852
13.7 850
13.7167 849
13.7333 847
13.75 846
13.7667 845
13.7833 843
13.8 842
13.8167 840
13.8333 839
13.85 837
13.8667 836
13.8833 834
13.9 832
13.9167 831
13.9333 829
13.95 828
13.9667 826
13.9833 824
14.0 823
14.0167 821
14.0333 819
14.05 817
14.0667 816
14.0833 814
14.1 812
14.1167 810
14.1333 808
14.15 806
14.1667 805
14.1833 803
14.2 801
14.2167 799
14.2333 797
14.25 795
14.2667 793
14.2833 791
14.3 789
14.3167 787
14.3333 785
14.35 783
14.3667 781
14.3833 778
14.4 776
14.4167 774
14.4333 772
14.45 770
14.4667 768
14.4833 765
14.5 763
14.5167 761
14.5333 759
14.55 756
14.5667 754
14.5833 752
14.6 749
14.6167 747
14.6333 745
14.65 742
14.6667 740
14.6833 737
14.7 735
14.7167 733
14.7333 730
14.75 728
14.7667 725
14.7833 723
14.8 720
14.8167 717
14.8333 715
14.85 712
14.8667 710
14.8833 707
14.9 704
14.9167 702
14.9333 699
14.95 696
14.9667 694
14.9833 691
15.0 687
15.0167 685
15.0333 682
15.05 679
15.0667 676
15.0833 673
15.1 671
15.1167 668
15.1333 665
15.15 662
15.1667 659
15.1833 656
15.2 653
15.2167 650
15.2333 648
15.25 645
15.2667 642
15.2833 639
15.3 636
15.3167 633
15.3333 630
15.35 627
15.3667 624
15.3833 621
15.4 617
15.4167 614
15.4333 611
15.45 608
15.4667 605
15.4833 602
15.5 599
15.5167 596
15.5333 592
15.55 589
15.5667 586
15.5833 583
15.6 580
15.6167 576
15.6333 573
15.65 570
15.6667 567
15.6833 563
15.7 560
15.7167 557
15.7333 553
15.75 550
15.7667 547
15.7833 543
15.8 540
15.8167 537
15.8333 533
15.85 530
15.8667 526
15.8833 523
15.9 519
15.9167 516
15.9333 513
15.95 509
15.9667 506
15.9833 502
16.0 499
16.0167 495
16.0333 492
16.05 488
16.0667 485
16.0833 481
16.1 478
16.1167 474
16.1333 470
16.15 467
16.1667 463
16.1833 460
16.2 456
16.2167 453
16.2333 449
16.25 445
16.2667 442
16.2833 438
16.3 434
16.3167 431
16.3333 427
16.35 423
16.3667 420
16.3833 416
16.4 412
16.4167 409
16.4333 405
16.45 401
16.4667 398
16.4833 394
16.5 390
16.5167 387
16.5333 383
16.55 379
16.5667 375
16.5833 372
16.6 368
16.6167 364
16.6333 360
16.65 357
16.6667 353
16.6833 349
16.7 345
16.7167 342
16.7333 338
16.75 334
16.7667 330
16.7833 327
16.8 323
16.8167 319
16.8333 315
16.85 311
16.8667 308
16.8833 304
16.9 300
16.9167 296
16.9333 293
16.95 289
16.9667 285
16.9833 281
