8.0 246
8.0167 250
8.0333 254
8.05 258
8.0667 261
8.0833 265
8.1 269
8.1167 273
8.1333 276
8.15 280
8.1667 284
8.1833 288
8.2 291
8.2167 295
8.2333 299
8.25 303
8.2667 306
8.2833 310
8.3 314
8.3167 318
8.3333 321
8.35 325
8.3667 329
8.3833 333
8.4 336
8.4167 340
8.4333 344
8.45 348
8.4667 351
8.4833 355
8.5 359
8.5167 363
8.5333 366
8.55 370
8.5667 374
8.5833 378
8.6 381
8.6167 385
8.6333 389
8.65 392
8.6667 396
8.6833 400
8.7 403
8.7167 407
8.7333 411
8.75 415
8.7667 418
8.7833 422
8.8 426
8.8167 429
8.8333 433
8.85 436
8.8667 440
8.8833 444
8.9 447
8.9167 451
8.9333 454
8.95 458
8.9667 462
8.9833 465
9.0 469
9.0167 472
9.0333 475
9.05 479
9.0667 482
9.0833 486
9.1 489
9.1167 493
9.1333 496
9.15 500
9.1667 503
9.1833 507
9.2 510
9.2167 514
9.2333 517
9.25 521
9.2667 524
9.2833 527
9.3 531
9.3167 534
9.3333 538
9.35 541
9.3667 544
9.3833 548
9.4 551
9.4167 554
9.4333 558
9.45 561
9.4667 564
9.4833 567
9.5 571
9.5167 574
9.5333 577
9.55 580
9.5667 584
9.5833 587
9.6 590
9.6167 593
9.6333 596
9.65 599
9.6667 603
9.6833 606
9.7 609
9.7167 612
9.7333 615
9.75 618
9.7667 621
9.7833 624
9.8 627
9.8167 630
9.8333 633
9.85 636
9.8667 639
9.8833 642
9.9 645
9.9167 648
9.9333 651
9.95 654
9.9667 656
9.9833 659
10.0 662
10.0167 665
10.0333 668
10.05 671
10.0667 673
10.0833 676
10.1 679
10.1167 682
10.1333 684
10.15 687
10.1667 690
10.1833 693
10.2 695
10.2167 698
10.2333 701
10.25 703
10.2667 706
10.2833 708
10.3 711
10.3167 714
10.3333 716
10.35 719
10.3667 721
10.3833 724
10.4 726
10.4167 729
10.4333 731
10.45 733
10.4667 736
10.4833 738
10.5 741
10.5167 743
10.5333 745
10.55 748
10.5667 750
10.5833 752
10.6 754
10.6167 757
10.6333 759
10.65 761
10.6667 763
10.6833 766
10.7 768
10.7167 770
10.7333 772
10.75 774
10.7667 776
10.7833 778
10.8 780
10.8167 783
10.8333 785
10.85 787
10.8667 789
10.8833 791
10.9 792
10.9167 794
10.9333 796
10.95 798
10.9667 800
10.9833 802
11.0 804
11.0167 806
11.0333 808
11.05 809
11.0667 811
11.0833 813
11.1 815
11.1167 816
11.1333 818
11.15 820
11.1667 821
11.1833 823
11.2 825
11.2167 826
11.2333 828
11.25 829
11.2667 831
11.2833 832
11.3 834
11.3167 835
11.3333 837
11.35 838
11.3667 840
11.3833 841
11.4 843
11.4167 844
11.4333 845
11.45 847
11.4667 848
11.4833 849
11.5 851
11.5167 852
11.5333 853
11.55 854
11.5667 856
11.5833 857
11.6 858
11.6167 859
11.6333 860
11.65 861
11.6667 862
11.6833 863
11.7 865
11.7167 866
11.7333 867
11.75 868
11.7667 869
11.7833 869
11.8 870
11.8167 871
11.8333 872
11.85 873
11.8667 874
11.8833 875
11.9 876
11.9167 876
11.9333 877
11.95 878
11.9667 879
11.9833 879
12.0 880
12.0167 881
12.0333 881
12.05 882
12.0667 883
12.0833 883
12.1 884
12.1167 884
12.1333 885
12.15 885
12.1667 886
12.1833 886
12.2 887
12.2167 887
12.2333 887
12.25 888
12.2667 888
12.2833 889
12.3 889
12.3167 889
12.3333 889
12.35 890
12.3667 890
12.3833 890
12.4 890
12.4167 891
12.4333 891
12.45 891
12.4667 891
12.4833 891
12.5 891
12.5167 891
12.5333 891
12.55 891
12.5667 891
12.5833 891
12.6 891
12.6167 891
12.6333 891
12.65 891
12.6667 891
12.6833 891
12.7 890
12.7167 890
12.7333 890
12.75 890
12.7667 890
12.7833 889
12.8 889
12.8167 889
12.8333 888
12.85 888
12.8667 888
12.8833 887
12.9 887
12.9167 886
12.9333 886
12.95 886
12.9667 885
12.9833 885
13.0 884
13.0167 883
13.0333 883
13.05 882
13.0667 882
13.0833 881
13.1 880
13.1167 880
13.1333 879
13.15 878
13.1667 878
13.1833 877
13.2 876
13.2167 875
13.2333 874
13.25 874
13.2667 873
13.2833 872
13.3 871
13.3167 870
13.3333 869
13.35 868
13.3667 867
13.3833 866
13.4 865
13.4167 864
13.4333 863
13.45 862
13.4667 861
13.4833 860
13.5 859
13.5167 857
13.5333 856
13.55 855
13.5667 854
13.5833 853
13.6 851
13.6167 850
13.6333 849
13.65 847
13.6667 846
13.6833 845
13.7 843
13.7167 842
13.7333 841
13.75 839
13.7667 838
13.7833 836
13.8 835
13.8167 833
13.8333 832
13.85 830
13.8667 829
13.8833 827
13.9 826
13.9167 824
13.9333 822
13.95 821
13.9667 819
13.9833 817
14.0 816
14.0167 814
14.0333 812
14.05 810
14.0667 808
14.0833 807
14.1 805
14.1167 803
14.1333 801
14.15 799
14.1667 797
14.1833 795
14.2 794
14.2167 792
14.2333 790
14.25 788
14.2667 786
14.2833 784
14.3 782
14.3167 780
14.3333 777
14.35 775
14.3667 773
14.3833 771
14.4 769
14.4167 767
14.4333 765
14.45 762
14.4667 760
14.4833 758
14.5 756
14.5167 753
14.5333 751
14.55 749
14.5667 747
14.5833 744
14.6 742
14.6167 739
14.6333 737
14.65 735
14.6667 732
14.6833 730
14.7 727
14.7167 725
14.7333 722
14.75 720
14.7667 717
14.7833 715
14.8 712
14.8167 710
14.8333 707
14.85 705
14.8667 702
14.8833 699
14.9 697
14.9167 694
14.9333 691
14.95 689
14.9667 686
14.9833 683
15.0 679
15.0167 677
15.0333 674
15.05 671
15.0667 668
15.0833 666
15.1 663
15.1167 660
15.1333 657
15.15 654
15.1667 651
15.1833 648
15.2 645
15.2167 643
15.2333 640
15.25 637
15.2667 634
15.2833 631
15.3 628
15.3167 625
15.3333 622
15.35 619
15.3667 616
15.3833 612
15.4 609
15.4167 606
15.4333 603
15.45 600
15.4667 597
15.4833 594
15.5 591
15.5167 587
15.5333 584
15.55 581
15.5667 578
15.5833 575
15.6 571
15.6167 568
15.6333 565
15.65 562
15.6667 558
15.6833 555
15.7 552
15.7167 548
15.7333 545
15.75 542
15.7667 538
15.7833 535
15.8 532
15.8167 528
15.8333 525
15.85 521
15.8667 518
15.8833 515
15.9 511
15.9167 508
15.9333 504
15.95 501
15.9667 497
15.9833 494
16.0 490
16.0167 487
16.0333 483
16.05 480
16.0667 476
16.0833 473
16.1 469
16.1167 466
16.1333 462
16.15 458
16.1667 455
16.1833 451
16.2 448
16.2167 444
16.2333 441
16.25 437
16.2667 433
16.2833 430
16.3 426
16.3167 422
16.3333 419
16.35 415
16.3667 411
16.3833 408
16.4 404
16.4167 400
16.4333 397
16.45 393
16.4667 389
16.4833 386
16.5 382
16.5167 378
16.5333 374
16.55 371
16.5667 367
16.5833 363
16.6 359
16.6167 356
16.6333 352
16.65 348
16.6667 344
16.6833 341
16.7 337
16.7167 333
16.7333 329
16.75 326
16.7667 322
16.7833 318
16.8 314
16.8167 311
16.8333 307
16.85 303
16.8667 299
16.8833 296
16.9 292
16.9167 288
16.9333 284
16.95 281
16.9667 277
16.9833 273
