8.0 289
8.0167 293
8.0333 297
8.05 301
8.0667 306
8.0833 310
8.1 314
8.1167 318
8.1333 322
8.15 326
8.1667 330
8.1833 334
8.2 338
8.2167 342
8.2333 346
8.25 350
8.2667 354
8.2833 358
8.3 362
8.3167 366
8.3333 370
8.35 374
8.3667 378
8.3833 382
8.4 386
8.4167 390
8.4333 394
8.45 398
8.4667 402
8.4833 406
8.5 409
8.5167 413
8.5333 417
8.55 421
8.5667 425
8.5833 429
8.6 433
8.6167 437
8.6333 441
8.65 445
8.6667 449
8.6833 452
8.7 456
8.7167 460
8.7333 464
8.75 468
8.7667 472
8.7833 475
8.8 479
8.8167 483
8.8333 487
8.85 491
8.8667 494
8.8833 498
8.9 502
8.9167 506
8.9333 509
8.95 513
8.9667 517
8.9833 520
9.0 524
9.0167 527
9.0333 531
9.05 535
9.0667 538
9.0833 542
9.1 546
9.1167 549
9.1333 553
9.15 556
9.1667 560
9.1833 564
9.2 567
9.2167 571
9.2333 574
9.25 578
9.2667 581
9.2833 585
9.3 588
9.3167 592
9.3333 595
9.35 599
9.3667 602
9.3833 605
9.4 609
9.4167 612
9.4333 616
9.45 619
9.4667 622
9.4833 626
9.5 629
9.5167 632
9.5333 636
9.55 639
9.5667 642
9.5833 646
9.6 649
9.6167 652
9.6333 655
9.65 659
9.6667 662
9.6833 665
9.7 668
9.7167 671
9.7333 674
9.75 678
9.7667 681
9.7833 684
9.8 687
9.8167 690
9.8333 693
9.85 696
9.8667 699
9.8833 702
9.9 705
9.9167 708
9.9333 711
9.95 714
9.9667 717
9.9833 720
10.0 723
10.0167 726
10.0333 729
10.05 731
10.0667 734
10.0833 737
10.1 740
10.1167 743
10.1333 746
10.15 748
10.1667 751
10.1833 754
10.2 757
10.2167 759
10.2333 762
10.25 765
10.2667 767
10.2833 770
10.3 772
10.3167 775
10.3333 778
10.35 780
10.3667 783
10.3833 785
10.4 788
10.4167 790
10.4333 793
10.45 795
10.4667 798
10.4833 800
10.5 803
10.5167 805
10.5333 807
10.55 810
10.5667 812
10.5833 814
10.6 817
10.6167 819
10.6333 821
10.65 824
10.6667 826
10.6833 828
10.7 830
10.7167 832
10.7333 835
10.75 837
10.7667 839
10.7833 841
10.8 843
10.8167 845
10.8333 847
10.85 849
10.8667 851
10.8833 853
10.9 855
10.9167 857
10.9333 859
10.95 861
10.9667 863
10.9833 865
11.0 867
11.0167 869
11.0333 870
11.05 872
11.0667 874
11.0833 876
11.1 878
11.1167 879
11.1333 881
11.15 883
11.1667 884
11.1833 886
11.2 888
11.2167 889
11.2333 891
11.25 893
11.2667 894
11.2833 896
11.3 897
11.3167 899
11.3333 900
11.35 902
11.3667 903
11.3833 905
11.4 906
11.4167 907
11.4333 909
11.45 910
11.4667 912
11.4833 913
11.5 914
11.5167 915
11.5333 917
11.55 918
11.5667 919
11.5833 920
11.6 921
11.6167 923
11.6333 924
11.65 925
11.6667 926
11.6833 927
11.7 928
11.7167 929
11.7333 930
11.75 931
11.7667 932
11.7833 933
11.8 934
11.8167 935
11.8333 936
11.85 937
11.8667 938
11.8833 938
11.9 939
11.9167 940
11.9333 941
11.95 941
11.9667 942
11.9833 943
12.0 944
12.0167 944
12.0333 945
12.05 946
12.0667 946
12.0833 947
12.1 947
12.1167 948
12.1333 948
12.15 949
12.1667 949
12.1833 950
12.2 950
12.2167 951
12.2333 951
12.25 952
12.2667 952
12.2833 952
12.3 953
12.3167 953
12.3333 953
12.35 953
12.3667 954
12.3833 954
12.4 954
12.4167 954
12.4333 954
12.45 954
12.4667 955
12.4833 955
12.5 955
12.5167 955
12.5333 955
12.55 955
12.5667 955
12.5833 955
12.6 955
12.6167 955
12.6333 955
12.65 954
12.6667 954
12.6833 954
12.7 954
12.7167 954
12.7333 954
12.75 953
12.7667 953
12.7833 953
12.8 952
12.8167 952
12.8333 952
12.85 951
12.8667 951
12.8833 951
12.9 950
12.9167 950
12.9333 949
12.95 949
12.9667 948
12.9833 948
13.0 947
13.0167 947
13.0333 946
13.05 945
13.0667 945
13.0833 944
13.1 944
13.1167 943
13.1333 942
13.15 941
13.1667 941
13.1833 940
13.2 939
13.2167 938
13.2333 937
13.25 937
13.2667 936
13.2833 935
13.3 934
13.3167 933
13.3333 932
13.35 931
13.3667 930
13.3833 929
13.4 928
13.4167 927
13.4333 926
13.45 925
13.4667 924
13.4833 922
13.5 921
13.5167 920
13.5333 919
13.55 918
13.5667 916
13.5833 915
13.6 914
13.6167 913
13.6333 911
13.65 910
13.6667 909
13.6833 907
13.7 906
13.7167 904
13.7333 903
13.75 902
13.7667 900
13.7833 899
13.8 897
13.8167 896
13.8333 894
13.85 892
13.8667 891
13.8833 889
13.9 888
13.9167 886
13.9333 884
13.95 883
13.9667 881
13.9833 879
14.0 877
14.0167 876
14.0333 874
14.05 872
14.0667 870
14.0833 868
14.1 867
14.1167 865
14.1333 863
14.15 861
14.1667 859
14.1833 857
14.2 855
14.2167 853
14.2333 851
14.25 849
14.2667 847
14.2833 845
14.3 843
14.3167 841
14.3333 839
14.35 836
14.3667 834
14.3833 832
14.4 830
14.4167 828
14.4333 825
14.45 823
14.4667 821
14.4833 819
14.5 816
14.5167 814
14.5333 812
14.55 809
14.5667 807
14.5833 805
14.6 802
14.6167 800
14.6333 797
14.65 795
14.6667 792
14.6833 790
14.7 787
14.7167 785
14.7333 782
14.75 780
14.7667 777
14.7833 775
14.8 772
14.8167 769
14.8333 767
14.85 764
14.8667 761
14.8833 759
14.9 756
14.9167 753
14.9333 751
14.95 748
14.9667 745
14.9833 742
15.0 738
15.0167 736
15.0333 733
15.05 730
15.0667 727
15.0833 724
15.1 721
15.1167 718
15.1333 716
15.15 713
15.1667 710
15.1833 707
15.2 704
15.2167 701
15.2333 698
15.25 695
15.2667 692
15.2833 688
15.3 685
15.3167 682
15.3333 679
15.35 676
15.3667 673
15.3833 670
15.4 667
15.4167 663
15.4333 660
15.45 657
15.4667 654
15.4833 651
15.5 647
15.5167 644
15.5333 641
15.55 638
15.5667 634
15.5833 631
15.6 628
15.6167 624
15.6333 621
15.65 617
15.6667 614
15.6833 611
15.7 607
15.7167 604
15.7333 600
15.75 597
15.7667 594
15.7833 590
15.8 587
15.8167 583
15.8333 580
15.85 576
15.8667 573
15.8833 569
15.9 565
15.9167 562
15.9333 558
15.95 555
15.9667 551
15.9833 548
16.0 544
16.0167 540
16.0333 537
16.05 533
16.0667 529
16.0833 526
16.1 522
16.1167 518
16.1333 515
16.15 511
16.1667 507
16.1833 503
16.2 500
16.2167 496
16.2333 492
16.25 488
16.2667 485
16.2833 481
16.3 477
16.3167 473
16.3333 469
16.35 466
16.3667 462
16.3833 458
16.4 454
16.4167 450
16.4333 446
16.45 442
16.4667 439
16.4833 435
16.5 431
16.5167 427
16.5333 423
16.55 419
16.5667 415
16.5833 411
16.6 407
16.6167 403
16.6333 399
16.65 395
16.6667 392
16.6833 388
16.7 384
16.7167 380
16.7333 376
16.75 372
16.7667 368
16.7833 364
16.8 360
16.8167 356
16.8333 352
16.85 348
16.8667 344
16.8833 340
16.9 336
16.9167 332
16.9333 328
16.95 324
16.9667 319
16.9833 315
