8.0 241
8.0167 245
8.0333 249
8.05 252
8.0667 256
8.0833 260
8.1 264
8.1167 268
8.1333 272
8.15 275
8.1667 279
8.1833 283
8.2 287
8.2167 291
8.2333 295
8.25 298
8.2667 302
8.2833 306
8.3 310
8.3167 314
8.3333 318
8.35 321
8.3667 325
8.3833 329
8.4 333
8.4167 337
8.4333 340
8.45 344
8.4667 348
8.4833 352
8.5 356
8.5167 359
8.5333 363
8.55 367
8.5667 371
8.5833 375
8.6 378
8.6167 382
8.6333 386
8.65 390
8.6667 393
8.6833 397
8.7 401
8.7167 404
8.7333 408
8.75 412
8.7667 416
8.7833 419
8.8 423
8.8167 427
8.8333 430
8.85 434
8.8667 438
8.8833 441
8.9 445
8.9167 448
8.9333 452
8.95 456
8.9667 459
8.9833 463
9.0 466
9.0167 469
9.0333 473
9.05 476
9.0667 480
9.0833 483
9.1 487
9.1167 490
9.1333 494
9.15 497
9.1667 501
9.1833 504
9.2 508
9.2167 511
9.2333 515
9.25 518
9.2667 522
9.2833 525
9.3 528
9.3167 532
9.3333 535
9.35 538
9.3667 542
9.3833 545
9.4 548
9.4167 552
9.4333 555
9.45 558
9.4667 561
9.4833 565
9.5 568
9.5167 571
9.5333 574
9.55 578
9.5667 581
9.5833 584
9.6 587
9.6167 590
9.6333 593
9.65 596
9.6667 600
9.6833 603
9.7 606
9.7167 609
9.7333 612
9.75 615
9.7667 618
9.7833 621
9.8 624
9.8167 627
9.8333 630
9.85 633
9.8667 636
9.8833 639
9.9 641
9.9167 644
9.9333 647
9.95 650
9.9667 653
9.9833 656
10.0 658
10.0167 661
10.0333 664
10.05 667
10.0667 670
10.0833 672
10.1 675
10.1167 678
10.1333 680
10.15 683
10.1667 686
10.1833 688
10.2 691
10.2167 694
10.2333 696
10.25 699
10.2667 701
10.2833 704
10.3 706
10.3167 709
10.3333 711
10.35 714
10.3667 716
10.3833 719
10.4 721
10.4167 724
10.4333 726
10.45 728
10.4667 731
10.4833 733
10.5 735
10.5167 738
10.5333 740
10.55 742
10.5667 744
10.5833 747
10.6 749
10.6167 751
10.6333 753
10.65 755
10.6667 757
10.6833 760
10.7 762
10.7167 764
10.7333 766
10.75 768
10.7667 770
10.7833 772
10.8 774
10.8167 776
10.8333 778
10.85 780
10.8667 782
10.8833 784
10.9 786
10.9167 787
10.9333 789
10.95 791
10.9667 793
10.9833 795
11.0 796
11.0167 798
11.0333 800
11.05 802
11.0667 803
11.0833 805
11.1 807
11.1167 808
11.1333 810
11.15 812
11.1667 813
11.1833 815
11.2 816
11.2167 818
11.2333 819
11.25 821
11.2667 822
11.2833 824
11.3 825
11.3167 827
11.3333 828
11.35 829
11.3667 831
11.3833 832
11.4 833
11.4167 835
11.4333 836
11.45 837
11.4667 838
11.4833 840
11.5 841
11.5167 842
11.5333 843
11.55 844
11.5667 845
11.5833 846
11.6 848
11.6167 849
11.6333 850
11.65 851
11.6667 852
11.6833 853
11.7 854
11.7167 855
11.7333 855
11.75 856
11.7667 857
11.7833 858
11.8 859
11.8167 860
11.8333 861
11.85 861
11.8667 862
11.8833 863
11.9 863
11.9167 864
11.9333 865
11.95 866
11.9667 866
11.9833 867
12.0 867
12.0167 868
12.0333 868
12.05 869
12.0667 870
12.0833 870
12.1 870
12.1167 871
12.1333 871
12.15 872
12.1667 872
12.1833 872
12.2 873
12.2167 873
12.2333 873
12.25 874
12.2667 874
12.2833 874
12.3 874
12.3167 875
12.3333 875
12.35 875
12.3667 875
12.3833 875
12.4 875
12.4167 875
12.4333 876
12.45 876
12.4667 876
12.4833 876
12.5 876
12.5167 875
12.5333 875
12.55 875
12.5667 875
12.5833 875
12.6 875
12.6167 875
12.6333 875
12.65 874
12.6667 874
12.6833 874
12.7 874
12.7167 873
12.7333 873
12.75 873
12.7667 872
12.7833 872
12.8 872
12.8167 871
12.8333 871
12.85 870
12.8667 870
12.8833 869
12.9 869
12.9167 868
12.9333 868
12.95 867
12.9667 866
12.9833 866
13.0 865
13.0167 865
13.0333 864
13.05 863
13.0667 862
13.0833 862
13.1 861
13.1167 860
13.1333 859
13.15 859
13.1667 858
13.1833 857
13.2 856
13.2167 855
13.2333 854
13.25 853
13.2667 852
13.2833 851
13.3 850
13.3167 849
13.3333 848
13.35 847
13.3667 846
13.3833 845
13.4 844
13.4167 843
13.4333 841
13.45 840
13.4667 839
13.4833 838
13.5 837
13.5167 835
13.5333 834
13.55 833
13.5667 831
13.5833 830
13.6 829
13.6167 827
13.6333 826
13.65 825
13.6667 823
13.6833 822
13.7 820
13.7167 819
13.7333 817
13.75 816
13.7667 814
13.7833 812
13.8 811
13.8167 809
13.8333 808
13.85 806
13.8667 804
13.8833 803
13.9 801
13.9167 799
13.9333 797
13.95 796
13.9667 794
13.9833 792
14.0 790
14.0167 788
14.0333 787
14.05 785
14.0667 783
14.0833 781
14.1 779
14.1167 777
14.1333 775
14.15 773
14.1667 771
14.1833 769
14.2 767
14.2167 765
14.2333 763
14.25 761
14.2667 759
14.2833 757
14.3 754
14.3167 752
14.3333 750
14.35 748
14.3667 746
14.3833 743
14.4 741
14.4167 739
14.4333 737
14.45 734
14.4667 732
14.4833 730
14.5 727
14.5167 725
14.5333 722
14.55 720
14.5667 718
14.5833 715
14.6 713
14.6167 710
14.6333 708
14.65 705
14.6667 703
14.6833 700
14.7 698
14.7167 695
14.7333 692
14.75 690
14.7667 687
14.7833 685
14.8 682
14.8167 679
14.8333 677
14.85 674
14.8667 671
14.8833 668
14.9 666
14.9167 663
14.9333 660
14.95 657
14.9667 654
14.9833 652
15.0 648
15.0167 645
15.0333 642
15.05 639
15.0667 636
15.0833 633
15.1 630
15.1167 627
15.1333 624
15.15 621
15.1667 618
15.1833 615
15.2 612
15.2167 609
15.2333 606
15.25 603
15.2667 600
15.2833 597
15.3 594
15.3167 591
15.3333 588
15.35 584
15.3667 581
15.3833 578
15.4 575
15.4167 572
15.4333 569
15.45 565
15.4667 562
15.4833 559
15.5 556
15.5167 552
15.5333 549
15.55 546
15.5667 542
15.5833 539
15.6 536
15.6167 532
15.6333 529
15.65 526
15.6667 522
15.6833 519
15.7 515
15.7167 512
15.7333 509
15.75 505
15.7667 502
15.7833 498
15.8 495
15.8167 491
15.8333 488
15.85 484
15.8667 481
15.8833 477
15.9 474
15.9167 470
15.9333 467
15.95 463
15.9667 459
15.9833 456
16.0 452
16.0167 449
16.0333 445
16.05 441
16.0667 438
16.0833 434
16.1 431
16.1167 427
16.1333 423
16.15 420
16.1667 416
16.1833 412
16.2 408
16.2167 405
16.2333 401
16.25 397
16.2667 394
16.2833 390
16.3 386
16.3167 382
16.3333 379
16.35 375
16.3667 371
16.3833 367
16.4 364
16.4167 360
16.4333 356
16.45 352
16.4667 348
16.4833 345
16.5 341
16.5167 337
16.5333 333
16.55 329
16.5667 326
16.5833 322
16.6 318
16.6167 314
16.6333 310
16.65 307
16.6667 303
16.6833 299
16.7 295
16.7167 291
16.7333 287
16.75 284
16.7667 280
16.7833 276
16.8 272
16.8167 268
16.8333 264
16.85 261
16.8667 257
16.8833 253
16.9 249
16.9167 245
16.9333 241
16.95 238
16.9667 234
16.9833 230
