8.0 239
8.0167 243
8.0333 246
8.05 250
8.0667 254
8.0833 258
8.1 262
8.1167 266
8.1333 269
8.15 273
8.1667 277
8.1833 281
8.2 285
8.2167 289
8.2333 292
8.25 296
8.2667 300
8.2833 304
8.3 308
8.3167 312
8.3333 315
8.35 319
8.3667 323
8.3833 327
8.4 331
8.4167 334
8.4333 338
8.45 342
8.4667 346
8.4833 350
8.5 353
8.5167 357
8.5333 361
8.55 365
8.5667 369
8.5833 372
8.6 376
8.6167 380
8.6333 383
8.65 387
8.6667 391
8.6833 395
8.7 398
8.7167 402
8.7333 406
8.75 410
8.7667 413
8.7833 417
8.8 421
8.8167 424
8.8333 428
8.85 432
8.8667 435
8.8833 439
8.9 442
8.9167 446
8.9333 450
8.95 453
8.9667 457
8.9833 460
9.0 464
9.0167 467
9.0333 470
9.05 474
9.0667 477
9.0833 481
9.1 484
9.1167 488
9.1333 491
9.15 495
9.1667 498
9.1833 502
9.2 505
9.2167 509
9.2333 512
9.25 516
9.2667 519
9.2833 522
9.3 526
9.3167 529
9.3333 532
9.35 536
9.3667 539
9.3833 542
9.4 546
9.4167 549
9.4333 552
9.45 556
9.4667 559
9.4833 562
9.5 565
9.5167 568
9.5333 572
9.55 575
9.5667 578
9.5833 581
9.6 584
9.6167 588
9.6333 591
9.65 594
9.6667 597
9.6833 600
9.7 603
9.7167 606
9.7333 609
9.75 612
9.7667 615
9.7833 618
9.8 621
9.8167 624
9.8333 627
9.85 630
9.8667 633
9.8833 636
9.9 639
9.9167 642
9.9333 644
9.95 647
9.9667 650
9.9833 653
10.0 656
10.0167 659
10.0333 661
10.05 664
10.0667 667
10.0833 669
10.1 672
10.1167 675
10.1333 678
10.15 680
10.1667 683
10.1833 685
10.2 688
10.2167 691
10.2333 693
10.25 696
10.2667 698
10.2833 701
10.3 703
10.3167 706
10.3333 708
10.35 711
10.3667 713
10.3833 716
10.4 718
10.4167 721
10.4333 723
10.45 725
10.4667 728
10.4833 730
10.5 732
10.5167 735
10.5333 737
10.55 739
10.5667 741
10.5833 744
10.6 746
10.6167 748
10.6333 750
10.65 752
10.6667 754
10.6833 757
10.7 759
10.7167 761
10.7333 763
10.75 765
10.7667 767
10.7833 769
10.8 771
10.8167 773
10.8333 775
10.85 777
10.8667 779
10.8833 781
10.9 782
10.9167 784
10.9333 786
10.95 788
10.9667 790
10.9833 792
11.0 793
11.0167 795
11.0333 797
11.05 799
11.0667 800
11.0833 802
11.1 804
11.1167 805
11.1333 807
11.15 808
11.1667 810
11.1833 812
11.2 813
11.2167 815
11.2333 816
11.25 818
11.2667 819
11.2833 821
11.3 822
11.3167 823
11.3333 825
11.35 826
11.3667 827
11.3833 829
11.4 830
11.4167 831
11.4333 833
11.45 834
11.4667 835
11.4833 836
11.5 838
11.5167 839
11.5333 840
11.55 841
11.5667 842
11.5833 843
11.6 844
11.6167 845
11.6333 846
11.65 847
11.6667 848
11.6833 849
11.7 850
11.7167 851
11.7333 852
11.75 853
11.7667 854
11.7833 855
11.8 856
11.8167 856
11.8333 857
11.85 858
11.8667 859
11.8833 859
11.9 860
11.9167 861
11.9333 861
11.95 862
11.9667 863
11.9833 863
12.0 864
12.0167 864
12.0333 865
12.05 866
12.0667 866
12.0833 866
12.1 867
12.1167 867
12.1333 868
12.15 868
12.1667 869
12.1833 869
12.2 869
12.2167 870
12.2333 870
12.25 870
12.2667 870
12.2833 871
12.3 871
12.3167 871
12.3333 871
12.35 871
12.3667 872
12.3833 872
12.4 872
12.4167 872
12.4333 872
12.45 872
12.4667 872
12.4833 872
12.5 872
12.5167 872
12.5333 872
12.55 872
12.5667 872
12.5833 871
12.6 871
12.6167 871
12.6333 871
12.65 871
12.6667 870
12.6833 870
12.7 870
12.7167 870
12.7333 869
12.75 869
12.7667 869
12.7833 868
12.8 868
12.8167 867
12.8333 867
12.85 867
12.8667 866
12.8833 866
12.9 865
12.9167 864
12.9333 864
12.95 863
12.9667 863
12.9833 862
13.0 861
13.0167 861
13.0333 860
13.05 859
13.0667 859
13.0833 858
13.1 857
13.1167 856
13.1333 856
13.15 855
13.1667 854
13.1833 853
13.2 852
13.2167 851
13.2333 850
13.25 849
13.2667 848
13.2833 847
13.3 846
13.3167 845
13.3333 844
13.35 843
13.3667 842
13.3833 841
13.4 840
13.4167 839
13.4333 838
13.45 836
13.4667 835
13.4833 834
13.5 833
13.5167 831
13.5333 830
13.55 829
13.5667 827
13.5833 826
13.6 825
13.6167 823
13.6333 822
13.65 821
13.6667 819
13.6833 818
13.7 816
13.7167 815
13.7333 813
13.75 812
13.7667 810
13.7833 808
13.8 807
13.8167 805
13.8333 804
13.85 802
13.8667 800
13.8833 799
13.9 797
13.9167 795
13.9333 793
13.95 792
13.9667 790
13.9833 788
14.0 786
14.0167 784
14.0333 783
14.05 781
14.0667 779
14.0833 777
14.1 775
14.1167 773
14.1333 771
14.15 769
14.1667 767
14.1833 765
14.2 763
14.2167 761
14.2333 759
14.25 757
14.2667 755
14.2833 752
14.3 750
14.3167 748
14.3333 746
14.35 744
14.3667 741
14.3833 739
14.4 737
14.4167 735
14.4333 732
14.45 730
14.4667 728
14.4833 725
14.5 723
14.5167 721
14.5333 718
14.55 716
14.5667 713
14.5833 711
14.6 709
14.6167 706
14.6333 704
14.65 701
14.6667 698
14.6833 696
14.7 693
14.7167 691
14.7333 688
14.75 686
14.7667 683
14.7833 680
14.8 678
14.8167 675
14.8333 672
14.85 670
14.8667 667
14.8833 664
14.9 661
14.9167 659
14.9333 656
14.95 653
14.9667 650
14.9833 647
15.0 643
15.0167 641
15.0333 638
15.05 635
15.0667 632
15.0833 629
15.1 626
15.1167 623
15.1333 620
15.15 617
15.1667 614
15.1833 611
15.2 608
15.2167 605
15.2333 602
15.25 599
15.2667 596
15.2833 593
15.3 590
15.3167 586
15.3333 583
15.35 580
15.3667 577
15.3833 574
15.4 571
15.4167 567
15.4333 564
15.45 561
15.4667 558
15.4833 555
15.5 551
15.5167 548
15.5333 545
15.55 541
15.5667 538
15.5833 535
15.6 531
15.6167 528
15.6333 525
15.65 521
15.6667 518
15.6833 515
15.7 511
15.7167 508
15.7333 504
15.75 501
15.7667 497
15.7833 494
15.8 490
15.8167 487
15.8333 483
15.85 480
15.8667 476
15.8833 473
15.9 469
15.9167 466
15.9333 462
15.95 459
15.9667 455
15.9833 452
16.0 448
16.0167 444
16.0333 441
16.05 437
16.0667 434
16.0833 430
16.1 426
16.1167 423
16.1333 419
16.15 415
16.1667 412
16.1833 408
16.2 404
16.2167 400
16.2333 397
16.25 393
16.2667 389
16.2833 386
16.3 382
16.3167 378
16.3333 374
16.35 371
16.3667 367
16.3833 363
16.4 359
16.4167 356
16.4333 352
16.45 348
16.4667 344
16.4833 340
16.5 337
16.5167 333
16.5333 329
16.55 325
16.5667 321
16.5833 318
16.6 314
16.6167 310
16.6333 306
16.65 302
16.6667 299
16.6833 295
16.7 291
16.7167 287
16.7333 283
16.75 279
16.7667 276
16.7833 272
16.8 268
16.8167 264
16.8333 260
16.85 256
16.8667 253
16.8833 249
16.9 245
16.9167 241
16.9333 237
16.95 234
16.9667 230
16.9833 226
