8.0 253
8.0167 257
8.0333 261
8.05 265
8.0667 269
8.0833 273
8.1 276
8.1167 280
8.1333 284
8.15 288
8.1667 292
8.1833 296
8.2 300
8.2167 304
8.2333 307
8.25 311
8.2667 315
8.2833 319
8.3 323
8.3167 327
8.3333 331
8.35 334
8.3667 338
8.3833 342
8.4 346
8.4167 350
8.4333 354
8.45 358
8.4667 361
8.4833 365
8.5 369
8.5167 373
8.5333 377
8.55 380
8.5667 384
8.5833 388
8.6 392
8.6167 396
8.6333 399
8.65 403
8.6667 407
8.6833 411
8.7 414
8.7167 418
8.7333 422
8.75 426
8.7667 429
8.7833 433
8.8 437
8.8167 441
8.8333 444
8.85 448
8.8667 452
8.8833 455
8.9 459
8.9167 463
8.9333 466
8.95 470
8.9667 473
8.9833 477
9.0 481
9.0167 484
9.0333 487
9.05 491
9.0667 494
9.0833 498
9.1 502
9.1167 505
9.1333 509
9.15 512
9.1667 516
9.1833 519
9.2 523
9.2167 526
9.2333 530
9.25 533
9.2667 536
9.2833 540
9.3 543
9.3167 547
9.3333 550
9.35 553
9.3667 557
9.3833 560
9.4 563
9.4167 567
9.4333 570
9.45 573
9.4667 577
9.4833 580
9.5 583
9.5167 587
9.5333 590
9.55 593
9.5667 596
9.5833 599
9.6 603
9.6167 606
9.6333 609
9.65 612
9.6667 615
9.6833 618
9.7 622
9.7167 625
9.7333 628
9.75 631
9.7667 634
9.7833 637
9.8 640
9.8167 643
9.8333 646
9.85 649
9.8667 652
9.8833 655
9.9 658
9.9167 661
9.9333 664
9.95 666
9.9667 669
9.9833 672
10.0 675
10.0167 678
10.0333 681
10.05 683
10.0667 686
10.0833 689
10.1 692
10.1167 695
10.1333 697
10.15 700
10.1667 703
10.1833 705
10.2 708
10.2167 711
10.2333 713
10.25 716
10.2667 718
10.2833 721
10.3 724
10.3167 726
10.3333 729
10.35 731
10.3667 734
10.3833 736
10.4 739
10.4167 741
10.4333 744
10.45 746
10.4667 748
10.4833 751
10.5 753
10.5167 755
10.5333 758
10.55 760
10.5667 762
10.5833 765
10.6 767
10.6167 769
10.6333 771
10.65 774
10.6667 776
10.6833 778
10.7 780
10.7167 782
10.7333 784
10.75 786
10.7667 788
10.7833 791
10.8 793
10.8167 795
10.8333 797
10.85 799
10.8667 801
10.8833 802
10.9 804
10.9167 806
10.9333 808
10.95 810
10.9667 812
10.9833 814
11.0 816
11.0167 817
11.0333 819
11.05 821
11.0667 823
11.0833 824
11.1 826
11.1167 828
11.1333 829
11.15 831
11.1667 833
11.1833 834
11.2 836
11.2167 838
11.2333 839
11.25 841
11.2667 842
11.2833 844
11.3 845
11.3167 847
11.3333 848
11.35 849
11.3667 851
11.3833 852
11.4 854
11.4167 855
11.4333 856
11.45 858
11.4667 859
11.4833 860
11.5 861
11.5167 863
11.5333 864
11.55 865
11.5667 866
11.5833 867
11.6 868
11.6167 869
11.6333 871
11.65 872
11.6667 873
11.6833 874
11.7 875
11.7167 876
11.7333 877
11.75 878
11.7667 879
11.7833 879
11.8 880
11.8167 881
11.8333 882
11.85 883
11.8667 884
11.8833 884
11.9 885
11.9167 886
11.9333 887
11.95 887
11.9667 888
11.9833 889
12.0 889
12.0167 890
12.0333 891
12.05 891
12.0667 892
12.0833 892
12.1 893
12.1167 893
12.1333 894
12.15 894
12.1667 895
12.1833 895
12.2 895
12.2167 896
12.2333 896
12.25 896
12.2667 897
12.2833 897
12.3 897
12.3167 898
12.3333 898
12.35 898
12.3667 898
12.3833 898
12.4 898
12.4167 899
12.4333 899
12.45 899
12.4667 899
12.4833 899
12.5 899
12.5167 899
12.5333 899
12.55 899
12.5667 899
12.5833 899
12.6 899
12.6167 899
12.6333 898
12.65 898
12.6667 898
12.6833 898
12.7 898
12.7167 897
12.7333 897
12.75 897
12.7667 897
12.7833 896
12.8 896
12.8167 895
12.8333 895
12.85 895
12.8667 894
12.8833 894
12.9 893
12.9167 893
12.9333 892
12.95 892
12.9667 891
12.9833 891
13.0 890
13.0167 889
13.0333 889
13.05 888
13.0667 887
13.0833 887
13.1 886
13.1167 885
13.1333 885
13.15 884
13.1667 883
13.1833 882
13.2 881
13.2167 880
13.2333 880
13.25 879
13.2667 878
13.2833 877
13.3 876
13.3167 875
13.3333 874
13.35 873
13.3667 872
13.3833 871
13.4 870
13.4167 869
13.4333 867
13.45 866
13.4667 865
13.4833 864
13.5 863
13.5167 862
13.5333 860
13.55 859
13.5667 858
13.5833 857
13.6 855
13.6167 854
13.6333 853
13.65 851
13.6667 850
13.6833 848
13.7 847
13.7167 845
13.7333 844
13.75 842
13.7667 841
13.7833 839
13.8 838
13.8167 836
13.8333 835
13.85 833
13.8667 831
13.8833 830
13.9 828
13.9167 826
13.9333 825
13.95 823
13.9667 821
13.9833 820
14.0 818
14.0167 816
14.0333 814
14.05 812
14.0667 810
14.0833 809
14.1 807
14.1167 805
14.1333 803
14.15 801
14.1667 799
14.1833 797
14.2 795
14.2167 793
14.2333 791
14.25 789
14.2667 787
14.2833 785
14.3 783
14.3167 780
14.3333 778
14.35 776
14.3667 774
14.3833 772
14.4 770
14.4167 767
14.4333 765
14.45 763
14.4667 761
14.4833 758
14.5 756
14.5167 754
14.5333 751
14.55 749
14.5667 746
14.5833 744
14.6 742
14.6167 739
14.6333 737
14.65 734
14.6667 732
14.6833 729
14.7 727
14.7167 724
14.7333 722
14.75 719
14.7667 716
14.7833 714
14.8 711
14.8167 709
14.8333 706
14.85 703
14.8667 701
14.8833 698
14.9 695
14.9167 692
14.9333 690
14.95 687
14.9667 684
14.9833 681
15.0 677
15.0167 675
15.0333 672
15.05 669
15.0667 666
15.0833 663
15.1 660
15.1167 657
15.1333 654
15.15 651
15.1667 648
15.1833 645
15.2 642
15.2167 639
15.2333 636
15.25 633
15.2667 630
15.2833 627
15.3 624
15.3167 621
15.3333 618
15.35 615
15.3667 612
15.3833 609
15.4 605
15.4167 602
15.4333 599
15.45 596
15.4667 593
15.4833 589
15.5 586
15.5167 583
15.5333 580
15.55 576
15.5667 573
15.5833 570
15.6 566
15.6167 563
15.6333 560
15.65 556
15.6667 553
15.6833 550
15.7 546
15.7167 543
15.7333 539
15.75 536
15.7667 533
15.7833 529
15.8 526
15.8167 522
15.8333 519
15.85 515
15.8667 512
15.8833 508
15.9 505
15.9167 501
15.9333 498
15.95 494
15.9667 490
15.9833 487
16.0 483
16.0167 480
16.0333 476
16.05 473
16.0667 469
16.0833 465
16.1 462
16.1167 458
16.1333 454
16.15 451
16.1667 447
16.1833 443
16.2 440
16.2167 436
16.2333 432
16.25 429
16.2667 425
16.2833 421
16.3 417
16.3167 414
16.3333 410
16.35 406
16.3667 402
16.3833 399
16.4 395
16.4167 391
16.4333 387
16.45 383
16.4667 380
16.4833 376
16.5 372
16.5167 368
16.5333 364
16.55 361
16.5667 357
16.5833 353
16.6 349
16.6167 345
16.6333 341
16.65 338
16.6667 334
16.6833 330
16.7 326
16.7167 322
16.7333 318
16.75 314
16.7667 311
16.7833 307
16.8 303
16.8167 299
16.8333 295
16.85 291
16.8667 287
16.8833 283
16.9 280
16.9167 276
16.9333 272
16.95 268
16.9667 264
16.9833 260
