8.0 253
8.0167 257
8.0333 261
8.05 265
8.0667 269
8.0833 273
8.1 277
8.1167 281
8.1333 285
8.15 289
8.1667 293
8.1833 297
8.2 301
8.2167 304
8.2333 308
8.25 312
8.2667 316
8.2833 320
8.3 324
8.3167 328
8.3333 332
8.35 336
8.3667 340
8.3833 344
8.4 347
8.4167 351
8.4333 355
8.45 359
8.4667 363
8.4833 367
8.5 371
8.5167 374
8.5333 378
8.55 382
8.5667 386
8.5833 390
8.6 394
8.6167 397
8.6333 401
8.65 405
8.6667 409
8.6833 413
8.7 416
8.7167 420
8.7333 424
8.75 428
8.7667 431
8.7833 435
8.8 439
8.8167 442
8.8333 446
8.85 450
8.8667 454
8.8833 457
8.9 461
8.9167 465
8.9333 468
8.95 472
8.9667 475
8.9833 479
9.0 483
9.0167 486
9.0333 489
9.05 493
9.0667 496
9.0833 500
9.1 503
9.1167 507
9.1333 510
9.15 514
9.1667 517
9.1833 521
9.2 524
9.2167 528
9.2333 531
9.25 535
9.2667 538
9.2833 542
9.3 545
9.3167 548
9.3333 552
9.35 555
9.3667 558
9.3833 562
9.4 565
9.4167 568
9.4333 572
9.45 575
9.4667 578
9.4833 582
9.5 585
9.5167 588
9.5333 591
9.55 594
9.5667 598
9.5833 601
9.6 604
9.6167 607
9.6333 610
9.65 613
9.6667 617
9.6833 620
9.7 623
9.7167 626
9.7333 629
9.75 632
9.7667 635
9.7833 638
9.8 641
9.8167 644
9.8333 647
9.85 650
9.8667 653
9.8833 656
9.9 659
9.9167 662
9.9333 664
9.95 667
9.9667 670
9.9833 673
10.0 676
10.0167 679
10.0333 681
10.05 684
10.0667 687
10.0833 690
10.1 692
10.1167 695
10.1333 698
10.15 700
10.1667 703
10.1833 706
10.2 708
10.2167 711
10.2333 713
10.25 716
10.2667 719
10.2833 721
10.3 724
10.3167 726
10.3333 729
10.35 731
10.3667 734
10.3833 736
10.4 738
10.4167 741
10.4333 743
10.45 746
10.4667 748
10.4833 750
10.5 753
10.5167 755
10.5333 757
10.55 759
10.5667 762
10.5833 764
10.6 766
10.6167 768
10.6333 770
10.65 773
10.6667 775
10.6833 777
10.7 779
10.7167 781
10.7333 783
10.75 785
10.7667 787
10.7833 789
10.8 791
10.8167 793
10.8333 795
10.85 797
10.8667 799
10.8833 801
10.9 803
10.9167 805
10.9333 806
10.95 808
10.9667 810
10.9833 812
11.0 814
11.0167 815
11.0333 817
11.05 819
11.0667 820
11.0833 822
11.1 824
11.1167 825
11.1333 827
11.15 829
11.1667 830
11.1833 832
11.2 833
11.2167 835
11.2333 836
11.25 838
11.2667 839
11.2833 841
11.3 842
11.3167 844
11.3333 845
11.35 846
11.3667 848
11.3833 849
11.4 850
11.4167 852
11.4333 853
11.45 854
11.4667 855
11.4833 856
11.5 858
11.5167 859
11.5333 860
11.55 861
11.5667 862
11.5833 863
11.6 864
11.6167 865
11.6333 866
11.65 867
11.6667 868
11.6833 869
11.7 870
11.7167 871
11.7333 872
11.75 873
11.7667 874
11.7833 875
11.8 876
11.8167 876
11.8333 877
11.85 878
11.8667 879
11.8833 879
11.9 880
11.9167 881
11.9333 881
11.95 882
11.9667 883
11.9833 883
12.0 884
12.0167 884
12.0333 885
12.05 885
12.0667 886
12.0833 886
12.1 887
12.1167 887
12.1333 888
12.15 888
12.1667 888
12.1833 889
12.2 889
12.2167 889
12.2333 890
12.25 890
12.2667 890
12.2833 890
12.3 891
12.3167 891
12.3333 891
12.35 891
12.3667 891
12.3833 891
12.4 891
12.4167 892
12.4333 892
12.45 892
12.4667 892
12.4833 892
12.5 892
12.5167 891
12.5333 891
12.55 891
12.5667 891
12.5833 891
12.6 891
12.6167 891
12.6333 890
12.65 890
12.6667 890
12.6833 890
12.7 889
12.7167 889
12.7333 889
12.75 888
12.7667 888
12.7833 888
12.8 887
12.8167 887
12.8333 886
12.85 886
12.8667 885
12.8833 885
12.9 884
12.9167 884
12.9333 883
12.95 883
12.9667 882
12.9833 881
13.0 881
13.0167 880
13.0333 879
13.05 879
13.0667 878
13.0833 877
13.1 876
13.1167 876
13.1333 875
13.15 874
13.1667 873
13.1833 872
13.2 871
13.2167 870
13.2333 869
13.25 868
13.2667 867
13.2833 866
13.3 865
13.3167 864
13.3333 863
13.35 862
13.3667 861
13.3833 860
13.4 859
13.4167 858
13.4333 857
13.45 855
13.4667 854
13.4833 853
13.5 852
13.5167 850
13.5333 849
13.55 848
13.5667 846
13.5833 845
13.6 844
13.6167 842
13.6333 841
13.65 839
13.6667 838
13.6833 836
13.7 835
13.7167 833
13.7333 832
13.75 830
13.7667 829
13.7833 827
13.8 825
13.8167 824
13.8333 822
13.85 821
13.8667 819
13.8833 817
13.9 815
13.9167 814
13.9333 812
13.95 810
13.9667 808
13.9833 806
14.0 805
14.0167 803
14.0333 801
14.05 799
14.0667 797
14.0833 795
14.1 793
14.1167 791
14.1333 789
14.15 787
14.1667 785
14.1833 783
14.2 781
14.2167 779
14.2333 777
14.25 775
14.2667 773
14.2833 770
14.3 768
14.3167 766
14.3333 764
14.35 762
14.3667 759
14.3833 757
14.4 755
14.4167 753
14.4333 750
14.45 748
14.4667 746
14.4833 743
14.5 741
14.5167 738
14.5333 736
14.55 734
14.5667 731
14.5833 729
14.6 726
14.6167 724
14.6333 721
14.65 719
14.6667 716
14.6833 714
14.7 711
14.7167 708
14.7333 706
14.75 703
14.7667 700
14.7833 698
14.8 695
14.8167 692
14.8333 690
14.85 687
14.8667 684
14.8833 681
14.9 679
14.9167 676
14.9333 673
14.95 670
14.9667 667
14.9833 665
15.0 661
15.0167 658
15.0333 655
15.05 652
15.0667 649
15.0833 646
15.1 643
15.1167 640
15.1333 637
15.15 634
15.1667 631
15.1833 628
15.2 625
15.2167 622
15.2333 619
15.25 616
15.2667 612
15.2833 609
15.3 606
15.3167 603
15.3333 600
15.35 597
15.3667 594
15.3833 590
15.4 587
15.4167 584
15.4333 581
15.45 577
15.4667 574
15.4833 571
15.5 567
15.5167 564
15.5333 561
15.55 558
15.5667 554
15.5833 551
15.6 547
15.6167 544
15.6333 541
15.65 537
15.6667 534
15.6833 530
15.7 527
15.7167 523
15.7333 520
15.75 516
15.7667 513
15.7833 509
15.8 506
15.8167 502
15.8333 499
15.85 495
15.8667 492
15.8833 488
15.9 485
15.9167 481
15.9333 477
15.95 474
15.9667 470
15.9833 467
16.0 463
16.0167 459
16.0333 456
16.05 452
16.0667 448
16.0833 445
16.1 441
16.1167 437
16.1333 433
16.15 430
16.1667 426
16.1833 422
16.2 418
16.2167 415
16.2333 411
16.25 407
16.2667 403
16.2833 400
16.3 396
16.3167 392
16.3333 388
16.35 384
16.3667 381
16.3833 377
16.4 373
16.4167 369
16.4333 365
16.45 361
16.4667 357
16.4833 354
16.5 350
16.5167 346
16.5333 342
16.55 338
16.5667 334
16.5833 330
16.6 326
16.6167 323
16.6333 319
16.65 315
16.6667 311
16.6833 307
16.7 303
16.7167 299
16.7333 295
16.75 291
16.7667 287
16.7833 283
16.8 279
16.8167 276
16.8333 272
16.85 268
16.8667 264
16.8833 260
16.9 256
16.9167 252
16.9333 248
16.95 244
16.9667 240
16.9833 236
