8.0 208
8.0167 211
8.0333 215
8.05 219
8.0667 222
8.0833 226
8.1 230
8.1167 234
8.1333 237
8.15 241
8.1667 245
8.1833 248
8.2 252
8.2167 256
8.2333 260
8.25 263
8.2667 267
8.2833 271
8.3 274
8.3167 278
8.3333 282
8.35 285
8.3667 289
8.3833 293
8.4 297
8.4167 300
8.4333 304
8.45 308
8.4667 311
8.4833 315
8.5 319
8.5167 322
8.5333 326
8.55 330
8.5667 333
8.5833 337
8.6 341
8.6167 344
8.6333 348
8.65 352
8.6667 355
8.6833 359
8.7 363
8.7167 366
8.7333 370
8.75 373
8.7667 377
8.7833 381
8.8 384
8.8167 388
8.8333 391
8.85 395
8.8667 398
8.8833 402
8.9 405
8.9167 409
8.9333 413
8.95 416
8.9667 420
8.9833 423
9.0 426
9.0167 429
9.0333 433
9.05 436
9.0667 440
9.0833 443
9.1 446
9.1167 450
9.1333 453
9.15 457
9.1667 460
9.1833 463
9.2 467
9.2167 470
9.2333 473
9.25 477
9.2667 480
9.2833 483
9.3 487
9.3167 490
9.3333 493
9.35 496
9.3667 500
9.3833 503
9.4 506
9.4167 509
9.4333 513
9.45 516
9.4667 519
9.4833 522
9.5 525
9.5167 528
9.5333 532
9.55 535
9.5667 538
9.5833 541
9.6 544
9.6167 547
9.6333 550
9.65 553
9.6667 556
9.6833 559
9.7 562
9.7167 565
9.7333 568
9.75 571
9.7667 574
9.7833 577
9.8 580
9.8167 583
9.8333 585
9.85 588
9.8667 591
9.8833 594
9.9 597
9.9167 600
9.9333 602
9.95 605
9.9667 608
9.9833 611
10.0 613
10.0167 616
10.0333 619
10.05 622
10.0667 624
10.0833 627
10.1 630
10.1167 632
10.1333 635
10.15 637
10.1667 640
10.1833 642
10.2 645
10.2167 648
10.2333 650
10.25 653
10.2667 655
10.2833 657
10.3 660
10.3167 662
10.3333 665
10.35 667
10.3667 670
10.3833 672
10.4 674
10.4167 677
10.4333 679
10.45 681
10.4667 683
10.4833 686
10.5 688
10.5167 690
10.5333 692
10.55 695
10.5667 697
10.5833 699
10.6 701
10.6167 703
10.6333 705
10.65 707
10.6667 709
10.6833 711
10.7 714
10.7167 716
10.7333 718
10.75 720
10.7667 721
10.7833 723
10.8 725
10.8167 727
10.8333 729
10.85 731
10.8667 733
10.8833 735
10.9 736
10.9167 738
10.9333 740
10.95 742
10.9667 744
10.9833 745
11.0 747
11.0167 749
11.0333 750
11.05 752
11.0667 754
11.0833 755
11.1 757
11.1167 758
11.1333 760
11.15 761
11.1667 763
11.1833 764
11.2 766
11.2167 767
11.2333 769
11.25 770
11.2667 772
11.2833 773
11.3 774
11.3167 776
11.3333 777
11.35 778
11.3667 780
11.3833 781
11.4 782
11.4167 783
11.4333 785
11.45 786
11.4667 787
11.4833 788
11.5 789
11.5167 790
11.5333 791
11.55 793
11.5667 794
11.5833 795
11.6 796
11.6167 797
11.6333 798
11.65 799
11.6667 799
11.6833 800
11.7 801
11.7167 802
11.7333 803
11.75 804
11.7667 805
11.7833 805
11.8 806
11.8167 807
11.8333 808
11.85 808
11.8667 809
11.8833 810
11.9 810
11.9167 811
11.9333 812
11.95 812
11.9667 813
11.9833 813
12.0 814
12.0167 814
12.0333 815
12.05 815
12.0667 816
12.0833 816
12.1 817
12.1167 817
12.1333 817
12.15 818
12.1667 818
12.1833 818
12.2 819
12.2167 819
12.2333 819
12.25 819
12.2667 820
12.2833 820
12.3 820
12.3167 820
12.3333 820
12.35 820
12.3667 820
12.3833 820
12.4 820
12.4167 820
12.4333 820
12.45 820
12.4667 820
12.4833 820
12.5 820
12.5167 820
12.5333 820
12.55 820
12.5667 820
12.5833 820
12.6 819
12.6167 819
12.6333 819
12.65 819
12.6667 818
12.6833 818
12.7 818
12.7167 817
12.7333 817
12.75 817
12.7667 816
12.7833 816
12.8 815
12.8167 815
12.8333 814
12.85 814
12.8667 813
12.8833 813
12.9 812
12.9167 812
12.9333 811
12.95 810
12.9667 810
12.9833 809
13.0 808
13.0167 808
13.0333 807
13.05 806
13.0667 805
13.0833 805
13.1 804
13.1167 803
13.1333 802
13.15 801
13.1667 800
13.1833 799
13.2 799
13.2167 798
13.2333 797
13.25 796
13.2667 795
13.2833 794
13.3 793
13.3167 791
13.3333 790
13.35 789
13.3667 788
13.3833 787
13.4 786
13.4167 785
13.4333 783
13.45 782
13.4667 781
13.4833 780
13.5 778
13.5167 777
13.5333 776
13.55 774
13.5667 773
13.5833 772
13.6 770
13.6167 769
13.6333 767
13.65 766
13.6667 764
13.6833 763
13.7 761
13.7167 760
13.7333 758
13.75 757
13.7667 755
13.7833 754
13.8 752
13.8167 750
13.8333 749
13.85 747
13.8667 745
13.8833 744
13.9 742
13.9167 740
13.9333 738
13.95 737
13.9667 735
13.9833 733
14.0 731
14.0167 729
14.0333 727
14.05 725
14.0667 723
14.0833 721
14.1 720
14.1167 718
14.1333 716
14.15 714
14.1667 711
14.1833 709
14.2 707
14.2167 705
14.2333 703
14.25 701
14.2667 699
14.2833 697
14.3 695
14.3167 692
14.3333 690
14.35 688
14.3667 686
14.3833 683
14.4 681
14.4167 679
14.4333 677
14.45 674
14.4667 672
14.4833 670
14.5 667
14.5167 665
14.5333 662
14.55 660
14.5667 658
14.5833 655
14.6 653
14.6167 650
14.6333 648
14.65 645
14.6667 643
14.6833 640
14.7 637
14.7167 635
14.7333 632
14.75 630
14.7667 627
14.7833 624
14.8 622
14.8167 619
14.8333 616
14.85 614
14.8667 611
14.8833 608
14.9 605
14.9167 602
14.9333 600
14.95 597
14.9667 594
14.9833 591
15.0 587
15.0167 584
15.0333 582
15.05 579
15.0667 576
15.0833 573
15.1 570
15.1167 567
15.1333 564
15.15 561
15.1667 558
15.1833 555
15.2 552
15.2167 549
15.2333 546
15.25 543
15.2667 540
15.2833 537
15.3 534
15.3167 531
15.3333 527
15.35 524
15.3667 521
15.3833 518
15.4 515
15.4167 512
15.4333 508
15.45 505
15.4667 502
15.4833 499
15.5 496
15.5167 492
15.5333 489
15.55 486
15.5667 482
15.5833 479
15.6 476
15.6167 472
15.6333 469
15.65 466
15.6667 462
15.6833 459
15.7 456
15.7167 452
15.7333 449
15.75 445
15.7667 442
15.7833 439
15.8 435
15.8167 432
15.8333 428
15.85 425
15.8667 421
15.8833 418
15.9 414
15.9167 411
15.9333 407
15.95 404
15.9667 400
15.9833 397
16.0 393
16.0167 390
16.0333 386
16.05 382
16.0667 379
16.0833 375
16.1 372
16.1167 368
16.1333 365
16.15 361
16.1667 357
16.1833 354
16.2 350
16.2167 346
16.2333 343
16.25 339
16.2667 335
16.2833 332
16.3 328
16.3167 324
16.3333 321
16.35 317
16.3667 313
16.3833 310
16.4 306
16.4167 302
16.4333 299
16.45 295
16.4667 291
16.4833 288
16.5 284
16.5167 280
16.5333 277
16.55 273
16.5667 269
16.5833 265
16.6 262
16.6167 258
16.6333 254
16.65 251
16.6667 247
16.6833 243
16.7 239
16.7167 236
16.7333 232
16.75 228
16.7667 225
16.7833 221
16.8 217
16.8167 214
16.8333 210
16.85 206
16.8667 203
16.8833 199
16.9 195
16.9167 192
16.9333 188
16.95 184
16.9667 181
16.9833 177
