8.0 127
8.0167 130
8.0333 133
8.05 137
8.0667 140
8.0833 143
8.1 147
8.1167 150
8.1333 153
8.15 157
8.1667 160
8.1833 163
8.2 167
8.2167 170
8.2333 173
8.25 177
8.2667 180
8.2833 184
8.3 187
8.3167 190
8.3333 194
8.35 197
8.3667 201
8.3833 204
8.4 207
8.4167 211
8.4333 214
8.45 218
8.4667 221
8.4833 225
8.5 228
8.5167 231
8.5333 235
8.55 238
8.5667 242
8.5833 245
8.6 249
8.6167 252
8.6333 255
8.65 259
8.6667 262
8.6833 266
8.7 269
8.7167 273
8.7333 276
8.75 279
8.7667 283
8.7833 286
8.8 289
8.8167 293
8.8333 296
8.85 300
8.8667 303
8.8833 306
8.9 310
8.9167 313
8.9333 316
8.95 320
8.9667 323
8.9833 326
9.0 330
9.0167 332
9.0333 335
9.05 339
9.0667 342
9.0833 345
9.1 349
9.1167 352
9.1333 355
9.15 358
9.1667 362
9.1833 365
9.2 368
9.2167 371
9.2333 374
9.25 378
9.2667 381
9.2833 384
9.3 387
9.3167 390
9.3333 394
9.35 397
9.3667 400
9.3833 403
9.4 406
9.4167 409
9.4333 412
9.45 415
9.4667 418
9.4833 421
9.5 424
9.5167 427
9.5333 430
9.55 433
9.5667 436
9.5833 439
9.6 442
9.6167 445
9.6333 448
9.65 451
9.6667 454
9.6833 457
9.7 460
9.7167 463
9.7333 466
9.75 469
9.7667 471
9.7833 474
9.8 477
9.8167 480
9.8333 483
9.85 485
9.8667 488
9.8833 491
9.9 494
9.9167 496
9.9333 499
9.95 502
9.9667 505
9.9833 507
10.0 510
10.0167 512
10.0333 515
10.05 518
10.0667 520
10.0833 523
10.1 525
10.1167 528
10.1333 531
10.15 533
10.1667 536
10.1833 538
10.2 541
10.2167 543
10.2333 546
10.25 548
10.2667 550
10.2833 553
10.3 555
10.3167 558
10.3333 560
10.35 562
10.3667 565
10.3833 567
10.4 569
10.4167 571
10.4333 574
10.45 576
10.4667 578
10.4833 580
10.5 583
10.5167 585
10.5333 587
10.55 589
10.5667 591
10.5833 593
10.6 595
10.6167 598
10.6333 600
10.65 602
10.6667 604
10.6833 606
10.7 608
10.7167 610
10.7333 612
10.75 614
10.7667 616
10.7833 617
10.8 619
10.8167 621
10.8333 623
10.85 625
10.8667 627
10.8833 629
10.9 630
10.9167 632
10.9333 634
10.95 636
10.9667 637
10.9833 639
11.0 641
11.0167 642
11.0333 644
11.05 646
11.0667 647
11.0833 649
11.1 650
11.1167 652
11.1333 654
11.15 655
11.1667 657
11.1833 658
11.2 660
11.2167 661
11.2333 662
11.25 664
11.2667 665
11.2833 667
11.3 668
11.3167 669
11.3333 671
11.35 672
11.3667 673
11.3833 675
11.4 676
11.4167 677
11.4333 678
11.45 679
11.4667 681
11.4833 682
11.5 683
11.5167 684
11.5333 685
11.55 686
11.5667 687
11.5833 688
11.6 689
11.6167 690
11.6333 691
11.65 692
11.6667 693
11.6833 694
11.7 695
11.7167 696
11.7333 697
11.75 698
11.7667 698
11.7833 699
11.8 700
11.8167 701
11.8333 702
11.85 702
11.8667 703
11.8833 704
11.9 704
11.9167 705
11.9333 706
11.95 706
11.9667 707
11.9833 707
12.0 708
12.0167 709
12.0333 709
12.05 710
12.0667 710
12.0833 711
12.1 711
12.1167 711
12.1333 712
12.15 712
12.1667 713
12.1833 713
12.2 713
12.2167 714
12.2333 714
12.25 714
12.2667 714
12.2833 715
12.3 715
12.3167 715
12.3333 715
12.35 715
12.3667 715
12.3833 716
12.4 716
12.4167 716
12.4333 716
12.45 716
12.4667 716
12.4833 716
12.5 716
12.5167 716
12.5333 716
12.55 716
12.5667 715
12.5833 715
12.6 715
12.6167 715
12.6333 715
12.65 715
12.6667 714
12.6833 714
12.7 714
12.7167 714
12.7333 713
12.75 713
12.7667 713
12.7833 712
12.8 712
12.8167 711
12.8333 711
12.85 711
12.8667 710
12.8833 710
12.9 709
12.9167 709
12.9333 708
12.95 708
12.9667 707
12.9833 706
13.0 706
13.0167 705
13.0333 705
13.05 704
13.0667 703
13.0833 702
13.1 702
13.1167 701
13.1333 700
13.15 699
13.1667 699
13.1833 698
13.2 697
13.2167 696
13.2333 695
13.25 694
13.2667 693
13.2833 692
13.3 691
13.3167 690
13.3333 689
13.35 688
13.3667 687
13.3833 686
13.4 685
13.4167 684
13.4333 683
13.45 682
13.4667 681
13.4833 680
13.5 678
13.5167 677
13.5333 676
13.55 675
13.5667 673
13.5833 672
13.6 671
13.6167 670
13.6333 668
13.65 667
13.6667 665
13.6833 664
13.7 663
13.7167 661
13.7333 660
13.75 658
13.7667 657
13.7833 655
13.8 654
13.8167 652
13.8333 651
13.85 649
13.8667 648
13.8833 646
13.9 644
13.9167 643
13.9333 641
13.95 639
13.9667 638
13.9833 636
14.0 634
14.0167 632
14.0333 631
14.05 629
14.0667 627
14.0833 625
14.1 623
14.1167 621
14.1333 620
14.15 618
14.1667 616
14.1833 614
14.2 612
14.2167 610
14.2333 608
14.25 606
14.2667 604
14.2833 602
14.3 600
14.3167 598
14.3333 596
14.35 594
14.3667 592
14.3833 589
14.4 587
14.4167 585
14.4333 583
14.45 581
14.4667 579
14.4833 576
14.5 574
14.5167 572
14.5333 570
14.55 567
14.5667 565
14.5833 563
14.6 560
14.6167 558
14.6333 556
14.65 553
14.6667 551
14.6833 548
14.7 546
14.7167 543
14.7333 541
14.75 539
14.7667 536
14.7833 534
14.8 531
14.8167 528
14.8333 526
14.85 523
14.8667 521
14.8833 518
14.9 516
14.9167 513
14.9333 510
14.95 508
14.9667 505
14.9833 502
15.0 499
15.0167 496
15.0333 494
15.05 491
15.0667 488
15.0833 485
15.1 483
15.1167 480
15.1333 477
15.15 474
15.1667 471
15.1833 469
15.2 466
15.2167 463
15.2333 460
15.25 457
15.2667 454
15.2833 451
15.3 448
15.3167 445
15.3333 442
15.35 440
15.3667 437
15.3833 434
15.4 431
15.4167 428
15.4333 424
15.45 421
15.4667 418
15.4833 415
15.5 412
15.5167 409
15.5333 406
15.55 403
15.5667 400
15.5833 397
15.6 394
15.6167 391
15.6333 387
15.65 384
15.6667 381
15.6833 378
15.7 375
15.7167 371
15.7333 368
15.75 365
15.7667 362
15.7833 359
15.8 355
15.8167 352
15.8333 349
15.85 346
15.8667 342
15.8833 339
15.9 336
15.9167 332
15.9333 329
15.95 326
15.9667 322
15.9833 319
16.0 316
16.0167 312
16.0333 309
16.05 306
16.0667 302
16.0833 299
16.1 296
16.1167 292
16.1333 289
16.15 286
16.1667 282
16.1833 279
16.2 275
16.2167 272
16.2333 269
16.25 265
16.2667 262
16.2833 258
16.3 255
16.3167 251
16.3333 248
16.35 245
16.3667 241
16.3833 238
16.4 234
16.4167 231
16.4333 228
16.45 224
16.4667 221
16.4833 217
16.5 214
16.5167 210
16.5333 207
16.55 204
16.5667 200
16.5833 197
16.6 193
16.6167 190
16.6333 187
16.65 183
16.6667 180
16.6833 176
16.7 173
16.7167 170
16.7333 166
16.75 163
16.7667 160
16.7833 156
16.8 153
16.8167 150
16.8333 146
16.85 143
16.8667 140
16.8833 136
16.9 133
16.9167 130
16.9333 127
16.95 123
16.9667 120
16.9833 117
