8.0 206
8.0167 210
8.0333 214
8.05 218
8.0667 221
8.0833 225
8.1 229
8.1167 233
8.1333 237
8.15 240
8.1667 244
8.1833 248
8.2 252
8.2167 256
8.2333 259
8.25 263
8.2667 267
8.2833 271
8.3 275
8.3167 278
8.3333 282
8.35 286
8.3667 290
8.3833 293
8.4 297
8.4167 301
8.4333 305
8.45 308
8.4667 312
8.4833 316
8.5 320
8.5167 323
8.5333 327
8.55 331
8.5667 335
8.5833 338
8.6 342
8.6167 346
8.6333 349
8.65 353
8.6667 357
8.6833 360
8.7 364
8.7167 368
8.7333 371
8.75 375
8.7667 379
8.7833 382
8.8 386
8.8167 389
8.8333 393
8.85 397
8.8667 400
8.8833 404
8.9 407
8.9167 411
8.9333 414
8.95 418
8.9667 421
8.9833 425
9.0 428
9.0167 431
9.0333 435
9.05 438
9.0667 441
9.0833 445
9.1 448
9.1167 452
9.1333 455
9.15 459
9.1667 462
9.1833 465
9.2 469
9.2167 472
9.2333 475
9.25 479
9.2667 482
9.2833 485
9.3 489
9.3167 492
9.3333 495
9.35 498
9.3667 502
9.3833 505
9.4 508
9.4167 511
9.4333 515
9.45 518
9.4667 521
9.4833 524
9.5 527
9.5167 530
9.5333 533
9.55 537
9.5667 540
9.5833 543
9.6 546
9.6167 549
9.6333 552
9.65 555
9.6667 558
9.6833 561
9.7 564
9.7167 567
9.7333 570
9.75 573
9.7667 576
9.7833 579
9.8 582
9.8167 584
9.8333 587
9.85 590
9.8667 593
9.8833 596
9.9 599
9.9167 601
9.9333 604
9.95 607
9.9667 610
9.9833 612
10.0 615
10.0167 618
10.0333 621
10.05 623
10.0667 626
10.0833 628
10.1 631
10.1167 634
10.1333 636
10.15 639
10.1667 641
10.1833 644
10.2 647
10.2167 649
10.2333 652
10.25 654
10.2667 656
10.2833 659
10.3 661
10.3167 664
10.3333 666
10.35 668
10.3667 671
10.3833 673
10.4 676
10.4167 678
10.4333 680
10.45 682
10.4667 685
10.4833 687
10.5 689
10.5167 691
10.5333 694
10.55 696
10.5667 698
10.5833 700
10.6 702
10.6167 704
10.6333 706
10.65 708
10.6667 710
10.6833 712
10.7 714
10.7167 716
10.7333 718
10.75 720
10.7667 722
10.7833 724
10.8 726
10.8167 728
10.8333 730
10.85 732
10.8667 734
10.8833 735
10.9 737
10.9167 739
10.9333 741
10.95 742
10.9667 744
10.9833 746
11.0 748
11.0167 749
11.0333 751
11.05 753
11.0667 754
11.0833 756
11.1 757
11.1167 759
11.1333 760
11.15 762
11.1667 763
11.1833 765
11.2 766
11.2167 768
11.2333 769
11.25 771
11.2667 772
11.2833 773
11.3 775
11.3167 776
11.3333 777
11.35 779
11.3667 780
11.3833 781
11.4 782
11.4167 784
11.4333 785
11.45 786
11.4667 787
11.4833 788
11.5 789
11.5167 790
11.5333 791
11.55 793
11.5667 794
11.5833 795
11.6 796
11.6167 797
11.6333 797
11.65 798
11.6667 799
11.6833 800
11.7 801
11.7167 802
11.7333 803
11.75 804
11.7667 804
11.7833 805
11.8 806
11.8167 807
11.8333 807
11.85 808
11.8667 809
11.8833 809
11.9 810
11.9167 811
11.9333 811
11.95 812
11.9667 812
11.9833 813
12.0 813
12.0167 814
12.0333 814
12.05 815
12.0667 815
12.0833 816
12.1 816
12.1167 816
12.1333 817
12.15 817
12.1667 817
12.1833 818
12.2 818
12.2167 818
12.2333 819
12.25 819
12.2667 819
12.2833 819
12.3 819
12.3167 819
12.3333 819
12.35 820
12.3667 820
12.3833 820
12.4 820
12.4167 820
12.4333 820
12.45 820
12.4667 820
12.4833 820
12.5 819
12.5167 819
12.5333 819
12.55 819
12.5667 819
12.5833 819
12.6 818
12.6167 818
12.6333 818
12.65 818
12.6667 817
12.6833 817
12.7 817
12.7167 816
12.7333 816
12.75 816
12.7667 815
12.7833 815
12.8 814
12.8167 814
12.8333 813
12.85 813
12.8667 812
12.8833 812
12.9 811
12.9167 811
12.9333 810
12.95 809
12.9667 809
12.9833 808
13.0 807
13.0167 807
13.0333 806
13.05 805
13.0667 804
13.0833 804
13.1 803
13.1167 802
13.1333 801
13.15 800
13.1667 799
13.1833 798
13.2 797
13.2167 796
13.2333 795
13.25 794
13.2667 793
13.2833 792
13.3 791
13.3167 790
13.3333 789
13.35 788
13.3667 787
13.3833 786
13.4 785
13.4167 783
13.4333 782
13.45 781
13.4667 780
13.4833 778
13.5 777
13.5167 776
13.5333 775
13.55 773
13.5667 772
13.5833 770
13.6 769
13.6167 768
13.6333 766
13.65 765
13.6667 763
13.6833 762
13.7 760
13.7167 759
13.7333 757
13.75 756
13.7667 754
13.7833 752
13.8 751
13.8167 749
13.8333 747
13.85 746
13.8667 744
13.8833 742
13.9 741
13.9167 739
13.9333 737
13.95 735
13.9667 733
13.9833 732
14.0 730
14.0167 728
14.0333 726
14.05 724
14.0667 722
14.0833 720
14.1 718
14.1167 716
14.1333 714
14.15 712
14.1667 710
14.1833 708
14.2 706
14.2167 704
14.2333 702
14.25 700
14.2667 698
14.2833 695
14.3 693
14.3167 691
14.3333 689
14.35 687
14.3667 684
14.3833 682
14.4 680
14.4167 678
14.4333 675
14.45 673
14.4667 671
14.4833 668
14.5 666
14.5167 663
14.5333 661
14.55 659
14.5667 656
14.5833 654
14.6 651
14.6167 649
14.6333 646
14.65 644
14.6667 641
14.6833 639
14.7 636
14.7167 633
14.7333 631
14.75 628
14.7667 626
14.7833 623
14.8 620
14.8167 617
14.8333 615
14.85 612
14.8667 609
14.8833 607
14.9 604
14.9167 601
14.9333 598
14.95 595
14.9667 593
14.9833 590
15.0 586
15.0167 583
15.0333 580
15.05 577
15.0667 574
15.0833 572
15.1 569
15.1167 566
15.1333 563
15.15 560
15.1667 557
15.1833 554
15.2 551
15.2167 548
15.2333 545
15.25 542
15.2667 538
15.2833 535
15.3 532
15.3167 529
15.3333 526
15.35 523
15.3667 520
15.3833 517
15.4 513
15.4167 510
15.4333 507
15.45 504
15.4667 500
15.4833 497
15.5 494
15.5167 491
15.5333 487
15.55 484
15.5667 481
15.5833 477
15.6 474
15.6167 471
15.6333 467
15.65 464
15.6667 461
15.6833 457
15.7 454
15.7167 450
15.7333 447
15.75 444
15.7667 440
15.7833 437
15.8 433
15.8167 430
15.8333 426
15.85 423
15.8667 419
15.8833 416
15.9 412
15.9167 409
15.9333 405
15.95 402
15.9667 398
15.9833 395
16.0 391
16.0167 387
16.0333 384
16.05 380
16.0667 376
16.0833 373
16.1 369
16.1167 366
16.1333 362
16.15 358
16.1667 355
16.1833 351
16.2 347
16.2167 344
16.2333 340
16.25 336
16.2667 333
16.2833 329
16.3 325
16.3167 321
16.3333 318
16.35 314
16.3667 310
16.3833 306
16.4 303
16.4167 299
16.4333 295
16.45 291
16.4667 288
16.4833 284
16.5 280
16.5167 276
16.5333 273
16.55 269
16.5667 265
16.5833 261
16.6 257
16.6167 254
16.6333 250
16.65 246
16.6667 242
16.6833 238
16.7 235
16.7167 231
16.7333 227
16.75 223
16.7667 219
16.7833 216
16.8 212
16.8167 208
16.8333 204
16.85 200
16.8667 197
16.8833 193
16.9 189
16.9167 185
16.9333 182
16.95 178
16.9667 174
16.9833 170
