8.0 154
8.0167 157
8.0333 161
8.05 164
8.0667 168
8.0833 171
8.1 175
8.1167 178
8.1333 182
8.15 185
8.1667 189
8.1833 192
8.2 196
8.2167 199
8.2333 203
8.25 206
8.2667 210
8.2833 213
8.3 217
8.3167 221
8.3333 224
8.35 228
8.3667 231
8.3833 235
8.4 238
8.4167 242
8.4333 245
8.45 249
8.4667 252
8.4833 256
8.5 260
8.5167 263
8.5333 267
8.55 270
8.5667 274
8.5833 277
8.6 281
8.6167 284
8.6333 288
8.65 291
8.6667 295
8.6833 298
8.7 302
8.7167 305
8.7333 309
8.75 312
8.7667 316
8.7833 319
8.8 323
8.8167 326
8.8333 330
8.85 333
8.8667 336
8.8833 340
8.9 343
8.9167 347
8.9333 350
8.95 354
8.9667 357
8.9833 360
9.0 364
9.0167 366
9.0333 370
9.05 373
9.0667 376
9.0833 380
9.1 383
9.1167 386
9.1333 390
9.15 393
9.1667 396
9.1833 399
9.2 403
9.2167 406
9.2333 409
9.25 412
9.2667 416
9.2833 419
9.3 422
9.3167 425
9.3333 428
9.35 432
9.3667 435
9.3833 438
9.4 441
9.4167 444
9.4333 447
9.45 450
9.4667 454
9.4833 457
9.5 460
9.5167 463
9.5333 466
9.55 469
9.5667 472
9.5833 475
9.6 478
9.6167 481
9.6333 484
9.65 487
9.6667 490
9.6833 493
9.7 496
9.7167 499
9.7333 501
9.75 504
9.7667 507
9.7833 510
9.8 513
9.8167 516
9.8333 518
9.85 521
9.8667 524
9.8833 527
9.9 530
9.9167 532
9.9333 535
9.95 538
9.9667 540
9.9833 543
10.0 546
10.0167 549
10.0333 551
10.05 554
10.0667 556
10.0833 559
10.1 562
10.1167 564
10.1333 567
10.15 569
10.1667 572
10.1833 574
10.2 577
10.2167 579
10.2333 582
10.25 584
10.2667 587
10.2833 589
10.3 591
10.3167 594
10.3333 596
10.35 598
10.3667 601
10.3833 603
10.4 605
10.4167 608
10.4333 610
10.45 612
10.4667 614
10.4833 617
10.5 619
10.5167 621
10.5333 623
10.55 625
10.5667 627
10.5833 629
10.6 632
10.6167 634
10.6333 636
10.65 638
10.6667 640
10.6833 642
10.7 644
10.7167 646
10.7333 648
10.75 650
10.7667 652
10.7833 653
10.8 655
10.8167 657
10.8333 659
10.85 661
10.8667 663
10.8833 665
10.9 666
10.9167 668
10.9333 670
10.95 672
10.9667 673
10.9833 675
11.0 677
11.0167 678
11.0333 680
11.05 682
11.0667 683
11.0833 685
11.1 686
11.1167 688
11.1333 689
11.15 691
11.1667 692
11.1833 694
11.2 695
11.2167 697
11.2333 698
11.25 700
11.2667 701
11.2833 702
11.3 704
11.3167 705
11.3333 706
11.35 708
11.3667 709
11.3833 710
11.4 711
11.4167 712
11.4333 714
11.45 715
11.4667 716
11.4833 717
11.5 718
11.5167 719
11.5333 720
11.55 721
11.5667 723
11.5833 724
11.6 725
11.6167 725
11.6333 726
11.65 727
11.6667 728
11.6833 729
11.7 730
11.7167 731
11.7333 732
11.75 733
11.7667 733
11.7833 734
11.8 735
11.8167 736
11.8333 736
11.85 737
11.8667 738
11.8833 739
11.9 739
11.9167 740
11.9333 740
11.95 741
11.9667 742
11.9833 742
12.0 743
12.0167 743
12.0333 744
12.05 744
12.0667 745
12.0833 745
12.1 745
12.1167 746
12.1333 746
12.15 746
12.1667 747
12.1833 747
12.2 747
12.2167 748
12.2333 748
12.25 748
12.2667 748
12.2833 749
12.3 749
12.3167 749
12.3333 749
12.35 749
12.3667 749
12.3833 749
12.4 749
12.4167 749
12.4333 749
12.45 749
12.4667 749
12.4833 749
12.5 749
12.5167 749
12.5333 749
12.55 749
12.5667 749
12.5833 749
12.6 748
12.6167 748
12.6333 748
12.65 748
12.6667 748
12.6833 747
12.7 747
12.7167 747
12.7333 746
12.75 746
12.7667 745
12.7833 745
12.8 745
12.8167 744
12.8333 744
12.85 743
12.8667 743
12.8833 742
12.9 742
12.9167 741
12.9333 741
12.95 740
12.9667 739
12.9833 739
13.0 738
13.0167 737
13.0333 737
13.05 736
13.0667 735
13.0833 734
13.1 734
13.1167 733
13.1333 732
13.15 731
13.1667 730
13.1833 729
13.2 729
13.2167 728
13.2333 727
13.25 726
13.2667 725
13.2833 724
13.3 723
13.3167 722
13.3333 721
13.35 720
13.3667 719
13.3833 717
13.4 716
13.4167 715
13.4333 714
13.45 713
13.4667 712
13.4833 710
13.5 709
13.5167 708
13.5333 707
13.55 705
13.5667 704
13.5833 703
13.6 701
13.6167 700
13.6333 699
13.65 697
13.6667 696
13.6833 694
13.7 693
13.7167 691
13.7333 690
13.75 688
13.7667 687
13.7833 685
13.8 684
13.8167 682
13.8333 680
13.85 679
13.8667 677
13.8833 675
13.9 674
13.9167 672
13.9333 670
13.95 669
13.9667 667
13.9833 665
14.0 663
14.0167 661
14.0333 660
14.05 658
14.0667 656
14.0833 654
14.1 652
14.1167 650
14.1333 648
14.15 646
14.1667 644
14.1833 642
14.2 640
14.2167 638
14.2333 636
14.25 634
14.2667 632
14.2833 630
14.3 628
14.3167 626
14.3333 624
14.35 622
14.3667 619
14.3833 617
14.4 615
14.4167 613
14.4333 611
14.45 608
14.4667 606
14.4833 604
14.5 601
14.5167 599
14.5333 597
14.55 594
14.5667 592
14.5833 590
14.6 587
14.6167 585
14.6333 582
14.65 580
14.6667 577
14.6833 575
14.7 572
14.7167 570
14.7333 567
14.75 565
14.7667 562
14.7833 560
14.8 557
14.8167 555
14.8333 552
14.85 549
14.8667 547
14.8833 544
14.9 541
14.9167 539
14.9333 536
14.95 533
14.9667 530
14.9833 528
15.0 524
15.0167 521
15.0333 519
15.05 516
15.0667 513
15.0833 510
15.1 507
15.1167 504
15.1333 502
15.15 499
15.1667 496
15.1833 493
15.2 490
15.2167 487
15.2333 484
15.25 481
15.2667 478
15.2833 475
15.3 472
15.3167 469
15.3333 466
15.35 463
15.3667 460
15.3833 457
15.4 454
15.4167 451
15.4333 448
15.45 445
15.4667 441
15.4833 438
15.5 435
15.5167 432
15.5333 429
15.55 426
15.5667 422
15.5833 419
15.6 416
15.6167 413
15.6333 410
15.65 406
15.6667 403
15.6833 400
15.7 397
15.7167 393
15.7333 390
15.75 387
15.7667 383
15.7833 380
15.8 377
15.8167 373
15.8333 370
15.85 367
15.8667 363
15.8833 360
15.9 357
15.9167 353
15.9333 350
15.95 346
15.9667 343
15.9833 339
16.0 336
16.0167 333
16.0333 329
16.05 326
16.0667 322
16.0833 319
16.1 315
16.1167 312
16.1333 308
16.15 305
16.1667 301
16.1833 298
16.2 294
16.2167 291
16.2333 287
16.25 284
16.2667 280
16.2833 277
16.3 273
16.3167 270
16.3333 266
16.35 263
16.3667 259
16.3833 256
16.4 252
16.4167 249
16.4333 245
16.45 242
16.4667 238
16.4833 234
16.5 231
16.5167 227
16.5333 224
16.55 220
16.5667 217
16.5833 213
16.6 210
16.6167 206
16.6333 203
16.65 199
16.6667 196
16.6833 192
16.7 189
16.7167 185
16.7333 182
16.75 178
16.7667 175
16.7833 171
16.8 168
16.8167 164
16.8333 161
16.85 157
16.8667 154
16.8833 150
16.9 147
16.9167 143
16.9333 140
16.95 137
16.9667 133
16.9833 130
