8.0 63
8.0167 66
8.0333 69
8.05 72
8.0667 74
8.0833 77
8.1 80
8.1167 83
8.1333 86
8.15 89
8.1667 92
8.1833 95
8.2 98
8.2167 101
8.2333 104
8.25 107
8.2667 110
8.2833 113
8.3 116
8.3167 119
8.3333 123
8.35 126
8.3667 129
8.3833 132
8.4 135
8.4167 138
8.4333 142
8.45 145
8.4667 148
8.4833 151
8.5 155
8.5167 158
8.5333 161
8.55 165
8.5667 168
8.5833 171
8.6 174
8.6167 178
8.6333 181
8.65 184
8.6667 188
8.6833 191
8.7 194
8.7167 198
8.7333 201
8.75 204
8.7667 208
8.7833 211
8.8 214
8.8167 218
8.8333 221
8.85 225
8.8667 228
8.8833 231
8.9 235
8.9167 238
8.9333 241
8.95 245
8.9667 248
8.9833 251
9.0 255
9.0167 258
9.0333 261
9.05 264
9.0667 268
9.0833 271
9.1 274
9.1167 278
9.1333 281
9.15 284
9.1667 287
9.1833 291
9.2 294
9.2167 297
9.2333 301
9.25 304
9.2667 307
9.2833 310
9.3 314
9.3167 317
9.3333 320
9.35 323
9.3667 326
9.3833 330
9.4 333
9.4167 336
9.4333 339
9.45 342
9.4667 346
9.4833 349
9.5 352
9.5167 355
9.5333 358
9.55 361
9.5667 364
9.5833 368
9.6 371
9.6167 374
9.6333 377
9.65 380
9.6667 383
9.6833 386
9.7 389
9.7167 392
9.7333 395
9.75 398
9.7667 401
9.7833 404
9.8 407
9.8167 410
9.8333 413
9.85 416
9.8667 419
9.8833 422
9.9 424
9.9167 427
9.9333 430
9.95 433
9.9667 436
9.9833 439
10.0 442
10.0167 444
10.0333 447
10.05 450
10.0667 453
10.0833 456
10.1 458
10.1167 461
10.1333 464
10.15 466
10.1667 469
10.1833 472
10.2 474
10.2167 477
10.2333 480
10.25 482
10.2667 485
10.2833 488
10.3 490
10.3167 493
10.3333 495
10.35 498
10.3667 500
10.3833 503
10.4 505
10.4167 508
10.4333 510
10.45 513
10.4667 515
10.4833 518
10.5 520
10.5167 523
10.5333 525
10.55 527
10.5667 530
10.5833 532
10.6 534
10.6167 537
10.6333 539
10.65 541
10.6667 543
10.6833 546
10.7 548
10.7167 550
10.7333 552
10.75 554
10.7667 557
10.7833 559
10.8 561
10.8167 563
10.8333 565
10.85 567
10.8667 569
10.8833 571
10.9 573
10.9167 575
10.9333 577
10.95 579
10.9667 581
10.9833 583
11.0 585
11.0167 587
11.0333 589
11.05 591
11.0667 593
11.0833 595
11.1 596
11.1167 598
11.1333 600
11.15 602
11.1667 603
11.1833 605
11.2 607
11.2167 609
11.2333 610
11.25 612
11.2667 614
11.2833 615
11.3 617
11.3167 619
11.3333 620
11.35 622
11.3667 623
11.3833 625
11.4 626
11.4167 628
11.4333 629
11.45 631
11.4667 632
11.4833 634
11.5 635
11.5167 636
11.5333 638
11.55 639
11.5667 640
11.5833 642
11.6 643
11.6167 644
11.6333 646
11.65 647
11.6667 648
11.6833 649
11.7 650
11.7167 652
11.7333 653
11.75 654
11.7667 655
11.7833 656
11.8 657
11.8167 658
11.8333 659
11.85 660
11.8667 661
11.8833 662
11.9 663
11.9167 664
11.9333 665
11.95 666
11.9667 667
11.9833 668
12.0 669
12.0167 669
12.0333 670
12.05 671
12.0667 672
12.0833 672
12.1 673
12.1167 674
12.1333 675
12.15 675
12.1667 676
12.1833 677
12.2 677
12.2167 678
12.2333 678
12.25 679
12.2667 680
12.2833 680
12.3 681
12.3167 681
12.3333 681
12.35 682
12.3667 682
12.3833 683
12.4 683
12.4167 684
12.4333 684
12.45 684
12.4667 685
12.4833 685
12.5 685
12.5167 685
12.5333 686
12.55 686
12.5667 686
12.5833 686
12.6 686
12.6167 686
12.6333 687
12.65 687
12.6667 687
12.6833 687
12.7 687
12.7167 687
12.7333 687
12.75 687
12.7667 687
12.7833 687
12.8 687
12.8167 687
12.8333 686
12.85 686
12.8667 686
12.8833 686
12.9 686
12.9167 686
12.9333 685
12.95 685
12.9667 685
12.9833 684
13.0 684
13.0167 684
13.0333 683
13.05 683
13.0667 683
13.0833 682
13.1 682
13.1167 681
13.1333 681
13.15 681
13.1667 680
13.1833 679
13.2 679
13.2167 678
13.2333 678
13.25 677
13.2667 677
13.2833 676
13.3 675
13.3167 675
13.3333 674
13.35 673
13.3667 672
13.3833 672
13.4 671
13.4167 670
13.4333 669
13.45 668
13.4667 668
13.4833 667
13.5 666
13.5167 665
13.5333 664
13.55 663
13.5667 662
13.5833 661
13.6 660
13.6167 659
13.6333 658
13.65 657
13.6667 656
13.6833 655
13.7 654
13.7167 653
13.7333 652
13.75 650
13.7667 649
13.7833 648
13.8 647
13.8167 645
13.8333 644
13.85 643
13.8667 642
13.8833 640
13.9 639
13.9167 638
13.9333 636
13.95 635
13.9667 633
13.9833 632
14.0 631
14.0167 629
14.0333 628
14.05 626
14.0667 625
14.0833 623
14.1 622
14.1167 620
14.1333 618
14.15 617
14.1667 615
14.1833 614
14.2 612
14.2167 610
14.2333 609
14.25 607
14.2667 605
14.2833 603
14.3 602
14.3167 600
14.3333 598
14.35 596
14.3667 594
14.3833 593
14.4 591
14.4167 589
14.4333 587
14.45 585
14.4667 583
14.4833 581
14.5 579
14.5167 577
14.5333 575
14.55 573
14.5667 571
14.5833 569
14.6 567
14.6167 565
14.6333 563
14.65 561
14.6667 559
14.6833 556
14.7 554
14.7167 552
14.7333 550
14.75 548
14.7667 545
14.7833 543
14.8 541
14.8167 539
14.8333 536
14.85 534
14.8667 532
14.8833 529
14.9 527
14.9167 525
14.9333 522
14.95 520
14.9667 518
14.9833 515
15.0 513
15.0167 511
15.0333 508
15.05 506
15.0667 503
15.0833 501
15.1 498
15.1167 496
15.1333 493
15.15 491
15.1667 488
15.1833 485
15.2 483
15.2167 480
15.2333 478
15.25 475
15.2667 472
15.2833 470
15.3 467
15.3167 464
15.3333 461
15.35 459
15.3667 456
15.3833 453
15.4 450
15.4167 448
15.4333 445
15.45 442
15.4667 439
15.4833 436
15.5 433
15.5167 431
15.5333 428
15.55 425
15.5667 422
15.5833 419
15.6 416
15.6167 413
15.6333 410
15.65 407
15.6667 404
15.6833 401
15.7 398
15.7167 395
15.7333 392
15.75 389
15.7667 386
15.7833 383
15.8 380
15.8167 377
15.8333 374
15.85 371
15.8667 368
15.8833 365
15.9 362
15.9167 359
15.9333 355
15.95 352
15.9667 349
15.9833 346
16.0 343
16.0167 340
16.0333 336
16.05 333
16.0667 330
16.0833 327
16.1 324
16.1167 320
16.1333 317
16.15 314
16.1667 311
16.1833 307
16.2 304
16.2167 301
16.2333 298
16.25 294
16.2667 291
16.2833 288
16.3 285
16.3167 281
16.3333 278
16.35 275
16.3667 271
16.3833 268
16.4 265
16.4167 261
16.4333 258
16.45 255
16.4667 251
16.4833 248
16.5 245
16.5167 241
16.5333 238
16.55 235
16.5667 231
16.5833 228
16.6 225
16.6167 221
16.6333 218
16.65 215
16.6667 211
16.6833 208
16.7 205
16.7167 201
16.7333 198
16.75 195
16.7667 191
16.7833 188
16.8 185
16.8167 181
16.8333 178
16.85 175
16.8667 171
16.8833 168
16.9 165
16.9167 161
16.9333 158
16.95 155
16.9667 151
16.9833 148
