8.0 119
8.0167 122
8.0333 125
8.05 129
8.0667 132
8.0833 135
8.1 139
8.1167 142
8.1333 146
8.15 149
8.1667 153
8.1833 156
8.2 160
8.2167 163
8.2333 167
8.25 170
8.2667 174
8.2833 177
8.3 180
8.3167 184
8.3333 187
8.35 191
8.3667 194
8.3833 198
8.4 201
8.4167 205
8.4333 208
8.45 212
8.4667 215
8.4833 219
8.5 222
8.5167 226
8.5333 230
8.55 233
8.5667 237
8.5833 240
8.6 244
8.6167 247
8.6333 251
8.65 254
8.6667 257
8.6833 261
8.7 264
8.7167 268
8.7333 271
8.75 275
8.7667 278
8.7833 282
8.8 285
8.8167 289
8.8333 292
8.85 296
8.8667 299
8.8833 302
8.9 306
8.9167 309
8.9333 313
8.95 316
8.9667 319
8.9833 323
9.0 326
9.0167 329
9.0333 332
9.05 336
9.0667 339
9.0833 342
9.1 346
9.1167 349
9.1333 352
9.15 355
9.1667 359
9.1833 362
9.2 365
9.2167 369
9.2333 372
9.25 375
9.2667 378
9.2833 382
9.3 385
9.3167 388
9.3333 391
9.35 394
9.3667 398
9.3833 401
9.4 404
9.4167 407
9.4333 410
9.45 413
9.4667 416
9.4833 420
9.5 423
9.5167 426
9.5333 429
9.55 432
9.5667 435
9.5833 438
9.6 441
9.6167 444
9.6333 447
9.65 450
9.6667 453
9.6833 456
9.7 459
9.7167 462
9.7333 465
9.75 468
9.7667 470
9.7833 473
9.8 476
9.8167 479
9.8333 482
9.85 485
9.8667 488
9.8833 490
9.9 493
9.9167 496
9.9333 499
9.95 501
9.9667 504
9.9833 507
10.0 510
10.0167 512
10.0333 515
10.05 518
10.0667 520
10.0833 523
10.1 526
10.1167 528
10.1333 531
10.15 533
10.1667 536
10.1833 538
10.2 541
10.2167 543
10.2333 546
10.25 548
10.2667 551
10.2833 553
10.3 556
10.3167 558
10.3333 561
10.35 563
10.3667 565
10.3833 568
10.4 570
10.4167 572
10.4333 575
10.45 577
10.4667 579
10.4833 582
10.5 584
10.5167 586
10.5333 588
10.55 591
10.5667 593
10.5833 595
10.6 597
10.6167 599
10.6333 601
10.65 603
10.6667 605
10.6833 608
10.7 610
10.7167 612
10.7333 614
10.75 616
10.7667 618
10.7833 620
10.8 622
10.8167 623
10.8333 625
10.85 627
10.8667 629
10.8833 631
10.9 633
10.9167 635
10.9333 637
10.95 638
10.9667 640
10.9833 642
11.0 644
11.0167 645
11.0333 647
11.05 649
11.0667 650
11.0833 652
11.1 654
11.1167 655
11.1333 657
11.15 658
11.1667 660
11.1833 662
11.2 663
11.2167 665
11.2333 666
11.25 668
11.2667 669
11.2833 670
11.3 672
11.3167 673
11.3333 675
11.35 676
11.3667 677
11.3833 679
11.4 680
11.4167 681
11.4333 682
11.45 684
11.4667 685
11.4833 686
11.5 687
11.5167 689
11.5333 690
11.55 691
11.5667 692
11.5833 693
11.6 694
11.6167 695
11.6333 696
11.65 697
11.6667 698
11.6833 699
11.7 700
11.7167 701
11.7333 702
11.75 703
11.7667 704
11.7833 705
11.8 706
11.8167 706
11.8333 707
11.85 708
11.8667 709
11.8833 710
11.9 710
11.9167 711
11.9333 712
11.95 712
11.9667 713
11.9833 714
12.0 714
12.0167 715
12.0333 716
12.05 716
12.0667 717
12.0833 717
12.1 718
12.1167 718
12.1333 719
12.15 719
12.1667 719
12.1833 720
12.2 720
12.2167 721
12.2333 721
12.25 721
12.2667 722
12.2833 722
12.3 722
12.3167 722
12.3333 723
12.35 723
12.3667 723
12.3833 723
12.4 723
12.4167 723
12.4333 724
12.45 724
12.4667 724
12.4833 724
12.5 724
12.5167 724
12.5333 724
12.55 724
12.5667 724
12.5833 724
12.6 724
12.6167 724
12.6333 723
12.65 723
12.6667 723
12.6833 723
12.7 723
12.7167 723
12.7333 722
12.75 722
12.7667 722
12.7833 721
12.8 721
12.8167 721
12.8333 720
12.85 720
12.8667 720
12.8833 719
12.9 719
12.9167 718
12.9333 718
12.95 717
12.9667 717
12.9833 716
13.0 716
13.0167 715
13.0333 715
13.05 714
13.0667 713
13.0833 713
13.1 712
13.1167 711
13.1333 711
13.15 710
13.1667 709
13.1833 708
13.2 708
13.2167 707
13.2333 706
13.25 705
13.2667 704
13.2833 703
13.3 702
13.3167 702
13.3333 701
13.35 700
13.3667 699
13.3833 698
13.4 697
13.4167 696
13.4333 695
13.45 694
13.4667 692
13.4833 691
13.5 690
13.5167 689
13.5333 688
13.55 687
13.5667 685
13.5833 684
13.6 683
13.6167 682
13.6333 681
13.65 679
13.6667 678
13.6833 677
13.7 675
13.7167 674
13.7333 672
13.75 671
13.7667 670
13.7833 668
13.8 667
13.8167 665
13.8333 664
13.85 662
13.8667 661
13.8833 659
13.9 658
13.9167 656
13.9333 654
13.95 653
13.9667 651
13.9833 649
14.0 648
14.0167 646
14.0333 644
14.05 643
14.0667 641
14.0833 639
14.1 637
14.1167 635
14.1333 634
14.15 632
14.1667 630
14.1833 628
14.2 626
14.2167 624
14.2333 622
14.25 620
14.2667 618
14.2833 617
14.3 615
14.3167 612
14.3333 610
14.35 608
14.3667 606
14.3833 604
14.4 602
14.4167 600
14.4333 598
14.45 596
14.4667 594
14.4833 591
14.5 589
14.5167 587
14.5333 585
14.55 583
14.5667 580
14.5833 578
14.6 576
14.6167 573
14.6333 571
14.65 569
14.6667 566
14.6833 564
14.7 562
14.7167 559
14.7333 557
14.75 554
14.7667 552
14.7833 550
14.8 547
14.8167 545
14.8333 542
14.85 540
14.8667 537
14.8833 534
14.9 532
14.9167 529
14.9333 527
14.95 524
14.9667 521
14.9833 519
15.0 516
15.0167 513
15.0333 511
15.05 508
15.0667 505
15.0833 502
15.1 500
15.1167 497
15.1333 494
15.15 491
15.1667 489
15.1833 486
15.2 483
15.2167 480
15.2333 477
15.25 474
15.2667 472
15.2833 469
15.3 466
15.3167 463
15.3333 460
15.35 457
15.3667 454
15.3833 451
15.4 448
15.4167 445
15.4333 442
15.45 439
15.4667 436
15.4833 433
15.5 430
15.5167 427
15.5333 424
15.55 421
15.5667 418
15.5833 415
15.6 411
15.6167 408
15.6333 405
15.65 402
15.6667 399
15.6833 396
15.7 392
15.7167 389
15.7333 386
15.75 383
15.7667 380
15.7833 376
15.8 373
15.8167 370
15.8333 367
15.85 363
15.8667 360
15.8833 357
15.9 354
15.9167 350
15.9333 347
15.95 344
15.9667 340
15.9833 337
16.0 334
16.0167 330
16.0333 327
16.05 323
16.0667 320
16.0833 317
16.1 313
16.1167 310
16.1333 307
16.15 303
16.1667 300
16.1833 296
16.2 293
16.2167 289
16.2333 286
16.25 282
16.2667 279
16.2833 276
16.3 272
16.3167 269
16.3333 265
16.35 262
16.3667 258
16.3833 255
16.4 251
16.4167 248
16.4333 244
16.45 241
16.4667 237
16.4833 234
16.5 230
16.5167 227
16.5333 223
16.55 220
16.5667 216
16.5833 213
16.6 209
16.6167 206
16.6333 202
16.65 199
16.6667 195
16.6833 192
16.7 188
16.7167 185
16.7333 181
16.75 178
16.7667 174
16.7833 171
16.8 167
16.8167 164
16.8333 160
16.85 157
16.8667 154
16.8833 150
16.9 147
16.9167 143
16.9333 140
16.95 136
16.9667 133
16.9833 129
