8.0 87
8.0167 90
8.0333 93
8.05 97
8.0667 100
8.0833 103
8.1 106
8.1167 110
8.1333 113
8.15 116
8.1667 119
8.1833 123
8.2 126
8.2167 130
8.2333 133
8.25 136
8.2667 140
8.2833 143
8.3 147
8.3167 150
8.3333 154
8.35 157
8.3667 160
8.3833 164
8.4 167
8.4167 171
8.4333 174
8.45 178
8.4667 181
8.4833 185
8.5 188
8.5167 192
8.5333 195
8.55 199
8.5667 202
8.5833 206
8.6 209
8.6167 213
8.6333 216
8.65 220
8.6667 223
8.6833 227
8.7 230
8.7167 234
8.7333 237
8.75 240
8.7667 244
8.7833 247
8.8 251
8.8167 254
8.8333 258
8.85 261
8.8667 265
8.8833 268
8.9 272
8.9167 275
8.9333 278
8.95 282
8.9667 285
8.9833 289
9.0 292
9.0167 295
9.0333 298
9.05 302
9.0667 305
9.0833 309
9.1 312
9.1167 315
9.1333 319
9.15 322
9.1667 325
9.1833 329
9.2 332
9.2167 335
9.2333 339
9.25 342
9.2667 345
9.2833 348
9.3 352
9.3167 355
9.3333 358
9.35 361
9.3667 365
9.3833 368
9.4 371
9.4167 374
9.4333 378
9.45 381
9.4667 384
9.4833 387
9.5 390
9.5167 393
9.5333 396
9.55 400
9.5667 403
9.5833 406
9.6 409
9.6167 412
9.6333 415
9.65 418
9.6667 421
9.6833 424
9.7 427
9.7167 430
9.7333 433
9.75 436
9.7667 439
9.7833 442
9.8 445
9.8167 448
9.8333 451
9.85 454
9.8667 457
9.8833 460
9.9 462
9.9167 465
9.9333 468
9.95 471
9.9667 474
9.9833 477
10.0 479
10.0167 482
10.0333 485
10.05 488
10.0667 490
10.0833 493
10.1 496
10.1167 499
10.1333 501
10.15 504
10.1667 507
10.1833 509
10.2 512
10.2167 514
10.2333 517
10.25 520
10.2667 522
10.2833 525
10.3 527
10.3167 530
10.3333 532
10.35 535
10.3667 537
10.3833 540
10.4 542
10.4167 545
10.4333 547
10.45 549
10.4667 552
10.4833 554
10.5 556
10.5167 559
10.5333 561
10.55 563
10.5667 566
10.5833 568
10.6 570
10.6167 573
10.6333 575
10.65 577
10.6667 579
10.6833 581
10.7 583
10.7167 586
10.7333 588
10.75 590
10.7667 592
10.7833 594
10.8 596
10.8167 598
10.8333 600
10.85 602
10.8667 604
10.8833 606
10.9 608
10.9167 610
10.9333 612
10.95 614
10.9667 616
10.9833 618
11.0 619
11.0167 621
11.0333 623
11.05 625
11.0667 627
11.0833 629
11.1 630
11.1167 632
11.1333 634
11.15 635
11.1667 637
11.1833 639
11.2 640
11.2167 642
11.2333 644
11.25 645
11.2667 647
11.2833 648
11.3 650
11.3167 651
11.3333 653
11.35 654
11.3667 656
11.3833 657
11.4 659
11.4167 660
11.4333 662
11.45 663
11.4667 664
11.4833 666
11.5 667
11.5167 668
11.5333 670
11.55 671
11.5667 672
11.5833 673
11.6 675
11.6167 676
11.6333 677
11.65 678
11.6667 679
11.6833 680
11.7 681
11.7167 682
11.7333 684
11.75 685
11.7667 686
11.7833 687
11.8 688
11.8167 689
11.8333 689
11.85 690
11.8667 691
11.8833 692
11.9 693
11.9167 694
11.9333 695
11.95 696
11.9667 696
11.9833 697
12.0 698
12.0167 699
12.0333 699
12.05 700
12.0667 701
12.0833 701
12.1 702
12.1167 703
12.1333 703
12.15 704
12.1667 704
12.1833 705
12.2 705
12.2167 706
12.2333 706
12.25 707
12.2667 707
12.2833 708
12.3 708
12.3167 709
12.3333 709
12.35 709
12.3667 710
12.3833 710
12.4 710
12.4167 711
12.4333 711
12.45 711
12.4667 711
12.4833 711
12.5 712
12.5167 712
12.5333 712
12.55 712
12.5667 712
12.5833 712
12.6 712
12.6167 712
12.6333 712
12.65 712
12.6667 712
12.6833 712
12.7 712
12.7167 712
12.7333 712
12.75 712
12.7667 712
12.7833 712
12.8 711
12.8167 711
12.8333 711
12.85 711
12.8667 711
12.8833 710
12.9 710
12.9167 710
12.9333 709
12.95 709
12.9667 709
12.9833 708
13.0 708
13.0167 707
13.0333 707
13.05 706
13.0667 706
13.0833 705
13.1 705
13.1167 704
13.1333 704
13.15 703
13.1667 703
13.1833 702
13.2 701
13.2167 701
13.2333 700
13.25 699
13.2667 699
13.2833 698
13.3 697
13.3167 696
13.3333 696
13.35 695
13.3667 694
13.3833 693
13.4 692
13.4167 691
13.4333 690
13.45 690
13.4667 689
13.4833 688
13.5 687
13.5167 686
13.5333 685
13.55 684
13.5667 682
13.5833 681
13.6 680
13.6167 679
13.6333 678
13.65 677
13.6667 676
13.6833 675
13.7 673
13.7167 672
13.7333 671
13.75 670
13.7667 668
13.7833 667
13.8 666
13.8167 664
13.8333 663
13.85 662
13.8667 660
13.8833 659
13.9 657
13.9167 656
13.9333 655
13.95 653
13.9667 652
13.9833 650
14.0 648
14.0167 647
14.0333 645
14.05 644
14.0667 642
14.0833 640
14.1 639
14.1167 637
14.1333 636
14.15 634
14.1667 632
14.1833 630
14.2 629
14.2167 627
14.2333 625
14.25 623
14.2667 621
14.2833 620
14.3 618
14.3167 616
14.3333 614
14.35 612
14.3667 610
14.3833 608
14.4 606
14.4167 604
14.4333 602
14.45 600
14.4667 598
14.4833 596
14.5 594
14.5167 592
14.5333 590
14.55 588
14.5667 586
14.5833 584
14.6 581
14.6167 579
14.6333 577
14.65 575
14.6667 573
14.6833 570
14.7 568
14.7167 566
14.7333 564
14.75 561
14.7667 559
14.7833 557
14.8 554
14.8167 552
14.8333 549
14.85 547
14.8667 545
14.8833 542
14.9 540
14.9167 537
14.9333 535
14.95 532
14.9667 530
14.9833 527
15.0 525
15.0167 523
15.0333 520
15.05 517
15.0667 515
15.0833 512
15.1 510
15.1167 507
15.1333 504
15.15 502
15.1667 499
15.1833 496
15.2 494
15.2167 491
15.2333 488
15.25 485
15.2667 483
15.2833 480
15.3 477
15.3167 474
15.3333 471
15.35 469
15.3667 466
15.3833 463
15.4 460
15.4167 457
15.4333 454
15.45 451
15.4667 448
15.4833 446
15.5 443
15.5167 440
15.5333 437
15.55 434
15.5667 431
15.5833 428
15.6 425
15.6167 422
15.6333 419
15.65 416
15.6667 412
15.6833 409
15.7 406
15.7167 403
15.7333 400
15.75 397
15.7667 394
15.7833 391
15.8 388
15.8167 384
15.8333 381
15.85 378
15.8667 375
15.8833 372
15.9 368
15.9167 365
15.9333 362
15.95 359
15.9667 355
15.9833 352
16.0 349
16.0167 346
16.0333 342
16.05 339
16.0667 336
16.0833 332
16.1 329
16.1167 326
16.1333 322
16.15 319
16.1667 316
16.1833 312
16.2 309
16.2167 306
16.2333 302
16.25 299
16.2667 296
16.2833 292
16.3 289
16.3167 285
16.3333 282
16.35 278
16.3667 275
16.3833 272
16.4 268
16.4167 265
16.4333 261
16.45 258
16.4667 254
16.4833 251
16.5 247
16.5167 244
16.5333 241
16.55 237
16.5667 234
16.5833 230
16.6 227
16.6167 223
16.6333 220
16.65 216
16.6667 213
16.6833 209
16.7 206
16.7167 202
16.7333 199
16.75 195
16.7667 192
16.7833 188
16.8 185
16.8167 181
16.8333 178
16.85 174
16.8667 171
16.8833 167
16.9 164
16.9167 161
16.9333 157
16.95 154
16.9667 150
16.9833 147
