8.0 90
8.0167 93
8.0333 96
8.05 99
8.0667 103
8.0833 106
8.1 109
8.1167 113
8.1333 116
8.15 119
8.1667 123
8.1833 126
8.2 130
8.2167 133
8.2333 137
8.25 140
8.2667 144
8.2833 147
8.3 151
8.3167 154
8.3333 158
8.35 161
8.3667 165
8.3833 168
8.4 172
8.4167 175
8.4333 179
8.45 182
8.4667 186
8.4833 189
8.5 193
8.5167 196
8.5333 200
8.55 203
8.5667 207
8.5833 210
8.6 214
8.6167 217
8.6333 221
8.65 225
8.6667 228
8.6833 232
8.7 235
8.7167 239
8.7333 242
8.75 246
8.7667 249
8.7833 253
8.8 256
8.8167 260
8.8333 263
8.85 267
8.8667 270
8.8833 274
8.9 277
8.9167 281
8.9333 284
8.95 288
8.9667 291
8.9833 295
9.0 298
9.0167 301
9.0333 304
9.05 308
9.0667 311
9.0833 315
9.1 318
9.1167 321
9.1333 325
9.15 328
9.1667 332
9.1833 335
9.2 338
9.2167 342
9.2333 345
9.25 348
9.2667 352
9.2833 355
9.3 358
9.3167 362
9.3333 365
9.35 368
9.3667 371
9.3833 375
9.4 378
9.4167 381
9.4333 384
9.45 388
9.4667 391
9.4833 394
9.5 397
9.5167 400
9.5333 403
9.55 407
9.5667 410
9.5833 413
9.6 416
9.6167 419
9.6333 422
9.65 425
9.6667 428
9.6833 431
9.7 434
9.7167 438
9.7333 441
9.75 444
9.7667 447
9.7833 450
9.8 452
9.8167 455
9.8333 458
9.85 461
9.8667 464
9.8833 467
9.9 470
9.9167 473
9.9333 476
9.95 479
9.9667 482
9.9833 484
10.0 487
10.0167 490
10.0333 493
10.05 496
10.0667 498
10.0833 501
10.1 504
10.1167 507
10.1333 509
10.15 512
10.1667 515
10.1833 517
10.2 520
10.2167 523
10.2333 525
10.25 528
10.2667 530
10.2833 533
10.3 535
10.3167 538
10.3333 541
10.35 543
10.3667 546
10.3833 548
10.4 550
10.4167 553
10.4333 555
10.45 558
10.4667 560
10.4833 563
10.5 565
10.5167 567
10.5333 570
10.55 572
10.5667 574
10.5833 577
10.6 579
10.6167 581
10.6333 583
10.65 586
10.6667 588
10.6833 590
10.7 592
10.7167 594
10.7333 597
10.75 599
10.7667 601
10.7833 603
10.8 605
10.8167 607
10.8333 609
10.85 611
10.8667 613
10.8833 615
10.9 617
10.9167 619
10.9333 621
10.95 623
10.9667 625
10.9833 627
11.0 629
11.0167 631
11.0333 632
11.05 634
11.0667 636
11.0833 638
11.1 640
11.1167 641
11.1333 643
11.15 645
11.1667 647
11.1833 648
11.2 650
11.2167 652
11.2333 653
11.25 655
11.2667 656
11.2833 658
11.3 660
11.3167 661
11.3333 663
11.35 664
11.3667 666
11.3833 667
11.4 668
11.4167 670
11.4333 671
11.45 673
11.4667 674
11.4833 675
11.5 677
11.5167 678
11.5333 679
11.55 681
11.5667 682
11.5833 683
11.6 684
11.6167 686
11.6333 687
11.65 688
11.6667 689
11.6833 690
11.7 691
11.7167 693
11.7333 694
11.75 695
11.7667 696
11.7833 697
11.8 698
11.8167 699
11.8333 700
11.85 701
11.8667 702
11.8833 703
11.9 703
11.9167 704
11.9333 705
11.95 706
11.9667 707
11.9833 708
12.0 708
12.0167 709
12.0333 710
12.05 711
12.0667 711
12.0833 712
12.1 713
12.1167 713
12.1333 714
12.15 715
12.1667 715
12.1833 716
12.2 716
12.2167 717
12.2333 717
12.25 718
12.2667 718
12.2833 719
12.3 719
12.3167 719
12.3333 720
12.35 720
12.3667 721
12.3833 721
12.4 721
12.4167 722
12.4333 722
12.45 722
12.4667 722
12.4833 723
12.5 723
12.5167 723
12.5333 723
12.55 723
12.5667 723
12.5833 723
12.6 723
12.6167 724
12.6333 724
12.65 724
12.6667 724
12.6833 724
12.7 724
12.7167 723
12.7333 723
12.75 723
12.7667 723
12.7833 723
12.8 723
12.8167 723
12.8333 723
12.85 722
12.8667 722
12.8833 722
12.9 722
12.9167 721
12.9333 721
12.95 721
12.9667 720
12.9833 720
13.0 719
13.0167 719
13.0333 719
13.05 718
13.0667 718
13.0833 717
13.1 717
13.1167 716
13.1333 716
13.15 715
13.1667 715
13.1833 714
13.2 713
13.2167 713
13.2333 712
13.25 711
13.2667 711
13.2833 710
13.3 709
13.3167 708
13.3333 708
13.35 707
13.3667 706
13.3833 705
13.4 704
13.4167 703
13.4333 703
13.45 702
13.4667 701
13.4833 700
13.5 699
13.5167 698
13.5333 697
13.55 696
13.5667 695
13.5833 694
13.6 693
13.6167 692
13.6333 690
13.65 689
13.6667 688
13.6833 687
13.7 686
13.7167 685
13.7333 683
13.75 682
13.7667 681
13.7833 679
13.8 678
13.8167 677
13.8333 676
13.85 674
13.8667 673
13.8833 671
13.9 670
13.9167 669
13.9333 667
13.95 666
13.9667 664
13.9833 663
14.0 661
14.0167 660
14.0333 658
14.05 656
14.0667 655
14.0833 653
14.1 652
14.1167 650
14.1333 648
14.15 647
14.1667 645
14.1833 643
14.2 641
14.2167 640
14.2333 638
14.25 636
14.2667 634
14.2833 632
14.3 631
14.3167 629
14.3333 627
14.35 625
14.3667 623
14.3833 621
14.4 619
14.4167 617
14.4333 615
14.45 613
14.4667 611
14.4833 609
14.5 607
14.5167 605
14.5333 603
14.55 601
14.5667 599
14.5833 597
14.6 594
14.6167 592
14.6333 590
14.65 588
14.6667 586
14.6833 583
14.7 581
14.7167 579
14.7333 577
14.75 574
14.7667 572
14.7833 570
14.8 567
14.8167 565
14.8333 563
14.85 560
14.8667 558
14.8833 555
14.9 553
14.9167 551
14.9333 548
14.95 546
14.9667 543
14.9833 541
15.0 538
15.0167 536
15.0333 533
15.05 531
15.0667 528
15.0833 526
15.1 523
15.1167 520
15.1333 518
15.15 515
15.1667 512
15.1833 510
15.2 507
15.2167 504
15.2333 501
15.25 499
15.2667 496
15.2833 493
15.3 490
15.3167 488
15.3333 485
15.35 482
15.3667 479
15.3833 476
15.4 473
15.4167 471
15.4333 468
15.45 465
15.4667 462
15.4833 459
15.5 456
15.5167 453
15.5333 450
15.55 447
15.5667 444
15.5833 441
15.6 438
15.6167 435
15.6333 432
15.65 429
15.6667 426
15.6833 423
15.7 420
15.7167 416
15.7333 413
15.75 410
15.7667 407
15.7833 404
15.8 401
15.8167 398
15.8333 394
15.85 391
15.8667 388
15.8833 385
15.9 382
15.9167 378
15.9333 375
15.95 372
15.9667 369
15.9833 365
16.0 362
16.0167 359
16.0333 355
16.05 352
16.0667 349
16.0833 346
16.1 342
16.1167 339
16.1333 335
16.15 332
16.1667 329
16.1833 325
16.2 322
16.2167 319
16.2333 315
16.25 312
16.2667 308
16.2833 305
16.3 302
16.3167 298
16.3333 295
16.35 291
16.3667 288
16.3833 284
16.4 281
16.4167 277
16.4333 274
16.45 270
16.4667 267
16.4833 263
16.5 260
16.5167 256
16.5333 253
16.55 249
16.5667 246
16.5833 242
16.6 239
16.6167 235
16.6333 232
16.65 228
16.6667 225
16.6833 221
16.7 218
16.7167 214
16.7333 211
16.75 207
16.7667 203
16.7833 200
16.8 196
16.8167 193
16.8333 189
16.85 186
16.8667 182
16.8833 179
16.9 175
16.9167 172
16.9333 168
16.95 165
16.9667 161
16.9833 158
