8.0 100
8.0167 103
8.0333 106
8.05 109
8.0667 113
8.0833 116
8.1 119
8.1167 122
8.1333 126
8.15 129
8.1667 132
8.1833 136
8.2 139
8.2167 142
8.2333 146
8.25 149
8.2667 153
8.2833 156
8.3 159
8.3167 163
8.3333 166
8.35 169
8.3667 173
8.3833 176
8.4 180
8.4167 183
8.4333 186
8.45 190
8.4667 193
8.4833 197
8.5 200
8.5167 204
8.5333 207
8.55 210
8.5667 214
8.5833 217
8.6 221
8.6167 224
8.6333 228
8.65 231
8.6667 234
8.6833 238
8.7 241
8.7167 245
8.7333 248
8.75 252
8.7667 255
8.7833 258
8.8 262
8.8167 265
8.8333 269
8.85 272
8.8667 275
8.8833 279
8.9 282
8.9167 285
8.9333 289
8.95 292
8.9667 296
8.9833 299
9.0 302
9.0167 305
9.0333 308
9.05 312
9.0667 315
9.0833 318
9.1 322
9.1167 325
9.1333 328
9.15 331
9.1667 335
9.1833 338
9.2 341
9.2167 344
9.2333 348
9.25 351
9.2667 354
9.2833 357
9.3 361
9.3167 364
9.3333 367
9.35 370
9.3667 373
9.3833 377
9.4 380
9.4167 383
9.4333 386
9.45 389
9.4667 392
9.4833 395
9.5 398
9.5167 401
9.5333 404
9.55 408
9.5667 411
9.5833 414
9.6 417
9.6167 420
9.6333 423
9.65 426
9.6667 429
9.6833 432
9.7 435
9.7167 437
9.7333 440
9.75 443
9.7667 446
9.7833 449
9.8 452
9.8167 455
9.8333 458
9.85 461
9.8667 463
9.8833 466
9.9 469
9.9167 472
9.9333 475
9.95 477
9.9667 480
9.9833 483
10.0 485
10.0167 488
10.0333 491
10.05 494
10.0667 496
10.0833 499
10.1 502
10.1167 504
10.1333 507
10.15 509
10.1667 512
10.1833 514
10.2 517
10.2167 520
10.2333 522
10.25 525
10.2667 527
10.2833 530
10.3 532
10.3167 534
10.3333 537
10.35 539
10.3667 542
10.3833 544
10.4 546
10.4167 549
10.4333 551
10.45 553
10.4667 556
10.4833 558
10.5 560
10.5167 563
10.5333 565
10.55 567
10.5667 569
10.5833 571
10.6 574
10.6167 576
10.6333 578
10.65 580
10.6667 582
10.6833 584
10.7 586
10.7167 588
10.7333 590
10.75 593
10.7667 595
10.7833 597
10.8 599
10.8167 600
10.8333 602
10.85 604
10.8667 606
10.8833 608
10.9 610
10.9167 612
10.9333 614
10.95 616
10.9667 617
10.9833 619
11.0 621
11.0167 623
11.0333 624
11.05 626
11.0667 628
11.0833 630
11.1 631
11.1167 633
11.1333 634
11.15 636
11.1667 638
11.1833 639
11.2 641
11.2167 642
11.2333 644
11.25 645
11.2667 647
11.2833 648
11.3 650
11.3167 651
11.3333 653
11.35 654
11.3667 655
11.3833 657
11.4 658
11.4167 659
11.4333 661
11.45 662
11.4667 663
11.4833 665
11.5 666
11.5167 667
11.5333 668
11.55 669
11.5667 671
11.5833 672
11.6 673
11.6167 674
11.6333 675
11.65 676
11.6667 677
11.6833 678
11.7 679
11.7167 680
11.7333 681
11.75 682
11.7667 683
11.7833 684
11.8 685
11.8167 686
11.8333 687
11.85 687
11.8667 688
11.8833 689
11.9 690
11.9167 691
11.9333 691
11.95 692
11.9667 693
11.9833 693
12.0 694
12.0167 695
12.0333 695
12.05 696
12.0667 697
12.0833 697
12.1 698
12.1167 698
12.1333 699
12.15 699
12.1667 700
12.1833 700
12.2 701
12.2167 701
12.2333 701
12.25 702
12.2667 702
12.2833 702
12.3 703
12.3167 703
12.3333 703
12.35 704
12.3667 704
12.3833 704
12.4 704
12.4167 704
12.4333 705
12.45 705
12.4667 705
12.4833 705
12.5 705
12.5167 705
12.5333 705
12.55 705
12.5667 705
12.5833 705
12.6 705
12.6167 705
12.6333 705
12.65 705
12.6667 705
12.6833 705
12.7 704
12.7167 704
12.7333 704
12.75 704
12.7667 704
12.7833 703
12.8 703
12.8167 703
12.8333 703
12.85 702
12.8667 702
12.8833 702
12.9 701
12.9167 701
12.9333 700
12.95 700
12.9667 699
12.9833 699
13.0 698
13.0167 698
13.0333 697
13.05 697
13.0667 696
13.0833 696
13.1 695
13.1167 694
13.1333 694
13.15 693
13.1667 692
13.1833 692
13.2 691
13.2167 690
13.2333 689
13.25 689
13.2667 688
13.2833 687
13.3 686
13.3167 685
13.3333 684
13.35 683
13.3667 683
13.3833 682
13.4 681
13.4167 680
13.4333 679
13.45 678
13.4667 677
13.4833 676
13.5 674
13.5167 673
13.5333 672
13.55 671
13.5667 670
13.5833 669
13.6 668
13.6167 666
13.6333 665
13.65 664
13.6667 663
13.6833 661
13.7 660
13.7167 659
13.7333 658
13.75 656
13.7667 655
13.7833 653
13.8 652
13.8167 651
13.8333 649
13.85 648
13.8667 646
13.8833 645
13.9 643
13.9167 642
13.9333 640
13.95 639
13.9667 637
13.9833 635
14.0 634
14.0167 632
14.0333 630
14.05 629
14.0667 627
14.0833 625
14.1 624
14.1167 622
14.1333 620
14.15 618
14.1667 616
14.1833 615
14.2 613
14.2167 611
14.2333 609
14.25 607
14.2667 605
14.2833 603
14.3 601
14.3167 600
14.3333 598
14.35 596
14.3667 594
14.3833 592
14.4 590
14.4167 587
14.4333 585
14.45 583
14.4667 581
14.4833 579
14.5 577
14.5167 575
14.5333 573
14.55 570
14.5667 568
14.5833 566
14.6 564
14.6167 562
14.6333 559
14.65 557
14.6667 555
14.6833 552
14.7 550
14.7167 548
14.7333 545
14.75 543
14.7667 541
14.7833 538
14.8 536
14.8167 533
14.8333 531
14.85 528
14.8667 526
14.8833 523
14.9 521
14.9167 518
14.9333 516
14.95 513
14.9667 511
14.9833 508
15.0 505
15.0167 503
15.0333 500
15.05 498
15.0667 495
15.0833 492
15.1 490
15.1167 487
15.1333 484
15.15 481
15.1667 479
15.1833 476
15.2 473
15.2167 470
15.2333 468
15.25 465
15.2667 462
15.2833 459
15.3 456
15.3167 453
15.3333 451
15.35 448
15.3667 445
15.3833 442
15.4 439
15.4167 436
15.4333 433
15.45 430
15.4667 427
15.4833 424
15.5 421
15.5167 418
15.5333 415
15.55 412
15.5667 409
15.5833 406
15.6 403
15.6167 400
15.6333 397
15.65 394
15.6667 391
15.6833 388
15.7 384
15.7167 381
15.7333 378
15.75 375
15.7667 372
15.7833 369
15.8 366
15.8167 362
15.8333 359
15.85 356
15.8667 353
15.8833 350
15.9 346
15.9167 343
15.9333 340
15.95 337
15.9667 333
15.9833 330
16.0 327
16.0167 323
16.0333 320
16.05 317
16.0667 313
16.0833 310
16.1 307
16.1167 303
16.1333 300
16.15 297
16.1667 293
16.1833 290
16.2 287
16.2167 283
16.2333 280
16.25 277
16.2667 273
16.2833 270
16.3 266
16.3167 263
16.3333 260
16.35 256
16.3667 253
16.3833 249
16.4 246
16.4167 243
16.4333 239
16.45 236
16.4667 232
16.4833 229
16.5 225
16.5167 222
16.5333 219
16.55 215
16.5667 212
16.5833 208
16.6 205
16.6167 201
16.6333 198
16.65 195
16.6667 191
16.6833 188
16.7 184
16.7167 181
16.7333 177
16.75 174
16.7667 171
16.7833 167
16.8 164
16.8167 161
16.8333 157
16.85 154
16.8667 150
16.8833 147
16.9 144
16.9167 140
16.9333 137
16.95 134
16.9667 130
16.9833 127
