8.0 66
8.0167 69
8.0333 71
8.05 74
8.0667 77
8.0833 80
8.1 83
8.1167 86
8.1333 89
8.15 92
8.1667 95
8.1833 98
8.2 101
8.2167 104
8.2333 107
8.25 110
8.2667 113
8.2833 116
8.3 119
8.3167 122
8.3333 126
8.35 129
8.3667 132
8.3833 135
8.4 138
8.4167 142
8.4333 145
8.45 148
8.4667 151
8.4833 155
8.5 158
8.5167 161
8.5333 165
8.55 168
8.5667 171
8.5833 175
8.6 178
8.6167 181
8.6333 185
8.65 188
8.6667 191
8.6833 195
8.7 198
8.7167 201
8.7333 205
8.75 208
8.7667 211
8.7833 215
8.8 218
8.8167 221
8.8333 225
8.85 228
8.8667 231
8.8833 235
8.9 238
8.9167 241
8.9333 245
8.95 248
8.9667 252
8.9833 255
9.0 258
9.0167 261
9.0333 265
9.05 268
9.0667 271
9.0833 275
9.1 278
9.1167 281
9.1333 284
9.15 288
9.1667 291
9.1833 294
9.2 298
9.2167 301
9.2333 304
9.25 307
9.2667 311
9.2833 314
9.3 317
9.3167 320
9.3333 324
9.35 327
9.3667 330
9.3833 333
9.4 336
9.4167 340
9.4333 343
9.45 346
9.4667 349
9.4833 352
9.5 355
9.5167 358
9.5333 362
9.55 365
9.5667 368
9.5833 371
9.6 374
9.6167 377
9.6333 380
9.65 383
9.6667 386
9.6833 389
9.7 392
9.7167 395
9.7333 398
9.75 401
9.7667 404
9.7833 407
9.8 410
9.8167 413
9.8333 416
9.85 419
9.8667 422
9.8833 425
9.9 428
9.9167 431
9.9333 433
9.95 436
9.9667 439
9.9833 442
10.0 445
10.0167 448
10.0333 450
10.05 453
10.0667 456
10.0833 459
10.1 461
10.1167 464
10.1333 467
10.15 469
10.1667 472
10.1833 475
10.2 477
10.2167 480
10.2333 483
10.25 485
10.2667 488
10.2833 491
10.3 493
10.3167 496
10.3333 498
10.35 501
10.3667 503
10.3833 506
10.4 508
10.4167 511
10.4333 513
10.45 516
10.4667 518
10.4833 520
10.5 523
10.5167 525
10.5333 528
10.55 530
10.5667 532
10.5833 535
10.6 537
10.6167 539
10.6333 541
10.65 544
10.6667 546
10.6833 548
10.7 550
10.7167 553
10.7333 555
10.75 557
10.7667 559
10.7833 561
10.8 563
10.8167 565
10.8333 567
10.85 569
10.8667 572
10.8833 574
10.9 576
10.9167 578
10.9333 580
10.95 582
10.9667 583
10.9833 585
11.0 587
11.0167 589
11.0333 591
11.05 593
11.0667 595
11.0833 597
11.1 598
11.1167 600
11.1333 602
11.15 604
11.1667 606
11.1833 607
11.2 609
11.2167 611
11.2333 612
11.25 614
11.2667 616
11.2833 617
11.3 619
11.3167 620
11.3333 622
11.35 624
11.3667 625
11.3833 627
11.4 628
11.4167 630
11.4333 631
11.45 632
11.4667 634
11.4833 635
11.5 637
11.5167 638
11.5333 639
11.55 641
11.5667 642
11.5833 643
11.6 645
11.6167 646
11.6333 647
11.65 648
11.6667 650
11.6833 651
11.7 652
11.7167 653
11.7333 654
11.75 655
11.7667 656
11.7833 657
11.8 658
11.8167 660
11.8333 661
11.85 662
11.8667 663
11.8833 663
11.9 664
11.9167 665
11.9333 666
11.95 667
11.9667 668
11.9833 669
12.0 670
12.0167 670
12.0333 671
12.05 672
12.0667 673
12.0833 674
12.1 674
12.1167 675
12.1333 676
12.15 676
12.1667 677
12.1833 678
12.2 678
12.2167 679
12.2333 679
12.25 680
12.2667 680
12.2833 681
12.3 681
12.3167 682
12.3333 682
12.35 683
12.3667 683
12.3833 683
12.4 684
12.4167 684
12.4333 685
12.45 685
12.4667 685
12.4833 685
12.5 686
12.5167 686
12.5333 686
12.55 686
12.5667 686
12.5833 687
12.6 687
12.6167 687
12.6333 687
12.65 687
12.6667 687
12.6833 687
12.7 687
12.7167 687
12.7333 687
12.75 687
12.7667 687
12.7833 687
12.8 687
12.8167 687
12.8333 687
12.85 686
12.8667 686
12.8833 686
12.9 686
12.9167 686
12.9333 685
12.95 685
12.9667 685
12.9833 684
13.0 684
13.0167 684
13.0333 683
13.05 683
13.0667 683
13.0833 682
13.1 682
13.1167 681
13.1333 681
13.15 680
13.1667 680
13.1833 679
13.2 679
13.2167 678
13.2333 678
13.25 677
13.2667 676
13.2833 676
13.3 675
13.3167 674
13.3333 674
13.35 673
13.3667 672
13.3833 671
13.4 670
13.4167 670
13.4333 669
13.45 668
13.4667 667
13.4833 666
13.5 665
13.5167 664
13.5333 663
13.55 662
13.5667 662
13.5833 661
13.6 660
13.6167 658
13.6333 657
13.65 656
13.6667 655
13.6833 654
13.7 653
13.7167 652
13.7333 651
13.75 650
13.7667 648
13.7833 647
13.8 646
13.8167 645
13.8333 643
13.85 642
13.8667 641
13.8833 639
13.9 638
13.9167 637
13.9333 635
13.95 634
13.9667 632
13.9833 631
14.0 630
14.0167 628
14.0333 627
14.05 625
14.0667 623
14.0833 622
14.1 620
14.1167 619
14.1333 617
14.15 616
14.1667 614
14.1833 612
14.2 611
14.2167 609
14.2333 607
14.25 605
14.2667 604
14.2833 602
14.3 600
14.3167 598
14.3333 597
14.35 595
14.3667 593
14.3833 591
14.4 589
14.4167 587
14.4333 585
14.45 583
14.4667 581
14.4833 580
14.5 578
14.5167 576
14.5333 574
14.55 571
14.5667 569
14.5833 567
14.6 565
14.6167 563
14.6333 561
14.65 559
14.6667 557
14.6833 555
14.7 552
14.7167 550
14.7333 548
14.75 546
14.7667 544
14.7833 541
14.8 539
14.8167 537
14.8333 535
14.85 532
14.8667 530
14.8833 527
14.9 525
14.9167 523
14.9333 520
14.95 518
14.9667 516
14.9833 513
15.0 511
15.0167 509
15.0333 506
15.05 504
15.0667 501
15.0833 499
15.1 496
15.1167 494
15.1333 491
15.15 488
15.1667 486
15.1833 483
15.2 481
15.2167 478
15.2333 475
15.25 473
15.2667 470
15.2833 467
15.3 464
15.3167 462
15.3333 459
15.35 456
15.3667 454
15.3833 451
15.4 448
15.4167 445
15.4333 442
15.45 440
15.4667 437
15.4833 434
15.5 431
15.5167 428
15.5333 425
15.55 422
15.5667 419
15.5833 417
15.6 414
15.6167 411
15.6333 408
15.65 405
15.6667 402
15.6833 399
15.7 396
15.7167 393
15.7333 390
15.75 387
15.7667 384
15.7833 381
15.8 378
15.8167 374
15.8333 371
15.85 368
15.8667 365
15.8833 362
15.9 359
15.9167 356
15.9333 353
15.95 350
15.9667 346
15.9833 343
16.0 340
16.0167 337
16.0333 334
16.05 330
16.0667 327
16.0833 324
16.1 321
16.1167 318
16.1333 314
16.15 311
16.1667 308
16.1833 305
16.2 301
16.2167 298
16.2333 295
16.25 291
16.2667 288
16.2833 285
16.3 282
16.3167 278
16.3333 275
16.35 272
16.3667 268
16.3833 265
16.4 262
16.4167 258
16.4333 255
16.45 252
16.4667 248
16.4833 245
16.5 242
16.5167 238
16.5333 235
16.55 232
16.5667 228
16.5833 225
16.6 222
16.6167 218
16.6333 215
16.65 212
16.6667 208
16.6833 205
16.7 201
16.7167 198
16.7333 195
16.75 191
16.7667 188
16.7833 185
16.8 181
16.8167 178
16.8333 175
16.85 171
16.8667 168
16.8833 165
16.9 162
16.9167 158
16.9333 155
16.95 152
16.9667 148
16.9833 145
