8.0 82
8.0167 85
8.0333 88
8.05 91
8.0667 94
8.0833 97
8.1 100
8.1167 103
8.1333 106
8.15 109
8.1667 112
8.1833 115
8.2 118
8.2167 121
8.2333 125
8.25 128
8.2667 131
8.2833 134
8.3 137
8.3167 140
8.3333 144
8.35 147
8.3667 150
8.3833 153
8.4 157
8.4167 160
8.4333 163
8.45 167
8.4667 170
8.4833 173
8.5 176
8.5167 180
8.5333 183
8.55 186
8.5667 190
8.5833 193
8.6 196
8.6167 200
8.6333 203
8.65 206
8.6667 210
8.6833 213
8.7 216
8.7167 220
8.7333 223
8.75 226
8.7667 230
8.7833 233
8.8 236
8.8167 240
8.8333 243
8.85 246
8.8667 250
8.8833 253
8.9 256
8.9167 260
8.9333 263
8.95 266
8.9667 270
8.9833 273
9.0 276
9.0167 279
9.0333 282
9.05 286
9.0667 289
9.0833 292
9.1 295
9.1167 299
9.1333 302
9.15 305
9.1667 308
9.1833 312
9.2 315
9.2167 318
9.2333 321
9.25 324
9.2667 328
9.2833 331
9.3 334
9.3167 337
9.3333 340
9.35 344
9.3667 347
9.3833 350
9.4 353
9.4167 356
9.4333 359
9.45 362
9.4667 365
9.4833 368
9.5 372
9.5167 375
9.5333 378
9.55 381
9.5667 384
9.5833 387
9.6 390
9.6167 393
9.6333 396
9.65 399
9.6667 402
9.6833 405
9.7 408
9.7167 411
9.7333 414
9.75 416
9.7667 419
9.7833 422
9.8 425
9.8167 428
9.8333 431
9.85 434
9.8667 436
9.8833 439
9.9 442
9.9167 445
9.9333 448
9.95 450
9.9667 453
9.9833 456
10.0 459
10.0167 461
10.0333 464
10.05 467
10.0667 469
10.0833 472
10.1 475
10.1167 477
10.1333 480
10.15 483
10.1667 485
10.1833 488
10.2 490
10.2167 493
10.2333 495
10.25 498
10.2667 500
10.2833 503
10.3 505
10.3167 508
10.3333 510
10.35 513
10.3667 515
10.3833 518
10.4 520
10.4167 522
10.4333 525
10.45 527
10.4667 529
10.4833 532
10.5 534
10.5167 536
10.5333 539
10.55 541
10.5667 543
10.5833 545
10.6 548
10.6167 550
10.6333 552
10.65 554
10.6667 556
10.6833 558
10.7 560
10.7167 563
10.7333 565
10.75 567
10.7667 569
10.7833 571
10.8 573
10.8167 575
10.8333 577
10.85 579
10.8667 581
10.8833 583
10.9 584
10.9167 586
10.9333 588
10.95 590
10.9667 592
10.9833 594
11.0 596
11.0167 597
11.0333 599
11.05 601
11.0667 603
11.0833 604
11.1 606
11.1167 608
11.1333 609
11.15 611
11.1667 613
11.1833 614
11.2 616
11.2167 617
11.2333 619
11.25 621
11.2667 622
11.2833 624
11.3 625
11.3167 627
11.3333 628
11.35 629
11.3667 631
11.3833 632
11.4 634
11.4167 635
11.4333 636
11.45 638
11.4667 639
11.4833 640
11.5 642
11.5167 643
11.5333 644
11.55 645
11.5667 647
11.5833 648
11.6 649
11.6167 650
11.6333 651
11.65 652
11.6667 653
11.6833 654
11.7 656
11.7167 657
11.7333 658
11.75 659
11.7667 660
11.7833 660
11.8 661
11.8167 662
11.8333 663
11.85 664
11.8667 665
11.8833 666
11.9 667
11.9167 667
11.9333 668
11.95 669
11.9667 670
11.9833 671
12.0 671
12.0167 672
12.0333 673
12.05 673
12.0667 674
12.0833 675
12.1 675
12.1167 676
12.1333 676
12.15 677
12.1667 677
12.1833 678
12.2 678
12.2167 679
12.2333 679
12.25 680
12.2667 680
12.2833 680
12.3 681
12.3167 681
12.3333 682
12.35 682
12.3667 682
12.3833 682
12.4 683
12.4167 683
12.4333 683
12.45 683
12.4667 683
12.4833 684
12.5 684
12.5167 684
12.5333 684
12.55 684
12.5667 684
12.5833 684
12.6 684
12.6167 684
12.6333 684
12.65 684
12.6667 684
12.6833 684
12.7 684
12.7167 684
12.7333 684
12.75 683
12.7667 683
12.7833 683
12.8 683
12.8167 683
12.8333 682
12.85 682
12.8667 682
12.8833 682
12.9 681
12.9167 681
12.9333 681
12.95 680
12.9667 680
12.9833 679
13.0 679
13.0167 678
13.0333 678
13.05 677
13.0667 677
13.0833 676
13.1 676
13.1167 675
13.1333 675
13.15 674
13.1667 673
13.1833 673
13.2 672
13.2167 671
13.2333 671
13.25 670
13.2667 669
13.2833 668
13.3 668
13.3167 667
13.3333 666
13.35 665
13.3667 664
13.3833 663
13.4 662
13.4167 662
13.4333 661
13.45 660
13.4667 659
13.4833 658
13.5 657
13.5167 656
13.5333 655
13.55 654
13.5667 652
13.5833 651
13.6 650
13.6167 649
13.6333 648
13.65 647
13.6667 645
13.6833 644
13.7 643
13.7167 642
13.7333 641
13.75 639
13.7667 638
13.7833 637
13.8 635
13.8167 634
13.8333 633
13.85 631
13.8667 630
13.8833 628
13.9 627
13.9167 625
13.9333 624
13.95 622
13.9667 621
13.9833 619
14.0 618
14.0167 616
14.0333 615
14.05 613
14.0667 611
14.0833 610
14.1 608
14.1167 606
14.1333 605
14.15 603
14.1667 601
14.1833 599
14.2 598
14.2167 596
14.2333 594
14.25 592
14.2667 590
14.2833 588
14.3 587
14.3167 585
14.3333 583
14.35 581
14.3667 579
14.3833 577
14.4 575
14.4167 573
14.4333 571
14.45 569
14.4667 567
14.4833 565
14.5 563
14.5167 561
14.5333 559
14.55 556
14.5667 554
14.5833 552
14.6 550
14.6167 548
14.6333 546
14.65 543
14.6667 541
14.6833 539
14.7 537
14.7167 534
14.7333 532
14.75 530
14.7667 527
14.7833 525
14.8 523
14.8167 520
14.8333 518
14.85 516
14.8667 513
14.8833 511
14.9 508
14.9167 506
14.9333 503
14.95 501
14.9667 498
14.9833 496
15.0 493
15.0167 491
15.0333 488
15.05 486
15.0667 483
15.0833 481
15.1 478
15.1167 475
15.1333 473
15.15 470
15.1667 467
15.1833 465
15.2 462
15.2167 459
15.2333 456
15.25 454
15.2667 451
15.2833 448
15.3 445
15.3167 443
15.3333 440
15.35 437
15.3667 434
15.3833 431
15.4 429
15.4167 426
15.4333 423
15.45 420
15.4667 417
15.4833 414
15.5 411
15.5167 408
15.5333 405
15.55 402
15.5667 399
15.5833 396
15.6 393
15.6167 390
15.6333 387
15.65 384
15.6667 381
15.6833 378
15.7 375
15.7167 372
15.7333 369
15.75 366
15.7667 363
15.7833 360
15.8 357
15.8167 354
15.8333 350
15.85 347
15.8667 344
15.8833 341
15.9 338
15.9167 335
15.9333 332
15.95 328
15.9667 325
15.9833 322
16.0 319
16.0167 315
16.0333 312
16.05 309
16.0667 306
16.0833 303
16.1 299
16.1167 296
16.1333 293
16.15 290
16.1667 286
16.1833 283
16.2 280
16.2167 276
16.2333 273
16.25 270
16.2667 266
16.2833 263
16.3 260
16.3167 257
16.3333 253
16.35 250
16.3667 247
16.3833 243
16.4 240
16.4167 237
16.4333 233
16.45 230
16.4667 227
16.4833 223
16.5 220
16.5167 217
16.5333 213
16.55 210
16.5667 207
16.5833 203
16.6 200
16.6167 197
16.6333 193
16.65 190
16.6667 187
16.6833 183
16.7 180
16.7167 177
16.7333 173
16.75 170
16.7667 167
16.7833 163
16.8 160
16.8167 157
16.8333 154
16.85 150
16.8667 147
16.8833 144
16.9 141
16.9167 137
16.9333 134
16.95 131
16.9667 128
16.9833 125
