8.0 109
8.0167 112
8.0333 115
8.05 119
8.0667 122
8.0833 125
8.1 128
8.1167 132
8.1333 135
8.15 138
8.1667 142
8.1833 145
8.2 148
8.2167 152
8.2333 155
8.25 158
8.2667 162
8.2833 165
8.3 169
8.3167 172
8.3333 175
8.35 179
8.3667 182
8.3833 186
8.4 189
8.4167 192
8.4333 196
8.45 199
8.4667 203
8.4833 206
8.5 210
8.5167 213
8.5333 216
8.55 220
8.5667 223
8.5833 227
8.6 230
8.6167 234
8.6333 237
8.65 240
8.6667 244
8.6833 247
8.7 251
8.7167 254
8.7333 257
8.75 261
8.7667 264
8.7833 268
8.8 271
8.8167 275
8.8333 278
8.85 281
8.8667 285
8.8833 288
8.9 291
8.9167 295
8.9333 298
8.95 301
8.9667 305
8.9833 308
9.0 312
9.0167 314
9.0333 317
9.05 321
9.0667 324
9.0833 327
9.1 331
9.1167 334
9.1333 337
9.15 340
9.1667 344
9.1833 347
9.2 350
9.2167 353
9.2333 357
9.25 360
9.2667 363
9.2833 366
9.3 370
9.3167 373
9.3333 376
9.35 379
9.3667 382
9.3833 385
9.4 388
9.4167 392
9.4333 395
9.45 398
9.4667 401
9.4833 404
9.5 407
9.5167 410
9.5333 413
9.55 416
9.5667 419
9.5833 422
9.6 425
9.6167 428
9.6333 431
9.65 434
9.6667 437
9.6833 440
9.7 443
9.7167 446
9.7333 449
9.75 452
9.7667 455
9.7833 457
9.8 460
9.8167 463
9.8333 466
9.85 469
9.8667 472
9.8833 474
9.9 477
9.9167 480
9.9333 483
9.95 485
9.9667 488
9.9833 491
10.0 494
10.0167 496
10.0333 499
10.05 502
10.0667 504
10.0833 507
10.1 509
10.1167 512
10.1333 515
10.15 517
10.1667 520
10.1833 522
10.2 525
10.2167 527
10.2333 530
10.25 532
10.2667 535
10.2833 537
10.3 540
10.3167 542
10.3333 544
10.35 547
10.3667 549
10.3833 551
10.4 554
10.4167 556
10.4333 558
10.45 561
10.4667 563
10.4833 565
10.5 568
10.5167 570
10.5333 572
10.55 574
10.5667 576
10.5833 579
10.6 581
10.6167 583
10.6333 585
10.65 587
10.6667 589
10.6833 591
10.7 593
10.7167 595
10.7333 597
10.75 599
10.7667 601
10.7833 603
10.8 605
10.8167 607
10.8333 609
10.85 611
10.8667 613
10.8833 615
10.9 616
10.9167 618
10.9333 620
10.95 622
10.9667 624
10.9833 625
11.0 627
11.0167 629
11.0333 631
11.05 632
11.0667 634
11.0833 636
11.1 637
11.1167 639
11.1333 640
11.15 642
11.1667 644
11.1833 645
11.2 647
11.2167 648
11.2333 650
11.25 651
11.2667 653
11.2833 654
11.3 655
11.3167 657
11.3333 658
11.35 660
11.3667 661
11.3833 662
11.4 664
11.4167 665
11.4333 666
11.45 667
11.4667 669
11.4833 670
11.5 671
11.5167 672
11.5333 673
11.55 674
11.5667 676
11.5833 677
11.6 678
11.6167 679
11.6333 680
11.65 681
11.6667 682
11.6833 683
11.7 684
11.7167 685
11.7333 686
11.75 687
11.7667 688
11.7833 688
11.8 689
11.8167 690
11.8333 691
11.85 692
11.8667 693
11.8833 693
11.9 694
11.9167 695
11.9333 695
11.95 696
11.9667 697
11.9833 697
12.0 698
12.0167 699
12.0333 699
12.05 700
12.0667 700
12.0833 701
12.1 701
12.1167 702
12.1333 702
12.15 703
12.1667 703
12.1833 704
12.2 704
12.2167 704
12.2333 705
12.25 705
12.2667 705
12.2833 706
12.3 706
12.3167 706
12.3333 706
12.35 707
12.3667 707
12.3833 707
12.4 707
12.4167 707
12.4333 707
12.45 708
12.4667 708
12.4833 708
12.5 708
12.5167 708
12.5333 708
12.55 708
12.5667 708
12.5833 708
12.6 708
12.6167 708
12.6333 707
12.65 707
12.6667 707
12.6833 707
12.7 707
12.7167 707
12.7333 706
12.75 706
12.7667 706
12.7833 705
12.8 705
12.8167 705
12.8333 704
12.85 704
12.8667 704
12.8833 703
12.9 703
12.9167 702
12.9333 702
12.95 702
12.9667 701
12.9833 700
13.0 700
13.0167 699
13.0333 699
13.05 698
13.0667 698
13.0833 697
13.1 696
13.1167 696
13.1333 695
13.15 694
13.1667 693
13.1833 693
13.2 692
13.2167 691
13.2333 690
13.25 689
13.2667 689
13.2833 688
13.3 687
13.3167 686
13.3333 685
13.35 684
13.3667 683
13.3833 682
13.4 681
13.4167 680
13.4333 679
13.45 678
13.4667 677
13.4833 676
13.5 675
13.5167 674
13.5333 672
13.55 671
13.5667 670
13.5833 669
13.6 668
13.6167 666
13.6333 665
13.65 664
13.6667 663
13.6833 661
13.7 660
13.7167 659
13.7333 657
13.75 656
13.7667 654
13.7833 653
13.8 651
13.8167 650
13.8333 649
13.85 647
13.8667 645
13.8833 644
13.9 642
13.9167 641
13.9333 639
13.95 638
13.9667 636
13.9833 634
14.0 633
14.0167 631
14.0333 629
14.05 628
14.0667 626
14.0833 624
14.1 622
14.1167 620
14.1333 619
14.15 617
14.1667 615
14.1833 613
14.2 611
14.2167 609
14.2333 608
14.25 606
14.2667 604
14.2833 602
14.3 600
14.3167 598
14.3333 596
14.35 594
14.3667 592
14.3833 590
14.4 587
14.4167 585
14.4333 583
14.45 581
14.4667 579
14.4833 577
14.5 575
14.5167 572
14.5333 570
14.55 568
14.5667 566
14.5833 564
14.6 561
14.6167 559
14.6333 557
14.65 554
14.6667 552
14.6833 550
14.7 547
14.7167 545
14.7333 543
14.75 540
14.7667 538
14.7833 535
14.8 533
14.8167 530
14.8333 528
14.85 525
14.8667 523
14.8833 520
14.9 518
14.9167 515
14.9333 513
14.95 510
14.9667 507
14.9833 505
15.0 502
15.0167 499
15.0333 497
15.05 494
15.0667 491
15.0833 489
15.1 486
15.1167 483
15.1333 480
15.15 478
15.1667 475
15.1833 472
15.2 469
15.2167 466
15.2333 464
15.25 461
15.2667 458
15.2833 455
15.3 452
15.3167 449
15.3333 446
15.35 444
15.3667 441
15.3833 438
15.4 435
15.4167 432
15.4333 429
15.45 426
15.4667 423
15.4833 420
15.5 417
15.5167 414
15.5333 411
15.55 408
15.5667 405
15.5833 402
15.6 398
15.6167 395
15.6333 392
15.65 389
15.6667 386
15.6833 383
15.7 380
15.7167 377
15.7333 373
15.75 370
15.7667 367
15.7833 364
15.8 361
15.8167 357
15.8333 354
15.85 351
15.8667 348
15.8833 344
15.9 341
15.9167 338
15.9333 335
15.95 331
15.9667 328
15.9833 325
16.0 321
16.0167 318
16.0333 315
16.05 312
16.0667 308
16.0833 305
16.1 302
16.1167 298
16.1333 295
16.15 291
16.1667 288
16.1833 285
16.2 281
16.2167 278
16.2333 275
16.25 271
16.2667 268
16.2833 264
16.3 261
16.3167 258
16.3333 254
16.35 251
16.3667 247
16.3833 244
16.4 240
16.4167 237
16.4333 234
16.45 230
16.4667 227
16.4833 223
16.5 220
16.5167 216
16.5333 213
16.55 210
16.5667 206
16.5833 203
16.6 199
16.6167 196
16.6333 193
16.65 189
16.6667 186
16.6833 182
16.7 179
16.7167 175
16.7333 172
16.75 169
16.7667 165
16.7833 162
16.8 159
16.8167 155
16.8333 152
16.85 149
16.8667 145
16.8833 142
16.9 139
16.9167 135
16.9333 132
16.95 129
16.9667 125
16.9833 122
