8.0 102
8.0167 105
8.0333 108
8.05 110
8.0667 113
8.0833 116
8.1 119
8.1167 122
8.1333 125
8.15 128
8.1667 131
8.1833 135
8.2 138
8.2167 141
8.2333 144
8.25 147
8.2667 150
8.2833 153
8.3 157
8.3167 160
8.3333 163
8.35 166
8.3667 169
8.3833 173
8.4 176
8.4167 179
8.4333 182
8.45 186
8.4667 189
8.4833 192
8.5 195
8.5167 199
8.5333 202
8.55 205
8.5667 208
8.5833 212
8.6 215
8.6167 218
8.6333 221
8.65 225
8.6667 228
8.6833 231
8.7 234
8.7167 238
8.7333 241
8.75 244
8.7667 248
8.7833 251
8.8 254
8.8167 257
8.8333 261
8.85 264
8.8667 267
8.8833 270
8.9 274
8.9167 277
8.9333 280
8.95 283
8.9667 286
8.9833 290
9.0 293
9.0167 295
9.0333 299
9.05 302
9.0667 305
9.0833 308
9.1 311
9.1167 315
9.1333 318
9.15 321
9.1667 324
9.1833 327
9.2 330
9.2167 333
9.2333 337
9.25 340
9.2667 343
9.2833 346
9.3 349
9.3167 352
9.3333 355
9.35 358
9.3667 361
9.3833 364
9.4 367
9.4167 370
9.4333 373
9.45 376
9.4667 380
9.4833 382
9.5 385
9.5167 388
9.5333 391
9.55 394
9.5667 397
9.5833 400
9.6 403
9.6167 406
9.6333 409
9.65 412
9.6667 415
9.6833 418
9.7 420
9.7167 423
9.7333 426
9.75 429
9.7667 432
9.7833 435
9.8 437
9.8167 440
9.8333 443
9.85 446
9.8667 448
9.8833 451
9.9 454
9.9167 457
9.9333 459
9.95 462
9.9667 465
9.9833 467
10.0 470
10.0167 472
10.0333 475
10.05 478
10.0667 480
10.0833 483
10.1 485
10.1167 488
10.1333 490
10.15 493
10.1667 495
10.1833 498
10.2 500
10.2167 503
10.2333 505
10.25 508
10.2667 510
10.2833 512
10.3 515
10.3167 517
10.3333 520
10.35 522
10.3667 524
10.3833 527
10.4 529
10.4167 531
10.4333 533
10.45 536
10.4667 538
10.4833 540
10.5 542
10.5167 544
10.5333 547
10.55 549
10.5667 551
10.5833 553
10.6 555
10.6167 557
10.6333 559
10.65 561
10.6667 563
10.6833 565
10.7 567
10.7167 569
10.7333 571
10.75 573
10.7667 575
10.7833 577
10.8 579
10.8167 581
10.8333 583
10.85 585
10.8667 586
10.8833 588
10.9 590
10.9167 592
10.9333 594
10.95 595
10.9667 597
10.9833 599
11.0 601
11.0167 602
11.0333 604
11.05 606
11.0667 607
11.0833 609
11.1 610
11.1167 612
11.1333 613
11.15 615
11.1667 617
11.1833 618
11.2 620
11.2167 621
11.2333 622
11.25 624
11.2667 625
11.2833 627
11.3 628
11.3167 629
11.3333 631
11.35 632
11.3667 633
11.3833 635
11.4 636
11.4167 637
11.4333 639
11.45 640
11.4667 641
11.4833 642
11.5 643
11.5167 644
11.5333 646
11.55 647
11.5667 648
11.5833 649
11.6 650
11.6167 651
11.6333 652
11.65 653
11.6667 654
11.6833 655
11.7 656
11.7167 657
11.7333 658
11.75 658
11.7667 659
11.7833 660
11.8 661
11.8167 662
11.8333 663
11.85 663
11.8667 664
11.8833 665
11.9 666
11.9167 666
11.9333 667
11.95 668
11.9667 668
11.9833 669
12.0 669
12.0167 670
12.0333 671
12.05 671
12.0667 672
12.0833 672
12.1 673
12.1167 673
12.1333 674
12.15 674
12.1667 674
12.1833 675
12.2 675
12.2167 675
12.2333 676
12.25 676
12.2667 676
12.2833 677
12.3 677
12.3167 677
12.3333 677
12.35 678
12.3667 678
12.3833 678
12.4 678
12.4167 678
12.4333 678
12.45 678
12.4667 678
12.4833 678
12.5 678
12.5167 678
12.5333 678
12.55 678
12.5667 678
12.5833 678
12.6 678
12.6167 678
12.6333 678
12.65 678
12.6667 677
12.6833 677
12.7 677
12.7167 677
12.7333 677
12.75 676
12.7667 676
12.7833 676
12.8 675
12.8167 675
12.8333 675
12.85 674
12.8667 674
12.8833 673
12.9 673
12.9167 673
12.9333 672
12.95 672
12.9667 671
12.9833 670
13.0 670
13.0167 669
13.0333 669
13.05 668
13.0667 667
13.0833 667
13.1 666
13.1167 665
13.1333 665
13.15 664
13.1667 663
13.1833 663
13.2 662
13.2167 661
13.2333 660
13.25 659
13.2667 658
13.2833 657
13.3 657
13.3167 656
13.3333 655
13.35 654
13.3667 653
13.3833 652
13.4 651
13.4167 650
13.4333 649
13.45 648
13.4667 647
13.4833 645
13.5 644
13.5167 643
13.5333 642
13.55 641
13.5667 640
13.5833 638
13.6 637
13.6167 636
13.6333 635
13.65 633
13.6667 632
13.6833 631
13.7 629
13.7167 628
13.7333 627
13.75 625
13.7667 624
13.7833 622
13.8 621
13.8167 619
13.8333 618
13.85 616
13.8667 615
13.8833 613
13.9 612
13.9167 610
13.9333 609
13.95 607
13.9667 605
13.9833 604
14.0 602
14.0167 600
14.0333 599
14.05 597
14.0667 595
14.0833 593
14.1 592
14.1167 590
14.1333 588
14.15 586
14.1667 584
14.1833 583
14.2 581
14.2167 579
14.2333 577
14.25 575
14.2667 573
14.2833 571
14.3 569
14.3167 567
14.3333 565
14.35 563
14.3667 561
14.3833 559
14.4 557
14.4167 555
14.4333 553
14.45 551
14.4667 548
14.4833 546
14.5 544
14.5167 542
14.5333 540
14.55 538
14.5667 535
14.5833 533
14.6 531
14.6167 529
14.6333 526
14.65 524
14.6667 522
14.6833 519
14.7 517
14.7167 515
14.7333 512
14.75 510
14.7667 507
14.7833 505
14.8 503
14.8167 500
14.8333 498
14.85 495
14.8667 493
14.8833 490
14.9 488
14.9167 485
14.9333 482
14.95 480
14.9667 477
14.9833 475
15.0 472
15.0167 469
15.0333 467
15.05 464
15.0667 461
15.0833 459
15.1 456
15.1167 453
15.1333 451
15.15 448
15.1667 445
15.1833 442
15.2 440
15.2167 437
15.2333 434
15.25 431
15.2667 428
15.2833 426
15.3 423
15.3167 420
15.3333 417
15.35 414
15.3667 411
15.3833 408
15.4 406
15.4167 403
15.4333 400
15.45 397
15.4667 394
15.4833 391
15.5 388
15.5167 385
15.5333 382
15.55 379
15.5667 376
15.5833 373
15.6 370
15.6167 367
15.6333 364
15.65 361
15.6667 358
15.6833 355
15.7 352
15.7167 348
15.7333 345
15.75 342
15.7667 339
15.7833 336
15.8 333
15.8167 330
15.8333 327
15.85 324
15.8667 320
15.8833 317
15.9 314
15.9167 311
15.9333 308
15.95 304
15.9667 301
15.9833 298
16.0 295
16.0167 292
16.0333 288
16.05 285
16.0667 282
16.0833 279
16.1 276
16.1167 272
16.1333 269
16.15 266
16.1667 263
16.1833 259
16.2 256
16.2167 253
16.2333 250
16.25 246
16.2667 243
16.2833 240
16.3 237
16.3167 233
16.3333 230
16.35 227
16.3667 223
16.3833 220
16.4 217
16.4167 214
16.4333 210
16.45 207
16.4667 204
16.4833 201
16.5 197
16.5167 194
16.5333 191
16.55 188
16.5667 184
16.5833 181
16.6 178
16.6167 175
16.6333 172
16.65 168
16.6667 165
16.6833 162
16.7 159
16.7167 156
16.7333 152
16.75 149
16.7667 146
16.7833 143
16.8 140
16.8167 137
16.8333 134
16.85 130
16.8667 127
16.8833 124
16.9 121
16.9167 118
16.9333 115
16.95 112
16.9667 109
16.9833 107
