8.0 62
8.0167 65
8.0333 67
8.05 70
8.0667 73
8.0833 75
8.1 78
8.1167 81
8.1333 84
8.15 87
8.1667 90
8.1833 93
8.2 96
8.2167 99
8.2333 102
8.25 105
8.2667 108
8.2833 111
8.3 114
8.3167 117
8.3333 120
8.35 123
8.3667 127
8.3833 130
8.4 133
8.4167 136
8.4333 140
8.45 143
8.4667 146
8.4833 150
8.5 153
8.5167 156
8.5333 160
8.55 163
8.5667 166
8.5833 170
8.6 173
8.6167 177
8.6333 180
8.65 183
8.6667 187
8.6833 190
8.7 194
8.7167 197
8.7333 201
8.75 204
8.7667 207
8.7833 211
8.8 214
8.8167 218
8.8333 221
8.85 225
8.8667 228
8.8833 232
8.9 235
8.9167 239
8.9333 242
8.95 246
8.9667 249
8.9833 252
9.0 256
9.0167 260
9.0333 263
9.05 267
9.0667 270
9.0833 274
9.1 277
9.1167 281
9.1333 284
9.15 288
9.1667 291
9.1833 295
9.2 298
9.2167 301
9.2333 305
9.25 308
9.2667 312
9.2833 315
9.3 319
9.3167 322
9.3333 325
9.35 329
9.3667 332
9.3833 336
9.4 339
9.4167 342
9.4333 346
9.45 349
9.4667 352
9.4833 356
9.5 359
9.5167 362
9.5333 366
9.55 369
9.5667 372
9.5833 376
9.6 379
9.6167 382
9.6333 385
9.65 389
9.6667 392
9.6833 395
9.7 398
9.7167 402
9.7333 405
9.75 408
9.7667 411
9.7833 414
9.8 418
9.8167 421
9.8333 424
9.85 427
9.8667 430
9.8833 433
9.9 436
9.9167 440
9.9333 443
9.95 446
9.9667 449
9.9833 452
10.0 455
10.0167 458
10.0333 461
10.05 464
10.0667 467
10.0833 470
10.1 473
10.1167 476
10.1333 479
10.15 482
10.1667 485
10.1833 488
10.2 490
10.2167 493
10.2333 496
10.25 499
10.2667 502
10.2833 505
10.3 508
10.3167 510
10.3333 513
10.35 516
10.3667 519
10.3833 521
10.4 524
10.4167 527
10.4333 530
10.45 532
10.4667 535
10.4833 538
10.5 540
10.5167 543
10.5333 545
10.55 548
10.5667 551
10.5833 553
10.6 556
10.6167 558
10.6333 561
10.65 563
10.6667 566
10.6833 568
10.7 571
10.7167 573
10.7333 576
10.75 578
10.7667 580
10.7833 583
10.8 585
10.8167 588
10.8333 590
10.85 592
10.8667 595
10.8833 597
10.9 599
10.9167 601
10.9333 604
10.95 606
10.9667 608
10.9833 610
11.0 612
11.0167 615
11.0333 617
11.05 619
11.0667 621
11.0833 623
11.1 625
11.1167 627
11.1333 629
11.15 631
11.1667 633
11.1833 635
11.2 637
11.2167 639
11.2333 641
11.25 643
11.2667 645
11.2833 647
11.3 649
11.3167 650
11.3333 652
11.35 654
11.3667 656
11.3833 658
11.4 659
11.4167 661
11.4333 663
11.45 665
11.4667 666
11.4833 668
11.5 670
11.5167 671
11.5333 673
11.55 674
11.5667 676
11.5833 677
11.6 679
11.6167 681
11.6333 682
11.65 684
11.6667 685
11.6833 686
11.7 688
11.7167 689
11.7333 691
11.75 692
11.7667 693
11.7833 695
11.8 696
11.8167 697
11.8333 699
11.85 700
11.8667 701
11.8833 702
11.9 703
11.9167 705
11.9333 706
11.95 707
11.9667 708
11.9833 709
12.0 710
12.0167 711
12.0333 712
12.05 713
12.0667 714
12.0833 715
12.1 716
12.1167 717
12.1333 718
12.15 719
12.1667 720
12.1833 721
12.2 722
12.2167 723
12.2333 723
12.25 724
12.2667 725
12.2833 726
12.3 726
12.3167 727
12.3333 728
12.35 729
12.3667 729
12.3833 730
12.4 730
12.4167 731
12.4333 732
12.45 732
12.4667 733
12.4833 733
12.5 734
12.5167 734
12.5333 735
12.55 735
12.5667 735
12.5833 736
12.6 736
12.6167 737
12.6333 737
12.65 737
12.6667 738
12.6833 738
12.7 738
12.7167 738
12.7333 739
12.75 739
12.7667 739
12.7833 739
12.8 739
12.8167 739
12.8333 739
12.85 739
12.8667 739
12.8833 740
12.9 740
12.9167 740
12.9333 740
12.95 739
12.9667 739
12.9833 739
13.0 739
13.0167 739
13.0333 739
13.05 739
13.0667 739
13.0833 738
13.1 738
13.1167 738
13.1333 738
13.15 737
13.1667 737
13.1833 737
13.2 736
13.2167 736
13.2333 736
13.25 735
13.2667 735
13.2833 734
13.3 734
13.3167 733
13.3333 733
13.35 732
13.3667 732
13.3833 731
13.4 731
13.4167 730
13.4333 730
13.45 729
13.4667 728
13.4833 728
13.5 727
13.5167 726
13.5333 725
13.55 725
13.5667 724
13.5833 723
13.6 722
13.6167 721
13.6333 720
13.65 720
13.6667 719
13.6833 718
13.7 717
13.7167 716
13.7333 715
13.75 714
13.7667 713
13.7833 712
13.8 711
13.8167 710
13.8333 709
13.85 708
13.8667 706
13.8833 705
13.9 704
13.9167 703
13.9333 702
13.95 701
13.9667 699
13.9833 698
14.0 697
14.0167 695
14.0333 694
14.05 693
14.0667 691
14.0833 690
14.1 689
14.1167 687
14.1333 686
14.15 684
14.1667 683
14.1833 681
14.2 680
14.2167 678
14.2333 677
14.25 675
14.2667 674
14.2833 672
14.3 670
14.3167 669
14.3333 667
14.35 665
14.3667 664
14.3833 662
14.4 660
14.4167 659
14.4333 657
14.45 655
14.4667 653
14.4833 651
14.5 650
14.5167 648
14.5333 646
14.55 644
14.5667 642
14.5833 640
14.6 638
14.6167 636
14.6333 634
14.65 632
14.6667 630
14.6833 628
14.7 626
14.7167 624
14.7333 622
14.75 620
14.7667 618
14.7833 616
14.8 614
14.8167 611
14.8333 609
14.85 607
14.8667 605
14.8833 603
14.9 600
14.9167 598
14.9333 596
14.95 593
14.9667 591
14.9833 589
15.0 587
15.0167 585
15.0333 583
15.05 580
15.0667 578
15.0833 576
15.1 573
15.1167 571
15.1333 568
15.15 566
15.1667 563
15.1833 561
15.2 558
15.2167 556
15.2333 553
15.25 550
15.2667 548
15.2833 545
15.3 543
15.3167 540
15.3333 537
15.35 535
15.3667 532
15.3833 529
15.4 527
15.4167 524
15.4333 521
15.45 518
15.4667 516
15.4833 513
15.5 510
15.5167 507
15.5333 504
15.55 502
15.5667 499
15.5833 496
15.6 493
15.6167 490
15.6333 487
15.65 484
15.6667 481
15.6833 478
15.7 475
15.7167 472
15.7333 470
15.75 467
15.7667 464
15.7833 461
15.8 457
15.8167 454
15.8333 451
15.85 448
15.8667 445
15.8833 442
15.9 439
15.9167 436
15.9333 433
15.95 430
15.9667 427
15.9833 423
16.0 420
16.0167 417
16.0333 414
16.05 411
16.0667 408
16.0833 404
16.1 401
16.1167 398
16.1333 395
16.15 391
16.1667 388
16.1833 385
16.2 382
16.2167 378
16.2333 375
16.25 372
16.2667 368
16.2833 365
16.3 362
16.3167 358
16.3333 355
16.35 352
16.3667 348
16.3833 345
16.4 342
16.4167 338
16.4333 335
16.45 331
16.4667 328
16.4833 325
16.5 321
16.5167 318
16.5333 314
16.55 311
16.5667 308
16.5833 304
16.6 301
16.6167 297
16.6333 294
16.65 290
16.6667 287
16.6833 283
16.7 280
16.7167 277
16.7333 273
16.75 270
16.7667 266
16.7833 263
16.8 259
16.8167 256
16.8333 252
16.85 249
16.8667 245
16.8833 242
16.9 238
16.9167 235
16.9333 231
16.95 228
16.9667 224
16.9833 221
