8.0 62
8.0167 64
8.0333 67
8.05 70
8.0667 73
8.0833 76
8.1 79
8.1167 82
8.1333 85
8.15 88
8.1667 91
8.1833 94
8.2 97
8.2167 100
8.2333 103
8.25 106
8.2667 109
8.2833 112
8.3 116
8.3167 119
8.3333 122
8.35 125
8.3667 129
8.3833 132
8.4 135
8.4167 139
8.4333 142
8.45 145
8.4667 149
8.4833 152
8.5 155
8.5167 159
8.5333 162
8.55 165
8.5667 169
8.5833 172
8.6 175
8.6167 179
8.6333 182
8.65 186
8.6667 189
8.6833 192
8.7 196
8.7167 199
8.7333 203
8.75 206
8.7667 209
8.7833 213
8.8 216
8.8167 220
8.8333 223
8.85 227
8.8667 230
8.8833 233
8.9 237
8.9167 240
8.9333 244
8.95 247
8.9667 250
8.9833 254
9.0 257
9.0167 261
9.0333 264
9.05 267
9.0667 271
9.0833 274
9.1 277
9.1167 281
9.1333 284
9.15 288
9.1667 291
9.1833 294
9.2 298
9.2167 301
9.2333 304
9.25 308
9.2667 311
9.2833 314
9.3 318
9.3167 321
9.3333 324
9.35 327
9.3667 331
9.3833 334
9.4 337
9.4167 341
9.4333 344
9.45 347
9.4667 350
9.4833 353
9.5 357
9.5167 360
9.5333 363
9.55 366
9.5667 369
9.5833 373
9.6 376
9.6167 379
9.6333 382
9.65 385
9.6667 388
9.6833 391
9.7 395
9.7167 398
9.7333 401
9.75 404
9.7667 407
9.7833 410
9.8 413
9.8167 416
9.8333 419
9.85 422
9.8667 425
9.8833 428
9.9 431
9.9167 434
9.9333 437
9.95 440
9.9667 443
9.9833 445
10.0 448
10.0167 451
10.0333 454
10.05 457
10.0667 460
10.0833 463
10.1 465
10.1167 468
10.1333 471
10.15 474
10.1667 477
10.1833 479
10.2 482
10.2167 485
10.2333 487
10.25 490
10.2667 493
10.2833 495
10.3 498
10.3167 501
10.3333 503
10.35 506
10.3667 509
10.3833 511
10.4 514
10.4167 516
10.4333 519
10.45 521
10.4667 524
10.4833 526
10.5 529
10.5167 531
10.5333 534
10.55 536
10.5667 538
10.5833 541
10.6 543
10.6167 546
10.6333 548
10.65 550
10.6667 553
10.6833 555
10.7 557
10.7167 560
10.7333 562
10.75 564
10.7667 566
10.7833 568
10.8 571
10.8167 573
10.8333 575
10.85 577
10.8667 579
10.8833 581
10.9 583
10.9167 586
10.9333 588
10.95 590
10.9667 592
10.9833 594
11.0 596
11.0167 598
11.0333 600
11.05 602
11.0667 603
11.0833 605
11.1 607
11.1167 609
11.1333 611
11.15 613
11.1667 615
11.1833 616
11.2 618
11.2167 620
11.2333 622
11.25 623
11.2667 625
11.2833 627
11.3 629
11.3167 630
11.3333 632
11.35 634
11.3667 635
11.3833 637
11.4 638
11.4167 640
11.4333 641
11.45 643
11.4667 644
11.4833 646
11.5 647
11.5167 649
11.5333 650
11.55 652
11.5667 653
11.5833 654
11.6 656
11.6167 657
11.6333 658
11.65 660
11.6667 661
11.6833 662
11.7 664
11.7167 665
11.7333 666
11.75 667
11.7667 668
11.7833 670
11.8 671
11.8167 672
11.8333 673
11.85 674
11.8667 675
11.8833 676
11.9 677
11.9167 678
11.9333 679
11.95 680
11.9667 681
11.9833 682
12.0 683
12.0167 684
12.0333 685
12.05 685
12.0667 686
12.0833 687
12.1 688
12.1167 689
12.1333 689
12.15 690
12.1667 691
12.1833 691
12.2 692
12.2167 693
12.2333 693
12.25 694
12.2667 695
12.2833 695
12.3 696
12.3167 696
12.3333 697
12.35 697
12.3667 698
12.3833 698
12.4 699
12.4167 699
12.4333 700
12.45 700
12.4667 700
12.4833 701
12.5 701
12.5167 701
12.5333 702
12.55 702
12.5667 702
12.5833 702
12.6 703
12.6167 703
12.6333 703
12.65 703
12.6667 703
12.6833 703
12.7 703
12.7167 704
12.7333 704
12.75 704
12.7667 704
12.7833 704
12.8 704
12.8167 704
12.8333 704
12.85 703
12.8667 703
12.8833 703
12.9 703
12.9167 703
12.9333 703
12.95 703
12.9667 702
12.9833 702
13.0 702
13.0167 702
13.0333 701
13.05 701
13.0667 701
13.0833 700
13.1 700
13.1167 699
13.1333 699
13.15 699
13.1667 698
13.1833 698
13.2 697
13.2167 697
13.2333 696
13.25 696
13.2667 695
13.2833 694
13.3 694
13.3167 693
13.3333 693
13.35 692
13.3667 691
13.3833 690
13.4 690
13.4167 689
13.4333 688
13.45 687
13.4667 687
13.4833 686
13.5 685
13.5167 684
13.5333 683
13.55 682
13.5667 681
13.5833 681
13.6 680
13.6167 679
13.6333 678
13.65 677
13.6667 676
13.6833 675
13.7 673
13.7167 672
13.7333 671
13.75 670
13.7667 669
13.7833 668
13.8 667
13.8167 665
13.8333 664
13.85 663
13.8667 662
13.8833 661
13.9 659
13.9167 658
13.9333 657
13.95 655
13.9667 654
13.9833 652
14.0 651
14.0167 650
14.0333 648
14.05 647
14.0667 645
14.0833 644
14.1 642
14.1167 641
14.1333 639
14.15 638
14.1667 636
14.1833 634
14.2 633
14.2167 631
14.2333 630
14.25 628
14.2667 626
14.2833 624
14.3 623
14.3167 621
14.3333 619
14.35 617
14.3667 616
14.3833 614
14.4 612
14.4167 610
14.4333 608
14.45 606
14.4667 605
14.4833 603
14.5 601
14.5167 599
14.5333 597
14.55 595
14.5667 593
14.5833 591
14.6 589
14.6167 587
14.6333 585
14.65 583
14.6667 580
14.6833 578
14.7 576
14.7167 574
14.7333 572
14.75 570
14.7667 567
14.7833 565
14.8 563
14.8167 561
14.8333 559
14.85 556
14.8667 554
14.8833 552
14.9 549
14.9167 547
14.9333 545
14.95 542
14.9667 540
14.9833 537
15.0 536
15.0167 533
15.0333 531
15.05 528
15.0667 526
15.0833 523
15.1 521
15.1167 518
15.1333 516
15.15 513
15.1667 511
15.1833 508
15.2 506
15.2167 503
15.2333 500
15.25 498
15.2667 495
15.2833 492
15.3 490
15.3167 487
15.3333 484
15.35 481
15.3667 479
15.3833 476
15.4 473
15.4167 470
15.4333 468
15.45 465
15.4667 462
15.4833 459
15.5 456
15.5167 454
15.5333 451
15.55 448
15.5667 445
15.5833 442
15.6 439
15.6167 436
15.6333 433
15.65 430
15.6667 427
15.6833 424
15.7 421
15.7167 418
15.7333 415
15.75 412
15.7667 409
15.7833 406
15.8 403
15.8167 400
15.8333 397
15.85 394
15.8667 391
15.8833 388
15.9 385
15.9167 381
15.9333 378
15.95 375
15.9667 372
15.9833 369
16.0 366
16.0167 362
16.0333 359
16.05 356
16.0667 353
16.0833 350
16.1 346
16.1167 343
16.1333 340
16.15 337
16.1667 333
16.1833 330
16.2 327
16.2167 323
16.2333 320
16.25 317
16.2667 314
16.2833 310
16.3 307
16.3167 304
16.3333 300
16.35 297
16.3667 294
16.3833 290
16.4 287
16.4167 283
16.4333 280
16.45 277
16.4667 273
16.4833 270
16.5 267
16.5167 263
16.5333 260
16.55 256
16.5667 253
16.5833 250
16.6 246
16.6167 243
16.6333 239
16.65 236
16.6667 232
16.6833 229
16.7 226
16.7167 222
16.7333 219
16.75 215
16.7667 212
16.7833 209
16.8 205
16.8167 202
16.8333 198
16.85 195
16.8667 191
16.8833 188
16.9 185
16.9167 181
16.9333 178
16.95 174
16.9667 171
16.9833 168
