8.0 68
8.0167 71
8.0333 74
8.05 77
8.0667 80
8.0833 83
8.1 86
8.1167 89
8.1333 93
8.15 96
8.1667 99
8.1833 102
8.2 106
8.2167 109
8.2333 112
8.25 116
8.2667 119
8.2833 123
8.3 126
8.3167 130
8.3333 133
8.35 137
8.3667 140
8.3833 144
8.4 147
8.4167 151
8.4333 154
8.45 158
8.4667 161
8.4833 165
8.5 169
8.5167 172
8.5333 176
8.55 179
8.5667 183
8.5833 186
8.6 190
8.6167 194
8.6333 197
8.65 201
8.6667 204
8.6833 208
8.7 212
8.7167 215
8.7333 219
8.75 223
8.7667 226
8.7833 230
8.8 233
8.8167 237
8.8333 241
8.85 244
8.8667 248
8.8833 251
8.9 255
8.9167 259
8.9333 262
8.95 266
8.9667 269
8.9833 273
9.0 277
9.0167 281
9.0333 284
9.05 288
9.0667 291
9.0833 295
9.1 298
9.1167 302
9.1333 306
9.15 309
9.1667 313
9.1833 316
9.2 320
9.2167 323
9.2333 327
9.25 330
9.2667 334
9.2833 337
9.3 341
9.3167 344
9.3333 348
9.35 351
9.3667 355
9.3833 358
9.4 361
9.4167 365
9.4333 368
9.45 372
9.4667 375
9.4833 379
9.5 382
9.5167 385
9.5333 389
9.55 392
9.5667 395
9.5833 399
9.6 402
9.6167 405
9.6333 409
9.65 412
9.6667 415
9.6833 418
9.7 422
9.7167 425
9.7333 428
9.75 431
9.7667 435
9.7833 438
9.8 441
9.8167 444
9.8333 447
9.85 451
9.8667 454
9.8833 457
9.9 460
9.9167 463
9.9333 466
9.95 469
9.9667 472
9.9833 476
10.0 479
10.0167 482
10.0333 485
10.05 488
10.0667 491
10.0833 494
10.1 497
10.1167 500
10.1333 503
10.15 505
10.1667 508
10.1833 511
10.2 514
10.2167 517
10.2333 520
10.25 523
10.2667 526
10.2833 528
10.3 531
10.3167 534
10.3333 537
10.35 540
10.3667 542
10.3833 545
10.4 548
10.4167 551
10.4333 553
10.45 556
10.4667 559
10.4833 561
10.5 564
10.5167 566
10.5333 569
10.55 572
10.5667 574
10.5833 577
10.6 579
10.6167 582
10.6333 584
10.65 587
10.6667 589
10.6833 592
10.7 594
10.7167 597
10.7333 599
10.75 601
10.7667 604
10.7833 606
10.8 609
10.8167 611
10.8333 613
10.85 615
10.8667 618
10.8833 620
10.9 622
10.9167 624
10.9333 627
10.95 629
10.9667 631
10.9833 633
11.0 635
11.0167 638
11.0333 640
11.05 642
11.0667 644
11.0833 646
11.1 648
11.1167 650
11.1333 652
11.15 654
11.1667 656
11.1833 658
11.2 660
11.2167 662
11.2333 664
11.25 666
11.2667 667
11.2833 669
11.3 671
11.3167 673
11.3333 675
11.35 676
11.3667 678
11.3833 680
11.4 682
11.4167 683
11.4333 685
11.45 687
11.4667 688
11.4833 690
11.5 692
11.5167 693
11.5333 695
11.55 696
11.5667 698
11.5833 699
11.6 701
11.6167 702
11.6333 704
11.65 705
11.6667 707
11.6833 708
11.7 710
11.7167 711
11.7333 712
11.75 714
11.7667 715
11.7833 716
11.8 717
11.8167 719
11.8333 720
11.85 721
11.8667 722
11.8833 724
11.9 725
11.9167 726
11.9333 727
11.95 728
11.9667 729
11.9833 730
12.0 731
12.0167 732
12.0333 733
12.05 734
12.0667 735
12.0833 736
12.1 737
12.1167 738
12.1333 739
12.15 740
12.1667 741
12.1833 742
12.2 742
12.2167 743
12.2333 744
12.25 745
12.2667 745
12.2833 746
12.3 747
12.3167 747
12.3333 748
12.35 749
12.3667 749
12.3833 750
12.4 751
12.4167 751
12.4333 752
12.45 752
12.4667 753
12.4833 753
12.5 754
12.5167 754
12.5333 754
12.55 755
12.5667 755
12.5833 756
12.6 756
12.6167 756
12.6333 757
12.65 757
12.6667 757
12.6833 757
12.7 758
12.7167 758
12.7333 758
12.75 758
12.7667 758
12.7833 758
12.8 758
12.8167 758
12.8333 759
12.85 759
12.8667 759
12.8833 759
12.9 759
12.9167 758
12.9333 758
12.95 758
12.9667 758
12.9833 758
13.0 758
13.0167 758
13.0333 758
13.05 757
13.0667 757
13.0833 757
13.1 757
13.1167 756
13.1333 756
13.15 756
13.1667 755
13.1833 755
13.2 755
13.2167 754
13.2333 754
13.25 753
13.2667 753
13.2833 753
13.3 752
13.3167 751
13.3333 751
13.35 750
13.3667 750
13.3833 749
13.4 749
13.4167 748
13.4333 747
13.45 747
13.4667 746
13.4833 745
13.5 744
13.5167 744
13.5333 743
13.55 742
13.5667 741
13.5833 740
13.6 740
13.6167 739
13.6333 738
13.65 737
13.6667 736
13.6833 735
13.7 734
13.7167 733
13.7333 732
13.75 731
13.7667 730
13.7833 729
13.8 728
13.8167 727
13.8333 726
13.85 724
13.8667 723
13.8833 722
13.9 721
13.9167 720
13.9333 718
13.95 717
13.9667 716
13.9833 715
14.0 713
14.0167 712
14.0333 711
14.05 709
14.0667 708
14.0833 706
14.1 705
14.1167 703
14.1333 702
14.15 700
14.1667 699
14.1833 697
14.2 696
14.2167 694
14.2333 693
14.25 691
14.2667 690
14.2833 688
14.3 686
14.3167 685
14.3333 683
14.35 681
14.3667 679
14.3833 678
14.4 676
14.4167 674
14.4333 672
14.45 671
14.4667 669
14.4833 667
14.5 665
14.5167 663
14.5333 661
14.55 659
14.5667 657
14.5833 655
14.6 653
14.6167 651
14.6333 649
14.65 647
14.6667 645
14.6833 643
14.7 641
14.7167 639
14.7333 637
14.75 635
14.7667 633
14.7833 630
14.8 628
14.8167 626
14.8333 624
14.85 622
14.8667 619
14.8833 617
14.9 615
14.9167 612
14.9333 610
14.95 608
14.9667 605
14.9833 603
15.0 602
15.0167 599
15.0333 597
15.05 594
15.0667 592
15.0833 589
15.1 587
15.1167 584
15.1333 582
15.15 579
15.1667 577
15.1833 574
15.2 572
15.2167 569
15.2333 567
15.25 564
15.2667 561
15.2833 559
15.3 556
15.3167 553
15.3333 551
15.35 548
15.3667 545
15.3833 542
15.4 540
15.4167 537
15.4333 534
15.45 531
15.4667 529
15.4833 526
15.5 523
15.5167 520
15.5333 517
15.55 514
15.5667 511
15.5833 508
15.6 506
15.6167 503
15.6333 500
15.65 497
15.6667 494
15.6833 491
15.7 488
15.7167 485
15.7333 482
15.75 479
15.7667 476
15.7833 472
15.8 469
15.8167 466
15.8333 463
15.85 460
15.8667 457
15.8833 454
15.9 451
15.9167 447
15.9333 444
15.95 441
15.9667 438
15.9833 435
16.0 431
16.0167 428
16.0333 425
16.05 422
16.0667 418
16.0833 415
16.1 412
16.1167 409
16.1333 405
16.15 402
16.1667 399
16.1833 395
16.2 392
16.2167 389
16.2333 385
16.25 382
16.2667 378
16.2833 375
16.3 372
16.3167 368
16.3333 365
16.35 361
16.3667 358
16.3833 354
16.4 351
16.4167 348
16.4333 344
16.45 341
16.4667 337
16.4833 334
16.5 330
16.5167 327
16.5333 323
16.55 320
16.5667 316
16.5833 312
16.6 309
16.6167 305
16.6333 302
16.65 298
16.6667 295
16.6833 291
16.7 288
16.7167 284
16.7333 280
16.75 277
16.7667 273
16.7833 270
16.8 266
16.8167 262
16.8333 259
16.85 255
16.8667 252
16.8833 248
16.9 244
16.9167 241
16.9333 237
16.95 233
16.9667 230
16.9833 226
