8.0 72
8.0167 75
8.0333 78
8.05 81
8.0667 84
8.0833 87
8.1 90
8.1167 93
8.1333 96
8.15 100
8.1667 103
8.1833 106
8.2 109
8.2167 113
8.2333 116
8.25 119
8.2667 123
8.2833 126
8.3 130
8.3167 133
8.3333 136
8.35 140
8.3667 143
8.3833 147
8.4 150
8.4167 154
8.4333 157
8.45 161
8.4667 164
8.4833 168
8.5 172
8.5167 175
8.5333 179
8.55 182
8.5667 186
8.5833 189
8.6 193
8.6167 197
8.6333 200
8.65 204
8.6667 207
8.6833 211
8.7 215
8.7167 218
8.7333 222
8.75 226
8.7667 229
8.7833 233
8.8 236
8.8167 240
8.8333 244
8.85 247
8.8667 251
8.8833 255
8.9 258
8.9167 262
8.9333 265
8.95 269
8.9667 273
8.9833 276
9.0 280
9.0167 284
9.0333 288
9.05 291
9.0667 295
9.0833 299
9.1 302
9.1167 306
9.1333 309
9.15 313
9.1667 316
9.1833 320
9.2 324
9.2167 327
9.2333 331
9.25 334
9.2667 338
9.2833 341
9.3 345
9.3167 348
9.3333 352
9.35 355
9.3667 359
9.3833 362
9.4 366
9.4167 369
9.4333 373
9.45 376
9.4667 380
9.4833 383
9.5 387
9.5167 390
9.5333 393
9.55 397
9.5667 400
9.5833 404
9.6 407
9.6167 410
9.6333 414
9.65 417
9.6667 420
9.6833 424
9.7 427
9.7167 430
9.7333 434
9.75 437
9.7667 440
9.7833 443
9.8 447
9.8167 450
9.8333 453
9.85 456
9.8667 460
9.8833 463
9.9 466
9.9167 469
9.9333 472
9.95 475
9.9667 479
9.9833 482
10.0 485
10.0167 488
10.0333 491
10.05 494
10.0667 497
10.0833 500
10.1 503
10.1167 506
10.1333 509
10.15 512
10.1667 515
10.1833 518
10.2 521
10.2167 524
10.2333 527
10.25 530
10.2667 533
10.2833 536
10.3 539
10.3167 541
10.3333 544
10.35 547
10.3667 550
10.3833 553
10.4 555
10.4167 558
10.4333 561
10.45 564
10.4667 566
10.4833 569
10.5 572
10.5167 575
10.5333 577
10.55 580
10.5667 582
10.5833 585
10.6 588
10.6167 590
10.6333 593
10.65 595
10.6667 598
10.6833 600
10.7 603
10.7167 605
10.7333 608
10.75 610
10.7667 613
10.7833 615
10.8 618
10.8167 620
10.8333 622
10.85 625
10.8667 627
10.8833 629
10.9 632
10.9167 634
10.9333 636
10.95 639
10.9667 641
10.9833 643
11.0 645
11.0167 647
11.0333 650
11.05 652
11.0667 654
11.0833 656
11.1 658
11.1167 660
11.1333 662
11.15 664
11.1667 666
11.1833 668
11.2 670
11.2167 672
11.2333 674
11.25 676
11.2667 678
11.2833 680
11.3 682
11.3167 684
11.3333 686
11.35 688
11.3667 689
11.3833 691
11.4 693
11.4167 695
11.4333 697
11.45 698
11.4667 700
11.4833 702
11.5 703
11.5167 705
11.5333 707
11.55 708
11.5667 710
11.5833 711
11.6 713
11.6167 715
11.6333 716
11.65 718
11.6667 719
11.6833 721
11.7 722
11.7167 723
11.7333 725
11.75 726
11.7667 728
11.7833 729
11.8 730
11.8167 732
11.8333 733
11.85 734
11.8667 735
11.8833 737
11.9 738
11.9167 739
11.9333 740
11.95 741
11.9667 743
11.9833 744
12.0 745
12.0167 746
12.0333 747
12.05 748
12.0667 749
12.0833 750
12.1 751
12.1167 752
12.1333 753
12.15 754
12.1667 755
12.1833 756
12.2 756
12.2167 757
12.2333 758
12.25 759
12.2667 760
12.2833 760
12.3 761
12.3167 762
12.3333 763
12.35 763
12.3667 764
12.3833 765
12.4 765
12.4167 766
12.4333 766
12.45 767
12.4667 768
12.4833 768
12.5 769
12.5167 769
12.5333 770
12.55 770
12.5667 770
12.5833 771
12.6 771
12.6167 772
12.6333 772
12.65 772
12.6667 773
12.6833 773
12.7 773
12.7167 773
12.7333 774
12.75 774
12.7667 774
12.7833 774
12.8 774
12.8167 774
12.8333 775
12.85 775
12.8667 775
12.8833 775
12.9 775
12.9167 775
12.9333 775
12.95 775
12.9667 775
12.9833 775
13.0 774
13.0167 774
13.0333 774
13.05 774
13.0667 774
13.0833 774
13.1 773
13.1167 773
13.1333 773
13.15 773
13.1667 772
13.1833 772
13.2 772
13.2167 771
13.2333 771
13.25 771
13.2667 770
13.2833 770
13.3 769
13.3167 769
13.3333 768
13.35 768
13.3667 767
13.3833 767
13.4 766
13.4167 765
13.4333 765
13.45 764
13.4667 763
13.4833 763
13.5 762
13.5167 761
13.5333 761
13.55 760
13.5667 759
13.5833 758
13.6 757
13.6167 757
13.6333 756
13.65 755
13.6667 754
13.6833 753
13.7 752
13.7167 751
13.7333 750
13.75 749
13.7667 748
13.7833 747
13.8 746
13.8167 745
13.8333 744
13.85 743
13.8667 742
13.8833 740
13.9 739
13.9167 738
13.9333 737
13.95 736
13.9667 734
13.9833 733
14.0 732
14.0167 731
14.0333 729
14.05 728
14.0667 727
14.0833 725
14.1 724
14.1167 722
14.1333 721
14.15 719
14.1667 718
14.1833 716
14.2 715
14.2167 713
14.2333 712
14.25 710
14.2667 709
14.2833 707
14.3 705
14.3167 704
14.3333 702
14.35 700
14.3667 699
14.3833 697
14.4 695
14.4167 693
14.4333 692
14.45 690
14.4667 688
14.4833 686
14.5 684
14.5167 682
14.5333 681
14.55 679
14.5667 677
14.5833 675
14.6 673
14.6167 671
14.6333 669
14.65 667
14.6667 665
14.6833 663
14.7 661
14.7167 659
14.7333 657
14.75 654
14.7667 652
14.7833 650
14.8 648
14.8167 646
14.8333 644
14.85 641
14.8667 639
14.8833 637
14.9 635
14.9167 632
14.9333 630
14.95 628
14.9667 625
14.9833 623
15.0 622
15.0167 619
15.0333 617
15.05 614
15.0667 612
15.0833 609
15.1 607
15.1167 605
15.1333 602
15.15 600
15.1667 597
15.1833 594
15.2 592
15.2167 589
15.2333 587
15.25 584
15.2667 581
15.2833 579
15.3 576
15.3167 573
15.3333 571
15.35 568
15.3667 565
15.3833 563
15.4 560
15.4167 557
15.4333 554
15.45 552
15.4667 549
15.4833 546
15.5 543
15.5167 540
15.5333 537
15.55 534
15.5667 532
15.5833 529
15.6 526
15.6167 523
15.6333 520
15.65 517
15.6667 514
15.6833 511
15.7 508
15.7167 505
15.7333 502
15.75 499
15.7667 496
15.7833 493
15.8 490
15.8167 486
15.8333 483
15.85 480
15.8667 477
15.8833 474
15.9 471
15.9167 468
15.9333 464
15.95 461
15.9667 458
15.9833 455
16.0 452
16.0167 448
16.0333 445
16.05 442
16.0667 439
16.0833 435
16.1 432
16.1167 429
16.1333 425
16.15 422
16.1667 419
16.1833 415
16.2 412
16.2167 409
16.2333 405
16.25 402
16.2667 399
16.2833 395
16.3 392
16.3167 388
16.3333 385
16.35 381
16.3667 378
16.3833 375
16.4 371
16.4167 368
16.4333 364
16.45 361
16.4667 357
16.4833 354
16.5 350
16.5167 347
16.5333 343
16.55 340
16.5667 336
16.5833 332
16.6 329
16.6167 325
16.6333 322
16.65 318
16.6667 315
16.6833 311
16.7 307
16.7167 304
16.7333 300
16.75 297
16.7667 293
16.7833 289
16.8 286
16.8167 282
16.8333 279
16.85 275
16.8667 271
16.8833 268
16.9 264
16.9167 260
16.9333 257
16.95 253
16.9667 250
16.9833 246
