8.0 66
8.0167 69
8.0333 72
8.05 75
8.0667 78
8.0833 81
8.1 84
8.1167 88
8.1333 91
8.15 94
8.1667 97
8.1833 100
8.2 104
8.2167 107
8.2333 110
8.25 114
8.2667 117
8.2833 120
8.3 124
8.3167 127
8.3333 131
8.35 134
8.3667 138
8.3833 141
8.4 145
8.4167 148
8.4333 152
8.45 155
8.4667 159
8.4833 162
8.5 166
8.5167 170
8.5333 173
8.55 177
8.5667 180
8.5833 184
8.6 187
8.6167 191
8.6333 194
8.65 198
8.6667 202
8.6833 205
8.7 209
8.7167 212
8.7333 216
8.75 220
8.7667 223
8.7833 227
8.8 230
8.8167 234
8.8333 238
8.85 241
8.8667 245
8.8833 248
8.9 252
8.9167 256
8.9333 259
8.95 263
8.9667 266
8.9833 270
9.0 273
9.0167 277
9.0333 281
9.05 284
9.0667 288
9.0833 291
9.1 295
9.1167 299
9.1333 302
9.15 306
9.1667 309
9.1833 313
9.2 316
9.2167 320
9.2333 323
9.25 327
9.2667 330
9.2833 334
9.3 337
9.3167 341
9.3333 344
9.35 347
9.3667 351
9.3833 354
9.4 358
9.4167 361
9.4333 365
9.45 368
9.4667 371
9.4833 375
9.5 378
9.5167 382
9.5333 385
9.55 388
9.5667 392
9.5833 395
9.6 398
9.6167 401
9.6333 405
9.65 408
9.6667 411
9.6833 415
9.7 418
9.7167 421
9.7333 424
9.75 428
9.7667 431
9.7833 434
9.8 437
9.8167 440
9.8333 443
9.85 447
9.8667 450
9.8833 453
9.9 456
9.9167 459
9.9333 462
9.95 465
9.9667 468
9.9833 471
10.0 474
10.0167 477
10.0333 480
10.05 483
10.0667 486
10.0833 489
10.1 492
10.1167 495
10.1333 498
10.15 501
10.1667 504
10.1833 507
10.2 510
10.2167 513
10.2333 516
10.25 518
10.2667 521
10.2833 524
10.3 527
10.3167 530
10.3333 532
10.35 535
10.3667 538
10.3833 541
10.4 543
10.4167 546
10.4333 549
10.45 551
10.4667 554
10.4833 557
10.5 559
10.5167 562
10.5333 565
10.55 567
10.5667 570
10.5833 572
10.6 575
10.6167 577
10.6333 580
10.65 582
10.6667 585
10.6833 587
10.7 590
10.7167 592
10.7333 594
10.75 597
10.7667 599
10.7833 602
10.8 604
10.8167 606
10.8333 608
10.85 611
10.8667 613
10.8833 615
10.9 618
10.9167 620
10.9333 622
10.95 624
10.9667 626
10.9833 628
11.0 631
11.0167 633
11.0333 635
11.05 637
11.0667 639
11.0833 641
11.1 643
11.1167 645
11.1333 647
11.15 649
11.1667 651
11.1833 653
11.2 655
11.2167 657
11.2333 659
11.25 661
11.2667 662
11.2833 664
11.3 666
11.3167 668
11.3333 670
11.35 671
11.3667 673
11.3833 675
11.4 677
11.4167 678
11.4333 680
11.45 682
11.4667 683
11.4833 685
11.5 687
11.5167 688
11.5333 690
11.55 691
11.5667 693
11.5833 694
11.6 696
11.6167 697
11.6333 699
11.65 700
11.6667 702
11.6833 703
11.7 704
11.7167 706
11.7333 707
11.75 708
11.7667 710
11.7833 711
11.8 712
11.8167 714
11.8333 715
11.85 716
11.8667 717
11.8833 718
11.9 720
11.9167 721
11.9333 722
11.95 723
11.9667 724
11.9833 725
12.0 726
12.0167 727
12.0333 728
12.05 729
12.0667 730
12.0833 731
12.1 732
12.1167 733
12.1333 734
12.15 734
12.1667 735
12.1833 736
12.2 737
12.2167 738
12.2333 739
12.25 739
12.2667 740
12.2833 741
12.3 741
12.3167 742
12.3333 743
12.35 743
12.3667 744
12.3833 745
12.4 745
12.4167 746
12.4333 746
12.45 747
12.4667 747
12.4833 748
12.5 748
12.5167 749
12.5333 749
12.55 749
12.5667 750
12.5833 750
12.6 750
12.6167 751
12.6333 751
12.65 751
12.6667 751
12.6833 752
12.7 752
12.7167 752
12.7333 752
12.75 752
12.7667 753
12.7833 753
12.8 753
12.8167 753
12.8333 753
12.85 753
12.8667 753
12.8833 753
12.9 753
12.9167 753
12.9333 753
12.95 753
12.9667 753
12.9833 752
13.0 752
13.0167 752
13.0333 752
13.05 752
13.0667 751
13.0833 751
13.1 751
13.1167 751
13.1333 750
13.15 750
13.1667 750
13.1833 749
13.2 749
13.2167 749
13.2333 748
13.25 748
13.2667 747
13.2833 747
13.3 746
13.3167 746
13.3333 745
13.35 745
13.3667 744
13.3833 743
13.4 743
13.4167 742
13.4333 741
13.45 741
13.4667 740
13.4833 739
13.5 739
13.5167 738
13.5333 737
13.55 736
13.5667 735
13.5833 735
13.6 734
13.6167 733
13.6333 732
13.65 731
13.6667 730
13.6833 729
13.7 728
13.7167 727
13.7333 726
13.75 725
13.7667 724
13.7833 723
13.8 722
13.8167 721
13.8333 720
13.85 718
13.8667 717
13.8833 716
13.9 715
13.9167 714
13.9333 712
13.95 711
13.9667 710
13.9833 709
14.0 707
14.0167 706
14.0333 705
14.05 703
14.0667 702
14.0833 700
14.1 699
14.1167 697
14.1333 696
14.15 694
14.1667 693
14.1833 691
14.2 690
14.2167 688
14.2333 687
14.25 685
14.2667 684
14.2833 682
14.3 680
14.3167 679
14.3333 677
14.35 675
14.3667 673
14.3833 672
14.4 670
14.4167 668
14.4333 666
14.45 665
14.4667 663
14.4833 661
14.5 659
14.5167 657
14.5333 655
14.55 653
14.5667 651
14.5833 649
14.6 647
14.6167 645
14.6333 643
14.65 641
14.6667 639
14.6833 637
14.7 635
14.7167 633
14.7333 631
14.75 629
14.7667 627
14.7833 624
14.8 622
14.8167 620
14.8333 618
14.85 616
14.8667 613
14.8833 611
14.9 609
14.9167 606
14.9333 604
14.95 602
14.9667 599
14.9833 597
15.0 596
15.0167 593
15.0333 591
15.05 588
15.0667 586
15.0833 583
15.1 581
15.1167 578
15.1333 576
15.15 573
15.1667 571
15.1833 568
15.2 566
15.2167 563
15.2333 561
15.25 558
15.2667 555
15.2833 553
15.3 550
15.3167 547
15.3333 545
15.35 542
15.3667 539
15.3833 536
15.4 534
15.4167 531
15.4333 528
15.45 525
15.4667 523
15.4833 520
15.5 517
15.5167 514
15.5333 511
15.55 508
15.5667 505
15.5833 502
15.6 500
15.6167 497
15.6333 494
15.65 491
15.6667 488
15.6833 485
15.7 482
15.7167 479
15.7333 476
15.75 473
15.7667 470
15.7833 467
15.8 463
15.8167 460
15.8333 457
15.85 454
15.8667 451
15.8833 448
15.9 445
15.9167 442
15.9333 438
15.95 435
15.9667 432
15.9833 429
16.0 426
16.0167 422
16.0333 419
16.05 416
16.0667 413
16.0833 409
16.1 406
16.1167 403
16.1333 399
16.15 396
16.1667 393
16.1833 389
16.2 386
16.2167 383
16.2333 379
16.25 376
16.2667 373
16.2833 369
16.3 366
16.3167 362
16.3333 359
16.35 356
16.3667 352
16.3833 349
16.4 345
16.4167 342
16.4333 338
16.45 335
16.4667 331
16.4833 328
16.5 324
16.5167 321
16.5333 317
16.55 314
16.5667 310
16.5833 307
16.6 303
16.6167 300
16.6333 296
16.65 293
16.6667 289
16.6833 286
16.7 282
16.7167 279
16.7333 275
16.75 271
16.7667 268
16.7833 264
16.8 261
16.8167 257
16.8333 253
16.85 250
16.8667 246
16.8833 243
16.9 239
16.9167 235
16.9333 232
16.95 228
16.9667 225
16.9833 221
