8.0 73
8.0167 76
8.0333 79
8.05 83
8.0667 86
8.0833 89
8.1 92
8.1167 96
8.1333 99
8.15 102
8.1667 106
8.1833 109
8.2 112
8.2167 116
8.2333 119
8.25 123
8.2667 126
8.2833 129
8.3 133
8.3167 136
8.3333 140
8.35 143
8.3667 147
8.3833 150
8.4 154
8.4167 158
8.4333 161
8.45 165
8.4667 168
8.4833 172
8.5 175
8.5167 179
8.5333 182
8.55 186
8.5667 189
8.5833 193
8.6 197
8.6167 200
8.6333 204
8.65 207
8.6667 211
8.6833 214
8.7 218
8.7167 222
8.7333 225
8.75 229
8.7667 232
8.7833 236
8.8 239
8.8167 243
8.8333 247
8.85 250
8.8667 254
8.8833 257
8.9 261
8.9167 264
8.9333 268
8.95 271
8.9667 275
8.9833 278
9.0 282
9.0167 285
9.0333 289
9.05 292
9.0667 296
9.0833 299
9.1 303
9.1167 306
9.1333 310
9.15 313
9.1667 317
9.1833 320
9.2 324
9.2167 327
9.2333 331
9.25 334
9.2667 337
9.2833 341
9.3 344
9.3167 348
9.3333 351
9.35 354
9.3667 358
9.3833 361
9.4 364
9.4167 368
9.4333 371
9.45 374
9.4667 378
9.4833 381
9.5 384
9.5167 388
9.5333 391
9.55 394
9.5667 397
9.5833 401
9.6 404
9.6167 407
9.6333 410
9.65 413
9.6667 417
9.6833 420
9.7 423
9.7167 426
9.7333 429
9.75 432
9.7667 435
9.7833 438
9.8 442
9.8167 445
9.8333 448
9.85 451
9.8667 454
9.8833 457
9.9 460
9.9167 463
9.9333 466
9.95 469
9.9667 472
9.9833 475
10.0 478
10.0167 481
10.0333 483
10.05 486
10.0667 489
10.0833 492
10.1 495
10.1167 498
10.1333 501
10.15 503
10.1667 506
10.1833 509
10.2 512
10.2167 515
10.2333 517
10.25 520
10.2667 523
10.2833 525
10.3 528
10.3167 531
10.3333 534
10.35 536
10.3667 539
10.3833 541
10.4 544
10.4167 547
10.4333 549
10.45 552
10.4667 554
10.4833 557
10.5 559
10.5167 562
10.5333 564
10.55 567
10.5667 569
10.5833 572
10.6 574
10.6167 576
10.6333 579
10.65 581
10.6667 583
10.6833 586
10.7 588
10.7167 590
10.7333 593
10.75 595
10.7667 597
10.7833 599
10.8 602
10.8167 604
10.8333 606
10.85 608
10.8667 610
10.8833 613
10.9 615
10.9167 617
10.9333 619
10.95 621
10.9667 623
10.9833 625
11.0 627
11.0167 629
11.0333 631
11.05 633
11.0667 635
11.0833 637
11.1 639
11.1167 641
11.1333 643
11.15 644
11.1667 646
11.1833 648
11.2 650
11.2167 652
11.2333 653
11.25 655
11.2667 657
11.2833 659
11.3 660
11.3167 662
11.3333 664
11.35 665
11.3667 667
11.3833 669
11.4 670
11.4167 672
11.4333 673
11.45 675
11.4667 676
11.4833 678
11.5 679
11.5167 681
11.5333 682
11.55 684
11.5667 685
11.5833 687
11.6 688
11.6167 689
11.6333 691
11.65 692
11.6667 693
11.6833 695
11.7 696
11.7167 697
11.7333 698
11.75 700
11.7667 701
11.7833 702
11.8 703
11.8167 704
11.8333 705
11.85 706
11.8667 707
11.8833 708
11.9 710
11.9167 711
11.9333 712
11.95 713
11.9667 713
11.9833 714
12.0 715
12.0167 716
12.0333 717
12.05 718
12.0667 719
12.0833 720
12.1 720
12.1167 721
12.1333 722
12.15 723
12.1667 724
12.1833 724
12.2 725
12.2167 726
12.2333 726
12.25 727
12.2667 727
12.2833 728
12.3 729
12.3167 729
12.3333 730
12.35 730
12.3667 731
12.3833 731
12.4 732
12.4167 732
12.4333 733
12.45 733
12.4667 733
12.4833 734
12.5 734
12.5167 734
12.5333 735
12.55 735
12.5667 735
12.5833 735
12.6 736
12.6167 736
12.6333 736
12.65 736
12.6667 736
12.6833 736
12.7 737
12.7167 737
12.7333 737
12.75 737
12.7667 737
12.7833 737
12.8 737
12.8167 737
12.8333 737
12.85 737
12.8667 736
12.8833 736
12.9 736
12.9167 736
12.9333 736
12.95 736
12.9667 736
12.9833 735
13.0 735
13.0167 735
13.0333 734
13.05 734
13.0667 734
13.0833 733
13.1 733
13.1167 733
13.1333 732
13.15 732
13.1667 731
13.1833 731
13.2 730
13.2167 730
13.2333 729
13.25 729
13.2667 728
13.2833 728
13.3 727
13.3167 727
13.3333 726
13.35 725
13.3667 725
13.3833 724
13.4 723
13.4167 722
13.4333 722
13.45 721
13.4667 720
13.4833 719
13.5 718
13.5167 718
13.5333 717
13.55 716
13.5667 715
13.5833 714
13.6 713
13.6167 712
13.6333 711
13.65 710
13.6667 709
13.6833 708
13.7 707
13.7167 706
13.7333 705
13.75 704
13.7667 702
13.7833 701
13.8 700
13.8167 699
13.8333 698
13.85 696
13.8667 695
13.8833 694
13.9 693
13.9167 691
13.9333 690
13.95 689
13.9667 687
13.9833 686
14.0 684
14.0167 683
14.0333 682
14.05 680
14.0667 679
14.0833 677
14.1 676
14.1167 674
14.1333 673
14.15 671
14.1667 669
14.1833 668
14.2 666
14.2167 665
14.2333 663
14.25 661
14.2667 659
14.2833 658
14.3 656
14.3167 654
14.3333 653
14.35 651
14.3667 649
14.3833 647
14.4 645
14.4167 643
14.4333 642
14.45 640
14.4667 638
14.4833 636
14.5 634
14.5167 632
14.5333 630
14.55 628
14.5667 626
14.5833 624
14.6 622
14.6167 620
14.6333 618
14.65 616
14.6667 614
14.6833 611
14.7 609
14.7167 607
14.7333 605
14.75 603
14.7667 601
14.7833 598
14.8 596
14.8167 594
14.8333 591
14.85 589
14.8667 587
14.8833 585
14.9 582
14.9167 580
14.9333 577
14.95 575
14.9667 573
14.9833 570
15.0 569
15.0167 566
15.0333 564
15.05 561
15.0667 559
15.0833 556
15.1 554
15.1167 551
15.1333 548
15.15 546
15.1667 543
15.1833 541
15.2 538
15.2167 535
15.2333 533
15.25 530
15.2667 527
15.2833 525
15.3 522
15.3167 519
15.3333 517
15.35 514
15.3667 511
15.3833 508
15.4 506
15.4167 503
15.4333 500
15.45 497
15.4667 494
15.4833 491
15.5 488
15.5167 486
15.5333 483
15.55 480
15.5667 477
15.5833 474
15.6 471
15.6167 468
15.6333 465
15.65 462
15.6667 459
15.6833 456
15.7 453
15.7167 450
15.7333 447
15.75 444
15.7667 441
15.7833 438
15.8 434
15.8167 431
15.8333 428
15.85 425
15.8667 422
15.8833 419
15.9 416
15.9167 412
15.9333 409
15.95 406
15.9667 403
15.9833 400
16.0 396
16.0167 393
16.0333 390
16.05 387
16.0667 383
16.0833 380
16.1 377
16.1167 373
16.1333 370
16.15 367
16.1667 363
16.1833 360
16.2 357
16.2167 353
16.2333 350
16.25 347
16.2667 343
16.2833 340
16.3 336
16.3167 333
16.3333 330
16.35 326
16.3667 323
16.3833 319
16.4 316
16.4167 312
16.4333 309
16.45 305
16.4667 302
16.4833 298
16.5 295
16.5167 291
16.5333 288
16.55 284
16.5667 281
16.5833 277
16.6 274
16.6167 270
16.6333 267
16.65 263
16.6667 260
16.6833 256
16.7 253
16.7167 249
16.7333 245
16.75 242
16.7667 238
16.7833 235
16.8 231
16.8167 228
16.8333 224
16.85 220
16.8667 217
16.8833 213
16.9 210
16.9167 206
16.9333 202
16.95 199
16.9667 195
16.9833 192
