8.0 158
8.0167 162
8.0333 166
8.05 170
8.0667 174
8.0833 178
8.1 182
8.1167 186
8.1333 190
8.15 194
8.1667 198
8.1833 202
8.2 206
8.2167 210
8.2333 214
8.25 218
8.2667 222
8.2833 226
8.3 230
8.3167 234
8.3333 239
8.35 243
8.3667 247
8.3833 251
8.4 255
8.4167 259
8.4333 263
8.45 267
8.4667 271
8.4833 275
8.5 279
8.5167 283
8.5333 287
8.55 291
8.5667 295
8.5833 299
8.6 303
8.6167 308
8.6333 312
8.65 316
8.6667 320
8.6833 324
8.7 328
8.7167 332
8.7333 336
8.75 340
8.7667 344
8.7833 348
8.8 352
8.8167 356
8.8333 360
8.85 364
8.8667 368
8.8833 372
8.9 376
8.9167 380
8.9333 384
8.95 388
8.9667 391
8.9833 395
9.0 399
9.0167 404
9.0333 408
9.05 412
9.0667 416
9.0833 420
9.1 424
9.1167 428
9.1333 431
9.15 435
9.1667 439
9.1833 443
9.2 447
9.2167 451
9.2333 454
9.25 458
9.2667 462
9.2833 466
9.3 470
9.3167 473
9.3333 477
9.35 481
9.3667 485
9.3833 488
9.4 492
9.4167 496
9.4333 499
9.45 503
9.4667 507
9.4833 510
9.5 514
9.5167 518
9.5333 521
9.55 525
9.5667 529
9.5833 532
9.6 536
9.6167 539
9.6333 543
9.65 546
9.6667 550
9.6833 553
9.7 557
9.7167 560
9.7333 564
9.75 567
9.7667 571
9.7833 574
9.8 578
9.8167 581
9.8333 584
9.85 588
9.8667 591
9.8833 595
9.9 598
9.9167 601
9.9333 605
9.95 608
9.9667 611
9.9833 614
10.0 618
10.0167 621
10.0333 624
10.05 627
10.0667 631
10.0833 634
10.1 637
10.1167 640
10.1333 643
10.15 646
10.1667 650
10.1833 653
10.2 656
10.2167 659
10.2333 662
10.25 665
10.2667 668
10.2833 671
10.3 674
10.3167 677
10.3333 680
10.35 683
10.3667 686
10.3833 689
10.4 692
10.4167 695
10.4333 697
10.45 700
10.4667 703
10.4833 706
10.5 709
10.5167 712
10.5333 714
10.55 717
10.5667 720
10.5833 723
10.6 725
10.6167 728
10.6333 731
10.65 733
10.6667 736
10.6833 739
10.7 741
10.7167 744
10.7333 746
10.75 749
10.7667 751
10.7833 754
10.8 756
10.8167 759
10.8333 761
10.85 764
10.8667 766
10.8833 769
10.9 771
10.9167 774
10.9333 776
10.95 778
10.9667 781
10.9833 783
11.0 785
11.0167 787
11.0333 790
11.05 792
11.0667 794
11.0833 796
11.1 799
11.1167 801
11.1333 803
11.15 805
11.1667 807
11.1833 809
11.2 811
11.2167 813
11.2333 815
11.25 817
11.2667 819
11.2833 821
11.3 823
11.3167 825
11.3333 827
11.35 829
11.3667 831
11.3833 833
11.4 835
11.4167 837
11.4333 838
11.45 840
11.4667 842
11.4833 844
11.5 845
11.5167 847
11.5333 849
11.55 851
11.5667 852
11.5833 854
11.6 855
11.6167 857
11.6333 859
11.65 860
11.6667 862
11.6833 863
11.7 865
11.7167 866
11.7333 868
11.75 869
11.7667 871
11.7833 872
11.8 873
11.8167 875
11.8333 876
11.85 877
11.8667 879
11.8833 880
11.9 881
11.9167 882
11.9333 884
11.95 885
11.9667 886
11.9833 887
12.0 888
12.0167 889
12.0333 891
12.05 892
12.0667 893
12.0833 894
12.1 895
12.1167 896
12.1333 897
12.15 898
12.1667 899
12.1833 900
12.2 900
12.2167 901
12.2333 902
12.25 903
12.2667 904
12.2833 905
12.3 905
12.3167 906
12.3333 907
12.35 908
12.3667 908
12.3833 909
12.4 910
12.4167 910
12.4333 911
12.45 911
12.4667 912
12.4833 912
12.5 913
12.5167 914
12.5333 914
12.55 914
12.5667 915
12.5833 915
12.6 916
12.6167 916
12.6333 916
12.65 917
12.6667 917
12.6833 917
12.7 918
12.7167 918
12.7333 918
12.75 918
12.7667 918
12.7833 919
12.8 919
12.8167 919
12.8333 919
12.85 919
12.8667 919
12.8833 919
12.9 919
12.9167 919
12.9333 919
12.95 919
12.9667 919
12.9833 919
13.0 919
13.0167 919
13.0333 919
13.05 918
13.0667 918
13.0833 918
13.1 918
13.1167 918
13.1333 917
13.15 917
13.1667 917
13.1833 916
13.2 916
13.2167 916
13.2333 915
13.25 915
13.2667 914
13.2833 914
13.3 913
13.3167 913
13.3333 912
13.35 912
13.3667 911
13.3833 911
13.4 910
13.4167 909
13.4333 909
13.45 908
13.4667 907
13.4833 907
13.5 906
13.5167 905
13.5333 904
13.55 904
13.5667 903
13.5833 902
13.6 901
13.6167 900
13.6333 899
13.65 898
13.6667 897
13.6833 897
13.7 896
13.7167 895
13.7333 894
13.75 892
13.7667 891
13.7833 890
13.8 889
13.8167 888
13.8333 887
13.85 886
13.8667 885
13.8833 883
13.9 882
13.9167 881
13.9333 880
13.95 878
13.9667 877
13.9833 876
14.0 874
14.0167 873
14.0333 872
14.05 870
14.0667 869
14.0833 867
14.1 866
14.1167 864
14.1333 863
14.15 861
14.1667 860
14.1833 858
14.2 857
14.2167 855
14.2333 853
14.25 852
14.2667 850
14.2833 848
14.3 847
14.3167 845
14.3333 843
14.35 842
14.3667 840
14.3833 838
14.4 836
14.4167 834
14.4333 832
14.45 831
14.4667 829
14.4833 827
14.5 825
14.5167 823
14.5333 821
14.55 819
14.5667 817
14.5833 815
14.6 813
14.6167 811
14.6333 809
14.65 807
14.6667 805
14.6833 802
14.7 800
14.7167 798
14.7333 796
14.75 794
14.7667 791
14.7833 789
14.8 787
14.8167 785
14.8333 782
14.85 780
14.8667 778
14.8833 775
14.9 773
14.9167 771
14.9333 768
14.95 766
14.9667 763
14.9833 761
15.0 759
15.0167 757
15.0333 754
15.05 752
15.0667 749
15.0833 747
15.1 744
15.1167 741
15.1333 739
15.15 736
15.1667 734
15.1833 731
15.2 728
15.2167 725
15.2333 723
15.25 720
15.2667 717
15.2833 715
15.3 712
15.3167 709
15.3333 706
15.35 703
15.3667 700
15.3833 698
15.4 695
15.4167 692
15.4333 689
15.45 686
15.4667 683
15.4833 680
15.5 677
15.5167 674
15.5333 671
15.55 668
15.5667 665
15.5833 662
15.6 659
15.6167 656
15.6333 653
15.65 650
15.6667 647
15.6833 643
15.7 640
15.7167 637
15.7333 634
15.75 631
15.7667 627
15.7833 624
15.8 621
15.8167 618
15.8333 614
15.85 611
15.8667 608
15.8833 605
15.9 601
15.9167 598
15.9333 595
15.95 591
15.9667 588
15.9833 584
16.0 581
16.0167 578
16.0333 574
16.05 571
16.0667 567
16.0833 564
16.1 560
16.1167 557
16.1333 553
16.15 550
16.1667 546
16.1833 543
16.2 539
16.2167 536
16.2333 532
16.25 528
16.2667 525
16.2833 521
16.3 518
16.3167 514
16.3333 510
16.35 507
16.3667 503
16.3833 499
16.4 496
16.4167 492
16.4333 488
16.45 484
16.4667 481
16.4833 477
16.5 473
16.5167 469
16.5333 466
16.55 462
16.5667 458
16.5833 454
16.6 451
16.6167 447
16.6333 443
16.65 439
16.6667 435
16.6833 431
16.7 427
16.7167 424
16.7333 420
16.75 416
16.7667 412
16.7833 408
16.8 404
16.8167 400
16.8333 396
16.85 392
16.8667 388
16.8833 384
16.9 380
16.9167 377
16.9333 373
16.95 369
16.9667 365
16.9833 361
