8.0 69
8.0167 72
8.0333 75
8.05 78
8.0667 80
8.0833 83
8.1 86
8.1167 89
8.1333 92
8.15 95
8.1667 98
8.1833 102
8.2 105
8.2167 108
8.2333 111
8.25 114
8.2667 117
8.2833 120
8.3 124
8.3167 127
8.3333 130
8.35 133
8.3667 137
8.3833 140
8.4 143
8.4167 147
8.4333 150
8.45 154
8.4667 157
8.4833 160
8.5 164
8.5167 167
8.5333 171
8.55 174
8.5667 178
8.5833 181
8.6 185
8.6167 188
8.6333 192
8.65 195
8.6667 199
8.6833 202
8.7 206
8.7167 209
8.7333 213
8.75 216
8.7667 220
8.7833 223
8.8 227
8.8167 230
8.8333 234
8.85 238
8.8667 241
8.8833 245
8.9 248
8.9167 252
8.9333 255
8.95 259
8.9667 262
8.9833 266
9.0 269
9.0167 274
9.0333 277
9.05 281
9.0667 284
9.0833 288
9.1 291
9.1167 295
9.1333 298
9.15 302
9.1667 305
9.1833 309
9.2 312
9.2167 316
9.2333 319
9.25 323
9.2667 326
9.2833 330
9.3 333
9.3167 337
9.3333 340
9.35 344
9.3667 347
9.3833 351
9.4 354
9.4167 357
9.4333 361
9.45 364
9.4667 368
9.4833 371
9.5 375
9.5167 378
9.5333 381
9.55 385
9.5667 388
9.5833 391
9.6 395
9.6167 398
9.6333 401
9.65 405
9.6667 408
9.6833 411
9.7 415
9.7167 418
9.7333 421
9.75 424
9.7667 428
9.7833 431
9.8 434
9.8167 437
9.8333 440
9.85 444
9.8667 447
9.8833 450
9.9 453
9.9167 456
9.9333 459
9.95 463
9.9667 466
9.9833 469
10.0 472
10.0167 475
10.0333 478
10.05 481
10.0667 484
10.0833 487
10.1 490
10.1167 493
10.1333 496
10.15 499
10.1667 502
10.1833 505
10.2 508
10.2167 511
10.2333 514
10.25 517
10.2667 520
10.2833 522
10.3 525
10.3167 528
10.3333 531
10.35 534
10.3667 537
10.3833 539
10.4 542
10.4167 545
10.4333 548
10.45 550
10.4667 553
10.4833 556
10.5 559
10.5167 561
10.5333 564
10.55 566
10.5667 569
10.5833 572
10.6 574
10.6167 577
10.6333 579
10.65 582
10.6667 585
10.6833 587
10.7 590
10.7167 592
10.7333 595
10.75 597
10.7667 599
10.7833 602
10.8 604
10.8167 607
10.8333 609
10.85 611
10.8667 614
10.8833 616
10.9 618
10.9167 621
10.9333 623
10.95 625
10.9667 627
10.9833 630
11.0 632
11.0167 634
11.0333 636
11.05 638
11.0667 640
11.0833 643
11.1 645
11.1167 647
11.1333 649
11.15 651
11.1667 653
11.1833 655
11.2 657
11.2167 659
11.2333 661
11.25 663
11.2667 665
11.2833 667
11.3 669
11.3167 670
11.3333 672
11.35 674
11.3667 676
11.3833 678
11.4 680
11.4167 681
11.4333 683
11.45 685
11.4667 687
11.4833 688
11.5 690
11.5167 692
11.5333 693
11.55 695
11.5667 696
11.5833 698
11.6 700
11.6167 701
11.6333 703
11.65 704
11.6667 706
11.6833 707
11.7 709
11.7167 710
11.7333 711
11.75 713
11.7667 714
11.7833 716
11.8 717
11.8167 718
11.8333 720
11.85 721
11.8667 722
11.8833 723
11.9 725
11.9167 726
11.9333 727
11.95 728
11.9667 729
11.9833 730
12.0 731
12.0167 733
12.0333 734
12.05 735
12.0667 736
12.0833 737
12.1 738
12.1167 739
12.1333 740
12.15 741
12.1667 741
12.1833 742
12.2 743
12.2167 744
12.2333 745
12.25 746
12.2667 747
12.2833 747
12.3 748
12.3167 749
12.3333 749
12.35 750
12.3667 751
12.3833 751
12.4 752
12.4167 753
12.4333 753
12.45 754
12.4667 754
12.4833 755
12.5 756
12.5167 756
12.5333 756
12.55 757
12.5667 757
12.5833 758
12.6 758
12.6167 759
12.6333 759
12.65 759
12.6667 760
12.6833 760
12.7 760
12.7167 760
12.7333 761
12.75 761
12.7667 761
12.7833 761
12.8 761
12.8167 761
12.8333 762
12.85 762
12.8667 762
12.8833 762
12.9 762
12.9167 762
12.9333 762
12.95 762
12.9667 762
12.9833 762
13.0 762
13.0167 761
13.0333 761
13.05 761
13.0667 761
13.0833 761
13.1 761
13.1167 760
13.1333 760
13.15 760
13.1667 760
13.1833 759
13.2 759
13.2167 759
13.2333 758
13.25 758
13.2667 757
13.2833 757
13.3 757
13.3167 756
13.3333 756
13.35 755
13.3667 755
13.3833 754
13.4 753
13.4167 753
13.4333 752
13.45 752
13.4667 751
13.4833 750
13.5 750
13.5167 749
13.5333 748
13.55 747
13.5667 747
13.5833 746
13.6 745
13.6167 744
13.6333 743
13.65 742
13.6667 742
13.6833 741
13.7 740
13.7167 739
13.7333 738
13.75 737
13.7667 736
13.7833 735
13.8 734
13.8167 733
13.8333 732
13.85 730
13.8667 729
13.8833 728
13.9 727
13.9167 726
13.9333 725
13.95 723
13.9667 722
13.9833 721
14.0 720
14.0167 718
14.0333 717
14.05 716
14.0667 714
14.0833 713
14.1 711
14.1167 710
14.1333 709
14.15 707
14.1667 706
14.1833 704
14.2 703
14.2167 701
14.2333 700
14.25 698
14.2667 697
14.2833 695
14.3 693
14.3167 692
14.3333 690
14.35 688
14.3667 687
14.3833 685
14.4 683
14.4167 681
14.4333 680
14.45 678
14.4667 676
14.4833 674
14.5 672
14.5167 671
14.5333 669
14.55 667
14.5667 665
14.5833 663
14.6 661
14.6167 659
14.6333 657
14.65 655
14.6667 653
14.6833 651
14.7 649
14.7167 647
14.7333 645
14.75 643
14.7667 641
14.7833 638
14.8 636
14.8167 634
14.8333 632
14.85 630
14.8667 628
14.8833 625
14.9 623
14.9167 621
14.9333 618
14.95 616
14.9667 614
14.9833 611
15.0 610
15.0167 608
15.0333 605
15.05 603
15.0667 601
15.0833 598
15.1 596
15.1167 593
15.1333 591
15.15 588
15.1667 586
15.1833 583
15.2 581
15.2167 578
15.2333 575
15.25 573
15.2667 570
15.2833 568
15.3 565
15.3167 562
15.3333 560
15.35 557
15.3667 554
15.3833 552
15.4 549
15.4167 546
15.4333 543
15.45 541
15.4667 538
15.4833 535
15.5 532
15.5167 529
15.5333 526
15.55 524
15.5667 521
15.5833 518
15.6 515
15.6167 512
15.6333 509
15.65 506
15.6667 503
15.6833 500
15.7 497
15.7167 494
15.7333 491
15.75 488
15.7667 485
15.7833 482
15.8 479
15.8167 476
15.8333 473
15.85 470
15.8667 467
15.8833 464
15.9 461
15.9167 457
15.9333 454
15.95 451
15.9667 448
15.9833 445
16.0 442
16.0167 438
16.0333 435
16.05 432
16.0667 429
16.0833 425
16.1 422
16.1167 419
16.1333 416
16.15 412
16.1667 409
16.1833 406
16.2 402
16.2167 399
16.2333 396
16.25 392
16.2667 389
16.2833 386
16.3 382
16.3167 379
16.3333 376
16.35 372
16.3667 369
16.3833 365
16.4 362
16.4167 359
16.4333 355
16.45 352
16.4667 348
16.4833 345
16.5 341
16.5167 338
16.5333 334
16.55 331
16.5667 327
16.5833 324
16.6 320
16.6167 317
16.6333 313
16.65 310
16.6667 306
16.6833 303
16.7 299
16.7167 296
16.7333 292
16.75 289
16.7667 285
16.7833 282
16.8 278
16.8167 275
16.8333 271
16.85 268
16.8667 264
16.8833 260
16.9 257
16.9167 253
16.9333 250
16.95 246
16.9667 243
16.9833 239
