8.0 88
8.0167 91
8.0333 93
8.05 96
8.0667 99
8.0833 102
8.1 105
8.1167 108
8.1333 111
8.15 114
8.1667 117
8.1833 120
8.2 123
8.2167 126
8.2333 129
8.25 132
8.2667 135
8.2833 138
8.3 141
8.3167 144
8.3333 147
8.35 151
8.3667 154
8.3833 157
8.4 160
8.4167 163
8.4333 167
8.45 170
8.4667 173
8.4833 177
8.5 180
8.5167 183
8.5333 186
8.55 190
8.5667 193
8.5833 196
8.6 200
8.6167 203
8.6333 206
8.65 210
8.6667 213
8.6833 217
8.7 220
8.7167 223
8.7333 227
8.75 230
8.7667 234
8.7833 237
8.8 240
8.8167 244
8.8333 247
8.85 251
8.8667 254
8.8833 257
8.9 261
8.9167 264
8.9333 268
8.95 271
8.9667 275
8.9833 278
9.0 282
9.0167 286
9.0333 289
9.05 293
9.0667 296
9.0833 300
9.1 303
9.1167 306
9.1333 310
9.15 313
9.1667 317
9.1833 320
9.2 324
9.2167 327
9.2333 330
9.25 334
9.2667 337
9.2833 341
9.3 344
9.3167 347
9.3333 351
9.35 354
9.3667 358
9.3833 361
9.4 364
9.4167 368
9.4333 371
9.45 374
9.4667 378
9.4833 381
9.5 384
9.5167 388
9.5333 391
9.55 394
9.5667 398
9.5833 401
9.6 404
9.6167 407
9.6333 411
9.65 414
9.6667 417
9.6833 420
9.7 424
9.7167 427
9.7333 430
9.75 433
9.7667 436
9.7833 440
9.8 443
9.8167 446
9.8333 449
9.85 452
9.8667 455
9.8833 459
9.9 462
9.9167 465
9.9333 468
9.95 471
9.9667 474
9.9833 477
10.0 480
10.0167 483
10.0333 486
10.05 489
10.0667 492
10.0833 495
10.1 498
10.1167 501
10.1333 504
10.15 507
10.1667 510
10.1833 513
10.2 516
10.2167 519
10.2333 522
10.25 525
10.2667 527
10.2833 530
10.3 533
10.3167 536
10.3333 539
10.35 542
10.3667 544
10.3833 547
10.4 550
10.4167 553
10.4333 555
10.45 558
10.4667 561
10.4833 563
10.5 566
10.5167 569
10.5333 571
10.55 574
10.5667 577
10.5833 579
10.6 582
10.6167 584
10.6333 587
10.65 589
10.6667 592
10.6833 594
10.7 597
10.7167 599
10.7333 602
10.75 604
10.7667 607
10.7833 609
10.8 611
10.8167 614
10.8333 616
10.85 619
10.8667 621
10.8833 623
10.9 626
10.9167 628
10.9333 630
10.95 632
10.9667 635
10.9833 637
11.0 639
11.0167 641
11.0333 643
11.05 645
11.0667 648
11.0833 650
11.1 652
11.1167 654
11.1333 656
11.15 658
11.1667 660
11.1833 662
11.2 664
11.2167 666
11.2333 668
11.25 670
11.2667 672
11.2833 674
11.3 676
11.3167 678
11.3333 679
11.35 681
11.3667 683
11.3833 685
11.4 687
11.4167 688
11.4333 690
11.45 692
11.4667 694
11.4833 695
11.5 697
11.5167 699
11.5333 700
11.55 702
11.5667 704
11.5833 705
11.6 707
11.6167 708
11.6333 710
11.65 711
11.6667 713
11.6833 714
11.7 716
11.7167 717
11.7333 719
11.75 720
11.7667 721
11.7833 723
11.8 724
11.8167 725
11.8333 727
11.85 728
11.8667 729
11.8833 730
11.9 732
11.9167 733
11.9333 734
11.95 735
11.9667 736
11.9833 737
12.0 739
12.0167 740
12.0333 741
12.05 742
12.0667 743
12.0833 744
12.1 745
12.1167 746
12.1333 747
12.15 748
12.1667 749
12.1833 749
12.2 750
12.2167 751
12.2333 752
12.25 753
12.2667 754
12.2833 754
12.3 755
12.3167 756
12.3333 757
12.35 757
12.3667 758
12.3833 759
12.4 759
12.4167 760
12.4333 761
12.45 761
12.4667 762
12.4833 762
12.5 763
12.5167 763
12.5333 764
12.55 764
12.5667 765
12.5833 765
12.6 765
12.6167 766
12.6333 766
12.65 766
12.6667 767
12.6833 767
12.7 767
12.7167 768
12.7333 768
12.75 768
12.7667 768
12.7833 768
12.8 769
12.8167 769
12.8333 769
12.85 769
12.8667 769
12.8833 769
12.9 769
12.9167 769
12.9333 769
12.95 769
12.9667 769
12.9833 769
13.0 769
13.0167 769
13.0333 769
13.05 768
13.0667 768
13.0833 768
13.1 768
13.1167 768
13.1333 767
13.15 767
13.1667 767
13.1833 767
13.2 766
13.2167 766
13.2333 766
13.25 765
13.2667 765
13.2833 764
13.3 764
13.3167 763
13.3333 763
13.35 762
13.3667 762
13.3833 761
13.4 761
13.4167 760
13.4333 759
13.45 759
13.4667 758
13.4833 758
13.5 757
13.5167 756
13.5333 755
13.55 755
13.5667 754
13.5833 753
13.6 752
13.6167 751
13.6333 751
13.65 750
13.6667 749
13.6833 748
13.7 747
13.7167 746
13.7333 745
13.75 744
13.7667 743
13.7833 742
13.8 741
13.8167 740
13.8333 739
13.85 738
13.8667 737
13.8833 736
13.9 734
13.9167 733
13.9333 732
13.95 731
13.9667 730
13.9833 728
14.0 727
14.0167 726
14.0333 724
14.05 723
14.0667 722
14.0833 720
14.1 719
14.1167 718
14.1333 716
14.15 715
14.1667 713
14.1833 712
14.2 710
14.2167 709
14.2333 707
14.25 706
14.2667 704
14.2833 702
14.3 701
14.3167 699
14.3333 697
14.35 696
14.3667 694
14.3833 692
14.4 691
14.4167 689
14.4333 687
14.45 685
14.4667 684
14.4833 682
14.5 680
14.5167 678
14.5333 676
14.55 674
14.5667 672
14.5833 671
14.6 669
14.6167 667
14.6333 665
14.65 663
14.6667 661
14.6833 659
14.7 657
14.7167 655
14.7333 652
14.75 650
14.7667 648
14.7833 646
14.8 644
14.8167 642
14.8333 640
14.85 637
14.8667 635
14.8833 633
14.9 631
14.9167 628
14.9333 626
14.95 624
14.9667 622
14.9833 619
15.0 618
15.0167 616
15.0333 613
15.05 611
15.0667 608
15.0833 606
15.1 603
15.1167 601
15.1333 599
15.15 596
15.1667 594
15.1833 591
15.2 589
15.2167 586
15.2333 583
15.25 581
15.2667 578
15.2833 576
15.3 573
15.3167 570
15.3333 568
15.35 565
15.3667 562
15.3833 560
15.4 557
15.4167 554
15.4333 552
15.45 549
15.4667 546
15.4833 543
15.5 540
15.5167 538
15.5333 535
15.55 532
15.5667 529
15.5833 526
15.6 523
15.6167 521
15.6333 518
15.65 515
15.6667 512
15.6833 509
15.7 506
15.7167 503
15.7333 500
15.75 497
15.7667 494
15.7833 491
15.8 488
15.8167 485
15.8333 482
15.85 479
15.8667 476
15.8833 473
15.9 470
15.9167 467
15.9333 464
15.95 460
15.9667 457
15.9833 454
16.0 451
16.0167 448
16.0333 445
16.05 441
16.0667 438
16.0833 435
16.1 432
16.1167 429
16.1333 425
16.15 422
16.1667 419
16.1833 416
16.2 412
16.2167 409
16.2333 406
16.25 403
16.2667 399
16.2833 396
16.3 393
16.3167 389
16.3333 386
16.35 383
16.3667 379
16.3833 376
16.4 373
16.4167 369
16.4333 366
16.45 363
16.4667 359
16.4833 356
16.5 353
16.5167 349
16.5333 346
16.55 342
16.5667 339
16.5833 336
16.6 332
16.6167 329
16.6333 325
16.65 322
16.6667 319
16.6833 315
16.7 312
16.7167 308
16.7333 305
16.75 301
16.7667 298
16.7833 294
16.8 291
16.8167 288
16.8333 284
16.85 281
16.8667 277
16.8833 274
16.9 270
16.9167 267
16.9333 264
16.95 260
16.9667 257
16.9833 253
