8.0 99
8.0167 102
8.0333 106
8.05 109
8.0667 113
8.0833 116
8.1 120
8.1167 123
8.1333 127
8.15 130
8.1667 134
8.1833 138
8.2 142
8.2167 145
8.2333 149
8.25 152
8.2667 156
8.2833 160
8.3 164
8.3167 167
8.3333 171
8.35 175
8.3667 178
8.3833 182
8.4 186
8.4167 190
8.4333 193
8.45 197
8.4667 201
8.4833 205
8.5 209
8.5167 212
8.5333 216
8.55 220
8.5667 224
8.5833 228
8.6 231
8.6167 235
8.6333 239
8.65 243
8.6667 247
8.6833 250
8.7 254
8.7167 258
8.7333 262
8.75 266
8.7667 270
8.7833 273
8.8 277
8.8167 281
8.8333 285
8.85 289
8.8667 292
8.8833 296
8.9 300
8.9167 304
8.9333 307
8.95 311
8.9667 315
8.9833 319
9.0 323
9.0167 327
9.0333 331
9.05 335
9.0667 338
9.0833 342
9.1 346
9.1167 350
9.1333 353
9.15 357
9.1667 361
9.1833 365
9.2 368
9.2167 372
9.2333 376
9.25 379
9.2667 383
9.2833 387
9.3 390
9.3167 394
9.3333 398
9.35 401
9.3667 405
9.3833 408
9.4 412
9.4167 416
9.4333 419
9.45 423
9.4667 426
9.4833 430
9.5 433
9.5167 437
9.5333 441
9.55 444
9.5667 448
9.5833 451
9.6 455
9.6167 458
9.6333 461
9.65 465
9.6667 468
9.6833 472
9.7 475
9.7167 479
9.7333 482
9.75 485
9.7667 489
9.7833 492
9.8 496
9.8167 499
9.8333 502
9.85 506
9.8667 509
9.8833 512
9.9 515
9.9167 519
9.9333 522
9.95 525
9.9667 528
9.9833 532
10.0 535
10.0167 538
10.0333 541
10.05 544
10.0667 547
10.0833 551
10.1 554
10.1167 557
10.1333 560
10.15 563
10.1667 566
10.1833 569
10.2 572
10.2167 575
10.2333 578
10.25 581
10.2667 584
10.2833 587
10.3 590
10.3167 593
10.3333 596
10.35 599
10.3667 602
10.3833 605
10.4 607
10.4167 610
10.4333 613
10.45 616
10.4667 619
10.4833 622
10.5 624
10.5167 627
10.5333 630
10.55 633
10.5667 635
10.5833 638
10.6 641
10.6167 643
10.6333 646
10.65 648
10.6667 651
10.6833 654
10.7 656
10.7167 659
10.7333 661
10.75 664
10.7667 666
10.7833 669
10.8 671
10.8167 674
10.8333 676
10.85 679
10.8667 681
10.8833 684
10.9 686
10.9167 688
10.9333 691
10.95 693
10.9667 695
10.9833 698
11.0 700
11.0167 702
11.0333 704
11.05 707
11.0667 709
11.0833 711
11.1 713
11.1167 715
11.1333 717
11.15 719
11.1667 722
11.1833 724
11.2 726
11.2167 728
11.2333 730
11.25 732
11.2667 734
11.2833 736
11.3 738
11.3167 740
11.3333 741
11.35 743
11.3667 745
11.3833 747
11.4 749
11.4167 751
11.4333 753
11.45 754
11.4667 756
11.4833 758
11.5 760
11.5167 761
11.5333 763
11.55 765
11.5667 766
11.5833 768
11.6 770
11.6167 771
11.6333 773
11.65 774
11.6667 776
11.6833 777
11.7 779
11.7167 780
11.7333 782
11.75 783
11.7667 785
11.7833 786
11.8 787
11.8167 789
11.8333 790
11.85 791
11.8667 793
11.8833 794
11.9 795
11.9167 796
11.9333 798
11.95 799
11.9667 800
11.9833 801
12.0 802
12.0167 803
12.0333 805
12.05 806
12.0667 807
12.0833 808
12.1 809
12.1167 810
12.1333 811
12.15 812
12.1667 813
12.1833 814
12.2 814
12.2167 815
12.2333 816
12.25 817
12.2667 818
12.2833 819
12.3 819
12.3167 820
12.3333 821
12.35 822
12.3667 822
12.3833 823
12.4 824
12.4167 824
12.4333 825
12.45 826
12.4667 826
12.4833 827
12.5 827
12.5167 828
12.5333 828
12.55 829
12.5667 829
12.5833 830
12.6 830
12.6167 830
12.6333 831
12.65 831
12.6667 831
12.6833 832
12.7 832
12.7167 832
12.7333 833
12.75 833
12.7667 833
12.7833 833
12.8 833
12.8167 834
12.8333 834
12.85 834
12.8667 834
12.8833 834
12.9 834
12.9167 834
12.9333 834
12.95 834
12.9667 834
12.9833 834
13.0 834
13.0167 834
13.0333 834
13.05 833
13.0667 833
13.0833 833
13.1 833
13.1167 833
13.1333 832
13.15 832
13.1667 832
13.1833 832
13.2 831
13.2167 831
13.2333 830
13.25 830
13.2667 830
13.2833 829
13.3 829
13.3167 828
13.3333 828
13.35 827
13.3667 827
13.3833 826
13.4 826
13.4167 825
13.4333 824
13.45 824
13.4667 823
13.4833 822
13.5 822
13.5167 821
13.5333 820
13.55 820
13.5667 819
13.5833 818
13.6 817
13.6167 816
13.6333 815
13.65 815
13.6667 814
13.6833 813
13.7 812
13.7167 811
13.7333 810
13.75 809
13.7667 808
13.7833 807
13.8 806
13.8167 805
13.8333 804
13.85 802
13.8667 801
13.8833 800
13.9 799
13.9167 798
13.9333 797
13.95 795
13.9667 794
13.9833 793
14.0 791
14.0167 790
14.0333 789
14.05 787
14.0667 786
14.0833 785
14.1 783
14.1167 782
14.1333 780
14.15 779
14.1667 777
14.1833 776
14.2 774
14.2167 773
14.2333 771
14.25 770
14.2667 768
14.2833 766
14.3 765
14.3167 763
14.3333 761
14.35 760
14.3667 758
14.3833 756
14.4 755
14.4167 753
14.4333 751
14.45 749
14.4667 747
14.4833 745
14.5 744
14.5167 742
14.5333 740
14.55 738
14.5667 736
14.5833 734
14.6 732
14.6167 730
14.6333 728
14.65 726
14.6667 724
14.6833 722
14.7 720
14.7167 718
14.7333 715
14.75 713
14.7667 711
14.7833 709
14.8 707
14.8167 705
14.8333 702
14.85 700
14.8667 698
14.8833 695
14.9 693
14.9167 691
14.9333 689
14.95 686
14.9667 684
14.9833 681
15.0 680
15.0167 678
15.0333 675
15.05 673
15.0667 670
15.0833 668
15.1 665
15.1167 663
15.1333 660
15.15 658
15.1667 655
15.1833 652
15.2 650
15.2167 647
15.2333 644
15.25 642
15.2667 639
15.2833 636
15.3 634
15.3167 631
15.3333 628
15.35 626
15.3667 623
15.3833 620
15.4 617
15.4167 614
15.4333 612
15.45 609
15.4667 606
15.4833 603
15.5 600
15.5167 597
15.5333 594
15.55 591
15.5667 588
15.5833 585
15.6 582
15.6167 579
15.6333 576
15.65 573
15.6667 570
15.6833 567
15.7 564
15.7167 561
15.7333 558
15.75 555
15.7667 552
15.7833 549
15.8 546
15.8167 542
15.8333 539
15.85 536
15.8667 533
15.8833 530
15.9 526
15.9167 523
15.9333 520
15.95 517
15.9667 513
15.9833 510
16.0 507
16.0167 503
16.0333 500
16.05 497
16.0667 493
16.0833 490
16.1 487
16.1167 483
16.1333 480
16.15 477
16.1667 473
16.1833 470
16.2 466
16.2167 463
16.2333 459
16.25 456
16.2667 452
16.2833 449
16.3 445
16.3167 442
16.3333 438
16.35 435
16.3667 431
16.3833 428
16.4 424
16.4167 420
16.4333 417
16.45 413
16.4667 410
16.4833 406
16.5 402
16.5167 399
16.5333 395
16.55 392
16.5667 388
16.5833 384
16.6 381
16.6167 377
16.6333 373
16.65 370
16.6667 366
16.6833 362
16.7 358
16.7167 355
16.7333 351
16.75 347
16.7667 343
16.7833 340
16.8 336
16.8167 332
16.8333 328
16.85 325
16.8667 321
16.8833 317
16.9 313
16.9167 310
16.9333 306
16.95 302
16.9667 298
16.9833 294
