8.0 166
8.0167 170
8.0333 174
8.05 177
8.0667 181
8.0833 185
8.1 189
8.1167 192
8.1333 196
8.15 200
8.1667 204
8.1833 207
8.2 211
8.2167 215
8.2333 219
8.25 223
8.2667 226
8.2833 230
8.3 234
8.3167 238
8.3333 242
8.35 245
8.3667 249
8.3833 253
8.4 257
8.4167 261
8.4333 265
8.45 269
8.4667 272
8.4833 276
8.5 280
8.5167 284
8.5333 288
8.55 292
8.5667 296
8.5833 299
8.6 303
8.6167 307
8.6333 311
8.65 315
8.6667 319
8.6833 323
8.7 326
8.7167 330
8.7333 334
8.75 338
8.7667 342
8.7833 346
8.8 350
8.8167 353
8.8333 357
8.85 361
8.8667 365
8.8833 369
8.9 373
8.9167 376
8.9333 380
8.95 384
8.9667 388
8.9833 392
9.0 395
9.0167 400
9.0333 404
9.05 408
9.0667 412
9.0833 415
9.1 419
9.1167 423
9.1333 426
9.15 430
9.1667 434
9.1833 438
9.2 441
9.2167 445
9.2333 449
9.25 452
9.2667 456
9.2833 460
9.3 463
9.3167 467
9.3333 471
9.35 474
9.3667 478
9.3833 482
9.4 485
9.4167 489
9.4333 492
9.45 496
9.4667 499
9.4833 503
9.5 507
9.5167 510
9.5333 514
9.55 517
9.5667 521
9.5833 524
9.6 528
9.6167 531
9.6333 534
9.65 538
9.6667 541
9.6833 545
9.7 548
9.7167 552
9.7333 555
9.75 558
9.7667 562
9.7833 565
9.8 568
9.8167 572
9.8333 575
9.85 578
9.8667 582
9.8833 585
9.9 588
9.9167 591
9.9333 595
9.95 598
9.9667 601
9.9833 604
10.0 607
10.0167 611
10.0333 614
10.05 617
10.0667 620
10.0833 623
10.1 626
10.1167 629
10.1333 632
10.15 635
10.1667 638
10.1833 641
10.2 645
10.2167 648
10.2333 650
10.25 653
10.2667 656
10.2833 659
10.3 662
10.3167 665
10.3333 668
10.35 671
10.3667 674
10.3833 677
10.4 679
10.4167 682
10.4333 685
10.45 688
10.4667 691
10.4833 693
10.5 696
10.5167 699
10.5333 702
10.55 704
10.5667 707
10.5833 710
10.6 712
10.6167 715
10.6333 717
10.65 720
10.6667 723
10.6833 725
10.7 728
10.7167 730
10.7333 733
10.75 735
10.7667 738
10.7833 740
10.8 743
10.8167 745
10.8333 747
10.85 750
10.8667 752
10.8833 755
10.9 757
10.9167 759
10.9333 761
10.95 764
10.9667 766
10.9833 768
11.0 770
11.0167 773
11.0333 775
11.05 777
11.0667 779
11.0833 781
11.1 783
11.1167 786
11.1333 788
11.15 790
11.1667 792
11.1833 794
11.2 796
11.2167 798
11.2333 800
11.25 802
11.2667 804
11.2833 806
11.3 807
11.3167 809
11.3333 811
11.35 813
11.3667 815
11.3833 817
11.4 818
11.4167 820
11.4333 822
11.45 824
11.4667 825
11.4833 827
11.5 829
11.5167 830
11.5333 832
11.55 834
11.5667 835
11.5833 837
11.6 838
11.6167 840
11.6333 841
11.65 843
11.6667 844
11.6833 846
11.7 847
11.7167 849
11.7333 850
11.75 851
11.7667 853
11.7833 854
11.8 855
11.8167 857
11.8333 858
11.85 859
11.8667 861
11.8833 862
11.9 863
11.9167 864
11.9333 865
11.95 866
11.9667 868
11.9833 869
12.0 870
12.0167 871
12.0333 872
12.05 873
12.0667 874
12.0833 875
12.1 876
12.1167 877
12.1333 878
12.15 879
12.1667 879
12.1833 880
12.2 881
12.2167 882
12.2333 883
12.25 883
12.2667 884
12.2833 885
12.3 886
12.3167 886
12.3333 887
12.35 888
12.3667 888
12.3833 889
12.4 889
12.4167 890
12.4333 891
12.45 891
12.4667 892
12.4833 892
12.5 893
12.5167 893
12.5333 893
12.55 894
12.5667 894
12.5833 895
12.6 895
12.6167 895
12.6333 895
12.65 896
12.6667 896
12.6833 896
12.7 896
12.7167 897
12.7333 897
12.75 897
12.7667 897
12.7833 897
12.8 897
12.8167 897
12.8333 897
12.85 897
12.8667 897
12.8833 897
12.9 897
12.9167 897
12.9333 897
12.95 897
12.9667 897
12.9833 897
13.0 897
13.0167 896
13.0333 896
13.05 896
13.0667 896
13.0833 896
13.1 895
13.1167 895
13.1333 895
13.15 894
13.1667 894
13.1833 893
13.2 893
13.2167 893
13.2333 892
13.25 892
13.2667 891
13.2833 891
13.3 890
13.3167 890
13.3333 889
13.35 888
13.3667 888
13.3833 887
13.4 886
13.4167 886
13.4333 885
13.45 884
13.4667 884
13.4833 883
13.5 882
13.5167 881
13.5333 880
13.55 880
13.5667 879
13.5833 878
13.6 877
13.6167 876
13.6333 875
13.65 874
13.6667 873
13.6833 872
13.7 871
13.7167 870
13.7333 869
13.75 868
13.7667 867
13.7833 866
13.8 864
13.8167 863
13.8333 862
13.85 861
13.8667 860
13.8833 858
13.9 857
13.9167 856
13.9333 854
13.95 853
13.9667 852
13.9833 850
14.0 849
14.0167 848
14.0333 846
14.05 845
14.0667 843
14.0833 842
14.1 840
14.1167 839
14.1333 837
14.15 836
14.1667 834
14.1833 832
14.2 831
14.2167 829
14.2333 827
14.25 826
14.2667 824
14.2833 822
14.3 821
14.3167 819
14.3333 817
14.35 815
14.3667 813
14.3833 812
14.4 810
14.4167 808
14.4333 806
14.45 804
14.4667 802
14.4833 800
14.5 798
14.5167 796
14.5333 794
14.55 792
14.5667 790
14.5833 788
14.6 786
14.6167 784
14.6333 782
14.65 780
14.6667 778
14.6833 775
14.7 773
14.7167 771
14.7333 769
14.75 767
14.7667 764
14.7833 762
14.8 760
14.8167 757
14.8333 755
14.85 753
14.8667 750
14.8833 748
14.9 746
14.9167 743
14.9333 741
14.95 738
14.9667 736
14.9833 733
15.0 732
15.0167 729
15.0333 726
15.05 724
15.0667 721
15.0833 719
15.1 716
15.1167 714
15.1333 711
15.15 708
15.1667 706
15.1833 703
15.2 700
15.2167 697
15.2333 695
15.25 692
15.2667 689
15.2833 686
15.3 684
15.3167 681
15.3333 678
15.35 675
15.3667 672
15.3833 669
15.4 667
15.4167 664
15.4333 661
15.45 658
15.4667 655
15.4833 652
15.5 649
15.5167 646
15.5333 643
15.55 640
15.5667 637
15.5833 634
15.6 631
15.6167 628
15.6333 625
15.65 621
15.6667 618
15.6833 615
15.7 612
15.7167 609
15.7333 606
15.75 602
15.7667 599
15.7833 596
15.8 593
15.8167 590
15.8333 586
15.85 583
15.8667 580
15.8833 576
15.9 573
15.9167 570
15.9333 566
15.95 563
15.9667 560
15.9833 556
16.0 553
16.0167 550
16.0333 546
16.05 543
16.0667 539
16.0833 536
16.1 532
16.1167 529
16.1333 526
16.15 522
16.1667 519
16.1833 515
16.2 512
16.2167 508
16.2333 504
16.25 501
16.2667 497
16.2833 494
16.3 490
16.3167 487
16.3333 483
16.35 479
16.3667 476
16.3833 472
16.4 469
16.4167 465
16.4333 461
16.45 458
16.4667 454
16.4833 450
16.5 447
16.5167 443
16.5333 439
16.55 435
16.5667 432
16.5833 428
16.6 424
16.6167 420
16.6333 417
16.65 413
16.6667 409
16.6833 405
16.7 402
16.7167 398
16.7333 394
16.75 390
16.7667 386
16.7833 383
16.8 379
16.8167 375
16.8333 371
16.85 367
16.8667 364
16.8833 360
16.9 356
16.9167 352
16.9333 348
16.95 344
16.9667 341
16.9833 337
