8.0 148
8.0167 151
8.0333 155
8.05 158
8.0667 162
8.0833 166
8.1 169
8.1167 173
8.1333 177
8.15 180
8.1667 184
8.1833 188
8.2 191
8.2167 195
8.2333 199
8.25 202
8.2667 206
8.2833 210
8.3 214
8.3167 217
8.3333 221
8.35 225
8.3667 229
8.3833 233
8.4 236
8.4167 240
8.4333 244
8.45 248
8.4667 252
8.4833 255
8.5 259
8.5167 263
8.5333 267
8.55 271
8.5667 274
8.5833 278
8.6 282
8.6167 286
8.6333 290
8.65 294
8.6667 297
8.6833 301
8.7 305
8.7167 309
8.7333 313
8.75 317
8.7667 320
8.7833 324
8.8 328
8.8167 332
8.8333 336
8.85 339
8.8667 343
8.8833 347
8.9 351
8.9167 355
8.9333 358
8.95 362
8.9667 366
8.9833 370
9.0 373
9.0167 378
9.0333 382
9.05 386
9.0667 390
9.0833 393
9.1 397
9.1167 401
9.1333 405
9.15 408
9.1667 412
9.1833 416
9.2 419
9.2167 423
9.2333 427
9.25 430
9.2667 434
9.2833 438
9.3 441
9.3167 445
9.3333 449
9.35 452
9.3667 456
9.3833 459
9.4 463
9.4167 467
9.4333 470
9.45 474
9.4667 477
9.4833 481
9.5 484
9.5167 488
9.5333 491
9.55 495
9.5667 498
9.5833 502
9.6 505
9.6167 509
9.6333 512
9.65 516
9.6667 519
9.6833 523
9.7 526
9.7167 529
9.7333 533
9.75 536
9.7667 540
9.7833 543
9.8 546
9.8167 550
9.8333 553
9.85 556
9.8667 560
9.8833 563
9.9 566
9.9167 569
9.9333 573
9.95 576
9.9667 579
9.9833 582
10.0 585
10.0167 589
10.0333 592
10.05 595
10.0667 598
10.0833 601
10.1 604
10.1167 607
10.1333 610
10.15 613
10.1667 617
10.1833 620
10.2 623
10.2167 626
10.2333 629
10.25 632
10.2667 635
10.2833 637
10.3 640
10.3167 643
10.3333 646
10.35 649
10.3667 652
10.3833 655
10.4 658
10.4167 660
10.4333 663
10.45 666
10.4667 669
10.4833 672
10.5 674
10.5167 677
10.5333 680
10.55 683
10.5667 685
10.5833 688
10.6 691
10.6167 693
10.6333 696
10.65 698
10.6667 701
10.6833 704
10.7 706
10.7167 709
10.7333 711
10.75 714
10.7667 716
10.7833 719
10.8 721
10.8167 724
10.8333 726
10.85 728
10.8667 731
10.8833 733
10.9 735
10.9167 738
10.9333 740
10.95 742
10.9667 745
10.9833 747
11.0 749
11.0167 751
11.0333 754
11.05 756
11.0667 758
11.0833 760
11.1 762
11.1167 764
11.1333 766
11.15 769
11.1667 771
11.1833 773
11.2 775
11.2167 777
11.2333 779
11.25 781
11.2667 783
11.2833 785
11.3 786
11.3167 788
11.3333 790
11.35 792
11.3667 794
11.3833 796
11.4 798
11.4167 799
11.4333 801
11.45 803
11.4667 805
11.4833 806
11.5 808
11.5167 810
11.5333 811
11.55 813
11.5667 815
11.5833 816
11.6 818
11.6167 819
11.6333 821
11.65 822
11.6667 824
11.6833 825
11.7 827
11.7167 828
11.7333 830
11.75 831
11.7667 832
11.7833 834
11.8 835
11.8167 836
11.8333 838
11.85 839
11.8667 840
11.8833 842
11.9 843
11.9167 844
11.9333 845
11.95 846
11.9667 847
11.9833 849
12.0 850
12.0167 851
12.0333 852
12.05 853
12.0667 854
12.0833 855
12.1 856
12.1167 857
12.1333 858
12.15 859
12.1667 860
12.1833 860
12.2 861
12.2167 862
12.2333 863
12.25 864
12.2667 864
12.2833 865
12.3 866
12.3167 867
12.3333 867
12.35 868
12.3667 869
12.3833 869
12.4 870
12.4167 870
12.4333 871
12.45 872
12.4667 872
12.4833 873
12.5 873
12.5167 874
12.5333 874
12.55 874
12.5667 875
12.5833 875
12.6 876
12.6167 876
12.6333 876
12.65 877
12.6667 877
12.6833 877
12.7 877
12.7167 878
12.7333 878
12.75 878
12.7667 878
12.7833 878
12.8 878
12.8167 878
12.8333 878
12.85 879
12.8667 879
12.8833 879
12.9 879
12.9167 879
12.9333 878
12.95 878
12.9667 878
12.9833 878
13.0 878
13.0167 878
13.0333 878
13.05 877
13.0667 877
13.0833 877
13.1 877
13.1167 876
13.1333 876
13.15 876
13.1667 875
13.1833 875
13.2 875
13.2167 874
13.2333 874
13.25 873
13.2667 873
13.2833 872
13.3 872
13.3167 871
13.3333 871
13.35 870
13.3667 870
13.3833 869
13.4 868
13.4167 868
13.4333 867
13.45 866
13.4667 866
13.4833 865
13.5 864
13.5167 863
13.5333 863
13.55 862
13.5667 861
13.5833 860
13.6 859
13.6167 858
13.6333 857
13.65 856
13.6667 855
13.6833 854
13.7 853
13.7167 852
13.7333 851
13.75 850
13.7667 849
13.7833 848
13.8 847
13.8167 846
13.8333 845
13.85 844
13.8667 842
13.8833 841
13.9 840
13.9167 839
13.9333 837
13.95 836
13.9667 835
13.9833 833
14.0 832
14.0167 831
14.0333 829
14.05 828
14.0667 826
14.0833 825
14.1 823
14.1167 822
14.1333 820
14.15 819
14.1667 817
14.1833 816
14.2 814
14.2167 812
14.2333 811
14.25 809
14.2667 807
14.2833 806
14.3 804
14.3167 802
14.3333 801
14.35 799
14.3667 797
14.3833 795
14.4 793
14.4167 791
14.4333 790
14.45 788
14.4667 786
14.4833 784
14.5 782
14.5167 780
14.5333 778
14.55 776
14.5667 774
14.5833 772
14.6 770
14.6167 768
14.6333 766
14.65 764
14.6667 762
14.6833 759
14.7 757
14.7167 755
14.7333 753
14.75 751
14.7667 748
14.7833 746
14.8 744
14.8167 742
14.8333 739
14.85 737
14.8667 735
14.8833 732
14.9 730
14.9167 728
14.9333 725
14.95 723
14.9667 720
14.9833 718
15.0 716
15.0167 714
15.0333 711
15.05 709
15.0667 706
15.0833 703
15.1 701
15.1167 698
15.1333 696
15.15 693
15.1667 690
15.1833 688
15.2 685
15.2167 682
15.2333 680
15.25 677
15.2667 674
15.2833 671
15.3 669
15.3167 666
15.3333 663
15.35 660
15.3667 657
15.3833 655
15.4 652
15.4167 649
15.4333 646
15.45 643
15.4667 640
15.4833 637
15.5 634
15.5167 631
15.5333 628
15.55 625
15.5667 622
15.5833 619
15.6 616
15.6167 613
15.6333 610
15.65 607
15.6667 604
15.6833 601
15.7 598
15.7167 595
15.7333 591
15.75 588
15.7667 585
15.7833 582
15.8 579
15.8167 575
15.8333 572
15.85 569
15.8667 566
15.8833 562
15.9 559
15.9167 556
15.9333 553
15.95 549
15.9667 546
15.9833 543
16.0 539
16.0167 536
16.0333 532
16.05 529
16.0667 526
16.0833 522
16.1 519
16.1167 515
16.1333 512
16.15 508
16.1667 505
16.1833 501
16.2 498
16.2167 494
16.2333 491
16.25 487
16.2667 484
16.2833 480
16.3 477
16.3167 473
16.3333 470
16.35 466
16.3667 462
16.3833 459
16.4 455
16.4167 452
16.4333 448
16.45 444
16.4667 441
16.4833 437
16.5 433
16.5167 430
16.5333 426
16.55 422
16.5667 419
16.5833 415
16.6 411
16.6167 408
16.6333 404
16.65 400
16.6667 396
16.6833 393
16.7 389
16.7167 385
16.7333 381
16.75 378
16.7667 374
16.7833 370
16.8 366
16.8167 363
16.8333 359
16.85 355
16.8667 351
16.8833 347
16.9 344
16.9167 340
16.9333 336
16.95 332
16.9667 328
16.9833 325
