8.0 143
8.0167 146
8.0333 150
8.05 153
8.0667 156
8.0833 160
8.1 163
8.1167 167
8.1333 170
8.15 174
8.1667 177
8.1833 181
8.2 184
8.2167 188
8.2333 191
8.25 195
8.2667 199
8.2833 202
8.3 206
8.3167 209
8.3333 213
8.35 217
8.3667 220
8.3833 224
8.4 228
8.4167 231
8.4333 235
8.45 239
8.4667 242
8.4833 246
8.5 250
8.5167 253
8.5333 257
8.55 261
8.5667 264
8.5833 268
8.6 272
8.6167 275
8.6333 279
8.65 283
8.6667 287
8.6833 290
8.7 294
8.7167 298
8.7333 301
8.75 305
8.7667 309
8.7833 312
8.8 316
8.8167 320
8.8333 324
8.85 327
8.8667 331
8.8833 335
8.9 338
8.9167 342
8.9333 346
8.95 349
8.9667 353
8.9833 357
9.0 360
9.0167 365
9.0333 369
9.05 373
9.0667 376
9.0833 380
9.1 383
9.1167 387
9.1333 391
9.15 394
9.1667 398
9.1833 402
9.2 405
9.2167 409
9.2333 412
9.25 416
9.2667 420
9.2833 423
9.3 427
9.3167 430
9.3333 434
9.35 437
9.3667 441
9.3833 444
9.4 448
9.4167 452
9.4333 455
9.45 459
9.4667 462
9.4833 465
9.5 469
9.5167 472
9.5333 476
9.55 479
9.5667 483
9.5833 486
9.6 490
9.6167 493
9.6333 496
9.65 500
9.6667 503
9.6833 506
9.7 510
9.7167 513
9.7333 516
9.75 520
9.7667 523
9.7833 526
9.8 530
9.8167 533
9.8333 536
9.85 539
9.8667 543
9.8833 546
9.9 549
9.9167 552
9.9333 556
9.95 559
9.9667 562
9.9833 565
10.0 568
10.0167 571
10.0333 574
10.05 577
10.0667 581
10.0833 584
10.1 587
10.1167 590
10.1333 593
10.15 596
10.1667 599
10.1833 602
10.2 605
10.2167 608
10.2333 611
10.25 614
10.2667 617
10.2833 619
10.3 622
10.3167 625
10.3333 628
10.35 631
10.3667 634
10.3833 637
10.4 639
10.4167 642
10.4333 645
10.45 648
10.4667 650
10.4833 653
10.5 656
10.5167 659
10.5333 661
10.55 664
10.5667 667
10.5833 669
10.6 672
10.6167 674
10.6333 677
10.65 680
10.6667 682
10.6833 685
10.7 687
10.7167 690
10.7333 692
10.75 695
10.7667 697
10.7833 699
10.8 702
10.8167 704
10.8333 707
10.85 709
10.8667 711
10.8833 714
10.9 716
10.9167 718
10.9333 721
10.95 723
10.9667 725
10.9833 727
11.0 730
11.0167 732
11.0333 734
11.05 736
11.0667 738
11.0833 740
11.1 743
11.1167 745
11.1333 747
11.15 749
11.1667 751
11.1833 753
11.2 755
11.2167 757
11.2333 759
11.25 761
11.2667 763
11.2833 765
11.3 766
11.3167 768
11.3333 770
11.35 772
11.3667 774
11.3833 776
11.4 777
11.4167 779
11.4333 781
11.45 783
11.4667 784
11.4833 786
11.5 788
11.5167 789
11.5333 791
11.55 793
11.5667 794
11.5833 796
11.6 797
11.6167 799
11.6333 800
11.65 802
11.6667 803
11.6833 805
11.7 806
11.7167 808
11.7333 809
11.75 810
11.7667 812
11.7833 813
11.8 814
11.8167 816
11.8333 817
11.85 818
11.8667 819
11.8833 821
11.9 822
11.9167 823
11.9333 824
11.95 825
11.9667 826
11.9833 828
12.0 829
12.0167 830
12.0333 831
12.05 832
12.0667 833
12.0833 834
12.1 835
12.1167 836
12.1333 837
12.15 837
12.1667 838
12.1833 839
12.2 840
12.2167 841
12.2333 842
12.25 842
12.2667 843
12.2833 844
12.3 845
12.3167 845
12.3333 846
12.35 847
12.3667 847
12.3833 848
12.4 849
12.4167 849
12.4333 850
12.45 850
12.4667 851
12.4833 851
12.5 852
12.5167 852
12.5333 853
12.55 853
12.5667 853
12.5833 854
12.6 854
12.6167 854
12.6333 855
12.65 855
12.6667 855
12.6833 855
12.7 856
12.7167 856
12.7333 856
12.75 856
12.7667 856
12.7833 857
12.8 857
12.8167 857
12.8333 857
12.85 857
12.8667 857
12.8833 857
12.9 857
12.9167 857
12.9333 857
12.95 857
12.9667 856
12.9833 856
13.0 856
13.0167 856
13.0333 856
13.05 856
13.0667 855
13.0833 855
13.1 855
13.1167 855
13.1333 854
13.15 854
13.1667 854
13.1833 853
13.2 853
13.2167 852
13.2333 852
13.25 852
13.2667 851
13.2833 851
13.3 850
13.3167 849
13.3333 849
13.35 848
13.3667 848
13.3833 847
13.4 846
13.4167 846
13.4333 845
13.45 844
13.4667 844
13.4833 843
13.5 842
13.5167 841
13.5333 841
13.55 840
13.5667 839
13.5833 838
13.6 837
13.6167 836
13.6333 835
13.65 834
13.6667 833
13.6833 832
13.7 831
13.7167 830
13.7333 829
13.75 828
13.7667 827
13.7833 826
13.8 825
13.8167 824
13.8333 823
13.85 822
13.8667 820
13.8833 819
13.9 818
13.9167 817
13.9333 815
13.95 814
13.9667 813
13.9833 811
14.0 810
14.0167 809
14.0333 807
14.05 806
14.0667 804
14.0833 803
14.1 801
14.1167 800
14.1333 798
14.15 797
14.1667 795
14.1833 794
14.2 792
14.2167 790
14.2333 789
14.25 787
14.2667 785
14.2833 784
14.3 782
14.3167 780
14.3333 779
14.35 777
14.3667 775
14.3833 773
14.4 771
14.4167 770
14.4333 768
14.45 766
14.4667 764
14.4833 762
14.5 760
14.5167 758
14.5333 756
14.55 754
14.5667 752
14.5833 750
14.6 748
14.6167 746
14.6333 744
14.65 742
14.6667 740
14.6833 738
14.7 736
14.7167 733
14.7333 731
14.75 729
14.7667 727
14.7833 725
14.8 722
14.8167 720
14.8333 718
14.85 715
14.8667 713
14.8833 711
14.9 708
14.9167 706
14.9333 704
14.95 701
14.9667 699
14.9833 696
15.0 695
15.0167 692
15.0333 690
15.05 687
15.0667 685
15.0833 682
15.1 680
15.1167 677
15.1333 674
15.15 672
15.1667 669
15.1833 667
15.2 664
15.2167 661
15.2333 659
15.25 656
15.2667 653
15.2833 650
15.3 648
15.3167 645
15.3333 642
15.35 639
15.3667 636
15.3833 634
15.4 631
15.4167 628
15.4333 625
15.45 622
15.4667 619
15.4833 616
15.5 614
15.5167 611
15.5333 608
15.55 605
15.5667 602
15.5833 599
15.6 596
15.6167 593
15.6333 590
15.65 587
15.6667 583
15.6833 580
15.7 577
15.7167 574
15.7333 571
15.75 568
15.7667 565
15.7833 562
15.8 559
15.8167 555
15.8333 552
15.85 549
15.8667 546
15.8833 543
15.9 539
15.9167 536
15.9333 533
15.95 529
15.9667 526
15.9833 523
16.0 520
16.0167 516
16.0333 513
16.05 510
16.0667 506
16.0833 503
16.1 499
16.1167 496
16.1333 493
16.15 489
16.1667 486
16.1833 482
16.2 479
16.2167 476
16.2333 472
16.25 469
16.2667 465
16.2833 462
16.3 458
16.3167 455
16.3333 451
16.35 448
16.3667 444
16.3833 441
16.4 437
16.4167 434
16.4333 430
16.45 426
16.4667 423
16.4833 419
16.5 416
16.5167 412
16.5333 408
16.55 405
16.5667 401
16.5833 398
16.6 394
16.6167 390
16.6333 387
16.65 383
16.6667 379
16.6833 376
16.7 372
16.7167 368
16.7333 365
16.75 361
16.7667 357
16.7833 354
16.8 350
16.8167 346
16.8333 343
16.85 339
16.8667 335
16.8833 332
16.9 328
16.9167 324
16.9333 320
16.95 317
16.9667 313
16.9833 309
