8.0 210
8.0167 214
8.0333 218
8.05 222
8.0667 226
8.0833 229
8.1 233
8.1167 237
8.1333 241
8.15 245
8.1667 249
8.1833 253
8.2 257
8.2167 261
8.2333 264
8.25 268
8.2667 272
8.2833 276
8.3 280
8.3167 284
8.3333 288
8.35 292
8.3667 296
8.3833 300
8.4 304
8.4167 308
8.4333 311
8.45 315
8.4667 319
8.4833 323
8.5 327
8.5167 331
8.5333 335
8.55 339
8.5667 343
8.5833 347
8.6 351
8.6167 355
8.6333 359
8.65 362
8.6667 366
8.6833 370
8.7 374
8.7167 378
8.7333 382
8.75 386
8.7667 390
8.7833 394
8.8 397
8.8167 401
8.8333 405
8.85 409
8.8667 413
8.8833 417
8.9 420
8.9167 424
8.9333 428
8.95 432
8.9667 436
8.9833 440
9.0 443
9.0167 448
9.0333 452
9.05 456
9.0667 460
9.0833 463
9.1 467
9.1167 471
9.1333 475
9.15 478
9.1667 482
9.1833 486
9.2 489
9.2167 493
9.2333 497
9.25 500
9.2667 504
9.2833 508
9.3 511
9.3167 515
9.3333 519
9.35 522
9.3667 526
9.3833 529
9.4 533
9.4167 537
9.4333 540
9.45 544
9.4667 547
9.4833 551
9.5 554
9.5167 558
9.5333 561
9.55 565
9.5667 568
9.5833 572
9.6 575
9.6167 579
9.6333 582
9.65 585
9.6667 589
9.6833 592
9.7 596
9.7167 599
9.7333 602
9.75 606
9.7667 609
9.7833 612
9.8 616
9.8167 619
9.8333 622
9.85 625
9.8667 629
9.8833 632
9.9 635
9.9167 638
9.9333 642
9.95 645
9.9667 648
9.9833 651
10.0 654
10.0167 657
10.0333 661
10.05 664
10.0667 667
10.0833 670
10.1 673
10.1167 676
10.1333 679
10.15 682
10.1667 685
10.1833 688
10.2 691
10.2167 694
10.2333 697
10.25 700
10.2667 703
10.2833 705
10.3 708
10.3167 711
10.3333 714
10.35 717
10.3667 720
10.3833 722
10.4 725
10.4167 728
10.4333 731
10.45 734
10.4667 736
10.4833 739
10.5 742
10.5167 744
10.5333 747
10.55 750
10.5667 752
10.5833 755
10.6 757
10.6167 760
10.6333 763
10.65 765
10.6667 768
10.6833 770
10.7 773
10.7167 775
10.7333 778
10.75 780
10.7667 782
10.7833 785
10.8 787
10.8167 790
10.8333 792
10.85 794
10.8667 797
10.8833 799
10.9 801
10.9167 803
10.9333 806
10.95 808
10.9667 810
10.9833 812
11.0 814
11.0167 817
11.0333 819
11.05 821
11.0667 823
11.0833 825
11.1 827
11.1167 829
11.1333 831
11.15 833
11.1667 835
11.1833 837
11.2 839
11.2167 841
11.2333 843
11.25 845
11.2667 847
11.2833 849
11.3 850
11.3167 852
11.3333 854
11.35 856
11.3667 858
11.3833 859
11.4 861
11.4167 863
11.4333 864
11.45 866
11.4667 868
11.4833 869
11.5 871
11.5167 873
11.5333 874
11.55 876
11.5667 877
11.5833 879
11.6 880
11.6167 882
11.6333 883
11.65 885
11.6667 886
11.6833 887
11.7 889
11.7167 890
11.7333 891
11.75 893
11.7667 894
11.7833 895
11.8 897
11.8167 898
11.8333 899
11.85 900
11.8667 901
11.8833 902
11.9 904
11.9167 905
11.9333 906
11.95 907
11.9667 908
11.9833 909
12.0 910
12.0167 911
12.0333 912
12.05 913
12.0667 914
12.0833 915
12.1 916
12.1167 917
12.1333 917
12.15 918
12.1667 919
12.1833 920
12.2 921
12.2167 921
12.2333 922
12.25 923
12.2667 923
12.2833 924
12.3 925
12.3167 925
12.3333 926
12.35 927
12.3667 927
12.3833 928
12.4 928
12.4167 929
12.4333 929
12.45 930
12.4667 930
12.4833 930
12.5 931
12.5167 931
12.5333 932
12.55 932
12.5667 932
12.5833 933
12.6 933
12.6167 933
12.6333 933
12.65 934
12.6667 934
12.6833 934
12.7 934
12.7167 934
12.7333 934
12.75 934
12.7667 934
12.7833 934
12.8 934
12.8167 934
12.8333 934
12.85 934
12.8667 934
12.8833 934
12.9 934
12.9167 934
12.9333 934
12.95 934
12.9667 934
12.9833 933
13.0 933
13.0167 933
13.0333 933
13.05 932
13.0667 932
13.0833 932
13.1 931
13.1167 931
13.1333 930
13.15 930
13.1667 930
13.1833 929
13.2 929
13.2167 928
13.2333 928
13.25 927
13.2667 927
13.2833 926
13.3 925
13.3167 925
13.3333 924
13.35 923
13.3667 923
13.3833 922
13.4 921
13.4167 921
13.4333 920
13.45 919
13.4667 918
13.4833 917
13.5 917
13.5167 916
13.5333 915
13.55 914
13.5667 913
13.5833 912
13.6 911
13.6167 910
13.6333 909
13.65 908
13.6667 907
13.6833 906
13.7 905
13.7167 904
13.7333 903
13.75 901
13.7667 900
13.7833 899
13.8 898
13.8167 897
13.8333 895
13.85 894
13.8667 893
13.8833 891
13.9 890
13.9167 889
13.9333 887
13.95 886
13.9667 885
13.9833 883
14.0 882
14.0167 880
14.0333 879
14.05 877
14.0667 876
14.0833 874
14.1 873
14.1167 871
14.1333 869
14.15 868
14.1667 866
14.1833 864
14.2 863
14.2167 861
14.2333 859
14.25 858
14.2667 856
14.2833 854
14.3 852
14.3167 850
14.3333 849
14.35 847
14.3667 845
14.3833 843
14.4 841
14.4167 839
14.4333 837
14.45 835
14.4667 833
14.4833 831
14.5 829
14.5167 827
14.5333 825
14.55 823
14.5667 821
14.5833 819
14.6 817
14.6167 814
14.6333 812
14.65 810
14.6667 808
14.6833 806
14.7 803
14.7167 801
14.7333 799
14.75 797
14.7667 794
14.7833 792
14.8 790
14.8167 787
14.8333 785
14.85 782
14.8667 780
14.8833 778
14.9 775
14.9167 773
14.9333 770
14.95 768
14.9667 765
14.9833 763
15.0 761
15.0167 758
15.0333 756
15.05 753
15.0667 750
15.0833 748
15.1 745
15.1167 742
15.1333 740
15.15 737
15.1667 734
15.1833 732
15.2 729
15.2167 726
15.2333 723
15.25 720
15.2667 718
15.2833 715
15.3 712
15.3167 709
15.3333 706
15.35 703
15.3667 700
15.3833 697
15.4 695
15.4167 692
15.4333 689
15.45 686
15.4667 683
15.4833 680
15.5 677
15.5167 674
15.5333 670
15.55 667
15.5667 664
15.5833 661
15.6 658
15.6167 655
15.6333 652
15.65 649
15.6667 645
15.6833 642
15.7 639
15.7167 636
15.7333 633
15.75 629
15.7667 626
15.7833 623
15.8 620
15.8167 616
15.8333 613
15.85 610
15.8667 606
15.8833 603
15.9 600
15.9167 596
15.9333 593
15.95 590
15.9667 586
15.9833 583
16.0 579
16.0167 576
16.0333 572
16.05 569
16.0667 565
16.0833 562
16.1 559
16.1167 555
16.1333 551
16.15 548
16.1667 544
16.1833 541
16.2 537
16.2167 534
16.2333 530
16.25 527
16.2667 523
16.2833 519
16.3 516
16.3167 512
16.3333 508
16.35 505
16.3667 501
16.3833 497
16.4 494
16.4167 490
16.4333 486
16.45 483
16.4667 479
16.4833 475
16.5 471
16.5167 468
16.5333 464
16.55 460
16.5667 456
16.5833 453
16.6 449
16.6167 445
16.6333 441
16.65 438
16.6667 434
16.6833 430
16.7 426
16.7167 422
16.7333 418
16.75 415
16.7667 411
16.7833 407
16.8 403
16.8167 399
16.8333 395
16.85 391
16.8667 388
16.8833 384
16.9 380
16.9167 376
16.9333 372
16.95 368
16.9667 364
16.9833 360
