8.0 254
8.0167 258
8.0333 261
8.05 265
8.0667 269
8.0833 273
8.1 276
8.1167 280
8.1333 284
8.15 288
8.1667 291
8.1833 295
8.2 299
8.2167 303
8.2333 306
8.25 310
8.2667 314
8.2833 318
8.3 321
8.3167 325
8.3333 329
8.35 333
8.3667 337
8.3833 340
8.4 344
8.4167 348
8.4333 352
8.45 355
8.4667 359
8.4833 363
8.5 367
8.5167 370
8.5333 374
8.55 378
8.5667 382
8.5833 386
8.6 389
8.6167 393
8.6333 397
8.65 401
8.6667 404
8.6833 408
8.7 412
8.7167 415
8.7333 419
8.75 423
8.7667 427
8.7833 430
8.8 434
8.8167 438
8.8333 441
8.85 445
8.8667 449
8.8833 452
8.9 456
8.9167 460
8.9333 463
8.95 467
8.9667 471
8.9833 474
9.0 478
9.0167 482
9.0333 486
9.05 490
9.0667 493
9.0833 497
9.1 500
9.1167 504
9.1333 507
9.15 511
9.1667 515
9.1833 518
9.2 522
9.2167 525
9.2333 529
9.25 532
9.2667 536
9.2833 539
9.3 543
9.3167 546
9.3333 549
9.35 553
9.3667 556
9.3833 560
9.4 563
9.4167 567
9.4333 570
9.45 573
9.4667 577
9.4833 580
9.5 583
9.5167 587
9.5333 590
9.55 593
9.5667 597
9.5833 600
9.6 603
9.6167 607
9.6333 610
9.65 613
9.6667 616
9.6833 619
9.7 623
9.7167 626
9.7333 629
9.75 632
9.7667 635
9.7833 639
9.8 642
9.8167 645
9.8333 648
9.85 651
9.8667 654
9.8833 657
9.9 660
9.9167 663
9.9333 666
9.95 669
9.9667 672
9.9833 675
10.0 678
10.0167 681
10.0333 684
10.05 687
10.0667 690
10.0833 693
10.1 696
10.1167 699
10.1333 702
10.15 704
10.1667 707
10.1833 710
10.2 713
10.2167 716
10.2333 718
10.25 721
10.2667 724
10.2833 727
10.3 729
10.3167 732
10.3333 735
10.35 737
10.3667 740
10.3833 743
10.4 745
10.4167 748
10.4333 750
10.45 753
10.4667 756
10.4833 758
10.5 761
10.5167 763
10.5333 766
10.55 768
10.5667 771
10.5833 773
10.6 775
10.6167 778
10.6333 780
10.65 783
10.6667 785
10.6833 787
10.7 790
10.7167 792
10.7333 794
10.75 797
10.7667 799
10.7833 801
10.8 803
10.8167 806
10.8333 808
10.85 810
10.8667 812
10.8833 814
10.9 816
10.9167 818
10.9333 821
10.95 823
10.9667 825
10.9833 827
11.0 829
11.0167 831
11.0333 833
11.05 835
11.0667 837
11.0833 838
11.1 840
11.1167 842
11.1333 844
11.15 846
11.1667 848
11.1833 850
11.2 851
11.2167 853
11.2333 855
11.25 857
11.2667 859
11.2833 860
11.3 862
11.3167 864
11.3333 865
11.35 867
11.3667 868
11.3833 870
11.4 872
11.4167 873
11.4333 875
11.45 876
11.4667 878
11.4833 879
11.5 881
11.5167 882
11.5333 884
11.55 885
11.5667 886
11.5833 888
11.6 889
11.6167 890
11.6333 892
11.65 893
11.6667 894
11.6833 896
11.7 897
11.7167 898
11.7333 899
11.75 900
11.7667 902
11.7833 903
11.8 904
11.8167 905
11.8333 906
11.85 907
11.8667 908
11.8833 909
11.9 910
11.9167 911
11.9333 912
11.95 913
11.9667 914
11.9833 915
12.0 916
12.0167 917
12.0333 917
12.05 918
12.0667 919
12.0833 920
12.1 921
12.1167 921
12.1333 922
12.15 923
12.1667 923
12.1833 924
12.2 925
12.2167 925
12.2333 926
12.25 927
12.2667 927
12.2833 928
12.3 928
12.3167 929
12.3333 929
12.35 930
12.3667 930
12.3833 930
12.4 931
12.4167 931
12.4333 932
12.45 932
12.4667 932
12.4833 933
12.5 933
12.5167 933
12.5333 933
12.55 934
12.5667 934
12.5833 934
12.6 934
12.6167 934
12.6333 934
12.65 934
12.6667 934
12.6833 935
12.7 935
12.7167 935
12.7333 935
12.75 935
12.7667 935
12.7833 934
12.8 934
12.8167 934
12.8333 934
12.85 934
12.8667 934
12.8833 934
12.9 933
12.9167 933
12.9333 933
12.95 933
12.9667 932
12.9833 932
13.0 932
13.0167 931
13.0333 931
13.05 931
13.0667 930
13.0833 930
13.1 929
13.1167 929
13.1333 928
13.15 928
13.1667 927
13.1833 927
13.2 926
13.2167 926
13.2333 925
13.25 924
13.2667 924
13.2833 923
13.3 922
13.3167 922
13.3333 921
13.35 920
13.3667 919
13.3833 919
13.4 918
13.4167 917
13.4333 916
13.45 915
13.4667 914
13.4833 913
13.5 912
13.5167 911
13.5333 911
13.55 910
13.5667 909
13.5833 907
13.6 906
13.6167 905
13.6333 904
13.65 903
13.6667 902
13.6833 901
13.7 900
13.7167 899
13.7333 897
13.75 896
13.7667 895
13.7833 894
13.8 892
13.8167 891
13.8333 890
13.85 888
13.8667 887
13.8833 886
13.9 884
13.9167 883
13.9333 881
13.95 880
13.9667 878
13.9833 877
14.0 875
14.0167 874
14.0333 872
14.05 871
14.0667 869
14.0833 868
14.1 866
14.1167 864
14.1333 863
14.15 861
14.1667 859
14.1833 858
14.2 856
14.2167 854
14.2333 852
14.25 850
14.2667 849
14.2833 847
14.3 845
14.3167 843
14.3333 841
14.35 839
14.3667 837
14.3833 835
14.4 833
14.4167 831
14.4333 830
14.45 827
14.4667 825
14.4833 823
14.5 821
14.5167 819
14.5333 817
14.55 815
14.5667 813
14.5833 811
14.6 809
14.6167 806
14.6333 804
14.65 802
14.6667 800
14.6833 798
14.7 795
14.7167 793
14.7333 791
14.75 788
14.7667 786
14.7833 784
14.8 781
14.8167 779
14.8333 776
14.85 774
14.8667 772
14.8833 769
14.9 767
14.9167 764
14.9333 762
14.95 759
14.9667 757
14.9833 754
15.0 752
15.0167 749
15.0333 747
15.05 744
15.0667 741
15.0833 739
15.1 736
15.1167 733
15.1333 731
15.15 728
15.1667 725
15.1833 723
15.2 720
15.2167 717
15.2333 714
15.25 712
15.2667 709
15.2833 706
15.3 703
15.3167 700
15.3333 697
15.35 694
15.3667 692
15.3833 689
15.4 686
15.4167 683
15.4333 680
15.45 677
15.4667 674
15.4833 671
15.5 668
15.5167 665
15.5333 662
15.55 659
15.5667 656
15.5833 653
15.6 650
15.6167 646
15.6333 643
15.65 640
15.6667 637
15.6833 634
15.7 631
15.7167 628
15.7333 624
15.75 621
15.7667 618
15.7833 615
15.8 611
15.8167 608
15.8333 605
15.85 602
15.8667 598
15.8833 595
15.9 592
15.9167 588
15.9333 585
15.95 582
15.9667 578
15.9833 575
16.0 572
16.0167 568
16.0333 565
16.05 562
16.0667 558
16.0833 555
16.1 551
16.1167 548
16.1333 544
16.15 541
16.1667 537
16.1833 534
16.2 530
16.2167 527
16.2333 523
16.25 520
16.2667 516
16.2833 513
16.3 509
16.3167 506
16.3333 502
16.35 499
16.3667 495
16.3833 491
16.4 488
16.4167 484
16.4333 481
16.45 477
16.4667 473
16.4833 470
16.5 466
16.5167 462
16.5333 459
16.55 455
16.5667 451
16.5833 448
16.6 444
16.6167 440
16.6333 437
16.65 433
16.6667 429
16.6833 426
16.7 422
16.7167 418
16.7333 414
16.75 411
16.7667 407
16.7833 403
16.8 400
16.8167 396
16.8333 392
16.85 388
16.8667 385
16.8833 381
16.9 377
16.9167 373
16.9333 370
16.95 366
16.9667 362
16.9833 358
