8.0 309
8.0167 313
8.0333 317
8.05 321
8.0667 325
8.0833 329
8.1 333
8.1167 336
8.1333 340
8.15 344
8.1667 348
8.1833 352
8.2 356
8.2167 360
8.2333 364
8.25 367
8.2667 371
8.2833 375
8.3 379
8.3167 383
8.3333 387
8.35 390
8.3667 394
8.3833 398
8.4 402
8.4167 406
8.4333 410
8.45 414
8.4667 417
8.4833 421
8.5 425
8.5167 429
8.5333 433
8.55 436
8.5667 440
8.5833 444
8.6 448
8.6167 452
8.6333 455
8.65 459
8.6667 463
8.6833 467
8.7 470
8.7167 474
8.7333 478
8.75 482
8.7667 485
8.7833 489
8.8 493
8.8167 496
8.8333 500
8.85 504
8.8667 508
8.8833 511
8.9 515
8.9167 519
8.9333 522
8.95 526
8.9667 529
8.9833 533
9.0 537
9.0167 541
9.0333 545
9.05 548
9.0667 552
9.0833 555
9.1 559
9.1167 562
9.1333 566
9.15 569
9.1667 573
9.1833 577
9.2 580
9.2167 584
9.2333 587
9.25 590
9.2667 594
9.2833 597
9.3 601
9.3167 604
9.3333 608
9.35 611
9.3667 615
9.3833 618
9.4 621
9.4167 625
9.4333 628
9.45 631
9.4667 635
9.4833 638
9.5 641
9.5167 645
9.5333 648
9.55 651
9.5667 654
9.5833 658
9.6 661
9.6167 664
9.6333 667
9.65 671
9.6667 674
9.6833 677
9.7 680
9.7167 683
9.7333 686
9.75 689
9.7667 693
9.7833 696
9.8 699
9.8167 702
9.8333 705
9.85 708
9.8667 711
9.8833 714
9.9 717
9.9167 720
9.9333 723
9.95 726
9.9667 729
9.9833 732
10.0 735
10.0167 738
10.0333 740
10.05 743
10.0667 746
10.0833 749
10.1 752
10.1167 755
10.1333 758
10.15 760
10.1667 763
10.1833 766
10.2 769
10.2167 771
10.2333 774
10.25 777
10.2667 779
10.2833 782
10.3 785
10.3167 787
10.3333 790
10.35 793
10.3667 795
10.3833 798
10.4 800
10.4167 803
10.4333 805
10.45 808
10.4667 810
10.4833 813
10.5 815
10.5167 818
10.5333 820
10.55 823
10.5667 825
10.5833 827
10.6 830
10.6167 832
10.6333 834
10.65 837
10.6667 839
10.6833 841
10.7 843
10.7167 846
10.7333 848
10.75 850
10.7667 852
10.7833 855
10.8 857
10.8167 859
10.8333 861
10.85 863
10.8667 865
10.8833 867
10.9 869
10.9167 871
10.9333 873
10.95 875
10.9667 877
10.9833 879
11.0 881
11.0167 883
11.0333 885
11.05 887
11.0667 889
11.0833 891
11.1 893
11.1167 894
11.1333 896
11.15 898
11.1667 900
11.1833 901
11.2 903
11.2167 905
11.2333 907
11.25 908
11.2667 910
11.2833 912
11.3 913
11.3167 915
11.3333 916
11.35 918
11.3667 919
11.3833 921
11.4 923
11.4167 924
11.4333 925
11.45 927
11.4667 928
11.4833 930
11.5 931
11.5167 933
11.5333 934
11.55 935
11.5667 937
11.5833 938
11.6 939
11.6167 940
11.6333 942
11.65 943
11.6667 944
11.6833 945
11.7 946
11.7167 948
11.7333 949
11.75 950
11.7667 951
11.7833 952
11.8 953
11.8167 954
11.8333 955
11.85 956
11.8667 957
11.8833 958
11.9 959
11.9167 960
11.9333 961
11.95 962
11.9667 962
11.9833 963
12.0 964
12.0167 965
12.0333 966
12.05 966
12.0667 967
12.0833 968
12.1 969
12.1167 969
12.1333 970
12.15 971
12.1667 971
12.1833 972
12.2 972
12.2167 973
12.2333 973
12.25 974
12.2667 974
12.2833 975
12.3 975
12.3167 976
12.3333 976
12.35 977
12.3667 977
12.3833 977
12.4 978
12.4167 978
12.4333 978
12.45 979
12.4667 979
12.4833 979
12.5 979
12.5167 980
12.5333 980
12.55 980
12.5667 980
12.5833 980
12.6 980
12.6167 980
12.6333 980
12.65 980
12.6667 980
12.6833 980
12.7 980
12.7167 980
12.7333 980
12.75 980
12.7667 980
12.7833 980
12.8 980
12.8167 980
12.8333 979
12.85 979
12.8667 979
12.8833 979
12.9 978
12.9167 978
12.9333 978
12.95 978
12.9667 977
12.9833 977
13.0 976
13.0167 976
13.0333 976
13.05 975
13.0667 975
13.0833 974
13.1 974
13.1167 973
13.1333 973
13.15 972
13.1667 971
13.1833 971
13.2 970
13.2167 970
13.2333 969
13.25 968
13.2667 968
13.2833 967
13.3 966
13.3167 965
13.3333 965
13.35 964
13.3667 963
13.3833 962
13.4 961
13.4167 960
13.4333 959
13.45 958
13.4667 958
13.4833 957
13.5 956
13.5167 955
13.5333 954
13.55 953
13.5667 951
13.5833 950
13.6 949
13.6167 948
13.6333 947
13.65 946
13.6667 945
13.6833 944
13.7 942
13.7167 941
13.7333 940
13.75 939
13.7667 937
13.7833 936
13.8 935
13.8167 933
13.8333 932
13.85 931
13.8667 929
13.8833 928
13.9 926
13.9167 925
13.9333 923
13.95 922
13.9667 920
13.9833 919
14.0 917
14.0167 916
14.0333 914
14.05 912
14.0667 911
14.0833 909
14.1 907
14.1167 906
14.1333 904
14.15 902
14.1667 901
14.1833 899
14.2 897
14.2167 895
14.2333 893
14.25 892
14.2667 890
14.2833 888
14.3 886
14.3167 884
14.3333 882
14.35 880
14.3667 878
14.3833 876
14.4 874
14.4167 872
14.4333 870
14.45 868
14.4667 866
14.4833 864
14.5 862
14.5167 860
14.5333 858
14.55 856
14.5667 853
14.5833 851
14.6 849
14.6167 847
14.6333 845
14.65 842
14.6667 840
14.6833 838
14.7 836
14.7167 833
14.7333 831
14.75 829
14.7667 826
14.7833 824
14.8 821
14.8167 819
14.8333 817
14.85 814
14.8667 812
14.8833 809
14.9 807
14.9167 804
14.9333 802
14.95 799
14.9667 796
14.9833 794
15.0 792
15.0167 789
15.0333 786
15.05 784
15.0667 781
15.0833 778
15.1 776
15.1167 773
15.1333 770
15.15 768
15.1667 765
15.1833 762
15.2 759
15.2167 756
15.2333 754
15.25 751
15.2667 748
15.2833 745
15.3 742
15.3167 739
15.3333 736
15.35 734
15.3667 731
15.3833 728
15.4 725
15.4167 722
15.4333 719
15.45 716
15.4667 713
15.4833 710
15.5 707
15.5167 704
15.5333 701
15.55 698
15.5667 694
15.5833 691
15.6 688
15.6167 685
15.6333 682
15.65 679
15.6667 676
15.6833 672
15.7 669
15.7167 666
15.7333 663
15.75 660
15.7667 656
15.7833 653
15.8 650
15.8167 647
15.8333 643
15.85 640
15.8667 637
15.8833 633
15.9 630
15.9167 627
15.9333 623
15.95 620
15.9667 617
15.9833 613
16.0 610
16.0167 606
16.0333 603
16.05 599
16.0667 596
16.0833 593
16.1 589
16.1167 586
16.1333 582
16.15 579
16.1667 575
16.1833 572
16.2 568
16.2167 565
16.2333 561
16.25 557
16.2667 554
16.2833 550
16.3 547
16.3167 543
16.3333 540
16.35 536
16.3667 532
16.3833 529
16.4 525
16.4167 521
16.4333 518
16.45 514
16.4667 510
16.4833 507
16.5 503
16.5167 499
16.5333 496
16.55 492
16.5667 488
16.5833 485
16.6 481
16.6167 477
16.6333 473
16.65 470
16.6667 466
16.6833 462
16.7 458
16.7167 455
16.7333 451
16.75 447
16.7667 443
16.7833 439
16.8 436
16.8167 432
16.8333 428
16.85 424
16.8667 420
16.8833 417
16.9 413
16.9167 409
16.9333 405
16.95 401
16.9667 397
16.9833 394
