8.0 339
8.0167 342
8.0333 346
8.05 350
8.0667 353
8.0833 357
8.1 361
8.1167 365
8.1333 368
8.15 372
8.1667 376
8.1833 379
8.2 383
8.2167 387
8.2333 390
8.25 394
8.2667 398
8.2833 401
8.3 405
8.3167 409
8.3333 412
8.35 416
8.3667 420
8.3833 423
8.4 427
8.4167 431
8.4333 434
8.45 438
8.4667 442
8.4833 445
8.5 449
8.5167 453
8.5333 456
8.55 460
8.5667 463
8.5833 467
8.6 471
8.6167 474
8.6333 478
8.65 481
8.6667 485
8.6833 489
8.7 492
8.7167 496
8.7333 499
8.75 503
8.7667 506
8.7833 510
8.8 513
8.8167 517
8.8333 520
8.85 524
8.8667 527
8.8833 531
8.9 534
8.9167 538
8.9333 541
8.95 545
8.9667 548
8.9833 552
9.0 555
9.0167 559
9.0333 562
9.05 566
9.0667 569
9.0833 573
9.1 576
9.1167 579
9.1333 583
9.15 586
9.1667 589
9.1833 593
9.2 596
9.2167 599
9.2333 603
9.25 606
9.2667 609
9.2833 612
9.3 616
9.3167 619
9.3333 622
9.35 625
9.3667 629
9.3833 632
9.4 635
9.4167 638
9.4333 642
9.45 645
9.4667 648
9.4833 651
9.5 654
9.5167 657
9.5333 660
9.55 663
9.5667 667
9.5833 670
9.6 673
9.6167 676
9.6333 679
9.65 682
9.6667 685
9.6833 688
9.7 691
9.7167 694
9.7333 697
9.75 700
9.7667 703
9.7833 706
9.8 709
9.8167 711
9.8333 714
9.85 717
9.8667 720
9.8833 723
9.9 726
9.9167 729
9.9333 731
9.95 734
9.9667 737
9.9833 740
10.0 743
10.0167 745
10.0333 748
10.05 751
10.0667 753
10.0833 756
10.1 759
10.1167 761
10.1333 764
10.15 767
10.1667 769
10.1833 772
10.2 775
10.2167 777
10.2333 780
10.25 782
10.2667 785
10.2833 787
10.3 790
10.3167 792
10.3333 795
10.35 797
10.3667 800
10.3833 802
10.4 804
10.4167 807
10.4333 809
10.45 812
10.4667 814
10.4833 816
10.5 819
10.5167 821
10.5333 823
10.55 825
10.5667 828
10.5833 830
10.6 832
10.6167 834
10.6333 837
10.65 839
10.6667 841
10.6833 843
10.7 845
10.7167 847
10.7333 849
10.75 851
10.7667 853
10.7833 855
10.8 857
10.8167 860
10.8333 861
10.85 863
10.8667 865
10.8833 867
10.9 869
10.9167 871
10.9333 873
10.95 875
10.9667 877
10.9833 879
11.0 880
11.0167 882
11.0333 884
11.05 886
11.0667 888
11.0833 889
11.1 891
11.1167 893
11.1333 894
11.15 896
11.1667 898
11.1833 899
11.2 901
11.2167 903
11.2333 904
11.25 906
11.2667 907
11.2833 909
11.3 910
11.3167 912
11.3333 913
11.35 915
11.3667 916
11.3833 918
11.4 919
11.4167 920
11.4333 922
11.45 923
11.4667 924
11.4833 926
11.5 927
11.5167 928
11.5333 930
11.55 931
11.5667 932
11.5833 933
11.6 934
11.6167 936
11.6333 937
11.65 938
11.6667 939
11.6833 940
11.7 941
11.7167 942
11.7333 943
11.75 944
11.7667 945
11.7833 946
11.8 947
11.8167 948
11.8333 949
11.85 950
11.8667 951
11.8833 952
11.9 953
11.9167 953
11.9333 954
11.95 955
11.9667 956
11.9833 956
12.0 957
12.0167 958
12.0333 959
12.05 959
12.0667 960
12.0833 961
12.1 961
12.1167 962
12.1333 962
12.15 963
12.1667 964
12.1833 964
12.2 965
12.2167 965
12.2333 965
12.25 966
12.2667 966
12.2833 967
12.3 967
12.3167 968
12.3333 968
12.35 968
12.3667 969
12.3833 969
12.4 969
12.4167 969
12.4333 970
12.45 970
12.4667 970
12.4833 970
12.5 970
12.5167 970
12.5333 971
12.55 971
12.5667 971
12.5833 971
12.6 971
12.6167 971
12.6333 971
12.65 971
12.6667 971
12.6833 971
12.7 971
12.7167 971
12.7333 971
12.75 970
12.7667 970
12.7833 970
12.8 970
12.8167 970
12.8333 969
12.85 969
12.8667 969
12.8833 969
12.9 968
12.9167 968
12.9333 968
12.95 967
12.9667 967
12.9833 967
13.0 966
13.0167 966
13.0333 965
13.05 965
13.0667 964
13.0833 964
13.1 963
13.1167 963
13.1333 962
13.15 962
13.1667 961
13.1833 960
13.2 960
13.2167 959
13.2333 958
13.25 958
13.2667 957
13.2833 956
13.3 955
13.3167 955
13.3333 954
13.35 953
13.3667 952
13.3833 951
13.4 950
13.4167 949
13.4333 949
13.45 948
13.4667 947
13.4833 946
13.5 945
13.5167 944
13.5333 943
13.55 942
13.5667 941
13.5833 940
13.6 938
13.6167 937
13.6333 936
13.65 935
13.6667 934
13.6833 933
13.7 931
13.7167 930
13.7333 929
13.75 928
13.7667 926
13.7833 925
13.8 924
13.8167 922
13.8333 921
13.85 920
13.8667 918
13.8833 917
13.9 915
13.9167 914
13.9333 913
13.95 911
13.9667 910
13.9833 908
14.0 907
14.0167 905
14.0333 903
14.05 902
14.0667 900
14.0833 899
14.1 897
14.1167 895
14.1333 894
14.15 892
14.1667 890
14.1833 888
14.2 887
14.2167 885
14.2333 883
14.25 881
14.2667 880
14.2833 878
14.3 876
14.3167 874
14.3333 872
14.35 870
14.3667 868
14.3833 866
14.4 864
14.4167 862
14.4333 860
14.45 858
14.4667 856
14.4833 854
14.5 852
14.5167 850
14.5333 848
14.55 846
14.5667 844
14.5833 842
14.6 840
14.6167 838
14.6333 835
14.65 833
14.6667 831
14.6833 829
14.7 827
14.7167 824
14.7333 822
14.75 820
14.7667 817
14.7833 815
14.8 813
14.8167 810
14.8333 808
14.85 806
14.8667 803
14.8833 801
14.9 798
14.9167 796
14.9333 793
14.95 791
14.9667 788
14.9833 786
15.0 784
15.0167 781
15.0333 779
15.05 776
15.0667 773
15.0833 771
15.1 768
15.1167 766
15.1333 763
15.15 760
15.1667 758
15.1833 755
15.2 752
15.2167 750
15.2333 747
15.25 744
15.2667 741
15.2833 739
15.3 736
15.3167 733
15.3333 730
15.35 727
15.3667 725
15.3833 722
15.4 719
15.4167 716
15.4333 713
15.45 710
15.4667 707
15.4833 704
15.5 701
15.5167 698
15.5333 695
15.55 693
15.5667 690
15.5833 687
15.6 684
15.6167 680
15.6333 677
15.65 674
15.6667 671
15.6833 668
15.7 665
15.7167 662
15.7333 659
15.75 656
15.7667 653
15.7833 650
15.8 646
15.8167 643
15.8333 640
15.85 637
15.8667 634
15.8833 631
15.9 627
15.9167 624
15.9333 621
15.95 618
15.9667 614
15.9833 611
16.0 608
16.0167 604
16.0333 601
16.05 598
16.0667 595
16.0833 591
16.1 588
16.1167 585
16.1333 581
16.15 578
16.1667 574
16.1833 571
16.2 568
16.2167 564
16.2333 561
16.25 557
16.2667 554
16.2833 551
16.3 547
16.3167 544
16.3333 540
16.35 537
16.3667 533
16.3833 530
16.4 526
16.4167 523
16.4333 519
16.45 516
16.4667 512
16.4833 509
16.5 505
16.5167 502
16.5333 498
16.55 494
16.5667 491
16.5833 487
16.6 484
16.6167 480
16.6333 477
16.65 473
16.6667 469
16.6833 466
16.7 462
16.7167 459
16.7333 455
16.75 451
16.7667 448
16.7833 444
16.8 440
16.8167 437
16.8333 433
16.85 430
16.8667 426
16.8833 422
16.9 419
16.9167 415
16.9333 411
16.95 408
16.9667 404
16.9833 400
