8.0 359
8.0167 362
8.0333 366
8.05 369
8.0667 373
8.0833 377
8.1 380
8.1167 384
8.1333 388
8.15 391
8.1667 395
8.1833 399
8.2 402
8.2167 406
8.2333 409
8.25 413
8.2667 417
8.2833 420
8.3 424
8.3167 427
8.3333 431
8.35 435
8.3667 438
8.3833 442
8.4 445
8.4167 449
8.4333 453
8.45 456
8.4667 460
8.4833 463
8.5 467
8.5167 470
8.5333 474
8.55 477
8.5667 481
8.5833 484
8.6 488
8.6167 492
8.6333 495
8.65 499
8.6667 502
8.6833 506
8.7 509
8.7167 513
8.7333 516
8.75 519
8.7667 523
8.7833 526
8.8 530
8.8167 533
8.8333 537
8.85 540
8.8667 544
8.8833 547
8.9 550
8.9167 554
8.9333 557
8.95 561
8.9667 564
8.9833 567
9.0 571
9.0167 574
9.0333 577
9.05 581
9.0667 584
9.0833 587
9.1 591
9.1167 594
9.1333 597
9.15 600
9.1667 604
9.1833 607
9.2 610
9.2167 614
9.2333 617
9.25 620
9.2667 623
9.2833 626
9.3 630
9.3167 633
9.3333 636
9.35 639
9.3667 642
9.3833 645
9.4 648
9.4167 652
9.4333 655
9.45 658
9.4667 661
9.4833 664
9.5 667
9.5167 670
9.5333 673
9.55 676
9.5667 679
9.5833 682
9.6 685
9.6167 688
9.6333 691
9.65 694
9.6667 697
9.6833 700
9.7 703
9.7167 706
9.7333 709
9.75 712
9.7667 714
9.7833 717
9.8 720
9.8167 723
9.8333 726
9.85 729
9.8667 731
9.8833 734
9.9 737
9.9167 740
9.9333 742
9.95 745
9.9667 748
9.9833 751
10.0 753
10.0167 756
10.0333 759
10.05 761
10.0667 764
10.0833 767
10.1 769
10.1167 772
10.1333 774
10.15 777
10.1667 780
10.1833 782
10.2 785
10.2167 787
10.2333 790
10.25 792
10.2667 795
10.2833 797
10.3 799
10.3167 802
10.3333 804
10.35 807
10.3667 809
10.3833 811
10.4 814
10.4167 816
10.4333 818
10.45 821
10.4667 823
10.4833 825
10.5 828
10.5167 830
10.5333 832
10.55 834
10.5667 837
10.5833 839
10.6 841
10.6167 843
10.6333 845
10.65 847
10.6667 849
10.6833 851
10.7 854
10.7167 856
10.7333 858
10.75 860
10.7667 862
10.7833 864
10.8 866
10.8167 868
10.8333 870
10.85 872
10.8667 873
10.8833 875
10.9 877
10.9167 879
10.9333 881
10.95 883
10.9667 885
10.9833 886
11.0 888
11.0167 890
11.0333 892
11.05 893
11.0667 895
11.0833 897
11.1 899
11.1167 900
11.1333 902
11.15 904
11.1667 905
11.1833 907
11.2 908
11.2167 910
11.2333 911
11.25 913
11.2667 915
11.2833 916
11.3 918
11.3167 919
11.3333 920
11.35 922
11.3667 923
11.3833 925
11.4 926
11.4167 927
11.4333 929
11.45 930
11.4667 931
11.4833 933
11.5 934
11.5167 935
11.5333 936
11.55 938
11.5667 939
11.5833 940
11.6 941
11.6167 942
11.6333 943
11.65 945
11.6667 946
11.6833 947
11.7 948
11.7167 949
11.7333 950
11.75 951
11.7667 952
11.7833 953
11.8 954
11.8167 955
11.8333 956
11.85 957
11.8667 957
11.8833 958
11.9 959
11.9167 960
11.9333 961
11.95 962
11.9667 962
11.9833 963
12.0 964
12.0167 964
12.0333 965
12.05 966
12.0667 967
12.0833 967
12.1 968
12.1167 968
12.1333 969
12.15 970
12.1667 970
12.1833 971
12.2 971
12.2167 972
12.2333 972
12.25 973
12.2667 973
12.2833 973
12.3 974
12.3167 974
12.3333 975
12.35 975
12.3667 975
12.3833 976
12.4 976
12.4167 976
12.4333 976
12.45 977
12.4667 977
12.4833 977
12.5 977
12.5167 977
12.5333 977
12.55 978
12.5667 978
12.5833 978
12.6 978
12.6167 978
12.6333 978
12.65 978
12.6667 978
12.6833 978
12.7 978
12.7167 978
12.7333 978
12.75 977
12.7667 977
12.7833 977
12.8 977
12.8167 977
12.8333 977
12.85 976
12.8667 976
12.8833 976
12.9 976
12.9167 975
12.9333 975
12.95 975
12.9667 974
12.9833 974
13.0 974
13.0167 973
13.0333 973
13.05 972
13.0667 972
13.0833 971
13.1 971
13.1167 970
13.1333 970
13.15 969
13.1667 969
13.1833 968
13.2 967
13.2167 967
13.2333 966
13.25 966
13.2667 965
13.2833 964
13.3 963
13.3167 963
13.3333 962
13.35 961
13.3667 960
13.3833 960
13.4 959
13.4167 958
13.4333 957
13.45 956
13.4667 955
13.4833 954
13.5 953
13.5167 952
13.5333 951
13.55 950
13.5667 949
13.5833 948
13.6 947
13.6167 946
13.6333 945
13.65 944
13.6667 943
13.6833 942
13.7 941
13.7167 939
13.7333 938
13.75 937
13.7667 936
13.7833 935
13.8 933
13.8167 932
13.8333 931
13.85 929
13.8667 928
13.8833 927
13.9 925
13.9167 924
13.9333 923
13.95 921
13.9667 920
13.9833 918
14.0 917
14.0167 915
14.0333 914
14.05 912
14.0667 911
14.0833 909
14.1 908
14.1167 906
14.1333 904
14.15 903
14.1667 901
14.1833 899
14.2 898
14.2167 896
14.2333 894
14.25 893
14.2667 891
14.2833 889
14.3 887
14.3167 886
14.3333 884
14.35 882
14.3667 880
14.3833 878
14.4 876
14.4167 874
14.4333 873
14.45 871
14.4667 869
14.4833 867
14.5 865
14.5167 863
14.5333 861
14.55 859
14.5667 857
14.5833 855
14.6 853
14.6167 850
14.6333 848
14.65 846
14.6667 844
14.6833 842
14.7 840
14.7167 838
14.7333 835
14.75 833
14.7667 831
14.7833 829
14.8 826
14.8167 824
14.8333 822
14.85 820
14.8667 817
14.8833 815
14.9 813
14.9167 810
14.9333 808
14.95 805
14.9667 803
14.9833 801
15.0 798
15.0167 796
15.0333 793
15.05 791
15.0667 788
15.0833 786
15.1 783
15.1167 781
15.1333 778
15.15 776
15.1667 773
15.1833 771
15.2 768
15.2167 765
15.2333 763
15.25 760
15.2667 757
15.2833 755
15.3 752
15.3167 749
15.3333 747
15.35 744
15.3667 741
15.3833 738
15.4 736
15.4167 733
15.4333 730
15.45 727
15.4667 725
15.4833 722
15.5 719
15.5167 716
15.5333 713
15.55 710
15.5667 707
15.5833 704
15.6 702
15.6167 699
15.6333 696
15.65 693
15.6667 690
15.6833 687
15.7 684
15.7167 681
15.7333 678
15.75 675
15.7667 672
15.7833 669
15.8 666
15.8167 663
15.8333 660
15.85 656
15.8667 653
15.8833 650
15.9 647
15.9167 644
15.9333 641
15.95 638
15.9667 635
15.9833 631
16.0 628
16.0167 625
16.0333 622
16.05 619
16.0667 615
16.0833 612
16.1 609
16.1167 606
16.1333 602
16.15 599
16.1667 596
16.1833 593
16.2 589
16.2167 586
16.2333 583
16.25 579
16.2667 576
16.2833 573
16.3 569
16.3167 566
16.3333 563
16.35 559
16.3667 556
16.3833 552
16.4 549
16.4167 546
16.4333 542
16.45 539
16.4667 535
16.4833 532
16.5 528
16.5167 525
16.5333 521
16.55 518
16.5667 515
16.5833 511
16.6 508
16.6167 504
16.6333 501
16.65 497
16.6667 494
16.6833 490
16.7 487
16.7167 483
16.7333 479
16.75 476
16.7667 472
16.7833 469
16.8 465
16.8167 462
16.8333 458
16.85 455
16.8667 451
16.8833 447
16.9 444
16.9167 440
16.9333 437
16.95 433
16.9667 430
16.9833 426
