8.0 374
8.0167 378
8.0333 382
8.05 385
8.0667 389
8.0833 393
8.1 397
8.1167 401
8.1333 405
8.15 408
8.1667 412
8.1833 416
8.2 420
8.2167 424
8.2333 428
8.25 431
8.2667 435
8.2833 439
8.3 443
8.3167 447
8.3333 451
8.35 454
8.3667 458
8.3833 462
8.4 466
8.4167 469
8.4333 473
8.45 477
8.4667 481
8.4833 484
8.5 488
8.5167 492
8.5333 496
8.55 499
8.5667 503
8.5833 507
8.6 511
8.6167 514
8.6333 518
8.65 522
8.6667 525
8.6833 529
8.7 533
8.7167 536
8.7333 540
8.75 544
8.7667 547
8.7833 551
8.8 555
8.8167 558
8.8333 562
8.85 565
8.8667 569
8.8833 573
8.9 576
8.9167 580
8.9333 583
8.95 587
8.9667 590
8.9833 594
9.0 597
9.0167 601
9.0333 605
9.05 608
9.0667 612
9.0833 615
9.1 618
9.1167 622
9.1333 625
9.15 629
9.1667 632
9.1833 636
9.2 639
9.2167 642
9.2333 646
9.25 649
9.2667 652
9.2833 656
9.3 659
9.3167 662
9.3333 666
9.35 669
9.3667 672
9.3833 676
9.4 679
9.4167 682
9.4333 685
9.45 689
9.4667 692
9.4833 695
9.5 698
9.5167 701
9.5333 705
9.55 708
9.5667 711
9.5833 714
9.6 717
9.6167 720
9.6333 723
9.65 726
9.6667 729
9.6833 733
9.7 736
9.7167 739
9.7333 742
9.75 745
9.7667 748
9.7833 751
9.8 754
9.8167 756
9.8333 759
9.85 762
9.8667 765
9.8833 768
9.9 771
9.9167 774
9.9333 777
9.95 780
9.9667 782
9.9833 785
10.0 788
10.0167 791
10.0333 794
10.05 796
10.0667 799
10.0833 802
10.1 805
10.1167 807
10.1333 810
10.15 813
10.1667 815
10.1833 818
10.2 820
10.2167 823
10.2333 826
10.25 828
10.2667 831
10.2833 833
10.3 836
10.3167 838
10.3333 841
10.35 843
10.3667 846
10.3833 848
10.4 851
10.4167 853
10.4333 856
10.45 858
10.4667 860
10.4833 863
10.5 865
10.5167 867
10.5333 870
10.55 872
10.5667 874
10.5833 877
10.6 879
10.6167 881
10.6333 883
10.65 885
10.6667 888
10.6833 890
10.7 892
10.7167 894
10.7333 896
10.75 898
10.7667 900
10.7833 902
10.8 904
10.8167 906
10.8333 908
10.85 910
10.8667 912
10.8833 914
10.9 916
10.9167 918
10.9333 920
10.95 922
10.9667 924
10.9833 926
11.0 928
11.0167 929
11.0333 931
11.05 933
11.0667 935
11.0833 937
11.1 938
11.1167 940
11.1333 942
11.15 943
11.1667 945
11.1833 947
11.2 948
11.2167 950
11.2333 952
11.25 953
11.2667 955
11.2833 956
11.3 958
11.3167 959
11.3333 961
11.35 962
11.3667 964
11.3833 965
11.4 967
11.4167 968
11.4333 969
11.45 971
11.4667 972
11.4833 973
11.5 975
11.5167 976
11.5333 977
11.55 978
11.5667 980
11.5833 981
11.6 982
11.6167 983
11.6333 984
11.65 986
11.6667 987
11.6833 988
11.7 989
11.7167 990
11.7333 991
11.75 992
11.7667 993
11.7833 994
11.8 995
11.8167 996
11.8333 997
11.85 998
11.8667 999
11.8833 1000
11.9 1000
11.9167 1001
11.9333 1002
11.95 1003
11.9667 1004
11.9833 1004
12.0 1005
12.0167 1006
12.0333 1007
12.05 1007
12.0667 1008
12.0833 1008
12.1 1009
12.1167 1010
12.1333 1010
12.15 1011
12.1667 1011
12.1833 1012
12.2 1012
12.2167 1013
12.2333 1013
12.25 1014
12.2667 1014
12.2833 1015
12.3 1015
12.3167 1016
12.3333 1016
12.35 1016
12.3667 1017
12.3833 1017
12.4 1017
12.4167 1017
12.4333 1018
12.45 1018
12.4667 1018
12.4833 1018
12.5 1018
12.5167 1018
12.5333 1019
12.55 1019
12.5667 1019
12.5833 1019
12.6 1019
12.6167 1019
12.6333 1019
12.65 1019
12.6667 1019
12.6833 1019
12.7 1019
12.7167 1019
12.7333 1019
12.75 1018
12.7667 1018
12.7833 1018
12.8 1018
12.8167 1018
12.8333 1017
12.85 1017
12.8667 1017
12.8833 1017
12.9 1016
12.9167 1016
12.9333 1016
12.95 1015
12.9667 1015
12.9833 1014
13.0 1014
13.0167 1014
13.0333 1013
13.05 1013
13.0667 1012
13.0833 1012
13.1 1011
13.1167 1011
13.1333 1010
13.15 1009
13.1667 1009
13.1833 1008
13.2 1007
13.2167 1007
13.2333 1006
13.25 1005
13.2667 1005
13.2833 1004
13.3 1003
13.3167 1002
13.3333 1002
13.35 1001
13.3667 1000
13.3833 999
13.4 998
13.4167 997
13.4333 996
13.45 995
13.4667 994
13.4833 993
13.5 992
13.5167 991
13.5333 990
13.55 989
13.5667 988
13.5833 987
13.6 986
13.6167 985
13.6333 984
13.65 983
13.6667 981
13.6833 980
13.7 979
13.7167 978
13.7333 977
13.75 975
13.7667 974
13.7833 973
13.8 971
13.8167 970
13.8333 969
13.85 967
13.8667 966
13.8833 964
13.9 963
13.9167 961
13.9333 960
13.95 958
13.9667 957
13.9833 955
14.0 954
14.0167 952
14.0333 951
14.05 949
14.0667 947
14.0833 946
14.1 944
14.1167 943
14.1333 941
14.15 939
14.1667 937
14.1833 936
14.2 934
14.2167 932
14.2333 930
14.25 928
14.2667 927
14.2833 925
14.3 923
14.3167 921
14.3333 919
14.35 917
14.3667 915
14.3833 913
14.4 911
14.4167 909
14.4333 907
14.45 905
14.4667 903
14.4833 901
14.5 899
14.5167 897
14.5333 895
14.55 893
14.5667 891
14.5833 889
14.6 886
14.6167 884
14.6333 882
14.65 880
14.6667 877
14.6833 875
14.7 873
14.7167 871
14.7333 868
14.75 866
14.7667 864
14.7833 861
14.8 859
14.8167 857
14.8333 854
14.85 852
14.8667 849
14.8833 847
14.9 844
14.9167 842
14.9333 839
14.95 837
14.9667 834
14.9833 832
15.0 829
15.0167 827
15.0333 824
15.05 822
15.0667 819
15.0833 816
15.1 814
15.1167 811
15.1333 809
15.15 806
15.1667 803
15.1833 800
15.2 798
15.2167 795
15.2333 792
15.25 789
15.2667 787
15.2833 784
15.3 781
15.3167 778
15.3333 775
15.35 772
15.3667 770
15.3833 767
15.4 764
15.4167 761
15.4333 758
15.45 755
15.4667 752
15.4833 749
15.5 746
15.5167 743
15.5333 740
15.55 737
15.5667 734
15.5833 731
15.6 728
15.6167 725
15.6333 722
15.65 719
15.6667 716
15.6833 712
15.7 709
15.7167 706
15.7333 703
15.75 700
15.7667 697
15.7833 693
15.8 690
15.8167 687
15.8333 684
15.85 681
15.8667 677
15.8833 674
15.9 671
15.9167 667
15.9333 664
15.95 661
15.9667 657
15.9833 654
16.0 651
16.0167 647
16.0333 644
16.05 641
16.0667 637
16.0833 634
16.1 631
16.1167 627
16.1333 624
16.15 620
16.1667 617
16.1833 613
16.2 610
16.2167 606
16.2333 603
16.25 599
16.2667 596
16.2833 592
16.3 589
16.3167 585
16.3333 582
16.35 578
16.3667 575
16.3833 571
16.4 567
16.4167 564
16.4333 560
16.45 557
16.4667 553
16.4833 549
16.5 546
16.5167 542
16.5333 539
16.55 535
16.5667 531
16.5833 528
16.6 524
16.6167 520
16.6333 517
16.65 513
16.6667 509
16.6833 505
16.7 502
16.7167 498
16.7333 494
16.75 490
16.7667 487
16.7833 483
16.8 479
16.8167 475
16.8333 472
16.85 468
16.8667 464
16.8833 460
16.9 457
16.9167 453
16.9333 449
16.95 445
16.9667 441
16.9833 438
