8.0 354
8.0167 357
8.0333 361
8.05 364
8.0667 368
8.0833 372
8.1 375
8.1167 379
8.1333 382
8.15 386
8.1667 390
8.1833 393
8.2 397
8.2167 400
8.2333 404
8.25 408
8.2667 411
8.2833 415
8.3 418
8.3167 422
8.3333 426
8.35 429
8.3667 433
8.3833 436
8.4 440
8.4167 443
8.4333 447
8.45 451
8.4667 454
8.4833 458
8.5 461
8.5167 465
8.5333 468
8.55 472
8.5667 475
8.5833 479
8.6 482
8.6167 486
8.6333 489
8.65 493
8.6667 496
8.6833 500
8.7 503
8.7167 507
8.7333 510
8.75 514
8.7667 517
8.7833 521
8.8 524
8.8167 528
8.8333 531
8.85 534
8.8667 538
8.8833 541
8.9 545
8.9167 548
8.9333 551
8.95 555
8.9667 558
8.9833 561
9.0 565
9.0167 568
9.0333 571
9.05 575
9.0667 578
9.0833 581
9.1 585
9.1167 588
9.1333 591
9.15 594
9.1667 598
9.1833 601
9.2 604
9.2167 607
9.2333 611
9.25 614
9.2667 617
9.2833 620
9.3 623
9.3167 627
9.3333 630
9.35 633
9.3667 636
9.3833 639
9.4 642
9.4167 645
9.4333 649
9.45 652
9.4667 655
9.4833 658
9.5 661
9.5167 664
9.5333 667
9.55 670
9.5667 673
9.5833 676
9.6 679
9.6167 682
9.6333 685
9.65 688
9.6667 691
9.6833 694
9.7 697
9.7167 700
9.7333 702
9.75 705
9.7667 708
9.7833 711
9.8 714
9.8167 717
9.8333 719
9.85 722
9.8667 725
9.8833 728
9.9 731
9.9167 733
9.9333 736
9.95 739
9.9667 742
9.9833 744
10.0 747
10.0167 750
10.0333 752
10.05 755
10.0667 758
10.0833 760
10.1 763
10.1167 765
10.1333 768
10.15 771
10.1667 773
10.1833 776
10.2 778
10.2167 781
10.2333 783
10.25 786
10.2667 788
10.2833 791
10.3 793
10.3167 795
10.3333 798
10.35 800
10.3667 803
10.3833 805
10.4 807
10.4167 810
10.4333 812
10.45 814
10.4667 817
10.4833 819
10.5 821
10.5167 823
10.5333 826
10.55 828
10.5667 830
10.5833 832
10.6 834
10.6167 836
10.6333 839
10.65 841
10.6667 843
10.6833 845
10.7 847
10.7167 849
10.7333 851
10.75 853
10.7667 855
10.7833 857
10.8 859
10.8167 861
10.8333 863
10.85 865
10.8667 867
10.8833 869
10.9 871
10.9167 873
10.9333 874
10.95 876
10.9667 878
10.9833 880
11.0 882
11.0167 883
11.0333 885
11.05 887
11.0667 889
11.0833 890
11.1 892
11.1167 894
11.1333 895
11.15 897
11.1667 899
11.1833 900
11.2 902
11.2167 903
11.2333 905
11.25 906
11.2667 908
11.2833 909
11.3 911
11.3167 912
11.3333 914
11.35 915
11.3667 917
11.3833 918
11.4 919
11.4167 921
11.4333 922
11.45 923
11.4667 925
11.4833 926
11.5 927
11.5167 928
11.5333 930
11.55 931
11.5667 932
11.5833 933
11.6 934
11.6167 936
11.6333 937
11.65 938
11.6667 939
11.6833 940
11.7 941
11.7167 942
11.7333 943
11.75 944
11.7667 945
11.7833 946
11.8 947
11.8167 948
11.8333 949
11.85 950
11.8667 951
11.8833 951
11.9 952
11.9167 953
11.9333 954
11.95 955
11.9667 955
11.9833 956
12.0 957
12.0167 958
12.0333 958
12.05 959
12.0667 960
12.0833 960
12.1 961
12.1167 962
12.1333 962
12.15 963
12.1667 963
12.1833 964
12.2 964
12.2167 965
12.2333 965
12.25 966
12.2667 966
12.2833 967
12.3 967
12.3167 967
12.3333 968
12.35 968
12.3667 968
12.3833 969
12.4 969
12.4167 969
12.4333 969
12.45 970
12.4667 970
12.4833 970
12.5 970
12.5167 970
12.5333 971
12.55 971
12.5667 971
12.5833 971
12.6 971
12.6167 971
12.6333 971
12.65 971
12.6667 971
12.6833 971
12.7 971
12.7167 971
12.7333 971
12.75 971
12.7667 970
12.7833 970
12.8 970
12.8167 970
12.8333 970
12.85 969
12.8667 969
12.8833 969
12.9 969
12.9167 968
12.9333 968
12.95 968
12.9667 967
12.9833 967
13.0 967
13.0167 966
13.0333 966
13.05 965
13.0667 965
13.0833 964
13.1 964
13.1167 963
13.1333 963
13.15 962
13.1667 962
13.1833 961
13.2 960
13.2167 960
13.2333 959
13.25 959
13.2667 958
13.2833 957
13.3 956
13.3167 956
13.3333 955
13.35 954
13.3667 953
13.3833 953
13.4 952
13.4167 951
13.4333 950
13.45 949
13.4667 948
13.4833 947
13.5 946
13.5167 945
13.5333 944
13.55 943
13.5667 942
13.5833 941
13.6 940
13.6167 939
13.6333 938
13.65 937
13.6667 936
13.6833 935
13.7 934
13.7167 932
13.7333 931
13.75 930
13.7667 929
13.7833 928
13.8 926
13.8167 925
13.8333 924
13.85 922
13.8667 921
13.8833 920
13.9 918
13.9167 917
13.9333 915
13.95 914
13.9667 913
13.9833 911
14.0 910
14.0167 908
14.0333 907
14.05 905
14.0667 904
14.0833 902
14.1 900
14.1167 899
14.1333 897
14.15 896
14.1667 894
14.1833 892
14.2 891
14.2167 889
14.2333 887
14.25 886
14.2667 884
14.2833 882
14.3 880
14.3167 878
14.3333 877
14.35 875
14.3667 873
14.3833 871
14.4 869
14.4167 867
14.4333 865
14.45 863
14.4667 862
14.4833 860
14.5 858
14.5167 856
14.5333 854
14.55 852
14.5667 850
14.5833 848
14.6 845
14.6167 843
14.6333 841
14.65 839
14.6667 837
14.6833 835
14.7 833
14.7167 831
14.7333 828
14.75 826
14.7667 824
14.7833 822
14.8 819
14.8167 817
14.8333 815
14.85 813
14.8667 810
14.8833 808
14.9 806
14.9167 803
14.9333 801
14.95 798
14.9667 796
14.9833 794
15.0 791
15.0167 789
15.0333 786
15.05 784
15.0667 781
15.0833 779
15.1 776
15.1167 774
15.1333 771
15.15 769
15.1667 766
15.1833 764
15.2 761
15.2167 758
15.2333 756
15.25 753
15.2667 750
15.2833 748
15.3 745
15.3167 742
15.3333 740
15.35 737
15.3667 734
15.3833 731
15.4 729
15.4167 726
15.4333 723
15.45 720
15.4667 718
15.4833 715
15.5 712
15.5167 709
15.5333 706
15.55 703
15.5667 700
15.5833 697
15.6 695
15.6167 692
15.6333 689
15.65 686
15.6667 683
15.6833 680
15.7 677
15.7167 674
15.7333 671
15.75 668
15.7667 665
15.7833 662
15.8 659
15.8167 656
15.8333 653
15.85 649
15.8667 646
15.8833 643
15.9 640
15.9167 637
15.9333 634
15.95 631
15.9667 628
15.9833 624
16.0 621
16.0167 618
16.0333 615
16.05 612
16.0667 608
16.0833 605
16.1 602
16.1167 599
16.1333 595
16.15 592
16.1667 589
16.1833 586
16.2 582
16.2167 579
16.2333 576
16.25 572
16.2667 569
16.2833 566
16.3 562
16.3167 559
16.3333 556
16.35 552
16.3667 549
16.3833 546
16.4 542
16.4167 539
16.4333 535
16.45 532
16.4667 529
16.4833 525
16.5 522
16.5167 518
16.5333 515
16.55 511
16.5667 508
16.5833 504
16.6 501
16.6167 497
16.6333 494
16.65 491
16.6667 487
16.6833 484
16.7 480
16.7167 476
16.7333 473
16.75 469
16.7667 466
16.7833 462
16.8 459
16.8167 455
16.8333 452
16.85 448
16.8667 445
16.8833 441
16.9 438
16.9167 434
16.9333 430
16.95 427
16.9667 423
16.9833 420
