8.0 292
8.0167 295
8.0333 299
8.05 302
8.0667 305
8.0833 309
8.1 312
8.1167 315
8.1333 319
8.15 322
8.1667 325
8.1833 329
8.2 332
8.2167 336
8.2333 339
8.25 342
8.2667 346
8.2833 349
8.3 352
8.3167 356
8.3333 359
8.35 363
8.3667 366
8.3833 369
8.4 373
8.4167 376
8.4333 379
8.45 383
8.4667 386
8.4833 390
8.5 393
8.5167 396
8.5333 400
8.55 403
8.5667 406
8.5833 410
8.6 413
8.6167 416
8.6333 420
8.65 423
8.6667 426
8.6833 430
8.7 433
8.7167 436
8.7333 440
8.75 443
8.7667 446
8.7833 450
8.8 453
8.8167 456
8.8333 460
8.85 463
8.8667 466
8.8833 469
8.9 473
8.9167 476
8.9333 479
8.95 482
8.9667 486
8.9833 489
9.0 492
9.0167 496
9.0333 499
9.05 502
9.0667 505
9.0833 508
9.1 512
9.1167 515
9.1333 518
9.15 521
9.1667 524
9.1833 527
9.2 530
9.2167 534
9.2333 537
9.25 540
9.2667 543
9.2833 546
9.3 549
9.3167 552
9.3333 555
9.35 558
9.3667 561
9.3833 564
9.4 567
9.4167 571
9.4333 574
9.45 577
9.4667 580
9.4833 582
9.5 585
9.5167 588
9.5333 591
9.55 594
9.5667 597
9.5833 600
9.6 603
9.6167 606
9.6333 609
9.65 612
9.6667 615
9.6833 618
9.7 620
9.7167 623
9.7333 626
9.75 629
9.7667 632
9.7833 634
9.8 637
9.8167 640
9.8333 643
9.85 645
9.8667 648
9.8833 651
9.9 654
9.9167 656
9.9333 659
9.95 662
9.9667 664
9.9833 667
10.0 670
10.0167 672
10.0333 675
10.05 677
10.0667 680
10.0833 683
10.1 685
10.1167 688
10.1333 690
10.15 693
10.1667 695
10.1833 698
10.2 700
10.2167 703
10.2333 705
10.25 708
10.2667 710
10.2833 712
10.3 715
10.3167 717
10.3333 720
10.35 722
10.3667 724
10.3833 727
10.4 729
10.4167 731
10.4333 733
10.45 736
10.4667 738
10.4833 740
10.5 742
10.5167 745
10.5333 747
10.55 749
10.5667 751
10.5833 753
10.6 755
10.6167 758
10.6333 760
10.65 762
10.6667 764
10.6833 766
10.7 768
10.7167 770
10.7333 772
10.75 774
10.7667 776
10.7833 778
10.8 780
10.8167 782
10.8333 784
10.85 786
10.8667 787
10.8833 789
10.9 791
10.9167 793
10.9333 795
10.95 797
10.9667 798
10.9833 800
11.0 802
11.0167 804
11.0333 805
11.05 807
11.0667 809
11.0833 810
11.1 812
11.1167 814
11.1333 815
11.15 817
11.1667 819
11.1833 820
11.2 822
11.2167 823
11.2333 825
11.25 826
11.2667 828
11.2833 829
11.3 831
11.3167 832
11.3333 834
11.35 835
11.3667 836
11.3833 838
11.4 839
11.4167 840
11.4333 842
11.45 843
11.4667 844
11.4833 846
11.5 847
11.5167 848
11.5333 849
11.55 850
11.5667 852
11.5833 853
11.6 854
11.6167 855
11.6333 856
11.65 857
11.6667 858
11.6833 859
11.7 860
11.7167 861
11.7333 862
11.75 863
11.7667 864
11.7833 865
11.8 866
11.8167 867
11.8333 868
11.85 869
11.8667 870
11.8833 871
11.9 871
11.9167 872
11.9333 873
11.95 874
11.9667 874
11.9833 875
12.0 876
12.0167 877
12.0333 877
12.05 878
12.0667 879
12.0833 879
12.1 880
12.1167 880
12.1333 881
12.15 881
12.1667 882
12.1833 882
12.2 883
12.2167 883
12.2333 884
12.25 884
12.2667 885
12.2833 885
12.3 885
12.3167 886
12.3333 886
12.35 886
12.3667 887
12.3833 887
12.4 887
12.4167 888
12.4333 888
12.45 888
12.4667 888
12.4833 888
12.5 889
12.5167 889
12.5333 889
12.55 889
12.5667 889
12.5833 889
12.6 889
12.6167 889
12.6333 889
12.65 889
12.6667 889
12.6833 889
12.7 889
12.7167 889
12.7333 889
12.75 889
12.7667 888
12.7833 888
12.8 888
12.8167 888
12.8333 888
12.85 887
12.8667 887
12.8833 887
12.9 887
12.9167 886
12.9333 886
12.95 886
12.9667 885
12.9833 885
13.0 884
13.0167 884
13.0333 884
13.05 883
13.0667 883
13.0833 882
13.1 882
13.1167 881
13.1333 881
13.15 880
13.1667 879
13.1833 879
13.2 878
13.2167 877
13.2333 877
13.25 876
13.2667 875
13.2833 875
13.3 874
13.3167 873
13.3333 872
13.35 872
13.3667 871
13.3833 870
13.4 869
13.4167 868
13.4333 867
13.45 867
13.4667 866
13.4833 865
13.5 864
13.5167 863
13.5333 862
13.55 861
13.5667 860
13.5833 859
13.6 858
13.6167 857
13.6333 855
13.65 854
13.6667 853
13.6833 852
13.7 851
13.7167 850
13.7333 848
13.75 847
13.7667 846
13.7833 845
13.8 843
13.8167 842
13.8333 841
13.85 840
13.8667 838
13.8833 837
13.9 835
13.9167 834
13.9333 833
13.95 831
13.9667 830
13.9833 828
14.0 827
14.0167 825
14.0333 824
14.05 822
14.0667 821
14.0833 819
14.1 818
14.1167 816
14.1333 814
14.15 813
14.1667 811
14.1833 809
14.2 808
14.2167 806
14.2333 804
14.25 803
14.2667 801
14.2833 799
14.3 797
14.3167 796
14.3333 794
14.35 792
14.3667 790
14.3833 788
14.4 786
14.4167 784
14.4333 782
14.45 781
14.4667 779
14.4833 777
14.5 775
14.5167 773
14.5333 771
14.55 769
14.5667 767
14.5833 765
14.6 763
14.6167 760
14.6333 758
14.65 756
14.6667 754
14.6833 752
14.7 750
14.7167 748
14.7333 745
14.75 743
14.7667 741
14.7833 739
14.8 737
14.8167 734
14.8333 732
14.85 730
14.8667 727
14.8833 725
14.9 723
14.9167 720
14.9333 718
14.95 716
14.9667 713
14.9833 711
15.0 709
15.0167 706
15.0333 704
15.05 701
15.0667 699
15.0833 696
15.1 694
15.1167 691
15.1333 689
15.15 686
15.1667 684
15.1833 681
15.2 679
15.2167 676
15.2333 673
15.25 671
15.2667 668
15.2833 666
15.3 663
15.3167 660
15.3333 658
15.35 655
15.3667 652
15.3833 649
15.4 647
15.4167 644
15.4333 641
15.45 638
15.4667 636
15.4833 633
15.5 630
15.5167 627
15.5333 624
15.55 622
15.5667 619
15.5833 616
15.6 613
15.6167 610
15.6333 607
15.65 604
15.6667 601
15.6833 599
15.7 596
15.7167 593
15.7333 590
15.75 587
15.7667 584
15.7833 581
15.8 578
15.8167 575
15.8333 572
15.85 569
15.8667 566
15.8833 563
15.9 560
15.9167 557
15.9333 554
15.95 550
15.9667 547
15.9833 544
16.0 541
16.0167 538
16.0333 535
16.05 532
16.0667 529
16.0833 526
16.1 522
16.1167 519
16.1333 516
16.15 513
16.1667 510
16.1833 507
16.2 503
16.2167 500
16.2333 497
16.25 494
16.2667 491
16.2833 487
16.3 484
16.3167 481
16.3333 478
16.35 474
16.3667 471
16.3833 468
16.4 464
16.4167 461
16.4333 458
16.45 455
16.4667 451
16.4833 448
16.5 445
16.5167 441
16.5333 438
16.55 435
16.5667 431
16.5833 428
16.6 425
16.6167 421
16.6333 418
16.65 415
16.6667 411
16.6833 408
16.7 405
16.7167 401
16.7333 398
16.75 395
16.7667 391
16.7833 388
16.8 385
16.8167 381
16.8333 378
16.85 375
16.8667 371
16.8833 368
16.9 364
16.9167 361
16.9333 358
16.95 354
16.9667 351
16.9833 348
