8.0 351
8.0167 354
8.0333 358
8.05 362
8.0667 365
8.0833 369
8.1 373
8.1167 377
8.1333 380
8.15 384
8.1667 388
8.1833 391
8.2 395
8.2167 399
8.2333 402
8.25 406
8.2667 410
8.2833 413
8.3 417
8.3167 421
8.3333 424
8.35 428
8.3667 432
8.3833 435
8.4 439
8.4167 443
8.4333 446
8.45 450
8.4667 453
8.4833 457
8.5 461
8.5167 464
8.5333 468
8.55 472
8.5667 475
8.5833 479
8.6 482
8.6167 486
8.6333 489
8.65 493
8.6667 497
8.6833 500
8.7 504
8.7167 507
8.7333 511
8.75 514
8.7667 518
8.7833 521
8.8 525
8.8167 528
8.8333 532
8.85 535
8.8667 539
8.8833 542
8.9 546
8.9167 549
8.9333 553
8.95 556
8.9667 560
8.9833 563
9.0 566
9.0167 570
9.0333 573
9.05 577
9.0667 580
9.0833 584
9.1 587
9.1167 590
9.1333 594
9.15 597
9.1667 600
9.1833 604
9.2 607
9.2167 610
9.2333 613
9.25 617
9.2667 620
9.2833 623
9.3 627
9.3167 630
9.3333 633
9.35 636
9.3667 639
9.3833 643
9.4 646
9.4167 649
9.4333 652
9.45 655
9.4667 658
9.4833 661
9.5 665
9.5167 668
9.5333 671
9.55 674
9.5667 677
9.5833 680
9.6 683
9.6167 686
9.6333 689
9.65 692
9.6667 695
9.6833 698
9.7 701
9.7167 704
9.7333 707
9.75 710
9.7667 713
9.7833 716
9.8 719
9.8167 721
9.8333 724
9.85 727
9.8667 730
9.8833 733
9.9 736
9.9167 739
9.9333 741
9.95 744
9.9667 747
9.9833 750
10.0 752
10.0167 755
10.0333 758
10.05 760
10.0667 763
10.0833 766
10.1 768
10.1167 771
10.1333 774
10.15 776
10.1667 779
10.1833 781
10.2 784
10.2167 787
10.2333 789
10.25 792
10.2667 794
10.2833 797
10.3 799
10.3167 802
10.3333 804
10.35 806
10.3667 809
10.3833 811
10.4 814
10.4167 816
10.4333 818
10.45 821
10.4667 823
10.4833 825
10.5 828
10.5167 830
10.5333 832
10.55 834
10.5667 837
10.5833 839
10.6 841
10.6167 843
10.6333 845
10.65 848
10.6667 850
10.6833 852
10.7 854
10.7167 856
10.7333 858
10.75 860
10.7667 862
10.7833 864
10.8 866
10.8167 868
10.8333 870
10.85 872
10.8667 874
10.8833 876
10.9 878
10.9167 880
10.9333 882
10.95 884
10.9667 885
10.9833 887
11.0 889
11.0167 891
11.0333 893
11.05 894
11.0667 896
11.0833 898
11.1 900
11.1167 901
11.1333 903
11.15 905
11.1667 906
11.1833 908
11.2 909
11.2167 911
11.2333 913
11.25 914
11.2667 916
11.2833 917
11.3 919
11.3167 920
11.3333 922
11.35 923
11.3667 924
11.3833 926
11.4 927
11.4167 929
11.4333 930
11.45 931
11.4667 933
11.4833 934
11.5 935
11.5167 936
11.5333 938
11.55 939
11.5667 940
11.5833 941
11.6 943
11.6167 944
11.6333 945
11.65 946
11.6667 947
11.6833 948
11.7 949
11.7167 950
11.7333 951
11.75 952
11.7667 953
11.7833 954
11.8 955
11.8167 956
11.8333 957
11.85 958
11.8667 959
11.8833 960
11.9 960
11.9167 961
11.9333 962
11.95 963
11.9667 964
11.9833 964
12.0 965
12.0167 966
12.0333 966
12.05 967
12.0667 968
12.0833 968
12.1 969
12.1167 970
12.1333 970
12.15 971
12.1667 971
12.1833 972
12.2 972
12.2167 973
12.2333 973
12.25 974
12.2667 974
12.2833 975
12.3 975
12.3167 975
12.3333 976
12.35 976
12.3667 976
12.3833 977
12.4 977
12.4167 977
12.4333 977
12.45 978
12.4667 978
12.4833 978
12.5 978
12.5167 978
12.5333 978
12.55 978
12.5667 979
12.5833 979
12.6 979
12.6167 979
12.6333 979
12.65 979
12.6667 979
12.6833 979
12.7 978
12.7167 978
12.7333 978
12.75 978
12.7667 978
12.7833 978
12.8 978
12.8167 977
12.8333 977
12.85 977
12.8667 977
12.8833 976
12.9 976
12.9167 976
12.9333 975
12.95 975
12.9667 975
12.9833 974
13.0 974
13.0167 974
13.0333 973
13.05 973
13.0667 972
13.0833 972
13.1 971
13.1167 970
13.1333 970
13.15 969
13.1667 969
13.1833 968
13.2 967
13.2167 967
13.2333 966
13.25 965
13.2667 965
13.2833 964
13.3 963
13.3167 962
13.3333 962
13.35 961
13.3667 960
13.3833 959
13.4 958
13.4167 957
13.4333 956
13.45 956
13.4667 955
13.4833 954
13.5 953
13.5167 952
13.5333 951
13.55 950
13.5667 949
13.5833 947
13.6 946
13.6167 945
13.6333 944
13.65 943
13.6667 942
13.6833 941
13.7 939
13.7167 938
13.7333 937
13.75 936
13.7667 934
13.7833 933
13.8 932
13.8167 931
13.8333 929
13.85 928
13.8667 926
13.8833 925
13.9 924
13.9167 922
13.9333 921
13.95 919
13.9667 918
13.9833 916
14.0 915
14.0167 913
14.0333 912
14.05 910
14.0667 909
14.0833 907
14.1 905
14.1167 904
14.1333 902
14.15 900
14.1667 899
14.1833 897
14.2 895
14.2167 893
14.2333 892
14.25 890
14.2667 888
14.2833 886
14.3 884
14.3167 883
14.3333 881
14.35 879
14.3667 877
14.3833 875
14.4 873
14.4167 871
14.4333 869
14.45 867
14.4667 865
14.4833 863
14.5 861
14.5167 859
14.5333 857
14.55 855
14.5667 853
14.5833 851
14.6 849
14.6167 846
14.6333 844
14.65 842
14.6667 840
14.6833 838
14.7 835
14.7167 833
14.7333 831
14.75 829
14.7667 826
14.7833 824
14.8 822
14.8167 819
14.8333 817
14.85 815
14.8667 812
14.8833 810
14.9 808
14.9167 805
14.9333 803
14.95 800
14.9667 798
14.9833 795
15.0 793
15.0167 790
15.0333 788
15.05 785
15.0667 783
15.0833 780
15.1 778
15.1167 775
15.1333 772
15.15 770
15.1667 767
15.1833 764
15.2 762
15.2167 759
15.2333 756
15.25 754
15.2667 751
15.2833 748
15.3 745
15.3167 743
15.3333 740
15.35 737
15.3667 734
15.3833 731
15.4 729
15.4167 726
15.4333 723
15.45 720
15.4667 717
15.4833 714
15.5 711
15.5167 708
15.5333 705
15.55 702
15.5667 700
15.5833 697
15.6 694
15.6167 691
15.6333 688
15.65 685
15.6667 681
15.6833 678
15.7 675
15.7167 672
15.7333 669
15.75 666
15.7667 663
15.7833 660
15.8 657
15.8167 654
15.8333 650
15.85 647
15.8667 644
15.8833 641
15.9 638
15.9167 635
15.9333 631
15.95 628
15.9667 625
15.9833 622
16.0 618
16.0167 615
16.0333 612
16.05 609
16.0667 605
16.0833 602
16.1 599
16.1167 595
16.1333 592
16.15 589
16.1667 585
16.1833 582
16.2 578
16.2167 575
16.2333 572
16.25 568
16.2667 565
16.2833 561
16.3 558
16.3167 555
16.3333 551
16.35 548
16.3667 544
16.3833 541
16.4 537
16.4167 534
16.4333 530
16.45 527
16.4667 523
16.4833 520
16.5 516
16.5167 513
16.5333 509
16.55 506
16.5667 502
16.5833 499
16.6 495
16.6167 491
16.6333 488
16.65 484
16.6667 481
16.6833 477
16.7 474
16.7167 470
16.7333 466
16.75 463
16.7667 459
16.7833 456
16.8 452
16.8167 448
16.8333 445
16.85 441
16.8667 437
16.8833 434
16.9 430
16.9167 426
16.9333 423
16.95 419
16.9667 415
16.9833 412
