8.0 372
8.0167 376
8.0333 380
8.05 383
8.0667 387
8.0833 391
8.1 394
8.1167 398
8.1333 402
8.15 405
8.1667 409
8.1833 413
8.2 416
8.2167 420
8.2333 424
8.25 427
8.2667 431
8.2833 434
8.3 438
8.3167 442
8.3333 445
8.35 449
8.3667 453
8.3833 456
8.4 460
8.4167 463
8.4333 467
8.45 471
8.4667 474
8.4833 478
8.5 481
8.5167 485
8.5333 488
8.55 492
8.5667 496
8.5833 499
8.6 503
8.6167 506
8.6333 510
8.65 513
8.6667 517
8.6833 520
8.7 524
8.7167 527
8.7333 531
8.75 534
8.7667 538
8.7833 541
8.8 545
8.8167 548
8.8333 552
8.85 555
8.8667 559
8.8833 562
8.9 565
8.9167 569
8.9333 572
8.95 576
8.9667 579
8.9833 582
9.0 586
9.0167 589
9.0333 592
9.05 596
9.0667 599
9.0833 602
9.1 606
9.1167 609
9.1333 612
9.15 616
9.1667 619
9.1833 622
9.2 625
9.2167 629
9.2333 632
9.25 635
9.2667 638
9.2833 642
9.3 645
9.3167 648
9.3333 651
9.35 654
9.3667 657
9.3833 661
9.4 664
9.4167 667
9.4333 670
9.45 673
9.4667 676
9.4833 679
9.5 682
9.5167 685
9.5333 688
9.55 691
9.5667 695
9.5833 698
9.6 701
9.6167 704
9.6333 707
9.65 709
9.6667 712
9.6833 715
9.7 718
9.7167 721
9.7333 724
9.75 727
9.7667 730
9.7833 733
9.8 736
9.8167 739
9.8333 741
9.85 744
9.8667 747
9.8833 750
9.9 753
9.9167 755
9.9333 758
9.95 761
9.9667 764
9.9833 766
10.0 769
10.0167 772
10.0333 774
10.05 777
10.0667 780
10.0833 782
10.1 785
10.1167 788
10.1333 790
10.15 793
10.1667 795
10.1833 798
10.2 800
10.2167 803
10.2333 805
10.25 808
10.2667 810
10.2833 813
10.3 815
10.3167 818
10.3333 820
10.35 823
10.3667 825
10.3833 827
10.4 830
10.4167 832
10.4333 834
10.45 837
10.4667 839
10.4833 841
10.5 844
10.5167 846
10.5333 848
10.55 850
10.5667 853
10.5833 855
10.6 857
10.6167 859
10.6333 861
10.65 863
10.6667 866
10.6833 868
10.7 870
10.7167 872
10.7333 874
10.75 876
10.7667 878
10.7833 880
10.8 882
10.8167 884
10.8333 886
10.85 888
10.8667 890
10.8833 892
10.9 894
10.9167 895
10.9333 897
10.95 899
10.9667 901
10.9833 903
11.0 905
11.0167 906
11.0333 908
11.05 910
11.0667 912
11.0833 913
11.1 915
11.1167 917
11.1333 918
11.15 920
11.1667 922
11.1833 923
11.2 925
11.2167 927
11.2333 928
11.25 930
11.2667 931
11.2833 933
11.3 934
11.3167 936
11.3333 937
11.35 939
11.3667 940
11.3833 941
11.4 943
11.4167 944
11.4333 946
11.45 947
11.4667 948
11.4833 950
11.5 951
11.5167 952
11.5333 953
11.55 955
11.5667 956
11.5833 957
11.6 958
11.6167 959
11.6333 961
11.65 962
11.6667 963
11.6833 964
11.7 965
11.7167 966
11.7333 967
11.75 968
11.7667 969
11.7833 970
11.8 971
11.8167 972
11.8333 973
11.85 974
11.8667 975
11.8833 976
11.9 976
11.9167 977
11.9333 978
11.95 979
11.9667 980
11.9833 981
12.0 981
12.0167 982
12.0333 983
12.05 983
12.0667 984
12.0833 985
12.1 985
12.1167 986
12.1333 987
12.15 987
12.1667 988
12.1833 988
12.2 989
12.2167 989
12.2333 990
12.25 990
12.2667 991
12.2833 991
12.3 992
12.3167 992
12.3333 993
12.35 993
12.3667 993
12.3833 994
12.4 994
12.4167 994
12.4333 994
12.45 995
12.4667 995
12.4833 995
12.5 995
12.5167 996
12.5333 996
12.55 996
12.5667 996
12.5833 996
12.6 996
12.6167 996
12.6333 996
12.65 996
12.6667 996
12.6833 996
12.7 996
12.7167 996
12.7333 996
12.75 996
12.7667 996
12.7833 996
12.8 996
12.8167 996
12.8333 995
12.85 995
12.8667 995
12.8833 995
12.9 995
12.9167 994
12.9333 994
12.95 994
12.9667 993
12.9833 993
13.0 993
13.0167 992
13.0333 992
13.05 991
13.0667 991
13.0833 991
13.1 990
13.1167 990
13.1333 989
13.15 989
13.1667 988
13.1833 988
13.2 987
13.2167 986
13.2333 986
13.25 985
13.2667 984
13.2833 984
13.3 983
13.3167 982
13.3333 982
13.35 981
13.3667 980
13.3833 979
13.4 979
13.4167 978
13.4333 977
13.45 976
13.4667 975
13.4833 974
13.5 973
13.5167 972
13.5333 971
13.55 970
13.5667 969
13.5833 969
13.6 967
13.6167 966
13.6333 965
13.65 964
13.6667 963
13.6833 962
13.7 961
13.7167 960
13.7333 959
13.75 958
13.7667 956
13.7833 955
13.8 954
13.8167 953
13.8333 951
13.85 950
13.8667 949
13.8833 947
13.9 946
13.9167 945
13.9333 943
13.95 942
13.9667 941
13.9833 939
14.0 938
14.0167 936
14.0333 935
14.05 933
14.0667 932
14.0833 930
14.1 929
14.1167 927
14.1333 926
14.15 924
14.1667 922
14.1833 921
14.2 919
14.2167 917
14.2333 916
14.25 914
14.2667 912
14.2833 911
14.3 909
14.3167 907
14.3333 905
14.35 904
14.3667 902
14.3833 900
14.4 898
14.4167 896
14.4333 894
14.45 892
14.4667 891
14.4833 889
14.5 887
14.5167 885
14.5333 883
14.55 881
14.5667 879
14.5833 877
14.6 875
14.6167 873
14.6333 871
14.65 868
14.6667 866
14.6833 864
14.7 862
14.7167 860
14.7333 858
14.75 856
14.7667 853
14.7833 851
14.8 849
14.8167 847
14.8333 845
14.85 842
14.8667 840
14.8833 838
14.9 835
14.9167 833
14.9333 831
14.95 828
14.9667 826
14.9833 824
15.0 821
15.0167 819
15.0333 816
15.05 814
15.0667 812
15.0833 809
15.1 807
15.1167 804
15.1333 802
15.15 799
15.1667 796
15.1833 794
15.2 791
15.2167 789
15.2333 786
15.25 784
15.2667 781
15.2833 778
15.3 776
15.3167 773
15.3333 770
15.35 768
15.3667 765
15.3833 762
15.4 759
15.4167 757
15.4333 754
15.45 751
15.4667 748
15.4833 745
15.5 743
15.5167 740
15.5333 737
15.55 734
15.5667 731
15.5833 728
15.6 726
15.6167 723
15.6333 720
15.65 717
15.6667 714
15.6833 711
15.7 708
15.7167 705
15.7333 702
15.75 699
15.7667 696
15.7833 693
15.8 690
15.8167 687
15.8333 684
15.85 681
15.8667 678
15.8833 675
15.9 671
15.9167 668
15.9333 665
15.95 662
15.9667 659
15.9833 656
16.0 653
16.0167 649
16.0333 646
16.05 643
16.0667 640
16.0833 637
16.1 633
16.1167 630
16.1333 627
16.15 624
16.1667 620
16.1833 617
16.2 614
16.2167 611
16.2333 607
16.25 604
16.2667 601
16.2833 597
16.3 594
16.3167 591
16.3333 587
16.35 584
16.3667 581
16.3833 577
16.4 574
16.4167 570
16.4333 567
16.45 564
16.4667 560
16.4833 557
16.5 553
16.5167 550
16.5333 546
16.55 543
16.5667 539
16.5833 536
16.6 532
16.6167 529
16.6333 525
16.65 522
16.6667 518
16.6833 515
16.7 511
16.7167 508
16.7333 504
16.75 501
16.7667 497
16.7833 494
16.8 490
16.8167 487
16.8333 483
16.85 479
16.8667 476
16.8833 472
16.9 469
16.9167 465
16.9333 461
16.95 458
16.9667 454
16.9833 451
