8.0 328
8.0167 331
8.0333 335
8.05 338
8.0667 342
8.0833 345
8.1 349
8.1167 352
8.1333 356
8.15 359
8.1667 362
8.1833 366
8.2 369
8.2167 373
8.2333 376
8.25 380
8.2667 383
8.2833 387
8.3 390
8.3167 394
8.3333 397
8.35 401
8.3667 404
8.3833 408
8.4 411
8.4167 415
8.4333 418
8.45 422
8.4667 425
8.4833 429
8.5 432
8.5167 435
8.5333 439
8.55 442
8.5667 446
8.5833 449
8.6 453
8.6167 456
8.6333 460
8.65 463
8.6667 466
8.6833 470
8.7 473
8.7167 477
8.7333 480
8.75 483
8.7667 487
8.7833 490
8.8 493
8.8167 497
8.8333 500
8.85 504
8.8667 507
8.8833 510
8.9 514
8.9167 517
8.9333 520
8.95 524
8.9667 527
8.9833 530
9.0 533
9.0167 536
9.0333 540
9.05 543
9.0667 546
9.0833 550
9.1 553
9.1167 556
9.1333 559
9.15 562
9.1667 566
9.1833 569
9.2 572
9.2167 575
9.2333 578
9.25 582
9.2667 585
9.2833 588
9.3 591
9.3167 594
9.3333 597
9.35 601
9.3667 604
9.3833 607
9.4 610
9.4167 613
9.4333 616
9.45 619
9.4667 622
9.4833 625
9.5 628
9.5167 631
9.5333 634
9.55 637
9.5667 640
9.5833 643
9.6 646
9.6167 649
9.6333 652
9.65 655
9.6667 658
9.6833 661
9.7 664
9.7167 667
9.7333 669
9.75 672
9.7667 675
9.7833 678
9.8 681
9.8167 684
9.8333 687
9.85 689
9.8667 692
9.8833 695
9.9 698
9.9167 700
9.9333 703
9.95 706
9.9667 709
9.9833 711
10.0 714
10.0167 717
10.0333 719
10.05 722
10.0667 725
10.0833 727
10.1 730
10.1167 732
10.1333 735
10.15 738
10.1667 740
10.1833 743
10.2 745
10.2167 748
10.2333 750
10.25 753
10.2667 755
10.2833 758
10.3 760
10.3167 763
10.3333 765
10.35 767
10.3667 770
10.3833 772
10.4 775
10.4167 777
10.4333 779
10.45 782
10.4667 784
10.4833 786
10.5 789
10.5167 791
10.5333 793
10.55 795
10.5667 798
10.5833 800
10.6 802
10.6167 804
10.6333 806
10.65 808
10.6667 811
10.6833 813
10.7 815
10.7167 817
10.7333 819
10.75 821
10.7667 823
10.7833 825
10.8 827
10.8167 829
10.8333 831
10.85 833
10.8667 835
10.8833 837
10.9 839
10.9167 841
10.9333 843
10.95 845
10.9667 847
10.9833 848
11.0 850
11.0167 852
11.0333 854
11.05 856
11.0667 857
11.0833 859
11.1 861
11.1167 863
11.1333 864
11.15 866
11.1667 868
11.1833 869
11.2 871
11.2167 873
11.2333 874
11.25 876
11.2667 877
11.2833 879
11.3 880
11.3167 882
11.3333 883
11.35 885
11.3667 886
11.3833 888
11.4 889
11.4167 891
11.4333 892
11.45 894
11.4667 895
11.4833 896
11.5 898
11.5167 899
11.5333 900
11.55 901
11.5667 903
11.5833 904
11.6 905
11.6167 906
11.6333 908
11.65 909
11.6667 910
11.6833 911
11.7 912
11.7167 913
11.7333 914
11.75 916
11.7667 917
11.7833 918
11.8 919
11.8167 920
11.8333 921
11.85 922
11.8667 923
11.8833 924
11.9 924
11.9167 925
11.9333 926
11.95 927
11.9667 928
11.9833 929
12.0 930
12.0167 930
12.0333 931
12.05 932
12.0667 933
12.0833 933
12.1 934
12.1167 935
12.1333 936
12.15 936
12.1667 937
12.1833 937
12.2 938
12.2167 939
12.2333 939
12.25 940
12.2667 940
12.2833 941
12.3 941
12.3167 942
12.3333 942
12.35 943
12.3667 943
12.3833 943
12.4 944
12.4167 944
12.4333 945
12.45 945
12.4667 945
12.4833 945
12.5 946
12.5167 946
12.5333 946
12.55 946
12.5667 947
12.5833 947
12.6 947
12.6167 947
12.6333 947
12.65 947
12.6667 947
12.6833 948
12.7 948
12.7167 948
12.7333 948
12.75 948
12.7667 948
12.7833 948
12.8 948
12.8167 947
12.8333 947
12.85 947
12.8667 947
12.8833 947
12.9 947
12.9167 947
12.9333 946
12.95 946
12.9667 946
12.9833 946
13.0 945
13.0167 945
13.0333 945
13.05 944
13.0667 944
13.0833 944
13.1 943
13.1167 943
13.1333 943
13.15 942
13.1667 942
13.1833 941
13.2 941
13.2167 940
13.2333 940
13.25 939
13.2667 939
13.2833 938
13.3 937
13.3167 937
13.3333 936
13.35 935
13.3667 935
13.3833 934
13.4 933
13.4167 933
13.4333 932
13.45 931
13.4667 930
13.4833 929
13.5 929
13.5167 928
13.5333 927
13.55 926
13.5667 925
13.5833 924
13.6 923
13.6167 922
13.6333 921
13.65 921
13.6667 920
13.6833 919
13.7 917
13.7167 916
13.7333 915
13.75 914
13.7667 913
13.7833 912
13.8 911
13.8167 910
13.8333 909
13.85 907
13.8667 906
13.8833 905
13.9 904
13.9167 903
13.9333 901
13.95 900
13.9667 899
13.9833 897
14.0 896
14.0167 895
14.0333 893
14.05 892
14.0667 890
14.0833 889
14.1 888
14.1167 886
14.1333 885
14.15 883
14.1667 882
14.1833 880
14.2 879
14.2167 877
14.2333 875
14.25 874
14.2667 872
14.2833 871
14.3 869
14.3167 867
14.3333 866
14.35 864
14.3667 862
14.3833 861
14.4 859
14.4167 857
14.4333 855
14.45 854
14.4667 852
14.4833 850
14.5 848
14.5167 846
14.5333 844
14.55 842
14.5667 841
14.5833 839
14.6 837
14.6167 835
14.6333 833
14.65 831
14.6667 829
14.6833 827
14.7 825
14.7167 823
14.7333 821
14.75 819
14.7667 817
14.7833 815
14.8 812
14.8167 810
14.8333 808
14.85 806
14.8667 804
14.8833 802
14.9 799
14.9167 797
14.9333 795
14.95 793
14.9667 790
14.9833 788
15.0 786
15.0167 784
15.0333 781
15.05 779
15.0667 777
15.0833 774
15.1 772
15.1167 770
15.1333 767
15.15 765
15.1667 762
15.1833 760
15.2 757
15.2167 755
15.2333 752
15.25 750
15.2667 747
15.2833 745
15.3 742
15.3167 740
15.3333 737
15.35 735
15.3667 732
15.3833 730
15.4 727
15.4167 724
15.4333 722
15.45 719
15.4667 716
15.4833 714
15.5 711
15.5167 708
15.5333 706
15.55 703
15.5667 700
15.5833 697
15.6 695
15.6167 692
15.6333 689
15.65 686
15.6667 683
15.6833 681
15.7 678
15.7167 675
15.7333 672
15.75 669
15.7667 666
15.7833 663
15.8 660
15.8167 657
15.8333 655
15.85 652
15.8667 649
15.8833 646
15.9 643
15.9167 640
15.9333 637
15.95 634
15.9667 631
15.9833 628
16.0 625
16.0167 622
16.0333 619
16.05 616
16.0667 612
16.0833 609
16.1 606
16.1167 603
16.1333 600
16.15 597
16.1667 594
16.1833 591
16.2 588
16.2167 584
16.2333 581
16.25 578
16.2667 575
16.2833 572
16.3 568
16.3167 565
16.3333 562
16.35 559
16.3667 556
16.3833 552
16.4 549
16.4167 546
16.4333 543
16.45 539
16.4667 536
16.4833 533
16.5 529
16.5167 526
16.5333 523
16.55 520
16.5667 516
16.5833 513
16.6 510
16.6167 506
16.6333 503
16.65 500
16.6667 496
16.6833 493
16.7 489
16.7167 486
16.7333 483
16.75 479
16.7667 476
16.7833 472
16.8 469
16.8167 466
16.8333 462
16.85 459
16.8667 455
16.8833 452
16.9 449
16.9167 445
16.9333 442
16.95 438
16.9667 435
16.9833 431
