8.0 366
8.0167 369
8.0333 373
8.05 376
8.0667 380
8.0833 384
8.1 387
8.1167 391
8.1333 395
8.15 398
8.1667 402
8.1833 406
8.2 409
8.2167 413
8.2333 416
8.25 420
8.2667 424
8.2833 427
8.3 431
8.3167 435
8.3333 438
8.35 442
8.3667 445
8.3833 449
8.4 453
8.4167 456
8.4333 460
8.45 463
8.4667 467
8.4833 470
8.5 474
8.5167 478
8.5333 481
8.55 485
8.5667 488
8.5833 492
8.6 495
8.6167 499
8.6333 502
8.65 506
8.6667 509
8.6833 513
8.7 516
8.7167 520
8.7333 523
8.75 527
8.7667 530
8.7833 534
8.8 537
8.8167 541
8.8333 544
8.85 548
8.8667 551
8.8833 554
8.9 558
8.9167 561
8.9333 565
8.95 568
8.9667 571
8.9833 575
9.0 578
9.0167 581
9.0333 585
9.05 588
9.0667 591
9.0833 595
9.1 598
9.1167 601
9.1333 605
9.15 608
9.1667 611
9.1833 614
9.2 618
9.2167 621
9.2333 624
9.25 627
9.2667 631
9.2833 634
9.3 637
9.3167 640
9.3333 643
9.35 646
9.3667 650
9.3833 653
9.4 656
9.4167 659
9.4333 662
9.45 665
9.4667 668
9.4833 671
9.5 674
9.5167 678
9.5333 681
9.55 684
9.5667 687
9.5833 690
9.6 693
9.6167 696
9.6333 699
9.65 702
9.6667 704
9.6833 707
9.7 710
9.7167 713
9.7333 716
9.75 719
9.7667 722
9.7833 725
9.8 728
9.8167 730
9.8333 733
9.85 736
9.8667 739
9.8833 742
9.9 744
9.9167 747
9.9333 750
9.95 753
9.9667 755
9.9833 758
10.0 761
10.0167 763
10.0333 766
10.05 769
10.0667 771
10.0833 774
10.1 777
10.1167 779
10.1333 782
10.15 784
10.1667 787
10.1833 790
10.2 792
10.2167 795
10.2333 797
10.25 800
10.2667 802
10.2833 805
10.3 807
10.3167 809
10.3333 812
10.35 814
10.3667 817
10.3833 819
10.4 821
10.4167 824
10.4333 826
10.45 828
10.4667 831
10.4833 833
10.5 835
10.5167 837
10.5333 840
10.55 842
10.5667 844
10.5833 846
10.6 848
10.6167 851
10.6333 853
10.65 855
10.6667 857
10.6833 859
10.7 861
10.7167 863
10.7333 865
10.75 867
10.7667 869
10.7833 871
10.8 873
10.8167 875
10.8333 877
10.85 879
10.8667 881
10.8833 883
10.9 885
10.9167 887
10.9333 889
10.95 891
10.9667 892
10.9833 894
11.0 896
11.0167 898
11.0333 899
11.05 901
11.0667 903
11.0833 905
11.1 906
11.1167 908
11.1333 910
11.15 911
11.1667 913
11.1833 915
11.2 916
11.2167 918
11.2333 919
11.25 921
11.2667 922
11.2833 924
11.3 925
11.3167 927
11.3333 928
11.35 930
11.3667 931
11.3833 933
11.4 934
11.4167 935
11.4333 937
11.45 938
11.4667 939
11.4833 941
11.5 942
11.5167 943
11.5333 944
11.55 946
11.5667 947
11.5833 948
11.6 949
11.6167 950
11.6333 951
11.65 953
11.6667 954
11.6833 955
11.7 956
11.7167 957
11.7333 958
11.75 959
11.7667 960
11.7833 961
11.8 962
11.8167 963
11.8333 964
11.85 965
11.8667 966
11.8833 966
11.9 967
11.9167 968
11.9333 969
11.95 970
11.9667 971
11.9833 971
12.0 972
12.0167 973
12.0333 973
12.05 974
12.0667 975
12.0833 975
12.1 976
12.1167 977
12.1333 977
12.15 978
12.1667 978
12.1833 979
12.2 980
12.2167 980
12.2333 980
12.25 981
12.2667 981
12.2833 982
12.3 982
12.3167 983
12.3333 983
12.35 983
12.3667 984
12.3833 984
12.4 984
12.4167 985
12.4333 985
12.45 985
12.4667 985
12.4833 986
12.5 986
12.5167 986
12.5333 986
12.55 986
12.5667 986
12.5833 986
12.6 986
12.6167 987
12.6333 987
12.65 987
12.6667 987
12.6833 987
12.7 987
12.7167 986
12.7333 986
12.75 986
12.7667 986
12.7833 986
12.8 986
12.8167 986
12.8333 986
12.85 985
12.8667 985
12.8833 985
12.9 985
12.9167 984
12.9333 984
12.95 984
12.9667 983
12.9833 983
13.0 983
13.0167 982
13.0333 982
13.05 981
13.0667 981
13.0833 980
13.1 980
13.1167 979
13.1333 979
13.15 978
13.1667 978
13.1833 977
13.2 977
13.2167 976
13.2333 975
13.25 975
13.2667 974
13.2833 973
13.3 973
13.3167 972
13.3333 971
13.35 971
13.3667 970
13.3833 969
13.4 968
13.4167 967
13.4333 966
13.45 966
13.4667 965
13.4833 964
13.5 963
13.5167 962
13.5333 961
13.55 960
13.5667 959
13.5833 958
13.6 957
13.6167 956
13.6333 955
13.65 954
13.6667 953
13.6833 951
13.7 950
13.7167 949
13.7333 948
13.75 947
13.7667 946
13.7833 944
13.8 943
13.8167 942
13.8333 941
13.85 939
13.8667 938
13.8833 937
13.9 935
13.9167 934
13.9333 933
13.95 931
13.9667 930
13.9833 928
14.0 927
14.0167 925
14.0333 924
14.05 922
14.0667 921
14.0833 919
14.1 918
14.1167 916
14.1333 915
14.15 913
14.1667 911
14.1833 910
14.2 908
14.2167 906
14.2333 905
14.25 903
14.2667 901
14.2833 899
14.3 898
14.3167 896
14.3333 894
14.35 892
14.3667 891
14.3833 889
14.4 887
14.4167 885
14.4333 883
14.45 881
14.4667 879
14.4833 877
14.5 875
14.5167 873
14.5333 871
14.55 869
14.5667 867
14.5833 865
14.6 863
14.6167 861
14.6333 859
14.65 857
14.6667 855
14.6833 853
14.7 851
14.7167 848
14.7333 846
14.75 844
14.7667 842
14.7833 840
14.8 837
14.8167 835
14.8333 833
14.85 831
14.8667 828
14.8833 826
14.9 824
14.9167 821
14.9333 819
14.95 817
14.9667 814
14.9833 812
15.0 810
15.0167 807
15.0333 805
15.05 802
15.0667 800
15.0833 797
15.1 795
15.1167 792
15.1333 790
15.15 787
15.1667 785
15.1833 782
15.2 779
15.2167 777
15.2333 774
15.25 772
15.2667 769
15.2833 766
15.3 764
15.3167 761
15.3333 758
15.35 756
15.3667 753
15.3833 750
15.4 747
15.4167 745
15.4333 742
15.45 739
15.4667 736
15.4833 733
15.5 731
15.5167 728
15.5333 725
15.55 722
15.5667 719
15.5833 716
15.6 713
15.6167 710
15.6333 708
15.65 705
15.6667 702
15.6833 699
15.7 696
15.7167 693
15.7333 690
15.75 687
15.7667 684
15.7833 681
15.8 678
15.8167 675
15.8333 672
15.85 668
15.8667 665
15.8833 662
15.9 659
15.9167 656
15.9333 653
15.95 650
15.9667 647
15.9833 644
16.0 640
16.0167 637
16.0333 634
16.05 631
16.0667 628
16.0833 624
16.1 621
16.1167 618
16.1333 615
16.15 611
16.1667 608
16.1833 605
16.2 602
16.2167 598
16.2333 595
16.25 592
16.2667 588
16.2833 585
16.3 582
16.3167 578
16.3333 575
16.35 572
16.3667 568
16.3833 565
16.4 561
16.4167 558
16.4333 555
16.45 551
16.4667 548
16.4833 544
16.5 541
16.5167 537
16.5333 534
16.55 531
16.5667 527
16.5833 524
16.6 520
16.6167 517
16.6333 513
16.65 510
16.6667 506
16.6833 503
16.7 499
16.7167 496
16.7333 492
16.75 488
16.7667 485
16.7833 481
16.8 478
16.8167 474
16.8333 471
16.85 467
16.8667 464
16.8833 460
16.9 456
16.9167 453
16.9333 449
16.95 446
16.9667 442
16.9833 438
