8.0 338
8.0167 342
8.0333 345
8.05 349
8.0667 352
8.0833 356
8.1 359
8.1167 363
8.1333 366
8.15 370
8.1667 373
8.1833 377
8.2 380
8.2167 384
8.2333 388
8.25 391
8.2667 395
8.2833 398
8.3 402
8.3167 405
8.3333 409
8.35 412
8.3667 416
8.3833 419
8.4 423
8.4167 426
8.4333 430
8.45 433
8.4667 437
8.4833 440
8.5 444
8.5167 447
8.5333 450
8.55 454
8.5667 457
8.5833 461
8.6 464
8.6167 468
8.6333 471
8.65 475
8.6667 478
8.6833 482
8.7 485
8.7167 488
8.7333 492
8.75 495
8.7667 499
8.7833 502
8.8 505
8.8167 509
8.8333 512
8.85 516
8.8667 519
8.8833 522
8.9 526
8.9167 529
8.9333 532
8.95 536
8.9667 539
8.9833 542
9.0 546
9.0167 549
9.0333 552
9.05 555
9.0667 558
9.0833 562
9.1 565
9.1167 568
9.1333 571
9.15 575
9.1667 578
9.1833 581
9.2 584
9.2167 588
9.2333 591
9.25 594
9.2667 597
9.2833 600
9.3 603
9.3167 607
9.3333 610
9.35 613
9.3667 616
9.3833 619
9.4 622
9.4167 625
9.4333 628
9.45 631
9.4667 634
9.4833 638
9.5 641
9.5167 644
9.5333 647
9.55 650
9.5667 653
9.5833 656
9.6 659
9.6167 662
9.6333 664
9.65 667
9.6667 670
9.6833 673
9.7 676
9.7167 679
9.7333 682
9.75 685
9.7667 688
9.7833 691
9.8 693
9.8167 696
9.8333 699
9.85 702
9.8667 705
9.8833 707
9.9 710
9.9167 713
9.9333 716
9.95 718
9.9667 721
9.9833 724
10.0 726
10.0167 729
10.0333 732
10.05 734
10.0667 737
10.0833 740
10.1 742
10.1167 745
10.1333 748
10.15 750
10.1667 753
10.1833 755
10.2 758
10.2167 760
10.2333 763
10.25 765
10.2667 768
10.2833 770
10.3 773
10.3167 775
10.3333 778
10.35 780
10.3667 782
10.3833 785
10.4 787
10.4167 789
10.4333 792
10.45 794
10.4667 796
10.4833 799
10.5 801
10.5167 803
10.5333 806
10.55 808
10.5667 810
10.5833 812
10.6 814
10.6167 817
10.6333 819
10.65 821
10.6667 823
10.6833 825
10.7 827
10.7167 829
10.7333 831
10.75 833
10.7667 836
10.7833 838
10.8 840
10.8167 842
10.8333 844
10.85 846
10.8667 847
10.8833 849
10.9 851
10.9167 853
10.9333 855
10.95 857
10.9667 859
10.9833 861
11.0 862
11.0167 864
11.0333 866
11.05 868
11.0667 870
11.0833 871
11.1 873
11.1167 875
11.1333 876
11.15 878
11.1667 880
11.1833 881
11.2 883
11.2167 885
11.2333 886
11.25 888
11.2667 889
11.2833 891
11.3 893
11.3167 894
11.3333 896
11.35 897
11.3667 898
11.3833 900
11.4 901
11.4167 903
11.4333 904
11.45 906
11.4667 907
11.4833 908
11.5 910
11.5167 911
11.5333 912
11.55 913
11.5667 915
11.5833 916
11.6 917
11.6167 918
11.6333 920
11.65 921
11.6667 922
11.6833 923
11.7 924
11.7167 925
11.7333 926
11.75 927
11.7667 928
11.7833 929
11.8 930
11.8167 931
11.8333 932
11.85 933
11.8667 934
11.8833 935
11.9 936
11.9167 937
11.9333 938
11.95 939
11.9667 940
11.9833 940
12.0 941
12.0167 942
12.0333 943
12.05 944
12.0667 944
12.0833 945
12.1 946
12.1167 946
12.1333 947
12.15 948
12.1667 948
12.1833 949
12.2 950
12.2167 950
12.2333 951
12.25 951
12.2667 952
12.2833 952
12.3 953
12.3167 953
12.3333 954
12.35 954
12.3667 954
12.3833 955
12.4 955
12.4167 955
12.4333 956
12.45 956
12.4667 956
12.4833 957
12.5 957
12.5167 957
12.5333 957
12.55 958
12.5667 958
12.5833 958
12.6 958
12.6167 958
12.6333 958
12.65 958
12.6667 959
12.6833 959
12.7 959
12.7167 959
12.7333 959
12.75 959
12.7667 959
12.7833 959
12.8 959
12.8167 958
12.8333 958
12.85 958
12.8667 958
12.8833 958
12.9 958
12.9167 957
12.9333 957
12.95 957
12.9667 957
12.9833 956
13.0 956
13.0167 956
13.0333 956
13.05 955
13.0667 955
13.0833 954
13.1 954
13.1167 954
13.1333 953
13.15 953
13.1667 952
13.1833 952
13.2 951
13.2167 951
13.2333 950
13.25 950
13.2667 949
13.2833 948
13.3 948
13.3167 947
13.3333 946
13.35 946
13.3667 945
13.3833 944
13.4 944
13.4167 943
13.4333 942
13.45 941
13.4667 941
13.4833 940
13.5 939
13.5167 938
13.5333 937
13.55 936
13.5667 935
13.5833 935
13.6 934
13.6167 933
13.6333 932
13.65 931
13.6667 930
13.6833 929
13.7 928
13.7167 926
13.7333 925
13.75 924
13.7667 923
13.7833 922
13.8 921
13.8167 920
13.8333 919
13.85 917
13.8667 916
13.8833 915
13.9 914
13.9167 912
13.9333 911
13.95 910
13.9667 908
13.9833 907
14.0 906
14.0167 904
14.0333 903
14.05 902
14.0667 900
14.0833 899
14.1 897
14.1167 896
14.1333 894
14.15 893
14.1667 891
14.1833 890
14.2 888
14.2167 887
14.2333 885
14.25 883
14.2667 882
14.2833 880
14.3 878
14.3167 877
14.3333 875
14.35 873
14.3667 872
14.3833 870
14.4 868
14.4167 866
14.4333 865
14.45 863
14.4667 861
14.4833 859
14.5 857
14.5167 855
14.5333 853
14.55 852
14.5667 850
14.5833 848
14.6 846
14.6167 844
14.6333 842
14.65 840
14.6667 838
14.6833 836
14.7 834
14.7167 832
14.7333 830
14.75 828
14.7667 825
14.7833 823
14.8 821
14.8167 819
14.8333 817
14.85 815
14.8667 813
14.8833 810
14.9 808
14.9167 806
14.9333 804
14.95 801
14.9667 799
14.9833 797
15.0 795
15.0167 792
15.0333 790
15.05 788
15.0667 785
15.0833 783
15.1 780
15.1167 778
15.1333 776
15.15 773
15.1667 771
15.1833 768
15.2 766
15.2167 763
15.2333 761
15.25 758
15.2667 756
15.2833 753
15.3 751
15.3167 748
15.3333 745
15.35 743
15.3667 740
15.3833 738
15.4 735
15.4167 732
15.4333 730
15.45 727
15.4667 724
15.4833 722
15.5 719
15.5167 716
15.5333 713
15.55 711
15.5667 708
15.5833 705
15.6 702
15.6167 700
15.6333 697
15.65 694
15.6667 691
15.6833 688
15.7 685
15.7167 682
15.7333 680
15.75 677
15.7667 674
15.7833 671
15.8 668
15.8167 665
15.8333 662
15.85 659
15.8667 656
15.8833 653
15.9 650
15.9167 647
15.9333 644
15.95 641
15.9667 638
15.9833 635
16.0 632
16.0167 629
16.0333 626
16.05 623
16.0667 620
16.0833 617
16.1 613
16.1167 610
16.1333 607
16.15 604
16.1667 601
16.1833 598
16.2 595
16.2167 591
16.2333 588
16.25 585
16.2667 582
16.2833 579
16.3 575
16.3167 572
16.3333 569
16.35 566
16.3667 562
16.3833 559
16.4 556
16.4167 553
16.4333 549
16.45 546
16.4667 543
16.4833 539
16.5 536
16.5167 533
16.5333 529
16.55 526
16.5667 523
16.5833 519
16.6 516
16.6167 513
16.6333 509
16.65 506
16.6667 502
16.6833 499
16.7 496
16.7167 492
16.7333 489
16.75 485
16.7667 482
16.7833 479
16.8 475
16.8167 472
16.8333 468
16.85 465
16.8667 461
16.8833 458
16.9 454
16.9167 451
16.9333 447
16.95 444
16.9667 440
16.9833 437
