8.0 364
8.0167 367
8.0333 371
8.05 374
8.0667 378
8.0833 382
8.1 385
8.1167 389
8.1333 393
8.15 396
8.1667 400
8.1833 403
8.2 407
8.2167 411
8.2333 414
8.25 418
8.2667 422
8.2833 425
8.3 429
8.3167 432
8.3333 436
8.35 439
8.3667 443
8.3833 447
8.4 450
8.4167 454
8.4333 457
8.45 461
8.4667 464
8.4833 468
8.5 472
8.5167 475
8.5333 479
8.55 482
8.5667 486
8.5833 489
8.6 493
8.6167 496
8.6333 500
8.65 503
8.6667 507
8.6833 510
8.7 514
8.7167 517
8.7333 521
8.75 524
8.7667 528
8.7833 531
8.8 534
8.8167 538
8.8333 541
8.85 545
8.8667 548
8.8833 552
8.9 555
8.9167 558
8.9333 562
8.95 565
8.9667 569
8.9833 572
9.0 575
9.0167 578
9.0333 582
9.05 585
9.0667 588
9.0833 592
9.1 595
9.1167 598
9.1333 602
9.15 605
9.1667 608
9.1833 611
9.2 615
9.2167 618
9.2333 621
9.25 624
9.2667 627
9.2833 631
9.3 634
9.3167 637
9.3333 640
9.35 643
9.3667 646
9.3833 650
9.4 653
9.4167 656
9.4333 659
9.45 662
9.4667 665
9.4833 668
9.5 671
9.5167 674
9.5333 677
9.55 680
9.5667 683
9.5833 686
9.6 689
9.6167 692
9.6333 695
9.65 698
9.6667 701
9.6833 704
9.7 707
9.7167 710
9.7333 713
9.75 716
9.7667 719
9.7833 721
9.8 724
9.8167 727
9.8333 730
9.85 733
9.8667 736
9.8833 738
9.9 741
9.9167 744
9.9333 747
9.95 749
9.9667 752
9.9833 755
10.0 758
10.0167 760
10.0333 763
10.05 766
10.0667 768
10.0833 771
10.1 773
10.1167 776
10.1333 779
10.15 781
10.1667 784
10.1833 786
10.2 789
10.2167 791
10.2333 794
10.25 796
10.2667 799
10.2833 801
10.3 804
10.3167 806
10.3333 809
10.35 811
10.3667 813
10.3833 816
10.4 818
10.4167 820
10.4333 823
10.45 825
10.4667 827
10.4833 830
10.5 832
10.5167 834
10.5333 836
10.55 839
10.5667 841
10.5833 843
10.6 845
10.6167 847
10.6333 850
10.65 852
10.6667 854
10.6833 856
10.7 858
10.7167 860
10.7333 862
10.75 864
10.7667 866
10.7833 868
10.8 870
10.8167 872
10.8333 874
10.85 876
10.8667 878
10.8833 880
10.9 882
10.9167 884
10.9333 886
10.95 887
10.9667 889
10.9833 891
11.0 893
11.0167 895
11.0333 896
11.05 898
11.0667 900
11.0833 902
11.1 903
11.1167 905
11.1333 907
11.15 908
11.1667 910
11.1833 912
11.2 913
11.2167 915
11.2333 916
11.25 918
11.2667 919
11.2833 921
11.3 923
11.3167 924
11.3333 925
11.35 927
11.3667 928
11.3833 930
11.4 931
11.4167 933
11.4333 934
11.45 935
11.4667 937
11.4833 938
11.5 939
11.5167 940
11.5333 942
11.55 943
11.5667 944
11.5833 945
11.6 947
11.6167 948
11.6333 949
11.65 950
11.6667 951
11.6833 952
11.7 953
11.7167 954
11.7333 955
11.75 957
11.7667 958
11.7833 959
11.8 959
11.8167 960
11.8333 961
11.85 962
11.8667 963
11.8833 964
11.9 965
11.9167 966
11.9333 967
11.95 967
11.9667 968
11.9833 969
12.0 970
12.0167 971
12.0333 971
12.05 972
12.0667 973
12.0833 973
12.1 974
12.1167 975
12.1333 975
12.15 976
12.1667 976
12.1833 977
12.2 978
12.2167 978
12.2333 979
12.25 979
12.2667 980
12.2833 980
12.3 980
12.3167 981
12.3333 981
12.35 982
12.3667 982
12.3833 982
12.4 983
12.4167 983
12.4333 983
12.45 983
12.4667 984
12.4833 984
12.5 984
12.5167 984
12.5333 985
12.55 985
12.5667 985
12.5833 985
12.6 985
12.6167 985
12.6333 985
12.65 985
12.6667 985
12.6833 985
12.7 985
12.7167 985
12.7333 985
12.75 985
12.7667 985
12.7833 985
12.8 985
12.8167 985
12.8333 984
12.85 984
12.8667 984
12.8833 984
12.9 984
12.9167 983
12.9333 983
12.95 983
12.9667 982
12.9833 982
13.0 982
13.0167 981
13.0333 981
13.05 981
13.0667 980
13.0833 980
13.1 979
13.1167 979
13.1333 978
13.15 978
13.1667 977
13.1833 977
13.2 976
13.2167 976
13.2333 975
13.25 974
13.2667 974
13.2833 973
13.3 972
13.3167 972
13.3333 971
13.35 970
13.3667 969
13.3833 969
13.4 968
13.4167 967
13.4333 966
13.45 965
13.4667 965
13.4833 964
13.5 963
13.5167 962
13.5333 961
13.55 960
13.5667 959
13.5833 958
13.6 957
13.6167 956
13.6333 955
13.65 954
13.6667 953
13.6833 952
13.7 951
13.7167 950
13.7333 948
13.75 947
13.7667 946
13.7833 945
13.8 944
13.8167 942
13.8333 941
13.85 940
13.8667 939
13.8833 937
13.9 936
13.9167 935
13.9333 933
13.95 932
13.9667 931
13.9833 929
14.0 928
14.0167 926
14.0333 925
14.05 923
14.0667 922
14.0833 920
14.1 919
14.1167 917
14.1333 916
14.15 914
14.1667 913
14.1833 911
14.2 909
14.2167 908
14.2333 906
14.25 904
14.2667 903
14.2833 901
14.3 899
14.3167 897
14.3333 896
14.35 894
14.3667 892
14.3833 890
14.4 889
14.4167 887
14.4333 885
14.45 883
14.4667 881
14.4833 879
14.5 877
14.5167 875
14.5333 873
14.55 871
14.5667 869
14.5833 867
14.6 865
14.6167 863
14.6333 861
14.65 859
14.6667 857
14.6833 855
14.7 853
14.7167 851
14.7333 849
14.75 847
14.7667 844
14.7833 842
14.8 840
14.8167 838
14.8333 836
14.85 833
14.8667 831
14.8833 829
14.9 826
14.9167 824
14.9333 822
14.95 819
14.9667 817
14.9833 815
15.0 812
15.0167 810
15.0333 808
15.05 805
15.0667 803
15.0833 800
15.1 798
15.1167 795
15.1333 793
15.15 790
15.1667 788
15.1833 785
15.2 783
15.2167 780
15.2333 778
15.25 775
15.2667 772
15.2833 770
15.3 767
15.3167 765
15.3333 762
15.35 759
15.3667 757
15.3833 754
15.4 751
15.4167 748
15.4333 746
15.45 743
15.4667 740
15.4833 737
15.5 735
15.5167 732
15.5333 729
15.55 726
15.5667 723
15.5833 720
15.6 718
15.6167 715
15.6333 712
15.65 709
15.6667 706
15.6833 703
15.7 700
15.7167 697
15.7333 694
15.75 691
15.7667 688
15.7833 685
15.8 682
15.8167 679
15.8333 676
15.85 673
15.8667 670
15.8833 667
15.9 664
15.9167 661
15.9333 658
15.95 655
15.9667 652
15.9833 649
16.0 645
16.0167 642
16.0333 639
16.05 636
16.0667 633
16.0833 630
16.1 626
16.1167 623
16.1333 620
16.15 617
16.1667 613
16.1833 610
16.2 607
16.2167 604
16.2333 600
16.25 597
16.2667 594
16.2833 591
16.3 587
16.3167 584
16.3333 581
16.35 577
16.3667 574
16.3833 571
16.4 567
16.4167 564
16.4333 560
16.45 557
16.4667 554
16.4833 550
16.5 547
16.5167 543
16.5333 540
16.55 537
16.5667 533
16.5833 530
16.6 526
16.6167 523
16.6333 519
16.65 516
16.6667 512
16.6833 509
16.7 505
16.7167 502
16.7333 498
16.75 495
16.7667 491
16.7833 488
16.8 484
16.8167 481
16.8333 477
16.85 474
16.8667 470
16.8833 467
16.9 463
16.9167 460
16.9333 456
16.95 452
16.9667 449
16.9833 445
