8.0 356
8.0167 360
8.0333 364
8.05 368
8.0667 372
8.0833 376
8.1 380
8.1167 383
8.1333 387
8.15 391
8.1667 395
8.1833 399
8.2 403
8.2167 407
8.2333 411
8.25 414
8.2667 418
8.2833 422
8.3 426
8.3167 430
8.3333 434
8.35 437
8.3667 441
8.3833 445
8.4 449
8.4167 453
8.4333 457
8.45 460
8.4667 464
8.4833 468
8.5 472
8.5167 476
8.5333 479
8.55 483
8.5667 487
8.5833 491
8.6 494
8.6167 498
8.6333 502
8.65 506
8.6667 509
8.6833 513
8.7 517
8.7167 521
8.7333 524
8.75 528
8.7667 532
8.7833 535
8.8 539
8.8167 543
8.8333 546
8.85 550
8.8667 554
8.8833 557
8.9 561
8.9167 565
8.9333 568
8.95 572
8.9667 575
8.9833 579
9.0 583
9.0167 586
9.0333 589
9.05 593
9.0667 597
9.0833 600
9.1 604
9.1167 607
9.1333 611
9.15 614
9.1667 618
9.1833 621
9.2 625
9.2167 628
9.2333 632
9.25 635
9.2667 638
9.2833 642
9.3 645
9.3167 649
9.3333 652
9.35 655
9.3667 659
9.3833 662
9.4 665
9.4167 669
9.4333 672
9.45 675
9.4667 679
9.4833 682
9.5 685
9.5167 689
9.5333 692
9.55 695
9.5667 698
9.5833 702
9.6 705
9.6167 708
9.6333 711
9.65 714
9.6667 718
9.6833 721
9.7 724
9.7167 727
9.7333 730
9.75 733
9.7667 736
9.7833 739
9.8 742
9.8167 745
9.8333 748
9.85 751
9.8667 755
9.8833 758
9.9 761
9.9167 763
9.9333 766
9.95 769
9.9667 772
9.9833 775
10.0 778
10.0167 781
10.0333 784
10.05 787
10.0667 790
10.0833 792
10.1 795
10.1167 798
10.1333 801
10.15 804
10.1667 806
10.1833 809
10.2 812
10.2167 815
10.2333 817
10.25 820
10.2667 823
10.2833 825
10.3 828
10.3167 831
10.3333 833
10.35 836
10.3667 839
10.3833 841
10.4 844
10.4167 846
10.4333 849
10.45 851
10.4667 854
10.4833 856
10.5 859
10.5167 861
10.5333 864
10.55 866
10.5667 869
10.5833 871
10.6 873
10.6167 876
10.6333 878
10.65 880
10.6667 883
10.6833 885
10.7 887
10.7167 890
10.7333 892
10.75 894
10.7667 896
10.7833 898
10.8 901
10.8167 903
10.8333 905
10.85 907
10.8667 909
10.8833 911
10.9 913
10.9167 916
10.9333 918
10.95 920
10.9667 922
10.9833 924
11.0 926
11.0167 928
11.0333 930
11.05 932
11.0667 933
11.0833 935
11.1 937
11.1167 939
11.1333 941
11.15 943
11.1667 945
11.1833 946
11.2 948
11.2167 950
11.2333 952
11.25 954
11.2667 955
11.2833 957
11.3 959
11.3167 960
11.3333 962
11.35 964
11.3667 965
11.3833 967
11.4 968
11.4167 970
11.4333 971
11.45 973
11.4667 974
11.4833 976
11.5 977
11.5167 979
11.5333 980
11.55 982
11.5667 983
11.5833 985
11.6 986
11.6167 987
11.6333 989
11.65 990
11.6667 991
11.6833 992
11.7 994
11.7167 995
11.7333 996
11.75 997
11.7667 999
11.7833 1000
11.8 1001
11.8167 1002
11.8333 1003
11.85 1004
11.8667 1005
11.8833 1006
11.9 1007
11.9167 1008
11.9333 1009
11.95 1010
11.9667 1011
11.9833 1012
12.0 1013
12.0167 1014
12.0333 1015
12.05 1016
12.0667 1017
12.0833 1017
12.1 1018
12.1167 1019
12.1333 1020
12.15 1021
12.1667 1021
12.1833 1022
12.2 1023
12.2167 1023
12.2333 1024
12.25 1025
12.2667 1025
12.2833 1026
12.3 1026
12.3167 1027
12.3333 1028
12.35 1028
12.3667 1029
12.3833 1029
12.4 1030
12.4167 1030
12.4333 1030
12.45 1031
12.4667 1031
12.4833 1032
12.5 1032
12.5167 1032
12.5333 1033
12.55 1033
12.5667 1033
12.5833 1033
12.6 1034
12.6167 1034
12.6333 1034
12.65 1034
12.6667 1034
12.6833 1035
12.7 1035
12.7167 1035
12.7333 1035
12.75 1035
12.7667 1035
12.7833 1035
12.8 1035
12.8167 1035
12.8333 1035
12.85 1035
12.8667 1035
12.8833 1035
12.9 1035
12.9167 1035
12.9333 1034
12.95 1034
12.9667 1034
12.9833 1034
13.0 1034
13.0167 1033
13.0333 1033
13.05 1033
13.0667 1033
13.0833 1032
13.1 1032
13.1167 1031
13.1333 1031
13.15 1031
13.1667 1030
13.1833 1030
13.2 1029
13.2167 1029
13.2333 1028
13.25 1028
13.2667 1027
13.2833 1027
13.3 1026
13.3167 1026
13.3333 1025
13.35 1024
13.3667 1024
13.3833 1023
13.4 1022
13.4167 1022
13.4333 1021
13.45 1020
13.4667 1020
13.4833 1019
13.5 1018
13.5167 1017
13.5333 1016
13.55 1016
13.5667 1015
13.5833 1014
13.6 1013
13.6167 1012
13.6333 1011
13.65 1010
13.6667 1009
13.6833 1008
13.7 1007
13.7167 1006
13.7333 1005
13.75 1004
13.7667 1003
13.7833 1002
13.8 1000
13.8167 999
13.8333 998
13.85 997
13.8667 996
13.8833 995
13.9 993
13.9167 992
13.9333 991
13.95 990
13.9667 988
13.9833 987
14.0 986
14.0167 984
14.0333 983
14.05 981
14.0667 980
14.0833 978
14.1 977
14.1167 976
14.1333 974
14.15 973
14.1667 971
14.1833 969
14.2 968
14.2167 966
14.2333 965
14.25 963
14.2667 961
14.2833 960
14.3 958
14.3167 956
14.3333 955
14.35 953
14.3667 951
14.3833 950
14.4 948
14.4167 946
14.4333 944
14.45 942
14.4667 940
14.4833 939
14.5 937
14.5167 935
14.5333 933
14.55 931
14.5667 929
14.5833 927
14.6 925
14.6167 923
14.6333 921
14.65 919
14.6667 917
14.6833 915
14.7 913
14.7167 911
14.7333 909
14.75 907
14.7667 904
14.7833 902
14.8 900
14.8167 898
14.8333 896
14.85 893
14.8667 891
14.8833 889
14.9 887
14.9167 884
14.9333 882
14.95 880
14.9667 877
14.9833 875
15.0 873
15.0167 870
15.0333 868
15.05 865
15.0667 863
15.0833 860
15.1 858
15.1167 855
15.1333 853
15.15 850
15.1667 848
15.1833 845
15.2 843
15.2167 840
15.2333 838
15.25 835
15.2667 832
15.2833 830
15.3 827
15.3167 825
15.3333 822
15.35 819
15.3667 816
15.3833 814
15.4 811
15.4167 808
15.4333 806
15.45 803
15.4667 800
15.4833 797
15.5 794
15.5167 792
15.5333 789
15.55 786
15.5667 783
15.5833 780
15.6 777
15.6167 774
15.6333 771
15.65 768
15.6667 765
15.6833 762
15.7 759
15.7167 756
15.7333 753
15.75 750
15.7667 747
15.7833 744
15.8 741
15.8167 738
15.8333 735
15.85 732
15.8667 729
15.8833 726
15.9 723
15.9167 720
15.9333 716
15.95 713
15.9667 710
15.9833 707
16.0 704
16.0167 700
16.0333 697
16.05 694
16.0667 691
16.0833 687
16.1 684
16.1167 681
16.1333 678
16.15 674
16.1667 671
16.1833 668
16.2 664
16.2167 661
16.2333 658
16.25 654
16.2667 651
16.2833 647
16.3 644
16.3167 641
16.3333 637
16.35 634
16.3667 630
16.3833 627
16.4 623
16.4167 620
16.4333 616
16.45 613
16.4667 609
16.4833 606
16.5 602
16.5167 599
16.5333 595
16.55 592
16.5667 588
16.5833 585
16.6 581
16.6167 577
16.6333 574
16.65 570
16.6667 567
16.6833 563
16.7 559
16.7167 556
16.7333 552
16.75 548
16.7667 545
16.7833 541
16.8 537
16.8167 534
16.8333 530
16.85 526
16.8667 523
16.8833 519
16.9 515
16.9167 512
16.9333 508
16.95 504
16.9667 500
16.9833 497
