8.0 336
8.0167 339
8.0333 343
8.05 347
8.0667 350
8.0833 354
8.1 358
8.1167 361
8.1333 365
8.15 369
8.1667 373
8.1833 376
8.2 380
8.2167 384
8.2333 387
8.25 391
8.2667 395
8.2833 398
8.3 402
8.3167 406
8.3333 409
8.35 413
8.3667 417
8.3833 420
8.4 424
8.4167 427
8.4333 431
8.45 435
8.4667 438
8.4833 442
8.5 446
8.5167 449
8.5333 453
8.55 457
8.5667 460
8.5833 464
8.6 467
8.6167 471
8.6333 475
8.65 478
8.6667 482
8.6833 485
8.7 489
8.7167 492
8.7333 496
8.75 500
8.7667 503
8.7833 507
8.8 510
8.8167 514
8.8333 517
8.85 521
8.8667 524
8.8833 528
8.9 531
8.9167 535
8.9333 538
8.95 542
8.9667 545
8.9833 549
9.0 552
9.0167 555
9.0333 559
9.05 562
9.0667 565
9.0833 569
9.1 572
9.1167 576
9.1333 579
9.15 582
9.1667 586
9.1833 589
9.2 592
9.2167 596
9.2333 599
9.25 602
9.2667 606
9.2833 609
9.3 612
9.3167 616
9.3333 619
9.35 622
9.3667 625
9.3833 629
9.4 632
9.4167 635
9.4333 638
9.45 642
9.4667 645
9.4833 648
9.5 651
9.5167 654
9.5333 657
9.55 661
9.5667 664
9.5833 667
9.6 670
9.6167 673
9.6333 676
9.65 679
9.6667 682
9.6833 685
9.7 688
9.7167 691
9.7333 694
9.75 697
9.7667 700
9.7833 703
9.8 706
9.8167 709
9.8333 712
9.85 715
9.8667 718
9.8833 721
9.9 724
9.9167 727
9.9333 730
9.95 732
9.9667 735
9.9833 738
10.0 741
10.0167 744
10.0333 746
10.05 749
10.0667 752
10.0833 755
10.1 758
10.1167 760
10.1333 763
10.15 766
10.1667 768
10.1833 771
10.2 774
10.2167 776
10.2333 779
10.25 782
10.2667 784
10.2833 787
10.3 789
10.3167 792
10.3333 794
10.35 797
10.3667 799
10.3833 802
10.4 804
10.4167 807
10.4333 809
10.45 812
10.4667 814
10.4833 817
10.5 819
10.5167 821
10.5333 824
10.55 826
10.5667 828
10.5833 831
10.6 833
10.6167 835
10.6333 838
10.65 840
10.6667 842
10.6833 844
10.7 847
10.7167 849
10.7333 851
10.75 853
10.7667 855
10.7833 858
10.8 860
10.8167 862
10.8333 864
10.85 866
10.8667 868
10.8833 870
10.9 872
10.9167 874
10.9333 876
10.95 878
10.9667 880
10.9833 882
11.0 884
11.0167 886
11.0333 888
11.05 890
11.0667 891
11.0833 893
11.1 895
11.1167 897
11.1333 899
11.15 901
11.1667 902
11.1833 904
11.2 906
11.2167 908
11.2333 909
11.25 911
11.2667 913
11.2833 914
11.3 916
11.3167 917
11.3333 919
11.35 921
11.3667 922
11.3833 924
11.4 925
11.4167 927
11.4333 928
11.45 930
11.4667 931
11.4833 933
11.5 934
11.5167 936
11.5333 937
11.55 938
11.5667 940
11.5833 941
11.6 942
11.6167 944
11.6333 945
11.65 946
11.6667 947
11.6833 949
11.7 950
11.7167 951
11.7333 952
11.75 953
11.7667 955
11.7833 956
11.8 957
11.8167 958
11.8333 959
11.85 960
11.8667 961
11.8833 962
11.9 963
11.9167 964
11.9333 965
11.95 966
11.9667 967
11.9833 968
12.0 969
12.0167 970
12.0333 970
12.05 971
12.0667 972
12.0833 973
12.1 974
12.1167 974
12.1333 975
12.15 976
12.1667 977
12.1833 977
12.2 978
12.2167 979
12.2333 979
12.25 980
12.2667 980
12.2833 981
12.3 982
12.3167 982
12.3333 983
12.35 983
12.3667 984
12.3833 984
12.4 985
12.4167 985
12.4333 985
12.45 986
12.4667 986
12.4833 987
12.5 987
12.5167 987
12.5333 987
12.55 988
12.5667 988
12.5833 988
12.6 988
12.6167 989
12.6333 989
12.65 989
12.6667 989
12.6833 989
12.7 989
12.7167 990
12.7333 990
12.75 990
12.7667 990
12.7833 990
12.8 990
12.8167 990
12.8333 990
12.85 990
12.8667 990
12.8833 989
12.9 989
12.9167 989
12.9333 989
12.95 989
12.9667 989
12.9833 988
13.0 988
13.0167 988
13.0333 988
13.05 987
13.0667 987
13.0833 987
13.1 986
13.1167 986
13.1333 986
13.15 985
13.1667 985
13.1833 984
13.2 984
13.2167 984
13.2333 983
13.25 983
13.2667 982
13.2833 981
13.3 981
13.3167 980
13.3333 980
13.35 979
13.3667 978
13.3833 978
13.4 977
13.4167 976
13.4333 976
13.45 975
13.4667 974
13.4833 974
13.5 973
13.5167 972
13.5333 971
13.55 970
13.5667 969
13.5833 969
13.6 968
13.6167 967
13.6333 966
13.65 965
13.6667 964
13.6833 963
13.7 962
13.7167 961
13.7333 960
13.75 959
13.7667 958
13.7833 957
13.8 956
13.8167 954
13.8333 953
13.85 952
13.8667 951
13.8833 950
13.9 948
13.9167 947
13.9333 946
13.95 945
13.9667 943
13.9833 942
14.0 941
14.0167 939
14.0333 938
14.05 937
14.0667 935
14.0833 934
14.1 932
14.1167 931
14.1333 930
14.15 928
14.1667 927
14.1833 925
14.2 924
14.2167 922
14.2333 920
14.25 919
14.2667 917
14.2833 916
14.3 914
14.3167 912
14.3333 911
14.35 909
14.3667 907
14.3833 906
14.4 904
14.4167 902
14.4333 900
14.45 899
14.4667 897
14.4833 895
14.5 893
14.5167 891
14.5333 889
14.55 887
14.5667 886
14.5833 884
14.6 882
14.6167 880
14.6333 878
14.65 876
14.6667 874
14.6833 872
14.7 870
14.7167 868
14.7333 866
14.75 864
14.7667 861
14.7833 859
14.8 857
14.8167 855
14.8333 853
14.85 851
14.8667 849
14.8833 846
14.9 844
14.9167 842
14.9333 840
14.95 837
14.9667 835
14.9833 833
15.0 830
15.0167 828
15.0333 826
15.05 823
15.0667 821
15.0833 819
15.1 816
15.1167 814
15.1333 811
15.15 809
15.1667 807
15.1833 804
15.2 802
15.2167 799
15.2333 797
15.25 794
15.2667 791
15.2833 789
15.3 786
15.3167 784
15.3333 781
15.35 779
15.3667 776
15.3833 773
15.4 771
15.4167 768
15.4333 765
15.45 763
15.4667 760
15.4833 757
15.5 754
15.5167 752
15.5333 749
15.55 746
15.5667 743
15.5833 740
15.6 738
15.6167 735
15.6333 732
15.65 729
15.6667 726
15.6833 723
15.7 720
15.7167 718
15.7333 715
15.75 712
15.7667 709
15.7833 706
15.8 703
15.8167 700
15.8333 697
15.85 694
15.8667 691
15.8833 688
15.9 685
15.9167 682
15.9333 679
15.95 676
15.9667 672
15.9833 669
16.0 666
16.0167 663
16.0333 660
16.05 657
16.0667 654
16.0833 651
16.1 647
16.1167 644
16.1333 641
16.15 638
16.1667 635
16.1833 631
16.2 628
16.2167 625
16.2333 622
16.25 618
16.2667 615
16.2833 612
16.3 609
16.3167 605
16.3333 602
16.35 599
16.3667 595
16.3833 592
16.4 589
16.4167 585
16.4333 582
16.45 578
16.4667 575
16.4833 572
16.5 568
16.5167 565
16.5333 561
16.55 558
16.5667 555
16.5833 551
16.6 548
16.6167 544
16.6333 541
16.65 537
16.6667 534
16.6833 530
16.7 527
16.7167 523
16.7333 520
16.75 516
16.7667 513
16.7833 509
16.8 506
16.8167 502
16.8333 499
16.85 495
16.8667 492
16.8833 488
16.9 484
16.9167 481
16.9333 477
16.95 474
16.9667 470
16.9833 466
