8.0 277
8.0167 280
8.0333 284
8.05 287
8.0667 290
8.0833 294
8.1 297
8.1167 300
8.1333 304
8.15 307
8.1667 311
8.1833 314
8.2 317
8.2167 321
8.2333 324
8.25 327
8.2667 331
8.2833 334
8.3 338
8.3167 341
8.3333 344
8.35 348
8.3667 351
8.3833 354
8.4 358
8.4167 361
8.4333 365
8.45 368
8.4667 371
8.4833 375
8.5 378
8.5167 381
8.5333 385
8.55 388
8.5667 392
8.5833 395
8.6 398
8.6167 402
8.6333 405
8.65 408
8.6667 412
8.6833 415
8.7 418
8.7167 422
8.7333 425
8.75 428
8.7667 432
8.7833 435
8.8 438
8.8167 442
8.8333 445
8.85 448
8.8667 452
8.8833 455
8.9 458
8.9167 462
8.9333 465
8.95 468
8.9667 471
8.9833 475
9.0 478
9.0167 481
9.0333 484
9.05 488
9.0667 491
9.0833 494
9.1 497
9.1167 500
9.1333 504
9.15 507
9.1667 510
9.1833 513
9.2 516
9.2167 520
9.2333 523
9.25 526
9.2667 529
9.2833 532
9.3 535
9.3167 539
9.3333 542
9.35 545
9.3667 548
9.3833 551
9.4 554
9.4167 557
9.4333 560
9.45 563
9.4667 566
9.4833 569
9.5 573
9.5167 576
9.5333 579
9.55 582
9.5667 585
9.5833 588
9.6 591
9.6167 594
9.6333 596
9.65 599
9.6667 602
9.6833 605
9.7 608
9.7167 611
9.7333 614
9.75 617
9.7667 620
9.7833 623
9.8 626
9.8167 628
9.8333 631
9.85 634
9.8667 637
9.8833 640
9.9 643
9.9167 645
9.9333 648
9.95 651
9.9667 654
9.9833 656
10.0 659
10.0167 662
10.0333 664
10.05 667
10.0667 670
10.0833 672
10.1 675
10.1167 678
10.1333 680
10.15 683
10.1667 686
10.1833 688
10.2 691
10.2167 693
10.2333 696
10.25 698
10.2667 701
10.2833 703
10.3 706
10.3167 708
10.3333 711
10.35 713
10.3667 716
10.3833 718
10.4 721
10.4167 723
10.4333 725
10.45 728
10.4667 730
10.4833 732
10.5 735
10.5167 737
10.5333 739
10.55 742
10.5667 744
10.5833 746
10.6 749
10.6167 751
10.6333 753
10.65 755
10.6667 757
10.6833 760
10.7 762
10.7167 764
10.7333 766
10.75 768
10.7667 770
10.7833 772
10.8 774
10.8167 776
10.8333 778
10.85 780
10.8667 783
10.8833 784
10.9 786
10.9167 788
10.9333 790
10.95 792
10.9667 794
10.9833 796
11.0 798
11.0167 800
11.0333 802
11.05 804
11.0667 805
11.0833 807
11.1 809
11.1167 811
11.1333 813
11.15 814
11.1667 816
11.1833 818
11.2 819
11.2167 821
11.2333 823
11.25 824
11.2667 826
11.2833 828
11.3 829
11.3167 831
11.3333 832
11.35 834
11.3667 835
11.3833 837
11.4 838
11.4167 840
11.4333 841
11.45 843
11.4667 844
11.4833 846
11.5 847
11.5167 849
11.5333 850
11.55 851
11.5667 853
11.5833 854
11.6 855
11.6167 856
11.6333 858
11.65 859
11.6667 860
11.6833 861
11.7 863
11.7167 864
11.7333 865
11.75 866
11.7667 867
11.7833 868
11.8 869
11.8167 870
11.8333 871
11.85 873
11.8667 874
11.8833 875
11.9 876
11.9167 876
11.9333 877
11.95 878
11.9667 879
11.9833 880
12.0 881
12.0167 882
12.0333 883
12.05 884
12.0667 884
12.0833 885
12.1 886
12.1167 887
12.1333 887
12.15 888
12.1667 889
12.1833 889
12.2 890
12.2167 891
12.2333 891
12.25 892
12.2667 893
12.2833 893
12.3 894
12.3167 894
12.3333 895
12.35 895
12.3667 896
12.3833 896
12.4 897
12.4167 897
12.4333 898
12.45 898
12.4667 898
12.4833 899
12.5 899
12.5167 899
12.5333 900
12.55 900
12.5667 900
12.5833 900
12.6 901
12.6167 901
12.6333 901
12.65 901
12.6667 901
12.6833 901
12.7 902
12.7167 902
12.7333 902
12.75 902
12.7667 902
12.7833 902
12.8 902
12.8167 902
12.8333 902
12.85 902
12.8667 902
12.8833 902
12.9 901
12.9167 901
12.9333 901
12.95 901
12.9667 901
12.9833 901
13.0 900
13.0167 900
13.0333 900
13.05 900
13.0667 899
13.0833 899
13.1 899
13.1167 898
13.1333 898
13.15 898
13.1667 897
13.1833 897
13.2 896
13.2167 896
13.2333 896
13.25 895
13.2667 895
13.2833 894
13.3 893
13.3167 893
13.3333 892
13.35 892
13.3667 891
13.3833 890
13.4 890
13.4167 889
13.4333 888
13.45 888
13.4667 887
13.4833 886
13.5 885
13.5167 885
13.5333 884
13.55 883
13.5667 882
13.5833 881
13.6 881
13.6167 880
13.6333 879
13.65 878
13.6667 877
13.6833 876
13.7 875
13.7167 874
13.7333 873
13.75 872
13.7667 871
13.7833 870
13.8 869
13.8167 868
13.8333 867
13.85 865
13.8667 864
13.8833 863
13.9 862
13.9167 861
13.9333 859
13.95 858
13.9667 857
13.9833 856
14.0 854
14.0167 853
14.0333 852
14.05 850
14.0667 849
14.0833 848
14.1 846
14.1167 845
14.1333 844
14.15 842
14.1667 841
14.1833 839
14.2 838
14.2167 836
14.2333 835
14.25 833
14.2667 832
14.2833 830
14.3 828
14.3167 827
14.3333 825
14.35 824
14.3667 822
14.3833 820
14.4 819
14.4167 817
14.4333 815
14.45 813
14.4667 812
14.4833 810
14.5 808
14.5167 806
14.5333 804
14.55 803
14.5667 801
14.5833 799
14.6 797
14.6167 795
14.6333 793
14.65 791
14.6667 789
14.6833 787
14.7 785
14.7167 783
14.7333 781
14.75 779
14.7667 777
14.7833 775
14.8 773
14.8167 771
14.8333 769
14.85 767
14.8667 765
14.8833 763
14.9 761
14.9167 758
14.9333 756
14.95 754
14.9667 752
14.9833 750
15.0 747
15.0167 745
15.0333 743
15.05 740
15.0667 738
15.0833 736
15.1 733
15.1167 731
15.1333 729
15.15 726
15.1667 724
15.1833 722
15.2 719
15.2167 717
15.2333 714
15.25 712
15.2667 709
15.2833 707
15.3 704
15.3167 702
15.3333 699
15.35 697
15.3667 694
15.3833 692
15.4 689
15.4167 687
15.4333 684
15.45 681
15.4667 679
15.4833 676
15.5 674
15.5167 671
15.5333 668
15.55 666
15.5667 663
15.5833 660
15.6 657
15.6167 655
15.6333 652
15.65 649
15.6667 646
15.6833 644
15.7 641
15.7167 638
15.7333 635
15.75 632
15.7667 630
15.7833 627
15.8 624
15.8167 621
15.8333 618
15.85 615
15.8667 612
15.8833 609
15.9 607
15.9167 604
15.9333 601
15.95 598
15.9667 595
15.9833 592
16.0 589
16.0167 586
16.0333 583
16.05 580
16.0667 577
16.0833 574
16.1 571
16.1167 568
16.1333 565
16.15 562
16.1667 558
16.1833 555
16.2 552
16.2167 549
16.2333 546
16.25 543
16.2667 540
16.2833 537
16.3 534
16.3167 530
16.3333 527
16.35 524
16.3667 521
16.3833 518
16.4 515
16.4167 511
16.4333 508
16.45 505
16.4667 502
16.4833 499
16.5 495
16.5167 492
16.5333 489
16.55 486
16.5667 482
16.5833 479
16.6 476
16.6167 473
16.6333 469
16.65 466
16.6667 463
16.6833 459
16.7 456
16.7167 453
16.7333 449
16.75 446
16.7667 443
16.7833 440
16.8 436
16.8167 433
16.8333 430
16.85 426
16.8667 423
16.8833 420
16.9 416
16.9167 413
16.9333 409
16.95 406
16.9667 403
16.9833 399
