8.0 334
8.0167 337
8.0333 341
8.05 345
8.0667 349
8.0833 352
8.1 356
8.1167 360
8.1333 363
8.15 367
8.1667 371
8.1833 374
8.2 378
8.2167 382
8.2333 385
8.25 389
8.2667 393
8.2833 396
8.3 400
8.3167 404
8.3333 407
8.35 411
8.3667 415
8.3833 418
8.4 422
8.4167 426
8.4333 429
8.45 433
8.4667 437
8.4833 440
8.5 444
8.5167 447
8.5333 451
8.55 455
8.5667 458
8.5833 462
8.6 466
8.6167 469
8.6333 473
8.65 476
8.6667 480
8.6833 483
8.7 487
8.7167 491
8.7333 494
8.75 498
8.7667 501
8.7833 505
8.8 508
8.8167 512
8.8333 515
8.85 519
8.8667 522
8.8833 526
8.9 529
8.9167 533
8.9333 536
8.95 540
8.9667 543
8.9833 547
9.0 550
9.0167 553
9.0333 557
9.05 560
9.0667 564
9.0833 567
9.1 571
9.1167 574
9.1333 577
9.15 581
9.1667 584
9.1833 587
9.2 591
9.2167 594
9.2333 597
9.25 601
9.2667 604
9.2833 607
9.3 611
9.3167 614
9.3333 617
9.35 620
9.3667 624
9.3833 627
9.4 630
9.4167 633
9.4333 637
9.45 640
9.4667 643
9.4833 646
9.5 649
9.5167 653
9.5333 656
9.55 659
9.5667 662
9.5833 665
9.6 668
9.6167 671
9.6333 674
9.65 678
9.6667 681
9.6833 684
9.7 687
9.7167 690
9.7333 693
9.75 696
9.7667 699
9.7833 702
9.8 705
9.8167 708
9.8333 711
9.85 714
9.8667 716
9.8833 719
9.9 722
9.9167 725
9.9333 728
9.95 731
9.9667 734
9.9833 737
10.0 739
10.0167 742
10.0333 745
10.05 748
10.0667 750
10.0833 753
10.1 756
10.1167 759
10.1333 761
10.15 764
10.1667 767
10.1833 769
10.2 772
10.2167 775
10.2333 777
10.25 780
10.2667 783
10.2833 785
10.3 788
10.3167 790
10.3333 793
10.35 795
10.3667 798
10.3833 800
10.4 803
10.4167 805
10.4333 808
10.45 810
10.4667 813
10.4833 815
10.5 818
10.5167 820
10.5333 822
10.55 825
10.5667 827
10.5833 829
10.6 832
10.6167 834
10.6333 836
10.65 839
10.6667 841
10.6833 843
10.7 845
10.7167 847
10.7333 850
10.75 852
10.7667 854
10.7833 856
10.8 858
10.8167 860
10.8333 862
10.85 865
10.8667 867
10.8833 869
10.9 871
10.9167 873
10.9333 875
10.95 877
10.9667 879
10.9833 881
11.0 883
11.0167 884
11.0333 886
11.05 888
11.0667 890
11.0833 892
11.1 894
11.1167 896
11.1333 897
11.15 899
11.1667 901
11.1833 903
11.2 905
11.2167 906
11.2333 908
11.25 910
11.2667 911
11.2833 913
11.3 915
11.3167 916
11.3333 918
11.35 919
11.3667 921
11.3833 923
11.4 924
11.4167 926
11.4333 927
11.45 929
11.4667 930
11.4833 931
11.5 933
11.5167 934
11.5333 936
11.55 937
11.5667 938
11.5833 940
11.6 941
11.6167 942
11.6333 944
11.65 945
11.6667 946
11.6833 947
11.7 949
11.7167 950
11.7333 951
11.75 952
11.7667 953
11.7833 954
11.8 956
11.8167 957
11.8333 958
11.85 959
11.8667 960
11.8833 961
11.9 962
11.9167 963
11.9333 964
11.95 965
11.9667 966
11.9833 967
12.0 968
12.0167 968
12.0333 969
12.05 970
12.0667 971
12.0833 972
12.1 972
12.1167 973
12.1333 974
12.15 975
12.1667 975
12.1833 976
12.2 977
12.2167 977
12.2333 978
12.25 979
12.2667 979
12.2833 980
12.3 980
12.3167 981
12.3333 982
12.35 982
12.3667 983
12.3833 983
12.4 983
12.4167 984
12.4333 984
12.45 985
12.4667 985
12.4833 985
12.5 986
12.5167 986
12.5333 986
12.55 987
12.5667 987
12.5833 987
12.6 987
12.6167 988
12.6333 988
12.65 988
12.6667 988
12.6833 988
12.7 988
12.7167 988
12.7333 989
12.75 989
12.7667 989
12.7833 989
12.8 989
12.8167 989
12.8333 989
12.85 989
12.8667 988
12.8833 988
12.9 988
12.9167 988
12.9333 988
12.95 988
12.9667 988
12.9833 987
13.0 987
13.0167 987
13.0333 987
13.05 986
13.0667 986
13.0833 986
13.1 985
13.1167 985
13.1333 985
13.15 984
13.1667 984
13.1833 983
13.2 983
13.2167 983
13.2333 982
13.25 982
13.2667 981
13.2833 980
13.3 980
13.3167 979
13.3333 979
13.35 978
13.3667 977
13.3833 977
13.4 976
13.4167 975
13.4333 975
13.45 974
13.4667 973
13.4833 973
13.5 972
13.5167 971
13.5333 970
13.55 969
13.5667 968
13.5833 968
13.6 967
13.6167 966
13.6333 965
13.65 964
13.6667 963
13.6833 962
13.7 961
13.7167 960
13.7333 959
13.75 958
13.7667 957
13.7833 956
13.8 955
13.8167 953
13.8333 952
13.85 951
13.8667 950
13.8833 949
13.9 947
13.9167 946
13.9333 945
13.95 944
13.9667 942
13.9833 941
14.0 940
14.0167 938
14.0333 937
14.05 936
14.0667 934
14.0833 933
14.1 932
14.1167 930
14.1333 929
14.15 927
14.1667 926
14.1833 924
14.2 923
14.2167 921
14.2333 919
14.25 918
14.2667 916
14.2833 915
14.3 913
14.3167 911
14.3333 910
14.35 908
14.3667 906
14.3833 905
14.4 903
14.4167 901
14.4333 899
14.45 898
14.4667 896
14.4833 894
14.5 892
14.5167 890
14.5333 888
14.55 886
14.5667 885
14.5833 883
14.6 881
14.6167 879
14.6333 877
14.65 875
14.6667 873
14.6833 871
14.7 869
14.7167 867
14.7333 865
14.75 863
14.7667 860
14.7833 858
14.8 856
14.8167 854
14.8333 852
14.85 850
14.8667 848
14.8833 845
14.9 843
14.9167 841
14.9333 839
14.95 836
14.9667 834
14.9833 832
15.0 829
15.0167 827
15.0333 825
15.05 822
15.0667 820
15.0833 818
15.1 815
15.1167 813
15.1333 810
15.15 808
15.1667 805
15.1833 803
15.2 801
15.2167 798
15.2333 795
15.25 793
15.2667 790
15.2833 788
15.3 785
15.3167 783
15.3333 780
15.35 777
15.3667 775
15.3833 772
15.4 770
15.4167 767
15.4333 764
15.45 761
15.4667 759
15.4833 756
15.5 753
15.5167 751
15.5333 748
15.55 745
15.5667 742
15.5833 739
15.6 737
15.6167 734
15.6333 731
15.65 728
15.6667 725
15.6833 722
15.7 719
15.7167 716
15.7333 714
15.75 711
15.7667 708
15.7833 705
15.8 702
15.8167 699
15.8333 696
15.85 693
15.8667 690
15.8833 687
15.9 684
15.9167 681
15.9333 678
15.95 674
15.9667 671
15.9833 668
16.0 665
16.0167 662
16.0333 659
16.05 656
16.0667 653
16.0833 649
16.1 646
16.1167 643
16.1333 640
16.15 637
16.1667 633
16.1833 630
16.2 627
16.2167 624
16.2333 621
16.25 617
16.2667 614
16.2833 611
16.3 607
16.3167 604
16.3333 601
16.35 597
16.3667 594
16.3833 591
16.4 587
16.4167 584
16.4333 581
16.45 577
16.4667 574
16.4833 571
16.5 567
16.5167 564
16.5333 560
16.55 557
16.5667 553
16.5833 550
16.6 547
16.6167 543
16.6333 540
16.65 536
16.6667 533
16.6833 529
16.7 526
16.7167 522
16.7333 519
16.75 515
16.7667 512
16.7833 508
16.8 505
16.8167 501
16.8333 497
16.85 494
16.8667 490
16.8833 487
16.9 483
16.9167 480
16.9333 476
16.95 472
16.9667 469
16.9833 465
