8.0 265
8.0167 268
8.0333 272
8.05 276
8.0667 279
8.0833 283
8.1 287
8.1167 290
8.1333 294
8.15 298
8.1667 302
8.1833 305
8.2 309
8.2167 313
8.2333 316
8.25 320
8.2667 324
8.2833 328
8.3 331
8.3167 335
8.3333 339
8.35 342
8.3667 346
8.3833 350
8.4 354
8.4167 357
8.4333 361
8.45 365
8.4667 368
8.4833 372
8.5 376
8.5167 379
8.5333 383
8.55 387
8.5667 391
8.5833 394
8.6 398
8.6167 402
8.6333 405
8.65 409
8.6667 413
8.6833 416
8.7 420
8.7167 424
8.7333 427
8.75 431
8.7667 435
8.7833 438
8.8 442
8.8167 445
8.8333 449
8.85 453
8.8667 456
8.8833 460
8.9 463
8.9167 467
8.9333 471
8.95 474
8.9667 478
8.9833 481
9.0 485
9.0167 488
9.0333 492
9.05 495
9.0667 499
9.0833 502
9.1 506
9.1167 509
9.1333 513
9.15 516
9.1667 520
9.1833 523
9.2 526
9.2167 530
9.2333 533
9.25 537
9.2667 540
9.2833 544
9.3 547
9.3167 550
9.3333 554
9.35 557
9.3667 560
9.3833 564
9.4 567
9.4167 570
9.4333 574
9.45 577
9.4667 580
9.4833 584
9.5 587
9.5167 590
9.5333 593
9.55 597
9.5667 600
9.5833 603
9.6 606
9.6167 609
9.6333 613
9.65 616
9.6667 619
9.6833 622
9.7 625
9.7167 628
9.7333 631
9.75 635
9.7667 638
9.7833 641
9.8 644
9.8167 647
9.8333 650
9.85 653
9.8667 656
9.8833 659
9.9 662
9.9167 665
9.9333 668
9.95 671
9.9667 674
9.9833 676
10.0 679
10.0167 682
10.0333 685
10.05 688
10.0667 691
10.0833 694
10.1 696
10.1167 699
10.1333 702
10.15 705
10.1667 708
10.1833 710
10.2 713
10.2167 716
10.2333 718
10.25 721
10.2667 724
10.2833 726
10.3 729
10.3167 732
10.3333 734
10.35 737
10.3667 740
10.3833 742
10.4 745
10.4167 747
10.4333 750
10.45 752
10.4667 755
10.4833 757
10.5 760
10.5167 762
10.5333 764
10.55 767
10.5667 769
10.5833 772
10.6 774
10.6167 776
10.6333 779
10.65 781
10.6667 783
10.6833 785
10.7 788
10.7167 790
10.7333 792
10.75 794
10.7667 797
10.7833 799
10.8 801
10.8167 803
10.8333 805
10.85 807
10.8667 809
10.8833 812
10.9 814
10.9167 816
10.9333 818
10.95 820
10.9667 822
10.9833 824
11.0 826
11.0167 827
11.0333 829
11.05 831
11.0667 833
11.0833 835
11.1 837
11.1167 839
11.1333 841
11.15 842
11.1667 844
11.1833 846
11.2 848
11.2167 849
11.2333 851
11.25 853
11.2667 854
11.2833 856
11.3 858
11.3167 859
11.3333 861
11.35 862
11.3667 864
11.3833 866
11.4 867
11.4167 869
11.4333 870
11.45 871
11.4667 873
11.4833 874
11.5 876
11.5167 877
11.5333 879
11.55 880
11.5667 881
11.5833 883
11.6 884
11.6167 885
11.6333 886
11.65 888
11.6667 889
11.6833 890
11.7 891
11.7167 892
11.7333 894
11.75 895
11.7667 896
11.7833 897
11.8 898
11.8167 899
11.8333 900
11.85 901
11.8667 902
11.8833 903
11.9 904
11.9167 905
11.9333 906
11.95 907
11.9667 908
11.9833 908
12.0 909
12.0167 910
12.0333 911
12.05 912
12.0667 912
12.0833 913
12.1 914
12.1167 914
12.1333 915
12.15 916
12.1667 916
12.1833 917
12.2 918
12.2167 918
12.2333 919
12.25 919
12.2667 920
12.2833 920
12.3 921
12.3167 921
12.3333 922
12.35 922
12.3667 923
12.3833 923
12.4 923
12.4167 924
12.4333 924
12.45 924
12.4667 925
12.4833 925
12.5 925
12.5167 925
12.5333 926
12.55 926
12.5667 926
12.5833 926
12.6 926
12.6167 926
12.6333 926
12.65 926
12.6667 926
12.6833 926
12.7 926
12.7167 926
12.7333 926
12.75 926
12.7667 926
12.7833 926
12.8 926
12.8167 926
12.8333 926
12.85 926
12.8667 925
12.8833 925
12.9 925
12.9167 925
12.9333 924
12.95 924
12.9667 924
12.9833 923
13.0 923
13.0167 923
13.0333 922
13.05 922
13.0667 921
13.0833 921
13.1 921
13.1167 920
13.1333 920
13.15 919
13.1667 918
13.1833 918
13.2 917
13.2167 917
13.2333 916
13.25 915
13.2667 915
13.2833 914
13.3 913
13.3167 913
13.3333 912
13.35 911
13.3667 910
13.3833 909
13.4 909
13.4167 908
13.4333 907
13.45 906
13.4667 905
13.4833 904
13.5 903
13.5167 902
13.5333 901
13.55 900
13.5667 899
13.5833 898
13.6 897
13.6167 896
13.6333 895
13.65 894
13.6667 893
13.6833 892
13.7 890
13.7167 889
13.7333 888
13.75 887
13.7667 886
13.7833 884
13.8 883
13.8167 882
13.8333 880
13.85 879
13.8667 878
13.8833 876
13.9 875
13.9167 873
13.9333 872
13.95 871
13.9667 869
13.9833 868
14.0 866
14.0167 864
14.0333 863
14.05 861
14.0667 860
14.0833 858
14.1 857
14.1167 855
14.1333 853
14.15 852
14.1667 850
14.1833 848
14.2 846
14.2167 845
14.2333 843
14.25 841
14.2667 839
14.2833 837
14.3 836
14.3167 834
14.3333 832
14.35 830
14.3667 828
14.3833 826
14.4 824
14.4167 822
14.4333 820
14.45 818
14.4667 816
14.4833 814
14.5 812
14.5167 810
14.5333 808
14.55 806
14.5667 804
14.5833 802
14.6 800
14.6167 797
14.6333 795
14.65 793
14.6667 791
14.6833 789
14.7 786
14.7167 784
14.7333 782
14.75 779
14.7667 777
14.7833 775
14.8 772
14.8167 770
14.8333 768
14.85 765
14.8667 763
14.8833 760
14.9 758
14.9167 755
14.9333 753
14.95 751
14.9667 748
14.9833 745
15.0 742
15.0167 740
15.0333 737
15.05 735
15.0667 732
15.0833 729
15.1 727
15.1167 724
15.1333 721
15.15 719
15.1667 716
15.1833 713
15.2 711
15.2167 708
15.2333 705
15.25 702
15.2667 699
15.2833 697
15.3 694
15.3167 691
15.3333 688
15.35 685
15.3667 682
15.3833 680
15.4 677
15.4167 674
15.4333 671
15.45 668
15.4667 665
15.4833 662
15.5 659
15.5167 656
15.5333 653
15.55 650
15.5667 647
15.5833 644
15.6 641
15.6167 638
15.6333 635
15.65 632
15.6667 629
15.6833 625
15.7 622
15.7167 619
15.7333 616
15.75 613
15.7667 610
15.7833 607
15.8 603
15.8167 600
15.8333 597
15.85 594
15.8667 590
15.8833 587
15.9 584
15.9167 581
15.9333 577
15.95 574
15.9667 571
15.9833 567
16.0 564
16.0167 561
16.0333 557
16.05 554
16.0667 551
16.0833 547
16.1 544
16.1167 540
16.1333 537
16.15 534
16.1667 530
16.1833 527
16.2 523
16.2167 520
16.2333 516
16.25 513
16.2667 509
16.2833 506
16.3 502
16.3167 499
16.3333 495
16.35 492
16.3667 488
16.3833 485
16.4 481
16.4167 478
16.4333 474
16.45 471
16.4667 467
16.4833 463
16.5 460
16.5167 456
16.5333 453
16.55 449
16.5667 445
16.5833 442
16.6 438
16.6167 435
16.6333 431
16.65 427
16.6667 424
16.6833 420
16.7 416
16.7167 413
16.7333 409
16.75 405
16.7667 402
16.7833 398
16.8 394
16.8167 391
16.8333 387
16.85 383
16.8667 380
16.8833 376
16.9 372
16.9167 368
16.9333 365
16.95 361
16.9667 357
16.9833 354
