8.0 276
8.0167 280
8.0333 284
8.05 287
8.0667 291
8.0833 295
8.1 298
8.1167 302
8.1333 306
8.15 309
8.1667 313
8.1833 317
8.2 320
8.2167 324
8.2333 328
8.25 331
8.2667 335
8.2833 339
8.3 342
8.3167 346
8.3333 350
8.35 354
8.3667 357
8.3833 361
8.4 365
8.4167 368
8.4333 372
8.45 376
8.4667 379
8.4833 383
8.5 387
8.5167 390
8.5333 394
8.55 398
8.5667 401
8.5833 405
8.6 409
8.6167 412
8.6333 416
8.65 420
8.6667 423
8.6833 427
8.7 431
8.7167 434
8.7333 438
8.75 441
8.7667 445
8.7833 449
8.8 452
8.8167 456
8.8333 459
8.85 463
8.8667 467
8.8833 470
8.9 474
8.9167 477
8.9333 481
8.95 484
8.9667 488
8.9833 491
9.0 495
9.0167 498
9.0333 502
9.05 505
9.0667 509
9.0833 512
9.1 516
9.1167 519
9.1333 523
9.15 526
9.1667 530
9.1833 533
9.2 536
9.2167 540
9.2333 543
9.25 547
9.2667 550
9.2833 553
9.3 557
9.3167 560
9.3333 564
9.35 567
9.3667 570
9.3833 574
9.4 577
9.4167 580
9.4333 583
9.45 587
9.4667 590
9.4833 593
9.5 597
9.5167 600
9.5333 603
9.55 606
9.5667 609
9.5833 613
9.6 616
9.6167 619
9.6333 622
9.65 625
9.6667 629
9.6833 632
9.7 635
9.7167 638
9.7333 641
9.75 644
9.7667 647
9.7833 650
9.8 653
9.8167 656
9.8333 659
9.85 662
9.8667 665
9.8833 668
9.9 671
9.9167 674
9.9333 677
9.95 680
9.9667 683
9.9833 686
10.0 689
10.0167 692
10.0333 695
10.05 697
10.0667 700
10.0833 703
10.1 706
10.1167 709
10.1333 711
10.15 714
10.1667 717
10.1833 720
10.2 723
10.2167 725
10.2333 728
10.25 731
10.2667 733
10.2833 736
10.3 739
10.3167 741
10.3333 744
10.35 746
10.3667 749
10.3833 752
10.4 754
10.4167 757
10.4333 759
10.45 762
10.4667 764
10.4833 767
10.5 769
10.5167 772
10.5333 774
10.55 776
10.5667 779
10.5833 781
10.6 784
10.6167 786
10.6333 788
10.65 791
10.6667 793
10.6833 795
10.7 797
10.7167 800
10.7333 802
10.75 804
10.7667 806
10.7833 809
10.8 811
10.8167 813
10.8333 815
10.85 817
10.8667 819
10.8833 821
10.9 823
10.9167 826
10.9333 828
10.95 830
10.9667 832
10.9833 834
11.0 836
11.0167 838
11.0333 840
11.05 841
11.0667 843
11.0833 845
11.1 847
11.1167 849
11.1333 851
11.15 853
11.1667 854
11.1833 856
11.2 858
11.2167 860
11.2333 861
11.25 863
11.2667 865
11.2833 867
11.3 868
11.3167 870
11.3333 871
11.35 873
11.3667 875
11.3833 876
11.4 878
11.4167 879
11.4333 881
11.45 882
11.4667 884
11.4833 885
11.5 887
11.5167 888
11.5333 890
11.55 891
11.5667 892
11.5833 894
11.6 895
11.6167 896
11.6333 898
11.65 899
11.6667 900
11.6833 901
11.7 903
11.7167 904
11.7333 905
11.75 906
11.7667 907
11.7833 909
11.8 910
11.8167 911
11.8333 912
11.85 913
11.8667 914
11.8833 915
11.9 916
11.9167 917
11.9333 918
11.95 919
11.9667 920
11.9833 921
12.0 921
12.0167 922
12.0333 923
12.05 924
12.0667 925
12.0833 926
12.1 926
12.1167 927
12.1333 928
12.15 929
12.1667 929
12.1833 930
12.2 931
12.2167 931
12.2333 932
12.25 932
12.2667 933
12.2833 934
12.3 934
12.3167 935
12.3333 935
12.35 936
12.3667 936
12.3833 936
12.4 937
12.4167 937
12.4333 938
12.45 938
12.4667 938
12.4833 939
12.5 939
12.5167 939
12.5333 940
12.55 940
12.5667 940
12.5833 940
12.6 940
12.6167 941
12.6333 941
12.65 941
12.6667 941
12.6833 941
12.7 941
12.7167 941
12.7333 941
12.75 941
12.7667 941
12.7833 941
12.8 941
12.8167 941
12.8333 941
12.85 941
12.8667 941
12.8833 941
12.9 940
12.9167 940
12.9333 940
12.95 940
12.9667 940
12.9833 939
13.0 939
13.0167 939
13.0333 938
13.05 938
13.0667 938
13.0833 937
13.1 937
13.1167 936
13.1333 936
13.15 936
13.1667 935
13.1833 935
13.2 934
13.2167 934
13.2333 933
13.25 932
13.2667 932
13.2833 931
13.3 931
13.3167 930
13.3333 929
13.35 929
13.3667 928
13.3833 927
13.4 926
13.4167 926
13.4333 925
13.45 924
13.4667 923
13.4833 922
13.5 921
13.5167 921
13.5333 920
13.55 919
13.5667 918
13.5833 917
13.6 916
13.6167 915
13.6333 914
13.65 913
13.6667 912
13.6833 911
13.7 910
13.7167 908
13.7333 907
13.75 906
13.7667 905
13.7833 904
13.8 903
13.8167 901
13.8333 900
13.85 899
13.8667 898
13.8833 896
13.9 895
13.9167 894
13.9333 892
13.95 891
13.9667 890
13.9833 888
14.0 887
14.0167 885
14.0333 884
14.05 882
14.0667 881
14.0833 879
14.1 878
14.1167 876
14.1333 875
14.15 873
14.1667 871
14.1833 870
14.2 868
14.2167 866
14.2333 865
14.25 863
14.2667 861
14.2833 860
14.3 858
14.3167 856
14.3333 854
14.35 853
14.3667 851
14.3833 849
14.4 847
14.4167 845
14.4333 843
14.45 841
14.4667 839
14.4833 837
14.5 836
14.5167 834
14.5333 832
14.55 830
14.5667 827
14.5833 825
14.6 823
14.6167 821
14.6333 819
14.65 817
14.6667 815
14.6833 813
14.7 811
14.7167 808
14.7333 806
14.75 804
14.7667 802
14.7833 800
14.8 797
14.8167 795
14.8333 793
14.85 790
14.8667 788
14.8833 786
14.9 783
14.9167 781
14.9333 779
14.95 776
14.9667 774
14.9833 771
15.0 769
15.0167 766
15.0333 764
15.05 761
15.0667 759
15.0833 756
15.1 753
15.1167 751
15.1333 748
15.15 746
15.1667 743
15.1833 741
15.2 738
15.2167 735
15.2333 733
15.25 730
15.2667 727
15.2833 725
15.3 722
15.3167 719
15.3333 716
15.35 714
15.3667 711
15.3833 708
15.4 705
15.4167 702
15.4333 700
15.45 697
15.4667 694
15.4833 691
15.5 688
15.5167 685
15.5333 682
15.55 679
15.5667 676
15.5833 674
15.6 671
15.6167 668
15.6333 665
15.65 662
15.6667 659
15.6833 656
15.7 652
15.7167 649
15.7333 646
15.75 643
15.7667 640
15.7833 637
15.8 634
15.8167 631
15.8333 628
15.85 625
15.8667 621
15.8833 618
15.9 615
15.9167 612
15.9333 609
15.95 605
15.9667 602
15.9833 599
16.0 596
16.0167 593
16.0333 589
16.05 586
16.0667 583
16.0833 579
16.1 576
16.1167 573
16.1333 569
16.15 566
16.1667 563
16.1833 559
16.2 556
16.2167 553
16.2333 549
16.25 546
16.2667 542
16.2833 539
16.3 536
16.3167 532
16.3333 529
16.35 525
16.3667 522
16.3833 518
16.4 515
16.4167 511
16.4333 508
16.45 504
16.4667 501
16.4833 497
16.5 494
16.5167 490
16.5333 487
16.55 483
16.5667 480
16.5833 476
16.6 473
16.6167 469
16.6333 465
16.65 462
16.6667 458
16.6833 455
16.7 451
16.7167 447
16.7333 444
16.75 440
16.7667 437
16.7833 433
16.8 429
16.8167 426
16.8333 422
16.85 418
16.8667 415
16.8833 411
16.9 408
16.9167 404
16.9333 400
16.95 397
16.9667 393
16.9833 389
