8.0 292
8.0167 296
8.0333 299
8.05 303
8.0667 307
8.0833 310
8.1 314
8.1167 318
8.1333 321
8.15 325
8.1667 328
8.1833 332
8.2 336
8.2167 339
8.2333 343
8.25 347
8.2667 350
8.2833 354
8.3 358
8.3167 361
8.3333 365
8.35 369
8.3667 372
8.3833 376
8.4 380
8.4167 383
8.4333 387
8.45 391
8.4667 394
8.4833 398
8.5 401
8.5167 405
8.5333 409
8.55 412
8.5667 416
8.5833 420
8.6 423
8.6167 427
8.6333 430
8.65 434
8.6667 438
8.6833 441
8.7 445
8.7167 448
8.7333 452
8.75 456
8.7667 459
8.7833 463
8.8 466
8.8167 470
8.8333 473
8.85 477
8.8667 480
8.8833 484
8.9 487
8.9167 491
8.9333 494
8.95 498
8.9667 501
8.9833 505
9.0 508
9.0167 512
9.0333 515
9.05 519
9.0667 522
9.0833 526
9.1 529
9.1167 532
9.1333 536
9.15 539
9.1667 543
9.1833 546
9.2 549
9.2167 553
9.2333 556
9.25 560
9.2667 563
9.2833 566
9.3 570
9.3167 573
9.3333 576
9.35 580
9.3667 583
9.3833 586
9.4 589
9.4167 593
9.4333 596
9.45 599
9.4667 602
9.4833 606
9.5 609
9.5167 612
9.5333 615
9.55 618
9.5667 622
9.5833 625
9.6 628
9.6167 631
9.6333 634
9.65 637
9.6667 640
9.6833 644
9.7 647
9.7167 650
9.7333 653
9.75 656
9.7667 659
9.7833 662
9.8 665
9.8167 668
9.8333 671
9.85 674
9.8667 677
9.8833 680
9.9 683
9.9167 686
9.9333 689
9.95 692
9.9667 694
9.9833 697
10.0 700
10.0167 703
10.0333 706
10.05 709
10.0667 712
10.0833 714
10.1 717
10.1167 720
10.1333 723
10.15 725
10.1667 728
10.1833 731
10.2 734
10.2167 736
10.2333 739
10.25 742
10.2667 744
10.2833 747
10.3 750
10.3167 752
10.3333 755
10.35 757
10.3667 760
10.3833 762
10.4 765
10.4167 768
10.4333 770
10.45 773
10.4667 775
10.4833 777
10.5 780
10.5167 782
10.5333 785
10.55 787
10.5667 790
10.5833 792
10.6 794
10.6167 797
10.6333 799
10.65 801
10.6667 804
10.6833 806
10.7 808
10.7167 810
10.7333 813
10.75 815
10.7667 817
10.7833 819
10.8 821
10.8167 823
10.8333 826
10.85 828
10.8667 830
10.8833 832
10.9 834
10.9167 836
10.9333 838
10.95 840
10.9667 842
10.9833 844
11.0 846
11.0167 848
11.0333 850
11.05 852
11.0667 854
11.0833 856
11.1 858
11.1167 859
11.1333 861
11.15 863
11.1667 865
11.1833 867
11.2 868
11.2167 870
11.2333 872
11.25 874
11.2667 875
11.2833 877
11.3 879
11.3167 880
11.3333 882
11.35 884
11.3667 885
11.3833 887
11.4 888
11.4167 890
11.4333 891
11.45 893
11.4667 894
11.4833 896
11.5 897
11.5167 899
11.5333 900
11.55 902
11.5667 903
11.5833 904
11.6 906
11.6167 907
11.6333 908
11.65 910
11.6667 911
11.6833 912
11.7 913
11.7167 915
11.7333 916
11.75 917
11.7667 918
11.7833 919
11.8 921
11.8167 922
11.8333 923
11.85 924
11.8667 925
11.8833 926
11.9 927
11.9167 928
11.9333 929
11.95 930
11.9667 931
11.9833 932
12.0 933
12.0167 934
12.0333 934
12.05 935
12.0667 936
12.0833 937
12.1 938
12.1167 938
12.1333 939
12.15 940
12.1667 941
12.1833 941
12.2 942
12.2167 943
12.2333 943
12.25 944
12.2667 945
12.2833 945
12.3 946
12.3167 946
12.3333 947
12.35 947
12.3667 948
12.3833 948
12.4 949
12.4167 949
12.4333 950
12.45 950
12.4667 950
12.4833 951
12.5 951
12.5167 951
12.5333 952
12.55 952
12.5667 952
12.5833 953
12.6 953
12.6167 953
12.6333 953
12.65 953
12.6667 954
12.6833 954
12.7 954
12.7167 954
12.7333 954
12.75 954
12.7667 954
12.7833 954
12.8 954
12.8167 954
12.8333 954
12.85 954
12.8667 954
12.8833 954
12.9 954
12.9167 953
12.9333 953
12.95 953
12.9667 953
12.9833 953
13.0 952
13.0167 952
13.0333 952
13.05 952
13.0667 951
13.0833 951
13.1 951
13.1167 950
13.1333 950
13.15 949
13.1667 949
13.1833 949
13.2 948
13.2167 948
13.2333 947
13.25 947
13.2667 946
13.2833 946
13.3 945
13.3167 944
13.3333 944
13.35 943
13.3667 942
13.3833 942
13.4 941
13.4167 940
13.4333 940
13.45 939
13.4667 938
13.4833 937
13.5 937
13.5167 936
13.5333 935
13.55 934
13.5667 933
13.5833 932
13.6 931
13.6167 930
13.6333 929
13.65 928
13.6667 927
13.6833 926
13.7 925
13.7167 924
13.7333 923
13.75 922
13.7667 921
13.7833 920
13.8 919
13.8167 918
13.8333 916
13.85 915
13.8667 914
13.8833 913
13.9 912
13.9167 910
13.9333 909
13.95 908
13.9667 906
13.9833 905
14.0 904
14.0167 902
14.0333 901
14.05 900
14.0667 898
14.0833 897
14.1 895
14.1167 894
14.1333 892
14.15 891
14.1667 889
14.1833 888
14.2 886
14.2167 884
14.2333 883
14.25 881
14.2667 880
14.2833 878
14.3 876
14.3167 875
14.3333 873
14.35 871
14.3667 869
14.3833 868
14.4 866
14.4167 864
14.4333 862
14.45 860
14.4667 859
14.4833 857
14.5 855
14.5167 853
14.5333 851
14.55 849
14.5667 847
14.5833 845
14.6 843
14.6167 841
14.6333 839
14.65 837
14.6667 835
14.6833 833
14.7 831
14.7167 829
14.7333 827
14.75 825
14.7667 822
14.7833 820
14.8 818
14.8167 816
14.8333 814
14.85 811
14.8667 809
14.8833 807
14.9 805
14.9167 802
14.9333 800
14.95 798
14.9667 795
14.9833 793
15.0 790
15.0167 788
15.0333 786
15.05 783
15.0667 781
15.0833 778
15.1 776
15.1167 773
15.1333 771
15.15 768
15.1667 766
15.1833 763
15.2 761
15.2167 758
15.2333 756
15.25 753
15.2667 751
15.2833 748
15.3 745
15.3167 743
15.3333 740
15.35 737
15.3667 735
15.3833 732
15.4 729
15.4167 726
15.4333 724
15.45 721
15.4667 718
15.4833 715
15.5 713
15.5167 710
15.5333 707
15.55 704
15.5667 701
15.5833 698
15.6 696
15.6167 693
15.6333 690
15.65 687
15.6667 684
15.6833 681
15.7 678
15.7167 675
15.7333 672
15.75 669
15.7667 666
15.7833 663
15.8 660
15.8167 657
15.8333 654
15.85 651
15.8667 648
15.8833 645
15.9 642
15.9167 639
15.9333 635
15.95 632
15.9667 629
15.9833 626
16.0 623
16.0167 620
16.0333 616
16.05 613
16.0667 610
16.0833 607
16.1 604
16.1167 600
16.1333 597
16.15 594
16.1667 591
16.1833 587
16.2 584
16.2167 581
16.2333 577
16.25 574
16.2667 571
16.2833 567
16.3 564
16.3167 561
16.3333 557
16.35 554
16.3667 551
16.3833 547
16.4 544
16.4167 540
16.4333 537
16.45 534
16.4667 530
16.4833 527
16.5 523
16.5167 520
16.5333 516
16.55 513
16.5667 509
16.5833 506
16.6 503
16.6167 499
16.6333 496
16.65 492
16.6667 488
16.6833 485
16.7 481
16.7167 478
16.7333 474
16.75 471
16.7667 467
16.7833 464
16.8 460
16.8167 457
16.8333 453
16.85 449
16.8667 446
16.8833 442
16.9 439
16.9167 435
16.9333 431
16.95 428
16.9667 424
16.9833 421
