8.0 242
8.0167 245
8.0333 248
8.05 252
8.0667 255
8.0833 258
8.1 262
8.1167 265
8.1333 268
8.15 272
8.1667 275
8.1833 278
8.2 282
8.2167 285
8.2333 288
8.25 292
8.2667 295
8.2833 298
8.3 302
8.3167 305
8.3333 309
8.35 312
8.3667 315
8.3833 319
8.4 322
8.4167 326
8.4333 329
8.45 332
8.4667 336
8.4833 339
8.5 342
8.5167 346
8.5333 349
8.55 353
8.5667 356
8.5833 359
8.6 363
8.6167 366
8.6333 370
8.65 373
8.6667 376
8.6833 380
8.7 383
8.7167 386
8.7333 390
8.75 393
8.7667 397
8.7833 400
8.8 403
8.8167 407
8.8333 410
8.85 413
8.8667 417
8.8833 420
8.9 423
8.9167 427
8.9333 430
8.95 433
8.9667 437
8.9833 440
9.0 443
9.0167 446
9.0333 450
9.05 453
9.0667 456
9.0833 460
9.1 463
9.1167 466
9.1333 469
9.15 473
9.1667 476
9.1833 479
9.2 482
9.2167 486
9.2333 489
9.25 492
9.2667 495
9.2833 498
9.3 502
9.3167 505
9.3333 508
9.35 511
9.3667 514
9.3833 517
9.4 521
9.4167 524
9.4333 527
9.45 530
9.4667 533
9.4833 536
9.5 539
9.5167 542
9.5333 545
9.55 549
9.5667 552
9.5833 555
9.6 558
9.6167 561
9.6333 564
9.65 567
9.6667 570
9.6833 573
9.7 576
9.7167 579
9.7333 582
9.75 585
9.7667 588
9.7833 590
9.8 593
9.8167 596
9.8333 599
9.85 602
9.8667 605
9.8833 608
9.9 611
9.9167 613
9.9333 616
9.95 619
9.9667 622
9.9833 625
10.0 627
10.0167 630
10.0333 633
10.05 636
10.0667 638
10.0833 641
10.1 644
10.1167 646
10.1333 649
10.15 652
10.1667 654
10.1833 657
10.2 660
10.2167 662
10.2333 665
10.25 668
10.2667 670
10.2833 673
10.3 675
10.3167 678
10.3333 680
10.35 683
10.3667 685
10.3833 688
10.4 690
10.4167 693
10.4333 695
10.45 697
10.4667 700
10.4833 702
10.5 705
10.5167 707
10.5333 709
10.55 712
10.5667 714
10.5833 716
10.6 719
10.6167 721
10.6333 723
10.65 725
10.6667 728
10.6833 730
10.7 732
10.7167 734
10.7333 736
10.75 739
10.7667 741
10.7833 743
10.8 745
10.8167 747
10.8333 749
10.85 751
10.8667 753
10.8833 755
10.9 757
10.9167 759
10.9333 761
10.95 763
10.9667 765
10.9833 767
11.0 769
11.0167 771
11.0333 773
11.05 775
11.0667 776
11.0833 778
11.1 780
11.1167 782
11.1333 784
11.15 785
11.1667 787
11.1833 789
11.2 791
11.2167 792
11.2333 794
11.25 796
11.2667 797
11.2833 799
11.3 801
11.3167 802
11.3333 804
11.35 805
11.3667 807
11.3833 808
11.4 810
11.4167 812
11.4333 813
11.45 814
11.4667 816
11.4833 817
11.5 819
11.5167 820
11.5333 822
11.55 823
11.5667 824
11.5833 826
11.6 827
11.6167 828
11.6333 829
11.65 831
11.6667 832
11.6833 833
11.7 834
11.7167 835
11.7333 837
11.75 838
11.7667 839
11.7833 840
11.8 841
11.8167 842
11.8333 843
11.85 844
11.8667 845
11.8833 846
11.9 847
11.9167 848
11.9333 849
11.95 850
11.9667 851
11.9833 852
12.0 853
12.0167 854
12.0333 854
12.05 855
12.0667 856
12.0833 857
12.1 858
12.1167 858
12.1333 859
12.15 860
12.1667 861
12.1833 861
12.2 862
12.2167 862
12.2333 863
12.25 864
12.2667 864
12.2833 865
12.3 865
12.3167 866
12.3333 866
12.35 867
12.3667 867
12.3833 868
12.4 868
12.4167 869
12.4333 869
12.45 869
12.4667 870
12.4833 870
12.5 870
12.5167 871
12.5333 871
12.55 871
12.5667 871
12.5833 872
12.6 872
12.6167 872
12.6333 872
12.65 872
12.6667 872
12.6833 873
12.7 873
12.7167 873
12.7333 873
12.75 873
12.7667 873
12.7833 873
12.8 873
12.8167 873
12.8333 873
12.85 873
12.8667 872
12.8833 872
12.9 872
12.9167 872
12.9333 872
12.95 872
12.9667 871
12.9833 871
13.0 871
13.0167 871
13.0333 870
13.05 870
13.0667 870
13.0833 869
13.1 869
13.1167 869
13.1333 868
13.15 868
13.1667 867
13.1833 867
13.2 866
13.2167 866
13.2333 865
13.25 865
13.2667 864
13.2833 864
13.3 863
13.3167 862
13.3333 862
13.35 861
13.3667 861
13.3833 860
13.4 859
13.4167 858
13.4333 858
13.45 857
13.4667 856
13.4833 855
13.5 855
13.5167 854
13.5333 853
13.55 852
13.5667 851
13.5833 850
13.6 849
13.6167 848
13.6333 847
13.65 846
13.6667 845
13.6833 844
13.7 843
13.7167 842
13.7333 841
13.75 840
13.7667 839
13.7833 838
13.8 837
13.8167 836
13.8333 834
13.85 833
13.8667 832
13.8833 831
13.9 829
13.9167 828
13.9333 827
13.95 826
13.9667 824
13.9833 823
14.0 822
14.0167 820
14.0333 819
14.05 817
14.0667 816
14.0833 815
14.1 813
14.1167 812
14.1333 810
14.15 809
14.1667 807
14.1833 806
14.2 804
14.2167 802
14.2333 801
14.25 799
14.2667 798
14.2833 796
14.3 794
14.3167 792
14.3333 791
14.35 789
14.3667 787
14.3833 786
14.4 784
14.4167 782
14.4333 780
14.45 778
14.4667 777
14.4833 775
14.5 773
14.5167 771
14.5333 769
14.55 767
14.5667 765
14.5833 763
14.6 761
14.6167 759
14.6333 757
14.65 755
14.6667 753
14.6833 751
14.7 749
14.7167 747
14.7333 745
14.75 743
14.7667 741
14.7833 739
14.8 737
14.8167 734
14.8333 732
14.85 730
14.8667 728
14.8833 726
14.9 723
14.9167 721
14.9333 719
14.95 716
14.9667 714
14.9833 712
15.0 709
15.0167 707
15.0333 704
15.05 702
15.0667 700
15.0833 697
15.1 695
15.1167 692
15.1333 690
15.15 687
15.1667 685
15.1833 682
15.2 680
15.2167 677
15.2333 675
15.25 672
15.2667 670
15.2833 667
15.3 665
15.3167 662
15.3333 659
15.35 657
15.3667 654
15.3833 652
15.4 649
15.4167 646
15.4333 644
15.45 641
15.4667 638
15.4833 635
15.5 633
15.5167 630
15.5333 627
15.55 624
15.5667 622
15.5833 619
15.6 616
15.6167 613
15.6333 610
15.65 607
15.6667 605
15.6833 602
15.7 599
15.7167 596
15.7333 593
15.75 590
15.7667 587
15.7833 584
15.8 581
15.8167 578
15.8333 575
15.85 572
15.8667 569
15.8833 566
15.9 563
15.9167 560
15.9333 557
15.95 554
15.9667 551
15.9833 548
16.0 545
16.0167 542
16.0333 539
16.05 536
16.0667 533
16.0833 530
16.1 527
16.1167 523
16.1333 520
16.15 517
16.1667 514
16.1833 511
16.2 508
16.2167 505
16.2333 501
16.25 498
16.2667 495
16.2833 492
16.3 489
16.3167 485
16.3333 482
16.35 479
16.3667 476
16.3833 472
16.4 469
16.4167 466
16.4333 463
16.45 459
16.4667 456
16.4833 453
16.5 449
16.5167 446
16.5333 443
16.55 439
16.5667 436
16.5833 433
16.6 429
16.6167 426
16.6333 423
16.65 419
16.6667 416
16.6833 413
16.7 409
16.7167 406
16.7333 403
16.75 399
16.7667 396
16.7833 393
16.8 389
16.8167 386
16.8333 383
16.85 379
16.8667 376
16.8833 372
16.9 369
16.9167 366
16.9333 362
16.95 359
16.9667 355
16.9833 352
