8.0 356
8.0167 360
8.0333 364
8.05 368
8.0667 372
8.0833 376
8.1 380
8.1167 384
8.1333 388
8.15 392
8.1667 396
8.1833 400
8.2 404
8.2167 408
8.2333 412
8.25 416
8.2667 420
8.2833 423
8.3 427
8.3167 431
8.3333 435
8.35 439
8.3667 443
8.3833 447
8.4 451
8.4167 455
8.4333 459
8.45 463
8.4667 467
8.4833 470
8.5 474
8.5167 478
8.5333 482
8.55 486
8.5667 490
8.5833 494
8.6 497
8.6167 501
8.6333 505
8.65 509
8.6667 513
8.6833 517
8.7 520
8.7167 524
8.7333 528
8.75 532
8.7667 535
8.7833 539
8.8 543
8.8167 547
8.8333 550
8.85 554
8.8667 558
8.8833 562
8.9 565
8.9167 569
8.9333 573
8.95 576
8.9667 580
8.9833 584
9.0 587
9.0167 591
9.0333 594
9.05 598
9.0667 602
9.0833 605
9.1 609
9.1167 613
9.1333 616
9.15 620
9.1667 623
9.1833 627
9.2 630
9.2167 634
9.2333 637
9.25 641
9.2667 644
9.2833 648
9.3 651
9.3167 655
9.3333 658
9.35 662
9.3667 665
9.3833 669
9.4 672
9.4167 675
9.4333 679
9.45 682
9.4667 685
9.4833 689
9.5 692
9.5167 696
9.5333 699
9.55 702
9.5667 705
9.5833 709
9.6 712
9.6167 715
9.6333 718
9.65 722
9.6667 725
9.6833 728
9.7 731
9.7167 735
9.7333 738
9.75 741
9.7667 744
9.7833 747
9.8 750
9.8167 753
9.8333 756
9.85 760
9.8667 763
9.8833 766
9.9 769
9.9167 772
9.9333 775
9.95 778
9.9667 781
9.9833 784
10.0 787
10.0167 790
10.0333 793
10.05 795
10.0667 798
10.0833 801
10.1 804
10.1167 807
10.1333 810
10.15 813
10.1667 815
10.1833 818
10.2 821
10.2167 824
10.2333 827
10.25 829
10.2667 832
10.2833 835
10.3 837
10.3167 840
10.3333 843
10.35 845
10.3667 848
10.3833 851
10.4 853
10.4167 856
10.4333 858
10.45 861
10.4667 864
10.4833 866
10.5 869
10.5167 871
10.5333 874
10.55 876
10.5667 878
10.5833 881
10.6 883
10.6167 886
10.6333 888
10.65 890
10.6667 893
10.6833 895
10.7 897
10.7167 900
10.7333 902
10.75 904
10.7667 907
10.7833 909
10.8 911
10.8167 913
10.8333 915
10.85 918
10.8667 920
10.8833 922
10.9 924
10.9167 926
10.9333 928
10.95 930
10.9667 932
10.9833 934
11.0 936
11.0167 938
11.0333 940
11.05 942
11.0667 944
11.0833 946
11.1 948
11.1167 950
11.1333 952
11.15 954
11.1667 956
11.1833 957
11.2 959
11.2167 961
11.2333 963
11.25 965
11.2667 966
11.2833 968
11.3 970
11.3167 971
11.3333 973
11.35 975
11.3667 976
11.3833 978
11.4 980
11.4167 981
11.4333 983
11.45 984
11.4667 986
11.4833 987
11.5 989
11.5167 990
11.5333 992
11.55 993
11.5667 994
11.5833 996
11.6 997
11.6167 999
11.6333 1000
11.65 1001
11.6667 1003
11.6833 1004
11.7 1005
11.7167 1006
11.7333 1008
11.75 1009
11.7667 1010
11.7833 1011
11.8 1012
11.8167 1013
11.8333 1015
11.85 1016
11.8667 1017
11.8833 1018
11.9 1019
11.9167 1020
11.9333 1021
11.95 1022
11.9667 1023
11.9833 1024
12.0 1025
12.0167 1026
12.0333 1026
12.05 1027
12.0667 1028
12.0833 1029
12.1 1030
12.1167 1031
12.1333 1031
12.15 1032
12.1667 1033
12.1833 1033
12.2 1034
12.2167 1035
12.2333 1036
12.25 1036
12.2667 1037
12.2833 1037
12.3 1038
12.3167 1038
12.3333 1039
12.35 1040
12.3667 1040
12.3833 1041
12.4 1041
12.4167 1041
12.4333 1042
12.45 1042
12.4667 1043
12.4833 1043
12.5 1043
12.5167 1044
12.5333 1044
12.55 1044
12.5667 1044
12.5833 1045
12.6 1045
12.6167 1045
12.6333 1045
12.65 1046
12.6667 1046
12.6833 1046
12.7 1046
12.7167 1046
12.7333 1046
12.75 1046
12.7667 1046
12.7833 1046
12.8 1046
12.8167 1046
12.8333 1046
12.85 1046
12.8667 1046
12.8833 1046
12.9 1046
12.9167 1046
12.9333 1045
12.95 1045
12.9667 1045
12.9833 1045
13.0 1044
13.0167 1044
13.0333 1044
13.05 1044
13.0667 1043
13.0833 1043
13.1 1043
13.1167 1042
13.1333 1042
13.15 1041
13.1667 1041
13.1833 1041
13.2 1040
13.2167 1040
13.2333 1039
13.25 1038
13.2667 1038
13.2833 1037
13.3 1037
13.3167 1036
13.3333 1036
13.35 1035
13.3667 1034
13.3833 1033
13.4 1033
13.4167 1032
13.4333 1031
13.45 1031
13.4667 1030
13.4833 1029
13.5 1028
13.5167 1027
13.5333 1026
13.55 1026
13.5667 1025
13.5833 1024
13.6 1023
13.6167 1022
13.6333 1021
13.65 1020
13.6667 1019
13.6833 1018
13.7 1017
13.7167 1016
13.7333 1015
13.75 1013
13.7667 1012
13.7833 1011
13.8 1010
13.8167 1009
13.8333 1008
13.85 1006
13.8667 1005
13.8833 1004
13.9 1003
13.9167 1001
13.9333 1000
13.95 999
13.9667 997
13.9833 996
14.0 994
14.0167 993
14.0333 992
14.05 990
14.0667 989
14.0833 987
14.1 986
14.1167 984
14.1333 983
14.15 981
14.1667 980
14.1833 978
14.2 976
14.2167 975
14.2333 973
14.25 971
14.2667 970
14.2833 968
14.3 966
14.3167 965
14.3333 963
14.35 961
14.3667 959
14.3833 957
14.4 956
14.4167 954
14.4333 952
14.45 950
14.4667 948
14.4833 946
14.5 944
14.5167 942
14.5333 940
14.55 938
14.5667 936
14.5833 934
14.6 932
14.6167 930
14.6333 928
14.65 926
14.6667 924
14.6833 922
14.7 920
14.7167 918
14.7333 915
14.75 913
14.7667 911
14.7833 909
14.8 907
14.8167 904
14.8333 902
14.85 900
14.8667 897
14.8833 895
14.9 893
14.9167 890
14.9333 888
14.95 886
14.9667 883
14.9833 881
15.0 878
15.0167 876
15.0333 873
15.05 871
15.0667 868
15.0833 866
15.1 863
15.1167 861
15.1333 858
15.15 856
15.1667 853
15.1833 850
15.2 848
15.2167 845
15.2333 842
15.25 840
15.2667 837
15.2833 834
15.3 832
15.3167 829
15.3333 826
15.35 823
15.3667 821
15.3833 818
15.4 815
15.4167 812
15.4333 809
15.45 807
15.4667 804
15.4833 801
15.5 798
15.5167 795
15.5333 792
15.55 789
15.5667 786
15.5833 783
15.6 780
15.6167 777
15.6333 774
15.65 771
15.6667 768
15.6833 765
15.7 762
15.7167 759
15.7333 756
15.75 753
15.7667 750
15.7833 747
15.8 744
15.8167 740
15.8333 737
15.85 734
15.8667 731
15.8833 728
15.9 725
15.9167 721
15.9333 718
15.95 715
15.9667 712
15.9833 708
16.0 705
16.0167 702
16.0333 698
16.05 695
16.0667 692
16.0833 688
16.1 685
16.1167 682
16.1333 678
16.15 675
16.1667 672
16.1833 668
16.2 665
16.2167 661
16.2333 658
16.25 654
16.2667 651
16.2833 647
16.3 644
16.3167 640
16.3333 637
16.35 633
16.3667 630
16.3833 626
16.4 623
16.4167 619
16.4333 616
16.45 612
16.4667 608
16.4833 605
16.5 601
16.5167 598
16.5333 594
16.55 590
16.5667 587
16.5833 583
16.6 579
16.6167 576
16.6333 572
16.65 568
16.6667 565
16.6833 561
16.7 557
16.7167 553
16.7333 550
16.75 546
16.7667 542
16.7833 539
16.8 535
16.8167 531
16.8333 527
16.85 523
16.8667 520
16.8833 516
16.9 512
16.9167 508
16.9333 504
16.95 501
16.9667 497
16.9833 493
