8.0 311
8.0167 315
8.0333 319
8.05 323
8.0667 327
8.0833 331
8.1 335
8.1167 339
8.1333 342
8.15 346
8.1667 350
8.1833 354
8.2 358
8.2167 362
8.2333 366
8.25 370
8.2667 374
8.2833 377
8.3 381
8.3167 385
8.3333 389
8.35 393
8.3667 397
8.3833 401
8.4 404
8.4167 408
8.4333 412
8.45 416
8.4667 420
8.4833 424
8.5 428
8.5167 431
8.5333 435
8.55 439
8.5667 443
8.5833 447
8.6 450
8.6167 454
8.6333 458
8.65 462
8.6667 466
8.6833 469
8.7 473
8.7167 477
8.7333 481
8.75 484
8.7667 488
8.7833 492
8.8 496
8.8167 499
8.8333 503
8.85 507
8.8667 510
8.8833 514
8.9 518
8.9167 521
8.9333 525
8.95 529
8.9667 532
8.9833 536
9.0 540
9.0167 543
9.0333 547
9.05 550
9.0667 554
9.0833 557
9.1 561
9.1167 565
9.1333 568
9.15 572
9.1667 575
9.1833 579
9.2 582
9.2167 586
9.2333 589
9.25 593
9.2667 596
9.2833 600
9.3 603
9.3167 607
9.3333 610
9.35 614
9.3667 617
9.3833 620
9.4 624
9.4167 627
9.4333 631
9.45 634
9.4667 637
9.4833 641
9.5 644
9.5167 647
9.5333 651
9.55 654
9.5667 657
9.5833 660
9.6 664
9.6167 667
9.6333 670
9.65 673
9.6667 677
9.6833 680
9.7 683
9.7167 686
9.7333 689
9.75 693
9.7667 696
9.7833 699
9.8 702
9.8167 705
9.8333 708
9.85 711
9.8667 714
9.8833 717
9.9 720
9.9167 723
9.9333 726
9.95 729
9.9667 732
9.9833 735
10.0 738
10.0167 741
10.0333 744
10.05 747
10.0667 750
10.0833 753
10.1 756
10.1167 759
10.1333 761
10.15 764
10.1667 767
10.1833 770
10.2 773
10.2167 775
10.2333 778
10.25 781
10.2667 784
10.2833 786
10.3 789
10.3167 792
10.3333 794
10.35 797
10.3667 800
10.3833 802
10.4 805
10.4167 807
10.4333 810
10.45 812
10.4667 815
10.4833 818
10.5 820
10.5167 823
10.5333 825
10.55 827
10.5667 830
10.5833 832
10.6 835
10.6167 837
10.6333 839
10.65 842
10.6667 844
10.6833 847
10.7 849
10.7167 851
10.7333 853
10.75 856
10.7667 858
10.7833 860
10.8 862
10.8167 865
10.8333 867
10.85 869
10.8667 871
10.8833 873
10.9 875
10.9167 877
10.9333 879
10.95 881
10.9667 884
10.9833 886
11.0 888
11.0167 890
11.0333 892
11.05 893
11.0667 895
11.0833 897
11.1 899
11.1167 901
11.1333 903
11.15 905
11.1667 907
11.1833 908
11.2 910
11.2167 912
11.2333 914
11.25 916
11.2667 917
11.2833 919
11.3 921
11.3167 922
11.3333 924
11.35 926
11.3667 927
11.3833 929
11.4 930
11.4167 932
11.4333 933
11.45 935
11.4667 937
11.4833 938
11.5 939
11.5167 941
11.5333 942
11.55 944
11.5667 945
11.5833 947
11.6 948
11.6167 949
11.6333 951
11.65 952
11.6667 953
11.6833 954
11.7 956
11.7167 957
11.7333 958
11.75 959
11.7667 960
11.7833 962
11.8 963
11.8167 964
11.8333 965
11.85 966
11.8667 967
11.8833 968
11.9 969
11.9167 970
11.9333 971
11.95 972
11.9667 973
11.9833 974
12.0 975
12.0167 976
12.0333 976
12.05 977
12.0667 978
12.0833 979
12.1 980
12.1167 980
12.1333 981
12.15 982
12.1667 983
12.1833 983
12.2 984
12.2167 985
12.2333 985
12.25 986
12.2667 986
12.2833 987
12.3 988
12.3167 988
12.3333 989
12.35 989
12.3667 990
12.3833 990
12.4 990
12.4167 991
12.4333 991
12.45 992
12.4667 992
12.4833 992
12.5 993
12.5167 993
12.5333 993
12.55 993
12.5667 994
12.5833 994
12.6 994
12.6167 994
12.6333 994
12.65 995
12.6667 995
12.6833 995
12.7 995
12.7167 995
12.7333 995
12.75 995
12.7667 995
12.7833 995
12.8 995
12.8167 995
12.8333 995
12.85 995
12.8667 994
12.8833 994
12.9 994
12.9167 994
12.9333 994
12.95 994
12.9667 993
12.9833 993
13.0 993
13.0167 992
13.0333 992
13.05 992
13.0667 991
13.0833 991
13.1 991
13.1167 990
13.1333 990
13.15 989
13.1667 989
13.1833 988
13.2 988
13.2167 987
13.2333 987
13.25 986
13.2667 986
13.2833 985
13.3 984
13.3167 984
13.3333 983
13.35 982
13.3667 982
13.3833 981
13.4 980
13.4167 979
13.4333 978
13.45 978
13.4667 977
13.4833 976
13.5 975
13.5167 974
13.5333 973
13.55 972
13.5667 971
13.5833 970
13.6 969
13.6167 968
13.6333 967
13.65 966
13.6667 965
13.6833 964
13.7 963
13.7167 962
13.7333 961
13.75 960
13.7667 959
13.7833 957
13.8 956
13.8167 955
13.8333 954
13.85 952
13.8667 951
13.8833 950
13.9 948
13.9167 947
13.9333 946
13.95 944
13.9667 943
13.9833 941
14.0 940
14.0167 939
14.0333 937
14.05 936
14.0667 934
14.0833 933
14.1 931
14.1167 929
14.1333 928
14.15 926
14.1667 925
14.1833 923
14.2 921
14.2167 920
14.2333 918
14.25 916
14.2667 914
14.2833 913
14.3 911
14.3167 909
14.3333 907
14.35 906
14.3667 904
14.3833 902
14.4 900
14.4167 898
14.4333 896
14.45 894
14.4667 892
14.4833 890
14.5 888
14.5167 886
14.5333 884
14.55 882
14.5667 880
14.5833 878
14.6 876
14.6167 874
14.6333 872
14.65 870
14.6667 868
14.6833 865
14.7 863
14.7167 861
14.7333 859
14.75 857
14.7667 854
14.7833 852
14.8 850
14.8167 847
14.8333 845
14.85 843
14.8667 840
14.8833 838
14.9 836
14.9167 833
14.9333 831
14.95 828
14.9667 826
14.9833 824
15.0 821
15.0167 818
15.0333 816
15.05 813
15.0667 810
15.0833 808
15.1 805
15.1167 803
15.1333 800
15.15 797
15.1667 795
15.1833 792
15.2 790
15.2167 787
15.2333 784
15.25 781
15.2667 779
15.2833 776
15.3 773
15.3167 770
15.3333 768
15.35 765
15.3667 762
15.3833 759
15.4 756
15.4167 753
15.4333 751
15.45 748
15.4667 745
15.4833 742
15.5 739
15.5167 736
15.5333 733
15.55 730
15.5667 727
15.5833 724
15.6 721
15.6167 718
15.6333 715
15.65 712
15.6667 709
15.6833 706
15.7 703
15.7167 700
15.7333 696
15.75 693
15.7667 690
15.7833 687
15.8 684
15.8167 681
15.8333 677
15.85 674
15.8667 671
15.8833 668
15.9 664
15.9167 661
15.9333 658
15.95 655
15.9667 651
15.9833 648
16.0 645
16.0167 641
16.0333 638
16.05 635
16.0667 631
16.0833 628
16.1 625
16.1167 621
16.1333 618
16.15 614
16.1667 611
16.1833 608
16.2 604
16.2167 601
16.2333 597
16.25 594
16.2667 590
16.2833 587
16.3 583
16.3167 580
16.3333 576
16.35 573
16.3667 569
16.3833 565
16.4 562
16.4167 558
16.4333 555
16.45 551
16.4667 547
16.4833 544
16.5 540
16.5167 537
16.5333 533
16.55 529
16.5667 526
16.5833 522
16.6 518
16.6167 515
16.6333 511
16.65 507
16.6667 504
16.6833 500
16.7 496
16.7167 492
16.7333 489
16.75 485
16.7667 481
16.7833 477
16.8 474
16.8167 470
16.8333 466
16.85 462
16.8667 459
16.8833 455
16.9 451
16.9167 447
16.9333 443
16.95 440
16.9667 436
16.9833 432
