8.0 321
8.0167 325
8.0333 329
8.05 333
8.0667 337
8.0833 341
8.1 345
8.1167 349
8.1333 353
8.15 357
8.1667 361
8.1833 365
8.2 369
8.2167 373
8.2333 377
8.25 381
8.2667 385
8.2833 388
8.3 392
8.3167 396
8.3333 400
8.35 404
8.3667 408
8.3833 412
8.4 416
8.4167 420
8.4333 424
8.45 428
8.4667 432
8.4833 435
8.5 439
8.5167 443
8.5333 447
8.55 451
8.5667 455
8.5833 459
8.6 462
8.6167 466
8.6333 470
8.65 474
8.6667 478
8.6833 482
8.7 485
8.7167 489
8.7333 493
8.75 497
8.7667 501
8.7833 504
8.8 508
8.8167 512
8.8333 516
8.85 519
8.8667 523
8.8833 527
8.9 531
8.9167 534
8.9333 538
8.95 542
8.9667 545
8.9833 549
9.0 553
9.0167 556
9.0333 560
9.05 563
9.0667 567
9.0833 571
9.1 574
9.1167 578
9.1333 581
9.15 585
9.1667 589
9.1833 592
9.2 596
9.2167 599
9.2333 603
9.25 606
9.2667 610
9.2833 613
9.3 617
9.3167 620
9.3333 624
9.35 627
9.3667 631
9.3833 634
9.4 638
9.4167 641
9.4333 644
9.45 648
9.4667 651
9.4833 655
9.5 658
9.5167 661
9.5333 665
9.55 668
9.5667 671
9.5833 674
9.6 678
9.6167 681
9.6333 684
9.65 688
9.6667 691
9.6833 694
9.7 697
9.7167 700
9.7333 704
9.75 707
9.7667 710
9.7833 713
9.8 716
9.8167 719
9.8333 722
9.85 726
9.8667 729
9.8833 732
9.9 735
9.9167 738
9.9333 741
9.95 744
9.9667 747
9.9833 750
10.0 753
10.0167 756
10.0333 759
10.05 762
10.0667 764
10.0833 767
10.1 770
10.1167 773
10.1333 776
10.15 779
10.1667 782
10.1833 784
10.2 787
10.2167 790
10.2333 793
10.25 796
10.2667 798
10.2833 801
10.3 804
10.3167 806
10.3333 809
10.35 812
10.3667 814
10.3833 817
10.4 820
10.4167 822
10.4333 825
10.45 827
10.4667 830
10.4833 832
10.5 835
10.5167 837
10.5333 840
10.55 842
10.5667 845
10.5833 847
10.6 850
10.6167 852
10.6333 854
10.65 857
10.6667 859
10.6833 861
10.7 864
10.7167 866
10.7333 868
10.75 871
10.7667 873
10.7833 875
10.8 877
10.8167 880
10.8333 882
10.85 884
10.8667 886
10.8833 888
10.9 890
10.9167 892
10.9333 895
10.95 897
10.9667 899
10.9833 901
11.0 903
11.0167 905
11.0333 907
11.05 909
11.0667 911
11.0833 912
11.1 914
11.1167 916
11.1333 918
11.15 920
11.1667 922
11.1833 924
11.2 925
11.2167 927
11.2333 929
11.25 931
11.2667 932
11.2833 934
11.3 936
11.3167 937
11.3333 939
11.35 941
11.3667 942
11.3833 944
11.4 946
11.4167 947
11.4333 949
11.45 950
11.4667 952
11.4833 953
11.5 955
11.5167 956
11.5333 958
11.55 959
11.5667 960
11.5833 962
11.6 963
11.6167 964
11.6333 966
11.65 967
11.6667 968
11.6833 970
11.7 971
11.7167 972
11.7333 973
11.75 974
11.7667 976
11.7833 977
11.8 978
11.8167 979
11.8333 980
11.85 981
11.8667 982
11.8833 983
11.9 984
11.9167 985
11.9333 986
11.95 987
11.9667 988
11.9833 989
12.0 990
12.0167 991
12.0333 992
12.05 992
12.0667 993
12.0833 994
12.1 995
12.1167 996
12.1333 996
12.15 997
12.1667 998
12.1833 998
12.2 999
12.2167 1000
12.2333 1000
12.25 1001
12.2667 1001
12.2833 1002
12.3 1003
12.3167 1003
12.3333 1004
12.35 1004
12.3667 1005
12.3833 1005
12.4 1005
12.4167 1006
12.4333 1006
12.45 1007
12.4667 1007
12.4833 1007
12.5 1008
12.5167 1008
12.5333 1008
12.55 1008
12.5667 1009
12.5833 1009
12.6 1009
12.6167 1009
12.6333 1009
12.65 1009
12.6667 1009
12.6833 1010
12.7 1010
12.7167 1010
12.7333 1010
12.75 1010
12.7667 1010
12.7833 1010
12.8 1010
12.8167 1010
12.8333 1009
12.85 1009
12.8667 1009
12.8833 1009
12.9 1009
12.9167 1009
12.9333 1008
12.95 1008
12.9667 1008
12.9833 1008
13.0 1007
13.0167 1007
13.0333 1007
13.05 1006
13.0667 1006
13.0833 1006
13.1 1005
13.1167 1005
13.1333 1004
13.15 1004
13.1667 1003
13.1833 1003
13.2 1002
13.2167 1002
13.2333 1001
13.25 1001
13.2667 1000
13.2833 999
13.3 999
13.3167 998
13.3333 997
13.35 997
13.3667 996
13.3833 995
13.4 994
13.4167 994
13.4333 993
13.45 992
13.4667 991
13.4833 990
13.5 989
13.5167 988
13.5333 988
13.55 987
13.5667 986
13.5833 985
13.6 984
13.6167 983
13.6333 982
13.65 981
13.6667 979
13.6833 978
13.7 977
13.7167 976
13.7333 975
13.75 974
13.7667 973
13.7833 971
13.8 970
13.8167 969
13.8333 968
13.85 966
13.8667 965
13.8833 964
13.9 962
13.9167 961
13.9333 960
13.95 958
13.9667 957
13.9833 955
14.0 954
14.0167 952
14.0333 951
14.05 949
14.0667 948
14.0833 946
14.1 945
14.1167 943
14.1333 942
14.15 940
14.1667 938
14.1833 937
14.2 935
14.2167 933
14.2333 932
14.25 930
14.2667 928
14.2833 926
14.3 924
14.3167 923
14.3333 921
14.35 919
14.3667 917
14.3833 915
14.4 913
14.4167 911
14.4333 910
14.45 908
14.4667 906
14.4833 904
14.5 902
14.5167 900
14.5333 898
14.55 895
14.5667 893
14.5833 891
14.6 889
14.6167 887
14.6333 885
14.65 883
14.6667 881
14.6833 878
14.7 876
14.7167 874
14.7333 872
14.75 869
14.7667 867
14.7833 865
14.8 863
14.8167 860
14.8333 858
14.85 856
14.8667 853
14.8833 851
14.9 848
14.9167 846
14.9333 844
14.95 841
14.9667 839
14.9833 836
15.0 833
15.0167 831
15.0333 828
15.05 825
15.0667 823
15.0833 820
15.1 818
15.1167 815
15.1333 812
15.15 810
15.1667 807
15.1833 804
15.2 802
15.2167 799
15.2333 796
15.25 794
15.2667 791
15.2833 788
15.3 785
15.3167 782
15.3333 780
15.35 777
15.3667 774
15.3833 771
15.4 768
15.4167 765
15.4333 762
15.45 759
15.4667 757
15.4833 754
15.5 751
15.5167 748
15.5333 745
15.55 742
15.5667 739
15.5833 736
15.6 733
15.6167 729
15.6333 726
15.65 723
15.6667 720
15.6833 717
15.7 714
15.7167 711
15.7333 708
15.75 705
15.7667 701
15.7833 698
15.8 695
15.8167 692
15.8333 688
15.85 685
15.8667 682
15.8833 679
15.9 675
15.9167 672
15.9333 669
15.95 666
15.9667 662
15.9833 659
16.0 655
16.0167 652
16.0333 649
16.05 645
16.0667 642
16.0833 639
16.1 635
16.1167 632
16.1333 628
16.15 625
16.1667 621
16.1833 618
16.2 614
16.2167 611
16.2333 607
16.25 604
16.2667 600
16.2833 597
16.3 593
16.3167 590
16.3333 586
16.35 582
16.3667 579
16.3833 575
16.4 572
16.4167 568
16.4333 564
16.45 561
16.4667 557
16.4833 553
16.5 550
16.5167 546
16.5333 542
16.55 539
16.5667 535
16.5833 531
16.6 528
16.6167 524
16.6333 520
16.65 516
16.6667 513
16.6833 509
16.7 505
16.7167 501
16.7333 498
16.75 494
16.7667 490
16.7833 486
16.8 482
16.8167 479
16.8333 475
16.85 471
16.8667 467
16.8833 463
16.9 459
16.9167 456
16.9333 452
16.95 448
16.9667 444
16.9833 440
