8.0 268
8.0167 271
8.0333 275
8.05 279
8.0667 282
8.0833 286
8.1 290
8.1167 293
8.1333 297
8.15 301
8.1667 304
8.1833 308
8.2 312
8.2167 316
8.2333 319
8.25 323
8.2667 327
8.2833 330
8.3 334
8.3167 338
8.3333 341
8.35 345
8.3667 349
8.3833 353
8.4 356
8.4167 360
8.4333 364
8.45 367
8.4667 371
8.4833 375
8.5 379
8.5167 382
8.5333 386
8.55 390
8.5667 393
8.5833 397
8.6 401
8.6167 404
8.6333 408
8.65 412
8.6667 415
8.6833 419
8.7 423
8.7167 426
8.7333 430
8.75 434
8.7667 437
8.7833 441
8.8 444
8.8167 448
8.8333 452
8.85 455
8.8667 459
8.8833 462
8.9 466
8.9167 470
8.9333 473
8.95 477
8.9667 480
8.9833 484
9.0 487
9.0167 491
9.0333 494
9.05 498
9.0667 501
9.0833 505
9.1 508
9.1167 512
9.1333 515
9.15 519
9.1667 522
9.1833 526
9.2 529
9.2167 532
9.2333 536
9.25 539
9.2667 543
9.2833 546
9.3 550
9.3167 553
9.3333 556
9.35 560
9.3667 563
9.3833 566
9.4 570
9.4167 573
9.4333 576
9.45 580
9.4667 583
9.4833 586
9.5 589
9.5167 593
9.5333 596
9.55 599
9.5667 602
9.5833 606
9.6 609
9.6167 612
9.6333 615
9.65 618
9.6667 622
9.6833 625
9.7 628
9.7167 631
9.7333 634
9.75 637
9.7667 640
9.7833 643
9.8 646
9.8167 649
9.8333 652
9.85 655
9.8667 658
9.8833 661
9.9 664
9.9167 667
9.9333 670
9.95 673
9.9667 676
9.9833 679
10.0 682
10.0167 685
10.0333 688
10.05 691
10.0667 693
10.0833 696
10.1 699
10.1167 702
10.1333 705
10.15 707
10.1667 710
10.1833 713
10.2 716
10.2167 718
10.2333 721
10.25 724
10.2667 726
10.2833 729
10.3 732
10.3167 734
10.3333 737
10.35 740
10.3667 742
10.3833 745
10.4 747
10.4167 750
10.4333 752
10.45 755
10.4667 757
10.4833 760
10.5 762
10.5167 765
10.5333 767
10.55 770
10.5667 772
10.5833 774
10.6 777
10.6167 779
10.6333 781
10.65 784
10.6667 786
10.6833 788
10.7 791
10.7167 793
10.7333 795
10.75 797
10.7667 799
10.7833 802
10.8 804
10.8167 806
10.8333 808
10.85 810
10.8667 812
10.8833 814
10.9 816
10.9167 818
10.9333 820
10.95 822
10.9667 824
10.9833 826
11.0 828
11.0167 830
11.0333 832
11.05 834
11.0667 836
11.0833 838
11.1 840
11.1167 842
11.1333 843
11.15 845
11.1667 847
11.1833 849
11.2 851
11.2167 852
11.2333 854
11.25 856
11.2667 857
11.2833 859
11.3 861
11.3167 862
11.3333 864
11.35 866
11.3667 867
11.3833 869
11.4 870
11.4167 872
11.4333 873
11.45 875
11.4667 876
11.4833 878
11.5 879
11.5167 880
11.5333 882
11.55 883
11.5667 884
11.5833 886
11.6 887
11.6167 888
11.6333 890
11.65 891
11.6667 892
11.6833 893
11.7 895
11.7167 896
11.7333 897
11.75 898
11.7667 899
11.7833 900
11.8 901
11.8167 902
11.8333 903
11.85 904
11.8667 905
11.8833 906
11.9 907
11.9167 908
11.9333 909
11.95 910
11.9667 911
11.9833 912
12.0 913
12.0167 914
12.0333 914
12.05 915
12.0667 916
12.0833 917
12.1 917
12.1167 918
12.1333 919
12.15 920
12.1667 920
12.1833 921
12.2 921
12.2167 922
12.2333 923
12.25 923
12.2667 924
12.2833 924
12.3 925
12.3167 925
12.3333 926
12.35 926
12.3667 927
12.3833 927
12.4 927
12.4167 928
12.4333 928
12.45 928
12.4667 929
12.4833 929
12.5 929
12.5167 929
12.5333 930
12.55 930
12.5667 930
12.5833 930
12.6 930
12.6167 930
12.6333 931
12.65 931
12.6667 931
12.6833 931
12.7 931
12.7167 931
12.7333 931
12.75 931
12.7667 931
12.7833 931
12.8 930
12.8167 930
12.8333 930
12.85 930
12.8667 930
12.8833 930
12.9 929
12.9167 929
12.9333 929
12.95 929
12.9667 928
12.9833 928
13.0 928
13.0167 927
13.0333 927
13.05 927
13.0667 926
13.0833 926
13.1 925
13.1167 925
13.1333 924
13.15 924
13.1667 923
13.1833 923
13.2 922
13.2167 922
13.2333 921
13.25 920
13.2667 920
13.2833 919
13.3 918
13.3167 918
13.3333 917
13.35 916
13.3667 915
13.3833 915
13.4 914
13.4167 913
13.4333 912
13.45 911
13.4667 910
13.4833 909
13.5 908
13.5167 908
13.5333 907
13.55 906
13.5667 905
13.5833 904
13.6 903
13.6167 901
13.6333 900
13.65 899
13.6667 898
13.6833 897
13.7 896
13.7167 895
13.7333 894
13.75 892
13.7667 891
13.7833 890
13.8 889
13.8167 887
13.8333 886
13.85 885
13.8667 883
13.8833 882
13.9 881
13.9167 879
13.9333 878
13.95 876
13.9667 875
13.9833 873
14.0 872
14.0167 870
14.0333 869
14.05 867
14.0667 866
14.0833 864
14.1 863
14.1167 861
14.1333 859
14.15 858
14.1667 856
14.1833 854
14.2 853
14.2167 851
14.2333 849
14.25 847
14.2667 846
14.2833 844
14.3 842
14.3167 840
14.3333 838
14.35 836
14.3667 835
14.3833 833
14.4 831
14.4167 829
14.4333 827
14.45 825
14.4667 823
14.4833 821
14.5 819
14.5167 817
14.5333 815
14.55 813
14.5667 810
14.5833 808
14.6 806
14.6167 804
14.6333 802
14.65 800
14.6667 798
14.6833 795
14.7 793
14.7167 791
14.7333 789
14.75 786
14.7667 784
14.7833 782
14.8 779
14.8167 777
14.8333 775
14.85 772
14.8667 770
14.8833 768
14.9 765
14.9167 763
14.9333 760
14.95 758
14.9667 755
14.9833 753
15.0 750
15.0167 747
15.0333 745
15.05 742
15.0667 739
15.0833 737
15.1 734
15.1167 732
15.1333 729
15.15 726
15.1667 724
15.1833 721
15.2 718
15.2167 715
15.2333 713
15.25 710
15.2667 707
15.2833 704
15.3 702
15.3167 699
15.3333 696
15.35 693
15.3667 690
15.3833 688
15.4 685
15.4167 682
15.4333 679
15.45 676
15.4667 673
15.4833 670
15.5 667
15.5167 664
15.5333 661
15.55 658
15.5667 655
15.5833 652
15.6 649
15.6167 646
15.6333 643
15.65 640
15.6667 637
15.6833 634
15.7 631
15.7167 628
15.7333 624
15.75 621
15.7667 618
15.7833 615
15.8 612
15.8167 609
15.8333 605
15.85 602
15.8667 599
15.8833 596
15.9 592
15.9167 589
15.9333 586
15.95 583
15.9667 579
15.9833 576
16.0 573
16.0167 569
16.0333 566
16.05 563
16.0667 559
16.0833 556
16.1 553
16.1167 549
16.1333 546
16.15 543
16.1667 539
16.1833 536
16.2 532
16.2167 529
16.2333 525
16.25 522
16.2667 518
16.2833 515
16.3 512
16.3167 508
16.3333 505
16.35 501
16.3667 498
16.3833 494
16.4 490
16.4167 487
16.4333 483
16.45 480
16.4667 476
16.4833 473
16.5 469
16.5167 466
16.5333 462
16.55 458
16.5667 455
16.5833 451
16.6 448
16.6167 444
16.6333 440
16.65 437
16.6667 433
16.6833 429
16.7 426
16.7167 422
16.7333 418
16.75 415
16.7667 411
16.7833 407
16.8 404
16.8167 400
16.8333 396
16.85 393
16.8667 389
16.8833 385
16.9 382
16.9167 378
16.9333 374
16.95 371
16.9667 367
16.9833 363
