8.0 254
8.0167 258
8.0333 261
8.05 265
8.0667 269
8.0833 272
8.1 276
8.1167 280
8.1333 283
8.15 287
8.1667 291
8.1833 295
8.2 298
8.2167 302
8.2333 306
8.25 309
8.2667 313
8.2833 317
8.3 320
8.3167 324
8.3333 328
8.35 332
8.3667 335
8.3833 339
8.4 343
8.4167 346
8.4333 350
8.45 354
8.4667 358
8.4833 361
8.5 365
8.5167 369
8.5333 372
8.55 376
8.5667 380
8.5833 383
8.6 387
8.6167 391
8.6333 394
8.65 398
8.6667 402
8.6833 405
8.7 409
8.7167 413
8.7333 416
8.75 420
8.7667 424
8.7833 427
8.8 431
8.8167 434
8.8333 438
8.85 442
8.8667 445
8.8833 449
8.9 452
8.9167 456
8.9333 460
8.95 463
8.9667 467
8.9833 470
9.0 474
9.0167 477
9.0333 481
9.05 484
9.0667 488
9.0833 491
9.1 495
9.1167 498
9.1333 502
9.15 505
9.1667 509
9.1833 512
9.2 515
9.2167 519
9.2333 522
9.25 526
9.2667 529
9.2833 532
9.3 536
9.3167 539
9.3333 543
9.35 546
9.3667 549
9.3833 553
9.4 556
9.4167 559
9.4333 563
9.45 566
9.4667 569
9.4833 572
9.5 576
9.5167 579
9.5333 582
9.55 585
9.5667 589
9.5833 592
9.6 595
9.6167 598
9.6333 601
9.65 605
9.6667 608
9.6833 611
9.7 614
9.7167 617
9.7333 620
9.75 623
9.7667 626
9.7833 629
9.8 632
9.8167 635
9.8333 638
9.85 641
9.8667 644
9.8833 647
9.9 650
9.9167 653
9.9333 656
9.95 659
9.9667 662
9.9833 665
10.0 668
10.0167 671
10.0333 674
10.05 676
10.0667 679
10.0833 682
10.1 685
10.1167 688
10.1333 690
10.15 693
10.1667 696
10.1833 699
10.2 701
10.2167 704
10.2333 707
10.25 709
10.2667 712
10.2833 715
10.3 717
10.3167 720
10.3333 722
10.35 725
10.3667 727
10.3833 730
10.4 733
10.4167 735
10.4333 738
10.45 740
10.4667 742
10.4833 745
10.5 747
10.5167 750
10.5333 752
10.55 755
10.5667 757
10.5833 759
10.6 762
10.6167 764
10.6333 766
10.65 768
10.6667 771
10.6833 773
10.7 775
10.7167 777
10.7333 780
10.75 782
10.7667 784
10.7833 786
10.8 788
10.8167 790
10.8333 792
10.85 794
10.8667 797
10.8833 799
10.9 801
10.9167 803
10.9333 805
10.95 807
10.9667 809
10.9833 810
11.0 812
11.0167 814
11.0333 816
11.05 818
11.0667 820
11.0833 822
11.1 824
11.1167 825
11.1333 827
11.15 829
11.1667 831
11.1833 832
11.2 834
11.2167 836
11.2333 837
11.25 839
11.2667 841
11.2833 842
11.3 844
11.3167 845
11.3333 847
11.35 848
11.3667 850
11.3833 852
11.4 853
11.4167 854
11.4333 856
11.45 857
11.4667 859
11.4833 860
11.5 861
11.5167 863
11.5333 864
11.55 865
11.5667 867
11.5833 868
11.6 869
11.6167 870
11.6333 872
11.65 873
11.6667 874
11.6833 875
11.7 876
11.7167 877
11.7333 879
11.75 880
11.7667 881
11.7833 882
11.8 883
11.8167 884
11.8333 885
11.85 886
11.8667 887
11.8833 888
11.9 888
11.9167 889
11.9333 890
11.95 891
11.9667 892
11.9833 893
12.0 893
12.0167 894
12.0333 895
12.05 896
12.0667 896
12.0833 897
12.1 898
12.1167 898
12.1333 899
12.15 900
12.1667 900
12.1833 901
12.2 901
12.2167 902
12.2333 902
12.25 903
12.2667 903
12.2833 904
12.3 904
12.3167 905
12.3333 905
12.35 905
12.3667 906
12.3833 906
12.4 906
12.4167 907
12.4333 907
12.45 907
12.4667 907
12.4833 908
12.5 908
12.5167 908
12.5333 908
12.55 908
12.5667 908
12.5833 908
12.6 908
12.6167 908
12.6333 908
12.65 908
12.6667 908
12.6833 908
12.7 908
12.7167 908
12.7333 908
12.75 908
12.7667 908
12.7833 908
12.8 908
12.8167 907
12.8333 907
12.85 907
12.8667 907
12.8833 906
12.9 906
12.9167 906
12.9333 905
12.95 905
12.9667 905
12.9833 904
13.0 904
13.0167 903
13.0333 903
13.05 903
13.0667 902
13.0833 902
13.1 901
13.1167 900
13.1333 900
13.15 899
13.1667 899
13.1833 898
13.2 897
13.2167 897
13.2333 896
13.25 895
13.2667 894
13.2833 894
13.3 893
13.3167 892
13.3333 891
13.35 891
13.3667 890
13.3833 889
13.4 888
13.4167 887
13.4333 886
13.45 885
13.4667 884
13.4833 883
13.5 882
13.5167 881
13.5333 880
13.55 879
13.5667 878
13.5833 877
13.6 876
13.6167 874
13.6333 873
13.65 872
13.6667 871
13.6833 870
13.7 868
13.7167 867
13.7333 866
13.75 865
13.7667 863
13.7833 862
13.8 861
13.8167 859
13.8333 858
13.85 856
13.8667 855
13.8833 853
13.9 852
13.9167 851
13.9333 849
13.95 847
13.9667 846
13.9833 844
14.0 843
14.0167 841
14.0333 840
14.05 838
14.0667 836
14.0833 835
14.1 833
14.1167 831
14.1333 829
14.15 828
14.1667 826
14.1833 824
14.2 822
14.2167 821
14.2333 819
14.25 817
14.2667 815
14.2833 813
14.3 811
14.3167 809
14.3333 807
14.35 805
14.3667 803
14.3833 801
14.4 799
14.4167 797
14.4333 795
14.45 793
14.4667 791
14.4833 789
14.5 787
14.5167 785
14.5333 783
14.55 780
14.5667 778
14.5833 776
14.6 774
14.6167 772
14.6333 769
14.65 767
14.6667 765
14.6833 762
14.7 760
14.7167 758
14.7333 755
14.75 753
14.7667 751
14.7833 748
14.8 746
14.8167 743
14.8333 741
14.85 738
14.8667 736
14.8833 733
14.9 731
14.9167 728
14.9333 726
14.95 723
14.9667 721
14.9833 718
15.0 715
15.0167 712
15.0333 709
15.05 707
15.0667 704
15.0833 701
15.1 699
15.1167 696
15.1333 693
15.15 690
15.1667 688
15.1833 685
15.2 682
15.2167 679
15.2333 677
15.25 674
15.2667 671
15.2833 668
15.3 665
15.3167 662
15.3333 659
15.35 656
15.3667 653
15.3833 650
15.4 648
15.4167 645
15.4333 642
15.45 639
15.4667 636
15.4833 633
15.5 629
15.5167 626
15.5333 623
15.55 620
15.5667 617
15.5833 614
15.6 611
15.6167 608
15.6333 605
15.65 602
15.6667 598
15.6833 595
15.7 592
15.7167 589
15.7333 586
15.75 582
15.7667 579
15.7833 576
15.8 573
15.8167 569
15.8333 566
15.85 563
15.8667 560
15.8833 556
15.9 553
15.9167 550
15.9333 546
15.95 543
15.9667 539
15.9833 536
16.0 533
16.0167 529
16.0333 526
16.05 523
16.0667 519
16.0833 516
16.1 512
16.1167 509
16.1333 505
16.15 502
16.1667 498
16.1833 495
16.2 491
16.2167 488
16.2333 484
16.25 481
16.2667 477
16.2833 474
16.3 470
16.3167 467
16.3333 463
16.35 460
16.3667 456
16.3833 452
16.4 449
16.4167 445
16.4333 442
16.45 438
16.4667 434
16.4833 431
16.5 427
16.5167 424
16.5333 420
16.55 416
16.5667 413
16.5833 409
16.6 405
16.6167 402
16.6333 398
16.65 394
16.6667 391
16.6833 387
16.7 383
16.7167 380
16.7333 376
16.75 372
16.7667 369
16.7833 365
16.8 361
16.8167 358
16.8333 354
16.85 350
16.8667 346
16.8833 343
16.9 339
16.9167 335
16.9333 332
16.95 328
16.9667 324
16.9833 320
