8.0 273
8.0167 277
8.0333 281
8.05 285
8.0667 288
8.0833 292
8.1 296
8.1167 300
8.1333 304
8.15 308
8.1667 312
8.1833 315
8.2 319
8.2167 323
8.2333 327
8.25 331
8.2667 335
8.2833 339
8.3 342
8.3167 346
8.3333 350
8.35 354
8.3667 358
8.3833 362
8.4 365
8.4167 369
8.4333 373
8.45 377
8.4667 381
8.4833 385
8.5 388
8.5167 392
8.5333 396
8.55 400
8.5667 404
8.5833 408
8.6 411
8.6167 415
8.6333 419
8.65 423
8.6667 426
8.6833 430
8.7 434
8.7167 438
8.7333 441
8.75 445
8.7667 449
8.7833 453
8.8 456
8.8167 460
8.8333 464
8.85 468
8.8667 471
8.8833 475
8.9 479
8.9167 482
8.9333 486
8.95 490
8.9667 493
8.9833 497
9.0 500
9.0167 504
9.0333 507
9.05 511
9.0667 515
9.0833 518
9.1 522
9.1167 525
9.1333 529
9.15 532
9.1667 536
9.1833 539
9.2 543
9.2167 546
9.2333 550
9.25 553
9.2667 557
9.2833 560
9.3 564
9.3167 567
9.3333 571
9.35 574
9.3667 578
9.3833 581
9.4 584
9.4167 588
9.4333 591
9.45 594
9.4667 598
9.4833 601
9.5 604
9.5167 608
9.5333 611
9.55 614
9.5667 618
9.5833 621
9.6 624
9.6167 627
9.6333 631
9.65 634
9.6667 637
9.6833 640
9.7 643
9.7167 646
9.7333 650
9.75 653
9.7667 656
9.7833 659
9.8 662
9.8167 665
9.8333 668
9.85 671
9.8667 674
9.8833 677
9.9 680
9.9167 683
9.9333 686
9.95 689
9.9667 692
9.9833 695
10.0 698
10.0167 701
10.0333 704
10.05 707
10.0667 710
10.0833 712
10.1 715
10.1167 718
10.1333 721
10.15 724
10.1667 726
10.1833 729
10.2 732
10.2167 735
10.2333 737
10.25 740
10.2667 743
10.2833 745
10.3 748
10.3167 751
10.3333 753
10.35 756
10.3667 758
10.3833 761
10.4 764
10.4167 766
10.4333 769
10.45 771
10.4667 774
10.4833 776
10.5 778
10.5167 781
10.5333 783
10.55 786
10.5667 788
10.5833 790
10.6 793
10.6167 795
10.6333 797
10.65 800
10.6667 802
10.6833 804
10.7 807
10.7167 809
10.7333 811
10.75 813
10.7667 815
10.7833 818
10.8 820
10.8167 822
10.8333 824
10.85 826
10.8667 828
10.8833 830
10.9 832
10.9167 834
10.9333 836
10.95 838
10.9667 840
10.9833 842
11.0 844
11.0167 846
11.0333 848
11.05 850
11.0667 852
11.0833 853
11.1 855
11.1167 857
11.1333 859
11.15 861
11.1667 862
11.1833 864
11.2 866
11.2167 868
11.2333 869
11.25 871
11.2667 872
11.2833 874
11.3 876
11.3167 877
11.3333 879
11.35 880
11.3667 882
11.3833 883
11.4 885
11.4167 886
11.4333 888
11.45 889
11.4667 891
11.4833 892
11.5 893
11.5167 895
11.5333 896
11.55 897
11.5667 899
11.5833 900
11.6 901
11.6167 902
11.6333 904
11.65 905
11.6667 906
11.6833 907
11.7 908
11.7167 909
11.7333 911
11.75 912
11.7667 913
11.7833 914
11.8 915
11.8167 916
11.8333 917
11.85 918
11.8667 919
11.8833 919
11.9 920
11.9167 921
11.9333 922
11.95 923
11.9667 924
11.9833 925
12.0 925
12.0167 926
12.0333 927
12.05 928
12.0667 928
12.0833 929
12.1 930
12.1167 930
12.1333 931
12.15 931
12.1667 932
12.1833 933
12.2 933
12.2167 934
12.2333 934
12.25 935
12.2667 935
12.2833 936
12.3 936
12.3167 936
12.3333 937
12.35 937
12.3667 937
12.3833 938
12.4 938
12.4167 938
12.4333 939
12.45 939
12.4667 939
12.4833 939
12.5 939
12.5167 940
12.5333 940
12.55 940
12.5667 940
12.5833 940
12.6 940
12.6167 940
12.6333 940
12.65 940
12.6667 940
12.6833 940
12.7 940
12.7167 940
12.7333 940
12.75 940
12.7667 939
12.7833 939
12.8 939
12.8167 939
12.8333 939
12.85 938
12.8667 938
12.8833 938
12.9 937
12.9167 937
12.9333 937
12.95 936
12.9667 936
12.9833 936
13.0 935
13.0167 935
13.0333 934
13.05 934
13.0667 933
13.0833 933
13.1 932
13.1167 931
13.1333 931
13.15 930
13.1667 930
13.1833 929
13.2 928
13.2167 928
13.2333 927
13.25 926
13.2667 925
13.2833 925
13.3 924
13.3167 923
13.3333 922
13.35 921
13.3667 920
13.3833 919
13.4 919
13.4167 918
13.4333 917
13.45 916
13.4667 915
13.4833 914
13.5 913
13.5167 912
13.5333 910
13.55 909
13.5667 908
13.5833 907
13.6 906
13.6167 905
13.6333 904
13.65 902
13.6667 901
13.6833 900
13.7 899
13.7167 897
13.7333 896
13.75 895
13.7667 893
13.7833 892
13.8 891
13.8167 889
13.8333 888
13.85 886
13.8667 885
13.8833 883
13.9 882
13.9167 880
13.9333 879
13.95 877
13.9667 876
13.9833 874
14.0 872
14.0167 871
14.0333 869
14.05 867
14.0667 866
14.0833 864
14.1 862
14.1167 861
14.1333 859
14.15 857
14.1667 855
14.1833 853
14.2 852
14.2167 850
14.2333 848
14.25 846
14.2667 844
14.2833 842
14.3 840
14.3167 838
14.3333 836
14.35 834
14.3667 832
14.3833 830
14.4 828
14.4167 826
14.4333 824
14.45 822
14.4667 820
14.4833 817
14.5 815
14.5167 813
14.5333 811
14.55 809
14.5667 806
14.5833 804
14.6 802
14.6167 800
14.6333 797
14.65 795
14.6667 793
14.6833 790
14.7 788
14.7167 786
14.7333 783
14.75 781
14.7667 778
14.7833 776
14.8 773
14.8167 771
14.8333 768
14.85 766
14.8667 763
14.8833 761
14.9 758
14.9167 756
14.9333 753
14.95 750
14.9667 748
14.9833 745
15.0 742
15.0167 739
15.0333 736
15.05 734
15.0667 731
15.0833 728
15.1 725
15.1167 723
15.1333 720
15.15 717
15.1667 714
15.1833 711
15.2 708
15.2167 706
15.2333 703
15.25 700
15.2667 697
15.2833 694
15.3 691
15.3167 688
15.3333 685
15.35 682
15.3667 679
15.3833 676
15.4 673
15.4167 670
15.4333 667
15.45 664
15.4667 661
15.4833 658
15.5 655
15.5167 652
15.5333 649
15.55 645
15.5667 642
15.5833 639
15.6 636
15.6167 633
15.6333 629
15.65 626
15.6667 623
15.6833 620
15.7 616
15.7167 613
15.7333 610
15.75 607
15.7667 603
15.7833 600
15.8 597
15.8167 593
15.8333 590
15.85 587
15.8667 583
15.8833 580
15.9 576
15.9167 573
15.9333 570
15.95 566
15.9667 563
15.9833 559
16.0 556
16.0167 552
16.0333 549
16.05 545
16.0667 542
16.0833 538
16.1 535
16.1167 531
16.1333 528
16.15 524
16.1667 521
16.1833 517
16.2 513
16.2167 510
16.2333 506
16.25 503
16.2667 499
16.2833 495
16.3 492
16.3167 488
16.3333 484
16.35 481
16.3667 477
16.3833 473
16.4 470
16.4167 466
16.4333 462
16.45 459
16.4667 455
16.4833 451
16.5 447
16.5167 444
16.5333 440
16.55 436
16.5667 432
16.5833 429
16.6 425
16.6167 421
16.6333 417
16.65 414
16.6667 410
16.6833 406
16.7 402
16.7167 398
16.7333 395
16.75 391
16.7667 387
16.7833 383
16.8 379
16.8167 375
16.8333 372
16.85 368
16.8667 364
16.8833 360
16.9 356
16.9167 352
16.9333 349
16.95 345
16.9667 341
16.9833 337
