8.0 229
8.0167 232
8.0333 236
8.05 239
8.0667 243
8.0833 247
8.1 250
8.1167 254
8.1333 257
8.15 261
8.1667 265
8.1833 268
8.2 272
8.2167 276
8.2333 279
8.25 283
8.2667 286
8.2833 290
8.3 294
8.3167 297
8.3333 301
8.35 305
8.3667 308
8.3833 312
8.4 316
8.4167 319
8.4333 323
8.45 327
8.4667 330
8.4833 334
8.5 337
8.5167 341
8.5333 345
8.55 348
8.5667 352
8.5833 356
8.6 359
8.6167 363
8.6333 366
8.65 370
8.6667 374
8.6833 377
8.7 381
8.7167 384
8.7333 388
8.75 392
8.7667 395
8.7833 399
8.8 402
8.8167 406
8.8333 409
8.85 413
8.8667 417
8.8833 420
8.9 424
8.9167 427
8.9333 431
8.95 434
8.9667 438
8.9833 441
9.0 445
9.0167 448
9.0333 451
9.05 455
9.0667 458
9.0833 461
9.1 465
9.1167 468
9.1333 472
9.15 475
9.1667 479
9.1833 482
9.2 485
9.2167 489
9.2333 492
9.25 495
9.2667 499
9.2833 502
9.3 505
9.3167 509
9.3333 512
9.35 515
9.3667 519
9.3833 522
9.4 525
9.4167 528
9.4333 532
9.45 535
9.4667 538
9.4833 541
9.5 545
9.5167 548
9.5333 551
9.55 554
9.5667 557
9.5833 560
9.6 563
9.6167 567
9.6333 570
9.65 573
9.6667 576
9.6833 579
9.7 582
9.7167 585
9.7333 588
9.75 591
9.7667 594
9.7833 597
9.8 600
9.8167 603
9.8333 606
9.85 609
9.8667 612
9.8833 615
9.9 618
9.9167 620
9.9333 623
9.95 626
9.9667 629
9.9833 632
10.0 635
10.0167 637
10.0333 640
10.05 643
10.0667 646
10.0833 648
10.1 651
10.1167 654
10.1333 656
10.15 659
10.1667 662
10.1833 664
10.2 667
10.2167 670
10.2333 672
10.25 675
10.2667 677
10.2833 680
10.3 683
10.3167 685
10.3333 688
10.35 690
10.3667 693
10.3833 695
10.4 697
10.4167 700
10.4333 702
10.45 705
10.4667 707
10.4833 709
10.5 712
10.5167 714
10.5333 716
10.55 719
10.5667 721
10.5833 723
10.6 725
10.6167 728
10.6333 730
10.65 732
10.6667 734
10.6833 736
10.7 738
10.7167 741
10.7333 743
10.75 745
10.7667 747
10.7833 749
10.8 751
10.8167 753
10.8333 755
10.85 757
10.8667 759
10.8833 761
10.9 763
10.9167 765
10.9333 767
10.95 768
10.9667 770
10.9833 772
11.0 774
11.0167 776
11.0333 778
11.05 779
11.0667 781
11.0833 783
11.1 784
11.1167 786
11.1333 788
11.15 789
11.1667 791
11.1833 793
11.2 794
11.2167 796
11.2333 797
11.25 799
11.2667 801
11.2833 802
11.3 803
11.3167 805
11.3333 806
11.35 808
11.3667 809
11.3833 811
11.4 812
11.4167 813
11.4333 815
11.45 816
11.4667 817
11.4833 819
11.5 820
11.5167 821
11.5333 822
11.55 823
11.5667 825
11.5833 826
11.6 827
11.6167 828
11.6333 829
11.65 830
11.6667 831
11.6833 832
11.7 833
11.7167 834
11.7333 835
11.75 836
11.7667 837
11.7833 838
11.8 839
11.8167 840
11.8333 841
11.85 842
11.8667 842
11.8833 843
11.9 844
11.9167 845
11.9333 846
11.95 846
11.9667 847
11.9833 848
12.0 848
12.0167 849
12.0333 850
12.05 850
12.0667 851
12.0833 851
12.1 852
12.1167 852
12.1333 853
12.15 853
12.1667 854
12.1833 854
12.2 855
12.2167 855
12.2333 856
12.25 856
12.2667 856
12.2833 857
12.3 857
12.3167 857
12.3333 857
12.35 858
12.3667 858
12.3833 858
12.4 858
12.4167 858
12.4333 859
12.45 859
12.4667 859
12.4833 859
12.5 859
12.5167 859
12.5333 859
12.55 859
12.5667 859
12.5833 859
12.6 859
12.6167 859
12.6333 859
12.65 858
12.6667 858
12.6833 858
12.7 858
12.7167 858
12.7333 858
12.75 857
12.7667 857
12.7833 857
12.8 856
12.8167 856
12.8333 856
12.85 855
12.8667 855
12.8833 855
12.9 854
12.9167 854
12.9333 853
12.95 853
12.9667 852
12.9833 852
13.0 851
13.0167 851
13.0333 850
13.05 849
13.0667 849
13.0833 848
13.1 847
13.1167 847
13.1333 846
13.15 845
13.1667 845
13.1833 844
13.2 843
13.2167 842
13.2333 841
13.25 841
13.2667 840
13.2833 839
13.3 838
13.3167 837
13.3333 836
13.35 835
13.3667 834
13.3833 833
13.4 832
13.4167 831
13.4333 830
13.45 829
13.4667 828
13.4833 827
13.5 825
13.5167 824
13.5333 823
13.55 822
13.5667 821
13.5833 819
13.6 818
13.6167 817
13.6333 816
13.65 814
13.6667 813
13.6833 812
13.7 810
13.7167 809
13.7333 807
13.75 806
13.7667 804
13.7833 803
13.8 802
13.8167 800
13.8333 798
13.85 797
13.8667 795
13.8833 794
13.9 792
13.9167 791
13.9333 789
13.95 787
13.9667 786
13.9833 784
14.0 782
14.0167 780
14.0333 779
14.05 777
14.0667 775
14.0833 773
14.1 771
14.1167 770
14.1333 768
14.15 766
14.1667 764
14.1833 762
14.2 760
14.2167 758
14.2333 756
14.25 754
14.2667 752
14.2833 750
14.3 748
14.3167 746
14.3333 744
14.35 742
14.3667 740
14.3833 738
14.4 736
14.4167 733
14.4333 731
14.45 729
14.4667 727
14.4833 725
14.5 722
14.5167 720
14.5333 718
14.55 716
14.5667 713
14.5833 711
14.6 709
14.6167 706
14.6333 704
14.65 701
14.6667 699
14.6833 697
14.7 694
14.7167 692
14.7333 689
14.75 687
14.7667 684
14.7833 682
14.8 679
14.8167 677
14.8333 674
14.85 671
14.8667 669
14.8833 666
14.9 664
14.9167 661
14.9333 658
14.95 656
14.9667 653
14.9833 650
15.0 646
15.0167 644
15.0333 641
15.05 638
15.0667 635
15.0833 633
15.1 630
15.1167 627
15.1333 624
15.15 621
15.1667 618
15.1833 616
15.2 613
15.2167 610
15.2333 607
15.25 604
15.2667 601
15.2833 598
15.3 595
15.3167 592
15.3333 589
15.35 586
15.3667 583
15.3833 580
15.4 577
15.4167 574
15.4333 571
15.45 568
15.4667 564
15.4833 561
15.5 558
15.5167 555
15.5333 552
15.55 549
15.5667 546
15.5833 542
15.6 539
15.6167 536
15.6333 533
15.65 530
15.6667 526
15.6833 523
15.7 520
15.7167 516
15.7333 513
15.75 510
15.7667 507
15.7833 503
15.8 500
15.8167 497
15.8333 493
15.85 490
15.8667 487
15.8833 483
15.9 480
15.9167 476
15.9333 473
15.95 470
15.9667 466
15.9833 463
16.0 459
16.0167 456
16.0333 452
16.05 449
16.0667 445
16.0833 442
16.1 438
16.1167 435
16.1333 431
16.15 428
16.1667 424
16.1833 421
16.2 417
16.2167 414
16.2333 410
16.25 407
16.2667 403
16.2833 400
16.3 396
16.3167 392
16.3333 389
16.35 385
16.3667 382
16.3833 378
16.4 375
16.4167 371
16.4333 367
16.45 364
16.4667 360
16.4833 356
16.5 353
16.5167 349
16.5333 346
16.55 342
16.5667 338
16.5833 335
16.6 331
16.6167 327
16.6333 324
16.65 320
16.6667 316
16.6833 313
16.7 309
16.7167 306
16.7333 302
16.75 298
16.7667 295
16.7833 291
16.8 287
16.8167 284
16.8333 280
16.85 276
16.8667 273
16.8833 269
16.9 266
16.9167 262
16.9333 258
16.95 255
16.9667 251
16.9833 247
