8.0 238
8.0167 242
8.0333 245
8.05 249
8.0667 253
8.0833 256
8.1 260
8.1167 264
8.1333 267
8.15 271
8.1667 274
8.1833 278
8.2 282
8.2167 285
8.2333 289
8.25 293
8.2667 296
8.2833 300
8.3 304
8.3167 308
8.3333 311
8.35 315
8.3667 319
8.3833 322
8.4 326
8.4167 330
8.4333 333
8.45 337
8.4667 341
8.4833 344
8.5 348
8.5167 352
8.5333 355
8.55 359
8.5667 363
8.5833 366
8.6 370
8.6167 373
8.6333 377
8.65 381
8.6667 384
8.6833 388
8.7 392
8.7167 395
8.7333 399
8.75 403
8.7667 406
8.7833 410
8.8 413
8.8167 417
8.8333 420
8.85 424
8.8667 428
8.8833 431
8.9 435
8.9167 438
8.9333 442
8.95 445
8.9667 449
8.9833 452
9.0 456
9.0167 459
9.0333 463
9.05 466
9.0667 470
9.0833 473
9.1 476
9.1167 480
9.1333 483
9.15 487
9.1667 490
9.1833 494
9.2 497
9.2167 500
9.2333 504
9.25 507
9.2667 511
9.2833 514
9.3 517
9.3167 521
9.3333 524
9.35 527
9.3667 531
9.3833 534
9.4 537
9.4167 541
9.4333 544
9.45 547
9.4667 550
9.4833 554
9.5 557
9.5167 560
9.5333 563
9.55 566
9.5667 570
9.5833 573
9.6 576
9.6167 579
9.6333 582
9.65 585
9.6667 588
9.6833 591
9.7 595
9.7167 598
9.7333 601
9.75 604
9.7667 607
9.7833 610
9.8 613
9.8167 616
9.8333 619
9.85 622
9.8667 625
9.8833 628
9.9 630
9.9167 633
9.9333 636
9.95 639
9.9667 642
9.9833 645
10.0 648
10.0167 651
10.0333 653
10.05 656
10.0667 659
10.0833 662
10.1 664
10.1167 667
10.1333 670
10.15 673
10.1667 675
10.1833 678
10.2 681
10.2167 683
10.2333 686
10.25 689
10.2667 691
10.2833 694
10.3 696
10.3167 699
10.3333 701
10.35 704
10.3667 706
10.3833 709
10.4 711
10.4167 714
10.4333 716
10.45 719
10.4667 721
10.4833 724
10.5 726
10.5167 728
10.5333 731
10.55 733
10.5667 735
10.5833 738
10.6 740
10.6167 742
10.6333 744
10.65 747
10.6667 749
10.6833 751
10.7 753
10.7167 755
10.7333 757
10.75 760
10.7667 762
10.7833 764
10.8 766
10.8167 768
10.8333 770
10.85 772
10.8667 774
10.8833 776
10.9 778
10.9167 780
10.9333 782
10.95 784
10.9667 786
10.9833 787
11.0 789
11.0167 791
11.0333 793
11.05 795
11.0667 797
11.0833 798
11.1 800
11.1167 802
11.1333 804
11.15 805
11.1667 807
11.1833 809
11.2 810
11.2167 812
11.2333 813
11.25 815
11.2667 817
11.2833 818
11.3 820
11.3167 821
11.3333 823
11.35 824
11.3667 826
11.3833 827
11.4 828
11.4167 830
11.4333 831
11.45 833
11.4667 834
11.4833 835
11.5 836
11.5167 838
11.5333 839
11.55 840
11.5667 842
11.5833 843
11.6 844
11.6167 845
11.6333 846
11.65 847
11.6667 848
11.6833 850
11.7 851
11.7167 852
11.7333 853
11.75 854
11.7667 855
11.7833 856
11.8 857
11.8167 858
11.8333 858
11.85 859
11.8667 860
11.8833 861
11.9 862
11.9167 863
11.9333 863
11.95 864
11.9667 865
11.9833 866
12.0 866
12.0167 867
12.0333 868
12.05 868
12.0667 869
12.0833 870
12.1 870
12.1167 871
12.1333 871
12.15 872
12.1667 872
12.1833 873
12.2 873
12.2167 874
12.2333 874
12.25 875
12.2667 875
12.2833 875
12.3 876
12.3167 876
12.3333 876
12.35 877
12.3667 877
12.3833 877
12.4 877
12.4167 878
12.4333 878
12.45 878
12.4667 878
12.4833 878
12.5 878
12.5167 878
12.5333 879
12.55 879
12.5667 879
12.5833 879
12.6 879
12.6167 879
12.6333 879
12.65 878
12.6667 878
12.6833 878
12.7 878
12.7167 878
12.7333 878
12.75 878
12.7667 877
12.7833 877
12.8 877
12.8167 877
12.8333 876
12.85 876
12.8667 876
12.8833 875
12.9 875
12.9167 874
12.9333 874
12.95 874
12.9667 873
12.9833 873
13.0 872
13.0167 872
13.0333 871
13.05 871
13.0667 870
13.0833 869
13.1 869
13.1167 868
13.1333 867
13.15 867
13.1667 866
13.1833 865
13.2 865
13.2167 864
13.2333 863
13.25 862
13.2667 861
13.2833 861
13.3 860
13.3167 859
13.3333 858
13.35 857
13.3667 856
13.3833 855
13.4 854
13.4167 853
13.4333 852
13.45 851
13.4667 850
13.4833 849
13.5 848
13.5167 847
13.5333 846
13.55 845
13.5667 843
13.5833 842
13.6 841
13.6167 840
13.6333 838
13.65 837
13.6667 836
13.6833 835
13.7 833
13.7167 832
13.7333 831
13.75 829
13.7667 828
13.7833 826
13.8 825
13.8167 823
13.8333 822
13.85 820
13.8667 819
13.8833 817
13.9 816
13.9167 814
13.9333 813
13.95 811
13.9667 809
13.9833 808
14.0 806
14.0167 804
14.0333 803
14.05 801
14.0667 799
14.0833 798
14.1 796
14.1167 794
14.1333 792
14.15 790
14.1667 788
14.1833 787
14.2 785
14.2167 783
14.2333 781
14.25 779
14.2667 777
14.2833 775
14.3 773
14.3167 771
14.3333 769
14.35 767
14.3667 765
14.3833 763
14.4 761
14.4167 759
14.4333 756
14.45 754
14.4667 752
14.4833 750
14.5 748
14.5167 746
14.5333 743
14.55 741
14.5667 739
14.5833 736
14.6 734
14.6167 732
14.6333 730
14.65 727
14.6667 725
14.6833 722
14.7 720
14.7167 718
14.7333 715
14.75 713
14.7667 710
14.7833 708
14.8 705
14.8167 703
14.8333 700
14.85 698
14.8667 695
14.8833 693
14.9 690
14.9167 687
14.9333 685
14.95 682
14.9667 679
14.9833 677
15.0 673
15.0167 670
15.0333 668
15.05 665
15.0667 662
15.0833 659
15.1 657
15.1167 654
15.1333 651
15.15 648
15.1667 645
15.1833 643
15.2 640
15.2167 637
15.2333 634
15.25 631
15.2667 628
15.2833 625
15.3 622
15.3167 619
15.3333 616
15.35 613
15.3667 610
15.3833 607
15.4 604
15.4167 601
15.4333 598
15.45 595
15.4667 592
15.4833 589
15.5 586
15.5167 583
15.5333 580
15.55 577
15.5667 573
15.5833 570
15.6 567
15.6167 564
15.6333 561
15.65 557
15.6667 554
15.6833 551
15.7 548
15.7167 545
15.7333 541
15.75 538
15.7667 535
15.7833 531
15.8 528
15.8167 525
15.8333 521
15.85 518
15.8667 515
15.8833 511
15.9 508
15.9167 505
15.9333 501
15.95 498
15.9667 494
15.9833 491
16.0 488
16.0167 484
16.0333 481
16.05 477
16.0667 474
16.0833 470
16.1 467
16.1167 463
16.1333 460
16.15 456
16.1667 453
16.1833 449
16.2 446
16.2167 442
16.2333 439
16.25 435
16.2667 432
16.2833 428
16.3 425
16.3167 421
16.3333 417
16.35 414
16.3667 410
16.3833 407
16.4 403
16.4167 399
16.4333 396
16.45 392
16.4667 389
16.4833 385
16.5 381
16.5167 378
16.5333 374
16.55 370
16.5667 367
16.5833 363
16.6 359
16.6167 356
16.6333 352
16.65 348
16.6667 345
16.6833 341
16.7 337
16.7167 334
16.7333 330
16.75 326
16.7667 323
16.7833 319
16.8 315
16.8167 312
16.8333 308
16.85 304
16.8667 301
16.8833 297
16.9 293
16.9167 290
16.9333 286
16.95 282
16.9667 279
16.9833 275
