8.0 230
8.0167 234
8.0333 237
8.05 241
8.0667 245
8.0833 248
8.1 252
8.1167 255
8.1333 259
8.15 263
8.1667 266
8.1833 270
8.2 273
8.2167 277
8.2333 281
8.25 284
8.2667 288
8.2833 292
8.3 295
8.3167 299
8.3333 303
8.35 306
8.3667 310
8.3833 313
8.4 317
8.4167 321
8.4333 324
8.45 328
8.4667 332
8.4833 335
8.5 339
8.5167 343
8.5333 346
8.55 350
8.5667 353
8.5833 357
8.6 361
8.6167 364
8.6333 368
8.65 371
8.6667 375
8.6833 379
8.7 382
8.7167 386
8.7333 389
8.75 393
8.7667 397
8.7833 400
8.8 404
8.8167 407
8.8333 411
8.85 414
8.8667 418
8.8833 421
8.9 425
8.9167 429
8.9333 432
8.95 436
8.9667 439
8.9833 443
9.0 446
9.0167 449
9.0333 452
9.05 456
9.0667 459
9.0833 463
9.1 466
9.1167 470
9.1333 473
9.15 477
9.1667 480
9.1833 483
9.2 487
9.2167 490
9.2333 493
9.25 497
9.2667 500
9.2833 503
9.3 507
9.3167 510
9.3333 513
9.35 517
9.3667 520
9.3833 523
9.4 527
9.4167 530
9.4333 533
9.45 536
9.4667 540
9.4833 543
9.5 546
9.5167 549
9.5333 552
9.55 555
9.5667 559
9.5833 562
9.6 565
9.6167 568
9.6333 571
9.65 574
9.6667 577
9.6833 580
9.7 583
9.7167 586
9.7333 589
9.75 592
9.7667 596
9.7833 598
9.8 601
9.8167 604
9.8333 607
9.85 610
9.8667 613
9.8833 616
9.9 619
9.9167 622
9.9333 625
9.95 628
9.9667 631
9.9833 633
10.0 636
10.0167 639
10.0333 642
10.05 644
10.0667 647
10.0833 650
10.1 653
10.1167 655
10.1333 658
10.15 661
10.1667 663
10.1833 666
10.2 669
10.2167 671
10.2333 674
10.25 677
10.2667 679
10.2833 682
10.3 684
10.3167 687
10.3333 689
10.35 692
10.3667 694
10.3833 697
10.4 699
10.4167 702
10.4333 704
10.45 706
10.4667 709
10.4833 711
10.5 714
10.5167 716
10.5333 718
10.55 720
10.5667 723
10.5833 725
10.6 727
10.6167 730
10.6333 732
10.65 734
10.6667 736
10.6833 738
10.7 740
10.7167 743
10.7333 745
10.75 747
10.7667 749
10.7833 751
10.8 753
10.8167 755
10.8333 757
10.85 759
10.8667 761
10.8833 763
10.9 765
10.9167 767
10.9333 769
10.95 771
10.9667 772
10.9833 774
11.0 776
11.0167 778
11.0333 780
11.05 782
11.0667 783
11.0833 785
11.1 787
11.1167 788
11.1333 790
11.15 792
11.1667 793
11.1833 795
11.2 797
11.2167 798
11.2333 800
11.25 801
11.2667 803
11.2833 804
11.3 806
11.3167 807
11.3333 809
11.35 810
11.3667 812
11.3833 813
11.4 815
11.4167 816
11.4333 817
11.45 819
11.4667 820
11.4833 821
11.5 823
11.5167 824
11.5333 825
11.55 826
11.5667 827
11.5833 829
11.6 830
11.6167 831
11.6333 832
11.65 833
11.6667 834
11.6833 835
11.7 836
11.7167 837
11.7333 838
11.75 839
11.7667 840
11.7833 841
11.8 842
11.8167 843
11.8333 844
11.85 845
11.8667 846
11.8833 846
11.9 847
11.9167 848
11.9333 849
11.95 849
11.9667 850
11.9833 851
12.0 852
12.0167 852
12.0333 853
12.05 854
12.0667 854
12.0833 855
12.1 855
12.1167 856
12.1333 856
12.15 857
12.1667 857
12.1833 858
12.2 858
12.2167 859
12.2333 859
12.25 859
12.2667 860
12.2833 860
12.3 860
12.3167 861
12.3333 861
12.35 861
12.3667 862
12.3833 862
12.4 862
12.4167 862
12.4333 862
12.45 862
12.4667 863
12.4833 863
12.5 863
12.5167 863
12.5333 863
12.55 863
12.5667 863
12.5833 863
12.6 863
12.6167 863
12.6333 863
12.65 863
12.6667 862
12.6833 862
12.7 862
12.7167 862
12.7333 862
12.75 861
12.7667 861
12.7833 861
12.8 861
12.8167 860
12.8333 860
12.85 860
12.8667 859
12.8833 859
12.9 859
12.9167 858
12.9333 858
12.95 857
12.9667 857
12.9833 856
13.0 856
13.0167 855
13.0333 855
13.05 854
13.0667 853
13.0833 853
13.1 852
13.1167 851
13.1333 851
13.15 850
13.1667 849
13.1833 849
13.2 848
13.2167 847
13.2333 846
13.25 845
13.2667 845
13.2833 844
13.3 843
13.3167 842
13.3333 841
13.35 840
13.3667 839
13.3833 838
13.4 837
13.4167 836
13.4333 835
13.45 834
13.4667 833
13.4833 832
13.5 831
13.5167 829
13.5333 828
13.55 827
13.5667 826
13.5833 825
13.6 823
13.6167 822
13.6333 821
13.65 820
13.6667 818
13.6833 817
13.7 816
13.7167 814
13.7333 813
13.75 811
13.7667 810
13.7833 809
13.8 807
13.8167 806
13.8333 804
13.85 803
13.8667 801
13.8833 799
13.9 798
13.9167 796
13.9333 795
13.95 793
13.9667 791
13.9833 790
14.0 788
14.0167 786
14.0333 785
14.05 783
14.0667 781
14.0833 779
14.1 777
14.1167 776
14.1333 774
14.15 772
14.1667 770
14.1833 768
14.2 766
14.2167 764
14.2333 762
14.25 760
14.2667 758
14.2833 756
14.3 754
14.3167 752
14.3333 750
14.35 748
14.3667 746
14.3833 744
14.4 742
14.4167 740
14.4333 738
14.45 736
14.4667 733
14.4833 731
14.5 729
14.5167 727
14.5333 724
14.55 722
14.5667 720
14.5833 718
14.6 715
14.6167 713
14.6333 711
14.65 708
14.6667 706
14.6833 703
14.7 701
14.7167 698
14.7333 696
14.75 694
14.7667 691
14.7833 689
14.8 686
14.8167 684
14.8333 681
14.85 678
14.8667 676
14.8833 673
14.9 671
14.9167 668
14.9333 665
14.95 663
14.9667 660
14.9833 657
15.0 654
15.0167 651
15.0333 648
15.05 645
15.0667 643
15.0833 640
15.1 637
15.1167 634
15.1333 632
15.15 629
15.1667 626
15.1833 623
15.2 620
15.2167 617
15.2333 614
15.25 611
15.2667 608
15.2833 606
15.3 603
15.3167 600
15.3333 597
15.35 594
15.3667 591
15.3833 588
15.4 585
15.4167 582
15.4333 578
15.45 575
15.4667 572
15.4833 569
15.5 566
15.5167 563
15.5333 560
15.55 557
15.5667 554
15.5833 550
15.6 547
15.6167 544
15.6333 541
15.65 538
15.6667 534
15.6833 531
15.7 528
15.7167 525
15.7333 521
15.75 518
15.7667 515
15.7833 511
15.8 508
15.8167 505
15.8333 502
15.85 498
15.8667 495
15.8833 491
15.9 488
15.9167 485
15.9333 481
15.95 478
15.9667 475
15.9833 471
16.0 468
16.0167 464
16.0333 461
16.05 457
16.0667 454
16.0833 450
16.1 447
16.1167 444
16.1333 440
16.15 437
16.1667 433
16.1833 430
16.2 426
16.2167 422
16.2333 419
16.25 415
16.2667 412
16.2833 408
16.3 405
16.3167 401
16.3333 398
16.35 394
16.3667 391
16.3833 387
16.4 383
16.4167 380
16.4333 376
16.45 373
16.4667 369
16.4833 365
16.5 362
16.5167 358
16.5333 355
16.55 351
16.5667 347
16.5833 344
16.6 340
16.6167 336
16.6333 333
16.65 329
16.6667 326
16.6833 322
16.7 318
16.7167 315
16.7333 311
16.75 307
16.7667 304
16.7833 300
16.8 296
16.8167 293
16.8333 289
16.85 286
16.8667 282
16.8833 278
16.9 275
16.9167 271
16.9333 267
16.95 264
16.9667 260
16.9833 257
