8.0 247
8.0167 250
8.0333 254
8.05 258
8.0667 262
8.0833 266
8.1 270
8.1167 273
8.1333 277
8.15 281
8.1667 285
8.1833 289
8.2 293
8.2167 297
8.2333 300
8.25 304
8.2667 308
8.2833 312
8.3 316
8.3167 320
8.3333 324
8.35 327
8.3667 331
8.3833 335
8.4 339
8.4167 343
8.4333 347
8.45 350
8.4667 354
8.4833 358
8.5 362
8.5167 366
8.5333 369
8.55 373
8.5667 377
8.5833 381
8.6 385
8.6167 388
8.6333 392
8.65 396
8.6667 400
8.6833 403
8.7 407
8.7167 411
8.7333 415
8.75 418
8.7667 422
8.7833 426
8.8 429
8.8167 433
8.8333 437
8.85 440
8.8667 444
8.8833 448
8.9 451
8.9167 455
8.9333 459
8.95 462
8.9667 466
8.9833 469
9.0 473
9.0167 476
9.0333 480
9.05 483
9.0667 487
9.0833 490
9.1 494
9.1167 497
9.1333 501
9.15 504
9.1667 508
9.1833 511
9.2 515
9.2167 518
9.2333 522
9.25 525
9.2667 528
9.2833 532
9.3 535
9.3167 539
9.3333 542
9.35 545
9.3667 549
9.3833 552
9.4 555
9.4167 559
9.4333 562
9.45 565
9.4667 569
9.4833 572
9.5 575
9.5167 578
9.5333 581
9.55 585
9.5667 588
9.5833 591
9.6 594
9.6167 597
9.6333 601
9.65 604
9.6667 607
9.6833 610
9.7 613
9.7167 616
9.7333 619
9.75 622
9.7667 625
9.7833 628
9.8 631
9.8167 634
9.8333 637
9.85 640
9.8667 643
9.8833 646
9.9 649
9.9167 652
9.9333 655
9.95 658
9.9667 660
9.9833 663
10.0 666
10.0167 669
10.0333 672
10.05 674
10.0667 677
10.0833 680
10.1 683
10.1167 685
10.1333 688
10.15 691
10.1667 693
10.1833 696
10.2 699
10.2167 701
10.2333 704
10.25 707
10.2667 709
10.2833 712
10.3 714
10.3167 717
10.3333 719
10.35 722
10.3667 724
10.3833 727
10.4 729
10.4167 732
10.4333 734
10.45 736
10.4667 739
10.4833 741
10.5 743
10.5167 746
10.5333 748
10.55 750
10.5667 753
10.5833 755
10.6 757
10.6167 759
10.6333 761
10.65 764
10.6667 766
10.6833 768
10.7 770
10.7167 772
10.7333 774
10.75 776
10.7667 778
10.7833 780
10.8 782
10.8167 784
10.8333 786
10.85 788
10.8667 790
10.8833 792
10.9 794
10.9167 796
10.9333 798
10.95 800
10.9667 802
10.9833 803
11.0 805
11.0167 807
11.0333 809
11.05 810
11.0667 812
11.0833 814
11.1 816
11.1167 817
11.1333 819
11.15 820
11.1667 822
11.1833 824
11.2 825
11.2167 827
11.2333 828
11.25 830
11.2667 831
11.2833 833
11.3 834
11.3167 836
11.3333 837
11.35 838
11.3667 840
11.3833 841
11.4 842
11.4167 844
11.4333 845
11.45 846
11.4667 848
11.4833 849
11.5 850
11.5167 851
11.5333 852
11.55 854
11.5667 855
11.5833 856
11.6 857
11.6167 858
11.6333 859
11.65 860
11.6667 861
11.6833 862
11.7 863
11.7167 864
11.7333 865
11.75 866
11.7667 867
11.7833 868
11.8 868
11.8167 869
11.8333 870
11.85 871
11.8667 872
11.8833 872
11.9 873
11.9167 874
11.9333 875
11.95 875
11.9667 876
11.9833 877
12.0 877
12.0167 878
12.0333 878
12.05 879
12.0667 879
12.0833 880
12.1 880
12.1167 881
12.1333 881
12.15 882
12.1667 882
12.1833 882
12.2 883
12.2167 883
12.2333 884
12.25 884
12.2667 884
12.2833 884
12.3 885
12.3167 885
12.3333 885
12.35 885
12.3667 885
12.3833 885
12.4 886
12.4167 886
12.4333 886
12.45 886
12.4667 886
12.4833 886
12.5 886
12.5167 886
12.5333 886
12.55 886
12.5667 886
12.5833 886
12.6 885
12.6167 885
12.6333 885
12.65 885
12.6667 885
12.6833 884
12.7 884
12.7167 884
12.7333 884
12.75 883
12.7667 883
12.7833 883
12.8 882
12.8167 882
12.8333 881
12.85 881
12.8667 881
12.8833 880
12.9 880
12.9167 879
12.9333 878
12.95 878
12.9667 877
12.9833 877
13.0 876
13.0167 875
13.0333 875
13.05 874
13.0667 873
13.0833 873
13.1 872
13.1167 871
13.1333 870
13.15 870
13.1667 869
13.1833 868
13.2 867
13.2167 866
13.2333 865
13.25 864
13.2667 863
13.2833 862
13.3 861
13.3167 860
13.3333 859
13.35 858
13.3667 857
13.3833 856
13.4 855
13.4167 854
13.4333 853
13.45 852
13.4667 850
13.4833 849
13.5 848
13.5167 847
13.5333 846
13.55 844
13.5667 843
13.5833 842
13.6 840
13.6167 839
13.6333 837
13.65 836
13.6667 835
13.6833 833
13.7 832
13.7167 830
13.7333 829
13.75 827
13.7667 826
13.7833 824
13.8 823
13.8167 821
13.8333 819
13.85 818
13.8667 816
13.8833 814
13.9 813
13.9167 811
13.9333 809
13.95 808
13.9667 806
13.9833 804
14.0 802
14.0167 800
14.0333 798
14.05 797
14.0667 795
14.0833 793
14.1 791
14.1167 789
14.1333 787
14.15 785
14.1667 783
14.1833 781
14.2 779
14.2167 777
14.2333 775
14.25 773
14.2667 771
14.2833 769
14.3 767
14.3167 764
14.3333 762
14.35 760
14.3667 758
14.3833 756
14.4 753
14.4167 751
14.4333 749
14.45 746
14.4667 744
14.4833 742
14.5 740
14.5167 737
14.5333 735
14.55 732
14.5667 730
14.5833 728
14.6 725
14.6167 723
14.6333 720
14.65 718
14.6667 715
14.6833 713
14.7 710
14.7167 707
14.7333 705
14.75 702
14.7667 700
14.7833 697
14.8 694
14.8167 692
14.8333 689
14.85 686
14.8667 684
14.8833 681
14.9 678
14.9167 675
14.9333 673
14.95 670
14.9667 667
14.9833 664
15.0 660
15.0167 657
15.0333 655
15.05 652
15.0667 649
15.0833 646
15.1 643
15.1167 640
15.1333 637
15.15 634
15.1667 631
15.1833 628
15.2 625
15.2167 622
15.2333 619
15.25 616
15.2667 613
15.2833 610
15.3 607
15.3167 604
15.3333 600
15.35 597
15.3667 594
15.3833 591
15.4 588
15.4167 585
15.4333 581
15.45 578
15.4667 575
15.4833 572
15.5 568
15.5167 565
15.5333 562
15.55 559
15.5667 555
15.5833 552
15.6 549
15.6167 545
15.6333 542
15.65 539
15.6667 535
15.6833 532
15.7 528
15.7167 525
15.7333 522
15.75 518
15.7667 515
15.7833 511
15.8 508
15.8167 504
15.8333 501
15.85 497
15.8667 494
15.8833 490
15.9 487
15.9167 483
15.9333 480
15.95 476
15.9667 472
15.9833 469
16.0 465
16.0167 462
16.0333 458
16.05 454
16.0667 451
16.0833 447
16.1 444
16.1167 440
16.1333 436
16.15 433
16.1667 429
16.1833 425
16.2 421
16.2167 418
16.2333 414
16.25 410
16.2667 407
16.2833 403
16.3 399
16.3167 395
16.3333 392
16.35 388
16.3667 384
16.3833 380
16.4 377
16.4167 373
16.4333 369
16.45 365
16.4667 361
16.4833 358
16.5 354
16.5167 350
16.5333 346
16.55 342
16.5667 339
16.5833 335
16.6 331
16.6167 327
16.6333 323
16.65 319
16.6667 316
16.6833 312
16.7 308
16.7167 304
16.7333 300
16.75 296
16.7667 292
16.7833 289
16.8 285
16.8167 281
16.8333 277
16.85 273
16.8667 269
16.8833 265
16.9 262
16.9167 258
16.9333 254
16.95 250
16.9667 246
16.9833 242
