8.0 225
8.0167 228
8.0333 232
8.05 236
8.0667 240
8.0833 244
8.1 247
8.1167 251
8.1333 255
8.15 259
8.1667 262
8.1833 266
8.2 270
8.2167 274
8.2333 277
8.25 281
8.2667 285
8.2833 289
8.3 293
8.3167 296
8.3333 300
8.35 304
8.3667 308
8.3833 311
8.4 315
8.4167 319
8.4333 323
8.45 326
8.4667 330
8.4833 334
8.5 338
8.5167 341
8.5333 345
8.55 349
8.5667 353
8.5833 356
8.6 360
8.6167 364
8.6333 367
8.65 371
8.6667 375
8.6833 378
8.7 382
8.7167 386
8.7333 389
8.75 393
8.7667 397
8.7833 400
8.8 404
8.8167 408
8.8333 411
8.85 415
8.8667 418
8.8833 422
8.9 426
8.9167 429
8.9333 433
8.95 436
8.9667 440
8.9833 443
9.0 447
9.0167 450
9.0333 453
9.05 457
9.0667 460
9.0833 464
9.1 467
9.1167 471
9.1333 474
9.15 477
9.1667 481
9.1833 484
9.2 488
9.2167 491
9.2333 494
9.25 498
9.2667 501
9.2833 505
9.3 508
9.3167 511
9.3333 515
9.35 518
9.3667 521
9.3833 524
9.4 528
9.4167 531
9.4333 534
9.45 537
9.4667 541
9.4833 544
9.5 547
9.5167 550
9.5333 553
9.55 556
9.5667 560
9.5833 563
9.6 566
9.6167 569
9.6333 572
9.65 575
9.6667 578
9.6833 581
9.7 584
9.7167 587
9.7333 590
9.75 593
9.7667 596
9.7833 599
9.8 602
9.8167 605
9.8333 608
9.85 611
9.8667 614
9.8833 617
9.9 620
9.9167 622
9.9333 625
9.95 628
9.9667 631
9.9833 634
10.0 636
10.0167 639
10.0333 642
10.05 645
10.0667 647
10.0833 650
10.1 653
10.1167 655
10.1333 658
10.15 661
10.1667 663
10.1833 666
10.2 668
10.2167 671
10.2333 673
10.25 676
10.2667 679
10.2833 681
10.3 683
10.3167 686
10.3333 688
10.35 691
10.3667 693
10.3833 696
10.4 698
10.4167 700
10.4333 703
10.45 705
10.4667 707
10.4833 710
10.5 712
10.5167 714
10.5333 716
10.55 719
10.5667 721
10.5833 723
10.6 725
10.6167 727
10.6333 730
10.65 732
10.6667 734
10.6833 736
10.7 738
10.7167 740
10.7333 742
10.75 744
10.7667 746
10.7833 748
10.8 750
10.8167 752
10.8333 754
10.85 756
10.8667 758
10.8833 759
10.9 761
10.9167 763
10.9333 765
10.95 767
10.9667 769
10.9833 770
11.0 772
11.0167 774
11.0333 775
11.05 777
11.0667 779
11.0833 780
11.1 782
11.1167 784
11.1333 785
11.15 787
11.1667 788
11.1833 790
11.2 791
11.2167 793
11.2333 794
11.25 796
11.2667 797
11.2833 799
11.3 800
11.3167 801
11.3333 803
11.35 804
11.3667 805
11.3833 807
11.4 808
11.4167 809
11.4333 810
11.45 812
11.4667 813
11.4833 814
11.5 815
11.5167 816
11.5333 817
11.55 819
11.5667 820
11.5833 821
11.6 822
11.6167 823
11.6333 824
11.65 825
11.6667 826
11.6833 827
11.7 828
11.7167 828
11.7333 829
11.75 830
11.7667 831
11.7833 832
11.8 833
11.8167 833
11.8333 834
11.85 835
11.8667 836
11.8833 836
11.9 837
11.9167 838
11.9333 838
11.95 839
11.9667 840
11.9833 840
12.0 841
12.0167 841
12.0333 842
12.05 842
12.0667 843
12.0833 843
12.1 844
12.1167 844
12.1333 844
12.15 845
12.1667 845
12.1833 845
12.2 846
12.2167 846
12.2333 846
12.25 847
12.2667 847
12.2833 847
12.3 847
12.3167 847
12.3333 848
12.35 848
12.3667 848
12.3833 848
12.4 848
12.4167 848
12.4333 848
12.45 848
12.4667 848
12.4833 848
12.5 848
12.5167 848
12.5333 848
12.55 848
12.5667 847
12.5833 847
12.6 847
12.6167 847
12.6333 847
12.65 846
12.6667 846
12.6833 846
12.7 846
12.7167 845
12.7333 845
12.75 845
12.7667 844
12.7833 844
12.8 843
12.8167 843
12.8333 842
12.85 842
12.8667 841
12.8833 841
12.9 840
12.9167 840
12.9333 839
12.95 839
12.9667 838
12.9833 837
13.0 837
13.0167 836
13.0333 835
13.05 835
13.0667 834
13.0833 833
13.1 832
13.1167 831
13.1333 831
13.15 830
13.1667 829
13.1833 828
13.2 827
13.2167 826
13.2333 825
13.25 824
13.2667 823
13.2833 822
13.3 821
13.3167 820
13.3333 819
13.35 818
13.3667 817
13.3833 816
13.4 815
13.4167 813
13.4333 812
13.45 811
13.4667 810
13.4833 808
13.5 807
13.5167 806
13.5333 805
13.55 803
13.5667 802
13.5833 801
13.6 799
13.6167 798
13.6333 796
13.65 795
13.6667 793
13.6833 792
13.7 790
13.7167 789
13.7333 787
13.75 786
13.7667 784
13.7833 783
13.8 781
13.8167 779
13.8333 778
13.85 776
13.8667 774
13.8833 773
13.9 771
13.9167 769
13.9333 767
13.95 766
13.9667 764
13.9833 762
14.0 760
14.0167 758
14.0333 756
14.05 755
14.0667 753
14.0833 751
14.1 749
14.1167 747
14.1333 745
14.15 743
14.1667 741
14.1833 739
14.2 737
14.2167 735
14.2333 732
14.25 730
14.2667 728
14.2833 726
14.3 724
14.3167 722
14.3333 720
14.35 717
14.3667 715
14.3833 713
14.4 711
14.4167 708
14.4333 706
14.45 704
14.4667 701
14.4833 699
14.5 697
14.5167 694
14.5333 692
14.55 689
14.5667 687
14.5833 684
14.6 682
14.6167 679
14.6333 677
14.65 674
14.6667 672
14.6833 669
14.7 667
14.7167 664
14.7333 662
14.75 659
14.7667 656
14.7833 654
14.8 651
14.8167 648
14.8333 646
14.85 643
14.8667 640
14.8833 637
14.9 635
14.9167 632
14.9333 629
14.95 626
14.9667 623
14.9833 621
15.0 617
15.0167 614
15.0333 611
15.05 608
15.0667 605
15.0833 602
15.1 599
15.1167 596
15.1333 593
15.15 590
15.1667 587
15.1833 584
15.2 581
15.2167 578
15.2333 575
15.25 572
15.2667 569
15.2833 566
15.3 563
15.3167 560
15.3333 557
15.35 553
15.3667 550
15.3833 547
15.4 544
15.4167 541
15.4333 538
15.45 534
15.4667 531
15.4833 528
15.5 525
15.5167 521
15.5333 518
15.55 515
15.5667 511
15.5833 508
15.6 505
15.6167 501
15.6333 498
15.65 495
15.6667 491
15.6833 488
15.7 485
15.7167 481
15.7333 478
15.75 474
15.7667 471
15.7833 467
15.8 464
15.8167 460
15.8333 457
15.85 453
15.8667 450
15.8833 446
15.9 443
15.9167 439
15.9333 436
15.95 432
15.9667 429
15.9833 425
16.0 422
16.0167 418
16.0333 414
16.05 411
16.0667 407
16.0833 404
16.1 400
16.1167 396
16.1333 393
16.15 389
16.1667 385
16.1833 382
16.2 378
16.2167 374
16.2333 371
16.25 367
16.2667 363
16.2833 360
16.3 356
16.3167 352
16.3333 349
16.35 345
16.3667 341
16.3833 337
16.4 334
16.4167 330
16.4333 326
16.45 322
16.4667 319
16.4833 315
16.5 311
16.5167 307
16.5333 304
16.55 300
16.5667 296
16.5833 292
16.6 289
16.6167 285
16.6333 281
16.65 277
16.6667 274
16.6833 270
16.7 266
16.7167 262
16.7333 258
16.75 255
16.7667 251
16.7833 247
16.8 243
16.8167 240
16.8333 236
16.85 232
16.8667 228
16.8833 225
16.9 221
16.9167 217
16.9333 213
16.95 210
16.9667 206
16.9833 202
