8.0 228
8.0167 232
8.0333 236
8.05 240
8.0667 244
8.0833 247
8.1 251
8.1167 255
8.1333 259
8.15 263
8.1667 266
8.1833 270
8.2 274
8.2167 278
8.2333 282
8.25 285
8.2667 289
8.2833 293
8.3 297
8.3167 301
8.3333 304
8.35 308
8.3667 312
8.3833 316
8.4 320
8.4167 323
8.4333 327
8.45 331
8.4667 335
8.4833 339
8.5 342
8.5167 346
8.5333 350
8.55 354
8.5667 357
8.5833 361
8.6 365
8.6167 369
8.6333 372
8.65 376
8.6667 380
8.6833 383
8.7 387
8.7167 391
8.7333 394
8.75 398
8.7667 402
8.7833 405
8.8 409
8.8167 413
8.8333 416
8.85 420
8.8667 424
8.8833 427
8.9 431
8.9167 434
8.9333 438
8.95 442
8.9667 445
8.9833 449
9.0 452
9.0167 455
9.0333 458
9.05 462
9.0667 466
9.0833 469
9.1 472
9.1167 476
9.1333 479
9.15 483
9.1667 486
9.1833 490
9.2 493
9.2167 497
9.2333 500
9.25 503
9.2667 507
9.2833 510
9.3 513
9.3167 517
9.3333 520
9.35 523
9.3667 527
9.3833 530
9.4 533
9.4167 536
9.4333 540
9.45 543
9.4667 546
9.4833 549
9.5 553
9.5167 556
9.5333 559
9.55 562
9.5667 565
9.5833 568
9.6 572
9.6167 575
9.6333 578
9.65 581
9.6667 584
9.6833 587
9.7 590
9.7167 593
9.7333 596
9.75 599
9.7667 602
9.7833 605
9.8 608
9.8167 611
9.8333 614
9.85 617
9.8667 619
9.8833 622
9.9 625
9.9167 628
9.9333 631
9.95 634
9.9667 637
9.9833 639
10.0 642
10.0167 645
10.0333 648
10.05 650
10.0667 653
10.0833 656
10.1 658
10.1167 661
10.1333 664
10.15 666
10.1667 669
10.1833 671
10.2 674
10.2167 677
10.2333 679
10.25 682
10.2667 684
10.2833 687
10.3 689
10.3167 692
10.3333 694
10.35 697
10.3667 699
10.3833 701
10.4 704
10.4167 706
10.4333 708
10.45 711
10.4667 713
10.4833 715
10.5 718
10.5167 720
10.5333 722
10.55 724
10.5667 727
10.5833 729
10.6 731
10.6167 733
10.6333 735
10.65 737
10.6667 739
10.6833 741
10.7 744
10.7167 746
10.7333 748
10.75 750
10.7667 752
10.7833 754
10.8 756
10.8167 758
10.8333 759
10.85 761
10.8667 763
10.8833 765
10.9 767
10.9167 769
10.9333 771
10.95 772
10.9667 774
10.9833 776
11.0 778
11.0167 779
11.0333 781
11.05 783
11.0667 784
11.0833 786
11.1 788
11.1167 789
11.1333 791
11.15 792
11.1667 794
11.1833 795
11.2 797
11.2167 798
11.2333 800
11.25 801
11.2667 803
11.2833 804
11.3 806
11.3167 807
11.3333 808
11.35 810
11.3667 811
11.3833 812
11.4 813
11.4167 815
11.4333 816
11.45 817
11.4667 818
11.4833 819
11.5 821
11.5167 822
11.5333 823
11.55 824
11.5667 825
11.5833 826
11.6 827
11.6167 828
11.6333 829
11.65 830
11.6667 831
11.6833 832
11.7 833
11.7167 834
11.7333 835
11.75 836
11.7667 836
11.7833 837
11.8 838
11.8167 839
11.8333 839
11.85 840
11.8667 841
11.8833 842
11.9 842
11.9167 843
11.9333 844
11.95 844
11.9667 845
11.9833 845
12.0 846
12.0167 846
12.0333 847
12.05 847
12.0667 848
12.0833 848
12.1 849
12.1167 849
12.1333 850
12.15 850
12.1667 850
12.1833 851
12.2 851
12.2167 851
12.2333 851
12.25 852
12.2667 852
12.2833 852
12.3 852
12.3167 852
12.3333 853
12.35 853
12.3667 853
12.3833 853
12.4 853
12.4167 853
12.4333 853
12.45 853
12.4667 853
12.4833 853
12.5 853
12.5167 853
12.5333 853
12.55 853
12.5667 852
12.5833 852
12.6 852
12.6167 852
12.6333 852
12.65 851
12.6667 851
12.6833 851
12.7 850
12.7167 850
12.7333 850
12.75 849
12.7667 849
12.7833 849
12.8 848
12.8167 848
12.8333 847
12.85 847
12.8667 846
12.8833 846
12.9 845
12.9167 845
12.9333 844
12.95 843
12.9667 843
12.9833 842
13.0 841
13.0167 841
13.0333 840
13.05 839
13.0667 838
13.0833 838
13.1 837
13.1167 836
13.1333 835
13.15 834
13.1667 833
13.1833 833
13.2 832
13.2167 831
13.2333 830
13.25 829
13.2667 828
13.2833 827
13.3 826
13.3167 825
13.3333 824
13.35 822
13.3667 821
13.3833 820
13.4 819
13.4167 818
13.4333 817
13.45 815
13.4667 814
13.4833 813
13.5 812
13.5167 810
13.5333 809
13.55 808
13.5667 806
13.5833 805
13.6 804
13.6167 802
13.6333 801
13.65 799
13.6667 798
13.6833 796
13.7 795
13.7167 793
13.7333 792
13.75 790
13.7667 789
13.7833 787
13.8 785
13.8167 784
13.8333 782
13.85 780
13.8667 779
13.8833 777
13.9 775
13.9167 773
13.9333 772
13.95 770
13.9667 768
13.9833 766
14.0 764
14.0167 762
14.0333 761
14.05 759
14.0667 757
14.0833 755
14.1 753
14.1167 751
14.1333 749
14.15 747
14.1667 745
14.1833 743
14.2 741
14.2167 739
14.2333 737
14.25 734
14.2667 732
14.2833 730
14.3 728
14.3167 726
14.3333 724
14.35 721
14.3667 719
14.3833 717
14.4 714
14.4167 712
14.4333 710
14.45 708
14.4667 705
14.4833 703
14.5 700
14.5167 698
14.5333 696
14.55 693
14.5667 691
14.5833 688
14.6 686
14.6167 683
14.6333 681
14.65 678
14.6667 676
14.6833 673
14.7 670
14.7167 668
14.7333 665
14.75 663
14.7667 660
14.7833 657
14.8 655
14.8167 652
14.8333 649
14.85 647
14.8667 644
14.8833 641
14.9 638
14.9167 635
14.9333 633
14.95 630
14.9667 627
14.9833 624
15.0 620
15.0167 617
15.0333 614
15.05 611
15.0667 609
15.0833 606
15.1 603
15.1167 600
15.1333 597
15.15 594
15.1667 591
15.1833 588
15.2 585
15.2167 582
15.2333 579
15.25 575
15.2667 572
15.2833 569
15.3 566
15.3167 563
15.3333 560
15.35 557
15.3667 553
15.3833 550
15.4 547
15.4167 544
15.4333 541
15.45 537
15.4667 534
15.4833 531
15.5 528
15.5167 524
15.5333 521
15.55 518
15.5667 514
15.5833 511
15.6 508
15.6167 504
15.6333 501
15.65 498
15.6667 494
15.6833 491
15.7 487
15.7167 484
15.7333 480
15.75 477
15.7667 474
15.7833 470
15.8 467
15.8167 463
15.8333 460
15.85 456
15.8667 453
15.8833 449
15.9 445
15.9167 442
15.9333 438
15.95 435
15.9667 431
15.9833 428
16.0 424
16.0167 420
16.0333 417
16.05 413
16.0667 410
16.0833 406
16.1 402
16.1167 399
16.1333 395
16.15 391
16.1667 388
16.1833 384
16.2 380
16.2167 377
16.2333 373
16.25 369
16.2667 365
16.2833 362
16.3 358
16.3167 354
16.3333 350
16.35 347
16.3667 343
16.3833 339
16.4 335
16.4167 332
16.4333 328
16.45 324
16.4667 320
16.4833 317
16.5 313
16.5167 309
16.5333 305
16.55 301
16.5667 298
16.5833 294
16.6 290
16.6167 286
16.6333 282
16.65 279
16.6667 275
16.6833 271
16.7 267
16.7167 263
16.7333 260
16.75 256
16.7667 252
16.7833 248
16.8 244
16.8167 240
16.8333 237
16.85 233
16.8667 229
16.8833 225
16.9 221
16.9167 218
16.9333 214
16.95 210
16.9667 206
16.9833 203
