8.0 208
8.0167 211
8.0333 215
8.05 219
8.0667 223
8.0833 227
8.1 230
8.1167 234
8.1333 238
8.15 242
8.1667 245
8.1833 249
8.2 253
8.2167 257
8.2333 261
8.25 264
8.2667 268
8.2833 272
8.3 276
8.3167 279
8.3333 283
8.35 287
8.3667 291
8.3833 294
8.4 298
8.4167 302
8.4333 306
8.45 309
8.4667 313
8.4833 317
8.5 321
8.5167 324
8.5333 328
8.55 332
8.5667 335
8.5833 339
8.6 343
8.6167 346
8.6333 350
8.65 354
8.6667 357
8.6833 361
8.7 365
8.7167 368
8.7333 372
8.75 376
8.7667 379
8.7833 383
8.8 387
8.8167 390
8.8333 394
8.85 397
8.8667 401
8.8833 404
8.9 408
8.9167 412
8.9333 415
8.95 419
8.9667 422
8.9833 426
9.0 429
9.0167 432
9.0333 435
9.05 439
9.0667 442
9.0833 446
9.1 449
9.1167 452
9.1333 456
9.15 459
9.1667 463
9.1833 466
9.2 469
9.2167 473
9.2333 476
9.25 479
9.2667 483
9.2833 486
9.3 489
9.3167 493
9.3333 496
9.35 499
9.3667 502
9.3833 506
9.4 509
9.4167 512
9.4333 515
9.45 519
9.4667 522
9.4833 525
9.5 528
9.5167 531
9.5333 534
9.55 537
9.5667 541
9.5833 544
9.6 547
9.6167 550
9.6333 553
9.65 556
9.6667 559
9.6833 562
9.7 565
9.7167 568
9.7333 571
9.75 574
9.7667 577
9.7833 580
9.8 582
9.8167 585
9.8333 588
9.85 591
9.8667 594
9.8833 597
9.9 600
9.9167 602
9.9333 605
9.95 608
9.9667 611
9.9833 613
10.0 616
10.0167 619
10.0333 622
10.05 624
10.0667 627
10.0833 630
10.1 632
10.1167 635
10.1333 637
10.15 640
10.1667 643
10.1833 645
10.2 648
10.2167 650
10.2333 653
10.25 655
10.2667 658
10.2833 660
10.3 662
10.3167 665
10.3333 667
10.35 670
10.3667 672
10.3833 674
10.4 677
10.4167 679
10.4333 681
10.45 684
10.4667 686
10.4833 688
10.5 690
10.5167 693
10.5333 695
10.55 697
10.5667 699
10.5833 701
10.6 703
10.6167 705
10.6333 708
10.65 710
10.6667 712
10.6833 714
10.7 716
10.7167 718
10.7333 720
10.75 722
10.7667 724
10.7833 726
10.8 727
10.8167 729
10.8333 731
10.85 733
10.8667 735
10.8833 737
10.9 739
10.9167 740
10.9333 742
10.95 744
10.9667 746
10.9833 747
11.0 749
11.0167 751
11.0333 752
11.05 754
11.0667 756
11.0833 757
11.1 759
11.1167 760
11.1333 762
11.15 763
11.1667 765
11.1833 766
11.2 768
11.2167 769
11.2333 771
11.25 772
11.2667 773
11.2833 775
11.3 776
11.3167 777
11.3333 779
11.35 780
11.3667 781
11.3833 783
11.4 784
11.4167 785
11.4333 786
11.45 787
11.4667 789
11.4833 790
11.5 791
11.5167 792
11.5333 793
11.55 794
11.5667 795
11.5833 796
11.6 797
11.6167 798
11.6333 799
11.65 800
11.6667 801
11.6833 802
11.7 803
11.7167 804
11.7333 804
11.75 805
11.7667 806
11.7833 807
11.8 807
11.8167 808
11.8333 809
11.85 810
11.8667 810
11.8833 811
11.9 812
11.9167 812
11.9333 813
11.95 813
11.9667 814
11.9833 814
12.0 815
12.0167 816
12.0333 816
12.05 816
12.0667 817
12.0833 817
12.1 818
12.1167 818
12.1333 818
12.15 819
12.1667 819
12.1833 819
12.2 820
12.2167 820
12.2333 820
12.25 820
12.2667 821
12.2833 821
12.3 821
12.3167 821
12.3333 821
12.35 821
12.3667 821
12.3833 821
12.4 821
12.4167 821
12.4333 821
12.45 821
12.4667 821
12.4833 821
12.5 821
12.5167 821
12.5333 821
12.55 821
12.5667 820
12.5833 820
12.6 820
12.6167 820
12.6333 820
12.65 819
12.6667 819
12.6833 819
12.7 818
12.7167 818
12.7333 818
12.75 817
12.7667 817
12.7833 816
12.8 816
12.8167 815
12.8333 815
12.85 814
12.8667 814
12.8833 813
12.9 813
12.9167 812
12.9333 812
12.95 811
12.9667 810
12.9833 810
13.0 809
13.0167 808
13.0333 807
13.05 807
13.0667 806
13.0833 805
13.1 804
13.1167 803
13.1333 803
13.15 802
13.1667 801
13.1833 800
13.2 799
13.2167 798
13.2333 797
13.25 796
13.2667 795
13.2833 794
13.3 793
13.3167 792
13.3333 791
13.35 790
13.3667 788
13.3833 787
13.4 786
13.4167 785
13.4333 784
13.45 782
13.4667 781
13.4833 780
13.5 779
13.5167 777
13.5333 776
13.55 775
13.5667 773
13.5833 772
13.6 770
13.6167 769
13.6333 768
13.65 766
13.6667 765
13.6833 763
13.7 762
13.7167 760
13.7333 758
13.75 757
13.7667 755
13.7833 754
13.8 752
13.8167 750
13.8333 749
13.85 747
13.8667 745
13.8833 744
13.9 742
13.9167 740
13.9333 738
13.95 736
13.9667 735
13.9833 733
14.0 731
14.0167 729
14.0333 727
14.05 725
14.0667 723
14.0833 721
14.1 719
14.1167 717
14.1333 715
14.15 713
14.1667 711
14.1833 709
14.2 707
14.2167 705
14.2333 703
14.25 701
14.2667 699
14.2833 697
14.3 694
14.3167 692
14.3333 690
14.35 688
14.3667 685
14.3833 683
14.4 681
14.4167 679
14.4333 676
14.45 674
14.4667 672
14.4833 669
14.5 667
14.5167 664
14.5333 662
14.55 660
14.5667 657
14.5833 655
14.6 652
14.6167 650
14.6333 647
14.65 645
14.6667 642
14.6833 640
14.7 637
14.7167 634
14.7333 632
14.75 629
14.7667 626
14.7833 624
14.8 621
14.8167 618
14.8333 616
14.85 613
14.8667 610
14.8833 607
14.9 605
14.9167 602
14.9333 599
14.95 596
14.9667 593
14.9833 591
15.0 587
15.0167 584
15.0333 581
15.05 578
15.0667 575
15.0833 572
15.1 569
15.1167 566
15.1333 563
15.15 560
15.1667 557
15.1833 554
15.2 551
15.2167 548
15.2333 545
15.25 542
15.2667 539
15.2833 536
15.3 533
15.3167 530
15.3333 527
15.35 523
15.3667 520
15.3833 517
15.4 514
15.4167 511
15.4333 508
15.45 504
15.4667 501
15.4833 498
15.5 495
15.5167 491
15.5333 488
15.55 485
15.5667 481
15.5833 478
15.6 475
15.6167 471
15.6333 468
15.65 465
15.6667 461
15.6833 458
15.7 454
15.7167 451
15.7333 448
15.75 444
15.7667 441
15.7833 437
15.8 434
15.8167 430
15.8333 427
15.85 423
15.8667 420
15.8833 416
15.9 413
15.9167 409
15.9333 406
15.95 402
15.9667 399
15.9833 395
16.0 391
16.0167 388
16.0333 384
16.05 381
16.0667 377
16.0833 373
16.1 370
16.1167 366
16.1333 363
16.15 359
16.1667 355
16.1833 352
16.2 348
16.2167 344
16.2333 341
16.25 337
16.2667 333
16.2833 329
16.3 326
16.3167 322
16.3333 318
16.35 315
16.3667 311
16.3833 307
16.4 303
16.4167 300
16.4333 296
16.45 292
16.4667 288
16.4833 285
16.5 281
16.5167 277
16.5333 273
16.55 270
16.5667 266
16.5833 262
16.6 258
16.6167 255
16.6333 251
16.65 247
16.6667 243
16.6833 240
16.7 236
16.7167 232
16.7333 228
16.75 224
16.7667 221
16.7833 217
16.8 213
16.8167 209
16.8333 206
16.85 202
16.8667 198
16.8833 194
16.9 191
16.9167 187
16.9333 183
16.95 180
16.9667 176
16.9833 172
