8.0 170
8.0167 174
8.0333 177
8.05 181
8.0667 184
8.0833 188
8.1 191
8.1167 195
8.1333 199
8.15 202
8.1667 206
8.1833 209
8.2 213
8.2167 216
8.2333 220
8.25 223
8.2667 227
8.2833 231
8.3 234
8.3167 238
8.3333 241
8.35 245
8.3667 248
8.3833 252
8.4 256
8.4167 259
8.4333 263
8.45 266
8.4667 270
8.4833 273
8.5 277
8.5167 281
8.5333 284
8.55 288
8.5667 291
8.5833 295
8.6 298
8.6167 302
8.6333 305
8.65 309
8.6667 312
8.6833 316
8.7 319
8.7167 323
8.7333 326
8.75 330
8.7667 334
8.7833 337
8.8 340
8.8167 344
8.8333 347
8.85 351
8.8667 354
8.8833 358
8.9 361
8.9167 365
8.9333 368
8.95 372
8.9667 375
8.9833 378
9.0 382
9.0167 384
9.0333 388
9.05 391
9.0667 394
9.0833 398
9.1 401
9.1167 404
9.1333 408
9.15 411
9.1667 414
9.1833 418
9.2 421
9.2167 424
9.2333 427
9.25 431
9.2667 434
9.2833 437
9.3 440
9.3167 444
9.3333 447
9.35 450
9.3667 453
9.3833 456
9.4 459
9.4167 463
9.4333 466
9.45 469
9.4667 472
9.4833 475
9.5 478
9.5167 481
9.5333 484
9.55 487
9.5667 490
9.5833 493
9.6 496
9.6167 499
9.6333 502
9.65 505
9.6667 508
9.6833 511
9.7 514
9.7167 517
9.7333 520
9.75 523
9.7667 526
9.7833 529
9.8 531
9.8167 534
9.8333 537
9.85 540
9.8667 543
9.8833 545
9.9 548
9.9167 551
9.9333 554
9.95 556
9.9667 559
9.9833 562
10.0 564
10.0167 567
10.0333 570
10.05 572
10.0667 575
10.0833 578
10.1 580
10.1167 583
10.1333 585
10.15 588
10.1667 590
10.1833 593
10.2 595
10.2167 598
10.2333 600
10.25 603
10.2667 605
10.2833 607
10.3 610
10.3167 612
10.3333 615
10.35 617
10.3667 619
10.3833 622
10.4 624
10.4167 626
10.4333 628
10.45 631
10.4667 633
10.4833 635
10.5 637
10.5167 640
10.5333 642
10.55 644
10.5667 646
10.5833 648
10.6 650
10.6167 652
10.6333 654
10.65 656
10.6667 658
10.6833 660
10.7 662
10.7167 664
10.7333 666
10.75 668
10.7667 670
10.7833 672
10.8 674
10.8167 676
10.8333 678
10.85 679
10.8667 681
10.8833 683
10.9 685
10.9167 687
10.9333 688
10.95 690
10.9667 692
10.9833 693
11.0 695
11.0167 697
11.0333 698
11.05 700
11.0667 702
11.0833 703
11.1 705
11.1167 706
11.1333 708
11.15 709
11.1667 711
11.1833 712
11.2 714
11.2167 715
11.2333 716
11.25 718
11.2667 719
11.2833 721
11.3 722
11.3167 723
11.3333 725
11.35 726
11.3667 727
11.3833 728
11.4 730
11.4167 731
11.4333 732
11.45 733
11.4667 734
11.4833 735
11.5 736
11.5167 737
11.5333 739
11.55 740
11.5667 741
11.5833 742
11.6 743
11.6167 744
11.6333 745
11.65 745
11.6667 746
11.6833 747
11.7 748
11.7167 749
11.7333 750
11.75 751
11.7667 751
11.7833 752
11.8 753
11.8167 754
11.8333 754
11.85 755
11.8667 756
11.8833 756
11.9 757
11.9167 758
11.9333 758
11.95 759
11.9667 759
11.9833 760
12.0 760
12.0167 761
12.0333 761
12.05 762
12.0667 762
12.0833 763
12.1 763
12.1167 763
12.1333 764
12.15 764
12.1667 764
12.1833 765
12.2 765
12.2167 765
12.2333 765
12.25 766
12.2667 766
12.2833 766
12.3 766
12.3167 766
12.3333 766
12.35 766
12.3667 767
12.3833 767
12.4 767
12.4167 767
12.4333 767
12.45 767
12.4667 767
12.4833 766
12.5 766
12.5167 766
12.5333 766
12.55 766
12.5667 766
12.5833 766
12.6 765
12.6167 765
12.6333 765
12.65 765
12.6667 764
12.6833 764
12.7 764
12.7167 763
12.7333 763
12.75 763
12.7667 762
12.7833 762
12.8 761
12.8167 761
12.8333 760
12.85 760
12.8667 759
12.8833 759
12.9 758
12.9167 758
12.9333 757
12.95 756
12.9667 756
12.9833 755
13.0 754
13.0167 754
13.0333 753
13.05 752
13.0667 752
13.0833 751
13.1 750
13.1167 749
13.1333 748
13.15 747
13.1667 746
13.1833 746
13.2 745
13.2167 744
13.2333 743
13.25 742
13.2667 741
13.2833 740
13.3 739
13.3167 738
13.3333 737
13.35 735
13.3667 734
13.3833 733
13.4 732
13.4167 731
13.4333 730
13.45 728
13.4667 727
13.4833 726
13.5 725
13.5167 723
13.5333 722
13.55 721
13.5667 719
13.5833 718
13.6 717
13.6167 715
13.6333 714
13.65 712
13.6667 711
13.6833 710
13.7 708
13.7167 706
13.7333 705
13.75 703
13.7667 702
13.7833 700
13.8 699
13.8167 697
13.8333 695
13.85 694
13.8667 692
13.8833 690
13.9 689
13.9167 687
13.9333 685
13.95 683
13.9667 682
13.9833 680
14.0 678
14.0167 676
14.0333 674
14.05 672
14.0667 670
14.0833 668
14.1 667
14.1167 665
14.1333 663
14.15 661
14.1667 659
14.1833 657
14.2 655
14.2167 653
14.2333 650
14.25 648
14.2667 646
14.2833 644
14.3 642
14.3167 640
14.3333 638
14.35 635
14.3667 633
14.3833 631
14.4 629
14.4167 627
14.4333 624
14.45 622
14.4667 620
14.4833 617
14.5 615
14.5167 613
14.5333 610
14.55 608
14.5667 605
14.5833 603
14.6 601
14.6167 598
14.6333 596
14.65 593
14.6667 591
14.6833 588
14.7 586
14.7167 583
14.7333 581
14.75 578
14.7667 575
14.7833 573
14.8 570
14.8167 567
14.8333 565
14.85 562
14.8667 559
14.8833 557
14.9 554
14.9167 551
14.9333 549
14.95 546
14.9667 543
14.9833 540
15.0 537
15.0167 534
15.0333 531
15.05 528
15.0667 525
15.0833 522
15.1 520
15.1167 517
15.1333 514
15.15 511
15.1667 508
15.1833 505
15.2 502
15.2167 499
15.2333 496
15.25 493
15.2667 490
15.2833 487
15.3 484
15.3167 481
15.3333 478
15.35 475
15.3667 472
15.3833 469
15.4 465
15.4167 462
15.4333 459
15.45 456
15.4667 453
15.4833 450
15.5 446
15.5167 443
15.5333 440
15.55 437
15.5667 434
15.5833 430
15.6 427
15.6167 424
15.6333 421
15.65 417
15.6667 414
15.6833 411
15.7 407
15.7167 404
15.7333 401
15.75 397
15.7667 394
15.7833 391
15.8 387
15.8167 384
15.8333 381
15.85 377
15.8667 374
15.8833 370
15.9 367
15.9167 364
15.9333 360
15.95 357
15.9667 353
15.9833 350
16.0 346
16.0167 343
16.0333 339
16.05 336
16.0667 333
16.0833 329
16.1 326
16.1167 322
16.1333 319
16.15 315
16.1667 311
16.1833 308
16.2 304
16.2167 301
16.2333 297
16.25 294
16.2667 290
16.2833 287
16.3 283
16.3167 280
16.3333 276
16.35 273
16.3667 269
16.3833 265
16.4 262
16.4167 258
16.4333 255
16.45 251
16.4667 248
16.4833 244
16.5 240
16.5167 237
16.5333 233
16.55 230
16.5667 226
16.5833 223
16.6 219
16.6167 215
16.6333 212
16.65 208
16.6667 205
16.6833 201
16.7 198
16.7167 194
16.7333 191
16.75 187
16.7667 184
16.7833 180
16.8 177
16.8167 173
16.8333 170
16.85 166
16.8667 163
16.8833 159
16.9 156
16.9167 152
16.9333 149
16.95 145
16.9667 142
16.9833 139
