8.0 144
8.0167 148
8.0333 151
8.05 155
8.0667 158
8.0833 162
8.1 165
8.1167 169
8.1333 172
8.15 176
8.1667 179
8.1833 183
8.2 187
8.2167 190
8.2333 194
8.25 197
8.2667 201
8.2833 204
8.3 208
8.3167 212
8.3333 215
8.35 219
8.3667 222
8.3833 226
8.4 229
8.4167 233
8.4333 237
8.45 240
8.4667 244
8.4833 247
8.5 251
8.5167 254
8.5333 258
8.55 262
8.5667 265
8.5833 269
8.6 272
8.6167 276
8.6333 279
8.65 283
8.6667 286
8.6833 290
8.7 293
8.7167 297
8.7333 300
8.75 304
8.7667 307
8.7833 311
8.8 314
8.8167 318
8.8333 321
8.85 325
8.8667 328
8.8833 332
8.9 335
8.9167 339
8.9333 342
8.95 345
8.9667 349
8.9833 352
9.0 356
9.0167 358
9.0333 362
9.05 365
9.0667 368
9.0833 372
9.1 375
9.1167 378
9.1333 382
9.15 385
9.1667 388
9.1833 392
9.2 395
9.2167 398
9.2333 401
9.25 405
9.2667 408
9.2833 411
9.3 414
9.3167 418
9.3333 421
9.35 424
9.3667 427
9.3833 430
9.4 434
9.4167 437
9.4333 440
9.45 443
9.4667 446
9.4833 449
9.5 452
9.5167 455
9.5333 458
9.55 461
9.5667 465
9.5833 468
9.6 471
9.6167 474
9.6333 477
9.65 480
9.6667 483
9.6833 485
9.7 488
9.7167 491
9.7333 494
9.75 497
9.7667 500
9.7833 503
9.8 506
9.8167 509
9.8333 511
9.85 514
9.8667 517
9.8833 520
9.9 523
9.9167 525
9.9333 528
9.95 531
9.9667 534
9.9833 536
10.0 539
10.0167 542
10.0333 544
10.05 547
10.0667 550
10.0833 552
10.1 555
10.1167 557
10.1333 560
10.15 562
10.1667 565
10.1833 568
10.2 570
10.2167 573
10.2333 575
10.25 577
10.2667 580
10.2833 582
10.3 585
10.3167 587
10.3333 590
10.35 592
10.3667 594
10.3833 597
10.4 599
10.4167 601
10.4333 604
10.45 606
10.4667 608
10.4833 610
10.5 612
10.5167 615
10.5333 617
10.55 619
10.5667 621
10.5833 623
10.6 625
10.6167 628
10.6333 630
10.65 632
10.6667 634
10.6833 636
10.7 638
10.7167 640
10.7333 642
10.75 644
10.7667 646
10.7833 648
10.8 650
10.8167 651
10.8333 653
10.85 655
10.8667 657
10.8833 659
10.9 661
10.9167 662
10.9333 664
10.95 666
10.9667 668
10.9833 669
11.0 671
11.0167 673
11.0333 674
11.05 676
11.0667 678
11.0833 679
11.1 681
11.1167 682
11.1333 684
11.15 686
11.1667 687
11.1833 689
11.2 690
11.2167 692
11.2333 693
11.25 694
11.2667 696
11.2833 697
11.3 699
11.3167 700
11.3333 701
11.35 703
11.3667 704
11.3833 705
11.4 706
11.4167 708
11.4333 709
11.45 710
11.4667 711
11.4833 712
11.5 714
11.5167 715
11.5333 716
11.55 717
11.5667 718
11.5833 719
11.6 720
11.6167 721
11.6333 722
11.65 723
11.6667 724
11.6833 725
11.7 726
11.7167 727
11.7333 728
11.75 728
11.7667 729
11.7833 730
11.8 731
11.8167 732
11.8333 732
11.85 733
11.8667 734
11.8833 735
11.9 735
11.9167 736
11.9333 736
11.95 737
11.9667 738
11.9833 738
12.0 739
12.0167 739
12.0333 740
12.05 740
12.0667 741
12.0833 741
12.1 742
12.1167 742
12.1333 743
12.15 743
12.1667 743
12.1833 744
12.2 744
12.2167 744
12.2333 745
12.25 745
12.2667 745
12.2833 745
12.3 746
12.3167 746
12.3333 746
12.35 746
12.3667 746
12.3833 746
12.4 746
12.4167 747
12.4333 747
12.45 747
12.4667 747
12.4833 747
12.5 747
12.5167 747
12.5333 746
12.55 746
12.5667 746
12.5833 746
12.6 746
12.6167 746
12.6333 746
12.65 745
12.6667 745
12.6833 745
12.7 745
12.7167 744
12.7333 744
12.75 744
12.7667 743
12.7833 743
12.8 743
12.8167 742
12.8333 742
12.85 741
12.8667 741
12.8833 740
12.9 740
12.9167 739
12.9333 739
12.95 738
12.9667 738
12.9833 737
13.0 736
13.0167 736
13.0333 735
13.05 735
13.0667 734
13.0833 733
13.1 732
13.1167 732
13.1333 731
13.15 730
13.1667 729
13.1833 728
13.2 728
13.2167 727
13.2333 726
13.25 725
13.2667 724
13.2833 723
13.3 722
13.3167 721
13.3333 720
13.35 719
13.3667 718
13.3833 717
13.4 716
13.4167 715
13.4333 714
13.45 712
13.4667 711
13.4833 710
13.5 709
13.5167 708
13.5333 706
13.55 705
13.5667 704
13.5833 703
13.6 701
13.6167 700
13.6333 699
13.65 697
13.6667 696
13.6833 694
13.7 693
13.7167 692
13.7333 690
13.75 689
13.7667 687
13.7833 686
13.8 684
13.8167 683
13.8333 681
13.85 679
13.8667 678
13.8833 676
13.9 674
13.9167 673
13.9333 671
13.95 669
13.9667 668
13.9833 666
14.0 664
14.0167 662
14.0333 661
14.05 659
14.0667 657
14.0833 655
14.1 653
14.1167 651
14.1333 650
14.15 648
14.1667 646
14.1833 644
14.2 642
14.2167 640
14.2333 638
14.25 636
14.2667 634
14.2833 632
14.3 630
14.3167 628
14.3333 625
14.35 623
14.3667 621
14.3833 619
14.4 617
14.4167 615
14.4333 613
14.45 610
14.4667 608
14.4833 606
14.5 604
14.5167 601
14.5333 599
14.55 597
14.5667 594
14.5833 592
14.6 590
14.6167 587
14.6333 585
14.65 582
14.6667 580
14.6833 578
14.7 575
14.7167 573
14.7333 570
14.75 568
14.7667 565
14.7833 563
14.8 560
14.8167 557
14.8333 555
14.85 552
14.8667 550
14.8833 547
14.9 544
14.9167 542
14.9333 539
14.95 536
14.9667 534
14.9833 531
15.0 528
15.0167 525
15.0333 522
15.05 519
15.0667 517
15.0833 514
15.1 511
15.1167 508
15.1333 505
15.15 503
15.1667 500
15.1833 497
15.2 494
15.2167 491
15.2333 488
15.25 485
15.2667 482
15.2833 479
15.3 476
15.3167 473
15.3333 470
15.35 467
15.3667 464
15.3833 461
15.4 458
15.4167 455
15.4333 452
15.45 449
15.4667 446
15.4833 443
15.5 440
15.5167 436
15.5333 433
15.55 430
15.5667 427
15.5833 424
15.6 421
15.6167 417
15.6333 414
15.65 411
15.6667 408
15.6833 404
15.7 401
15.7167 398
15.7333 395
15.75 391
15.7667 388
15.7833 385
15.8 381
15.8167 378
15.8333 375
15.85 371
15.8667 368
15.8833 365
15.9 361
15.9167 358
15.9333 355
15.95 351
15.9667 348
15.9833 344
16.0 341
16.0167 338
16.0333 334
16.05 331
16.0667 327
16.0833 324
16.1 320
16.1167 317
16.1333 313
16.15 310
16.1667 306
16.1833 303
16.2 299
16.2167 296
16.2333 292
16.25 289
16.2667 285
16.2833 282
16.3 278
16.3167 275
16.3333 271
16.35 268
16.3667 264
16.3833 260
16.4 257
16.4167 253
16.4333 250
16.45 246
16.4667 243
16.4833 239
16.5 236
16.5167 232
16.5333 228
16.55 225
16.5667 221
16.5833 218
16.6 214
16.6167 211
16.6333 207
16.65 203
16.6667 200
16.6833 196
16.7 193
16.7167 189
16.7333 186
16.75 182
16.7667 178
16.7833 175
16.8 171
16.8167 168
16.8333 164
16.85 161
16.8667 157
16.8833 154
16.9 150
16.9167 147
16.9333 143
16.95 140
16.9667 136
16.9833 133
