8.0 78
8.0167 80
8.0333 83
8.05 86
8.0667 89
8.0833 92
8.1 95
8.1167 98
8.1333 101
8.15 104
8.1667 107
8.1833 110
8.2 113
8.2167 117
8.2333 120
8.25 123
8.2667 126
8.2833 129
8.3 132
8.3167 136
8.3333 139
8.35 142
8.3667 145
8.3833 148
8.4 152
8.4167 155
8.4333 158
8.45 162
8.4667 165
8.4833 168
8.5 171
8.5167 175
8.5333 178
8.55 181
8.5667 185
8.5833 188
8.6 191
8.6167 195
8.6333 198
8.65 201
8.6667 205
8.6833 208
8.7 211
8.7167 215
8.7333 218
8.75 221
8.7667 225
8.7833 228
8.8 231
8.8167 235
8.8333 238
8.85 241
8.8667 245
8.8833 248
8.9 251
8.9167 255
8.9333 258
8.95 261
8.9667 265
8.9833 268
9.0 271
9.0167 274
9.0333 277
9.05 281
9.0667 284
9.0833 287
9.1 291
9.1167 294
9.1333 297
9.15 300
9.1667 304
9.1833 307
9.2 310
9.2167 313
9.2333 316
9.25 320
9.2667 323
9.2833 326
9.3 329
9.3167 332
9.3333 336
9.35 339
9.3667 342
9.3833 345
9.4 348
9.4167 351
9.4333 355
9.45 358
9.4667 361
9.4833 364
9.5 367
9.5167 370
9.5333 373
9.55 376
9.5667 379
9.5833 382
9.6 385
9.6167 388
9.6333 391
9.65 394
9.6667 397
9.6833 400
9.7 403
9.7167 406
9.7333 409
9.75 412
9.7667 415
9.7833 418
9.8 421
9.8167 424
9.8333 426
9.85 429
9.8667 432
9.8833 435
9.9 438
9.9167 441
9.9333 443
9.95 446
9.9667 449
9.9833 452
10.0 455
10.0167 457
10.0333 460
10.05 463
10.0667 465
10.0833 468
10.1 471
10.1167 473
10.1333 476
10.15 479
10.1667 481
10.1833 484
10.2 486
10.2167 489
10.2333 492
10.25 494
10.2667 497
10.2833 499
10.3 502
10.3167 504
10.3333 507
10.35 509
10.3667 512
10.3833 514
10.4 516
10.4167 519
10.4333 521
10.45 523
10.4667 526
10.4833 528
10.5 530
10.5167 533
10.5333 535
10.55 537
10.5667 540
10.5833 542
10.6 544
10.6167 546
10.6333 548
10.65 551
10.6667 553
10.6833 555
10.7 557
10.7167 559
10.7333 561
10.75 563
10.7667 565
10.7833 567
10.8 570
10.8167 572
10.8333 574
10.85 576
10.8667 578
10.8833 579
10.9 581
10.9167 583
10.9333 585
10.95 587
10.9667 589
10.9833 591
11.0 593
11.0167 594
11.0333 596
11.05 598
11.0667 600
11.0833 602
11.1 603
11.1167 605
11.1333 607
11.15 608
11.1667 610
11.1833 612
11.2 613
11.2167 615
11.2333 616
11.25 618
11.2667 620
11.2833 621
11.3 623
11.3167 624
11.3333 626
11.35 627
11.3667 629
11.3833 630
11.4 631
11.4167 633
11.4333 634
11.45 635
11.4667 637
11.4833 638
11.5 639
11.5167 641
11.5333 642
11.55 643
11.5667 644
11.5833 646
11.6 647
11.6167 648
11.6333 649
11.65 650
11.6667 651
11.6833 653
11.7 654
11.7167 655
11.7333 656
11.75 657
11.7667 658
11.7833 659
11.8 660
11.8167 661
11.8333 662
11.85 662
11.8667 663
11.8833 664
11.9 665
11.9167 666
11.9333 667
11.95 668
11.9667 668
11.9833 669
12.0 670
12.0167 671
12.0333 671
12.05 672
12.0667 673
12.0833 673
12.1 674
12.1167 674
12.1333 675
12.15 676
12.1667 676
12.1833 677
12.2 677
12.2167 678
12.2333 678
12.25 679
12.2667 679
12.2833 679
12.3 680
12.3167 680
12.3333 681
12.35 681
12.3667 681
12.3833 682
12.4 682
12.4167 682
12.4333 682
12.45 683
12.4667 683
12.4833 683
12.5 683
12.5167 683
12.5333 683
12.55 683
12.5667 684
12.5833 684
12.6 684
12.6167 684
12.6333 684
12.65 684
12.6667 684
12.6833 684
12.7 684
12.7167 683
12.7333 683
12.75 683
12.7667 683
12.7833 683
12.8 683
12.8167 682
12.8333 682
12.85 682
12.8667 682
12.8833 681
12.9 681
12.9167 681
12.9333 681
12.95 680
12.9667 680
12.9833 679
13.0 679
13.0167 679
13.0333 678
13.05 678
13.0667 677
13.0833 677
13.1 676
13.1167 675
13.1333 675
13.15 674
13.1667 674
13.1833 673
13.2 672
13.2167 672
13.2333 671
13.25 670
13.2667 670
13.2833 669
13.3 668
13.3167 667
13.3333 667
13.35 666
13.3667 665
13.3833 664
13.4 663
13.4167 662
13.4333 661
13.45 660
13.4667 659
13.4833 659
13.5 658
13.5167 657
13.5333 656
13.55 654
13.5667 653
13.5833 652
13.6 651
13.6167 650
13.6333 649
13.65 648
13.6667 647
13.6833 645
13.7 644
13.7167 643
13.7333 642
13.75 640
13.7667 639
13.7833 638
13.8 637
13.8167 635
13.8333 634
13.85 632
13.8667 631
13.8833 630
13.9 628
13.9167 627
13.9333 625
13.95 624
13.9667 622
13.9833 621
14.0 619
14.0167 618
14.0333 616
14.05 615
14.0667 613
14.0833 611
14.1 610
14.1167 608
14.1333 606
14.15 605
14.1667 603
14.1833 601
14.2 599
14.2167 598
14.2333 596
14.25 594
14.2667 592
14.2833 590
14.3 589
14.3167 587
14.3333 585
14.35 583
14.3667 581
14.3833 579
14.4 577
14.4167 575
14.4333 573
14.45 571
14.4667 569
14.4833 567
14.5 565
14.5167 563
14.5333 561
14.55 559
14.5667 557
14.5833 555
14.6 552
14.6167 550
14.6333 548
14.65 546
14.6667 544
14.6833 541
14.7 539
14.7167 537
14.7333 535
14.75 532
14.7667 530
14.7833 528
14.8 525
14.8167 523
14.8333 521
14.85 518
14.8667 516
14.8833 513
14.9 511
14.9167 509
14.9333 506
14.95 504
14.9667 501
14.9833 499
15.0 496
15.0167 494
15.0333 491
15.05 489
15.0667 486
15.0833 484
15.1 481
15.1167 478
15.1333 476
15.15 473
15.1667 470
15.1833 468
15.2 465
15.2167 462
15.2333 460
15.25 457
15.2667 454
15.2833 452
15.3 449
15.3167 446
15.3333 443
15.35 440
15.3667 438
15.3833 435
15.4 432
15.4167 429
15.4333 426
15.45 423
15.4667 420
15.4833 418
15.5 415
15.5167 412
15.5333 409
15.55 406
15.5667 403
15.5833 400
15.6 397
15.6167 394
15.6333 391
15.65 388
15.6667 385
15.6833 382
15.7 379
15.7167 376
15.7333 373
15.75 370
15.7667 367
15.7833 364
15.8 360
15.8167 357
15.8333 354
15.85 351
15.8667 348
15.8833 345
15.9 342
15.9167 339
15.9333 335
15.95 332
15.9667 329
15.9833 326
16.0 323
16.0167 319
16.0333 316
16.05 313
16.0667 310
16.0833 307
16.1 303
16.1167 300
16.1333 297
16.15 293
16.1667 290
16.1833 287
16.2 284
16.2167 280
16.2333 277
16.25 274
16.2667 271
16.2833 267
16.3 264
16.3167 261
16.3333 257
16.35 254
16.3667 251
16.3833 247
16.4 244
16.4167 241
16.4333 237
16.45 234
16.4667 231
16.4833 227
16.5 224
16.5167 221
16.5333 217
16.55 214
16.5667 211
16.5833 207
16.6 204
16.6167 201
16.6333 197
16.65 194
16.6667 191
16.6833 187
16.7 184
16.7167 181
16.7333 177
16.75 174
16.7667 171
16.7833 167
16.8 164
16.8167 161
16.8333 158
16.85 154
16.8667 151
16.8833 148
16.9 145
16.9167 141
16.9333 138
16.95 135
16.9667 132
16.9833 128
