8.0 108
8.0167 111
8.0333 114
8.05 117
8.0667 121
8.0833 124
8.1 127
8.1167 130
8.1333 134
8.15 137
8.1667 141
8.1833 144
8.2 147
8.2167 151
8.2333 154
8.25 157
8.2667 161
8.2833 164
8.3 167
8.3167 171
8.3333 174
8.35 178
8.3667 181
8.3833 184
8.4 188
8.4167 191
8.4333 195
8.45 198
8.4667 202
8.4833 205
8.5 208
8.5167 212
8.5333 215
8.55 219
8.5667 222
8.5833 226
8.6 229
8.6167 232
8.6333 236
8.65 239
8.6667 243
8.6833 246
8.7 250
8.7167 253
8.7333 256
8.75 260
8.7667 263
8.7833 267
8.8 270
8.8167 273
8.8333 277
8.85 280
8.8667 284
8.8833 287
8.9 290
8.9167 294
8.9333 297
8.95 300
8.9667 304
8.9833 307
9.0 310
9.0167 313
9.0333 316
9.05 320
9.0667 323
9.0833 326
9.1 330
9.1167 333
9.1333 336
9.15 340
9.1667 343
9.1833 346
9.2 349
9.2167 353
9.2333 356
9.25 359
9.2667 362
9.2833 365
9.3 369
9.3167 372
9.3333 375
9.35 378
9.3667 381
9.3833 384
9.4 388
9.4167 391
9.4333 394
9.45 397
9.4667 400
9.4833 403
9.5 406
9.5167 409
9.5333 412
9.55 415
9.5667 418
9.5833 421
9.6 424
9.6167 427
9.6333 430
9.65 433
9.6667 436
9.6833 439
9.7 442
9.7167 445
9.7333 448
9.75 451
9.7667 454
9.7833 457
9.8 459
9.8167 462
9.8333 465
9.85 468
9.8667 471
9.8833 474
9.9 476
9.9167 479
9.9333 482
9.95 485
9.9667 487
9.9833 490
10.0 493
10.0167 495
10.0333 498
10.05 501
10.0667 503
10.0833 506
10.1 509
10.1167 511
10.1333 514
10.15 516
10.1667 519
10.1833 521
10.2 524
10.2167 527
10.2333 529
10.25 532
10.2667 534
10.2833 536
10.3 539
10.3167 541
10.3333 544
10.35 546
10.3667 548
10.3833 551
10.4 553
10.4167 555
10.4333 558
10.45 560
10.4667 562
10.4833 565
10.5 567
10.5167 569
10.5333 571
10.55 574
10.5667 576
10.5833 578
10.6 580
10.6167 582
10.6333 584
10.65 586
10.6667 588
10.6833 591
10.7 593
10.7167 595
10.7333 597
10.75 599
10.7667 601
10.7833 603
10.8 605
10.8167 607
10.8333 608
10.85 610
10.8667 612
10.8833 614
10.9 616
10.9167 618
10.9333 620
10.95 621
10.9667 623
10.9833 625
11.0 627
11.0167 628
11.0333 630
11.05 632
11.0667 633
11.0833 635
11.1 637
11.1167 638
11.1333 640
11.15 642
11.1667 643
11.1833 645
11.2 646
11.2167 648
11.2333 649
11.25 651
11.2667 652
11.2833 654
11.3 655
11.3167 656
11.3333 658
11.35 659
11.3667 661
11.3833 662
11.4 663
11.4167 664
11.4333 666
11.45 667
11.4667 668
11.4833 669
11.5 671
11.5167 672
11.5333 673
11.55 674
11.5667 675
11.5833 676
11.6 677
11.6167 679
11.6333 680
11.65 681
11.6667 682
11.6833 683
11.7 684
11.7167 685
11.7333 685
11.75 686
11.7667 687
11.7833 688
11.8 689
11.8167 690
11.8333 691
11.85 692
11.8667 692
11.8833 693
11.9 694
11.9167 695
11.9333 695
11.95 696
11.9667 697
11.9833 697
12.0 698
12.0167 698
12.0333 699
12.05 700
12.0667 700
12.0833 701
12.1 701
12.1167 702
12.1333 702
12.15 703
12.1667 703
12.1833 704
12.2 704
12.2167 704
12.2333 705
12.25 705
12.2667 705
12.2833 706
12.3 706
12.3167 706
12.3333 706
12.35 707
12.3667 707
12.3833 707
12.4 707
12.4167 707
12.4333 707
12.45 708
12.4667 708
12.4833 708
12.5 708
12.5167 708
12.5333 708
12.55 708
12.5667 708
12.5833 708
12.6 708
12.6167 708
12.6333 707
12.65 707
12.6667 707
12.6833 707
12.7 707
12.7167 707
12.7333 706
12.75 706
12.7667 706
12.7833 706
12.8 705
12.8167 705
12.8333 705
12.85 704
12.8667 704
12.8833 703
12.9 703
12.9167 703
12.9333 702
12.95 702
12.9667 701
12.9833 701
13.0 700
13.0167 700
13.0333 699
13.05 698
13.0667 698
13.0833 697
13.1 696
13.1167 696
13.1333 695
13.15 694
13.1667 694
13.1833 693
13.2 692
13.2167 691
13.2333 691
13.25 690
13.2667 689
13.2833 688
13.3 687
13.3167 686
13.3333 685
13.35 684
13.3667 683
13.3833 682
13.4 681
13.4167 680
13.4333 679
13.45 678
13.4667 677
13.4833 676
13.5 675
13.5167 674
13.5333 673
13.55 672
13.5667 670
13.5833 669
13.6 668
13.6167 667
13.6333 666
13.65 664
13.6667 663
13.6833 662
13.7 660
13.7167 659
13.7333 658
13.75 656
13.7667 655
13.7833 653
13.8 652
13.8167 650
13.8333 649
13.85 647
13.8667 646
13.8833 644
13.9 643
13.9167 641
13.9333 640
13.95 638
13.9667 636
13.9833 635
14.0 633
14.0167 632
14.0333 630
14.05 628
14.0667 626
14.0833 625
14.1 623
14.1167 621
14.1333 619
14.15 617
14.1667 616
14.1833 614
14.2 612
14.2167 610
14.2333 608
14.25 606
14.2667 604
14.2833 602
14.3 600
14.3167 598
14.3333 596
14.35 594
14.3667 592
14.3833 590
14.4 588
14.4167 586
14.4333 584
14.45 582
14.4667 580
14.4833 578
14.5 575
14.5167 573
14.5333 571
14.55 569
14.5667 567
14.5833 564
14.6 562
14.6167 560
14.6333 557
14.65 555
14.6667 553
14.6833 550
14.7 548
14.7167 546
14.7333 543
14.75 541
14.7667 538
14.7833 536
14.8 534
14.8167 531
14.8333 529
14.85 526
14.8667 524
14.8833 521
14.9 519
14.9167 516
14.9333 513
14.95 511
14.9667 508
14.9833 506
15.0 503
15.0167 500
15.0333 498
15.05 495
15.0667 492
15.0833 490
15.1 487
15.1167 484
15.1333 481
15.15 479
15.1667 476
15.1833 473
15.2 470
15.2167 467
15.2333 465
15.25 462
15.2667 459
15.2833 456
15.3 453
15.3167 450
15.3333 447
15.35 445
15.3667 442
15.3833 439
15.4 436
15.4167 433
15.4333 430
15.45 427
15.4667 424
15.4833 421
15.5 418
15.5167 415
15.5333 412
15.55 409
15.5667 406
15.5833 403
15.6 399
15.6167 396
15.6333 393
15.65 390
15.6667 387
15.6833 384
15.7 381
15.7167 378
15.7333 374
15.75 371
15.7667 368
15.7833 365
15.8 362
15.8167 358
15.8333 355
15.85 352
15.8667 349
15.8833 346
15.9 342
15.9167 339
15.9333 336
15.95 332
15.9667 329
15.9833 326
16.0 323
16.0167 319
16.0333 316
16.05 313
16.0667 309
16.0833 306
16.1 303
16.1167 299
16.1333 296
16.15 293
16.1667 289
16.1833 286
16.2 282
16.2167 279
16.2333 276
16.25 272
16.2667 269
16.2833 265
16.3 262
16.3167 259
16.3333 255
16.35 252
16.3667 248
16.3833 245
16.4 242
16.4167 238
16.4333 235
16.45 231
16.4667 228
16.4833 224
16.5 221
16.5167 218
16.5333 214
16.55 211
16.5667 207
16.5833 204
16.6 200
16.6167 197
16.6333 194
16.65 190
16.6667 187
16.6833 183
16.7 180
16.7167 177
16.7333 173
16.75 170
16.7667 166
16.7833 163
16.8 160
16.8167 156
16.8333 153
16.85 150
16.8667 146
16.8833 143
16.9 140
16.9167 136
16.9333 133
16.95 129
16.9667 126
16.9833 123
