8.0 94
8.0167 97
8.0333 100
8.05 104
8.0667 107
8.0833 110
8.1 113
8.1167 116
8.1333 119
8.15 122
8.1667 125
8.1833 129
8.2 132
8.2167 135
8.2333 138
8.25 142
8.2667 145
8.2833 148
8.3 151
8.3167 155
8.3333 158
8.35 161
8.3667 165
8.3833 168
8.4 171
8.4167 174
8.4333 178
8.45 181
8.4667 185
8.4833 188
8.5 191
8.5167 195
8.5333 198
8.55 201
8.5667 205
8.5833 208
8.6 211
8.6167 215
8.6333 218
8.65 221
8.6667 225
8.6833 228
8.7 232
8.7167 235
8.7333 238
8.75 242
8.7667 245
8.7833 248
8.8 252
8.8167 255
8.8333 258
8.85 262
8.8667 265
8.8833 268
8.9 272
8.9167 275
8.9333 278
8.95 282
8.9667 285
8.9833 288
9.0 292
9.0167 294
9.0333 298
9.05 301
9.0667 304
9.0833 307
9.1 311
9.1167 314
9.1333 317
9.15 320
9.1667 324
9.1833 327
9.2 330
9.2167 333
9.2333 336
9.25 340
9.2667 343
9.2833 346
9.3 349
9.3167 352
9.3333 356
9.35 359
9.3667 362
9.3833 365
9.4 368
9.4167 371
9.4333 374
9.45 377
9.4667 380
9.4833 383
9.5 387
9.5167 390
9.5333 393
9.55 396
9.5667 399
9.5833 402
9.6 405
9.6167 408
9.6333 411
9.65 414
9.6667 417
9.6833 419
9.7 422
9.7167 425
9.7333 428
9.75 431
9.7667 434
9.7833 437
9.8 440
9.8167 443
9.8333 445
9.85 448
9.8667 451
9.8833 454
9.9 457
9.9167 459
9.9333 462
9.95 465
9.9667 468
9.9833 470
10.0 473
10.0167 476
10.0333 478
10.05 481
10.0667 484
10.0833 486
10.1 489
10.1167 492
10.1333 494
10.15 497
10.1667 499
10.1833 502
10.2 504
10.2167 507
10.2333 509
10.25 512
10.2667 514
10.2833 517
10.3 519
10.3167 522
10.3333 524
10.35 526
10.3667 529
10.3833 531
10.4 534
10.4167 536
10.4333 538
10.45 541
10.4667 543
10.4833 545
10.5 547
10.5167 550
10.5333 552
10.55 554
10.5667 556
10.5833 558
10.6 561
10.6167 563
10.6333 565
10.65 567
10.6667 569
10.6833 571
10.7 573
10.7167 575
10.7333 577
10.75 579
10.7667 581
10.7833 583
10.8 585
10.8167 587
10.8333 589
10.85 591
10.8667 593
10.8833 595
10.9 597
10.9167 599
10.9333 600
10.95 602
10.9667 604
10.9833 606
11.0 608
11.0167 609
11.0333 611
11.05 613
11.0667 614
11.0833 616
11.1 618
11.1167 619
11.1333 621
11.15 623
11.1667 624
11.1833 626
11.2 627
11.2167 629
11.2333 630
11.25 632
11.2667 633
11.2833 635
11.3 636
11.3167 638
11.3333 639
11.35 641
11.3667 642
11.3833 643
11.4 645
11.4167 646
11.4333 647
11.45 649
11.4667 650
11.4833 651
11.5 652
11.5167 653
11.5333 655
11.55 656
11.5667 657
11.5833 658
11.6 659
11.6167 660
11.6333 661
11.65 662
11.6667 664
11.6833 665
11.7 666
11.7167 667
11.7333 667
11.75 668
11.7667 669
11.7833 670
11.8 671
11.8167 672
11.8333 673
11.85 674
11.8667 675
11.8833 675
11.9 676
11.9167 677
11.9333 678
11.95 678
11.9667 679
11.9833 680
12.0 680
12.0167 681
12.0333 682
12.05 682
12.0667 683
12.0833 683
12.1 684
12.1167 684
12.1333 685
12.15 685
12.1667 686
12.1833 686
12.2 687
12.2167 687
12.2333 688
12.25 688
12.2667 688
12.2833 689
12.3 689
12.3167 689
12.3333 689
12.35 690
12.3667 690
12.3833 690
12.4 690
12.4167 691
12.4333 691
12.45 691
12.4667 691
12.4833 691
12.5 691
12.5167 691
12.5333 691
12.55 691
12.5667 691
12.5833 691
12.6 691
12.6167 691
12.6333 691
12.65 691
12.6667 691
12.6833 691
12.7 691
12.7167 690
12.7333 690
12.75 690
12.7667 690
12.7833 690
12.8 689
12.8167 689
12.8333 689
12.85 688
12.8667 688
12.8833 688
12.9 687
12.9167 687
12.9333 686
12.95 686
12.9667 686
12.9833 685
13.0 685
13.0167 684
13.0333 684
13.05 683
13.0667 682
13.0833 682
13.1 681
13.1167 681
13.1333 680
13.15 679
13.1667 679
13.1833 678
13.2 677
13.2167 676
13.2333 676
13.25 675
13.2667 674
13.2833 673
13.3 672
13.3167 671
13.3333 671
13.35 670
13.3667 669
13.3833 668
13.4 667
13.4167 666
13.4333 665
13.45 664
13.4667 663
13.4833 662
13.5 661
13.5167 660
13.5333 658
13.55 657
13.5667 656
13.5833 655
13.6 654
13.6167 653
13.6333 651
13.65 650
13.6667 649
13.6833 648
13.7 646
13.7167 645
13.7333 644
13.75 642
13.7667 641
13.7833 640
13.8 638
13.8167 637
13.8333 635
13.85 634
13.8667 632
13.8833 631
13.9 629
13.9167 628
13.9333 626
13.95 625
13.9667 623
13.9833 622
14.0 620
14.0167 618
14.0333 617
14.05 615
14.0667 613
14.0833 612
14.1 610
14.1167 608
14.1333 606
14.15 605
14.1667 603
14.1833 601
14.2 599
14.2167 597
14.2333 595
14.25 594
14.2667 592
14.2833 590
14.3 588
14.3167 586
14.3333 584
14.35 582
14.3667 580
14.3833 578
14.4 576
14.4167 574
14.4333 572
14.45 570
14.4667 568
14.4833 566
14.5 563
14.5167 561
14.5333 559
14.55 557
14.5667 555
14.5833 553
14.6 550
14.6167 548
14.6333 546
14.65 544
14.6667 541
14.6833 539
14.7 537
14.7167 534
14.7333 532
14.75 530
14.7667 527
14.7833 525
14.8 522
14.8167 520
14.8333 518
14.85 515
14.8667 513
14.8833 510
14.9 508
14.9167 505
14.9333 503
14.95 500
14.9667 497
14.9833 495
15.0 492
15.0167 490
15.0333 487
15.05 484
15.0667 482
15.0833 479
15.1 476
15.1167 474
15.1333 471
15.15 468
15.1667 466
15.1833 463
15.2 460
15.2167 457
15.2333 455
15.25 452
15.2667 449
15.2833 446
15.3 443
15.3167 441
15.3333 438
15.35 435
15.3667 432
15.3833 429
15.4 426
15.4167 423
15.4333 420
15.45 417
15.4667 415
15.4833 412
15.5 409
15.5167 406
15.5333 403
15.55 400
15.5667 397
15.5833 394
15.6 391
15.6167 388
15.6333 384
15.65 381
15.6667 378
15.6833 375
15.7 372
15.7167 369
15.7333 366
15.75 363
15.7667 360
15.7833 357
15.8 353
15.8167 350
15.8333 347
15.85 344
15.8667 341
15.8833 338
15.9 334
15.9167 331
15.9333 328
15.95 325
15.9667 321
15.9833 318
16.0 315
16.0167 312
16.0333 308
16.05 305
16.0667 302
16.0833 299
16.1 295
16.1167 292
16.1333 289
16.15 285
16.1667 282
16.1833 279
16.2 275
16.2167 272
16.2333 269
16.25 265
16.2667 262
16.2833 259
16.3 255
16.3167 252
16.3333 249
16.35 245
16.3667 242
16.3833 239
16.4 235
16.4167 232
16.4333 229
16.45 225
16.4667 222
16.4833 219
16.5 215
16.5167 212
16.5333 208
16.55 205
16.5667 202
16.5833 198
16.6 195
16.6167 192
16.6333 188
16.65 185
16.6667 182
16.6833 178
16.7 175
16.7167 172
16.7333 168
16.75 165
16.7667 162
16.7833 158
16.8 155
16.8167 152
16.8333 149
16.85 145
16.8667 142
16.8833 139
16.9 136
16.9167 132
16.9333 129
16.95 126
16.9667 123
16.9833 120
