8.0 81
8.0167 84
8.0333 87
8.05 90
8.0667 93
8.0833 97
8.1 100
8.1167 103
8.1333 106
8.15 110
8.1667 113
8.1833 116
8.2 120
8.2167 123
8.2333 126
8.25 130
8.2667 133
8.2833 137
8.3 140
8.3167 143
8.3333 147
8.35 151
8.3667 154
8.3833 157
8.4 161
8.4167 164
8.4333 168
8.45 171
8.4667 175
8.4833 178
8.5 182
8.5167 185
8.5333 189
8.55 192
8.5667 196
8.5833 199
8.6 203
8.6167 206
8.6333 210
8.65 213
8.6667 217
8.6833 220
8.7 224
8.7167 227
8.7333 231
8.75 234
8.7667 238
8.7833 241
8.8 245
8.8167 248
8.8333 252
8.85 255
8.8667 259
8.8833 262
8.9 266
8.9167 269
8.9333 273
8.95 276
8.9667 279
8.9833 283
9.0 286
9.0167 289
9.0333 293
9.05 296
9.0667 300
9.0833 303
9.1 306
9.1167 310
9.1333 313
9.15 316
9.1667 320
9.1833 323
9.2 327
9.2167 330
9.2333 333
9.25 337
9.2667 340
9.2833 343
9.3 346
9.3167 350
9.3333 353
9.35 356
9.3667 360
9.3833 363
9.4 366
9.4167 369
9.4333 373
9.45 376
9.4667 379
9.4833 382
9.5 385
9.5167 389
9.5333 392
9.55 395
9.5667 398
9.5833 401
9.6 404
9.6167 407
9.6333 410
9.65 414
9.6667 417
9.6833 420
9.7 423
9.7167 426
9.7333 429
9.75 432
9.7667 435
9.7833 438
9.8 441
9.8167 444
9.8333 447
9.85 450
9.8667 453
9.8833 455
9.9 458
9.9167 461
9.9333 464
9.95 467
9.9667 470
9.9833 473
10.0 476
10.0167 478
10.0333 481
10.05 484
10.0667 487
10.0833 489
10.1 492
10.1167 495
10.1333 498
10.15 500
10.1667 503
10.1833 506
10.2 508
10.2167 511
10.2333 514
10.25 516
10.2667 519
10.2833 521
10.3 524
10.3167 527
10.3333 529
10.35 532
10.3667 534
10.3833 537
10.4 539
10.4167 542
10.4333 544
10.45 547
10.4667 549
10.4833 551
10.5 554
10.5167 556
10.5333 558
10.55 561
10.5667 563
10.5833 565
10.6 568
10.6167 570
10.6333 572
10.65 575
10.6667 577
10.6833 579
10.7 581
10.7167 583
10.7333 586
10.75 588
10.7667 590
10.7833 592
10.8 594
10.8167 596
10.8333 598
10.85 600
10.8667 602
10.8833 604
10.9 606
10.9167 608
10.9333 610
10.95 612
10.9667 614
10.9833 616
11.0 618
11.0167 620
11.0333 622
11.05 624
11.0667 625
11.0833 627
11.1 629
11.1167 631
11.1333 633
11.15 634
11.1667 636
11.1833 638
11.2 639
11.2167 641
11.2333 643
11.25 644
11.2667 646
11.2833 648
11.3 649
11.3167 651
11.3333 652
11.35 654
11.3667 655
11.3833 657
11.4 658
11.4167 660
11.4333 661
11.45 663
11.4667 664
11.4833 665
11.5 667
11.5167 668
11.5333 669
11.55 671
11.5667 672
11.5833 673
11.6 675
11.6167 676
11.6333 677
11.65 678
11.6667 679
11.6833 681
11.7 682
11.7167 683
11.7333 684
11.75 685
11.7667 686
11.7833 687
11.8 688
11.8167 689
11.8333 690
11.85 691
11.8667 692
11.8833 693
11.9 694
11.9167 695
11.9333 696
11.95 697
11.9667 697
11.9833 698
12.0 699
12.0167 700
12.0333 701
12.05 701
12.0667 702
12.0833 703
12.1 704
12.1167 704
12.1333 705
12.15 705
12.1667 706
12.1833 707
12.2 707
12.2167 708
12.2333 708
12.25 709
12.2667 709
12.2833 710
12.3 710
12.3167 711
12.3333 711
12.35 711
12.3667 712
12.3833 712
12.4 713
12.4167 713
12.4333 713
12.45 713
12.4667 714
12.4833 714
12.5 714
12.5167 714
12.5333 715
12.55 715
12.5667 715
12.5833 715
12.6 715
12.6167 715
12.6333 715
12.65 715
12.6667 715
12.6833 715
12.7 715
12.7167 715
12.7333 715
12.75 715
12.7667 715
12.7833 715
12.8 715
12.8167 715
12.8333 715
12.85 714
12.8667 714
12.8833 714
12.9 714
12.9167 713
12.9333 713
12.95 713
12.9667 712
12.9833 712
13.0 712
13.0167 711
13.0333 711
13.05 711
13.0667 710
13.0833 710
13.1 709
13.1167 709
13.1333 708
13.15 708
13.1667 707
13.1833 707
13.2 706
13.2167 705
13.2333 705
13.25 704
13.2667 703
13.2833 703
13.3 702
13.3167 701
13.3333 700
13.35 700
13.3667 699
13.3833 698
13.4 697
13.4167 696
13.4333 696
13.45 695
13.4667 694
13.4833 693
13.5 692
13.5167 691
13.5333 690
13.55 689
13.5667 688
13.5833 687
13.6 686
13.6167 685
13.6333 684
13.65 683
13.6667 681
13.6833 680
13.7 679
13.7167 678
13.7333 677
13.75 676
13.7667 674
13.7833 673
13.8 672
13.8167 670
13.8333 669
13.85 668
13.8667 666
13.8833 665
13.9 664
13.9167 662
13.9333 661
13.95 659
13.9667 658
13.9833 657
14.0 655
14.0167 653
14.0333 652
14.05 650
14.0667 649
14.0833 647
14.1 646
14.1167 644
14.1333 642
14.15 641
14.1667 639
14.1833 637
14.2 636
14.2167 634
14.2333 632
14.25 630
14.2667 629
14.2833 627
14.3 625
14.3167 623
14.3333 621
14.35 619
14.3667 618
14.3833 616
14.4 614
14.4167 612
14.4333 610
14.45 608
14.4667 606
14.4833 604
14.5 602
14.5167 600
14.5333 598
14.55 596
14.5667 594
14.5833 591
14.6 589
14.6167 587
14.6333 585
14.65 583
14.6667 581
14.6833 579
14.7 576
14.7167 574
14.7333 572
14.75 570
14.7667 567
14.7833 565
14.8 563
14.8167 560
14.8333 558
14.85 556
14.8667 553
14.8833 551
14.9 548
14.9167 546
14.9333 544
14.95 541
14.9667 539
14.9833 536
15.0 534
15.0167 531
15.0333 529
15.05 526
15.0667 524
15.0833 521
15.1 519
15.1167 516
15.1333 513
15.15 511
15.1667 508
15.1833 506
15.2 503
15.2167 500
15.2333 497
15.25 495
15.2667 492
15.2833 489
15.3 487
15.3167 484
15.3333 481
15.35 478
15.3667 475
15.3833 473
15.4 470
15.4167 467
15.4333 464
15.45 461
15.4667 458
15.4833 455
15.5 452
15.5167 449
15.5333 446
15.55 443
15.5667 441
15.5833 438
15.6 435
15.6167 432
15.6333 429
15.65 425
15.6667 422
15.6833 419
15.7 416
15.7167 413
15.7333 410
15.75 407
15.7667 404
15.7833 401
15.8 398
15.8167 395
15.8333 391
15.85 388
15.8667 385
15.8833 382
15.9 379
15.9167 375
15.9333 372
15.95 369
15.9667 366
15.9833 363
16.0 359
16.0167 356
16.0333 353
16.05 349
16.0667 346
16.0833 343
16.1 340
16.1167 336
16.1333 333
16.15 330
16.1667 326
16.1833 323
16.2 320
16.2167 316
16.2333 313
16.25 309
16.2667 306
16.2833 303
16.3 299
16.3167 296
16.3333 292
16.35 289
16.3667 286
16.3833 282
16.4 279
16.4167 275
16.4333 272
16.45 268
16.4667 265
16.4833 261
16.5 258
16.5167 255
16.5333 251
16.55 248
16.5667 244
16.5833 241
16.6 237
16.6167 234
16.6333 230
16.65 227
16.6667 223
16.6833 220
16.7 216
16.7167 213
16.7333 209
16.75 206
16.7667 202
16.7833 199
16.8 195
16.8167 192
16.8333 188
16.85 185
16.8667 181
16.8833 178
16.9 174
16.9167 171
16.9333 167
16.95 164
16.9667 160
16.9833 157
