8.0 131
8.0167 135
8.0333 138
8.05 142
8.0667 145
8.0833 149
8.1 152
8.1167 156
8.1333 159
8.15 163
8.1667 166
8.1833 170
8.2 174
8.2167 177
8.2333 181
8.25 184
8.2667 188
8.2833 191
8.3 195
8.3167 199
8.3333 202
8.35 206
8.3667 209
8.3833 213
8.4 217
8.4167 220
8.4333 224
8.45 227
8.4667 231
8.4833 234
8.5 238
8.5167 242
8.5333 245
8.55 249
8.5667 252
8.5833 256
8.6 259
8.6167 263
8.6333 267
8.65 270
8.6667 274
8.6833 277
8.7 281
8.7167 284
8.7333 288
8.75 291
8.7667 295
8.7833 298
8.8 302
8.8167 305
8.8333 309
8.85 312
8.8667 316
8.8833 319
8.9 323
8.9167 326
8.9333 329
8.95 333
8.9667 336
8.9833 340
9.0 343
9.0167 346
9.0333 349
9.05 353
9.0667 356
9.0833 359
9.1 363
9.1167 366
9.1333 369
9.15 373
9.1667 376
9.1833 379
9.2 383
9.2167 386
9.2333 389
9.25 392
9.2667 396
9.2833 399
9.3 402
9.3167 405
9.3333 409
9.35 412
9.3667 415
9.3833 418
9.4 421
9.4167 425
9.4333 428
9.45 431
9.4667 434
9.4833 437
9.5 440
9.5167 443
9.5333 446
9.55 449
9.5667 453
9.5833 456
9.6 459
9.6167 462
9.6333 465
9.65 468
9.6667 471
9.6833 474
9.7 477
9.7167 479
9.7333 482
9.75 485
9.7667 488
9.7833 491
9.8 494
9.8167 497
9.8333 500
9.85 503
9.8667 505
9.8833 508
9.9 511
9.9167 514
9.9333 516
9.95 519
9.9667 522
9.9833 525
10.0 527
10.0167 530
10.0333 533
10.05 535
10.0667 538
10.0833 541
10.1 543
10.1167 546
10.1333 549
10.15 551
10.1667 554
10.1833 556
10.2 559
10.2167 561
10.2333 564
10.25 566
10.2667 569
10.2833 571
10.3 574
10.3167 576
10.3333 578
10.35 581
10.3667 583
10.3833 586
10.4 588
10.4167 590
10.4333 593
10.45 595
10.4667 597
10.4833 599
10.5 602
10.5167 604
10.5333 606
10.55 608
10.5667 610
10.5833 613
10.6 615
10.6167 617
10.6333 619
10.65 621
10.6667 623
10.6833 625
10.7 627
10.7167 629
10.7333 631
10.75 633
10.7667 635
10.7833 637
10.8 639
10.8167 641
10.8333 643
10.85 645
10.8667 647
10.8833 649
10.9 650
10.9167 652
10.9333 654
10.95 656
10.9667 658
10.9833 659
11.0 661
11.0167 663
11.0333 665
11.05 666
11.0667 668
11.0833 670
11.1 671
11.1167 673
11.1333 674
11.15 676
11.1667 677
11.1833 679
11.2 681
11.2167 682
11.2333 683
11.25 685
11.2667 686
11.2833 688
11.3 689
11.3167 691
11.3333 692
11.35 693
11.3667 695
11.3833 696
11.4 697
11.4167 699
11.4333 700
11.45 701
11.4667 702
11.4833 703
11.5 705
11.5167 706
11.5333 707
11.55 708
11.5667 709
11.5833 710
11.6 711
11.6167 712
11.6333 713
11.65 714
11.6667 715
11.6833 716
11.7 717
11.7167 718
11.7333 719
11.75 720
11.7667 721
11.7833 722
11.8 723
11.8167 723
11.8333 724
11.85 725
11.8667 726
11.8833 727
11.9 727
11.9167 728
11.9333 729
11.95 729
11.9667 730
11.9833 731
12.0 731
12.0167 732
12.0333 732
12.05 733
12.0667 733
12.0833 734
12.1 734
12.1167 735
12.1333 735
12.15 736
12.1667 736
12.1833 737
12.2 737
12.2167 737
12.2333 738
12.25 738
12.2667 738
12.2833 738
12.3 739
12.3167 739
12.3333 739
12.35 739
12.3667 740
12.3833 740
12.4 740
12.4167 740
12.4333 740
12.45 740
12.4667 740
12.4833 740
12.5 740
12.5167 740
12.5333 740
12.55 740
12.5667 740
12.5833 740
12.6 740
12.6167 740
12.6333 740
12.65 739
12.6667 739
12.6833 739
12.7 739
12.7167 739
12.7333 738
12.75 738
12.7667 738
12.7833 737
12.8 737
12.8167 737
12.8333 736
12.85 736
12.8667 736
12.8833 735
12.9 735
12.9167 734
12.9333 734
12.95 733
12.9667 733
12.9833 732
13.0 732
13.0167 731
13.0333 730
13.05 730
13.0667 729
13.0833 728
13.1 728
13.1167 727
13.1333 726
13.15 726
13.1667 725
13.1833 724
13.2 723
13.2167 722
13.2333 722
13.25 721
13.2667 720
13.2833 719
13.3 718
13.3167 717
13.3333 716
13.35 715
13.3667 714
13.3833 713
13.4 712
13.4167 711
13.4333 710
13.45 709
13.4667 708
13.4833 707
13.5 705
13.5167 704
13.5333 703
13.55 702
13.5667 701
13.5833 699
13.6 698
13.6167 697
13.6333 696
13.65 694
13.6667 693
13.6833 692
13.7 690
13.7167 689
13.7333 687
13.75 686
13.7667 685
13.7833 683
13.8 682
13.8167 680
13.8333 679
13.85 677
13.8667 675
13.8833 674
13.9 672
13.9167 671
13.9333 669
13.95 667
13.9667 666
13.9833 664
14.0 662
14.0167 661
14.0333 659
14.05 657
14.0667 655
14.0833 654
14.1 652
14.1167 650
14.1333 648
14.15 646
14.1667 644
14.1833 642
14.2 641
14.2167 639
14.2333 637
14.25 635
14.2667 633
14.2833 631
14.3 629
14.3167 627
14.3333 625
14.35 623
14.3667 620
14.3833 618
14.4 616
14.4167 614
14.4333 612
14.45 610
14.4667 608
14.4833 605
14.5 603
14.5167 601
14.5333 599
14.55 596
14.5667 594
14.5833 592
14.6 590
14.6167 587
14.6333 585
14.65 582
14.6667 580
14.6833 578
14.7 575
14.7167 573
14.7333 570
14.75 568
14.7667 565
14.7833 563
14.8 561
14.8167 558
14.8333 555
14.85 553
14.8667 550
14.8833 548
14.9 545
14.9167 543
14.9333 540
14.95 537
14.9667 535
14.9833 532
15.0 529
15.0167 526
15.0333 524
15.05 521
15.0667 518
15.0833 515
15.1 513
15.1167 510
15.1333 507
15.15 504
15.1667 501
15.1833 499
15.2 496
15.2167 493
15.2333 490
15.25 487
15.2667 484
15.2833 481
15.3 478
15.3167 475
15.3333 472
15.35 469
15.3667 466
15.3833 463
15.4 460
15.4167 457
15.4333 454
15.45 451
15.4667 448
15.4833 445
15.5 442
15.5167 439
15.5333 436
15.55 433
15.5667 430
15.5833 427
15.6 423
15.6167 420
15.6333 417
15.65 414
15.6667 411
15.6833 407
15.7 404
15.7167 401
15.7333 398
15.75 395
15.7667 391
15.7833 388
15.8 385
15.8167 381
15.8333 378
15.85 375
15.8667 371
15.8833 368
15.9 365
15.9167 361
15.9333 358
15.95 355
15.9667 351
15.9833 348
16.0 345
16.0167 341
16.0333 338
16.05 334
16.0667 331
16.0833 328
16.1 324
16.1167 321
16.1333 317
16.15 314
16.1667 310
16.1833 307
16.2 303
16.2167 300
16.2333 296
16.25 293
16.2667 289
16.2833 286
16.3 282
16.3167 279
16.3333 275
16.35 272
16.3667 268
16.3833 265
16.4 261
16.4167 257
16.4333 254
16.45 250
16.4667 247
16.4833 243
16.5 240
16.5167 236
16.5333 233
16.55 229
16.5667 225
16.5833 222
16.6 218
16.6167 215
16.6333 211
16.65 207
16.6667 204
16.6833 200
16.7 197
16.7167 193
16.7333 190
16.75 186
16.7667 182
16.7833 179
16.8 175
16.8167 172
16.8333 168
16.85 165
16.8667 161
16.8833 158
16.9 154
16.9167 150
16.9333 147
16.95 143
16.9667 140
16.9833 136
