8.0 52
8.0167 54
8.0333 57
8.05 59
8.0667 62
8.0833 64
8.1 67
8.1167 69
8.1333 72
8.15 75
8.1667 77
8.1833 80
8.2 83
8.2167 86
8.2333 88
8.25 91
8.2667 94
8.2833 97
8.3 100
8.3167 103
8.3333 106
8.35 109
8.3667 112
8.3833 114
8.4 118
8.4167 121
8.4333 124
8.45 127
8.4667 130
8.4833 133
8.5 136
8.5167 139
8.5333 142
8.55 146
8.5667 149
8.5833 152
8.6 155
8.6167 158
8.6333 162
8.65 165
8.6667 168
8.6833 171
8.7 175
8.7167 178
8.7333 181
8.75 184
8.7667 188
8.7833 191
8.8 194
8.8167 197
8.8333 201
8.85 204
8.8667 207
8.8833 211
8.9 214
8.9167 217
8.9333 221
8.95 224
8.9667 227
8.9833 230
9.0 234
9.0167 237
9.0333 240
9.05 244
9.0667 247
9.0833 250
9.1 254
9.1167 257
9.1333 260
9.15 264
9.1667 267
9.1833 270
9.2 273
9.2167 277
9.2333 280
9.25 283
9.2667 287
9.2833 290
9.3 293
9.3167 296
9.3333 300
9.35 303
9.3667 306
9.3833 309
9.4 313
9.4167 316
9.4333 319
9.45 322
9.4667 325
9.4833 329
9.5 332
9.5167 335
9.5333 338
9.55 341
9.5667 344
9.5833 348
9.6 351
9.6167 354
9.6333 357
9.65 360
9.6667 363
9.6833 366
9.7 369
9.7167 372
9.7333 376
9.75 379
9.7667 382
9.7833 385
9.8 388
9.8167 391
9.8333 394
9.85 397
9.8667 400
9.8833 403
9.9 406
9.9167 409
9.9333 412
9.95 415
9.9667 418
9.9833 420
10.0 423
10.0167 426
10.0333 429
10.05 432
10.0667 435
10.0833 438
10.1 441
10.1167 443
10.1333 446
10.15 449
10.1667 452
10.1833 455
10.2 457
10.2167 460
10.2333 463
10.25 465
10.2667 468
10.2833 471
10.3 474
10.3167 476
10.3333 479
10.35 482
10.3667 484
10.3833 487
10.4 489
10.4167 492
10.4333 495
10.45 497
10.4667 500
10.4833 502
10.5 505
10.5167 507
10.5333 510
10.55 512
10.5667 515
10.5833 517
10.6 519
10.6167 522
10.6333 524
10.65 527
10.6667 529
10.6833 531
10.7 534
10.7167 536
10.7333 538
10.75 541
10.7667 543
10.7833 545
10.8 547
10.8167 550
10.8333 552
10.85 554
10.8667 556
10.8833 558
10.9 561
10.9167 563
10.9333 565
10.95 567
10.9667 569
10.9833 571
11.0 573
11.0167 575
11.0333 577
11.05 579
11.0667 581
11.0833 583
11.1 585
11.1167 587
11.1333 589
11.15 591
11.1667 593
11.1833 595
11.2 596
11.2167 598
11.2333 600
11.25 602
11.2667 604
11.2833 605
11.3 607
11.3167 609
11.3333 611
11.35 612
11.3667 614
11.3833 616
11.4 617
11.4167 619
11.4333 621
11.45 622
11.4667 624
11.4833 625
11.5 627
11.5167 628
11.5333 630
11.55 631
11.5667 633
11.5833 634
11.6 636
11.6167 637
11.6333 638
11.65 640
11.6667 641
11.6833 643
11.7 644
11.7167 645
11.7333 646
11.75 648
11.7667 649
11.7833 650
11.8 651
11.8167 653
11.8333 654
11.85 655
11.8667 656
11.8833 657
11.9 658
11.9167 659
11.9333 660
11.95 661
11.9667 662
11.9833 663
12.0 664
12.0167 665
12.0333 666
12.05 667
12.0667 668
12.0833 669
12.1 670
12.1167 671
12.1333 672
12.15 672
12.1667 673
12.1833 674
12.2 675
12.2167 675
12.2333 676
12.25 677
12.2667 678
12.2833 678
12.3 679
12.3167 679
12.3333 680
12.35 681
12.3667 681
12.3833 682
12.4 682
12.4167 683
12.4333 683
12.45 684
12.4667 684
12.4833 685
12.5 685
12.5167 685
12.5333 686
12.55 686
12.5667 686
12.5833 687
12.6 687
12.6167 687
12.6333 688
12.65 688
12.6667 688
12.6833 688
12.7 688
12.7167 688
12.7333 689
12.75 689
12.7667 689
12.7833 689
12.8 689
12.8167 689
12.8333 689
12.85 689
12.8667 689
12.8833 689
12.9 689
12.9167 689
12.9333 689
12.95 689
12.9667 688
12.9833 688
13.0 688
13.0167 688
13.0333 688
13.05 687
13.0667 687
13.0833 687
13.1 687
13.1167 686
13.1333 686
13.15 686
13.1667 685
13.1833 685
13.2 684
13.2167 684
13.2333 684
13.25 683
13.2667 683
13.2833 682
13.3 682
13.3167 681
13.3333 680
13.35 680
13.3667 679
13.3833 679
13.4 678
13.4167 677
13.4333 677
13.45 676
13.4667 675
13.4833 674
13.5 674
13.5167 673
13.5333 672
13.55 671
13.5667 670
13.5833 670
13.6 669
13.6167 668
13.6333 667
13.65 666
13.6667 665
13.6833 664
13.7 663
13.7167 662
13.7333 661
13.75 660
13.7667 659
13.7833 658
13.8 657
13.8167 656
13.8333 654
13.85 653
13.8667 652
13.8833 651
13.9 650
13.9167 648
13.9333 647
13.95 646
13.9667 645
13.9833 643
14.0 642
14.0167 641
14.0333 639
14.05 638
14.0667 637
14.0833 635
14.1 634
14.1167 632
14.1333 631
14.15 629
14.1667 628
14.1833 626
14.2 625
14.2167 623
14.2333 622
14.25 620
14.2667 618
14.2833 617
14.3 615
14.3167 613
14.3333 612
14.35 610
14.3667 608
14.3833 607
14.4 605
14.4167 603
14.4333 601
14.45 599
14.4667 598
14.4833 596
14.5 594
14.5167 592
14.5333 590
14.55 588
14.5667 586
14.5833 584
14.6 582
14.6167 580
14.6333 578
14.65 576
14.6667 574
14.6833 572
14.7 570
14.7167 568
14.7333 566
14.75 564
14.7667 562
14.7833 560
14.8 558
14.8167 555
14.8333 553
14.85 551
14.8667 549
14.8833 547
14.9 544
14.9167 542
14.9333 540
14.95 537
14.9667 535
14.9833 533
15.0 531
15.0167 529
15.0333 527
15.05 524
15.0667 522
15.0833 519
15.1 517
15.1167 514
15.1333 512
15.15 510
15.1667 507
15.1833 505
15.2 502
15.2167 499
15.2333 497
15.25 494
15.2667 492
15.2833 489
15.3 487
15.3167 484
15.3333 481
15.35 479
15.3667 476
15.3833 473
15.4 471
15.4167 468
15.4333 465
15.45 462
15.4667 460
15.4833 457
15.5 454
15.5167 451
15.5333 449
15.55 446
15.5667 443
15.5833 440
15.6 437
15.6167 435
15.6333 432
15.65 429
15.6667 426
15.6833 423
15.7 420
15.7167 417
15.7333 414
15.75 411
15.7667 408
15.7833 405
15.8 402
15.8167 399
15.8333 396
15.85 393
15.8667 390
15.8833 387
15.9 384
15.9167 381
15.9333 378
15.95 375
15.9667 372
15.9833 369
16.0 366
16.0167 363
16.0333 360
16.05 357
16.0667 353
16.0833 350
16.1 347
16.1167 344
16.1333 341
16.15 338
16.1667 334
16.1833 331
16.2 328
16.2167 325
16.2333 322
16.25 318
16.2667 315
16.2833 312
16.3 309
16.3167 306
16.3333 302
16.35 299
16.3667 296
16.3833 293
16.4 289
16.4167 286
16.4333 283
16.45 279
16.4667 276
16.4833 273
16.5 270
16.5167 266
16.5333 263
16.55 260
16.5667 256
16.5833 253
16.6 250
16.6167 247
16.6333 243
16.65 240
16.6667 237
16.6833 233
16.7 230
16.7167 227
16.7333 223
16.75 220
16.7667 217
16.7833 214
16.8 210
16.8167 207
16.8333 204
16.85 200
16.8667 197
16.8833 194
16.9 190
16.9167 187
16.9333 184
16.95 181
16.9667 177
16.9833 174
