8.0 72
8.0167 75
8.0333 78
8.05 81
8.0667 84
8.0833 88
8.1 91
8.1167 94
8.1333 97
8.15 101
8.1667 104
8.1833 107
8.2 110
8.2167 114
8.2333 117
8.25 121
8.2667 124
8.2833 127
8.3 131
8.3167 134
8.3333 138
8.35 141
8.3667 144
8.3833 148
8.4 152
8.4167 155
8.4333 159
8.45 162
8.4667 166
8.4833 169
8.5 173
8.5167 176
8.5333 180
8.55 183
8.5667 187
8.5833 190
8.6 194
8.6167 197
8.6333 201
8.65 204
8.6667 208
8.6833 212
8.7 215
8.7167 219
8.7333 222
8.75 226
8.7667 229
8.7833 233
8.8 236
8.8167 240
8.8333 243
8.85 247
8.8667 250
8.8833 254
8.9 257
8.9167 261
8.9333 264
8.95 268
8.9667 271
8.9833 275
9.0 278
9.0167 282
9.0333 285
9.05 289
9.0667 292
9.0833 296
9.1 299
9.1167 302
9.1333 306
9.15 309
9.1667 313
9.1833 316
9.2 320
9.2167 323
9.2333 326
9.25 330
9.2667 333
9.2833 336
9.3 340
9.3167 343
9.3333 347
9.35 350
9.3667 353
9.3833 357
9.4 360
9.4167 363
9.4333 366
9.45 370
9.4667 373
9.4833 376
9.5 379
9.5167 383
9.5333 386
9.55 389
9.5667 392
9.5833 396
9.6 399
9.6167 402
9.6333 405
9.65 408
9.6667 411
9.6833 415
9.7 418
9.7167 421
9.7333 424
9.75 427
9.7667 430
9.7833 433
9.8 436
9.8167 439
9.8333 442
9.85 445
9.8667 448
9.8833 451
9.9 454
9.9167 457
9.9333 460
9.95 463
9.9667 466
9.9833 469
10.0 472
10.0167 475
10.0333 478
10.05 480
10.0667 483
10.0833 486
10.1 489
10.1167 492
10.1333 495
10.15 497
10.1667 500
10.1833 503
10.2 506
10.2167 508
10.2333 511
10.25 514
10.2667 516
10.2833 519
10.3 522
10.3167 524
10.3333 527
10.35 530
10.3667 532
10.3833 535
10.4 537
10.4167 540
10.4333 542
10.45 545
10.4667 547
10.4833 550
10.5 552
10.5167 555
10.5333 557
10.55 560
10.5667 562
10.5833 564
10.6 567
10.6167 569
10.6333 572
10.65 574
10.6667 576
10.6833 579
10.7 581
10.7167 583
10.7333 585
10.75 588
10.7667 590
10.7833 592
10.8 594
10.8167 596
10.8333 598
10.85 601
10.8667 603
10.8833 605
10.9 607
10.9167 609
10.9333 611
10.95 613
10.9667 615
10.9833 617
11.0 619
11.0167 621
11.0333 623
11.05 625
11.0667 627
11.0833 629
11.1 631
11.1167 633
11.1333 634
11.15 636
11.1667 638
11.1833 640
11.2 642
11.2167 643
11.2333 645
11.25 647
11.2667 648
11.2833 650
11.3 652
11.3167 653
11.3333 655
11.35 657
11.3667 658
11.3833 660
11.4 661
11.4167 663
11.4333 665
11.45 666
11.4667 668
11.4833 669
11.5 670
11.5167 672
11.5333 673
11.55 675
11.5667 676
11.5833 677
11.6 679
11.6167 680
11.6333 681
11.65 683
11.6667 684
11.6833 685
11.7 686
11.7167 688
11.7333 689
11.75 690
11.7667 691
11.7833 692
11.8 693
11.8167 695
11.8333 696
11.85 697
11.8667 698
11.8833 699
11.9 700
11.9167 701
11.9333 702
11.95 703
11.9667 704
11.9833 704
12.0 705
12.0167 706
12.0333 707
12.05 708
12.0667 709
12.0833 710
12.1 710
12.1167 711
12.1333 712
12.15 713
12.1667 713
12.1833 714
12.2 715
12.2167 715
12.2333 716
12.25 716
12.2667 717
12.2833 718
12.3 718
12.3167 719
12.3333 719
12.35 720
12.3667 720
12.3833 721
12.4 721
12.4167 721
12.4333 722
12.45 722
12.4667 722
12.4833 723
12.5 723
12.5167 723
12.5333 724
12.55 724
12.5667 724
12.5833 724
12.6 725
12.6167 725
12.6333 725
12.65 725
12.6667 725
12.6833 725
12.7 725
12.7167 725
12.7333 725
12.75 725
12.7667 725
12.7833 725
12.8 725
12.8167 725
12.8333 725
12.85 725
12.8667 725
12.8833 725
12.9 725
12.9167 724
12.9333 724
12.95 724
12.9667 724
12.9833 724
13.0 723
13.0167 723
13.0333 723
13.05 722
13.0667 722
13.0833 722
13.1 721
13.1167 721
13.1333 720
13.15 720
13.1667 719
13.1833 719
13.2 718
13.2167 718
13.2333 717
13.25 717
13.2667 716
13.2833 716
13.3 715
13.3167 714
13.3333 714
13.35 713
13.3667 712
13.3833 711
13.4 711
13.4167 710
13.4333 709
13.45 708
13.4667 708
13.4833 707
13.5 706
13.5167 705
13.5333 704
13.55 703
13.5667 702
13.5833 701
13.6 700
13.6167 699
13.6333 698
13.65 697
13.6667 696
13.6833 695
13.7 694
13.7167 693
13.7333 692
13.75 691
13.7667 689
13.7833 688
13.8 687
13.8167 686
13.8333 685
13.85 683
13.8667 682
13.8833 681
13.9 679
13.9167 678
13.9333 677
13.95 675
13.9667 674
13.9833 673
14.0 671
14.0167 670
14.0333 668
14.05 667
14.0667 665
14.0833 664
14.1 662
14.1167 661
14.1333 659
14.15 658
14.1667 656
14.1833 654
14.2 653
14.2167 651
14.2333 649
14.25 648
14.2667 646
14.2833 644
14.3 642
14.3167 641
14.3333 639
14.35 637
14.3667 635
14.3833 633
14.4 632
14.4167 630
14.4333 628
14.45 626
14.4667 624
14.4833 622
14.5 620
14.5167 618
14.5333 616
14.55 614
14.5667 612
14.5833 610
14.6 608
14.6167 606
14.6333 604
14.65 602
14.6667 600
14.6833 597
14.7 595
14.7167 593
14.7333 591
14.75 589
14.7667 586
14.7833 584
14.8 582
14.8167 580
14.8333 577
14.85 575
14.8667 573
14.8833 570
14.9 568
14.9167 566
14.9333 563
14.95 561
14.9667 558
14.9833 556
15.0 554
15.0167 552
15.0333 549
15.05 547
15.0667 544
15.0833 542
15.1 539
15.1167 537
15.1333 534
15.15 531
15.1667 529
15.1833 526
15.2 524
15.2167 521
15.2333 518
15.25 516
15.2667 513
15.2833 510
15.3 508
15.3167 505
15.3333 502
15.35 499
15.3667 497
15.3833 494
15.4 491
15.4167 488
15.4333 485
15.45 483
15.4667 480
15.4833 477
15.5 474
15.5167 471
15.5333 468
15.55 465
15.5667 462
15.5833 459
15.6 456
15.6167 453
15.6333 450
15.65 447
15.6667 444
15.6833 441
15.7 438
15.7167 435
15.7333 432
15.75 429
15.7667 426
15.7833 423
15.8 420
15.8167 417
15.8333 414
15.85 411
15.8667 407
15.8833 404
15.9 401
15.9167 398
15.9333 395
15.95 391
15.9667 388
15.9833 385
16.0 382
16.0167 379
16.0333 375
16.05 372
16.0667 369
16.0833 365
16.1 362
16.1167 359
16.1333 356
16.15 352
16.1667 349
16.1833 346
16.2 342
16.2167 339
16.2333 336
16.25 332
16.2667 329
16.2833 325
16.3 322
16.3167 319
16.3333 315
16.35 312
16.3667 308
16.3833 305
16.4 301
16.4167 298
16.4333 295
16.45 291
16.4667 288
16.4833 284
16.5 281
16.5167 277
16.5333 274
16.55 270
16.5667 267
16.5833 263
16.6 260
16.6167 256
16.6333 253
16.65 249
16.6667 246
16.6833 242
16.7 239
16.7167 235
16.7333 232
16.75 228
16.7667 224
16.7833 221
16.8 217
16.8167 214
16.8333 210
16.85 207
16.8667 203
16.8833 200
16.9 196
16.9167 193
16.9333 189
16.95 186
16.9667 182
16.9833 178
