8.0 61
8.0167 64
8.0333 67
8.05 70
8.0667 73
8.0833 76
8.1 78
8.1167 81
8.1333 85
8.15 88
8.1667 91
8.1833 94
8.2 97
8.2167 100
8.2333 103
8.25 106
8.2667 110
8.2833 113
8.3 116
8.3167 119
8.3333 123
8.35 126
8.3667 129
8.3833 133
8.4 136
8.4167 140
8.4333 143
8.45 146
8.4667 150
8.4833 153
8.5 156
8.5167 160
8.5333 163
8.55 167
8.5667 170
8.5833 173
8.6 177
8.6167 180
8.6333 184
8.65 187
8.6667 191
8.6833 194
8.7 198
8.7167 201
8.7333 205
8.75 208
8.7667 211
8.7833 215
8.8 218
8.8167 222
8.8333 225
8.85 229
8.8667 232
8.8833 236
8.9 239
8.9167 243
8.9333 246
8.95 250
8.9667 253
8.9833 256
9.0 260
9.0167 263
9.0333 267
9.05 270
9.0667 274
9.0833 277
9.1 281
9.1167 284
9.1333 287
9.15 291
9.1667 294
9.1833 298
9.2 301
9.2167 304
9.2333 308
9.25 311
9.2667 315
9.2833 318
9.3 321
9.3167 325
9.3333 328
9.35 331
9.3667 335
9.3833 338
9.4 341
9.4167 345
9.4333 348
9.45 351
9.4667 355
9.4833 358
9.5 361
9.5167 364
9.5333 368
9.55 371
9.5667 374
9.5833 377
9.6 380
9.6167 384
9.6333 387
9.65 390
9.6667 393
9.6833 396
9.7 399
9.7167 403
9.7333 406
9.75 409
9.7667 412
9.7833 415
9.8 418
9.8167 421
9.8333 424
9.85 427
9.8667 430
9.8833 433
9.9 436
9.9167 439
9.9333 442
9.95 445
9.9667 448
9.9833 451
10.0 454
10.0167 457
10.0333 460
10.05 463
10.0667 466
10.0833 469
10.1 472
10.1167 474
10.1333 477
10.15 480
10.1667 483
10.1833 486
10.2 488
10.2167 491
10.2333 494
10.25 497
10.2667 499
10.2833 502
10.3 505
10.3167 507
10.3333 510
10.35 513
10.3667 515
10.3833 518
10.4 521
10.4167 523
10.4333 526
10.45 528
10.4667 531
10.4833 533
10.5 536
10.5167 539
10.5333 541
10.55 543
10.5667 546
10.5833 548
10.6 551
10.6167 553
10.6333 556
10.65 558
10.6667 560
10.6833 563
10.7 565
10.7167 567
10.7333 570
10.75 572
10.7667 574
10.7833 577
10.8 579
10.8167 581
10.8333 583
10.85 585
10.8667 588
10.8833 590
10.9 592
10.9167 594
10.9333 596
10.95 598
10.9667 600
10.9833 602
11.0 604
11.0167 606
11.0333 608
11.05 610
11.0667 612
11.0833 614
11.1 616
11.1167 618
11.1333 620
11.15 622
11.1667 624
11.1833 626
11.2 628
11.2167 629
11.2333 631
11.25 633
11.2667 635
11.2833 636
11.3 638
11.3167 640
11.3333 642
11.35 643
11.3667 645
11.3833 647
11.4 648
11.4167 650
11.4333 651
11.45 653
11.4667 654
11.4833 656
11.5 658
11.5167 659
11.5333 660
11.55 662
11.5667 663
11.5833 665
11.6 666
11.6167 668
11.6333 669
11.65 670
11.6667 672
11.6833 673
11.7 674
11.7167 676
11.7333 677
11.75 678
11.7667 679
11.7833 680
11.8 682
11.8167 683
11.8333 684
11.85 685
11.8667 686
11.8833 687
11.9 688
11.9167 689
11.9333 690
11.95 691
11.9667 692
11.9833 693
12.0 694
12.0167 695
12.0333 696
12.05 697
12.0667 698
12.0833 699
12.1 700
12.1167 700
12.1333 701
12.15 702
12.1667 703
12.1833 703
12.2 704
12.2167 705
12.2333 706
12.25 706
12.2667 707
12.2833 708
12.3 708
12.3167 709
12.3333 709
12.35 710
12.3667 710
12.3833 711
12.4 711
12.4167 712
12.4333 712
12.45 713
12.4667 713
12.4833 713
12.5 714
12.5167 714
12.5333 715
12.55 715
12.5667 715
12.5833 715
12.6 716
12.6167 716
12.6333 716
12.65 716
12.6667 716
12.6833 717
12.7 717
12.7167 717
12.7333 717
12.75 717
12.7667 717
12.7833 717
12.8 717
12.8167 717
12.8333 717
12.85 717
12.8667 717
12.8833 717
12.9 717
12.9167 717
12.9333 717
12.95 716
12.9667 716
12.9833 716
13.0 716
13.0167 716
13.0333 715
13.05 715
13.0667 715
13.0833 714
13.1 714
13.1167 714
13.1333 713
13.15 713
13.1667 713
13.1833 712
13.2 712
13.2167 711
13.2333 711
13.25 710
13.2667 710
13.2833 709
13.3 709
13.3167 708
13.3333 707
13.35 707
13.3667 706
13.3833 705
13.4 705
13.4167 704
13.4333 703
13.45 703
13.4667 702
13.4833 701
13.5 700
13.5167 699
13.5333 698
13.55 698
13.5667 697
13.5833 696
13.6 695
13.6167 694
13.6333 693
13.65 692
13.6667 691
13.6833 690
13.7 689
13.7167 688
13.7333 687
13.75 686
13.7667 685
13.7833 684
13.8 682
13.8167 681
13.8333 680
13.85 679
13.8667 678
13.8833 676
13.9 675
13.9167 674
13.9333 673
13.95 671
13.9667 670
13.9833 669
14.0 667
14.0167 666
14.0333 664
14.05 663
14.0667 661
14.0833 660
14.1 659
14.1167 657
14.1333 656
14.15 654
14.1667 652
14.1833 651
14.2 649
14.2167 648
14.2333 646
14.25 644
14.2667 643
14.2833 641
14.3 639
14.3167 638
14.3333 636
14.35 634
14.3667 632
14.3833 631
14.4 629
14.4167 627
14.4333 625
14.45 623
14.4667 621
14.4833 619
14.5 618
14.5167 616
14.5333 614
14.55 612
14.5667 610
14.5833 608
14.6 606
14.6167 604
14.6333 602
14.65 600
14.6667 598
14.6833 595
14.7 593
14.7167 591
14.7333 589
14.75 587
14.7667 585
14.7833 583
14.8 580
14.8167 578
14.8333 576
14.85 574
14.8667 571
14.8833 569
14.9 567
14.9167 564
14.9333 562
14.95 560
14.9667 557
14.9833 555
15.0 553
15.0167 551
15.0333 548
15.05 546
15.0667 543
15.0833 541
15.1 539
15.1167 536
15.1333 533
15.15 531
15.1667 528
15.1833 526
15.2 523
15.2167 521
15.2333 518
15.25 515
15.2667 513
15.2833 510
15.3 507
15.3167 505
15.3333 502
15.35 499
15.3667 497
15.3833 494
15.4 491
15.4167 488
15.4333 486
15.45 483
15.4667 480
15.4833 477
15.5 474
15.5167 471
15.5333 469
15.55 466
15.5667 463
15.5833 460
15.6 457
15.6167 454
15.6333 451
15.65 448
15.6667 445
15.6833 442
15.7 439
15.7167 436
15.7333 433
15.75 430
15.7667 427
15.7833 424
15.8 421
15.8167 418
15.8333 415
15.85 412
15.8667 409
15.8833 406
15.9 402
15.9167 399
15.9333 396
15.95 393
15.9667 390
15.9833 387
16.0 383
16.0167 380
16.0333 377
16.05 374
16.0667 371
16.0833 367
16.1 364
16.1167 361
16.1333 358
16.15 354
16.1667 351
16.1833 348
16.2 344
16.2167 341
16.2333 338
16.25 334
16.2667 331
16.2833 328
16.3 324
16.3167 321
16.3333 318
16.35 314
16.3667 311
16.3833 308
16.4 304
16.4167 301
16.4333 297
16.45 294
16.4667 291
16.4833 287
16.5 284
16.5167 280
16.5333 277
16.55 273
16.5667 270
16.5833 267
16.6 263
16.6167 260
16.6333 256
16.65 253
16.6667 249
16.6833 246
16.7 242
16.7167 239
16.7333 235
16.75 232
16.7667 229
16.7833 225
16.8 222
16.8167 218
16.8333 215
16.85 211
16.8667 208
16.8833 204
16.9 201
16.9167 197
16.9333 194
16.95 190
16.9667 187
16.9833 183
