8.0 79
8.0167 82
8.0333 85
8.05 89
8.0667 92
8.0833 95
8.1 99
8.1167 102
8.1333 106
8.15 109
8.1667 113
8.1833 116
8.2 120
8.2167 123
8.2333 127
8.25 130
8.2667 134
8.2833 137
8.3 141
8.3167 145
8.3333 149
8.35 152
8.3667 156
8.3833 160
8.4 163
8.4167 167
8.4333 171
8.45 174
8.4667 178
8.4833 182
8.5 185
8.5167 189
8.5333 193
8.55 197
8.5667 200
8.5833 204
8.6 208
8.6167 212
8.6333 215
8.65 219
8.6667 223
8.6833 227
8.7 230
8.7167 234
8.7333 238
8.75 242
8.7667 245
8.7833 249
8.8 253
8.8167 257
8.8333 260
8.85 264
8.8667 268
8.8833 271
8.9 275
8.9167 279
8.9333 283
8.95 286
8.9667 290
8.9833 294
9.0 297
9.0167 302
9.0333 305
9.05 309
9.0667 313
9.0833 316
9.1 320
9.1167 324
9.1333 327
9.15 331
9.1667 335
9.1833 338
9.2 342
9.2167 345
9.2333 349
9.25 353
9.2667 356
9.2833 360
9.3 363
9.3167 367
9.3333 370
9.35 374
9.3667 378
9.3833 381
9.4 385
9.4167 388
9.4333 392
9.45 395
9.4667 399
9.4833 402
9.5 406
9.5167 409
9.5333 412
9.55 416
9.5667 419
9.5833 423
9.6 426
9.6167 429
9.6333 433
9.65 436
9.6667 440
9.6833 443
9.7 446
9.7167 450
9.7333 453
9.75 456
9.7667 460
9.7833 463
9.8 466
9.8167 469
9.8333 473
9.85 476
9.8667 479
9.8833 482
9.9 485
9.9167 489
9.9333 492
9.95 495
9.9667 498
9.9833 501
10.0 504
10.0167 507
10.0333 511
10.05 514
10.0667 517
10.0833 520
10.1 523
10.1167 526
10.1333 529
10.15 532
10.1667 535
10.1833 538
10.2 541
10.2167 544
10.2333 547
10.25 550
10.2667 552
10.2833 555
10.3 558
10.3167 561
10.3333 564
10.35 567
10.3667 570
10.3833 572
10.4 575
10.4167 578
10.4333 581
10.45 583
10.4667 586
10.4833 589
10.5 592
10.5167 594
10.5333 597
10.55 600
10.5667 602
10.5833 605
10.6 607
10.6167 610
10.6333 612
10.65 615
10.6667 618
10.6833 620
10.7 623
10.7167 625
10.7333 628
10.75 630
10.7667 632
10.7833 635
10.8 637
10.8167 640
10.8333 642
10.85 644
10.8667 647
10.8833 649
10.9 651
10.9167 654
10.9333 656
10.95 658
10.9667 660
10.9833 663
11.0 665
11.0167 667
11.0333 669
11.05 671
11.0667 673
11.0833 676
11.1 678
11.1167 680
11.1333 682
11.15 684
11.1667 686
11.1833 688
11.2 690
11.2167 692
11.2333 694
11.25 696
11.2667 698
11.2833 700
11.3 701
11.3167 703
11.3333 705
11.35 707
11.3667 709
11.3833 711
11.4 712
11.4167 714
11.4333 716
11.45 718
11.4667 719
11.4833 721
11.5 723
11.5167 724
11.5333 726
11.55 727
11.5667 729
11.5833 731
11.6 732
11.6167 734
11.6333 735
11.65 737
11.6667 738
11.6833 740
11.7 741
11.7167 743
11.7333 744
11.75 745
11.7667 747
11.7833 748
11.8 749
11.8167 751
11.8333 752
11.85 753
11.8667 754
11.8833 756
11.9 757
11.9167 758
11.9333 759
11.95 760
11.9667 761
11.9833 763
12.0 764
12.0167 765
12.0333 766
12.05 767
12.0667 768
12.0833 769
12.1 770
12.1167 771
12.1333 772
12.15 773
12.1667 774
12.1833 774
12.2 775
12.2167 776
12.2333 777
12.25 778
12.2667 778
12.2833 779
12.3 780
12.3167 781
12.3333 781
12.35 782
12.3667 783
12.3833 783
12.4 784
12.4167 785
12.4333 785
12.45 786
12.4667 786
12.4833 787
12.5 787
12.5167 788
12.5333 788
12.55 789
12.5667 789
12.5833 789
12.6 790
12.6167 790
12.6333 790
12.65 791
12.6667 791
12.6833 791
12.7 792
12.7167 792
12.7333 792
12.75 792
12.7667 792
12.7833 793
12.8 793
12.8167 793
12.8333 793
12.85 793
12.8667 793
12.8833 793
12.9 793
12.9167 793
12.9333 793
12.95 793
12.9667 793
12.9833 793
13.0 793
13.0167 793
13.0333 792
13.05 792
13.0667 792
13.0833 792
13.1 792
13.1167 791
13.1333 791
13.15 791
13.1667 790
13.1833 790
13.2 790
13.2167 789
13.2333 789
13.25 789
13.2667 788
13.2833 788
13.3 787
13.3167 787
13.3333 786
13.35 786
13.3667 785
13.3833 785
13.4 784
13.4167 783
13.4333 783
13.45 782
13.4667 781
13.4833 781
13.5 780
13.5167 779
13.5333 778
13.55 778
13.5667 777
13.5833 776
13.6 775
13.6167 774
13.6333 774
13.65 773
13.6667 772
13.6833 771
13.7 770
13.7167 769
13.7333 768
13.75 767
13.7667 766
13.7833 765
13.8 764
13.8167 763
13.8333 762
13.85 760
13.8667 759
13.8833 758
13.9 757
13.9167 756
13.9333 754
13.95 753
13.9667 752
13.9833 751
14.0 749
14.0167 748
14.0333 747
14.05 745
14.0667 744
14.0833 743
14.1 741
14.1167 740
14.1333 738
14.15 737
14.1667 735
14.1833 734
14.2 732
14.2167 731
14.2333 729
14.25 728
14.2667 726
14.2833 724
14.3 723
14.3167 721
14.3333 719
14.35 718
14.3667 716
14.3833 714
14.4 712
14.4167 711
14.4333 709
14.45 707
14.4667 705
14.4833 703
14.5 702
14.5167 700
14.5333 698
14.55 696
14.5667 694
14.5833 692
14.6 690
14.6167 688
14.6333 686
14.65 684
14.6667 682
14.6833 680
14.7 678
14.7167 676
14.7333 674
14.75 671
14.7667 669
14.7833 667
14.8 665
14.8167 663
14.8333 661
14.85 658
14.8667 656
14.8833 654
14.9 651
14.9167 649
14.9333 647
14.95 644
14.9667 642
14.9833 640
15.0 638
15.0167 636
15.0333 634
15.05 631
15.0667 629
15.0833 626
15.1 624
15.1167 621
15.1333 619
15.15 616
15.1667 614
15.1833 611
15.2 608
15.2167 606
15.2333 603
15.25 601
15.2667 598
15.2833 595
15.3 593
15.3167 590
15.3333 587
15.35 585
15.3667 582
15.3833 579
15.4 576
15.4167 573
15.4333 571
15.45 568
15.4667 565
15.4833 562
15.5 559
15.5167 556
15.5333 554
15.55 551
15.5667 548
15.5833 545
15.6 542
15.6167 539
15.6333 536
15.65 533
15.6667 530
15.6833 527
15.7 524
15.7167 521
15.7333 518
15.75 515
15.7667 512
15.7833 509
15.8 505
15.8167 502
15.8333 499
15.85 496
15.8667 493
15.8833 490
15.9 487
15.9167 483
15.9333 480
15.95 477
15.9667 474
15.9833 470
16.0 467
16.0167 464
16.0333 461
16.05 457
16.0667 454
16.0833 451
16.1 447
16.1167 444
16.1333 441
16.15 437
16.1667 434
16.1833 431
16.2 427
16.2167 424
16.2333 420
16.25 417
16.2667 414
16.2833 410
16.3 407
16.3167 403
16.3333 400
16.35 396
16.3667 393
16.3833 389
16.4 386
16.4167 382
16.4333 379
16.45 375
16.4667 372
16.4833 368
16.5 364
16.5167 361
16.5333 357
16.55 354
16.5667 350
16.5833 346
16.6 343
16.6167 339
16.6333 336
16.65 332
16.6667 328
16.6833 325
16.7 321
16.7167 317
16.7333 314
16.75 310
16.7667 306
16.7833 303
16.8 299
16.8167 295
16.8333 292
16.85 288
16.8667 284
16.8833 280
16.9 277
16.9167 273
16.9333 269
16.95 266
16.9667 262
16.9833 258
