8.0 103
8.0167 106
8.0333 109
8.05 112
8.0667 115
8.0833 119
8.1 122
8.1167 125
8.1333 128
8.15 132
8.1667 135
8.1833 138
8.2 141
8.2167 145
8.2333 148
8.25 151
8.2667 155
8.2833 158
8.3 162
8.3167 165
8.3333 168
8.35 172
8.3667 175
8.3833 179
8.4 182
8.4167 186
8.4333 189
8.45 193
8.4667 196
8.4833 200
8.5 203
8.5167 207
8.5333 210
8.55 214
8.5667 218
8.5833 221
8.6 225
8.6167 228
8.6333 232
8.65 235
8.6667 239
8.6833 243
8.7 246
8.7167 250
8.7333 253
8.75 257
8.7667 261
8.7833 264
8.8 268
8.8167 272
8.8333 275
8.85 279
8.8667 282
8.8833 286
8.9 290
8.9167 293
8.9333 297
8.95 300
8.9667 304
8.9833 308
9.0 311
9.0167 316
9.0333 319
9.05 323
9.0667 327
9.0833 330
9.1 334
9.1167 337
9.1333 341
9.15 345
9.1667 348
9.1833 352
9.2 355
9.2167 359
9.2333 362
9.25 366
9.2667 369
9.2833 373
9.3 376
9.3167 380
9.3333 383
9.35 387
9.3667 391
9.3833 394
9.4 398
9.4167 401
9.4333 404
9.45 408
9.4667 411
9.4833 415
9.5 418
9.5167 422
9.5333 425
9.55 429
9.5667 432
9.5833 435
9.6 439
9.6167 442
9.6333 445
9.65 449
9.6667 452
9.6833 456
9.7 459
9.7167 462
9.7333 466
9.75 469
9.7667 472
9.7833 475
9.8 479
9.8167 482
9.8333 485
9.85 488
9.8667 492
9.8833 495
9.9 498
9.9167 501
9.9333 504
9.95 508
9.9667 511
9.9833 514
10.0 517
10.0167 520
10.0333 523
10.05 526
10.0667 529
10.0833 533
10.1 536
10.1167 539
10.1333 542
10.15 545
10.1667 548
10.1833 551
10.2 554
10.2167 557
10.2333 560
10.25 562
10.2667 565
10.2833 568
10.3 571
10.3167 574
10.3333 577
10.35 580
10.3667 583
10.3833 585
10.4 588
10.4167 591
10.4333 594
10.45 597
10.4667 599
10.4833 602
10.5 605
10.5167 608
10.5333 610
10.55 613
10.5667 616
10.5833 618
10.6 621
10.6167 623
10.6333 626
10.65 629
10.6667 631
10.6833 634
10.7 636
10.7167 639
10.7333 641
10.75 644
10.7667 646
10.7833 649
10.8 651
10.8167 654
10.8333 656
10.85 658
10.8667 661
10.8833 663
10.9 665
10.9167 668
10.9333 670
10.95 672
10.9667 675
10.9833 677
11.0 679
11.0167 681
11.0333 684
11.05 686
11.0667 688
11.0833 690
11.1 692
11.1167 694
11.1333 696
11.15 699
11.1667 701
11.1833 703
11.2 705
11.2167 707
11.2333 709
11.25 711
11.2667 713
11.2833 715
11.3 716
11.3167 718
11.3333 720
11.35 722
11.3667 724
11.3833 726
11.4 728
11.4167 729
11.4333 731
11.45 733
11.4667 735
11.4833 736
11.5 738
11.5167 740
11.5333 741
11.55 743
11.5667 745
11.5833 746
11.6 748
11.6167 749
11.6333 751
11.65 753
11.6667 754
11.6833 756
11.7 757
11.7167 758
11.7333 760
11.75 761
11.7667 763
11.7833 764
11.8 765
11.8167 767
11.8333 768
11.85 769
11.8667 771
11.8833 772
11.9 773
11.9167 774
11.9333 776
11.95 777
11.9667 778
11.9833 779
12.0 780
12.0167 781
12.0333 782
12.05 783
12.0667 784
12.0833 785
12.1 786
12.1167 787
12.1333 788
12.15 789
12.1667 790
12.1833 791
12.2 792
12.2167 793
12.2333 794
12.25 795
12.2667 795
12.2833 796
12.3 797
12.3167 798
12.3333 798
12.35 799
12.3667 800
12.3833 800
12.4 801
12.4167 802
12.4333 802
12.45 803
12.4667 803
12.4833 804
12.5 805
12.5167 805
12.5333 805
12.55 806
12.5667 806
12.5833 807
12.6 807
12.6167 808
12.6333 808
12.65 808
12.6667 809
12.6833 809
12.7 809
12.7167 809
12.7333 810
12.75 810
12.7667 810
12.7833 810
12.8 810
12.8167 810
12.8333 811
12.85 811
12.8667 811
12.8833 811
12.9 811
12.9167 811
12.9333 811
12.95 811
12.9667 811
12.9833 811
13.0 811
13.0167 810
13.0333 810
13.05 810
13.0667 810
13.0833 810
13.1 810
13.1167 809
13.1333 809
13.15 809
13.1667 808
13.1833 808
13.2 808
13.2167 807
13.2333 807
13.25 807
13.2667 806
13.2833 806
13.3 805
13.3167 805
13.3333 804
13.35 804
13.3667 803
13.3833 803
13.4 802
13.4167 802
13.4333 801
13.45 800
13.4667 800
13.4833 799
13.5 798
13.5167 797
13.5333 797
13.55 796
13.5667 795
13.5833 794
13.6 794
13.6167 793
13.6333 792
13.65 791
13.6667 790
13.6833 789
13.7 788
13.7167 787
13.7333 786
13.75 785
13.7667 784
13.7833 783
13.8 782
13.8167 781
13.8333 780
13.85 779
13.8667 778
13.8833 776
13.9 775
13.9167 774
13.9333 773
13.95 772
13.9667 770
13.9833 769
14.0 768
14.0167 766
14.0333 765
14.05 764
14.0667 762
14.0833 761
14.1 759
14.1167 758
14.1333 757
14.15 755
14.1667 754
14.1833 752
14.2 751
14.2167 749
14.2333 747
14.25 746
14.2667 744
14.2833 743
14.3 741
14.3167 739
14.3333 738
14.35 736
14.3667 734
14.3833 732
14.4 731
14.4167 729
14.4333 727
14.45 725
14.4667 723
14.4833 722
14.5 720
14.5167 718
14.5333 716
14.55 714
14.5667 712
14.5833 710
14.6 708
14.6167 706
14.6333 704
14.65 702
14.6667 700
14.6833 698
14.7 696
14.7167 694
14.7333 692
14.75 689
14.7667 687
14.7833 685
14.8 683
14.8167 681
14.8333 678
14.85 676
14.8667 674
14.8833 672
14.9 669
14.9167 667
14.9333 665
14.95 662
14.9667 660
14.9833 658
15.0 656
15.0167 654
15.0333 651
15.05 649
15.0667 646
15.0833 644
15.1 641
15.1167 639
15.1333 636
15.15 634
15.1667 631
15.1833 629
15.2 626
15.2167 624
15.2333 621
15.25 618
15.2667 616
15.2833 613
15.3 610
15.3167 608
15.3333 605
15.35 602
15.3667 599
15.3833 597
15.4 594
15.4167 591
15.4333 588
15.45 585
15.4667 583
15.4833 580
15.5 577
15.5167 574
15.5333 571
15.55 568
15.5667 565
15.5833 562
15.6 559
15.6167 557
15.6333 554
15.65 551
15.6667 548
15.6833 545
15.7 542
15.7167 539
15.7333 535
15.75 532
15.7667 529
15.7833 526
15.8 523
15.8167 520
15.8333 517
15.85 514
15.8667 511
15.8833 507
15.9 504
15.9167 501
15.9333 498
15.95 495
15.9667 491
15.9833 488
16.0 485
16.0167 482
16.0333 478
16.05 475
16.0667 472
16.0833 469
16.1 465
16.1167 462
16.1333 459
16.15 455
16.1667 452
16.1833 449
16.2 445
16.2167 442
16.2333 438
16.25 435
16.2667 432
16.2833 428
16.3 425
16.3167 421
16.3333 418
16.35 415
16.3667 411
16.3833 408
16.4 404
16.4167 401
16.4333 397
16.45 394
16.4667 390
16.4833 387
16.5 383
16.5167 380
16.5333 376
16.55 373
16.5667 369
16.5833 366
16.6 362
16.6167 358
16.6333 355
16.65 351
16.6667 348
16.6833 344
16.7 341
16.7167 337
16.7333 333
16.75 330
16.7667 326
16.7833 323
16.8 319
16.8167 315
16.8333 312
16.85 308
16.8667 305
16.8833 301
16.9 297
16.9167 294
16.9333 290
16.95 286
16.9667 283
16.9833 279
