8.0 86
8.0167 89
8.0333 92
8.05 96
8.0667 99
8.0833 102
8.1 106
8.1167 109
8.1333 112
8.15 116
8.1667 119
8.1833 123
8.2 126
8.2167 130
8.2333 133
8.25 137
8.2667 140
8.2833 144
8.3 147
8.3167 151
8.3333 154
8.35 158
8.3667 162
8.3833 165
8.4 169
8.4167 173
8.4333 176
8.45 180
8.4667 184
8.4833 187
8.5 191
8.5167 195
8.5333 198
8.55 202
8.5667 206
8.5833 209
8.6 213
8.6167 217
8.6333 221
8.65 224
8.6667 228
8.6833 232
8.7 236
8.7167 239
8.7333 243
8.75 247
8.7667 250
8.7833 254
8.8 258
8.8167 262
8.8333 265
8.85 269
8.8667 273
8.8833 277
8.9 280
8.9167 284
8.9333 288
8.95 291
8.9667 295
8.9833 299
9.0 303
9.0167 307
9.0333 311
9.05 314
9.0667 318
9.0833 322
9.1 325
9.1167 329
9.1333 333
9.15 336
9.1667 340
9.1833 344
9.2 347
9.2167 351
9.2333 355
9.25 358
9.2667 362
9.2833 365
9.3 369
9.3167 373
9.3333 376
9.35 380
9.3667 383
9.3833 387
9.4 391
9.4167 394
9.4333 398
9.45 401
9.4667 405
9.4833 408
9.5 412
9.5167 415
9.5333 419
9.55 422
9.5667 426
9.5833 429
9.6 432
9.6167 436
9.6333 439
9.65 443
9.6667 446
9.6833 450
9.7 453
9.7167 456
9.7333 460
9.75 463
9.7667 466
9.7833 470
9.8 473
9.8167 476
9.8333 480
9.85 483
9.8667 486
9.8833 489
9.9 493
9.9167 496
9.9333 499
9.95 502
9.9667 505
9.9833 509
10.0 512
10.0167 515
10.0333 518
10.05 521
10.0667 524
10.0833 527
10.1 531
10.1167 534
10.1333 537
10.15 540
10.1667 543
10.1833 546
10.2 549
10.2167 552
10.2333 555
10.25 558
10.2667 561
10.2833 564
10.3 567
10.3167 569
10.3333 572
10.35 575
10.3667 578
10.3833 581
10.4 584
10.4167 587
10.4333 589
10.45 592
10.4667 595
10.4833 598
10.5 600
10.5167 603
10.5333 606
10.55 609
10.5667 611
10.5833 614
10.6 617
10.6167 619
10.6333 622
10.65 624
10.6667 627
10.6833 630
10.7 632
10.7167 635
10.7333 637
10.75 640
10.7667 642
10.7833 645
10.8 647
10.8167 650
10.8333 652
10.85 654
10.8667 657
10.8833 659
10.9 661
10.9167 664
10.9333 666
10.95 668
10.9667 671
10.9833 673
11.0 675
11.0167 677
11.0333 680
11.05 682
11.0667 684
11.0833 686
11.1 688
11.1167 691
11.1333 693
11.15 695
11.1667 697
11.1833 699
11.2 701
11.2167 703
11.2333 705
11.25 707
11.2667 709
11.2833 711
11.3 713
11.3167 715
11.3333 717
11.35 718
11.3667 720
11.3833 722
11.4 724
11.4167 726
11.4333 728
11.45 729
11.4667 731
11.4833 733
11.5 734
11.5167 736
11.5333 738
11.55 739
11.5667 741
11.5833 743
11.6 744
11.6167 746
11.6333 747
11.65 749
11.6667 751
11.6833 752
11.7 754
11.7167 755
11.7333 756
11.75 758
11.7667 759
11.7833 761
11.8 762
11.8167 763
11.8333 765
11.85 766
11.8667 767
11.8833 769
11.9 770
11.9167 771
11.9333 772
11.95 773
11.9667 775
11.9833 776
12.0 777
12.0167 778
12.0333 779
12.05 780
12.0667 781
12.0833 782
12.1 783
12.1167 784
12.1333 785
12.15 786
12.1667 787
12.1833 788
12.2 789
12.2167 790
12.2333 791
12.25 791
12.2667 792
12.2833 793
12.3 794
12.3167 795
12.3333 795
12.35 796
12.3667 797
12.3833 797
12.4 798
12.4167 799
12.4333 799
12.45 800
12.4667 800
12.4833 801
12.5 802
12.5167 802
12.5333 803
12.55 803
12.5667 803
12.5833 804
12.6 804
12.6167 805
12.6333 805
12.65 805
12.6667 806
12.6833 806
12.7 806
12.7167 807
12.7333 807
12.75 807
12.7667 807
12.7833 807
12.8 808
12.8167 808
12.8333 808
12.85 808
12.8667 808
12.8833 808
12.9 808
12.9167 808
12.9333 808
12.95 808
12.9667 808
12.9833 808
13.0 808
13.0167 808
13.0333 808
13.05 808
13.0667 807
13.0833 807
13.1 807
13.1167 807
13.1333 807
13.15 806
13.1667 806
13.1833 806
13.2 805
13.2167 805
13.2333 805
13.25 804
13.2667 804
13.2833 803
13.3 803
13.3167 802
13.3333 802
13.35 801
13.3667 801
13.3833 800
13.4 800
13.4167 799
13.4333 799
13.45 798
13.4667 797
13.4833 797
13.5 796
13.5167 795
13.5333 794
13.55 794
13.5667 793
13.5833 792
13.6 791
13.6167 791
13.6333 790
13.65 789
13.6667 788
13.6833 787
13.7 786
13.7167 785
13.7333 784
13.75 783
13.7667 782
13.7833 781
13.8 780
13.8167 779
13.8333 778
13.85 777
13.8667 776
13.8833 774
13.9 773
13.9167 772
13.9333 771
13.95 770
13.9667 768
13.9833 767
14.0 766
14.0167 764
14.0333 763
14.05 762
14.0667 760
14.0833 759
14.1 758
14.1167 756
14.1333 755
14.15 753
14.1667 752
14.1833 750
14.2 749
14.2167 747
14.2333 746
14.25 744
14.2667 743
14.2833 741
14.3 739
14.3167 738
14.3333 736
14.35 734
14.3667 733
14.3833 731
14.4 729
14.4167 727
14.4333 726
14.45 724
14.4667 722
14.4833 720
14.5 718
14.5167 716
14.5333 714
14.55 712
14.5667 711
14.5833 709
14.6 707
14.6167 705
14.6333 703
14.65 701
14.6667 699
14.6833 697
14.7 694
14.7167 692
14.7333 690
14.75 688
14.7667 686
14.7833 684
14.8 682
14.8167 679
14.8333 677
14.85 675
14.8667 673
14.8833 670
14.9 668
14.9167 666
14.9333 664
14.95 661
14.9667 659
14.9833 656
15.0 655
15.0167 653
15.0333 650
15.05 648
15.0667 645
15.0833 643
15.1 640
15.1167 638
15.1333 635
15.15 633
15.1667 630
15.1833 628
15.2 625
15.2167 622
15.2333 620
15.25 617
15.2667 615
15.2833 612
15.3 609
15.3167 607
15.3333 604
15.35 601
15.3667 598
15.3833 596
15.4 593
15.4167 590
15.4333 587
15.45 584
15.4667 582
15.4833 579
15.5 576
15.5167 573
15.5333 570
15.55 567
15.5667 564
15.5833 561
15.6 558
15.6167 555
15.6333 552
15.65 549
15.6667 546
15.6833 543
15.7 540
15.7167 537
15.7333 534
15.75 531
15.7667 528
15.7833 525
15.8 522
15.8167 519
15.8333 516
15.85 512
15.8667 509
15.8833 506
15.9 503
15.9167 500
15.9333 496
15.95 493
15.9667 490
15.9833 487
16.0 483
16.0167 480
16.0333 477
16.05 474
16.0667 470
16.0833 467
16.1 464
16.1167 460
16.1333 457
16.15 453
16.1667 450
16.1833 447
16.2 443
16.2167 440
16.2333 436
16.25 433
16.2667 430
16.2833 426
16.3 423
16.3167 419
16.3333 416
16.35 412
16.3667 409
16.3833 405
16.4 402
16.4167 398
16.4333 395
16.45 391
16.4667 387
16.4833 384
16.5 380
16.5167 377
16.5333 373
16.55 370
16.5667 366
16.5833 362
16.6 359
16.6167 355
16.6333 351
16.65 348
16.6667 344
16.6833 340
16.7 337
16.7167 333
16.7333 330
16.75 326
16.7667 322
16.7833 318
16.8 315
16.8167 311
16.8333 307
16.85 304
16.8667 300
16.8833 296
16.9 293
16.9167 289
16.9333 285
16.95 281
16.9667 278
16.9833 274
