8.0 81
8.0167 84
8.0333 87
8.05 90
8.0667 93
8.0833 96
8.1 100
8.1167 103
8.1333 106
8.15 109
8.1667 112
8.1833 116
8.2 119
8.2167 122
8.2333 125
8.25 129
8.2667 132
8.2833 136
8.3 139
8.3167 142
8.3333 146
8.35 149
8.3667 153
8.3833 156
8.4 160
8.4167 163
8.4333 167
8.45 170
8.4667 174
8.4833 178
8.5 181
8.5167 185
8.5333 188
8.55 192
8.5667 196
8.5833 199
8.6 203
8.6167 206
8.6333 210
8.65 214
8.6667 217
8.6833 221
8.7 224
8.7167 228
8.7333 232
8.75 235
8.7667 239
8.7833 243
8.8 246
8.8167 250
8.8333 254
8.85 257
8.8667 261
8.8833 265
8.9 268
8.9167 272
8.9333 275
8.95 279
8.9667 283
8.9833 286
9.0 290
9.0167 294
9.0333 298
9.05 302
9.0667 305
9.0833 309
9.1 313
9.1167 316
9.1333 320
9.15 323
9.1667 327
9.1833 331
9.2 334
9.2167 338
9.2333 341
9.25 345
9.2667 348
9.2833 352
9.3 356
9.3167 359
9.3333 363
9.35 366
9.3667 370
9.3833 373
9.4 377
9.4167 380
9.4333 384
9.45 387
9.4667 391
9.4833 394
9.5 398
9.5167 401
9.5333 404
9.55 408
9.5667 411
9.5833 415
9.6 418
9.6167 422
9.6333 425
9.65 428
9.6667 432
9.6833 435
9.7 438
9.7167 442
9.7333 445
9.75 448
9.7667 452
9.7833 455
9.8 458
9.8167 461
9.8333 465
9.85 468
9.8667 471
9.8833 474
9.9 478
9.9167 481
9.9333 484
9.95 487
9.9667 490
9.9833 494
10.0 497
10.0167 500
10.0333 503
10.05 506
10.0667 509
10.0833 512
10.1 515
10.1167 518
10.1333 521
10.15 524
10.1667 527
10.1833 530
10.2 533
10.2167 536
10.2333 539
10.25 542
10.2667 545
10.2833 548
10.3 551
10.3167 554
10.3333 557
10.35 560
10.3667 562
10.3833 565
10.4 568
10.4167 571
10.4333 574
10.45 576
10.4667 579
10.4833 582
10.5 585
10.5167 587
10.5333 590
10.55 593
10.5667 595
10.5833 598
10.6 601
10.6167 603
10.6333 606
10.65 609
10.6667 611
10.6833 614
10.7 616
10.7167 619
10.7333 621
10.75 624
10.7667 626
10.7833 629
10.8 631
10.8167 634
10.8333 636
10.85 638
10.8667 641
10.8833 643
10.9 645
10.9167 648
10.9333 650
10.95 652
10.9667 655
10.9833 657
11.0 659
11.0167 661
11.0333 664
11.05 666
11.0667 668
11.0833 670
11.1 672
11.1167 674
11.1333 676
11.15 679
11.1667 681
11.1833 683
11.2 685
11.2167 687
11.2333 689
11.25 691
11.2667 693
11.2833 695
11.3 696
11.3167 698
11.3333 700
11.35 702
11.3667 704
11.3833 706
11.4 708
11.4167 709
11.4333 711
11.45 713
11.4667 715
11.4833 716
11.5 718
11.5167 720
11.5333 721
11.55 723
11.5667 725
11.5833 726
11.6 728
11.6167 730
11.6333 731
11.65 733
11.6667 734
11.6833 736
11.7 737
11.7167 739
11.7333 740
11.75 741
11.7667 743
11.7833 744
11.8 746
11.8167 747
11.8333 748
11.85 750
11.8667 751
11.8833 752
11.9 753
11.9167 755
11.9333 756
11.95 757
11.9667 758
11.9833 759
12.0 760
12.0167 762
12.0333 763
12.05 764
12.0667 765
12.0833 766
12.1 767
12.1167 768
12.1333 769
12.15 770
12.1667 771
12.1833 772
12.2 772
12.2167 773
12.2333 774
12.25 775
12.2667 776
12.2833 777
12.3 777
12.3167 778
12.3333 779
12.35 780
12.3667 780
12.3833 781
12.4 782
12.4167 782
12.4333 783
12.45 783
12.4667 784
12.4833 784
12.5 785
12.5167 786
12.5333 786
12.55 786
12.5667 787
12.5833 787
12.6 788
12.6167 788
12.6333 788
12.65 789
12.6667 789
12.6833 789
12.7 790
12.7167 790
12.7333 790
12.75 791
12.7667 791
12.7833 791
12.8 791
12.8167 791
12.8333 791
12.85 791
12.8667 791
12.8833 792
12.9 792
12.9167 792
12.9333 792
12.95 792
12.9667 792
12.9833 791
13.0 791
13.0167 791
13.0333 791
13.05 791
13.0667 791
13.0833 791
13.1 790
13.1167 790
13.1333 790
13.15 790
13.1667 789
13.1833 789
13.2 789
13.2167 788
13.2333 788
13.25 788
13.2667 787
13.2833 787
13.3 786
13.3167 786
13.3333 786
13.35 785
13.3667 784
13.3833 784
13.4 783
13.4167 783
13.4333 782
13.45 782
13.4667 781
13.4833 780
13.5 779
13.5167 779
13.5333 778
13.55 777
13.5667 777
13.5833 776
13.6 775
13.6167 774
13.6333 773
13.65 772
13.6667 771
13.6833 771
13.7 770
13.7167 769
13.7333 768
13.75 767
13.7667 766
13.7833 765
13.8 764
13.8167 763
13.8333 761
13.85 760
13.8667 759
13.8833 758
13.9 757
13.9167 756
13.9333 755
13.95 753
13.9667 752
13.9833 751
14.0 750
14.0167 748
14.0333 747
14.05 746
14.0667 744
14.0833 743
14.1 741
14.1167 740
14.1333 739
14.15 737
14.1667 736
14.1833 734
14.2 733
14.2167 731
14.2333 730
14.25 728
14.2667 726
14.2833 725
14.3 723
14.3167 721
14.3333 720
14.35 718
14.3667 716
14.3833 715
14.4 713
14.4167 711
14.4333 709
14.45 708
14.4667 706
14.4833 704
14.5 702
14.5167 700
14.5333 698
14.55 696
14.5667 695
14.5833 693
14.6 691
14.6167 689
14.6333 687
14.65 685
14.6667 683
14.6833 681
14.7 678
14.7167 676
14.7333 674
14.75 672
14.7667 670
14.7833 668
14.8 666
14.8167 663
14.8333 661
14.85 659
14.8667 657
14.8833 655
14.9 652
14.9167 650
14.9333 648
14.95 645
14.9667 643
14.9833 641
15.0 639
15.0167 637
15.0333 634
15.05 632
15.0667 630
15.0833 627
15.1 625
15.1167 622
15.1333 620
15.15 617
15.1667 615
15.1833 612
15.2 609
15.2167 607
15.2333 604
15.25 602
15.2667 599
15.2833 596
15.3 594
15.3167 591
15.3333 588
15.35 586
15.3667 583
15.3833 580
15.4 577
15.4167 575
15.4333 572
15.45 569
15.4667 566
15.4833 563
15.5 561
15.5167 558
15.5333 555
15.55 552
15.5667 549
15.5833 546
15.6 543
15.6167 540
15.6333 537
15.65 534
15.6667 531
15.6833 528
15.7 525
15.7167 522
15.7333 519
15.75 516
15.7667 513
15.7833 510
15.8 507
15.8167 504
15.8333 501
15.85 498
15.8667 494
15.8833 491
15.9 488
15.9167 485
15.9333 482
15.95 479
15.9667 475
15.9833 472
16.0 469
16.0167 466
16.0333 462
16.05 459
16.0667 456
16.0833 452
16.1 449
16.1167 446
16.1333 443
16.15 439
16.1667 436
16.1833 432
16.2 429
16.2167 426
16.2333 422
16.25 419
16.2667 416
16.2833 412
16.3 409
16.3167 405
16.3333 402
16.35 398
16.3667 395
16.3833 391
16.4 388
16.4167 384
16.4333 381
16.45 377
16.4667 374
16.4833 370
16.5 367
16.5167 363
16.5333 360
16.55 356
16.5667 353
16.5833 349
16.6 346
16.6167 342
16.6333 338
16.65 335
16.6667 331
16.6833 328
16.7 324
16.7167 320
16.7333 317
16.75 313
16.7667 310
16.7833 306
16.8 302
16.8167 299
16.8333 295
16.85 291
16.8667 288
16.8833 284
16.9 281
16.9167 277
16.9333 273
16.95 270
16.9667 266
16.9833 262
