8.0 88
8.0167 91
8.0333 94
8.05 98
8.0667 101
8.0833 104
8.1 107
8.1167 111
8.1333 114
8.15 117
8.1667 120
8.1833 124
8.2 127
8.2167 130
8.2333 134
8.25 137
8.2667 141
8.2833 144
8.3 148
8.3167 151
8.3333 155
8.35 158
8.3667 162
8.3833 165
8.4 169
8.4167 173
8.4333 176
8.45 180
8.4667 183
8.4833 187
8.5 191
8.5167 194
8.5333 198
8.55 202
8.5667 205
8.5833 209
8.6 213
8.6167 216
8.6333 220
8.65 224
8.6667 227
8.6833 231
8.7 235
8.7167 238
8.7333 242
8.75 246
8.7667 249
8.7833 253
8.8 257
8.8167 260
8.8333 264
8.85 268
8.8667 271
8.8833 275
8.9 279
8.9167 283
8.9333 286
8.95 290
8.9667 294
8.9833 297
9.0 301
9.0167 305
9.0333 309
9.05 313
9.0667 316
9.0833 320
9.1 324
9.1167 327
9.1333 331
9.15 335
9.1667 338
9.1833 342
9.2 345
9.2167 349
9.2333 353
9.25 356
9.2667 360
9.2833 363
9.3 367
9.3167 371
9.3333 374
9.35 378
9.3667 381
9.3833 385
9.4 388
9.4167 392
9.4333 395
9.45 399
9.4667 402
9.4833 406
9.5 409
9.5167 413
9.5333 416
9.55 420
9.5667 423
9.5833 427
9.6 430
9.6167 434
9.6333 437
9.65 440
9.6667 444
9.6833 447
9.7 451
9.7167 454
9.7333 457
9.75 461
9.7667 464
9.7833 467
9.8 471
9.8167 474
9.8333 477
9.85 480
9.8667 484
9.8833 487
9.9 490
9.9167 493
9.9333 497
9.95 500
9.9667 503
9.9833 506
10.0 509
10.0167 512
10.0333 516
10.05 519
10.0667 522
10.0833 525
10.1 528
10.1167 531
10.1333 534
10.15 537
10.1667 540
10.1833 543
10.2 546
10.2167 549
10.2333 552
10.25 555
10.2667 558
10.2833 561
10.3 564
10.3167 567
10.3333 570
10.35 573
10.3667 576
10.3833 578
10.4 581
10.4167 584
10.4333 587
10.45 590
10.4667 592
10.4833 595
10.5 598
10.5167 601
10.5333 603
10.55 606
10.5667 609
10.5833 611
10.6 614
10.6167 617
10.6333 619
10.65 622
10.6667 624
10.6833 627
10.7 630
10.7167 632
10.7333 635
10.75 637
10.7667 640
10.7833 642
10.8 645
10.8167 647
10.8333 649
10.85 652
10.8667 654
10.8833 657
10.9 659
10.9167 661
10.9333 664
10.95 666
10.9667 668
10.9833 670
11.0 673
11.0167 675
11.0333 677
11.05 679
11.0667 682
11.0833 684
11.1 686
11.1167 688
11.1333 690
11.15 692
11.1667 694
11.1833 696
11.2 698
11.2167 700
11.2333 702
11.25 704
11.2667 706
11.2833 708
11.3 710
11.3167 712
11.3333 714
11.35 716
11.3667 718
11.3833 720
11.4 722
11.4167 723
11.4333 725
11.45 727
11.4667 729
11.4833 730
11.5 732
11.5167 734
11.5333 735
11.55 737
11.5667 739
11.5833 740
11.6 742
11.6167 744
11.6333 745
11.65 747
11.6667 748
11.6833 750
11.7 751
11.7167 753
11.7333 754
11.75 756
11.7667 757
11.7833 758
11.8 760
11.8167 761
11.8333 762
11.85 764
11.8667 765
11.8833 766
11.9 767
11.9167 769
11.9333 770
11.95 771
11.9667 772
11.9833 773
12.0 775
12.0167 776
12.0333 777
12.05 778
12.0667 779
12.0833 780
12.1 781
12.1167 782
12.1333 783
12.15 784
12.1667 785
12.1833 786
12.2 787
12.2167 788
12.2333 788
12.25 789
12.2667 790
12.2833 791
12.3 792
12.3167 792
12.3333 793
12.35 794
12.3667 795
12.3833 795
12.4 796
12.4167 796
12.4333 797
12.45 798
12.4667 798
12.4833 799
12.5 799
12.5167 800
12.5333 800
12.55 801
12.5667 801
12.5833 802
12.6 802
12.6167 802
12.6333 803
12.65 803
12.6667 804
12.6833 804
12.7 804
12.7167 804
12.7333 805
12.75 805
12.7667 805
12.7833 805
12.8 805
12.8167 806
12.8333 806
12.85 806
12.8667 806
12.8833 806
12.9 806
12.9167 806
12.9333 806
12.95 806
12.9667 806
12.9833 806
13.0 806
13.0167 806
13.0333 806
13.05 805
13.0667 805
13.0833 805
13.1 805
13.1167 805
13.1333 804
13.15 804
13.1667 804
13.1833 804
13.2 803
13.2167 803
13.2333 803
13.25 802
13.2667 802
13.2833 801
13.3 801
13.3167 800
13.3333 800
13.35 799
13.3667 799
13.3833 798
13.4 798
13.4167 797
13.4333 797
13.45 796
13.4667 795
13.4833 795
13.5 794
13.5167 793
13.5333 792
13.55 792
13.5667 791
13.5833 790
13.6 789
13.6167 788
13.6333 788
13.65 787
13.6667 786
13.6833 785
13.7 784
13.7167 783
13.7333 782
13.75 781
13.7667 780
13.7833 779
13.8 778
13.8167 777
13.8333 776
13.85 775
13.8667 774
13.8833 772
13.9 771
13.9167 770
13.9333 769
13.95 768
13.9667 766
13.9833 765
14.0 764
14.0167 762
14.0333 761
14.05 760
14.0667 758
14.0833 757
14.1 756
14.1167 754
14.1333 753
14.15 751
14.1667 750
14.1833 748
14.2 747
14.2167 745
14.2333 744
14.25 742
14.2667 741
14.2833 739
14.3 737
14.3167 736
14.3333 734
14.35 732
14.3667 731
14.3833 729
14.4 727
14.4167 725
14.4333 724
14.45 722
14.4667 720
14.4833 718
14.5 716
14.5167 714
14.5333 712
14.55 710
14.5667 709
14.5833 707
14.6 705
14.6167 703
14.6333 701
14.65 699
14.6667 697
14.6833 695
14.7 692
14.7167 690
14.7333 688
14.75 686
14.7667 684
14.7833 682
14.8 680
14.8167 677
14.8333 675
14.85 673
14.8667 671
14.8833 668
14.9 666
14.9167 664
14.9333 662
14.95 659
14.9667 657
14.9833 654
15.0 653
15.0167 651
15.0333 648
15.05 646
15.0667 643
15.0833 641
15.1 638
15.1167 636
15.1333 633
15.15 631
15.1667 628
15.1833 626
15.2 623
15.2167 621
15.2333 618
15.25 615
15.2667 613
15.2833 610
15.3 607
15.3167 605
15.3333 602
15.35 599
15.3667 596
15.3833 594
15.4 591
15.4167 588
15.4333 585
15.45 582
15.4667 580
15.4833 577
15.5 574
15.5167 571
15.5333 568
15.55 565
15.5667 562
15.5833 559
15.6 556
15.6167 553
15.6333 551
15.65 548
15.6667 544
15.6833 541
15.7 538
15.7167 535
15.7333 532
15.75 529
15.7667 526
15.7833 523
15.8 520
15.8167 517
15.8333 514
15.85 511
15.8667 507
15.8833 504
15.9 501
15.9167 498
15.9333 495
15.95 491
15.9667 488
15.9833 485
16.0 482
16.0167 478
16.0333 475
16.05 472
16.0667 469
16.0833 465
16.1 462
16.1167 459
16.1333 455
16.15 452
16.1667 448
16.1833 445
16.2 442
16.2167 438
16.2333 435
16.25 431
16.2667 428
16.2833 425
16.3 421
16.3167 418
16.3333 414
16.35 411
16.3667 407
16.3833 404
16.4 400
16.4167 397
16.4333 393
16.45 390
16.4667 386
16.4833 383
16.5 379
16.5167 375
16.5333 372
16.55 368
16.5667 365
16.5833 361
16.6 358
16.6167 354
16.6333 350
16.65 347
16.6667 343
16.6833 339
16.7 336
16.7167 332
16.7333 329
16.75 325
16.7667 321
16.7833 318
16.8 314
16.8167 310
16.8333 307
16.85 303
16.8667 299
16.8833 296
16.9 292
16.9167 288
16.9333 285
16.95 281
16.9667 277
16.9833 273
