8.0 74
8.0167 77
8.0333 80
8.05 83
8.0667 86
8.0833 89
8.1 92
8.1167 95
8.1333 98
8.15 102
8.1667 105
8.1833 108
8.2 111
8.2167 114
8.2333 118
8.25 121
8.2667 124
8.2833 127
8.3 131
8.3167 134
8.3333 137
8.35 141
8.3667 144
8.3833 148
8.4 151
8.4167 155
8.4333 158
8.45 162
8.4667 165
8.4833 169
8.5 172
8.5167 176
8.5333 179
8.55 183
8.5667 186
8.5833 190
8.6 193
8.6167 197
8.6333 201
8.65 204
8.6667 208
8.6833 211
8.7 215
8.7167 219
8.7333 222
8.75 226
8.7667 229
8.7833 233
8.8 236
8.8167 240
8.8333 244
8.85 247
8.8667 251
8.8833 255
8.9 258
8.9167 262
8.9333 265
8.95 269
8.9667 273
8.9833 276
9.0 280
9.0167 284
9.0333 288
9.05 291
9.0667 295
9.0833 298
9.1 302
9.1167 306
9.1333 309
9.15 313
9.1667 316
9.1833 320
9.2 323
9.2167 327
9.2333 330
9.25 334
9.2667 338
9.2833 341
9.3 345
9.3167 348
9.3333 352
9.35 355
9.3667 359
9.3833 362
9.4 366
9.4167 369
9.4333 372
9.45 376
9.4667 379
9.4833 383
9.5 386
9.5167 390
9.5333 393
9.55 397
9.5667 400
9.5833 403
9.6 407
9.6167 410
9.6333 413
9.65 417
9.6667 420
9.6833 423
9.7 427
9.7167 430
9.7333 433
9.75 437
9.7667 440
9.7833 443
9.8 446
9.8167 450
9.8333 453
9.85 456
9.8667 459
9.8833 463
9.9 466
9.9167 469
9.9333 472
9.95 475
9.9667 478
9.9833 482
10.0 485
10.0167 488
10.0333 491
10.05 494
10.0667 497
10.0833 500
10.1 503
10.1167 506
10.1333 509
10.15 512
10.1667 515
10.1833 518
10.2 521
10.2167 524
10.2333 527
10.25 530
10.2667 533
10.2833 536
10.3 539
10.3167 541
10.3333 544
10.35 547
10.3667 550
10.3833 553
10.4 556
10.4167 558
10.4333 561
10.45 564
10.4667 567
10.4833 569
10.5 572
10.5167 575
10.5333 577
10.55 580
10.5667 583
10.5833 585
10.6 588
10.6167 591
10.6333 593
10.65 596
10.6667 598
10.6833 601
10.7 603
10.7167 606
10.7333 608
10.75 611
10.7667 613
10.7833 616
10.8 618
10.8167 620
10.8333 623
10.85 625
10.8667 628
10.8833 630
10.9 632
10.9167 635
10.9333 637
10.95 639
10.9667 641
10.9833 644
11.0 646
11.0167 648
11.0333 650
11.05 652
11.0667 655
11.0833 657
11.1 659
11.1167 661
11.1333 663
11.15 665
11.1667 667
11.1833 669
11.2 671
11.2167 673
11.2333 675
11.25 677
11.2667 679
11.2833 681
11.3 683
11.3167 685
11.3333 687
11.35 689
11.3667 690
11.3833 692
11.4 694
11.4167 696
11.4333 698
11.45 699
11.4667 701
11.4833 703
11.5 704
11.5167 706
11.5333 708
11.55 709
11.5667 711
11.5833 713
11.6 714
11.6167 716
11.6333 717
11.65 719
11.6667 720
11.6833 722
11.7 723
11.7167 725
11.7333 726
11.75 727
11.7667 729
11.7833 730
11.8 732
11.8167 733
11.8333 734
11.85 736
11.8667 737
11.8833 738
11.9 739
11.9167 740
11.9333 742
11.95 743
11.9667 744
11.9833 745
12.0 746
12.0167 747
12.0333 748
12.05 749
12.0667 751
12.0833 752
12.1 753
12.1167 754
12.1333 754
12.15 755
12.1667 756
12.1833 757
12.2 758
12.2167 759
12.2333 760
12.25 761
12.2667 761
12.2833 762
12.3 763
12.3167 764
12.3333 764
12.35 765
12.3667 766
12.3833 766
12.4 767
12.4167 768
12.4333 768
12.45 769
12.4667 769
12.4833 770
12.5 771
12.5167 771
12.5333 772
12.55 772
12.5667 772
12.5833 773
12.6 773
12.6167 774
12.6333 774
12.65 774
12.6667 775
12.6833 775
12.7 775
12.7167 775
12.7333 776
12.75 776
12.7667 776
12.7833 776
12.8 776
12.8167 777
12.8333 777
12.85 777
12.8667 777
12.8833 777
12.9 777
12.9167 777
12.9333 777
12.95 777
12.9667 777
12.9833 777
13.0 777
13.0167 777
13.0333 777
13.05 776
13.0667 776
13.0833 776
13.1 776
13.1167 776
13.1333 775
13.15 775
13.1667 775
13.1833 774
13.2 774
13.2167 774
13.2333 773
13.25 773
13.2667 773
13.2833 772
13.3 772
13.3167 771
13.3333 771
13.35 770
13.3667 770
13.3833 769
13.4 769
13.4167 768
13.4333 767
13.45 767
13.4667 766
13.4833 765
13.5 765
13.5167 764
13.5333 763
13.55 763
13.5667 762
13.5833 761
13.6 760
13.6167 759
13.6333 758
13.65 758
13.6667 757
13.6833 756
13.7 755
13.7167 754
13.7333 753
13.75 752
13.7667 751
13.7833 750
13.8 749
13.8167 748
13.8333 747
13.85 746
13.8667 744
13.8833 743
13.9 742
13.9167 741
13.9333 740
13.95 739
13.9667 737
13.9833 736
14.0 735
14.0167 733
14.0333 732
14.05 731
14.0667 729
14.0833 728
14.1 727
14.1167 725
14.1333 724
14.15 722
14.1667 721
14.1833 719
14.2 718
14.2167 716
14.2333 715
14.25 713
14.2667 712
14.2833 710
14.3 708
14.3167 707
14.3333 705
14.35 703
14.3667 702
14.3833 700
14.4 698
14.4167 697
14.4333 695
14.45 693
14.4667 691
14.4833 689
14.5 687
14.5167 686
14.5333 684
14.55 682
14.5667 680
14.5833 678
14.6 676
14.6167 674
14.6333 672
14.65 670
14.6667 668
14.6833 666
14.7 664
14.7167 662
14.7333 660
14.75 658
14.7667 655
14.7833 653
14.8 651
14.8167 649
14.8333 647
14.85 645
14.8667 642
14.8833 640
14.9 638
14.9167 636
14.9333 633
14.95 631
14.9667 629
14.9833 626
15.0 625
15.0167 622
15.0333 620
15.05 618
15.0667 615
15.0833 613
15.1 610
15.1167 608
15.1333 605
15.15 603
15.1667 600
15.1833 598
15.2 595
15.2167 593
15.2333 590
15.25 587
15.2667 585
15.2833 582
15.3 579
15.3167 577
15.3333 574
15.35 571
15.3667 569
15.3833 566
15.4 563
15.4167 560
15.4333 558
15.45 555
15.4667 552
15.4833 549
15.5 546
15.5167 544
15.5333 541
15.55 538
15.5667 535
15.5833 532
15.6 529
15.6167 526
15.6333 523
15.65 520
15.6667 517
15.6833 514
15.7 511
15.7167 508
15.7333 505
15.75 502
15.7667 499
15.7833 496
15.8 493
15.8167 490
15.8333 487
15.85 484
15.8667 481
15.8833 478
15.9 474
15.9167 471
15.9333 468
15.95 465
15.9667 462
15.9833 458
16.0 455
16.0167 452
16.0333 449
16.05 446
16.0667 442
16.0833 439
16.1 436
16.1167 432
16.1333 429
16.15 426
16.1667 422
16.1833 419
16.2 416
16.2167 412
16.2333 409
16.25 406
16.2667 402
16.2833 399
16.3 395
16.3167 392
16.3333 389
16.35 385
16.3667 382
16.3833 378
16.4 375
16.4167 371
16.4333 368
16.45 364
16.4667 361
16.4833 358
16.5 354
16.5167 350
16.5333 347
16.55 343
16.5667 340
16.5833 336
16.6 333
16.6167 329
16.6333 326
16.65 322
16.6667 319
16.6833 315
16.7 312
16.7167 308
16.7333 304
16.75 301
16.7667 297
16.7833 294
16.8 290
16.8167 286
16.8333 283
16.85 279
16.8667 276
16.8833 272
16.9 268
16.9167 265
16.9333 261
16.95 258
16.9667 254
16.9833 250
