8.0 312
8.0167 316
8.0333 319
8.05 323
8.0667 327
8.0833 331
8.1 334
8.1167 338
8.1333 342
8.15 346
8.1667 349
8.1833 353
8.2 357
8.2167 361
8.2333 364
8.25 368
8.2667 372
8.2833 376
8.3 379
8.3167 383
8.3333 387
8.35 391
8.3667 394
8.3833 398
8.4 402
8.4167 405
8.4333 409
8.45 413
8.4667 417
8.4833 420
8.5 424
8.5167 428
8.5333 431
8.55 435
8.5667 439
8.5833 442
8.6 446
8.6167 450
8.6333 454
8.65 457
8.6667 461
8.6833 464
8.7 468
8.7167 472
8.7333 475
8.75 479
8.7667 483
8.7833 486
8.8 490
8.8167 494
8.8333 497
8.85 501
8.8667 504
8.8833 508
8.9 511
8.9167 515
8.9333 519
8.95 522
8.9667 526
8.9833 529
9.0 533
9.0167 537
9.0333 540
9.05 544
9.0667 547
9.0833 551
9.1 554
9.1167 558
9.1333 561
9.15 565
9.1667 568
9.1833 571
9.2 575
9.2167 578
9.2333 582
9.25 585
9.2667 588
9.2833 592
9.3 595
9.3167 598
9.3333 602
9.35 605
9.3667 608
9.3833 612
9.4 615
9.4167 618
9.4333 621
9.45 625
9.4667 628
9.4833 631
9.5 634
9.5167 638
9.5333 641
9.55 644
9.5667 647
9.5833 650
9.6 654
9.6167 657
9.6333 660
9.65 663
9.6667 666
9.6833 669
9.7 672
9.7167 675
9.7333 678
9.75 681
9.7667 684
9.7833 687
9.8 690
9.8167 693
9.8333 696
9.85 699
9.8667 702
9.8833 705
9.9 708
9.9167 711
9.9333 714
9.95 717
9.9667 720
9.9833 723
10.0 725
10.0167 728
10.0333 731
10.05 734
10.0667 737
10.0833 739
10.1 742
10.1167 745
10.1333 748
10.15 750
10.1667 753
10.1833 756
10.2 758
10.2167 761
10.2333 764
10.25 766
10.2667 769
10.2833 772
10.3 774
10.3167 777
10.3333 779
10.35 782
10.3667 784
10.3833 787
10.4 789
10.4167 792
10.4333 794
10.45 797
10.4667 799
10.4833 801
10.5 804
10.5167 806
10.5333 809
10.55 811
10.5667 813
10.5833 816
10.6 818
10.6167 820
10.6333 822
10.65 825
10.6667 827
10.6833 829
10.7 831
10.7167 833
10.7333 836
10.75 838
10.7667 840
10.7833 842
10.8 844
10.8167 846
10.8333 848
10.85 850
10.8667 852
10.8833 854
10.9 856
10.9167 858
10.9333 860
10.95 862
10.9667 864
10.9833 866
11.0 868
11.0167 870
11.0333 872
11.05 874
11.0667 875
11.0833 877
11.1 879
11.1167 881
11.1333 882
11.15 884
11.1667 886
11.1833 888
11.2 889
11.2167 891
11.2333 893
11.25 894
11.2667 896
11.2833 897
11.3 899
11.3167 900
11.3333 902
11.35 904
11.3667 905
11.3833 906
11.4 908
11.4167 909
11.4333 911
11.45 912
11.4667 914
11.4833 915
11.5 916
11.5167 918
11.5333 919
11.55 920
11.5667 922
11.5833 923
11.6 924
11.6167 925
11.6333 926
11.65 928
11.6667 929
11.6833 930
11.7 931
11.7167 932
11.7333 933
11.75 934
11.7667 935
11.7833 936
11.8 937
11.8167 938
11.8333 939
11.85 940
11.8667 941
11.8833 942
11.9 943
11.9167 944
11.9333 945
11.95 946
11.9667 946
11.9833 947
12.0 948
12.0167 949
12.0333 949
12.05 950
12.0667 951
12.0833 952
12.1 952
12.1167 953
12.1333 953
12.15 954
12.1667 955
12.1833 955
12.2 956
12.2167 956
12.2333 957
12.25 957
12.2667 958
12.2833 958
12.3 959
12.3167 959
12.3333 959
12.35 960
12.3667 960
12.3833 960
12.4 961
12.4167 961
12.4333 961
12.45 962
12.4667 962
12.4833 962
12.5 962
12.5167 962
12.5333 962
12.55 963
12.5667 963
12.5833 963
12.6 963
12.6167 963
12.6333 963
12.65 963
12.6667 963
12.6833 963
12.7 963
12.7167 963
12.7333 963
12.75 963
12.7667 962
12.7833 962
12.8 962
12.8167 962
12.8333 962
12.85 962
12.8667 961
12.8833 961
12.9 961
12.9167 960
12.9333 960
12.95 960
12.9667 959
12.9833 959
13.0 959
13.0167 958
13.0333 958
13.05 957
13.0667 957
13.0833 956
13.1 956
13.1167 955
13.1333 955
13.15 954
13.1667 954
13.1833 953
13.2 952
13.2167 952
13.2333 951
13.25 950
13.2667 950
13.2833 949
13.3 948
13.3167 947
13.3333 946
13.35 946
13.3667 945
13.3833 944
13.4 943
13.4167 942
13.4333 941
13.45 940
13.4667 939
13.4833 938
13.5 937
13.5167 936
13.5333 935
13.55 934
13.5667 933
13.5833 932
13.6 931
13.6167 930
13.6333 929
13.65 928
13.6667 927
13.6833 925
13.7 924
13.7167 923
13.7333 922
13.75 920
13.7667 919
13.7833 918
13.8 916
13.8167 915
13.8333 914
13.85 912
13.8667 911
13.8833 909
13.9 908
13.9167 907
13.9333 905
13.95 904
13.9667 902
13.9833 901
14.0 899
14.0167 897
14.0333 896
14.05 894
14.0667 893
14.0833 891
14.1 889
14.1167 888
14.1333 886
14.15 884
14.1667 883
14.1833 881
14.2 879
14.2167 877
14.2333 875
14.25 874
14.2667 872
14.2833 870
14.3 868
14.3167 866
14.3333 864
14.35 862
14.3667 860
14.3833 858
14.4 856
14.4167 854
14.4333 852
14.45 850
14.4667 848
14.4833 846
14.5 844
14.5167 842
14.5333 840
14.55 838
14.5667 836
14.5833 834
14.6 831
14.6167 829
14.6333 827
14.65 825
14.6667 823
14.6833 820
14.7 818
14.7167 816
14.7333 813
14.75 811
14.7667 809
14.7833 806
14.8 804
14.8167 802
14.8333 799
14.85 797
14.8667 794
14.8833 792
14.9 789
14.9167 787
14.9333 784
14.95 782
14.9667 779
14.9833 777
15.0 774
15.0167 772
15.0333 769
15.05 767
15.0667 764
15.0833 761
15.1 759
15.1167 756
15.1333 753
15.15 751
15.1667 748
15.1833 745
15.2 743
15.2167 740
15.2333 737
15.25 734
15.2667 731
15.2833 729
15.3 726
15.3167 723
15.3333 720
15.35 717
15.3667 714
15.3833 711
15.4 709
15.4167 706
15.4333 703
15.45 700
15.4667 697
15.4833 694
15.5 691
15.5167 688
15.5333 685
15.55 682
15.5667 679
15.5833 676
15.6 673
15.6167 670
15.6333 666
15.65 663
15.6667 660
15.6833 657
15.7 654
15.7167 651
15.7333 648
15.75 644
15.7667 641
15.7833 638
15.8 635
15.8167 632
15.8333 628
15.85 625
15.8667 622
15.8833 619
15.9 615
15.9167 612
15.9333 609
15.95 605
15.9667 602
15.9833 599
16.0 595
16.0167 592
16.0333 589
16.05 585
16.0667 582
16.0833 579
16.1 575
16.1167 572
16.1333 568
16.15 565
16.1667 562
16.1833 558
16.2 555
16.2167 551
16.2333 548
16.25 544
16.2667 541
16.2833 537
16.3 534
16.3167 530
16.3333 527
16.35 523
16.3667 520
16.3833 516
16.4 512
16.4167 509
16.4333 505
16.45 502
16.4667 498
16.4833 495
16.5 491
16.5167 487
16.5333 484
16.55 480
16.5667 476
16.5833 473
16.6 469
16.6167 466
16.6333 462
16.65 458
16.6667 455
16.6833 451
16.7 447
16.7167 444
16.7333 440
16.75 436
16.7667 432
16.7833 429
16.8 425
16.8167 421
16.8333 418
16.85 414
16.8667 410
16.8833 407
16.9 403
16.9167 399
16.9333 395
16.95 392
16.9667 388
16.9833 384
