8.0 299
8.0167 302
8.0333 306
8.05 310
8.0667 314
8.0833 318
8.1 322
8.1167 326
8.1333 330
8.15 334
8.1667 338
8.1833 342
8.2 346
8.2167 350
8.2333 354
8.25 357
8.2667 361
8.2833 365
8.3 369
8.3167 373
8.3333 377
8.35 381
8.3667 385
8.3833 389
8.4 393
8.4167 397
8.4333 401
8.45 404
8.4667 408
8.4833 412
8.5 416
8.5167 420
8.5333 424
8.55 428
8.5667 432
8.5833 435
8.6 439
8.6167 443
8.6333 447
8.65 451
8.6667 455
8.6833 458
8.7 462
8.7167 466
8.7333 470
8.75 474
8.7667 478
8.7833 481
8.8 485
8.8167 489
8.8333 493
8.85 496
8.8667 500
8.8833 504
8.9 508
8.9167 511
8.9333 515
8.95 519
8.9667 523
8.9833 526
9.0 530
9.0167 534
9.0333 538
9.05 542
9.0667 545
9.0833 549
9.1 553
9.1167 556
9.1333 560
9.15 563
9.1667 567
9.1833 571
9.2 574
9.2167 578
9.2333 581
9.25 585
9.2667 588
9.2833 592
9.3 595
9.3167 599
9.3333 602
9.35 606
9.3667 609
9.3833 613
9.4 616
9.4167 620
9.4333 623
9.45 626
9.4667 630
9.4833 633
9.5 637
9.5167 640
9.5333 643
9.55 647
9.5667 650
9.5833 653
9.6 657
9.6167 660
9.6333 663
9.65 666
9.6667 670
9.6833 673
9.7 676
9.7167 679
9.7333 683
9.75 686
9.7667 689
9.7833 692
9.8 695
9.8167 698
9.8333 702
9.85 705
9.8667 708
9.8833 711
9.9 714
9.9167 717
9.9333 720
9.95 723
9.9667 726
9.9833 729
10.0 732
10.0167 735
10.0333 738
10.05 741
10.0667 744
10.0833 747
10.1 750
10.1167 752
10.1333 755
10.15 758
10.1667 761
10.1833 764
10.2 767
10.2167 769
10.2333 772
10.25 775
10.2667 778
10.2833 780
10.3 783
10.3167 786
10.3333 788
10.35 791
10.3667 794
10.3833 796
10.4 799
10.4167 802
10.4333 804
10.45 807
10.4667 809
10.4833 812
10.5 814
10.5167 817
10.5333 819
10.55 822
10.5667 824
10.5833 827
10.6 829
10.6167 831
10.6333 834
10.65 836
10.6667 839
10.6833 841
10.7 843
10.7167 846
10.7333 848
10.75 850
10.7667 852
10.7833 855
10.8 857
10.8167 859
10.8333 861
10.85 863
10.8667 865
10.8833 868
10.9 870
10.9167 872
10.9333 874
10.95 876
10.9667 878
10.9833 880
11.0 882
11.0167 884
11.0333 886
11.05 888
11.0667 890
11.0833 892
11.1 894
11.1167 895
11.1333 897
11.15 899
11.1667 901
11.1833 903
11.2 904
11.2167 906
11.2333 908
11.25 910
11.2667 911
11.2833 913
11.3 915
11.3167 916
11.3333 918
11.35 920
11.3667 921
11.3833 923
11.4 924
11.4167 926
11.4333 927
11.45 929
11.4667 930
11.4833 932
11.5 933
11.5167 935
11.5333 936
11.55 938
11.5667 939
11.5833 940
11.6 942
11.6167 943
11.6333 944
11.65 945
11.6667 947
11.6833 948
11.7 949
11.7167 950
11.7333 951
11.75 953
11.7667 954
11.7833 955
11.8 956
11.8167 957
11.8333 958
11.85 959
11.8667 960
11.8833 961
11.9 962
11.9167 963
11.9333 964
11.95 965
11.9667 966
11.9833 967
12.0 967
12.0167 968
12.0333 969
12.05 970
12.0667 971
12.0833 971
12.1 972
12.1167 973
12.1333 974
12.15 974
12.1667 975
12.1833 976
12.2 976
12.2167 977
12.2333 977
12.25 978
12.2667 978
12.2833 979
12.3 979
12.3167 980
12.3333 980
12.35 981
12.3667 981
12.3833 982
12.4 982
12.4167 982
12.4333 983
12.45 983
12.4667 983
12.4833 984
12.5 984
12.5167 984
12.5333 984
12.55 984
12.5667 985
12.5833 985
12.6 985
12.6167 985
12.6333 985
12.65 985
12.6667 985
12.6833 985
12.7 985
12.7167 985
12.7333 985
12.75 985
12.7667 985
12.7833 985
12.8 985
12.8167 985
12.8333 984
12.85 984
12.8667 984
12.8833 984
12.9 984
12.9167 983
12.9333 983
12.95 983
12.9667 982
12.9833 982
13.0 982
13.0167 981
13.0333 981
13.05 981
13.0667 980
13.0833 980
13.1 979
13.1167 979
13.1333 978
13.15 978
13.1667 977
13.1833 976
13.2 976
13.2167 975
13.2333 975
13.25 974
13.2667 973
13.2833 972
13.3 972
13.3167 971
13.3333 970
13.35 969
13.3667 969
13.3833 968
13.4 967
13.4167 966
13.4333 965
13.45 964
13.4667 963
13.4833 962
13.5 961
13.5167 960
13.5333 959
13.55 958
13.5667 957
13.5833 956
13.6 955
13.6167 954
13.6333 953
13.65 952
13.6667 951
13.6833 950
13.7 948
13.7167 947
13.7333 946
13.75 945
13.7667 943
13.7833 942
13.8 941
13.8167 939
13.8333 938
13.85 937
13.8667 935
13.8833 934
13.9 932
13.9167 931
13.9333 929
13.95 928
13.9667 927
13.9833 925
14.0 923
14.0167 922
14.0333 920
14.05 919
14.0667 917
14.0833 915
14.1 914
14.1167 912
14.1333 910
14.15 909
14.1667 907
14.1833 905
14.2 903
14.2167 902
14.2333 900
14.25 898
14.2667 896
14.2833 894
14.3 892
14.3167 890
14.3333 889
14.35 887
14.3667 885
14.3833 883
14.4 881
14.4167 879
14.4333 877
14.45 875
14.4667 873
14.4833 870
14.5 868
14.5167 866
14.5333 864
14.55 862
14.5667 860
14.5833 858
14.6 855
14.6167 853
14.6333 851
14.65 849
14.6667 846
14.6833 844
14.7 842
14.7167 839
14.7333 837
14.75 835
14.7667 832
14.7833 830
14.8 828
14.8167 825
14.8333 823
14.85 820
14.8667 818
14.8833 815
14.9 813
14.9167 810
14.9333 808
14.95 805
14.9667 803
14.9833 800
15.0 798
15.0167 795
15.0333 792
15.05 790
15.0667 787
15.0833 784
15.1 782
15.1167 779
15.1333 776
15.15 773
15.1667 771
15.1833 768
15.2 765
15.2167 762
15.2333 760
15.25 757
15.2667 754
15.2833 751
15.3 748
15.3167 745
15.3333 742
15.35 739
15.3667 736
15.3833 733
15.4 730
15.4167 727
15.4333 724
15.45 721
15.4667 718
15.4833 715
15.5 712
15.5167 709
15.5333 706
15.55 703
15.5667 700
15.5833 697
15.6 694
15.6167 690
15.6333 687
15.65 684
15.6667 681
15.6833 678
15.7 675
15.7167 671
15.7333 668
15.75 665
15.7667 661
15.7833 658
15.8 655
15.8167 652
15.8333 648
15.85 645
15.8667 642
15.8833 638
15.9 635
15.9167 631
15.9333 628
15.95 625
15.9667 621
15.9833 618
16.0 614
16.0167 611
16.0333 608
16.05 604
16.0667 601
16.0833 597
16.1 594
16.1167 590
16.1333 587
16.15 583
16.1667 579
16.1833 576
16.2 572
16.2167 569
16.2333 565
16.25 562
16.2667 558
16.2833 554
16.3 551
16.3167 547
16.3333 543
16.35 540
16.3667 536
16.3833 532
16.4 529
16.4167 525
16.4333 521
16.45 518
16.4667 514
16.4833 510
16.5 506
16.5167 503
16.5333 499
16.55 495
16.5667 491
16.5833 488
16.6 484
16.6167 480
16.6333 476
16.65 473
16.6667 469
16.6833 465
16.7 461
16.7167 457
16.7333 453
16.75 450
16.7667 446
16.7833 442
16.8 438
16.8167 434
16.8333 430
16.85 426
16.8667 423
16.8833 419
16.9 415
16.9167 411
16.9333 407
16.95 403
16.9667 399
16.9833 395
