8.0 308
8.0167 312
8.0333 316
8.05 320
8.0667 324
8.0833 328
8.1 332
8.1167 336
8.1333 340
8.15 344
8.1667 348
8.1833 351
8.2 355
8.2167 359
8.2333 363
8.25 367
8.2667 371
8.2833 375
8.3 379
8.3167 383
8.3333 387
8.35 391
8.3667 395
8.3833 399
8.4 403
8.4167 407
8.4333 411
8.45 415
8.4667 419
8.4833 422
8.5 426
8.5167 430
8.5333 434
8.55 438
8.5667 442
8.5833 446
8.6 450
8.6167 454
8.6333 457
8.65 461
8.6667 465
8.6833 469
8.7 473
8.7167 477
8.7333 480
8.75 484
8.7667 488
8.7833 492
8.8 496
8.8167 499
8.8333 503
8.85 507
8.8667 511
8.8833 514
8.9 518
8.9167 522
8.9333 526
8.95 529
8.9667 533
8.9833 537
9.0 541
9.0167 545
9.0333 549
9.05 552
9.0667 556
9.0833 560
9.1 563
9.1167 567
9.1333 571
9.15 574
9.1667 578
9.1833 581
9.2 585
9.2167 589
9.2333 592
9.25 596
9.2667 599
9.2833 603
9.3 606
9.3167 610
9.3333 613
9.35 617
9.3667 620
9.3833 624
9.4 627
9.4167 631
9.4333 634
9.45 637
9.4667 641
9.4833 644
9.5 648
9.5167 651
9.5333 654
9.55 658
9.5667 661
9.5833 664
9.6 668
9.6167 671
9.6333 674
9.65 677
9.6667 681
9.6833 684
9.7 687
9.7167 690
9.7333 694
9.75 697
9.7667 700
9.7833 703
9.8 706
9.8167 709
9.8333 712
9.85 716
9.8667 719
9.8833 722
9.9 725
9.9167 728
9.9333 731
9.95 734
9.9667 737
9.9833 740
10.0 743
10.0167 746
10.0333 749
10.05 752
10.0667 755
10.0833 758
10.1 760
10.1167 763
10.1333 766
10.15 769
10.1667 772
10.1833 775
10.2 778
10.2167 780
10.2333 783
10.25 786
10.2667 789
10.2833 791
10.3 794
10.3167 797
10.3333 799
10.35 802
10.3667 805
10.3833 807
10.4 810
10.4167 813
10.4333 815
10.45 818
10.4667 820
10.4833 823
10.5 825
10.5167 828
10.5333 830
10.55 833
10.5667 835
10.5833 838
10.6 840
10.6167 842
10.6333 845
10.65 847
10.6667 849
10.6833 852
10.7 854
10.7167 856
10.7333 859
10.75 861
10.7667 863
10.7833 865
10.8 868
10.8167 870
10.8333 872
10.85 874
10.8667 876
10.8833 878
10.9 881
10.9167 883
10.9333 885
10.95 887
10.9667 889
10.9833 891
11.0 893
11.0167 895
11.0333 897
11.05 899
11.0667 901
11.0833 902
11.1 904
11.1167 906
11.1333 908
11.15 910
11.1667 912
11.1833 914
11.2 915
11.2167 917
11.2333 919
11.25 921
11.2667 922
11.2833 924
11.3 926
11.3167 927
11.3333 929
11.35 930
11.3667 932
11.3833 934
11.4 935
11.4167 937
11.4333 938
11.45 940
11.4667 941
11.4833 943
11.5 944
11.5167 946
11.5333 947
11.55 948
11.5667 950
11.5833 951
11.6 952
11.6167 954
11.6333 955
11.65 956
11.6667 957
11.6833 959
11.7 960
11.7167 961
11.7333 962
11.75 963
11.7667 964
11.7833 966
11.8 967
11.8167 968
11.8333 969
11.85 970
11.8667 971
11.8833 972
11.9 973
11.9167 974
11.9333 975
11.95 976
11.9667 976
11.9833 977
12.0 978
12.0167 979
12.0333 980
12.05 981
12.0667 981
12.0833 982
12.1 983
12.1167 984
12.1333 984
12.15 985
12.1667 986
12.1833 986
12.2 987
12.2167 987
12.2333 988
12.25 988
12.2667 989
12.2833 990
12.3 990
12.3167 990
12.3333 991
12.35 991
12.3667 992
12.3833 992
12.4 992
12.4167 993
12.4333 993
12.45 993
12.4667 994
12.4833 994
12.5 994
12.5167 994
12.5333 995
12.55 995
12.5667 995
12.5833 995
12.6 995
12.6167 995
12.6333 995
12.65 996
12.6667 996
12.6833 996
12.7 996
12.7167 996
12.7333 996
12.75 995
12.7667 995
12.7833 995
12.8 995
12.8167 995
12.8333 995
12.85 995
12.8667 994
12.8833 994
12.9 994
12.9167 994
12.9333 993
12.95 993
12.9667 993
12.9833 992
13.0 992
13.0167 992
13.0333 991
13.05 991
13.0667 990
13.0833 990
13.1 989
13.1167 989
13.1333 988
13.15 988
13.1667 987
13.1833 987
13.2 986
13.2167 985
13.2333 985
13.25 984
13.2667 983
13.2833 983
13.3 982
13.3167 981
13.3333 981
13.35 980
13.3667 979
13.3833 978
13.4 977
13.4167 976
13.4333 975
13.45 975
13.4667 974
13.4833 973
13.5 972
13.5167 971
13.5333 970
13.55 969
13.5667 968
13.5833 967
13.6 965
13.6167 964
13.6333 963
13.65 962
13.6667 961
13.6833 960
13.7 958
13.7167 957
13.7333 956
13.75 955
13.7667 953
13.7833 952
13.8 951
13.8167 949
13.8333 948
13.85 947
13.8667 945
13.8833 944
13.9 942
13.9167 941
13.9333 940
13.95 938
13.9667 937
13.9833 935
14.0 933
14.0167 932
14.0333 930
14.05 929
14.0667 927
14.0833 925
14.1 924
14.1167 922
14.1333 920
14.15 919
14.1667 917
14.1833 915
14.2 913
14.2167 912
14.2333 910
14.25 908
14.2667 906
14.2833 904
14.3 902
14.3167 900
14.3333 898
14.35 897
14.3667 895
14.3833 893
14.4 891
14.4167 889
14.4333 887
14.45 884
14.4667 882
14.4833 880
14.5 878
14.5167 876
14.5333 874
14.55 872
14.5667 870
14.5833 867
14.6 865
14.6167 863
14.6333 861
14.65 858
14.6667 856
14.6833 854
14.7 852
14.7167 849
14.7333 847
14.75 845
14.7667 842
14.7833 840
14.8 837
14.8167 835
14.8333 832
14.85 830
14.8667 828
14.8833 825
14.9 822
14.9167 820
14.9333 817
14.95 815
14.9667 812
14.9833 810
15.0 807
15.0167 805
15.0333 802
15.05 799
15.0667 797
15.0833 794
15.1 791
15.1167 789
15.1333 786
15.15 783
15.1667 780
15.1833 778
15.2 775
15.2167 772
15.2333 769
15.25 766
15.2667 763
15.2833 760
15.3 758
15.3167 755
15.3333 752
15.35 749
15.3667 746
15.3833 743
15.4 740
15.4167 737
15.4333 734
15.45 731
15.4667 728
15.4833 725
15.5 722
15.5167 719
15.5333 716
15.55 712
15.5667 709
15.5833 706
15.6 703
15.6167 700
15.6333 697
15.65 694
15.6667 690
15.6833 687
15.7 684
15.7167 681
15.7333 677
15.75 674
15.7667 671
15.7833 668
15.8 664
15.8167 661
15.8333 658
15.85 654
15.8667 651
15.8833 647
15.9 644
15.9167 641
15.9333 637
15.95 634
15.9667 630
15.9833 627
16.0 624
16.0167 620
16.0333 617
16.05 613
16.0667 610
16.0833 606
16.1 603
16.1167 599
16.1333 596
16.15 592
16.1667 588
16.1833 585
16.2 581
16.2167 578
16.2333 574
16.25 571
16.2667 567
16.2833 563
16.3 560
16.3167 556
16.3333 552
16.35 549
16.3667 545
16.3833 541
16.4 538
16.4167 534
16.4333 530
16.45 526
16.4667 523
16.4833 519
16.5 515
16.5167 511
16.5333 508
16.55 504
16.5667 500
16.5833 496
16.6 493
16.6167 489
16.6333 485
16.65 481
16.6667 477
16.6833 473
16.7 470
16.7167 466
16.7333 462
16.75 458
16.7667 454
16.7833 450
16.8 446
16.8167 443
16.8333 439
16.85 435
16.8667 431
16.8833 427
16.9 423
16.9167 419
16.9333 415
16.95 411
16.9667 407
16.9833 404
