8.0 349
8.0167 353
8.0333 357
8.05 361
8.0667 364
8.0833 368
8.1 372
8.1167 376
8.1333 380
8.15 384
8.1667 388
8.1833 392
8.2 396
8.2167 400
8.2333 404
8.25 408
8.2667 412
8.2833 416
8.3 420
8.3167 424
8.3333 428
8.35 432
8.3667 436
8.3833 440
8.4 444
8.4167 447
8.4333 451
8.45 455
8.4667 459
8.4833 463
8.5 467
8.5167 471
8.5333 475
8.55 479
8.5667 482
8.5833 486
8.6 490
8.6167 494
8.6333 498
8.65 502
8.6667 505
8.6833 509
8.7 513
8.7167 517
8.7333 521
8.75 524
8.7667 528
8.7833 532
8.8 536
8.8167 539
8.8333 543
8.85 547
8.8667 551
8.8833 554
8.9 558
8.9167 562
8.9333 565
8.95 569
8.9667 573
8.9833 576
9.0 580
9.0167 584
9.0333 588
9.05 591
9.0667 595
9.0833 599
9.1 602
9.1167 606
9.1333 609
9.15 613
9.1667 617
9.1833 620
9.2 624
9.2167 627
9.2333 631
9.25 634
9.2667 638
9.2833 641
9.3 645
9.3167 648
9.3333 651
9.35 655
9.3667 658
9.3833 662
9.4 665
9.4167 668
9.4333 672
9.45 675
9.4667 679
9.4833 682
9.5 685
9.5167 688
9.5333 692
9.55 695
9.5667 698
9.5833 702
9.6 705
9.6167 708
9.6333 711
9.65 714
9.6667 718
9.6833 721
9.7 724
9.7167 727
9.7333 730
9.75 733
9.7667 736
9.7833 740
9.8 743
9.8167 746
9.8333 749
9.85 752
9.8667 755
9.8833 758
9.9 761
9.9167 764
9.9333 767
9.95 770
9.9667 773
9.9833 776
10.0 779
10.0167 781
10.0333 784
10.05 787
10.0667 790
10.0833 793
10.1 796
10.1167 799
10.1333 801
10.15 804
10.1667 807
10.1833 810
10.2 812
10.2167 815
10.2333 818
10.25 821
10.2667 823
10.2833 826
10.3 828
10.3167 831
10.3333 834
10.35 836
10.3667 839
10.3833 841
10.4 844
10.4167 847
10.4333 849
10.45 852
10.4667 854
10.4833 856
10.5 859
10.5167 861
10.5333 864
10.55 866
10.5667 869
10.5833 871
10.6 873
10.6167 876
10.6333 878
10.65 880
10.6667 882
10.6833 885
10.7 887
10.7167 889
10.7333 891
10.75 894
10.7667 896
10.7833 898
10.8 900
10.8167 902
10.8333 904
10.85 906
10.8667 909
10.8833 911
10.9 913
10.9167 915
10.9333 917
10.95 919
10.9667 921
10.9833 923
11.0 924
11.0167 926
11.0333 928
11.05 930
11.0667 932
11.0833 934
11.1 936
11.1167 937
11.1333 939
11.15 941
11.1667 943
11.1833 945
11.2 946
11.2167 948
11.2333 950
11.25 951
11.2667 953
11.2833 955
11.3 956
11.3167 958
11.3333 959
11.35 961
11.3667 962
11.3833 964
11.4 965
11.4167 967
11.4333 968
11.45 970
11.4667 971
11.4833 973
11.5 974
11.5167 975
11.5333 977
11.55 978
11.5667 979
11.5833 981
11.6 982
11.6167 983
11.6333 984
11.65 985
11.6667 987
11.6833 988
11.7 989
11.7167 990
11.7333 991
11.75 992
11.7667 993
11.7833 994
11.8 995
11.8167 996
11.8333 997
11.85 998
11.8667 999
11.8833 1000
11.9 1001
11.9167 1002
11.9333 1003
11.95 1004
11.9667 1005
11.9833 1005
12.0 1006
12.0167 1007
12.0333 1008
12.05 1009
12.0667 1009
12.0833 1010
12.1 1011
12.1167 1011
12.1333 1012
12.15 1013
12.1667 1013
12.1833 1014
12.2 1014
12.2167 1015
12.2333 1015
12.25 1016
12.2667 1016
12.2833 1017
12.3 1017
12.3167 1018
12.3333 1018
12.35 1018
12.3667 1019
12.3833 1019
12.4 1019
12.4167 1020
12.4333 1020
12.45 1020
12.4667 1020
12.4833 1021
12.5 1021
12.5167 1021
12.5333 1021
12.55 1021
12.5667 1021
12.5833 1022
12.6 1022
12.6167 1022
12.6333 1022
12.65 1022
12.6667 1022
12.6833 1022
12.7 1022
12.7167 1022
12.7333 1022
12.75 1021
12.7667 1021
12.7833 1021
12.8 1021
12.8167 1021
12.8333 1021
12.85 1020
12.8667 1020
12.8833 1020
12.9 1020
12.9167 1019
12.9333 1019
12.95 1019
12.9667 1018
12.9833 1018
13.0 1017
13.0167 1017
13.0333 1017
13.05 1016
13.0667 1016
13.0833 1015
13.1 1015
13.1167 1014
13.1333 1014
13.15 1013
13.1667 1012
13.1833 1012
13.2 1011
13.2167 1010
13.2333 1010
13.25 1009
13.2667 1008
13.2833 1008
13.3 1007
13.3167 1006
13.3333 1005
13.35 1004
13.3667 1004
13.3833 1003
13.4 1002
13.4167 1001
13.4333 1000
13.45 999
13.4667 998
13.4833 997
13.5 996
13.5167 995
13.5333 994
13.55 993
13.5667 992
13.5833 991
13.6 990
13.6167 989
13.6333 987
13.65 986
13.6667 985
13.6833 984
13.7 983
13.7167 981
13.7333 980
13.75 979
13.7667 978
13.7833 976
13.8 975
13.8167 974
13.8333 972
13.85 971
13.8667 969
13.8833 968
13.9 966
13.9167 965
13.9333 963
13.95 962
13.9667 960
13.9833 959
14.0 957
14.0167 956
14.0333 954
14.05 952
14.0667 951
14.0833 949
14.1 947
14.1167 946
14.1333 944
14.15 942
14.1667 941
14.1833 939
14.2 937
14.2167 935
14.2333 933
14.25 931
14.2667 930
14.2833 928
14.3 926
14.3167 924
14.3333 922
14.35 920
14.3667 918
14.3833 916
14.4 914
14.4167 912
14.4333 910
14.45 908
14.4667 906
14.4833 904
14.5 902
14.5167 899
14.5333 897
14.55 895
14.5667 893
14.5833 891
14.6 889
14.6167 886
14.6333 884
14.65 882
14.6667 880
14.6833 877
14.7 875
14.7167 873
14.7333 870
14.75 868
14.7667 865
14.7833 863
14.8 861
14.8167 858
14.8333 856
14.85 853
14.8667 851
14.8833 848
14.9 846
14.9167 843
14.9333 841
14.95 838
14.9667 836
14.9833 833
15.0 831
15.0167 828
15.0333 825
15.05 823
15.0667 820
15.0833 817
15.1 815
15.1167 812
15.1333 809
15.15 806
15.1667 804
15.1833 801
15.2 798
15.2167 795
15.2333 792
15.25 789
15.2667 787
15.2833 784
15.3 781
15.3167 778
15.3333 775
15.35 772
15.3667 769
15.3833 766
15.4 763
15.4167 760
15.4333 757
15.45 754
15.4667 751
15.4833 748
15.5 745
15.5167 742
15.5333 739
15.55 736
15.5667 733
15.5833 730
15.6 726
15.6167 723
15.6333 720
15.65 717
15.6667 714
15.6833 711
15.7 707
15.7167 704
15.7333 701
15.75 698
15.7667 694
15.7833 691
15.8 688
15.8167 684
15.8333 681
15.85 678
15.8667 674
15.8833 671
15.9 668
15.9167 664
15.9333 661
15.95 658
15.9667 654
15.9833 651
16.0 647
16.0167 644
16.0333 640
16.05 637
16.0667 633
16.0833 630
16.1 626
16.1167 623
16.1333 619
16.15 616
16.1667 612
16.1833 609
16.2 605
16.2167 602
16.2333 598
16.25 594
16.2667 591
16.2833 587
16.3 583
16.3167 580
16.3333 576
16.35 573
16.3667 569
16.3833 565
16.4 562
16.4167 558
16.4333 554
16.45 550
16.4667 547
16.4833 543
16.5 539
16.5167 535
16.5333 532
16.55 528
16.5667 524
16.5833 520
16.6 517
16.6167 513
16.6333 509
16.65 505
16.6667 501
16.6833 498
16.7 494
16.7167 490
16.7333 486
16.75 482
16.7667 478
16.7833 474
16.8 471
16.8167 467
16.8333 463
16.85 459
16.8667 455
16.8833 451
16.9 447
16.9167 443
16.9333 439
16.95 436
16.9667 432
16.9833 428
