8.0 278
8.0167 282
8.0333 285
8.05 289
8.0667 292
8.0833 296
8.1 300
8.1167 303
8.1333 307
8.15 311
8.1667 314
8.1833 318
8.2 321
8.2167 325
8.2333 329
8.25 332
8.2667 336
8.2833 340
8.3 343
8.3167 347
8.3333 351
8.35 354
8.3667 358
8.3833 362
8.4 365
8.4167 369
8.4333 373
8.45 376
8.4667 380
8.4833 383
8.5 387
8.5167 391
8.5333 394
8.55 398
8.5667 402
8.5833 405
8.6 409
8.6167 412
8.6333 416
8.65 420
8.6667 423
8.6833 427
8.7 430
8.7167 434
8.7333 438
8.75 441
8.7667 445
8.7833 448
8.8 452
8.8167 455
8.8333 459
8.85 463
8.8667 466
8.8833 470
8.9 473
8.9167 477
8.9333 480
8.95 484
8.9667 487
8.9833 491
9.0 494
9.0167 498
9.0333 502
9.05 505
9.0667 509
9.0833 512
9.1 516
9.1167 519
9.1333 522
9.15 526
9.1667 529
9.1833 533
9.2 536
9.2167 539
9.2333 543
9.25 546
9.2667 549
9.2833 553
9.3 556
9.3167 559
9.3333 563
9.35 566
9.3667 569
9.3833 573
9.4 576
9.4167 579
9.4333 582
9.45 586
9.4667 589
9.4833 592
9.5 595
9.5167 599
9.5333 602
9.55 605
9.5667 608
9.5833 611
9.6 614
9.6167 618
9.6333 621
9.65 624
9.6667 627
9.6833 630
9.7 633
9.7167 636
9.7333 639
9.75 642
9.7667 645
9.7833 648
9.8 651
9.8167 654
9.8333 657
9.85 660
9.8667 663
9.8833 666
9.9 669
9.9167 672
9.9333 675
9.95 678
9.9667 681
9.9833 683
10.0 686
10.0167 689
10.0333 692
10.05 695
10.0667 697
10.0833 700
10.1 703
10.1167 706
10.1333 708
10.15 711
10.1667 714
10.1833 717
10.2 719
10.2167 722
10.2333 725
10.25 727
10.2667 730
10.2833 732
10.3 735
10.3167 738
10.3333 740
10.35 743
10.3667 745
10.3833 748
10.4 750
10.4167 753
10.4333 755
10.45 758
10.4667 760
10.4833 762
10.5 765
10.5167 767
10.5333 770
10.55 772
10.5667 774
10.5833 777
10.6 779
10.6167 781
10.6333 784
10.65 786
10.6667 788
10.6833 790
10.7 793
10.7167 795
10.7333 797
10.75 799
10.7667 801
10.7833 803
10.8 805
10.8167 808
10.8333 810
10.85 812
10.8667 814
10.8833 816
10.9 818
10.9167 820
10.9333 822
10.95 824
10.9667 826
10.9833 828
11.0 829
11.0167 831
11.0333 833
11.05 835
11.0667 837
11.0833 839
11.1 841
11.1167 842
11.1333 844
11.15 846
11.1667 848
11.1833 849
11.2 851
11.2167 853
11.2333 854
11.25 856
11.2667 858
11.2833 859
11.3 861
11.3167 862
11.3333 864
11.35 865
11.3667 867
11.3833 868
11.4 870
11.4167 871
11.4333 873
11.45 874
11.4667 876
11.4833 877
11.5 878
11.5167 880
11.5333 881
11.55 882
11.5667 884
11.5833 885
11.6 886
11.6167 887
11.6333 889
11.65 890
11.6667 891
11.6833 892
11.7 893
11.7167 895
11.7333 896
11.75 897
11.7667 898
11.7833 899
11.8 900
11.8167 901
11.8333 902
11.85 903
11.8667 904
11.8833 905
11.9 906
11.9167 907
11.9333 907
11.95 908
11.9667 909
11.9833 910
12.0 911
12.0167 911
12.0333 912
12.05 913
12.0667 914
12.0833 914
12.1 915
12.1167 916
12.1333 916
12.15 917
12.1667 918
12.1833 918
12.2 919
12.2167 919
12.2333 920
12.25 920
12.2667 921
12.2833 921
12.3 922
12.3167 922
12.3333 923
12.35 923
12.3667 923
12.3833 924
12.4 924
12.4167 924
12.4333 925
12.45 925
12.4667 925
12.4833 925
12.5 926
12.5167 926
12.5333 926
12.55 926
12.5667 926
12.5833 926
12.6 926
12.6167 926
12.6333 927
12.65 927
12.6667 927
12.6833 927
12.7 927
12.7167 926
12.7333 926
12.75 926
12.7667 926
12.7833 926
12.8 926
12.8167 926
12.8333 926
12.85 925
12.8667 925
12.8833 925
12.9 925
12.9167 924
12.9333 924
12.95 924
12.9667 923
12.9833 923
13.0 923
13.0167 922
13.0333 922
13.05 921
13.0667 921
13.0833 920
13.1 920
13.1167 919
13.1333 919
13.15 918
13.1667 918
13.1833 917
13.2 916
13.2167 916
13.2333 915
13.25 915
13.2667 914
13.2833 913
13.3 912
13.3167 912
13.3333 911
13.35 910
13.3667 909
13.3833 908
13.4 908
13.4167 907
13.4333 906
13.45 905
13.4667 904
13.4833 903
13.5 902
13.5167 901
13.5333 900
13.55 899
13.5667 898
13.5833 897
13.6 896
13.6167 895
13.6333 894
13.65 892
13.6667 891
13.6833 890
13.7 889
13.7167 888
13.7333 887
13.75 885
13.7667 884
13.7833 883
13.8 881
13.8167 880
13.8333 879
13.85 877
13.8667 876
13.8833 875
13.9 873
13.9167 872
13.9333 870
13.95 869
13.9667 867
13.9833 866
14.0 864
14.0167 863
14.0333 861
14.05 860
14.0667 858
14.0833 856
14.1 855
14.1167 853
14.1333 851
14.15 850
14.1667 848
14.1833 846
14.2 844
14.2167 843
14.2333 841
14.25 839
14.2667 837
14.2833 835
14.3 834
14.3167 832
14.3333 830
14.35 828
14.3667 826
14.3833 824
14.4 822
14.4167 820
14.4333 818
14.45 816
14.4667 814
14.4833 812
14.5 810
14.5167 808
14.5333 806
14.55 804
14.5667 802
14.5833 800
14.6 797
14.6167 795
14.6333 793
14.65 791
14.6667 789
14.6833 786
14.7 784
14.7167 782
14.7333 779
14.75 777
14.7667 775
14.7833 773
14.8 770
14.8167 768
14.8333 765
14.85 763
14.8667 761
14.8833 758
14.9 756
14.9167 753
14.9333 751
14.95 748
14.9667 746
14.9833 743
15.0 741
15.0167 738
15.0333 736
15.05 733
15.0667 731
15.0833 728
15.1 725
15.1167 723
15.1333 720
15.15 717
15.1667 715
15.1833 712
15.2 709
15.2167 707
15.2333 704
15.25 701
15.2667 698
15.2833 696
15.3 693
15.3167 690
15.3333 687
15.35 684
15.3667 681
15.3833 679
15.4 676
15.4167 673
15.4333 670
15.45 667
15.4667 664
15.4833 661
15.5 658
15.5167 655
15.5333 652
15.55 649
15.5667 646
15.5833 643
15.6 640
15.6167 637
15.6333 634
15.65 631
15.6667 628
15.6833 625
15.7 622
15.7167 618
15.7333 615
15.75 612
15.7667 609
15.7833 606
15.8 603
15.8167 600
15.8333 596
15.85 593
15.8667 590
15.8833 587
15.9 583
15.9167 580
15.9333 577
15.95 574
15.9667 570
15.9833 567
16.0 564
16.0167 560
16.0333 557
16.05 554
16.0667 550
16.0833 547
16.1 544
16.1167 540
16.1333 537
16.15 534
16.1667 530
16.1833 527
16.2 523
16.2167 520
16.2333 517
16.25 513
16.2667 510
16.2833 506
16.3 503
16.3167 499
16.3333 496
16.35 492
16.3667 489
16.3833 485
16.4 482
16.4167 478
16.4333 475
16.45 471
16.4667 468
16.4833 464
16.5 461
16.5167 457
16.5333 454
16.55 450
16.5667 446
16.5833 443
16.6 439
16.6167 436
16.6333 432
16.65 429
16.6667 425
16.6833 421
16.7 418
16.7167 414
16.7333 411
16.75 407
16.7667 403
16.7833 400
16.8 396
16.8167 392
16.8333 389
16.85 385
16.8667 382
16.8833 378
16.9 374
16.9167 371
16.9333 367
16.95 363
16.9667 360
16.9833 356
