8.0 280
8.0167 283
8.0333 287
8.05 291
8.0667 295
8.0833 299
8.1 303
8.1167 307
8.1333 310
8.15 314
8.1667 318
8.1833 322
8.2 326
8.2167 330
8.2333 334
8.25 338
8.2667 342
8.2833 345
8.3 349
8.3167 353
8.3333 357
8.35 361
8.3667 365
8.3833 369
8.4 373
8.4167 376
8.4333 380
8.45 384
8.4667 388
8.4833 392
8.5 396
8.5167 400
8.5333 403
8.55 407
8.5667 411
8.5833 415
8.6 419
8.6167 423
8.6333 426
8.65 430
8.6667 434
8.6833 438
8.7 442
8.7167 445
8.7333 449
8.75 453
8.7667 457
8.7833 461
8.8 464
8.8167 468
8.8333 472
8.85 476
8.8667 479
8.8833 483
8.9 487
8.9167 490
8.9333 494
8.95 498
8.9667 502
8.9833 505
9.0 509
9.0167 513
9.0333 517
9.05 521
9.0667 524
9.0833 528
9.1 532
9.1167 535
9.1333 539
9.15 542
9.1667 546
9.1833 550
9.2 553
9.2167 557
9.2333 560
9.25 564
9.2667 567
9.2833 571
9.3 574
9.3167 578
9.3333 581
9.35 585
9.3667 588
9.3833 592
9.4 595
9.4167 599
9.4333 602
9.45 605
9.4667 609
9.4833 612
9.5 616
9.5167 619
9.5333 622
9.55 626
9.5667 629
9.5833 632
9.6 636
9.6167 639
9.6333 642
9.65 645
9.6667 649
9.6833 652
9.7 655
9.7167 658
9.7333 662
9.75 665
9.7667 668
9.7833 671
9.8 674
9.8167 677
9.8333 681
9.85 684
9.8667 687
9.8833 690
9.9 693
9.9167 696
9.9333 699
9.95 702
9.9667 705
9.9833 708
10.0 711
10.0167 714
10.0333 717
10.05 720
10.0667 723
10.0833 726
10.1 729
10.1167 732
10.1333 734
10.15 737
10.1667 740
10.1833 743
10.2 746
10.2167 749
10.2333 751
10.25 754
10.2667 757
10.2833 760
10.3 762
10.3167 765
10.3333 768
10.35 770
10.3667 773
10.3833 776
10.4 778
10.4167 781
10.4333 783
10.45 786
10.4667 789
10.4833 791
10.5 794
10.5167 796
10.5333 799
10.55 801
10.5667 804
10.5833 806
10.6 809
10.6167 811
10.6333 813
10.65 816
10.6667 818
10.6833 820
10.7 823
10.7167 825
10.7333 827
10.75 830
10.7667 832
10.7833 834
10.8 836
10.8167 839
10.8333 841
10.85 843
10.8667 845
10.8833 847
10.9 849
10.9167 851
10.9333 854
10.95 856
10.9667 858
10.9833 860
11.0 862
11.0167 864
11.0333 866
11.05 868
11.0667 870
11.0833 871
11.1 873
11.1167 875
11.1333 877
11.15 879
11.1667 881
11.1833 883
11.2 884
11.2167 886
11.2333 888
11.25 890
11.2667 891
11.2833 893
11.3 895
11.3167 897
11.3333 898
11.35 900
11.3667 901
11.3833 903
11.4 905
11.4167 906
11.4333 908
11.45 909
11.4667 911
11.4833 912
11.5 914
11.5167 915
11.5333 916
11.55 918
11.5667 919
11.5833 921
11.6 922
11.6167 923
11.6333 925
11.65 926
11.6667 927
11.6833 928
11.7 930
11.7167 931
11.7333 932
11.75 933
11.7667 934
11.7833 935
11.8 937
11.8167 938
11.8333 939
11.85 940
11.8667 941
11.8833 942
11.9 943
11.9167 944
11.9333 945
11.95 946
11.9667 947
11.9833 947
12.0 948
12.0167 949
12.0333 950
12.05 951
12.0667 952
12.0833 952
12.1 953
12.1167 954
12.1333 954
12.15 955
12.1667 956
12.1833 957
12.2 957
12.2167 958
12.2333 958
12.25 959
12.2667 959
12.2833 960
12.3 960
12.3167 961
12.3333 961
12.35 962
12.3667 962
12.3833 963
12.4 963
12.4167 963
12.4333 964
12.45 964
12.4667 964
12.4833 965
12.5 965
12.5167 965
12.5333 965
12.55 966
12.5667 966
12.5833 966
12.6 966
12.6167 966
12.6333 966
12.65 966
12.6667 967
12.6833 967
12.7 967
12.7167 967
12.7333 967
12.75 967
12.7667 966
12.7833 966
12.8 966
12.8167 966
12.8333 966
12.85 966
12.8667 966
12.8833 965
12.9 965
12.9167 965
12.9333 965
12.95 964
12.9667 964
12.9833 964
13.0 963
13.0167 963
13.0333 963
13.05 962
13.0667 962
13.0833 961
13.1 961
13.1167 960
13.1333 960
13.15 959
13.1667 959
13.1833 958
13.2 958
13.2167 957
13.2333 956
13.25 956
13.2667 955
13.2833 954
13.3 954
13.3167 953
13.3333 952
13.35 951
13.3667 951
13.3833 950
13.4 949
13.4167 948
13.4333 947
13.45 946
13.4667 946
13.4833 945
13.5 944
13.5167 943
13.5333 942
13.55 941
13.5667 940
13.5833 939
13.6 938
13.6167 936
13.6333 935
13.65 934
13.6667 933
13.6833 932
13.7 931
13.7167 929
13.7333 928
13.75 927
13.7667 926
13.7833 924
13.8 923
13.8167 922
13.8333 920
13.85 919
13.8667 918
13.8833 916
13.9 915
13.9167 913
13.9333 912
13.95 911
13.9667 909
13.9833 908
14.0 906
14.0167 904
14.0333 903
14.05 901
14.0667 900
14.0833 898
14.1 896
14.1167 895
14.1333 893
14.15 891
14.1667 890
14.1833 888
14.2 886
14.2167 884
14.2333 883
14.25 881
14.2667 879
14.2833 877
14.3 875
14.3167 873
14.3333 871
14.35 869
14.3667 867
14.3833 866
14.4 864
14.4167 862
14.4333 860
14.45 857
14.4667 855
14.4833 853
14.5 851
14.5167 849
14.5333 847
14.55 845
14.5667 843
14.5833 841
14.6 838
14.6167 836
14.6333 834
14.65 832
14.6667 829
14.6833 827
14.7 825
14.7167 823
14.7333 820
14.75 818
14.7667 816
14.7833 813
14.8 811
14.8167 808
14.8333 806
14.85 803
14.8667 801
14.8833 799
14.9 796
14.9167 793
14.9333 791
14.95 788
14.9667 786
14.9833 783
15.0 781
15.0167 778
15.0333 776
15.05 773
15.0667 770
15.0833 768
15.1 765
15.1167 762
15.1333 760
15.15 757
15.1667 754
15.1833 751
15.2 749
15.2167 746
15.2333 743
15.25 740
15.2667 737
15.2833 735
15.3 732
15.3167 729
15.3333 726
15.35 723
15.3667 720
15.3833 717
15.4 714
15.4167 711
15.4333 708
15.45 705
15.4667 702
15.4833 699
15.5 696
15.5167 693
15.5333 690
15.55 687
15.5667 684
15.5833 681
15.6 677
15.6167 674
15.6333 671
15.65 668
15.6667 665
15.6833 662
15.7 658
15.7167 655
15.7333 652
15.75 649
15.7667 645
15.7833 642
15.8 639
15.8167 636
15.8333 632
15.85 629
15.8667 626
15.8833 622
15.9 619
15.9167 616
15.9333 612
15.95 609
15.9667 605
15.9833 602
16.0 599
16.0167 595
16.0333 592
16.05 588
16.0667 585
16.0833 581
16.1 578
16.1167 574
16.1333 571
16.15 567
16.1667 564
16.1833 560
16.2 557
16.2167 553
16.2333 550
16.25 546
16.2667 542
16.2833 539
16.3 535
16.3167 532
16.3333 528
16.35 524
16.3667 521
16.3833 517
16.4 513
16.4167 510
16.4333 506
16.45 502
16.4667 499
16.4833 495
16.5 491
16.5167 488
16.5333 484
16.55 480
16.5667 476
16.5833 473
16.6 469
16.6167 465
16.6333 461
16.65 458
16.6667 454
16.6833 450
16.7 446
16.7167 443
16.7333 439
16.75 435
16.7667 431
16.7833 427
16.8 423
16.8167 420
16.8333 416
16.85 412
16.8667 408
16.8833 404
16.9 400
16.9167 397
16.9333 393
16.95 389
16.9667 385
16.9833 381
