8.0 387
8.0167 391
8.0333 395
8.05 399
8.0667 403
8.0833 407
8.1 411
8.1167 415
8.1333 419
8.15 423
8.1667 427
8.1833 431
8.2 435
8.2167 439
8.2333 443
8.25 447
8.2667 451
8.2833 455
8.3 459
8.3167 463
8.3333 466
8.35 470
8.3667 474
8.3833 478
8.4 482
8.4167 486
8.4333 490
8.45 494
8.4667 498
8.4833 501
8.5 505
8.5167 509
8.5333 513
8.55 517
8.5667 521
8.5833 525
8.6 528
8.6167 532
8.6333 536
8.65 540
8.6667 544
8.6833 547
8.7 551
8.7167 555
8.7333 559
8.75 562
8.7667 566
8.7833 570
8.8 574
8.8167 577
8.8333 581
8.85 585
8.8667 588
8.8833 592
8.9 596
8.9167 599
8.9333 603
8.95 607
8.9667 610
8.9833 614
9.0 617
9.0167 621
9.0333 625
9.05 629
9.0667 632
9.0833 636
9.1 639
9.1167 643
9.1333 646
9.15 650
9.1667 653
9.1833 657
9.2 660
9.2167 664
9.2333 667
9.25 671
9.2667 674
9.2833 678
9.3 681
9.3167 684
9.3333 688
9.35 691
9.3667 694
9.3833 698
9.4 701
9.4167 705
9.4333 708
9.45 711
9.4667 714
9.4833 718
9.5 721
9.5167 724
9.5333 727
9.55 731
9.5667 734
9.5833 737
9.6 740
9.6167 744
9.6333 747
9.65 750
9.6667 753
9.6833 756
9.7 759
9.7167 762
9.7333 765
9.75 768
9.7667 772
9.7833 775
9.8 778
9.8167 781
9.8333 784
9.85 787
9.8667 790
9.8833 793
9.9 795
9.9167 798
9.9333 801
9.95 804
9.9667 807
9.9833 810
10.0 813
10.0167 816
10.0333 819
10.05 821
10.0667 824
10.0833 827
10.1 830
10.1167 832
10.1333 835
10.15 838
10.1667 841
10.1833 843
10.2 846
10.2167 849
10.2333 851
10.25 854
10.2667 857
10.2833 859
10.3 862
10.3167 864
10.3333 867
10.35 869
10.3667 872
10.3833 875
10.4 877
10.4167 879
10.4333 882
10.45 884
10.4667 887
10.4833 889
10.5 892
10.5167 894
10.5333 896
10.55 899
10.5667 901
10.5833 903
10.6 906
10.6167 908
10.6333 910
10.65 912
10.6667 915
10.6833 917
10.7 919
10.7167 921
10.7333 923
10.75 926
10.7667 928
10.7833 930
10.8 932
10.8167 934
10.8333 936
10.85 938
10.8667 940
10.8833 942
10.9 944
10.9167 946
10.9333 948
10.95 950
10.9667 952
10.9833 954
11.0 956
11.0167 958
11.0333 959
11.05 961
11.0667 963
11.0833 965
11.1 967
11.1167 968
11.1333 970
11.15 972
11.1667 974
11.1833 975
11.2 977
11.2167 979
11.2333 980
11.25 982
11.2667 983
11.2833 985
11.3 987
11.3167 988
11.3333 990
11.35 991
11.3667 993
11.3833 994
11.4 995
11.4167 997
11.4333 998
11.45 1000
11.4667 1001
11.4833 1002
11.5 1004
11.5167 1005
11.5333 1006
11.55 1008
11.5667 1009
11.5833 1010
11.6 1011
11.6167 1013
11.6333 1014
11.65 1015
11.6667 1016
11.6833 1017
11.7 1018
11.7167 1019
11.7333 1020
11.75 1022
11.7667 1023
11.7833 1024
11.8 1025
11.8167 1026
11.8333 1027
11.85 1027
11.8667 1028
11.8833 1029
11.9 1030
11.9167 1031
11.9333 1032
11.95 1033
11.9667 1033
11.9833 1034
12.0 1035
12.0167 1036
12.0333 1036
12.05 1037
12.0667 1038
12.0833 1038
12.1 1039
12.1167 1040
12.1333 1040
12.15 1041
12.1667 1042
12.1833 1042
12.2 1043
12.2167 1043
12.2333 1044
12.25 1044
12.2667 1044
12.2833 1045
12.3 1045
12.3167 1046
12.3333 1046
12.35 1046
12.3667 1047
12.3833 1047
12.4 1047
12.4167 1048
12.4333 1048
12.45 1048
12.4667 1048
12.4833 1049
12.5 1049
12.5167 1049
12.5333 1049
12.55 1049
12.5667 1049
12.5833 1049
12.6 1049
12.6167 1049
12.6333 1049
12.65 1049
12.6667 1049
12.6833 1049
12.7 1049
12.7167 1049
12.7333 1049
12.75 1049
12.7667 1049
12.7833 1049
12.8 1048
12.8167 1048
12.8333 1048
12.85 1048
12.8667 1047
12.8833 1047
12.9 1047
12.9167 1047
12.9333 1046
12.95 1046
12.9667 1045
12.9833 1045
13.0 1045
13.0167 1044
13.0333 1044
13.05 1043
13.0667 1043
13.0833 1042
13.1 1042
13.1167 1041
13.1333 1041
13.15 1040
13.1667 1039
13.1833 1039
13.2 1038
13.2167 1037
13.2333 1037
13.25 1036
13.2667 1035
13.2833 1034
13.3 1034
13.3167 1033
13.3333 1032
13.35 1031
13.3667 1030
13.3833 1030
13.4 1029
13.4167 1028
13.4333 1027
13.45 1026
13.4667 1025
13.4833 1024
13.5 1023
13.5167 1022
13.5333 1021
13.55 1020
13.5667 1019
13.5833 1018
13.6 1016
13.6167 1015
13.6333 1014
13.65 1013
13.6667 1012
13.6833 1011
13.7 1009
13.7167 1008
13.7333 1007
13.75 1005
13.7667 1004
13.7833 1003
13.8 1002
13.8167 1000
13.8333 999
13.85 997
13.8667 996
13.8833 994
13.9 993
13.9167 992
13.9333 990
13.95 989
13.9667 987
13.9833 985
14.0 984
14.0167 982
14.0333 981
14.05 979
14.0667 977
14.0833 976
14.1 974
14.1167 972
14.1333 971
14.15 969
14.1667 967
14.1833 965
14.2 964
14.2167 962
14.2333 960
14.25 958
14.2667 956
14.2833 954
14.3 952
14.3167 951
14.3333 949
14.35 947
14.3667 945
14.3833 943
14.4 941
14.4167 939
14.4333 937
14.45 935
14.4667 933
14.4833 930
14.5 928
14.5167 926
14.5333 924
14.55 922
14.5667 920
14.5833 918
14.6 915
14.6167 913
14.6333 911
14.65 909
14.6667 906
14.6833 904
14.7 902
14.7167 899
14.7333 897
14.75 895
14.7667 892
14.7833 890
14.8 888
14.8167 885
14.8333 883
14.85 880
14.8667 878
14.8833 875
14.9 873
14.9167 870
14.9333 868
14.95 865
14.9667 863
14.9833 860
15.0 858
15.0167 855
15.0333 852
15.05 850
15.0667 847
15.0833 844
15.1 842
15.1167 839
15.1333 836
15.15 834
15.1667 831
15.1833 828
15.2 825
15.2167 822
15.2333 820
15.25 817
15.2667 814
15.2833 811
15.3 808
15.3167 805
15.3333 802
15.35 799
15.3667 797
15.3833 794
15.4 791
15.4167 788
15.4333 785
15.45 782
15.4667 779
15.4833 776
15.5 773
15.5167 770
15.5333 767
15.55 763
15.5667 760
15.5833 757
15.6 754
15.6167 751
15.6333 748
15.65 745
15.6667 741
15.6833 738
15.7 735
15.7167 732
15.7333 729
15.75 725
15.7667 722
15.7833 719
15.8 716
15.8167 712
15.8333 709
15.85 706
15.8667 702
15.8833 699
15.9 696
15.9167 692
15.9333 689
15.95 686
15.9667 682
15.9833 679
16.0 675
16.0167 672
16.0333 669
16.05 665
16.0667 662
16.0833 658
16.1 655
16.1167 651
16.1333 648
16.15 644
16.1667 641
16.1833 637
16.2 633
16.2167 630
16.2333 626
16.25 623
16.2667 619
16.2833 616
16.3 612
16.3167 608
16.3333 605
16.35 601
16.3667 597
16.3833 594
16.4 590
16.4167 586
16.4333 583
16.45 579
16.4667 575
16.4833 572
16.5 568
16.5167 564
16.5333 560
16.55 557
16.5667 553
16.5833 549
16.6 545
16.6167 542
16.6333 538
16.65 534
16.6667 530
16.6833 526
16.7 523
16.7167 519
16.7333 515
16.75 511
16.7667 507
16.7833 503
16.8 500
16.8167 496
16.8333 492
16.85 488
16.8667 484
16.8833 480
16.9 476
16.9167 472
16.9333 468
16.95 465
16.9667 461
16.9833 457
