8.0 372
8.0167 376
8.0333 379
8.05 383
8.0667 387
8.0833 390
8.1 394
8.1167 398
8.1333 402
8.15 405
8.1667 409
8.1833 413
8.2 416
8.2167 420
8.2333 424
8.25 427
8.2667 431
8.2833 435
8.3 438
8.3167 442
8.3333 445
8.35 449
8.3667 453
8.3833 456
8.4 460
8.4167 464
8.4333 467
8.45 471
8.4667 474
8.4833 478
8.5 482
8.5167 485
8.5333 489
8.55 492
8.5667 496
8.5833 500
8.6 503
8.6167 507
8.6333 510
8.65 514
8.6667 517
8.6833 521
8.7 524
8.7167 528
8.7333 531
8.75 535
8.7667 538
8.7833 542
8.8 545
8.8167 549
8.8333 552
8.85 556
8.8667 559
8.8833 563
8.9 566
8.9167 570
8.9333 573
8.95 576
8.9667 580
8.9833 583
9.0 587
9.0167 590
9.0333 593
9.05 597
9.0667 600
9.0833 603
9.1 607
9.1167 610
9.1333 613
9.15 617
9.1667 620
9.1833 623
9.2 626
9.2167 630
9.2333 633
9.25 636
9.2667 639
9.2833 643
9.3 646
9.3167 649
9.3333 652
9.35 655
9.3667 659
9.3833 662
9.4 665
9.4167 668
9.4333 671
9.45 674
9.4667 677
9.4833 680
9.5 683
9.5167 687
9.5333 690
9.55 693
9.5667 696
9.5833 699
9.6 702
9.6167 705
9.6333 708
9.65 711
9.6667 714
9.6833 717
9.7 720
9.7167 722
9.7333 725
9.75 728
9.7667 731
9.7833 734
9.8 737
9.8167 740
9.8333 743
9.85 745
9.8667 748
9.8833 751
9.9 754
9.9167 757
9.9333 759
9.95 762
9.9667 765
9.9833 768
10.0 770
10.0167 773
10.0333 776
10.05 778
10.0667 781
10.0833 784
10.1 786
10.1167 789
10.1333 791
10.15 794
10.1667 797
10.1833 799
10.2 802
10.2167 804
10.2333 807
10.25 809
10.2667 812
10.2833 814
10.3 817
10.3167 819
10.3333 822
10.35 824
10.3667 826
10.3833 829
10.4 831
10.4167 833
10.4333 836
10.45 838
10.4667 840
10.4833 843
10.5 845
10.5167 847
10.5333 849
10.55 852
10.5667 854
10.5833 856
10.6 858
10.6167 860
10.6333 863
10.65 865
10.6667 867
10.6833 869
10.7 871
10.7167 873
10.7333 875
10.75 877
10.7667 879
10.7833 881
10.8 883
10.8167 885
10.8333 887
10.85 889
10.8667 891
10.8833 893
10.9 895
10.9167 897
10.9333 899
10.95 900
10.9667 902
10.9833 904
11.0 906
11.0167 908
11.0333 909
11.05 911
11.0667 913
11.0833 915
11.1 916
11.1167 918
11.1333 920
11.15 921
11.1667 923
11.1833 925
11.2 926
11.2167 928
11.2333 929
11.25 931
11.2667 932
11.2833 934
11.3 935
11.3167 937
11.3333 938
11.35 940
11.3667 941
11.3833 943
11.4 944
11.4167 945
11.4333 947
11.45 948
11.4667 949
11.4833 951
11.5 952
11.5167 953
11.5333 954
11.55 956
11.5667 957
11.5833 958
11.6 959
11.6167 960
11.6333 961
11.65 963
11.6667 964
11.6833 965
11.7 966
11.7167 967
11.7333 968
11.75 969
11.7667 970
11.7833 971
11.8 972
11.8167 973
11.8333 974
11.85 975
11.8667 975
11.8833 976
11.9 977
11.9167 978
11.9333 979
11.95 980
11.9667 980
11.9833 981
12.0 982
12.0167 983
12.0333 983
12.05 984
12.0667 985
12.0833 985
12.1 986
12.1167 987
12.1333 987
12.15 988
12.1667 988
12.1833 989
12.2 989
12.2167 990
12.2333 990
12.25 991
12.2667 991
12.2833 992
12.3 992
12.3167 992
12.3333 993
12.35 993
12.3667 994
12.3833 994
12.4 994
12.4167 994
12.4333 995
12.45 995
12.4667 995
12.4833 995
12.5 996
12.5167 996
12.5333 996
12.55 996
12.5667 996
12.5833 996
12.6 996
12.6167 996
12.6333 996
12.65 996
12.6667 996
12.6833 996
12.7 996
12.7167 996
12.7333 996
12.75 996
12.7667 996
12.7833 996
12.8 996
12.8167 995
12.8333 995
12.85 995
12.8667 995
12.8833 994
12.9 994
12.9167 994
12.9333 994
12.95 993
12.9667 993
12.9833 993
13.0 992
13.0167 992
13.0333 991
13.05 991
13.0667 990
13.0833 990
13.1 989
13.1167 989
13.1333 988
13.15 988
13.1667 987
13.1833 987
13.2 986
13.2167 986
13.2333 985
13.25 984
13.2667 984
13.2833 983
13.3 982
13.3167 981
13.3333 981
13.35 980
13.3667 979
13.3833 978
13.4 977
13.4167 977
13.4333 976
13.45 975
13.4667 974
13.4833 973
13.5 972
13.5167 971
13.5333 970
13.55 969
13.5667 968
13.5833 967
13.6 966
13.6167 965
13.6333 964
13.65 963
13.6667 962
13.6833 961
13.7 959
13.7167 958
13.7333 957
13.75 956
13.7667 955
13.7833 953
13.8 952
13.8167 951
13.8333 950
13.85 948
13.8667 947
13.8833 946
13.9 944
13.9167 943
13.9333 942
13.95 940
13.9667 939
13.9833 937
14.0 936
14.0167 934
14.0333 933
14.05 931
14.0667 930
14.0833 928
14.1 927
14.1167 925
14.1333 923
14.15 922
14.1667 920
14.1833 918
14.2 917
14.2167 915
14.2333 913
14.25 912
14.2667 910
14.2833 908
14.3 906
14.3167 905
14.3333 903
14.35 901
14.3667 899
14.3833 897
14.4 895
14.4167 893
14.4333 892
14.45 890
14.4667 888
14.4833 886
14.5 884
14.5167 882
14.5333 880
14.55 878
14.5667 876
14.5833 874
14.6 872
14.6167 870
14.6333 867
14.65 865
14.6667 863
14.6833 861
14.7 859
14.7167 857
14.7333 855
14.75 852
14.7667 850
14.7833 848
14.8 846
14.8167 843
14.8333 841
14.85 839
14.8667 836
14.8833 834
14.9 832
14.9167 829
14.9333 827
14.95 825
14.9667 822
14.9833 820
15.0 817
15.0167 815
15.0333 813
15.05 810
15.0667 808
15.0833 805
15.1 803
15.1167 800
15.1333 797
15.15 795
15.1667 792
15.1833 790
15.2 787
15.2167 785
15.2333 782
15.25 779
15.2667 777
15.2833 774
15.3 771
15.3167 768
15.3333 766
15.35 763
15.3667 760
15.3833 758
15.4 755
15.4167 752
15.4333 749
15.45 746
15.4667 744
15.4833 741
15.5 738
15.5167 735
15.5333 732
15.55 729
15.5667 726
15.5833 723
15.6 721
15.6167 718
15.6333 715
15.65 712
15.6667 709
15.6833 706
15.7 703
15.7167 700
15.7333 697
15.75 694
15.7667 691
15.7833 688
15.8 685
15.8167 681
15.8333 678
15.85 675
15.8667 672
15.8833 669
15.9 666
15.9167 663
15.9333 660
15.95 656
15.9667 653
15.9833 650
16.0 647
16.0167 644
16.0333 641
16.05 637
16.0667 634
16.0833 631
16.1 628
16.1167 624
16.1333 621
16.15 618
16.1667 614
16.1833 611
16.2 608
16.2167 604
16.2333 601
16.25 598
16.2667 594
16.2833 591
16.3 588
16.3167 584
16.3333 581
16.35 578
16.3667 574
16.3833 571
16.4 567
16.4167 564
16.4333 560
16.45 557
16.4667 554
16.4833 550
16.5 547
16.5167 543
16.5333 540
16.55 536
16.5667 533
16.5833 529
16.6 526
16.6167 522
16.6333 519
16.65 515
16.6667 511
16.6833 508
16.7 504
16.7167 501
16.7333 497
16.75 494
16.7667 490
16.7833 487
16.8 483
16.8167 479
16.8333 476
16.85 472
16.8667 469
16.8833 465
16.9 461
16.9167 458
16.9333 454
16.95 450
16.9667 447
16.9833 443
