8.0 356
8.0167 359
8.0333 363
8.05 367
8.0667 370
8.0833 374
8.1 378
8.1167 381
8.1333 385
8.15 389
8.1667 392
8.1833 396
8.2 400
8.2167 403
8.2333 407
8.25 411
8.2667 414
8.2833 418
8.3 421
8.3167 425
8.3333 429
8.35 432
8.3667 436
8.3833 440
8.4 443
8.4167 447
8.4333 450
8.45 454
8.4667 458
8.4833 461
8.5 465
8.5167 468
8.5333 472
8.55 476
8.5667 479
8.5833 483
8.6 486
8.6167 490
8.6333 493
8.65 497
8.6667 500
8.6833 504
8.7 508
8.7167 511
8.7333 515
8.75 518
8.7667 522
8.7833 525
8.8 529
8.8167 532
8.8333 535
8.85 539
8.8667 542
8.8833 546
8.9 549
8.9167 553
8.9333 556
8.95 560
8.9667 563
8.9833 566
9.0 570
9.0167 573
9.0333 577
9.05 580
9.0667 583
9.0833 587
9.1 590
9.1167 593
9.1333 597
9.15 600
9.1667 603
9.1833 606
9.2 610
9.2167 613
9.2333 616
9.25 620
9.2667 623
9.2833 626
9.3 629
9.3167 632
9.3333 636
9.35 639
9.3667 642
9.3833 645
9.4 648
9.4167 651
9.4333 655
9.45 658
9.4667 661
9.4833 664
9.5 667
9.5167 670
9.5333 673
9.55 676
9.5667 679
9.5833 682
9.6 685
9.6167 688
9.6333 691
9.65 694
9.6667 697
9.6833 700
9.7 703
9.7167 706
9.7333 709
9.75 712
9.7667 715
9.7833 718
9.8 721
9.8167 723
9.8333 726
9.85 729
9.8667 732
9.8833 735
9.9 737
9.9167 740
9.9333 743
9.95 746
9.9667 749
9.9833 751
10.0 754
10.0167 757
10.0333 759
10.05 762
10.0667 765
10.0833 767
10.1 770
10.1167 773
10.1333 775
10.15 778
10.1667 780
10.1833 783
10.2 785
10.2167 788
10.2333 790
10.25 793
10.2667 795
10.2833 798
10.3 800
10.3167 803
10.3333 805
10.35 808
10.3667 810
10.3833 812
10.4 815
10.4167 817
10.4333 820
10.45 822
10.4667 824
10.4833 826
10.5 829
10.5167 831
10.5333 833
10.55 835
10.5667 838
10.5833 840
10.6 842
10.6167 844
10.6333 846
10.65 849
10.6667 851
10.6833 853
10.7 855
10.7167 857
10.7333 859
10.75 861
10.7667 863
10.7833 865
10.8 867
10.8167 869
10.8333 871
10.85 873
10.8667 875
10.8833 877
10.9 879
10.9167 881
10.9333 882
10.95 884
10.9667 886
10.9833 888
11.0 890
11.0167 891
11.0333 893
11.05 895
11.0667 897
11.0833 898
11.1 900
11.1167 902
11.1333 903
11.15 905
11.1667 907
11.1833 908
11.2 910
11.2167 911
11.2333 913
11.25 915
11.2667 916
11.2833 918
11.3 919
11.3167 921
11.3333 922
11.35 923
11.3667 925
11.3833 926
11.4 928
11.4167 929
11.4333 930
11.45 932
11.4667 933
11.4833 934
11.5 935
11.5167 937
11.5333 938
11.55 939
11.5667 940
11.5833 942
11.6 943
11.6167 944
11.6333 945
11.65 946
11.6667 947
11.6833 948
11.7 949
11.7167 950
11.7333 951
11.75 952
11.7667 953
11.7833 954
11.8 955
11.8167 956
11.8333 957
11.85 958
11.8667 959
11.8833 960
11.9 961
11.9167 961
11.9333 962
11.95 963
11.9667 964
11.9833 964
12.0 965
12.0167 966
12.0333 967
12.05 967
12.0667 968
12.0833 969
12.1 969
12.1167 970
12.1333 970
12.15 971
12.1667 971
12.1833 972
12.2 972
12.2167 973
12.2333 973
12.25 974
12.2667 974
12.2833 975
12.3 975
12.3167 975
12.3333 976
12.35 976
12.3667 976
12.3833 977
12.4 977
12.4167 977
12.4333 978
12.45 978
12.4667 978
12.4833 978
12.5 978
12.5167 978
12.5333 979
12.55 979
12.5667 979
12.5833 979
12.6 979
12.6167 979
12.6333 979
12.65 979
12.6667 979
12.6833 979
12.7 979
12.7167 979
12.7333 979
12.75 978
12.7667 978
12.7833 978
12.8 978
12.8167 978
12.8333 978
12.85 977
12.8667 977
12.8833 977
12.9 976
12.9167 976
12.9333 976
12.95 975
12.9667 975
12.9833 975
13.0 974
13.0167 974
13.0333 973
13.05 973
13.0667 972
13.0833 972
13.1 971
13.1167 971
13.1333 970
13.15 970
13.1667 969
13.1833 969
13.2 968
13.2167 967
13.2333 967
13.25 966
13.2667 965
13.2833 964
13.3 964
13.3167 963
13.3333 962
13.35 961
13.3667 961
13.3833 960
13.4 959
13.4167 958
13.4333 957
13.45 956
13.4667 955
13.4833 954
13.5 953
13.5167 952
13.5333 951
13.55 950
13.5667 949
13.5833 948
13.6 947
13.6167 946
13.6333 945
13.65 944
13.6667 943
13.6833 942
13.7 940
13.7167 939
13.7333 938
13.75 937
13.7667 935
13.7833 934
13.8 933
13.8167 932
13.8333 930
13.85 929
13.8667 928
13.8833 926
13.9 925
13.9167 923
13.9333 922
13.95 920
13.9667 919
13.9833 918
14.0 916
14.0167 915
14.0333 913
14.05 911
14.0667 910
14.0833 908
14.1 907
14.1167 905
14.1333 903
14.15 902
14.1667 900
14.1833 898
14.2 897
14.2167 895
14.2333 893
14.25 891
14.2667 890
14.2833 888
14.3 886
14.3167 884
14.3333 882
14.35 880
14.3667 879
14.3833 877
14.4 875
14.4167 873
14.4333 871
14.45 869
14.4667 867
14.4833 865
14.5 863
14.5167 861
14.5333 859
14.55 857
14.5667 855
14.5833 853
14.6 851
14.6167 848
14.6333 846
14.65 844
14.6667 842
14.6833 840
14.7 838
14.7167 835
14.7333 833
14.75 831
14.7667 829
14.7833 826
14.8 824
14.8167 822
14.8333 819
14.85 817
14.8667 815
14.8833 812
14.9 810
14.9167 808
14.9333 805
14.95 803
14.9667 800
14.9833 798
15.0 796
15.0167 793
15.0333 791
15.05 788
15.0667 786
15.0833 783
15.1 780
15.1167 778
15.1333 775
15.15 773
15.1667 770
15.1833 767
15.2 765
15.2167 762
15.2333 759
15.25 757
15.2667 754
15.2833 751
15.3 749
15.3167 746
15.3333 743
15.35 740
15.3667 738
15.3833 735
15.4 732
15.4167 729
15.4333 726
15.45 723
15.4667 721
15.4833 718
15.5 715
15.5167 712
15.5333 709
15.55 706
15.5667 703
15.5833 700
15.6 697
15.6167 694
15.6333 691
15.65 688
15.6667 685
15.6833 682
15.7 679
15.7167 676
15.7333 673
15.75 670
15.7667 667
15.7833 664
15.8 661
15.8167 658
15.8333 655
15.85 652
15.8667 648
15.8833 645
15.9 642
15.9167 639
15.9333 636
15.95 633
15.9667 629
15.9833 626
16.0 623
16.0167 620
16.0333 616
16.05 613
16.0667 610
16.0833 607
16.1 603
16.1167 600
16.1333 597
16.15 593
16.1667 590
16.1833 587
16.2 583
16.2167 580
16.2333 577
16.25 573
16.2667 570
16.2833 567
16.3 563
16.3167 560
16.3333 556
16.35 553
16.3667 550
16.3833 546
16.4 543
16.4167 539
16.4333 536
16.45 532
16.4667 529
16.4833 525
16.5 522
16.5167 518
16.5333 515
16.55 511
16.5667 508
16.5833 504
16.6 501
16.6167 497
16.6333 494
16.65 490
16.6667 487
16.6833 483
16.7 480
16.7167 476
16.7333 472
16.75 469
16.7667 465
16.7833 462
16.8 458
16.8167 454
16.8333 451
16.85 447
16.8667 444
16.8833 440
16.9 436
16.9167 433
16.9333 429
16.95 426
16.9667 422
16.9833 418
