8.0 352
8.0167 356
8.0333 360
8.05 364
8.0667 368
8.0833 371
8.1 375
8.1167 379
8.1333 383
8.15 387
8.1667 390
8.1833 394
8.2 398
8.2167 402
8.2333 406
8.25 409
8.2667 413
8.2833 417
8.3 421
8.3167 424
8.3333 428
8.35 432
8.3667 436
8.3833 440
8.4 443
8.4167 447
8.4333 451
8.45 454
8.4667 458
8.4833 462
8.5 466
8.5167 469
8.5333 473
8.55 477
8.5667 480
8.5833 484
8.6 488
8.6167 492
8.6333 495
8.65 499
8.6667 503
8.6833 506
8.7 510
8.7167 513
8.7333 517
8.75 521
8.7667 524
8.7833 528
8.8 532
8.8167 535
8.8333 539
8.85 542
8.8667 546
8.8833 549
8.9 553
8.9167 556
8.9333 560
8.95 564
8.9667 567
8.9833 571
9.0 574
9.0167 578
9.0333 581
9.05 585
9.0667 588
9.0833 592
9.1 595
9.1167 599
9.1333 602
9.15 605
9.1667 609
9.1833 612
9.2 616
9.2167 619
9.2333 622
9.25 626
9.2667 629
9.2833 632
9.3 636
9.3167 639
9.3333 642
9.35 646
9.3667 649
9.3833 652
9.4 655
9.4167 659
9.4333 662
9.45 665
9.4667 668
9.4833 672
9.5 675
9.5167 678
9.5333 681
9.55 684
9.5667 687
9.5833 690
9.6 694
9.6167 697
9.6333 700
9.65 703
9.6667 706
9.6833 709
9.7 712
9.7167 715
9.7333 718
9.75 721
9.7667 724
9.7833 727
9.8 730
9.8167 733
9.8333 736
9.85 739
9.8667 742
9.8833 745
9.9 747
9.9167 750
9.9333 753
9.95 756
9.9667 759
9.9833 762
10.0 764
10.0167 767
10.0333 770
10.05 773
10.0667 776
10.0833 778
10.1 781
10.1167 784
10.1333 786
10.15 789
10.1667 792
10.1833 794
10.2 797
10.2167 800
10.2333 802
10.25 805
10.2667 807
10.2833 810
10.3 812
10.3167 815
10.3333 817
10.35 820
10.3667 822
10.3833 825
10.4 827
10.4167 830
10.4333 832
10.45 834
10.4667 837
10.4833 839
10.5 842
10.5167 844
10.5333 846
10.55 848
10.5667 851
10.5833 853
10.6 855
10.6167 857
10.6333 860
10.65 862
10.6667 864
10.6833 866
10.7 868
10.7167 871
10.7333 873
10.75 875
10.7667 877
10.7833 879
10.8 881
10.8167 883
10.8333 885
10.85 887
10.8667 889
10.8833 891
10.9 893
10.9167 895
10.9333 897
10.95 899
10.9667 901
10.9833 902
11.0 904
11.0167 906
11.0333 908
11.05 910
11.0667 911
11.0833 913
11.1 915
11.1167 917
11.1333 918
11.15 920
11.1667 922
11.1833 923
11.2 925
11.2167 927
11.2333 928
11.25 930
11.2667 931
11.2833 933
11.3 934
11.3167 936
11.3333 937
11.35 939
11.3667 940
11.3833 942
11.4 943
11.4167 945
11.4333 946
11.45 947
11.4667 949
11.4833 950
11.5 951
11.5167 953
11.5333 954
11.55 955
11.5667 956
11.5833 958
11.6 959
11.6167 960
11.6333 961
11.65 962
11.6667 963
11.6833 965
11.7 966
11.7167 967
11.7333 968
11.75 969
11.7667 970
11.7833 971
11.8 972
11.8167 973
11.8333 974
11.85 975
11.8667 975
11.8833 976
11.9 977
11.9167 978
11.9333 979
11.95 980
11.9667 980
11.9833 981
12.0 982
12.0167 983
12.0333 983
12.05 984
12.0667 985
12.0833 985
12.1 986
12.1167 987
12.1333 987
12.15 988
12.1667 988
12.1833 989
12.2 989
12.2167 990
12.2333 990
12.25 991
12.2667 991
12.2833 992
12.3 992
12.3167 992
12.3333 993
12.35 993
12.3667 993
12.3833 994
12.4 994
12.4167 994
12.4333 995
12.45 995
12.4667 995
12.4833 995
12.5 995
12.5167 995
12.5333 996
12.55 996
12.5667 996
12.5833 996
12.6 996
12.6167 996
12.6333 996
12.65 996
12.6667 996
12.6833 996
12.7 996
12.7167 996
12.7333 996
12.75 995
12.7667 995
12.7833 995
12.8 995
12.8167 995
12.8333 994
12.85 994
12.8667 994
12.8833 994
12.9 993
12.9167 993
12.9333 993
12.95 992
12.9667 992
12.9833 992
13.0 991
13.0167 991
13.0333 990
13.05 990
13.0667 989
13.0833 989
13.1 988
13.1167 988
13.1333 987
13.15 986
13.1667 986
13.1833 985
13.2 985
13.2167 984
13.2333 983
13.25 982
13.2667 982
13.2833 981
13.3 980
13.3167 979
13.3333 979
13.35 978
13.3667 977
13.3833 976
13.4 975
13.4167 974
13.4333 973
13.45 972
13.4667 971
13.4833 970
13.5 970
13.5167 968
13.5333 967
13.55 966
13.5667 965
13.5833 964
13.6 963
13.6167 962
13.6333 961
13.65 960
13.6667 959
13.6833 957
13.7 956
13.7167 955
13.7333 954
13.75 952
13.7667 951
13.7833 950
13.8 948
13.8167 947
13.8333 946
13.85 944
13.8667 943
13.8833 941
13.9 940
13.9167 939
13.9333 937
13.95 936
13.9667 934
13.9833 933
14.0 931
14.0167 929
14.0333 928
14.05 926
14.0667 925
14.0833 923
14.1 921
14.1167 920
14.1333 918
14.15 916
14.1667 914
14.1833 913
14.2 911
14.2167 909
14.2333 907
14.25 906
14.2667 904
14.2833 902
14.3 900
14.3167 898
14.3333 896
14.35 894
14.3667 892
14.3833 890
14.4 888
14.4167 886
14.4333 884
14.45 882
14.4667 880
14.4833 878
14.5 876
14.5167 874
14.5333 872
14.55 870
14.5667 868
14.5833 866
14.6 863
14.6167 861
14.6333 859
14.65 857
14.6667 855
14.6833 852
14.7 850
14.7167 848
14.7333 845
14.75 843
14.7667 841
14.7833 838
14.8 836
14.8167 834
14.8333 831
14.85 829
14.8667 826
14.8833 824
14.9 822
14.9167 819
14.9333 817
14.95 814
14.9667 812
14.9833 809
15.0 807
15.0167 804
15.0333 802
15.05 799
15.0667 796
15.0833 794
15.1 791
15.1167 788
15.1333 786
15.15 783
15.1667 780
15.1833 778
15.2 775
15.2167 772
15.2333 769
15.25 767
15.2667 764
15.2833 761
15.3 758
15.3167 755
15.3333 753
15.35 750
15.3667 747
15.3833 744
15.4 741
15.4167 738
15.4333 735
15.45 732
15.4667 729
15.4833 726
15.5 723
15.5167 720
15.5333 717
15.55 714
15.5667 711
15.5833 708
15.6 705
15.6167 702
15.6333 699
15.65 696
15.6667 693
15.6833 690
15.7 687
15.7167 683
15.7333 680
15.75 677
15.7667 674
15.7833 671
15.8 668
15.8167 664
15.8333 661
15.85 658
15.8667 655
15.8833 651
15.9 648
15.9167 645
15.9333 642
15.95 638
15.9667 635
15.9833 632
16.0 628
16.0167 625
16.0333 622
16.05 618
16.0667 615
16.0833 612
16.1 608
16.1167 605
16.1333 601
16.15 598
16.1667 594
16.1833 591
16.2 588
16.2167 584
16.2333 581
16.25 577
16.2667 574
16.2833 570
16.3 567
16.3167 563
16.3333 560
16.35 556
16.3667 552
16.3833 549
16.4 545
16.4167 542
16.4333 538
16.45 535
16.4667 531
16.4833 527
16.5 524
16.5167 520
16.5333 517
16.55 513
16.5667 509
16.5833 506
16.6 502
16.6167 498
16.6333 495
16.65 491
16.6667 487
16.6833 484
16.7 480
16.7167 476
16.7333 473
16.75 469
16.7667 465
16.7833 462
16.8 458
16.8167 454
16.8333 450
16.85 447
16.8667 443
16.8833 439
16.9 435
16.9167 432
16.9333 428
16.95 424
16.9667 420
16.9833 417
