8.0 372
8.0167 376
8.0333 379
8.05 383
8.0667 387
8.0833 391
8.1 394
8.1167 398
8.1333 402
8.15 405
8.1667 409
8.1833 413
8.2 417
8.2167 420
8.2333 424
8.25 428
8.2667 431
8.2833 435
8.3 439
8.3167 442
8.3333 446
8.35 450
8.3667 453
8.3833 457
8.4 461
8.4167 464
8.4333 468
8.45 472
8.4667 475
8.4833 479
8.5 482
8.5167 486
8.5333 490
8.55 493
8.5667 497
8.5833 500
8.6 504
8.6167 508
8.6333 511
8.65 515
8.6667 518
8.6833 522
8.7 525
8.7167 529
8.7333 533
8.75 536
8.7667 540
8.7833 543
8.8 547
8.8167 550
8.8333 554
8.85 557
8.8667 561
8.8833 564
8.9 567
8.9167 571
8.9333 574
8.95 578
8.9667 581
8.9833 585
9.0 588
9.0167 591
9.0333 595
9.05 598
9.0667 602
9.0833 605
9.1 608
9.1167 612
9.1333 615
9.15 618
9.1667 622
9.1833 625
9.2 628
9.2167 631
9.2333 635
9.25 638
9.2667 641
9.2833 644
9.3 648
9.3167 651
9.3333 654
9.35 657
9.3667 661
9.3833 664
9.4 667
9.4167 670
9.4333 673
9.45 676
9.4667 679
9.4833 683
9.5 686
9.5167 689
9.5333 692
9.55 695
9.5667 698
9.5833 701
9.6 704
9.6167 707
9.6333 710
9.65 713
9.6667 716
9.6833 719
9.7 722
9.7167 725
9.7333 728
9.75 731
9.7667 734
9.7833 736
9.8 739
9.8167 742
9.8333 745
9.85 748
9.8667 751
9.8833 754
9.9 756
9.9167 759
9.9333 762
9.95 765
9.9667 767
9.9833 770
10.0 773
10.0167 776
10.0333 778
10.05 781
10.0667 784
10.0833 786
10.1 789
10.1167 792
10.1333 794
10.15 797
10.1667 799
10.1833 802
10.2 804
10.2167 807
10.2333 809
10.25 812
10.2667 814
10.2833 817
10.3 819
10.3167 822
10.3333 824
10.35 827
10.3667 829
10.3833 832
10.4 834
10.4167 836
10.4333 839
10.45 841
10.4667 843
10.4833 846
10.5 848
10.5167 850
10.5333 852
10.55 855
10.5667 857
10.5833 859
10.6 861
10.6167 863
10.6333 866
10.65 868
10.6667 870
10.6833 872
10.7 874
10.7167 876
10.7333 878
10.75 880
10.7667 882
10.7833 884
10.8 886
10.8167 888
10.8333 890
10.85 892
10.8667 894
10.8833 896
10.9 898
10.9167 900
10.9333 902
10.95 903
10.9667 905
10.9833 907
11.0 909
11.0167 911
11.0333 912
11.05 914
11.0667 916
11.0833 918
11.1 919
11.1167 921
11.1333 923
11.15 924
11.1667 926
11.1833 928
11.2 929
11.2167 931
11.2333 932
11.25 934
11.2667 935
11.2833 937
11.3 938
11.3167 940
11.3333 941
11.35 943
11.3667 944
11.3833 946
11.4 947
11.4167 948
11.4333 950
11.45 951
11.4667 952
11.4833 954
11.5 955
11.5167 956
11.5333 957
11.55 959
11.5667 960
11.5833 961
11.6 962
11.6167 963
11.6333 964
11.65 966
11.6667 967
11.6833 968
11.7 969
11.7167 970
11.7333 971
11.75 972
11.7667 973
11.7833 974
11.8 975
11.8167 976
11.8333 977
11.85 978
11.8667 978
11.8833 979
11.9 980
11.9167 981
11.9333 982
11.95 983
11.9667 983
11.9833 984
12.0 985
12.0167 986
12.0333 986
12.05 987
12.0667 988
12.0833 988
12.1 989
12.1167 989
12.1333 990
12.15 991
12.1667 991
12.1833 992
12.2 992
12.2167 993
12.2333 993
12.25 994
12.2667 994
12.2833 994
12.3 995
12.3167 995
12.3333 996
12.35 996
12.3667 996
12.3833 996
12.4 997
12.4167 997
12.4333 997
12.45 997
12.4667 998
12.4833 998
12.5 998
12.5167 998
12.5333 998
12.55 998
12.5667 999
12.5833 999
12.6 999
12.6167 999
12.6333 999
12.65 999
12.6667 999
12.6833 999
12.7 999
12.7167 999
12.7333 998
12.75 998
12.7667 998
12.7833 998
12.8 998
12.8167 998
12.8333 997
12.85 997
12.8667 997
12.8833 997
12.9 996
12.9167 996
12.9333 996
12.95 995
12.9667 995
12.9833 995
13.0 994
13.0167 994
13.0333 993
13.05 993
13.0667 992
13.0833 992
13.1 991
13.1167 991
13.1333 990
13.15 990
13.1667 989
13.1833 989
13.2 988
13.2167 987
13.2333 987
13.25 986
13.2667 985
13.2833 985
13.3 984
13.3167 983
13.3333 982
13.35 982
13.3667 981
13.3833 980
13.4 979
13.4167 978
13.4333 977
13.45 976
13.4667 975
13.4833 975
13.5 974
13.5167 973
13.5333 972
13.55 971
13.5667 970
13.5833 969
13.6 967
13.6167 966
13.6333 965
13.65 964
13.6667 963
13.6833 962
13.7 961
13.7167 959
13.7333 958
13.75 957
13.7667 956
13.7833 955
13.8 953
13.8167 952
13.8333 951
13.85 949
13.8667 948
13.8833 947
13.9 945
13.9167 944
13.9333 942
13.95 941
13.9667 939
13.9833 938
14.0 936
14.0167 935
14.0333 933
14.05 932
14.0667 930
14.0833 929
14.1 927
14.1167 926
14.1333 924
14.15 922
14.1667 921
14.1833 919
14.2 917
14.2167 915
14.2333 914
14.25 912
14.2667 910
14.2833 908
14.3 907
14.3167 905
14.3333 903
14.35 901
14.3667 899
14.3833 897
14.4 895
14.4167 894
14.4333 892
14.45 890
14.4667 888
14.4833 886
14.5 884
14.5167 882
14.5333 880
14.55 878
14.5667 875
14.5833 873
14.6 871
14.6167 869
14.6333 867
14.65 865
14.6667 863
14.6833 861
14.7 858
14.7167 856
14.7333 854
14.75 852
14.7667 849
14.7833 847
14.8 845
14.8167 843
14.8333 840
14.85 838
14.8667 836
14.8833 833
14.9 831
14.9167 828
14.9333 826
14.95 824
14.9667 821
14.9833 819
15.0 816
15.0167 814
15.0333 811
15.05 809
15.0667 806
15.0833 804
15.1 801
15.1167 799
15.1333 796
15.15 794
15.1667 791
15.1833 788
15.2 786
15.2167 783
15.2333 780
15.25 778
15.2667 775
15.2833 772
15.3 770
15.3167 767
15.3333 764
15.35 761
15.3667 759
15.3833 756
15.4 753
15.4167 750
15.4333 747
15.45 744
15.4667 742
15.4833 739
15.5 736
15.5167 733
15.5333 730
15.55 727
15.5667 724
15.5833 721
15.6 718
15.6167 715
15.6333 712
15.65 709
15.6667 706
15.6833 703
15.7 700
15.7167 697
15.7333 694
15.75 691
15.7667 688
15.7833 685
15.8 682
15.8167 679
15.8333 676
15.85 672
15.8667 669
15.8833 666
15.9 663
15.9167 660
15.9333 657
15.95 653
15.9667 650
15.9833 647
16.0 644
16.0167 641
16.0333 637
16.05 634
16.0667 631
16.0833 627
16.1 624
16.1167 621
16.1333 618
16.15 614
16.1667 611
16.1833 608
16.2 604
16.2167 601
16.2333 597
16.25 594
16.2667 591
16.2833 587
16.3 584
16.3167 580
16.3333 577
16.35 574
16.3667 570
16.3833 567
16.4 563
16.4167 560
16.4333 556
16.45 553
16.4667 549
16.4833 546
16.5 542
16.5167 539
16.5333 535
16.55 532
16.5667 528
16.5833 525
16.6 521
16.6167 518
16.6333 514
16.65 511
16.6667 507
16.6833 503
16.7 500
16.7167 496
16.7333 493
16.75 489
16.7667 485
16.7833 482
16.8 478
16.8167 475
16.8333 471
16.85 467
16.8667 464
16.8833 460
16.9 456
16.9167 453
16.9333 449
16.95 445
16.9667 442
16.9833 438
