8.0 337
8.0167 341
8.0333 344
8.05 348
8.0667 351
8.0833 355
8.1 358
8.1167 362
8.1333 365
8.15 369
8.1667 373
8.1833 376
8.2 380
8.2167 383
8.2333 387
8.25 390
8.2667 394
8.2833 397
8.3 401
8.3167 404
8.3333 408
8.35 411
8.3667 415
8.3833 418
8.4 422
8.4167 425
8.4333 429
8.45 432
8.4667 436
8.4833 439
8.5 443
8.5167 446
8.5333 449
8.55 453
8.5667 456
8.5833 460
8.6 463
8.6167 467
8.6333 470
8.65 474
8.6667 477
8.6833 480
8.7 484
8.7167 487
8.7333 491
8.75 494
8.7667 497
8.7833 501
8.8 504
8.8167 508
8.8333 511
8.85 514
8.8667 518
8.8833 521
8.9 524
8.9167 528
8.9333 531
8.95 534
8.9667 538
8.9833 541
9.0 544
9.0167 548
9.0333 551
9.05 554
9.0667 557
9.0833 561
9.1 564
9.1167 567
9.1333 570
9.15 573
9.1667 577
9.1833 580
9.2 583
9.2167 586
9.2333 589
9.25 593
9.2667 596
9.2833 599
9.3 602
9.3167 605
9.3333 608
9.35 611
9.3667 614
9.3833 618
9.4 621
9.4167 624
9.4333 627
9.45 630
9.4667 633
9.4833 636
9.5 639
9.5167 642
9.5333 645
9.55 648
9.5667 651
9.5833 654
9.6 657
9.6167 660
9.6333 663
9.65 666
9.6667 668
9.6833 671
9.7 674
9.7167 677
9.7333 680
9.75 683
9.7667 686
9.7833 688
9.8 691
9.8167 694
9.8333 697
9.85 700
9.8667 702
9.8833 705
9.9 708
9.9167 711
9.9333 713
9.95 716
9.9667 719
9.9833 721
10.0 724
10.0167 727
10.0333 729
10.05 732
10.0667 734
10.0833 737
10.1 740
10.1167 742
10.1333 745
10.15 747
10.1667 750
10.1833 752
10.2 755
10.2167 757
10.2333 760
10.25 762
10.2667 765
10.2833 767
10.3 770
10.3167 772
10.3333 774
10.35 777
10.3667 779
10.3833 781
10.4 784
10.4167 786
10.4333 788
10.45 791
10.4667 793
10.4833 795
10.5 797
10.5167 800
10.5333 802
10.55 804
10.5667 806
10.5833 808
10.6 810
10.6167 813
10.6333 815
10.65 817
10.6667 819
10.6833 821
10.7 823
10.7167 825
10.7333 827
10.75 829
10.7667 831
10.7833 833
10.8 835
10.8167 837
10.8333 839
10.85 841
10.8667 843
10.8833 845
10.9 846
10.9167 848
10.9333 850
10.95 852
10.9667 854
10.9833 856
11.0 857
11.0167 859
11.0333 861
11.05 863
11.0667 864
11.0833 866
11.1 868
11.1167 869
11.1333 871
11.15 872
11.1667 874
11.1833 876
11.2 877
11.2167 879
11.2333 880
11.25 882
11.2667 883
11.2833 885
11.3 886
11.3167 888
11.3333 889
11.35 891
11.3667 892
11.3833 893
11.4 895
11.4167 896
11.4333 897
11.45 899
11.4667 900
11.4833 901
11.5 903
11.5167 904
11.5333 905
11.55 906
11.5667 907
11.5833 909
11.6 910
11.6167 911
11.6333 912
11.65 913
11.6667 914
11.6833 915
11.7 916
11.7167 917
11.7333 918
11.75 919
11.7667 920
11.7833 921
11.8 922
11.8167 923
11.8333 924
11.85 925
11.8667 926
11.8833 927
11.9 928
11.9167 928
11.9333 929
11.95 930
11.9667 931
11.9833 931
12.0 932
12.0167 933
12.0333 934
12.05 934
12.0667 935
12.0833 936
12.1 936
12.1167 937
12.1333 937
12.15 938
12.1667 938
12.1833 939
12.2 939
12.2167 940
12.2333 940
12.25 941
12.2667 941
12.2833 942
12.3 942
12.3167 942
12.3333 943
12.35 943
12.3667 944
12.3833 944
12.4 944
12.4167 944
12.4333 945
12.45 945
12.4667 945
12.4833 945
12.5 945
12.5167 946
12.5333 946
12.55 946
12.5667 946
12.5833 946
12.6 946
12.6167 946
12.6333 946
12.65 946
12.6667 946
12.6833 946
12.7 946
12.7167 946
12.7333 946
12.75 946
12.7667 946
12.7833 946
12.8 945
12.8167 945
12.8333 945
12.85 945
12.8667 945
12.8833 944
12.9 944
12.9167 944
12.9333 943
12.95 943
12.9667 943
12.9833 942
13.0 942
13.0167 942
13.0333 941
13.05 941
13.0667 940
13.0833 940
13.1 939
13.1167 939
13.1333 938
13.15 938
13.1667 937
13.1833 937
13.2 936
13.2167 935
13.2333 935
13.25 934
13.2667 933
13.2833 933
13.3 932
13.3167 931
13.3333 930
13.35 930
13.3667 929
13.3833 928
13.4 927
13.4167 926
13.4333 926
13.45 925
13.4667 924
13.4833 923
13.5 922
13.5167 921
13.5333 920
13.55 919
13.5667 918
13.5833 917
13.6 916
13.6167 915
13.6333 914
13.65 913
13.6667 912
13.6833 911
13.7 909
13.7167 908
13.7333 907
13.75 906
13.7667 905
13.7833 903
13.8 902
13.8167 901
13.8333 900
13.85 898
13.8667 897
13.8833 896
13.9 894
13.9167 893
13.9333 892
13.95 890
13.9667 889
13.9833 887
14.0 886
14.0167 884
14.0333 883
14.05 881
14.0667 880
14.0833 878
14.1 877
14.1167 875
14.1333 874
14.15 872
14.1667 870
14.1833 869
14.2 867
14.2167 865
14.2333 864
14.25 862
14.2667 860
14.2833 859
14.3 857
14.3167 855
14.3333 853
14.35 851
14.3667 850
14.3833 848
14.4 846
14.4167 844
14.4333 842
14.45 840
14.4667 838
14.4833 836
14.5 834
14.5167 832
14.5333 831
14.55 829
14.5667 826
14.5833 824
14.6 822
14.6167 820
14.6333 818
14.65 816
14.6667 814
14.6833 812
14.7 810
14.7167 808
14.7333 806
14.75 803
14.7667 801
14.7833 799
14.8 797
14.8167 794
14.8333 792
14.85 790
14.8667 788
14.8833 785
14.9 783
14.9167 781
14.9333 778
14.95 776
14.9667 774
14.9833 771
15.0 769
15.0167 767
15.0333 764
15.05 762
15.0667 759
15.0833 757
15.1 754
15.1167 752
15.1333 749
15.15 747
15.1667 744
15.1833 742
15.2 739
15.2167 736
15.2333 734
15.25 731
15.2667 729
15.2833 726
15.3 723
15.3167 721
15.3333 718
15.35 715
15.3667 713
15.3833 710
15.4 707
15.4167 704
15.4333 702
15.45 699
15.4667 696
15.4833 693
15.5 691
15.5167 688
15.5333 685
15.55 682
15.5667 679
15.5833 676
15.6 674
15.6167 671
15.6333 668
15.65 665
15.6667 662
15.6833 659
15.7 656
15.7167 653
15.7333 650
15.75 647
15.7667 644
15.7833 641
15.8 638
15.8167 635
15.8333 632
15.85 629
15.8667 626
15.8833 623
15.9 620
15.9167 617
15.9333 614
15.95 611
15.9667 608
15.9833 604
16.0 601
16.0167 598
16.0333 595
16.05 592
16.0667 589
16.0833 586
16.1 582
16.1167 579
16.1333 576
16.15 573
16.1667 570
16.1833 566
16.2 563
16.2167 560
16.2333 557
16.25 553
16.2667 550
16.2833 547
16.3 543
16.3167 540
16.3333 537
16.35 534
16.3667 530
16.3833 527
16.4 524
16.4167 520
16.4333 517
16.45 514
16.4667 510
16.4833 507
16.5 503
16.5167 500
16.5333 497
16.55 493
16.5667 490
16.5833 487
16.6 483
16.6167 480
16.6333 476
16.65 473
16.6667 469
16.6833 466
16.7 463
16.7167 459
16.7333 456
16.75 452
16.7667 449
16.7833 445
16.8 442
16.8167 438
16.8333 435
16.85 431
16.8667 428
16.8833 424
16.9 421
16.9167 417
16.9333 414
16.95 410
16.9667 407
16.9833 403
