8.0 361
8.0167 365
8.0333 368
8.05 372
8.0667 376
8.0833 380
8.1 383
8.1167 387
8.1333 391
8.15 395
8.1667 399
8.1833 402
8.2 406
8.2167 410
8.2333 414
8.25 417
8.2667 421
8.2833 425
8.3 429
8.3167 432
8.3333 436
8.35 440
8.3667 444
8.3833 447
8.4 451
8.4167 455
8.4333 458
8.45 462
8.4667 466
8.4833 470
8.5 473
8.5167 477
8.5333 481
8.55 484
8.5667 488
8.5833 492
8.6 495
8.6167 499
8.6333 502
8.65 506
8.6667 510
8.6833 513
8.7 517
8.7167 521
8.7333 524
8.75 528
8.7667 531
8.7833 535
8.8 539
8.8167 542
8.8333 546
8.85 549
8.8667 553
8.8833 556
8.9 560
8.9167 563
8.9333 567
8.95 570
8.9667 574
8.9833 577
9.0 581
9.0167 584
9.0333 588
9.05 591
9.0667 595
9.0833 598
9.1 602
9.1167 605
9.1333 608
9.15 612
9.1667 615
9.1833 619
9.2 622
9.2167 625
9.2333 629
9.25 632
9.2667 635
9.2833 639
9.3 642
9.3167 645
9.3333 648
9.35 652
9.3667 655
9.3833 658
9.4 661
9.4167 665
9.4333 668
9.45 671
9.4667 674
9.4833 677
9.5 680
9.5167 684
9.5333 687
9.55 690
9.5667 693
9.5833 696
9.6 699
9.6167 702
9.6333 705
9.65 708
9.6667 711
9.6833 714
9.7 717
9.7167 720
9.7333 723
9.75 726
9.7667 729
9.7833 732
9.8 735
9.8167 738
9.8333 741
9.85 744
9.8667 747
9.8833 750
9.9 752
9.9167 755
9.9333 758
9.95 761
9.9667 764
9.9833 767
10.0 769
10.0167 772
10.0333 775
10.05 778
10.0667 780
10.0833 783
10.1 786
10.1167 788
10.1333 791
10.15 794
10.1667 796
10.1833 799
10.2 801
10.2167 804
10.2333 807
10.25 809
10.2667 812
10.2833 814
10.3 817
10.3167 819
10.3333 822
10.35 824
10.3667 827
10.3833 829
10.4 831
10.4167 834
10.4333 836
10.45 839
10.4667 841
10.4833 843
10.5 846
10.5167 848
10.5333 850
10.55 852
10.5667 855
10.5833 857
10.6 859
10.6167 861
10.6333 864
10.65 866
10.6667 868
10.6833 870
10.7 872
10.7167 874
10.7333 876
10.75 879
10.7667 881
10.7833 883
10.8 885
10.8167 887
10.8333 889
10.85 891
10.8667 893
10.8833 895
10.9 896
10.9167 898
10.9333 900
10.95 902
10.9667 904
10.9833 906
11.0 908
11.0167 910
11.0333 911
11.05 913
11.0667 915
11.0833 917
11.1 918
11.1167 920
11.1333 922
11.15 923
11.1667 925
11.1833 927
11.2 928
11.2167 930
11.2333 931
11.25 933
11.2667 935
11.2833 936
11.3 938
11.3167 939
11.3333 941
11.35 942
11.3667 943
11.3833 945
11.4 946
11.4167 948
11.4333 949
11.45 950
11.4667 952
11.4833 953
11.5 954
11.5167 956
11.5333 957
11.55 958
11.5667 959
11.5833 961
11.6 962
11.6167 963
11.6333 964
11.65 965
11.6667 966
11.6833 967
11.7 968
11.7167 969
11.7333 971
11.75 972
11.7667 973
11.7833 974
11.8 974
11.8167 975
11.8333 976
11.85 977
11.8667 978
11.8833 979
11.9 980
11.9167 981
11.9333 981
11.95 982
11.9667 983
11.9833 984
12.0 985
12.0167 985
12.0333 986
12.05 987
12.0667 987
12.0833 988
12.1 989
12.1167 989
12.1333 990
12.15 990
12.1667 991
12.1833 991
12.2 992
12.2167 992
12.2333 993
12.25 993
12.2667 994
12.2833 994
12.3 995
12.3167 995
12.3333 995
12.35 996
12.3667 996
12.3833 996
12.4 996
12.4167 997
12.4333 997
12.45 997
12.4667 997
12.4833 998
12.5 998
12.5167 998
12.5333 998
12.55 998
12.5667 998
12.5833 998
12.6 998
12.6167 998
12.6333 998
12.65 998
12.6667 998
12.6833 998
12.7 998
12.7167 998
12.7333 998
12.75 998
12.7667 998
12.7833 997
12.8 997
12.8167 997
12.8333 997
12.85 997
12.8667 996
12.8833 996
12.9 996
12.9167 995
12.9333 995
12.95 995
12.9667 994
12.9833 994
13.0 993
13.0167 993
13.0333 993
13.05 992
13.0667 992
13.0833 991
13.1 990
13.1167 990
13.1333 989
13.15 989
13.1667 988
13.1833 988
13.2 987
13.2167 986
13.2333 986
13.25 985
13.2667 984
13.2833 983
13.3 983
13.3167 982
13.3333 981
13.35 980
13.3667 979
13.3833 978
13.4 978
13.4167 977
13.4333 976
13.45 975
13.4667 974
13.4833 973
13.5 972
13.5167 971
13.5333 970
13.55 969
13.5667 968
13.5833 967
13.6 966
13.6167 964
13.6333 963
13.65 962
13.6667 961
13.6833 960
13.7 959
13.7167 957
13.7333 956
13.75 955
13.7667 954
13.7833 952
13.8 951
13.8167 950
13.8333 948
13.85 947
13.8667 945
13.8833 944
13.9 943
13.9167 941
13.9333 940
13.95 938
13.9667 937
13.9833 935
14.0 934
14.0167 932
14.0333 931
14.05 929
14.0667 927
14.0833 926
14.1 924
14.1167 922
14.1333 921
14.15 919
14.1667 917
14.1833 916
14.2 914
14.2167 912
14.2333 910
14.25 908
14.2667 907
14.2833 905
14.3 903
14.3167 901
14.3333 899
14.35 897
14.3667 895
14.3833 893
14.4 891
14.4167 889
14.4333 887
14.45 885
14.4667 883
14.4833 881
14.5 879
14.5167 877
14.5333 875
14.55 873
14.5667 871
14.5833 869
14.6 867
14.6167 864
14.6333 862
14.65 860
14.6667 858
14.6833 856
14.7 853
14.7167 851
14.7333 849
14.75 846
14.7667 844
14.7833 842
14.8 840
14.8167 837
14.8333 835
14.85 832
14.8667 830
14.8833 828
14.9 825
14.9167 823
14.9333 820
14.95 818
14.9667 815
14.9833 813
15.0 810
15.0167 808
15.0333 805
15.05 803
15.0667 800
15.0833 797
15.1 795
15.1167 792
15.1333 789
15.15 787
15.1667 784
15.1833 781
15.2 779
15.2167 776
15.2333 773
15.25 771
15.2667 768
15.2833 765
15.3 762
15.3167 759
15.3333 757
15.35 754
15.3667 751
15.3833 748
15.4 745
15.4167 742
15.4333 739
15.45 736
15.4667 734
15.4833 731
15.5 728
15.5167 725
15.5333 722
15.55 719
15.5667 716
15.5833 713
15.6 710
15.6167 707
15.6333 704
15.65 700
15.6667 697
15.6833 694
15.7 691
15.7167 688
15.7333 685
15.75 682
15.7667 679
15.7833 676
15.8 672
15.8167 669
15.8333 666
15.85 663
15.8667 660
15.8833 656
15.9 653
15.9167 650
15.9333 647
15.95 643
15.9667 640
15.9833 637
16.0 633
16.0167 630
16.0333 627
16.05 623
16.0667 620
16.0833 617
16.1 613
16.1167 610
16.1333 607
16.15 603
16.1667 600
16.1833 596
16.2 593
16.2167 589
16.2333 586
16.25 583
16.2667 579
16.2833 576
16.3 572
16.3167 569
16.3333 565
16.35 562
16.3667 558
16.3833 555
16.4 551
16.4167 548
16.4333 544
16.45 540
16.4667 537
16.4833 533
16.5 530
16.5167 526
16.5333 523
16.55 519
16.5667 515
16.5833 512
16.6 508
16.6167 504
16.6333 501
16.65 497
16.6667 493
16.6833 490
16.7 486
16.7167 483
16.7333 479
16.75 475
16.7667 471
16.7833 468
16.8 464
16.8167 460
16.8333 457
16.85 453
16.8667 449
16.8833 446
16.9 442
16.9167 438
16.9333 434
16.95 431
16.9667 427
16.9833 423
