8.0 372
8.0167 376
8.0333 379
8.05 383
8.0667 387
8.0833 391
8.1 395
8.1167 398
8.1333 402
8.15 406
8.1667 410
8.1833 414
8.2 417
8.2167 421
8.2333 425
8.25 429
8.2667 432
8.2833 436
8.3 440
8.3167 444
8.3333 447
8.35 451
8.3667 455
8.3833 459
8.4 462
8.4167 466
8.4333 470
8.45 474
8.4667 477
8.4833 481
8.5 485
8.5167 488
8.5333 492
8.55 496
8.5667 499
8.5833 503
8.6 507
8.6167 510
8.6333 514
8.65 518
8.6667 521
8.6833 525
8.7 528
8.7167 532
8.7333 536
8.75 539
8.7667 543
8.7833 546
8.8 550
8.8167 554
8.8333 557
8.85 561
8.8667 564
8.8833 568
8.9 571
8.9167 575
8.9333 578
8.95 582
8.9667 585
8.9833 589
9.0 592
9.0167 596
9.0333 599
9.05 603
9.0667 606
9.0833 610
9.1 613
9.1167 616
9.1333 620
9.15 623
9.1667 627
9.1833 630
9.2 633
9.2167 637
9.2333 640
9.25 643
9.2667 647
9.2833 650
9.3 653
9.3167 657
9.3333 660
9.35 663
9.3667 666
9.3833 669
9.4 673
9.4167 676
9.4333 679
9.45 682
9.4667 686
9.4833 689
9.5 692
9.5167 695
9.5333 698
9.55 701
9.5667 704
9.5833 707
9.6 710
9.6167 714
9.6333 717
9.65 720
9.6667 723
9.6833 726
9.7 729
9.7167 732
9.7333 735
9.75 738
9.7667 741
9.7833 744
9.8 746
9.8167 749
9.8333 752
9.85 755
9.8667 758
9.8833 761
9.9 764
9.9167 767
9.9333 769
9.95 772
9.9667 775
9.9833 778
10.0 781
10.0167 783
10.0333 786
10.05 789
10.0667 791
10.0833 794
10.1 797
10.1167 800
10.1333 802
10.15 805
10.1667 807
10.1833 810
10.2 813
10.2167 815
10.2333 818
10.25 820
10.2667 823
10.2833 825
10.3 828
10.3167 830
10.3333 833
10.35 835
10.3667 838
10.3833 840
10.4 843
10.4167 845
10.4333 847
10.45 850
10.4667 852
10.4833 854
10.5 857
10.5167 859
10.5333 861
10.55 864
10.5667 866
10.5833 868
10.6 870
10.6167 872
10.6333 875
10.65 877
10.6667 879
10.6833 881
10.7 883
10.7167 885
10.7333 887
10.75 890
10.7667 892
10.7833 894
10.8 896
10.8167 898
10.8333 900
10.85 902
10.8667 904
10.8833 905
10.9 907
10.9167 909
10.9333 911
10.95 913
10.9667 915
10.9833 917
11.0 919
11.0167 920
11.0333 922
11.05 924
11.0667 926
11.0833 927
11.1 929
11.1167 931
11.1333 933
11.15 934
11.1667 936
11.1833 938
11.2 939
11.2167 941
11.2333 942
11.25 944
11.2667 945
11.2833 947
11.3 948
11.3167 950
11.3333 951
11.35 953
11.3667 954
11.3833 956
11.4 957
11.4167 958
11.4333 960
11.45 961
11.4667 963
11.4833 964
11.5 965
11.5167 966
11.5333 968
11.55 969
11.5667 970
11.5833 971
11.6 972
11.6167 974
11.6333 975
11.65 976
11.6667 977
11.6833 978
11.7 979
11.7167 980
11.7333 981
11.75 982
11.7667 983
11.7833 984
11.8 985
11.8167 986
11.8333 987
11.85 988
11.8667 989
11.8833 990
11.9 991
11.9167 991
11.9333 992
11.95 993
11.9667 994
11.9833 994
12.0 995
12.0167 996
12.0333 997
12.05 997
12.0667 998
12.0833 999
12.1 999
12.1167 1000
12.1333 1000
12.15 1001
12.1667 1001
12.1833 1002
12.2 1003
12.2167 1003
12.2333 1003
12.25 1004
12.2667 1004
12.2833 1005
12.3 1005
12.3167 1006
12.3333 1006
12.35 1006
12.3667 1007
12.3833 1007
12.4 1007
12.4167 1007
12.4333 1008
12.45 1008
12.4667 1008
12.4833 1008
12.5 1008
12.5167 1008
12.5333 1009
12.55 1009
12.5667 1009
12.5833 1009
12.6 1009
12.6167 1009
12.6333 1009
12.65 1009
12.6667 1009
12.6833 1009
12.7 1009
12.7167 1009
12.7333 1009
12.75 1008
12.7667 1008
12.7833 1008
12.8 1008
12.8167 1008
12.8333 1007
12.85 1007
12.8667 1007
12.8833 1007
12.9 1006
12.9167 1006
12.9333 1006
12.95 1005
12.9667 1005
12.9833 1005
13.0 1004
13.0167 1004
13.0333 1003
13.05 1003
13.0667 1002
13.0833 1002
13.1 1001
13.1167 1001
13.1333 1000
13.15 999
13.1667 999
13.1833 998
13.2 998
13.2167 997
13.2333 996
13.25 996
13.2667 995
13.2833 994
13.3 993
13.3167 993
13.3333 992
13.35 991
13.3667 990
13.3833 989
13.4 988
13.4167 987
13.4333 987
13.45 986
13.4667 985
13.4833 984
13.5 983
13.5167 982
13.5333 981
13.55 980
13.5667 979
13.5833 977
13.6 976
13.6167 975
13.6333 974
13.65 973
13.6667 972
13.6833 971
13.7 969
13.7167 968
13.7333 967
13.75 966
13.7667 964
13.7833 963
13.8 962
13.8167 960
13.8333 959
13.85 958
13.8667 956
13.8833 955
13.9 953
13.9167 952
13.9333 951
13.95 949
13.9667 948
13.9833 946
14.0 944
14.0167 943
14.0333 941
14.05 940
14.0667 938
14.0833 937
14.1 935
14.1167 933
14.1333 932
14.15 930
14.1667 928
14.1833 926
14.2 925
14.2167 923
14.2333 921
14.25 919
14.2667 918
14.2833 916
14.3 914
14.3167 912
14.3333 910
14.35 908
14.3667 906
14.3833 904
14.4 902
14.4167 900
14.4333 898
14.45 896
14.4667 894
14.4833 892
14.5 890
14.5167 888
14.5333 886
14.55 884
14.5667 882
14.5833 880
14.6 878
14.6167 876
14.6333 873
14.65 871
14.6667 869
14.6833 867
14.7 864
14.7167 862
14.7333 860
14.75 858
14.7667 855
14.7833 853
14.8 851
14.8167 848
14.8333 846
14.85 844
14.8667 841
14.8833 839
14.9 836
14.9167 834
14.9333 831
14.95 829
14.9667 826
14.9833 824
15.0 821
15.0167 819
15.0333 816
15.05 814
15.0667 811
15.0833 809
15.1 806
15.1167 803
15.1333 801
15.15 798
15.1667 795
15.1833 793
15.2 790
15.2167 787
15.2333 785
15.25 782
15.2667 779
15.2833 776
15.3 774
15.3167 771
15.3333 768
15.35 765
15.3667 762
15.3833 759
15.4 757
15.4167 754
15.4333 751
15.45 748
15.4667 745
15.4833 742
15.5 739
15.5167 736
15.5333 733
15.55 730
15.5667 727
15.5833 724
15.6 721
15.6167 718
15.6333 715
15.65 712
15.6667 709
15.6833 706
15.7 703
15.7167 700
15.7333 696
15.75 693
15.7667 690
15.7833 687
15.8 684
15.8167 681
15.8333 677
15.85 674
15.8667 671
15.8833 668
15.9 665
15.9167 661
15.9333 658
15.95 655
15.9667 652
15.9833 648
16.0 645
16.0167 642
16.0333 638
16.05 635
16.0667 632
16.0833 628
16.1 625
16.1167 621
16.1333 618
16.15 615
16.1667 611
16.1833 608
16.2 604
16.2167 601
16.2333 598
16.25 594
16.2667 591
16.2833 587
16.3 584
16.3167 580
16.3333 577
16.35 573
16.3667 570
16.3833 566
16.4 563
16.4167 559
16.4333 556
16.45 552
16.4667 548
16.4833 545
16.5 541
16.5167 538
16.5333 534
16.55 530
16.5667 527
16.5833 523
16.6 520
16.6167 516
16.6333 512
16.65 509
16.6667 505
16.6833 501
16.7 498
16.7167 494
16.7333 490
16.75 487
16.7667 483
16.7833 479
16.8 476
16.8167 472
16.8333 468
16.85 464
16.8667 461
16.8833 457
16.9 453
16.9167 450
16.9333 446
16.95 442
16.9667 438
16.9833 435
