8.0 318
8.0167 321
8.0333 325
8.05 329
8.0667 332
8.0833 336
8.1 340
8.1167 343
8.1333 347
8.15 350
8.1667 354
8.1833 358
8.2 361
8.2167 365
8.2333 368
8.25 372
8.2667 376
8.2833 379
8.3 383
8.3167 387
8.3333 390
8.35 394
8.3667 397
8.3833 401
8.4 405
8.4167 408
8.4333 412
8.45 415
8.4667 419
8.4833 423
8.5 426
8.5167 430
8.5333 433
8.55 437
8.5667 440
8.5833 444
8.6 448
8.6167 451
8.6333 455
8.65 458
8.6667 462
8.6833 465
8.7 469
8.7167 472
8.7333 476
8.75 479
8.7667 483
8.7833 486
8.8 490
8.8167 493
8.8333 497
8.85 500
8.8667 504
8.8833 507
8.9 511
8.9167 514
8.9333 518
8.95 521
8.9667 524
8.9833 528
9.0 531
9.0167 535
9.0333 538
9.05 542
9.0667 545
9.0833 549
9.1 552
9.1167 555
9.1333 559
9.15 562
9.1667 565
9.1833 569
9.2 572
9.2167 575
9.2333 578
9.25 582
9.2667 585
9.2833 588
9.3 591
9.3167 595
9.3333 598
9.35 601
9.3667 604
9.3833 608
9.4 611
9.4167 614
9.4333 617
9.45 620
9.4667 623
9.4833 626
9.5 630
9.5167 633
9.5333 636
9.55 639
9.5667 642
9.5833 645
9.6 648
9.6167 651
9.6333 654
9.65 657
9.6667 660
9.6833 663
9.7 666
9.7167 669
9.7333 672
9.75 675
9.7667 678
9.7833 681
9.8 684
9.8167 687
9.8333 690
9.85 692
9.8667 695
9.8833 698
9.9 701
9.9167 704
9.9333 707
9.95 709
9.9667 712
9.9833 715
10.0 718
10.0167 720
10.0333 723
10.05 726
10.0667 728
10.0833 731
10.1 734
10.1167 736
10.1333 739
10.15 742
10.1667 744
10.1833 747
10.2 750
10.2167 752
10.2333 755
10.25 757
10.2667 760
10.2833 762
10.3 765
10.3167 767
10.3333 770
10.35 772
10.3667 775
10.3833 777
10.4 779
10.4167 782
10.4333 784
10.45 786
10.4667 789
10.4833 791
10.5 793
10.5167 796
10.5333 798
10.55 800
10.5667 803
10.5833 805
10.6 807
10.6167 809
10.6333 811
10.65 814
10.6667 816
10.6833 818
10.7 820
10.7167 822
10.7333 824
10.75 826
10.7667 828
10.7833 830
10.8 832
10.8167 834
10.8333 836
10.85 838
10.8667 840
10.8833 842
10.9 844
10.9167 846
10.9333 848
10.95 850
10.9667 852
10.9833 853
11.0 855
11.0167 857
11.0333 859
11.05 861
11.0667 862
11.0833 864
11.1 866
11.1167 868
11.1333 869
11.15 871
11.1667 873
11.1833 874
11.2 876
11.2167 877
11.2333 879
11.25 881
11.2667 882
11.2833 884
11.3 885
11.3167 887
11.3333 888
11.35 890
11.3667 891
11.3833 892
11.4 894
11.4167 895
11.4333 897
11.45 898
11.4667 899
11.4833 901
11.5 902
11.5167 903
11.5333 904
11.55 906
11.5667 907
11.5833 908
11.6 909
11.6167 910
11.6333 912
11.65 913
11.6667 914
11.6833 915
11.7 916
11.7167 917
11.7333 918
11.75 919
11.7667 920
11.7833 921
11.8 922
11.8167 923
11.8333 924
11.85 925
11.8667 926
11.8833 927
11.9 927
11.9167 928
11.9333 929
11.95 930
11.9667 931
11.9833 931
12.0 932
12.0167 933
12.0333 934
12.05 934
12.0667 935
12.0833 935
12.1 936
12.1167 937
12.1333 937
12.15 938
12.1667 938
12.1833 939
12.2 939
12.2167 940
12.2333 940
12.25 941
12.2667 941
12.2833 942
12.3 942
12.3167 942
12.3333 943
12.35 943
12.3667 943
12.3833 944
12.4 944
12.4167 944
12.4333 945
12.45 945
12.4667 945
12.4833 945
12.5 945
12.5167 945
12.5333 946
12.55 946
12.5667 946
12.5833 946
12.6 946
12.6167 946
12.6333 946
12.65 946
12.6667 946
12.6833 946
12.7 946
12.7167 946
12.7333 946
12.75 945
12.7667 945
12.7833 945
12.8 945
12.8167 945
12.8333 945
12.85 944
12.8667 944
12.8833 944
12.9 943
12.9167 943
12.9333 943
12.95 942
12.9667 942
12.9833 942
13.0 941
13.0167 941
13.0333 940
13.05 940
13.0667 939
13.0833 939
13.1 938
13.1167 938
13.1333 937
13.15 937
13.1667 936
13.1833 935
13.2 935
13.2167 934
13.2333 933
13.25 933
13.2667 932
13.2833 931
13.3 930
13.3167 930
13.3333 929
13.35 928
13.3667 927
13.3833 926
13.4 926
13.4167 925
13.4333 924
13.45 923
13.4667 922
13.4833 921
13.5 920
13.5167 919
13.5333 918
13.55 917
13.5667 916
13.5833 915
13.6 914
13.6167 912
13.6333 911
13.65 910
13.6667 909
13.6833 908
13.7 907
13.7167 905
13.7333 904
13.75 903
13.7667 902
13.7833 900
13.8 899
13.8167 898
13.8333 896
13.85 895
13.8667 894
13.8833 892
13.9 891
13.9167 889
13.9333 888
13.95 886
13.9667 885
13.9833 883
14.0 882
14.0167 880
14.0333 879
14.05 877
14.0667 876
14.0833 874
14.1 872
14.1167 871
14.1333 869
14.15 867
14.1667 866
14.1833 864
14.2 862
14.2167 860
14.2333 859
14.25 857
14.2667 855
14.2833 853
14.3 851
14.3167 849
14.3333 848
14.35 846
14.3667 844
14.3833 842
14.4 840
14.4167 838
14.4333 836
14.45 834
14.4667 832
14.4833 830
14.5 828
14.5167 826
14.5333 824
14.55 822
14.5667 820
14.5833 817
14.6 815
14.6167 813
14.6333 811
14.65 809
14.6667 807
14.6833 804
14.7 802
14.7167 800
14.7333 798
14.75 795
14.7667 793
14.7833 791
14.8 788
14.8167 786
14.8333 784
14.85 781
14.8667 779
14.8833 777
14.9 774
14.9167 772
14.9333 769
14.95 767
14.9667 764
14.9833 762
15.0 759
15.0167 757
15.0333 754
15.05 752
15.0667 749
15.0833 747
15.1 744
15.1167 741
15.1333 739
15.15 736
15.1667 733
15.1833 731
15.2 728
15.2167 725
15.2333 723
15.25 720
15.2667 717
15.2833 715
15.3 712
15.3167 709
15.3333 706
15.35 703
15.3667 701
15.3833 698
15.4 695
15.4167 692
15.4333 689
15.45 686
15.4667 683
15.4833 681
15.5 678
15.5167 675
15.5333 672
15.55 669
15.5667 666
15.5833 663
15.6 660
15.6167 657
15.6333 654
15.65 651
15.6667 648
15.6833 645
15.7 642
15.7167 639
15.7333 635
15.75 632
15.7667 629
15.7833 626
15.8 623
15.8167 620
15.8333 617
15.85 614
15.8667 610
15.8833 607
15.9 604
15.9167 601
15.9333 598
15.95 594
15.9667 591
15.9833 588
16.0 585
16.0167 581
16.0333 578
16.05 575
16.0667 571
16.0833 568
16.1 565
16.1167 562
16.1333 558
16.15 555
16.1667 552
16.1833 548
16.2 545
16.2167 541
16.2333 538
16.25 535
16.2667 531
16.2833 528
16.3 524
16.3167 521
16.3333 518
16.35 514
16.3667 511
16.3833 507
16.4 504
16.4167 500
16.4333 497
16.45 493
16.4667 490
16.4833 486
16.5 483
16.5167 479
16.5333 476
16.55 472
16.5667 469
16.5833 465
16.6 462
16.6167 458
16.6333 455
16.65 451
16.6667 448
16.6833 444
16.7 441
16.7167 437
16.7333 433
16.75 430
16.7667 426
16.7833 423
16.8 419
16.8167 415
16.8333 412
16.85 408
16.8667 405
16.8833 401
16.9 397
16.9167 394
16.9333 390
16.95 387
16.9667 383
16.9833 379
