8.0 369
8.0167 372
8.0333 376
8.05 380
8.0667 383
8.0833 387
8.1 391
8.1167 394
8.1333 398
8.15 402
8.1667 405
8.1833 409
8.2 413
8.2167 416
8.2333 420
8.25 424
8.2667 427
8.2833 431
8.3 434
8.3167 438
8.3333 442
8.35 445
8.3667 449
8.3833 453
8.4 456
8.4167 460
8.4333 463
8.45 467
8.4667 470
8.4833 474
8.5 478
8.5167 481
8.5333 485
8.55 488
8.5667 492
8.5833 495
8.6 499
8.6167 503
8.6333 506
8.65 510
8.6667 513
8.6833 517
8.7 520
8.7167 524
8.7333 527
8.75 531
8.7667 534
8.7833 538
8.8 541
8.8167 544
8.8333 548
8.85 551
8.8667 555
8.8833 558
8.9 562
8.9167 565
8.9333 568
8.95 572
8.9667 575
8.9833 579
9.0 582
9.0167 585
9.0333 589
9.05 592
9.0667 595
9.0833 599
9.1 602
9.1167 605
9.1333 609
9.15 612
9.1667 615
9.1833 618
9.2 622
9.2167 625
9.2333 628
9.25 631
9.2667 635
9.2833 638
9.3 641
9.3167 644
9.3333 647
9.35 651
9.3667 654
9.3833 657
9.4 660
9.4167 663
9.4333 666
9.45 669
9.4667 672
9.4833 676
9.5 679
9.5167 682
9.5333 685
9.55 688
9.5667 691
9.5833 694
9.6 697
9.6167 700
9.6333 703
9.65 706
9.6667 709
9.6833 712
9.7 715
9.7167 717
9.7333 720
9.75 723
9.7667 726
9.7833 729
9.8 732
9.8167 735
9.8333 738
9.85 740
9.8667 743
9.8833 746
9.9 749
9.9167 752
9.9333 754
9.95 757
9.9667 760
9.9833 762
10.0 765
10.0167 768
10.0333 771
10.05 773
10.0667 776
10.0833 778
10.1 781
10.1167 784
10.1333 786
10.15 789
10.1667 791
10.1833 794
10.2 796
10.2167 799
10.2333 802
10.25 804
10.2667 806
10.2833 809
10.3 811
10.3167 814
10.3333 816
10.35 819
10.3667 821
10.3833 823
10.4 826
10.4167 828
10.4333 830
10.45 833
10.4667 835
10.4833 837
10.5 840
10.5167 842
10.5333 844
10.55 846
10.5667 849
10.5833 851
10.6 853
10.6167 855
10.6333 857
10.65 859
10.6667 861
10.6833 864
10.7 866
10.7167 868
10.7333 870
10.75 872
10.7667 874
10.7833 876
10.8 878
10.8167 880
10.8333 882
10.85 884
10.8667 886
10.8833 888
10.9 889
10.9167 891
10.9333 893
10.95 895
10.9667 897
10.9833 899
11.0 900
11.0167 902
11.0333 904
11.05 906
11.0667 908
11.0833 909
11.1 911
11.1167 913
11.1333 914
11.15 916
11.1667 918
11.1833 919
11.2 921
11.2167 922
11.2333 924
11.25 925
11.2667 927
11.2833 928
11.3 930
11.3167 931
11.3333 933
11.35 934
11.3667 936
11.3833 937
11.4 939
11.4167 940
11.4333 941
11.45 943
11.4667 944
11.4833 945
11.5 946
11.5167 948
11.5333 949
11.55 950
11.5667 951
11.5833 953
11.6 954
11.6167 955
11.6333 956
11.65 957
11.6667 958
11.6833 959
11.7 960
11.7167 962
11.7333 963
11.75 964
11.7667 965
11.7833 966
11.8 966
11.8167 967
11.8333 968
11.85 969
11.8667 970
11.8833 971
11.9 972
11.9167 973
11.9333 974
11.95 974
11.9667 975
11.9833 976
12.0 977
12.0167 977
12.0333 978
12.05 979
12.0667 979
12.0833 980
12.1 981
12.1167 981
12.1333 982
12.15 982
12.1667 983
12.1833 984
12.2 984
12.2167 985
12.2333 985
12.25 986
12.2667 986
12.2833 986
12.3 987
12.3167 987
12.3333 988
12.35 988
12.3667 988
12.3833 989
12.4 989
12.4167 989
12.4333 989
12.45 990
12.4667 990
12.4833 990
12.5 990
12.5167 990
12.5333 991
12.55 991
12.5667 991
12.5833 991
12.6 991
12.6167 991
12.6333 991
12.65 991
12.6667 991
12.6833 991
12.7 991
12.7167 991
12.7333 991
12.75 991
12.7667 991
12.7833 991
12.8 990
12.8167 990
12.8333 990
12.85 990
12.8667 990
12.8833 989
12.9 989
12.9167 989
12.9333 989
12.95 988
12.9667 988
12.9833 988
13.0 987
13.0167 987
13.0333 986
13.05 986
13.0667 986
13.0833 985
13.1 985
13.1167 984
13.1333 984
13.15 983
13.1667 982
13.1833 982
13.2 981
13.2167 981
13.2333 980
13.25 979
13.2667 979
13.2833 978
13.3 977
13.3167 977
13.3333 976
13.35 975
13.3667 974
13.3833 973
13.4 973
13.4167 972
13.4333 971
13.45 970
13.4667 969
13.4833 968
13.5 967
13.5167 966
13.5333 965
13.55 964
13.5667 963
13.5833 962
13.6 961
13.6167 960
13.6333 959
13.65 958
13.6667 957
13.6833 956
13.7 955
13.7167 954
13.7333 953
13.75 951
13.7667 950
13.7833 949
13.8 948
13.8167 946
13.8333 945
13.85 944
13.8667 942
13.8833 941
13.9 940
13.9167 938
13.9333 937
13.95 936
13.9667 934
13.9833 933
14.0 931
14.0167 930
14.0333 928
14.05 927
14.0667 925
14.0833 924
14.1 922
14.1167 921
14.1333 919
14.15 917
14.1667 916
14.1833 914
14.2 912
14.2167 911
14.2333 909
14.25 907
14.2667 906
14.2833 904
14.3 902
14.3167 900
14.3333 899
14.35 897
14.3667 895
14.3833 893
14.4 891
14.4167 889
14.4333 887
14.45 886
14.4667 884
14.4833 882
14.5 880
14.5167 878
14.5333 876
14.55 874
14.5667 872
14.5833 870
14.6 868
14.6167 866
14.6333 863
14.65 861
14.6667 859
14.6833 857
14.7 855
14.7167 853
14.7333 851
14.75 848
14.7667 846
14.7833 844
14.8 842
14.8167 839
14.8333 837
14.85 835
14.8667 833
14.8833 830
14.9 828
14.9167 826
14.9333 823
14.95 821
14.9667 818
14.9833 816
15.0 814
15.0167 811
15.0333 809
15.05 806
15.0667 804
15.0833 801
15.1 799
15.1167 796
15.1333 794
15.15 791
15.1667 789
15.1833 786
15.2 784
15.2167 781
15.2333 778
15.25 776
15.2667 773
15.2833 770
15.3 768
15.3167 765
15.3333 762
15.35 760
15.3667 757
15.3833 754
15.4 751
15.4167 749
15.4333 746
15.45 743
15.4667 740
15.4833 737
15.5 735
15.5167 732
15.5333 729
15.55 726
15.5667 723
15.5833 720
15.6 717
15.6167 714
15.6333 712
15.65 709
15.6667 706
15.6833 703
15.7 700
15.7167 697
15.7333 694
15.75 691
15.7667 688
15.7833 685
15.8 682
15.8167 679
15.8333 675
15.85 672
15.8667 669
15.8833 666
15.9 663
15.9167 660
15.9333 657
15.95 654
15.9667 651
15.9833 647
16.0 644
16.0167 641
16.0333 638
16.05 635
16.0667 631
16.0833 628
16.1 625
16.1167 622
16.1333 618
16.15 615
16.1667 612
16.1833 609
16.2 605
16.2167 602
16.2333 599
16.25 595
16.2667 592
16.2833 589
16.3 585
16.3167 582
16.3333 579
16.35 575
16.3667 572
16.3833 568
16.4 565
16.4167 562
16.4333 558
16.45 555
16.4667 551
16.4833 548
16.5 544
16.5167 541
16.5333 538
16.55 534
16.5667 531
16.5833 527
16.6 524
16.6167 520
16.6333 517
16.65 513
16.6667 510
16.6833 506
16.7 502
16.7167 499
16.7333 495
16.75 492
16.7667 488
16.7833 485
16.8 481
16.8167 478
16.8333 474
16.85 470
16.8667 467
16.8833 463
16.9 460
16.9167 456
16.9333 452
16.95 449
16.9667 445
16.9833 442
