8.0 357
8.0167 361
8.0333 364
8.05 368
8.0667 372
8.0833 375
8.1 379
8.1167 383
8.1333 386
8.15 390
8.1667 393
8.1833 397
8.2 401
8.2167 404
8.2333 408
8.25 411
8.2667 415
8.2833 418
8.3 422
8.3167 426
8.3333 429
8.35 433
8.3667 436
8.3833 440
8.4 443
8.4167 447
8.4333 451
8.45 454
8.4667 458
8.4833 461
8.5 465
8.5167 468
8.5333 472
8.55 475
8.5667 479
8.5833 482
8.6 486
8.6167 489
8.6333 493
8.65 496
8.6667 500
8.6833 503
8.7 507
8.7167 510
8.7333 514
8.75 517
8.7667 521
8.7833 524
8.8 527
8.8167 531
8.8333 534
8.85 538
8.8667 541
8.8833 545
8.9 548
8.9167 551
8.9333 555
8.95 558
8.9667 561
8.9833 565
9.0 568
9.0167 571
9.0333 575
9.05 578
9.0667 581
9.0833 585
9.1 588
9.1167 591
9.1333 594
9.15 598
9.1667 601
9.1833 604
9.2 607
9.2167 611
9.2333 614
9.25 617
9.2667 620
9.2833 623
9.3 627
9.3167 630
9.3333 633
9.35 636
9.3667 639
9.3833 642
9.4 646
9.4167 649
9.4333 652
9.45 655
9.4667 658
9.4833 661
9.5 664
9.5167 667
9.5333 670
9.55 673
9.5667 676
9.5833 679
9.6 682
9.6167 685
9.6333 688
9.65 691
9.6667 694
9.6833 697
9.7 700
9.7167 703
9.7333 706
9.75 709
9.7667 711
9.7833 714
9.8 717
9.8167 720
9.8333 723
9.85 726
9.8667 728
9.8833 731
9.9 734
9.9167 737
9.9333 740
9.95 742
9.9667 745
9.9833 748
10.0 750
10.0167 753
10.0333 756
10.05 758
10.0667 761
10.0833 764
10.1 766
10.1167 769
10.1333 772
10.15 774
10.1667 777
10.1833 779
10.2 782
10.2167 784
10.2333 787
10.25 789
10.2667 792
10.2833 794
10.3 797
10.3167 799
10.3333 802
10.35 804
10.3667 807
10.3833 809
10.4 811
10.4167 814
10.4333 816
10.45 818
10.4667 821
10.4833 823
10.5 825
10.5167 827
10.5333 830
10.55 832
10.5667 834
10.5833 836
10.6 839
10.6167 841
10.6333 843
10.65 845
10.6667 847
10.6833 849
10.7 851
10.7167 854
10.7333 856
10.75 858
10.7667 860
10.7833 862
10.8 864
10.8167 866
10.8333 868
10.85 870
10.8667 872
10.8833 874
10.9 875
10.9167 877
10.9333 879
10.95 881
10.9667 883
10.9833 885
11.0 887
11.0167 888
11.0333 890
11.05 892
11.0667 894
11.0833 895
11.1 897
11.1167 899
11.1333 901
11.15 902
11.1667 904
11.1833 906
11.2 907
11.2167 909
11.2333 910
11.25 912
11.2667 913
11.2833 915
11.3 917
11.3167 918
11.3333 920
11.35 921
11.3667 922
11.3833 924
11.4 925
11.4167 927
11.4333 928
11.45 929
11.4667 931
11.4833 932
11.5 933
11.5167 935
11.5333 936
11.55 937
11.5667 939
11.5833 940
11.6 941
11.6167 942
11.6333 943
11.65 945
11.6667 946
11.6833 947
11.7 948
11.7167 949
11.7333 950
11.75 951
11.7667 952
11.7833 953
11.8 954
11.8167 955
11.8333 956
11.85 957
11.8667 958
11.8833 959
11.9 960
11.9167 961
11.9333 962
11.95 962
11.9667 963
11.9833 964
12.0 965
12.0167 966
12.0333 966
12.05 967
12.0667 968
12.0833 968
12.1 969
12.1167 970
12.1333 970
12.15 971
12.1667 972
12.1833 972
12.2 973
12.2167 973
12.2333 974
12.25 974
12.2667 975
12.2833 975
12.3 976
12.3167 976
12.3333 977
12.35 977
12.3667 978
12.3833 978
12.4 978
12.4167 979
12.4333 979
12.45 979
12.4667 979
12.4833 980
12.5 980
12.5167 980
12.5333 980
12.55 981
12.5667 981
12.5833 981
12.6 981
12.6167 981
12.6333 981
12.65 981
12.6667 981
12.6833 981
12.7 981
12.7167 981
12.7333 981
12.75 981
12.7667 981
12.7833 981
12.8 981
12.8167 981
12.8333 981
12.85 981
12.8667 981
12.8833 980
12.9 980
12.9167 980
12.9333 980
12.95 979
12.9667 979
12.9833 979
13.0 979
13.0167 978
13.0333 978
13.05 978
13.0667 977
13.0833 977
13.1 976
13.1167 976
13.1333 975
13.15 975
13.1667 974
13.1833 974
13.2 973
13.2167 973
13.2333 972
13.25 972
13.2667 971
13.2833 970
13.3 970
13.3167 969
13.3333 968
13.35 968
13.3667 967
13.3833 966
13.4 965
13.4167 965
13.4333 964
13.45 963
13.4667 962
13.4833 961
13.5 961
13.5167 960
13.5333 959
13.55 958
13.5667 957
13.5833 956
13.6 955
13.6167 954
13.6333 953
13.65 952
13.6667 951
13.6833 950
13.7 949
13.7167 948
13.7333 947
13.75 946
13.7667 944
13.7833 943
13.8 942
13.8167 941
13.8333 940
13.85 938
13.8667 937
13.8833 936
13.9 935
13.9167 933
13.9333 932
13.95 931
13.9667 929
13.9833 928
14.0 927
14.0167 925
14.0333 924
14.05 922
14.0667 921
14.0833 919
14.1 918
14.1167 916
14.1333 915
14.15 913
14.1667 912
14.1833 910
14.2 909
14.2167 907
14.2333 905
14.25 904
14.2667 902
14.2833 900
14.3 899
14.3167 897
14.3333 895
14.35 894
14.3667 892
14.3833 890
14.4 888
14.4167 886
14.4333 885
14.45 883
14.4667 881
14.4833 879
14.5 877
14.5167 875
14.5333 873
14.55 871
14.5667 869
14.5833 867
14.6 865
14.6167 863
14.6333 861
14.65 859
14.6667 857
14.6833 855
14.7 853
14.7167 851
14.7333 849
14.75 847
14.7667 845
14.7833 843
14.8 840
14.8167 838
14.8333 836
14.85 834
14.8667 832
14.8833 829
14.9 827
14.9167 825
14.9333 823
14.95 820
14.9667 818
14.9833 816
15.0 813
15.0167 811
15.0333 809
15.05 806
15.0667 804
15.0833 801
15.1 799
15.1167 797
15.1333 794
15.15 792
15.1667 789
15.1833 787
15.2 784
15.2167 782
15.2333 779
15.25 777
15.2667 774
15.2833 771
15.3 769
15.3167 766
15.3333 764
15.35 761
15.3667 758
15.3833 756
15.4 753
15.4167 750
15.4333 748
15.45 745
15.4667 742
15.4833 739
15.5 737
15.5167 734
15.5333 731
15.55 728
15.5667 725
15.5833 723
15.6 720
15.6167 717
15.6333 714
15.65 711
15.6667 708
15.6833 705
15.7 703
15.7167 700
15.7333 697
15.75 694
15.7667 691
15.7833 688
15.8 685
15.8167 682
15.8333 679
15.85 676
15.8667 673
15.8833 670
15.9 667
15.9167 664
15.9333 661
15.95 658
15.9667 655
15.9833 651
16.0 648
16.0167 645
16.0333 642
16.05 639
16.0667 636
16.0833 633
16.1 630
16.1167 626
16.1333 623
16.15 620
16.1667 617
16.1833 614
16.2 610
16.2167 607
16.2333 604
16.25 601
16.2667 597
16.2833 594
16.3 591
16.3167 588
16.3333 584
16.35 581
16.3667 578
16.3833 574
16.4 571
16.4167 568
16.4333 564
16.45 561
16.4667 558
16.4833 554
16.5 551
16.5167 547
16.5333 544
16.55 541
16.5667 537
16.5833 534
16.6 530
16.6167 527
16.6333 524
16.65 520
16.6667 517
16.6833 513
16.7 510
16.7167 506
16.7333 503
16.75 499
16.7667 496
16.7833 492
16.8 489
16.8167 485
16.8333 482
16.85 478
16.8667 475
16.8833 471
16.9 468
16.9167 464
16.9333 461
16.95 457
16.9667 454
16.9833 450
