8.0 317
8.0167 320
8.0333 324
8.05 327
8.0667 330
8.0833 334
8.1 337
8.1167 341
8.1333 344
8.15 348
8.1667 351
8.1833 355
8.2 358
8.2167 362
8.2333 365
8.25 368
8.2667 372
8.2833 375
8.3 379
8.3167 382
8.3333 386
8.35 389
8.3667 393
8.3833 396
8.4 399
8.4167 403
8.4333 406
8.45 410
8.4667 413
8.4833 417
8.5 420
8.5167 423
8.5333 427
8.55 430
8.5667 434
8.5833 437
8.6 441
8.6167 444
8.6333 447
8.65 451
8.6667 454
8.6833 457
8.7 461
8.7167 464
8.7333 468
8.75 471
8.7667 474
8.7833 478
8.8 481
8.8167 484
8.8333 488
8.85 491
8.8667 494
8.8833 498
8.9 501
8.9167 504
8.9333 508
8.95 511
8.9667 514
8.9833 518
9.0 521
9.0167 524
9.0333 527
9.05 530
9.0667 534
9.0833 537
9.1 540
9.1167 543
9.1333 547
9.15 550
9.1667 553
9.1833 556
9.2 559
9.2167 562
9.2333 566
9.25 569
9.2667 572
9.2833 575
9.3 578
9.3167 581
9.3333 584
9.35 588
9.3667 591
9.3833 594
9.4 597
9.4167 600
9.4333 603
9.45 606
9.4667 609
9.4833 612
9.5 615
9.5167 618
9.5333 621
9.55 624
9.5667 627
9.5833 630
9.6 633
9.6167 636
9.6333 639
9.65 642
9.6667 645
9.6833 648
9.7 651
9.7167 654
9.7333 656
9.75 659
9.7667 662
9.7833 665
9.8 668
9.8167 671
9.8333 673
9.85 676
9.8667 679
9.8833 682
9.9 685
9.9167 687
9.9333 690
9.95 693
9.9667 695
9.9833 698
10.0 701
10.0167 704
10.0333 706
10.05 709
10.0667 712
10.0833 714
10.1 717
10.1167 719
10.1333 722
10.15 725
10.1667 727
10.1833 730
10.2 732
10.2167 735
10.2333 737
10.25 740
10.2667 742
10.2833 745
10.3 747
10.3167 750
10.3333 752
10.35 754
10.3667 757
10.3833 759
10.4 762
10.4167 764
10.4333 766
10.45 769
10.4667 771
10.4833 773
10.5 775
10.5167 778
10.5333 780
10.55 782
10.5667 785
10.5833 787
10.6 789
10.6167 791
10.6333 793
10.65 795
10.6667 798
10.6833 800
10.7 802
10.7167 804
10.7333 806
10.75 808
10.7667 810
10.7833 812
10.8 814
10.8167 816
10.8333 818
10.85 820
10.8667 822
10.8833 824
10.9 826
10.9167 828
10.9333 830
10.95 832
10.9667 834
10.9833 835
11.0 837
11.0167 839
11.0333 841
11.05 843
11.0667 844
11.0833 846
11.1 848
11.1167 850
11.1333 851
11.15 853
11.1667 855
11.1833 856
11.2 858
11.2167 860
11.2333 861
11.25 863
11.2667 865
11.2833 866
11.3 868
11.3167 869
11.3333 871
11.35 872
11.3667 874
11.3833 875
11.4 877
11.4167 878
11.4333 879
11.45 881
11.4667 882
11.4833 884
11.5 885
11.5167 886
11.5333 888
11.55 889
11.5667 890
11.5833 891
11.6 893
11.6167 894
11.6333 895
11.65 896
11.6667 897
11.6833 899
11.7 900
11.7167 901
11.7333 902
11.75 903
11.7667 904
11.7833 905
11.8 906
11.8167 907
11.8333 908
11.85 909
11.8667 910
11.8833 911
11.9 912
11.9167 913
11.9333 914
11.95 915
11.9667 916
11.9833 916
12.0 917
12.0167 918
12.0333 919
12.05 920
12.0667 920
12.0833 921
12.1 922
12.1167 923
12.1333 923
12.15 924
12.1667 925
12.1833 925
12.2 926
12.2167 926
12.2333 927
12.25 928
12.2667 928
12.2833 929
12.3 929
12.3167 930
12.3333 930
12.35 930
12.3667 931
12.3833 931
12.4 932
12.4167 932
12.4333 932
12.45 933
12.4667 933
12.4833 933
12.5 934
12.5167 934
12.5333 934
12.55 934
12.5667 935
12.5833 935
12.6 935
12.6167 935
12.6333 935
12.65 936
12.6667 936
12.6833 936
12.7 936
12.7167 936
12.7333 936
12.75 936
12.7667 936
12.7833 936
12.8 936
12.8167 936
12.8333 936
12.85 936
12.8667 935
12.8833 935
12.9 935
12.9167 935
12.9333 935
12.95 935
12.9667 934
12.9833 934
13.0 934
13.0167 934
13.0333 933
13.05 933
13.0667 933
13.0833 932
13.1 932
13.1167 931
13.1333 931
13.15 931
13.1667 930
13.1833 930
13.2 929
13.2167 929
13.2333 928
13.25 928
13.2667 927
13.2833 927
13.3 926
13.3167 925
13.3333 925
13.35 924
13.3667 923
13.3833 923
13.4 922
13.4167 921
13.4333 921
13.45 920
13.4667 919
13.4833 918
13.5 918
13.5167 917
13.5333 916
13.55 915
13.5667 914
13.5833 913
13.6 912
13.6167 911
13.6333 910
13.65 910
13.6667 909
13.6833 908
13.7 907
13.7167 906
13.7333 904
13.75 903
13.7667 902
13.7833 901
13.8 900
13.8167 899
13.8333 898
13.85 897
13.8667 895
13.8833 894
13.9 893
13.9167 892
13.9333 891
13.95 889
13.9667 888
13.9833 887
14.0 885
14.0167 884
14.0333 883
14.05 881
14.0667 880
14.0833 878
14.1 877
14.1167 876
14.1333 874
14.15 873
14.1667 871
14.1833 870
14.2 868
14.2167 867
14.2333 865
14.25 863
14.2667 862
14.2833 860
14.3 859
14.3167 857
14.3333 855
14.35 854
14.3667 852
14.3833 850
14.4 849
14.4167 847
14.4333 845
14.45 843
14.4667 842
14.4833 840
14.5 838
14.5167 836
14.5333 834
14.55 832
14.5667 831
14.5833 829
14.6 827
14.6167 825
14.6333 823
14.65 821
14.6667 819
14.6833 817
14.7 815
14.7167 813
14.7333 811
14.75 809
14.7667 807
14.7833 805
14.8 803
14.8167 800
14.8333 798
14.85 796
14.8667 794
14.8833 792
14.9 790
14.9167 787
14.9333 785
14.95 783
14.9667 781
14.9833 779
15.0 776
15.0167 774
15.0333 772
15.05 769
15.0667 767
15.0833 765
15.1 762
15.1167 760
15.1333 758
15.15 755
15.1667 753
15.1833 750
15.2 748
15.2167 746
15.2333 743
15.25 741
15.2667 738
15.2833 736
15.3 733
15.3167 731
15.3333 728
15.35 725
15.3667 723
15.3833 720
15.4 718
15.4167 715
15.4333 713
15.45 710
15.4667 707
15.4833 705
15.5 702
15.5167 699
15.5333 697
15.55 694
15.5667 691
15.5833 688
15.6 686
15.6167 683
15.6333 680
15.65 677
15.6667 674
15.6833 672
15.7 669
15.7167 666
15.7333 663
15.75 660
15.7667 657
15.7833 655
15.8 652
15.8167 649
15.8333 646
15.85 643
15.8667 640
15.8833 637
15.9 634
15.9167 631
15.9333 628
15.95 625
15.9667 622
15.9833 619
16.0 616
16.0167 613
16.0333 610
16.05 607
16.0667 604
16.0833 601
16.1 598
16.1167 595
16.1333 592
16.15 589
16.1667 586
16.1833 583
16.2 579
16.2167 576
16.2333 573
16.25 570
16.2667 567
16.2833 564
16.3 561
16.3167 557
16.3333 554
16.35 551
16.3667 548
16.3833 545
16.4 541
16.4167 538
16.4333 535
16.45 532
16.4667 528
16.4833 525
16.5 522
16.5167 519
16.5333 515
16.55 512
16.5667 509
16.5833 505
16.6 502
16.6167 499
16.6333 495
16.65 492
16.6667 489
16.6833 485
16.7 482
16.7167 479
16.7333 475
16.75 472
16.7667 469
16.7833 465
16.8 462
16.8167 459
16.8333 455
16.85 452
16.8667 448
16.8833 445
16.9 442
16.9167 438
16.9333 435
16.95 431
16.9667 428
16.9833 425
