8.0 359
8.0167 363
8.0333 366
8.05 370
8.0667 373
8.0833 377
8.1 381
8.1167 384
8.1333 388
8.15 392
8.1667 395
8.1833 399
8.2 403
8.2167 406
8.2333 410
8.25 413
8.2667 417
8.2833 421
8.3 424
8.3167 428
8.3333 431
8.35 435
8.3667 439
8.3833 442
8.4 446
8.4167 449
8.4333 453
8.45 457
8.4667 460
8.4833 464
8.5 467
8.5167 471
8.5333 474
8.55 478
8.5667 481
8.5833 485
8.6 489
8.6167 492
8.6333 496
8.65 499
8.6667 503
8.6833 506
8.7 510
8.7167 513
8.7333 517
8.75 520
8.7667 524
8.7833 527
8.8 530
8.8167 534
8.8333 537
8.85 541
8.8667 544
8.8833 548
8.9 551
8.9167 554
8.9333 558
8.95 561
8.9667 565
8.9833 568
9.0 571
9.0167 575
9.0333 578
9.05 581
9.0667 585
9.0833 588
9.1 591
9.1167 595
9.1333 598
9.15 601
9.1667 604
9.1833 608
9.2 611
9.2167 614
9.2333 617
9.25 621
9.2667 624
9.2833 627
9.3 630
9.3167 634
9.3333 637
9.35 640
9.3667 643
9.3833 646
9.4 649
9.4167 652
9.4333 656
9.45 659
9.4667 662
9.4833 665
9.5 668
9.5167 671
9.5333 674
9.55 677
9.5667 680
9.5833 683
9.6 686
9.6167 689
9.6333 692
9.65 695
9.6667 698
9.6833 701
9.7 704
9.7167 707
9.7333 710
9.75 713
9.7667 716
9.7833 719
9.8 722
9.8167 724
9.8333 727
9.85 730
9.8667 733
9.8833 736
9.9 739
9.9167 741
9.9333 744
9.95 747
9.9667 750
9.9833 752
10.0 755
10.0167 758
10.0333 761
10.05 763
10.0667 766
10.0833 769
10.1 771
10.1167 774
10.1333 776
10.15 779
10.1667 782
10.1833 784
10.2 787
10.2167 789
10.2333 792
10.25 794
10.2667 797
10.2833 799
10.3 802
10.3167 804
10.3333 807
10.35 809
10.3667 812
10.3833 814
10.4 817
10.4167 819
10.4333 821
10.45 824
10.4667 826
10.4833 828
10.5 831
10.5167 833
10.5333 835
10.55 837
10.5667 840
10.5833 842
10.6 844
10.6167 846
10.6333 849
10.65 851
10.6667 853
10.6833 855
10.7 857
10.7167 859
10.7333 861
10.75 863
10.7667 865
10.7833 868
10.8 870
10.8167 872
10.8333 874
10.85 876
10.8667 878
10.8833 880
10.9 881
10.9167 883
10.9333 885
10.95 887
10.9667 889
10.9833 891
11.0 893
11.0167 895
11.0333 896
11.05 898
11.0667 900
11.0833 902
11.1 903
11.1167 905
11.1333 907
11.15 909
11.1667 910
11.1833 912
11.2 914
11.2167 915
11.2333 917
11.25 918
11.2667 920
11.2833 922
11.3 923
11.3167 925
11.3333 926
11.35 928
11.3667 929
11.3833 931
11.4 932
11.4167 933
11.4333 935
11.45 936
11.4667 938
11.4833 939
11.5 940
11.5167 942
11.5333 943
11.55 944
11.5667 946
11.5833 947
11.6 948
11.6167 949
11.6333 950
11.65 952
11.6667 953
11.6833 954
11.7 955
11.7167 956
11.7333 957
11.75 958
11.7667 959
11.7833 960
11.8 962
11.8167 963
11.8333 964
11.85 964
11.8667 965
11.8833 966
11.9 967
11.9167 968
11.9333 969
11.95 970
11.9667 971
11.9833 972
12.0 972
12.0167 973
12.0333 974
12.05 975
12.0667 976
12.0833 976
12.1 977
12.1167 978
12.1333 978
12.15 979
12.1667 980
12.1833 980
12.2 981
12.2167 981
12.2333 982
12.25 982
12.2667 983
12.2833 983
12.3 984
12.3167 984
12.3333 985
12.35 985
12.3667 986
12.3833 986
12.4 986
12.4167 987
12.4333 987
12.45 987
12.4667 988
12.4833 988
12.5 988
12.5167 989
12.5333 989
12.55 989
12.5667 989
12.5833 989
12.6 990
12.6167 990
12.6333 990
12.65 990
12.6667 990
12.6833 990
12.7 990
12.7167 990
12.7333 990
12.75 990
12.7667 990
12.7833 990
12.8 990
12.8167 990
12.8333 990
12.85 990
12.8667 989
12.8833 989
12.9 989
12.9167 989
12.9333 989
12.95 988
12.9667 988
12.9833 988
13.0 988
13.0167 987
13.0333 987
13.05 987
13.0667 986
13.0833 986
13.1 985
13.1167 985
13.1333 985
13.15 984
13.1667 984
13.1833 983
13.2 983
13.2167 982
13.2333 982
13.25 981
13.2667 980
13.2833 980
13.3 979
13.3167 979
13.3333 978
13.35 977
13.3667 977
13.3833 976
13.4 975
13.4167 974
13.4333 974
13.45 973
13.4667 972
13.4833 971
13.5 970
13.5167 969
13.5333 969
13.55 968
13.5667 967
13.5833 966
13.6 965
13.6167 964
13.6333 963
13.65 962
13.6667 961
13.6833 960
13.7 959
13.7167 958
13.7333 957
13.75 956
13.7667 954
13.7833 953
13.8 952
13.8167 951
13.8333 950
13.85 949
13.8667 947
13.8833 946
13.9 945
13.9167 944
13.9333 942
13.95 941
13.9667 940
13.9833 938
14.0 937
14.0167 936
14.0333 934
14.05 933
14.0667 931
14.0833 930
14.1 928
14.1167 927
14.1333 925
14.15 924
14.1667 922
14.1833 921
14.2 919
14.2167 918
14.2333 916
14.25 914
14.2667 913
14.2833 911
14.3 909
14.3167 908
14.3333 906
14.35 904
14.3667 903
14.3833 901
14.4 899
14.4167 897
14.4333 895
14.45 894
14.4667 892
14.4833 890
14.5 888
14.5167 886
14.5333 884
14.55 882
14.5667 880
14.5833 878
14.6 876
14.6167 875
14.6333 873
14.65 871
14.6667 869
14.6833 866
14.7 864
14.7167 862
14.7333 860
14.75 858
14.7667 856
14.7833 854
14.8 852
14.8167 850
14.8333 847
14.85 845
14.8667 843
14.8833 841
14.9 838
14.9167 836
14.9333 834
14.95 832
14.9667 829
14.9833 827
15.0 825
15.0167 822
15.0333 820
15.05 818
15.0667 815
15.0833 813
15.1 811
15.1167 808
15.1333 806
15.15 803
15.1667 801
15.1833 798
15.2 796
15.2167 793
15.2333 791
15.25 788
15.2667 786
15.2833 783
15.3 780
15.3167 778
15.3333 775
15.35 773
15.3667 770
15.3833 767
15.4 765
15.4167 762
15.4333 759
15.45 757
15.4667 754
15.4833 751
15.5 748
15.5167 746
15.5333 743
15.55 740
15.5667 737
15.5833 734
15.6 732
15.6167 729
15.6333 726
15.65 723
15.6667 720
15.6833 717
15.7 714
15.7167 711
15.7333 709
15.75 706
15.7667 703
15.7833 700
15.8 697
15.8167 694
15.8333 691
15.85 688
15.8667 685
15.8833 682
15.9 679
15.9167 676
15.9333 673
15.95 670
15.9667 666
15.9833 663
16.0 660
16.0167 657
16.0333 654
16.05 651
16.0667 648
16.0833 645
16.1 641
16.1167 638
16.1333 635
16.15 632
16.1667 629
16.1833 626
16.2 622
16.2167 619
16.2333 616
16.25 613
16.2667 609
16.2833 606
16.3 603
16.3167 599
16.3333 596
16.35 593
16.3667 590
16.3833 586
16.4 583
16.4167 580
16.4333 576
16.45 573
16.4667 570
16.4833 566
16.5 563
16.5167 559
16.5333 556
16.55 553
16.5667 549
16.5833 546
16.6 542
16.6167 539
16.6333 535
16.65 532
16.6667 529
16.6833 525
16.7 522
16.7167 518
16.7333 515
16.75 511
16.7667 508
16.7833 504
16.8 501
16.8167 497
16.8333 494
16.85 490
16.8667 487
16.8833 483
16.9 479
16.9167 476
16.9333 472
16.95 469
16.9667 465
16.9833 462
