8.0 362
8.0167 366
8.0333 369
8.05 373
8.0667 376
8.0833 380
8.1 384
8.1167 387
8.1333 391
8.15 395
8.1667 398
8.1833 402
8.2 405
8.2167 409
8.2333 413
8.25 416
8.2667 420
8.2833 423
8.3 427
8.3167 431
8.3333 434
8.35 438
8.3667 441
8.3833 445
8.4 448
8.4167 452
8.4333 456
8.45 459
8.4667 463
8.4833 466
8.5 470
8.5167 473
8.5333 477
8.55 480
8.5667 484
8.5833 487
8.6 491
8.6167 494
8.6333 498
8.65 501
8.6667 505
8.6833 508
8.7 512
8.7167 515
8.7333 519
8.75 522
8.7667 526
8.7833 529
8.8 533
8.8167 536
8.8333 540
8.85 543
8.8667 546
8.8833 550
8.9 553
8.9167 557
8.9333 560
8.95 563
8.9667 567
8.9833 570
9.0 573
9.0167 577
9.0333 580
9.05 583
9.0667 587
9.0833 590
9.1 593
9.1167 596
9.1333 600
9.15 603
9.1667 606
9.1833 609
9.2 613
9.2167 616
9.2333 619
9.25 622
9.2667 626
9.2833 629
9.3 632
9.3167 635
9.3333 638
9.35 641
9.3667 645
9.3833 648
9.4 651
9.4167 654
9.4333 657
9.45 660
9.4667 663
9.4833 666
9.5 669
9.5167 672
9.5333 675
9.55 678
9.5667 681
9.5833 684
9.6 687
9.6167 690
9.6333 693
9.65 696
9.6667 699
9.6833 702
9.7 705
9.7167 708
9.7333 711
9.75 714
9.7667 717
9.7833 719
9.8 722
9.8167 725
9.8333 728
9.85 731
9.8667 734
9.8833 736
9.9 739
9.9167 742
9.9333 745
9.95 747
9.9667 750
9.9833 753
10.0 755
10.0167 758
10.0333 761
10.05 763
10.0667 766
10.0833 769
10.1 771
10.1167 774
10.1333 776
10.15 779
10.1667 782
10.1833 784
10.2 787
10.2167 789
10.2333 792
10.25 794
10.2667 797
10.2833 799
10.3 802
10.3167 804
10.3333 806
10.35 809
10.3667 811
10.3833 814
10.4 816
10.4167 818
10.4333 821
10.45 823
10.4667 825
10.4833 827
10.5 830
10.5167 832
10.5333 834
10.55 836
10.5667 839
10.5833 841
10.6 843
10.6167 845
10.6333 847
10.65 849
10.6667 852
10.6833 854
10.7 856
10.7167 858
10.7333 860
10.75 862
10.7667 864
10.7833 866
10.8 868
10.8167 870
10.8333 872
10.85 874
10.8667 876
10.8833 878
10.9 880
10.9167 881
10.9333 883
10.95 885
10.9667 887
10.9833 889
11.0 891
11.0167 892
11.0333 894
11.05 896
11.0667 898
11.0833 899
11.1 901
11.1167 903
11.1333 904
11.15 906
11.1667 908
11.1833 909
11.2 911
11.2167 912
11.2333 914
11.25 915
11.2667 917
11.2833 919
11.3 920
11.3167 922
11.3333 923
11.35 924
11.3667 926
11.3833 927
11.4 929
11.4167 930
11.4333 931
11.45 933
11.4667 934
11.4833 935
11.5 937
11.5167 938
11.5333 939
11.55 940
11.5667 942
11.5833 943
11.6 944
11.6167 945
11.6333 946
11.65 947
11.6667 949
11.6833 950
11.7 951
11.7167 952
11.7333 953
11.75 954
11.7667 955
11.7833 956
11.8 957
11.8167 958
11.8333 959
11.85 960
11.8667 961
11.8833 961
11.9 962
11.9167 963
11.9333 964
11.95 965
11.9667 966
11.9833 966
12.0 967
12.0167 968
12.0333 969
12.05 969
12.0667 970
12.0833 971
12.1 971
12.1167 972
12.1333 972
12.15 973
12.1667 974
12.1833 974
12.2 975
12.2167 975
12.2333 976
12.25 976
12.2667 977
12.2833 977
12.3 978
12.3167 978
12.3333 978
12.35 979
12.3667 979
12.3833 979
12.4 980
12.4167 980
12.4333 980
12.45 981
12.4667 981
12.4833 981
12.5 981
12.5167 981
12.5333 982
12.55 982
12.5667 982
12.5833 982
12.6 982
12.6167 982
12.6333 982
12.65 982
12.6667 982
12.6833 982
12.7 982
12.7167 982
12.7333 982
12.75 982
12.7667 982
12.7833 982
12.8 982
12.8167 981
12.8333 981
12.85 981
12.8667 981
12.8833 981
12.9 980
12.9167 980
12.9333 980
12.95 980
12.9667 979
12.9833 979
13.0 979
13.0167 978
13.0333 978
13.05 977
13.0667 977
13.0833 977
13.1 976
13.1167 976
13.1333 975
13.15 975
13.1667 974
13.1833 973
13.2 973
13.2167 972
13.2333 972
13.25 971
13.2667 970
13.2833 970
13.3 969
13.3167 968
13.3333 968
13.35 967
13.3667 966
13.3833 965
13.4 965
13.4167 964
13.4333 963
13.45 962
13.4667 961
13.4833 960
13.5 959
13.5167 958
13.5333 958
13.55 957
13.5667 956
13.5833 955
13.6 954
13.6167 953
13.6333 951
13.65 950
13.6667 949
13.6833 948
13.7 947
13.7167 946
13.7333 945
13.75 944
13.7667 942
13.7833 941
13.8 940
13.8167 939
13.8333 938
13.85 936
13.8667 935
13.8833 934
13.9 932
13.9167 931
13.9333 930
13.95 928
13.9667 927
13.9833 925
14.0 924
14.0167 923
14.0333 921
14.05 920
14.0667 918
14.0833 917
14.1 915
14.1167 914
14.1333 912
14.15 910
14.1667 909
14.1833 907
14.2 905
14.2167 904
14.2333 902
14.25 901
14.2667 899
14.2833 897
14.3 895
14.3167 894
14.3333 892
14.35 890
14.3667 888
14.3833 886
14.4 885
14.4167 883
14.4333 881
14.45 879
14.4667 877
14.4833 875
14.5 873
14.5167 871
14.5333 869
14.55 867
14.5667 865
14.5833 863
14.6 861
14.6167 859
14.6333 857
14.65 855
14.6667 853
14.6833 851
14.7 849
14.7167 847
14.7333 845
14.75 842
14.7667 840
14.7833 838
14.8 836
14.8167 834
14.8333 831
14.85 829
14.8667 827
14.8833 825
14.9 822
14.9167 820
14.9333 818
14.95 815
14.9667 813
14.9833 810
15.0 808
15.0167 806
15.0333 803
15.05 801
15.0667 799
15.0833 796
15.1 794
15.1167 791
15.1333 789
15.15 786
15.1667 784
15.1833 781
15.2 778
15.2167 776
15.2333 773
15.25 771
15.2667 768
15.2833 765
15.3 763
15.3167 760
15.3333 757
15.35 755
15.3667 752
15.3833 749
15.4 747
15.4167 744
15.4333 741
15.45 738
15.4667 736
15.4833 733
15.5 730
15.5167 727
15.5333 724
15.55 722
15.5667 719
15.5833 716
15.6 713
15.6167 710
15.6333 707
15.65 704
15.6667 701
15.6833 699
15.7 696
15.7167 693
15.7333 690
15.75 687
15.7667 684
15.7833 681
15.8 678
15.8167 675
15.8333 672
15.85 669
15.8667 666
15.8833 662
15.9 659
15.9167 656
15.9333 653
15.95 650
15.9667 647
15.9833 644
16.0 641
16.0167 638
16.0333 634
16.05 631
16.0667 628
16.0833 625
16.1 622
16.1167 618
16.1333 615
16.15 612
16.1667 609
16.1833 605
16.2 602
16.2167 599
16.2333 596
16.25 592
16.2667 589
16.2833 586
16.3 582
16.3167 579
16.3333 576
16.35 572
16.3667 569
16.3833 566
16.4 562
16.4167 559
16.4333 556
16.45 552
16.4667 549
16.4833 545
16.5 542
16.5167 539
16.5333 535
16.55 532
16.5667 528
16.5833 525
16.6 521
16.6167 518
16.6333 515
16.65 511
16.6667 508
16.6833 504
16.7 501
16.7167 497
16.7333 494
16.75 490
16.7667 487
16.7833 483
16.8 480
16.8167 476
16.8333 472
16.85 469
16.8667 465
16.8833 462
16.9 458
16.9167 455
16.9333 451
16.95 448
16.9667 444
16.9833 440
