8.0 306
8.0167 310
8.0333 313
8.05 317
8.0667 321
8.0833 324
8.1 328
8.1167 331
8.1333 335
8.15 338
8.1667 342
8.1833 346
8.2 349
8.2167 353
8.2333 356
8.25 360
8.2667 363
8.2833 367
8.3 371
8.3167 374
8.3333 378
8.35 381
8.3667 385
8.3833 388
8.4 392
8.4167 395
8.4333 399
8.45 403
8.4667 406
8.4833 410
8.5 413
8.5167 417
8.5333 420
8.55 424
8.5667 427
8.5833 431
8.6 434
8.6167 438
8.6333 441
8.65 445
8.6667 449
8.6833 452
8.7 456
8.7167 459
8.7333 462
8.75 466
8.7667 469
8.7833 473
8.8 476
8.8167 480
8.8333 483
8.85 487
8.8667 490
8.8833 494
8.9 497
8.9167 501
8.9333 504
8.95 507
8.9667 511
8.9833 514
9.0 518
9.0167 521
9.0333 524
9.05 527
9.0667 531
9.0833 534
9.1 538
9.1167 541
9.1333 544
9.15 548
9.1667 551
9.1833 554
9.2 557
9.2167 561
9.2333 564
9.25 567
9.2667 571
9.2833 574
9.3 577
9.3167 580
9.3333 584
9.35 587
9.3667 590
9.3833 593
9.4 596
9.4167 600
9.4333 603
9.45 606
9.4667 609
9.4833 612
9.5 615
9.5167 619
9.5333 622
9.55 625
9.5667 628
9.5833 631
9.6 634
9.6167 637
9.6333 640
9.65 643
9.6667 646
9.6833 649
9.7 652
9.7167 655
9.7333 658
9.75 661
9.7667 664
9.7833 667
9.8 670
9.8167 673
9.8333 676
9.85 679
9.8667 682
9.8833 685
9.9 688
9.9167 690
9.9333 693
9.95 696
9.9667 699
9.9833 702
10.0 704
10.0167 707
10.0333 710
10.05 713
10.0667 716
10.0833 718
10.1 721
10.1167 724
10.1333 726
10.15 729
10.1667 732
10.1833 734
10.2 737
10.2167 740
10.2333 742
10.25 745
10.2667 747
10.2833 750
10.3 753
10.3167 755
10.3333 758
10.35 760
10.3667 763
10.3833 765
10.4 768
10.4167 770
10.4333 773
10.45 775
10.4667 777
10.4833 780
10.5 782
10.5167 785
10.5333 787
10.55 789
10.5667 792
10.5833 794
10.6 796
10.6167 799
10.6333 801
10.65 803
10.6667 805
10.6833 808
10.7 810
10.7167 812
10.7333 814
10.75 816
10.7667 818
10.7833 821
10.8 823
10.8167 825
10.8333 827
10.85 829
10.8667 831
10.8833 833
10.9 835
10.9167 837
10.9333 839
10.95 841
10.9667 843
10.9833 845
11.0 847
11.0167 849
11.0333 851
11.05 853
11.0667 854
11.0833 856
11.1 858
11.1167 860
11.1333 862
11.15 864
11.1667 865
11.1833 867
11.2 869
11.2167 870
11.2333 872
11.25 874
11.2667 876
11.2833 877
11.3 879
11.3167 880
11.3333 882
11.35 884
11.3667 885
11.3833 887
11.4 888
11.4167 890
11.4333 891
11.45 893
11.4667 894
11.4833 896
11.5 897
11.5167 898
11.5333 900
11.55 901
11.5667 903
11.5833 904
11.6 905
11.6167 907
11.6333 908
11.65 909
11.6667 910
11.6833 912
11.7 913
11.7167 914
11.7333 915
11.75 916
11.7667 917
11.7833 919
11.8 920
11.8167 921
11.8333 922
11.85 923
11.8667 924
11.8833 925
11.9 926
11.9167 927
11.9333 928
11.95 929
11.9667 930
11.9833 931
12.0 932
12.0167 933
12.0333 933
12.05 934
12.0667 935
12.0833 936
12.1 937
12.1167 937
12.1333 938
12.15 939
12.1667 940
12.1833 940
12.2 941
12.2167 942
12.2333 942
12.25 943
12.2667 943
12.2833 944
12.3 945
12.3167 945
12.3333 946
12.35 946
12.3667 947
12.3833 947
12.4 948
12.4167 948
12.4333 948
12.45 949
12.4667 949
12.4833 950
12.5 950
12.5167 950
12.5333 951
12.55 951
12.5667 951
12.5833 951
12.6 952
12.6167 952
12.6333 952
12.65 952
12.6667 952
12.6833 952
12.7 953
12.7167 953
12.7333 953
12.75 953
12.7667 953
12.7833 953
12.8 953
12.8167 953
12.8333 953
12.85 953
12.8667 953
12.8833 953
12.9 953
12.9167 952
12.9333 952
12.95 952
12.9667 952
12.9833 952
13.0 952
13.0167 951
13.0333 951
13.05 951
13.0667 950
13.0833 950
13.1 950
13.1167 949
13.1333 949
13.15 949
13.1667 948
13.1833 948
13.2 947
13.2167 947
13.2333 946
13.25 946
13.2667 945
13.2833 945
13.3 944
13.3167 944
13.3333 943
13.35 943
13.3667 942
13.3833 941
13.4 941
13.4167 940
13.4333 939
13.45 939
13.4667 938
13.4833 937
13.5 936
13.5167 935
13.5333 935
13.55 934
13.5667 933
13.5833 932
13.6 931
13.6167 930
13.6333 929
13.65 928
13.6667 928
13.6833 927
13.7 926
13.7167 925
13.7333 924
13.75 922
13.7667 921
13.7833 920
13.8 919
13.8167 918
13.8333 917
13.85 916
13.8667 915
13.8833 913
13.9 912
13.9167 911
13.9333 910
13.95 909
13.9667 907
13.9833 906
14.0 905
14.0167 903
14.0333 902
14.05 901
14.0667 899
14.0833 898
14.1 896
14.1167 895
14.1333 894
14.15 892
14.1667 891
14.1833 889
14.2 888
14.2167 886
14.2333 884
14.25 883
14.2667 881
14.2833 880
14.3 878
14.3167 876
14.3333 875
14.35 873
14.3667 871
14.3833 870
14.4 868
14.4167 866
14.4333 864
14.45 863
14.4667 861
14.4833 859
14.5 857
14.5167 855
14.5333 854
14.55 852
14.5667 850
14.5833 848
14.6 846
14.6167 844
14.6333 842
14.65 840
14.6667 838
14.6833 836
14.7 834
14.7167 832
14.7333 830
14.75 828
14.7667 826
14.7833 824
14.8 822
14.8167 820
14.8333 817
14.85 815
14.8667 813
14.8833 811
14.9 809
14.9167 807
14.9333 804
14.95 802
14.9667 800
14.9833 797
15.0 795
15.0167 793
15.0333 790
15.05 788
15.0667 786
15.0833 783
15.1 781
15.1167 779
15.1333 776
15.15 774
15.1667 771
15.1833 769
15.2 766
15.2167 764
15.2333 761
15.25 759
15.2667 756
15.2833 754
15.3 751
15.3167 749
15.3333 746
15.35 744
15.3667 741
15.3833 738
15.4 736
15.4167 733
15.4333 730
15.45 728
15.4667 725
15.4833 722
15.5 720
15.5167 717
15.5333 714
15.55 711
15.5667 709
15.5833 706
15.6 703
15.6167 700
15.6333 697
15.65 695
15.6667 692
15.6833 689
15.7 686
15.7167 683
15.7333 680
15.75 677
15.7667 675
15.7833 672
15.8 669
15.8167 666
15.8333 663
15.85 660
15.8667 657
15.8833 654
15.9 651
15.9167 648
15.9333 645
15.95 642
15.9667 639
15.9833 636
16.0 633
16.0167 629
16.0333 626
16.05 623
16.0667 620
16.0833 617
16.1 614
16.1167 611
16.1333 608
16.15 604
16.1667 601
16.1833 598
16.2 595
16.2167 592
16.2333 588
16.25 585
16.2667 582
16.2833 579
16.3 576
16.3167 572
16.3333 569
16.35 566
16.3667 562
16.3833 559
16.4 556
16.4167 553
16.4333 549
16.45 546
16.4667 543
16.4833 539
16.5 536
16.5167 532
16.5333 529
16.55 526
16.5667 522
16.5833 519
16.6 516
16.6167 512
16.6333 509
16.65 505
16.6667 502
16.6833 499
16.7 495
16.7167 492
16.7333 488
16.75 485
16.7667 481
16.7833 478
16.8 474
16.8167 471
16.8333 467
16.85 464
16.8667 460
16.8833 457
16.9 453
16.9167 450
16.9333 446
16.95 443
16.9667 439
16.9833 436
