8.0 315
8.0167 318
8.0333 322
8.05 325
8.0667 329
8.0833 332
8.1 336
8.1167 340
8.1333 343
8.15 347
8.1667 350
8.1833 354
8.2 357
8.2167 361
8.2333 365
8.25 368
8.2667 372
8.2833 375
8.3 379
8.3167 383
8.3333 386
8.35 390
8.3667 393
8.3833 397
8.4 400
8.4167 404
8.4333 408
8.45 411
8.4667 415
8.4833 418
8.5 422
8.5167 425
8.5333 429
8.55 432
8.5667 436
8.5833 440
8.6 443
8.6167 447
8.6333 450
8.65 454
8.6667 457
8.6833 461
8.7 464
8.7167 468
8.7333 471
8.75 475
8.7667 478
8.7833 482
8.8 485
8.8167 489
8.8333 492
8.85 495
8.8667 499
8.8833 502
8.9 506
8.9167 509
8.9333 513
8.95 516
8.9667 520
8.9833 523
9.0 526
9.0167 529
9.0333 533
9.05 536
9.0667 540
9.0833 543
9.1 546
9.1167 550
9.1333 553
9.15 556
9.1667 560
9.1833 563
9.2 566
9.2167 570
9.2333 573
9.25 576
9.2667 579
9.2833 583
9.3 586
9.3167 589
9.3333 592
9.35 596
9.3667 599
9.3833 602
9.4 605
9.4167 608
9.4333 612
9.45 615
9.4667 618
9.4833 621
9.5 624
9.5167 627
9.5333 630
9.55 634
9.5667 637
9.5833 640
9.6 643
9.6167 646
9.6333 649
9.65 652
9.6667 655
9.6833 658
9.7 661
9.7167 664
9.7333 667
9.75 670
9.7667 673
9.7833 676
9.8 679
9.8167 682
9.8333 685
9.85 688
9.8667 690
9.8833 693
9.9 696
9.9167 699
9.9333 702
9.95 705
9.9667 707
9.9833 710
10.0 713
10.0167 716
10.0333 719
10.05 721
10.0667 724
10.0833 727
10.1 730
10.1167 732
10.1333 735
10.15 738
10.1667 740
10.1833 743
10.2 746
10.2167 748
10.2333 751
10.25 753
10.2667 756
10.2833 759
10.3 761
10.3167 764
10.3333 766
10.35 769
10.3667 771
10.3833 774
10.4 776
10.4167 779
10.4333 781
10.45 783
10.4667 786
10.4833 788
10.5 791
10.5167 793
10.5333 795
10.55 798
10.5667 800
10.5833 802
10.6 805
10.6167 807
10.6333 809
10.65 811
10.6667 814
10.6833 816
10.7 818
10.7167 820
10.7333 822
10.75 825
10.7667 827
10.7833 829
10.8 831
10.8167 833
10.8333 835
10.85 837
10.8667 839
10.8833 841
10.9 843
10.9167 845
10.9333 847
10.95 849
10.9667 851
10.9833 853
11.0 855
11.0167 857
11.0333 859
11.05 861
11.0667 863
11.0833 865
11.1 866
11.1167 868
11.1333 870
11.15 872
11.1667 873
11.1833 875
11.2 877
11.2167 879
11.2333 880
11.25 882
11.2667 884
11.2833 885
11.3 887
11.3167 889
11.3333 890
11.35 892
11.3667 893
11.3833 895
11.4 896
11.4167 898
11.4333 899
11.45 901
11.4667 902
11.4833 904
11.5 905
11.5167 907
11.5333 908
11.55 909
11.5667 911
11.5833 912
11.6 913
11.6167 915
11.6333 916
11.65 917
11.6667 918
11.6833 920
11.7 921
11.7167 922
11.7333 923
11.75 924
11.7667 925
11.7833 927
11.8 928
11.8167 929
11.8333 930
11.85 931
11.8667 932
11.8833 933
11.9 934
11.9167 935
11.9333 936
11.95 937
11.9667 938
11.9833 939
12.0 940
12.0167 940
12.0333 941
12.05 942
12.0667 943
12.0833 944
12.1 945
12.1167 945
12.1333 946
12.15 947
12.1667 947
12.1833 948
12.2 949
12.2167 949
12.2333 950
12.25 951
12.2667 951
12.2833 952
12.3 952
12.3167 953
12.3333 954
12.35 954
12.3667 955
12.3833 955
12.4 955
12.4167 956
12.4333 956
12.45 957
12.4667 957
12.4833 957
12.5 958
12.5167 958
12.5333 958
12.55 959
12.5667 959
12.5833 959
12.6 959
12.6167 960
12.6333 960
12.65 960
12.6667 960
12.6833 960
12.7 960
12.7167 960
12.7333 961
12.75 961
12.7667 961
12.7833 961
12.8 961
12.8167 961
12.8333 961
12.85 961
12.8667 960
12.8833 960
12.9 960
12.9167 960
12.9333 960
12.95 960
12.9667 960
12.9833 959
13.0 959
13.0167 959
13.0333 959
13.05 958
13.0667 958
13.0833 958
13.1 957
13.1167 957
13.1333 957
13.15 956
13.1667 956
13.1833 956
13.2 955
13.2167 955
13.2333 954
13.25 954
13.2667 953
13.2833 953
13.3 952
13.3167 951
13.3333 951
13.35 950
13.3667 950
13.3833 949
13.4 948
13.4167 948
13.4333 947
13.45 946
13.4667 945
13.4833 945
13.5 944
13.5167 943
13.5333 942
13.55 941
13.5667 941
13.5833 940
13.6 939
13.6167 938
13.6333 937
13.65 936
13.6667 935
13.6833 934
13.7 933
13.7167 932
13.7333 931
13.75 930
13.7667 929
13.7833 928
13.8 927
13.8167 926
13.8333 925
13.85 923
13.8667 922
13.8833 921
13.9 920
13.9167 919
13.9333 917
13.95 916
13.9667 915
13.9833 914
14.0 912
14.0167 911
14.0333 910
14.05 908
14.0667 907
14.0833 905
14.1 904
14.1167 903
14.1333 901
14.15 900
14.1667 898
14.1833 897
14.2 895
14.2167 894
14.2333 892
14.25 890
14.2667 889
14.2833 887
14.3 886
14.3167 884
14.3333 882
14.35 881
14.3667 879
14.3833 877
14.4 876
14.4167 874
14.4333 872
14.45 870
14.4667 868
14.4833 867
14.5 865
14.5167 863
14.5333 861
14.55 859
14.5667 857
14.5833 855
14.6 854
14.6167 852
14.6333 850
14.65 848
14.6667 846
14.6833 844
14.7 842
14.7167 840
14.7333 838
14.75 836
14.7667 833
14.7833 831
14.8 829
14.8167 827
14.8333 825
14.85 823
14.8667 821
14.8833 818
14.9 816
14.9167 814
14.9333 812
14.95 810
14.9667 807
14.9833 805
15.0 803
15.0167 800
15.0333 798
15.05 796
15.0667 793
15.0833 791
15.1 789
15.1167 786
15.1333 784
15.15 781
15.1667 779
15.1833 777
15.2 774
15.2167 772
15.2333 769
15.25 767
15.2667 764
15.2833 761
15.3 759
15.3167 756
15.3333 754
15.35 751
15.3667 749
15.3833 746
15.4 743
15.4167 741
15.4333 738
15.45 735
15.4667 733
15.4833 730
15.5 727
15.5167 725
15.5333 722
15.55 719
15.5667 716
15.5833 713
15.6 711
15.6167 708
15.6333 705
15.65 702
15.6667 699
15.6833 697
15.7 694
15.7167 691
15.7333 688
15.75 685
15.7667 682
15.7833 679
15.8 676
15.8167 673
15.8333 670
15.85 667
15.8667 664
15.8833 661
15.9 658
15.9167 655
15.9333 652
15.95 649
15.9667 646
15.9833 643
16.0 640
16.0167 637
16.0333 634
16.05 631
16.0667 628
16.0833 625
16.1 621
16.1167 618
16.1333 615
16.15 612
16.1667 609
16.1833 606
16.2 602
16.2167 599
16.2333 596
16.25 593
16.2667 590
16.2833 586
16.3 583
16.3167 580
16.3333 577
16.35 573
16.3667 570
16.3833 567
16.4 563
16.4167 560
16.4333 557
16.45 553
16.4667 550
16.4833 547
16.5 543
16.5167 540
16.5333 537
16.55 533
16.5667 530
16.5833 527
16.6 523
16.6167 520
16.6333 516
16.65 513
16.6667 509
16.6833 506
16.7 503
16.7167 499
16.7333 496
16.75 492
16.7667 489
16.7833 485
16.8 482
16.8167 478
16.8333 475
16.85 471
16.8667 468
16.8833 464
16.9 461
16.9167 457
16.9333 454
16.95 450
16.9667 447
16.9833 443
