8.0 284
8.0167 287
8.0333 291
8.05 294
8.0667 297
8.0833 301
8.1 304
8.1167 307
8.1333 311
8.15 314
8.1667 318
8.1833 321
8.2 324
8.2167 328
8.2333 331
8.25 335
8.2667 338
8.2833 342
8.3 345
8.3167 348
8.3333 352
8.35 355
8.3667 359
8.3833 362
8.4 365
8.4167 369
8.4333 372
8.45 376
8.4667 379
8.4833 382
8.5 386
8.5167 389
8.5333 393
8.55 396
8.5667 399
8.5833 403
8.6 406
8.6167 410
8.6333 413
8.65 416
8.6667 420
8.6833 423
8.7 426
8.7167 430
8.7333 433
8.75 437
8.7667 440
8.7833 443
8.8 447
8.8167 450
8.8333 453
8.85 457
8.8667 460
8.8833 463
8.9 467
8.9167 470
8.9333 473
8.95 477
8.9667 480
8.9833 483
9.0 486
9.0167 490
9.0333 493
9.05 496
9.0667 499
9.0833 503
9.1 506
9.1167 509
9.1333 512
9.15 516
9.1667 519
9.1833 522
9.2 525
9.2167 528
9.2333 532
9.25 535
9.2667 538
9.2833 541
9.3 544
9.3167 547
9.3333 551
9.35 554
9.3667 557
9.3833 560
9.4 563
9.4167 566
9.4333 569
9.45 572
9.4667 575
9.4833 578
9.5 581
9.5167 585
9.5333 588
9.55 591
9.5667 594
9.5833 597
9.6 600
9.6167 603
9.6333 606
9.65 609
9.6667 611
9.6833 614
9.7 617
9.7167 620
9.7333 623
9.75 626
9.7667 629
9.7833 632
9.8 635
9.8167 638
9.8333 640
9.85 643
9.8667 646
9.8833 649
9.9 652
9.9167 655
9.9333 657
9.95 660
9.9667 663
9.9833 666
10.0 668
10.0167 671
10.0333 674
10.05 676
10.0667 679
10.0833 682
10.1 684
10.1167 687
10.1333 690
10.15 692
10.1667 695
10.1833 698
10.2 700
10.2167 703
10.2333 705
10.25 708
10.2667 710
10.2833 713
10.3 715
10.3167 718
10.3333 720
10.35 723
10.3667 725
10.3833 728
10.4 730
10.4167 732
10.4333 735
10.45 737
10.4667 740
10.4833 742
10.5 744
10.5167 747
10.5333 749
10.55 751
10.5667 754
10.5833 756
10.6 758
10.6167 760
10.6333 763
10.65 765
10.6667 767
10.6833 769
10.7 771
10.7167 773
10.7333 776
10.75 778
10.7667 780
10.7833 782
10.8 784
10.8167 786
10.8333 788
10.85 790
10.8667 792
10.8833 794
10.9 796
10.9167 798
10.9333 800
10.95 802
10.9667 804
10.9833 806
11.0 808
11.0167 810
11.0333 811
11.05 813
11.0667 815
11.0833 817
11.1 819
11.1167 820
11.1333 822
11.15 824
11.1667 826
11.1833 827
11.2 829
11.2167 831
11.2333 832
11.25 834
11.2667 836
11.2833 837
11.3 839
11.3167 841
11.3333 842
11.35 844
11.3667 845
11.3833 847
11.4 848
11.4167 850
11.4333 851
11.45 853
11.4667 854
11.4833 855
11.5 857
11.5167 858
11.5333 860
11.55 861
11.5667 862
11.5833 864
11.6 865
11.6167 866
11.6333 867
11.65 869
11.6667 870
11.6833 871
11.7 872
11.7167 873
11.7333 875
11.75 876
11.7667 877
11.7833 878
11.8 879
11.8167 880
11.8333 881
11.85 882
11.8667 883
11.8833 884
11.9 885
11.9167 886
11.9333 887
11.95 888
11.9667 889
11.9833 890
12.0 891
12.0167 892
12.0333 892
12.05 893
12.0667 894
12.0833 895
12.1 896
12.1167 896
12.1333 897
12.15 898
12.1667 899
12.1833 899
12.2 900
12.2167 901
12.2333 901
12.25 902
12.2667 902
12.2833 903
12.3 904
12.3167 904
12.3333 905
12.35 905
12.3667 906
12.3833 906
12.4 906
12.4167 907
12.4333 907
12.45 908
12.4667 908
12.4833 908
12.5 909
12.5167 909
12.5333 909
12.55 910
12.5667 910
12.5833 910
12.6 910
12.6167 911
12.6333 911
12.65 911
12.6667 911
12.6833 911
12.7 911
12.7167 911
12.7333 911
12.75 912
12.7667 912
12.7833 912
12.8 912
12.8167 912
12.8333 912
12.85 911
12.8667 911
12.8833 911
12.9 911
12.9167 911
12.9333 911
12.95 911
12.9667 911
12.9833 910
13.0 910
13.0167 910
13.0333 910
13.05 909
13.0667 909
13.0833 909
13.1 908
13.1167 908
13.1333 908
13.15 907
13.1667 907
13.1833 907
13.2 906
13.2167 906
13.2333 905
13.25 905
13.2667 904
13.2833 904
13.3 903
13.3167 903
13.3333 902
13.35 901
13.3667 901
13.3833 900
13.4 899
13.4167 899
13.4333 898
13.45 897
13.4667 897
13.4833 896
13.5 895
13.5167 894
13.5333 894
13.55 893
13.5667 892
13.5833 891
13.6 890
13.6167 889
13.6333 888
13.65 887
13.6667 887
13.6833 886
13.7 885
13.7167 884
13.7333 883
13.75 882
13.7667 881
13.7833 879
13.8 878
13.8167 877
13.8333 876
13.85 875
13.8667 874
13.8833 873
13.9 871
13.9167 870
13.9333 869
13.95 868
13.9667 867
13.9833 865
14.0 864
14.0167 863
14.0333 861
14.05 860
14.0667 859
14.0833 857
14.1 856
14.1167 854
14.1333 853
14.15 852
14.1667 850
14.1833 849
14.2 847
14.2167 846
14.2333 844
14.25 843
14.2667 841
14.2833 839
14.3 838
14.3167 836
14.3333 835
14.35 833
14.3667 831
14.3833 830
14.4 828
14.4167 826
14.4333 825
14.45 823
14.4667 821
14.4833 819
14.5 817
14.5167 816
14.5333 814
14.55 812
14.5667 810
14.5833 808
14.6 806
14.6167 804
14.6333 803
14.65 801
14.6667 799
14.6833 797
14.7 795
14.7167 793
14.7333 791
14.75 789
14.7667 787
14.7833 785
14.8 783
14.8167 780
14.8333 778
14.85 776
14.8667 774
14.8833 772
14.9 770
14.9167 768
14.9333 765
14.95 763
14.9667 761
14.9833 759
15.0 756
15.0167 754
15.0333 752
15.05 750
15.0667 747
15.0833 745
15.1 743
15.1167 740
15.1333 738
15.15 736
15.1667 733
15.1833 731
15.2 728
15.2167 726
15.2333 723
15.25 721
15.2667 719
15.2833 716
15.3 714
15.3167 711
15.3333 709
15.35 706
15.3667 703
15.3833 701
15.4 698
15.4167 696
15.4333 693
15.45 690
15.4667 688
15.4833 685
15.5 683
15.5167 680
15.5333 677
15.55 674
15.5667 672
15.5833 669
15.6 666
15.6167 664
15.6333 661
15.65 658
15.6667 655
15.6833 653
15.7 650
15.7167 647
15.7333 644
15.75 641
15.7667 638
15.7833 636
15.8 633
15.8167 630
15.8333 627
15.85 624
15.8667 621
15.8833 618
15.9 615
15.9167 612
15.9333 609
15.95 606
15.9667 603
15.9833 600
16.0 597
16.0167 594
16.0333 591
16.05 588
16.0667 585
16.0833 582
16.1 579
16.1167 576
16.1333 573
16.15 570
16.1667 567
16.1833 564
16.2 561
16.2167 558
16.2333 555
16.25 551
16.2667 548
16.2833 545
16.3 542
16.3167 539
16.3333 536
16.35 532
16.3667 529
16.3833 526
16.4 523
16.4167 520
16.4333 516
16.45 513
16.4667 510
16.4833 507
16.5 503
16.5167 500
16.5333 497
16.55 494
16.5667 490
16.5833 487
16.6 484
16.6167 481
16.6333 477
16.65 474
16.6667 471
16.6833 467
16.7 464
16.7167 461
16.7333 457
16.75 454
16.7667 451
16.7833 447
16.8 444
16.8167 441
16.8333 437
16.85 434
16.8667 431
16.8833 427
16.9 424
16.9167 420
16.9333 417
16.95 414
16.9667 410
16.9833 407
