8.0 282
8.0167 285
8.0333 288
8.05 292
8.0667 295
8.0833 299
8.1 302
8.1167 306
8.1333 309
8.15 313
8.1667 316
8.1833 319
8.2 323
8.2167 326
8.2333 330
8.25 333
8.2667 337
8.2833 340
8.3 344
8.3167 347
8.3333 351
8.35 354
8.3667 358
8.3833 361
8.4 365
8.4167 368
8.4333 371
8.45 375
8.4667 378
8.4833 382
8.5 385
8.5167 389
8.5333 392
8.55 396
8.5667 399
8.5833 403
8.6 406
8.6167 409
8.6333 413
8.65 416
8.6667 420
8.6833 423
8.7 427
8.7167 430
8.7333 434
8.75 437
8.7667 440
8.7833 444
8.8 447
8.8167 451
8.8333 454
8.85 457
8.8667 461
8.8833 464
8.9 467
8.9167 471
8.9333 474
8.95 478
8.9667 481
8.9833 484
9.0 488
9.0167 491
9.0333 494
9.05 497
9.0667 501
9.0833 504
9.1 507
9.1167 511
9.1333 514
9.15 517
9.1667 520
9.1833 524
9.2 527
9.2167 530
9.2333 533
9.25 537
9.2667 540
9.2833 543
9.3 546
9.3167 550
9.3333 553
9.35 556
9.3667 559
9.3833 562
9.4 565
9.4167 569
9.4333 572
9.45 575
9.4667 578
9.4833 581
9.5 584
9.5167 587
9.5333 590
9.55 593
9.5667 596
9.5833 600
9.6 603
9.6167 606
9.6333 609
9.65 612
9.6667 615
9.6833 618
9.7 621
9.7167 624
9.7333 627
9.75 630
9.7667 632
9.7833 635
9.8 638
9.8167 641
9.8333 644
9.85 647
9.8667 650
9.8833 653
9.9 656
9.9167 658
9.9333 661
9.95 664
9.9667 667
9.9833 670
10.0 672
10.0167 675
10.0333 678
10.05 681
10.0667 683
10.0833 686
10.1 689
10.1167 691
10.1333 694
10.15 697
10.1667 699
10.1833 702
10.2 705
10.2167 707
10.2333 710
10.25 712
10.2667 715
10.2833 718
10.3 720
10.3167 723
10.3333 725
10.35 728
10.3667 730
10.3833 733
10.4 735
10.4167 738
10.4333 740
10.45 742
10.4667 745
10.4833 747
10.5 750
10.5167 752
10.5333 754
10.55 757
10.5667 759
10.5833 761
10.6 764
10.6167 766
10.6333 768
10.65 770
10.6667 773
10.6833 775
10.7 777
10.7167 779
10.7333 781
10.75 783
10.7667 786
10.7833 788
10.8 790
10.8167 792
10.8333 794
10.85 796
10.8667 798
10.8833 800
10.9 802
10.9167 804
10.9333 806
10.95 808
10.9667 810
10.9833 812
11.0 814
11.0167 816
11.0333 818
11.05 820
11.0667 821
11.0833 823
11.1 825
11.1167 827
11.1333 829
11.15 831
11.1667 832
11.1833 834
11.2 836
11.2167 837
11.2333 839
11.25 841
11.2667 842
11.2833 844
11.3 846
11.3167 847
11.3333 849
11.35 851
11.3667 852
11.3833 854
11.4 855
11.4167 857
11.4333 858
11.45 860
11.4667 861
11.4833 863
11.5 864
11.5167 865
11.5333 867
11.55 868
11.5667 869
11.5833 871
11.6 872
11.6167 873
11.6333 875
11.65 876
11.6667 877
11.6833 878
11.7 880
11.7167 881
11.7333 882
11.75 883
11.7667 884
11.7833 885
11.8 887
11.8167 888
11.8333 889
11.85 890
11.8667 891
11.8833 892
11.9 893
11.9167 894
11.9333 895
11.95 896
11.9667 897
11.9833 898
12.0 898
12.0167 899
12.0333 900
12.05 901
12.0667 902
12.0833 903
12.1 903
12.1167 904
12.1333 905
12.15 906
12.1667 906
12.1833 907
12.2 908
12.2167 908
12.2333 909
12.25 910
12.2667 910
12.2833 911
12.3 911
12.3167 912
12.3333 912
12.35 913
12.3667 913
12.3833 914
12.4 914
12.4167 915
12.4333 915
12.45 916
12.4667 916
12.4833 916
12.5 917
12.5167 917
12.5333 917
12.55 918
12.5667 918
12.5833 918
12.6 918
12.6167 919
12.6333 919
12.65 919
12.6667 919
12.6833 919
12.7 919
12.7167 920
12.7333 920
12.75 920
12.7667 920
12.7833 920
12.8 920
12.8167 920
12.8333 920
12.85 920
12.8667 920
12.8833 920
12.9 919
12.9167 919
12.9333 919
12.95 919
12.9667 919
12.9833 919
13.0 918
13.0167 918
13.0333 918
13.05 918
13.0667 917
13.0833 917
13.1 917
13.1167 916
13.1333 916
13.15 916
13.1667 915
13.1833 915
13.2 914
13.2167 914
13.2333 913
13.25 913
13.2667 912
13.2833 912
13.3 911
13.3167 911
13.3333 910
13.35 910
13.3667 909
13.3833 908
13.4 908
13.4167 907
13.4333 906
13.45 906
13.4667 905
13.4833 904
13.5 903
13.5167 902
13.5333 902
13.55 901
13.5667 900
13.5833 899
13.6 898
13.6167 897
13.6333 896
13.65 896
13.6667 895
13.6833 894
13.7 893
13.7167 892
13.7333 891
13.75 890
13.7667 888
13.7833 887
13.8 886
13.8167 885
13.8333 884
13.85 883
13.8667 882
13.8833 881
13.9 879
13.9167 878
13.9333 877
13.95 876
13.9667 874
13.9833 873
14.0 872
14.0167 870
14.0333 869
14.05 868
14.0667 866
14.0833 865
14.1 864
14.1167 862
14.1333 861
14.15 859
14.1667 858
14.1833 856
14.2 855
14.2167 853
14.2333 852
14.25 850
14.2667 849
14.2833 847
14.3 845
14.3167 844
14.3333 842
14.35 840
14.3667 839
14.3833 837
14.4 835
14.4167 834
14.4333 832
14.45 830
14.4667 828
14.4833 827
14.5 825
14.5167 823
14.5333 821
14.55 819
14.5667 817
14.5833 815
14.6 814
14.6167 812
14.6333 810
14.65 808
14.6667 806
14.6833 804
14.7 802
14.7167 800
14.7333 798
14.75 796
14.7667 794
14.7833 791
14.8 789
14.8167 787
14.8333 785
14.85 783
14.8667 781
14.8833 779
14.9 776
14.9167 774
14.9333 772
14.95 770
14.9667 768
14.9833 765
15.0 763
15.0167 761
15.0333 758
15.05 756
15.0667 754
15.0833 751
15.1 749
15.1167 747
15.1333 744
15.15 742
15.1667 739
15.1833 737
15.2 734
15.2167 732
15.2333 729
15.25 727
15.2667 724
15.2833 722
15.3 719
15.3167 717
15.3333 714
15.35 712
15.3667 709
15.3833 707
15.4 704
15.4167 701
15.4333 699
15.45 696
15.4667 693
15.4833 691
15.5 688
15.5167 685
15.5333 683
15.55 680
15.5667 677
15.5833 674
15.6 672
15.6167 669
15.6333 666
15.65 663
15.6667 660
15.6833 658
15.7 655
15.7167 652
15.7333 649
15.75 646
15.7667 643
15.7833 640
15.8 637
15.8167 635
15.8333 632
15.85 629
15.8667 626
15.8833 623
15.9 620
15.9167 617
15.9333 614
15.95 611
15.9667 608
15.9833 605
16.0 602
16.0167 599
16.0333 596
16.05 593
16.0667 589
16.0833 586
16.1 583
16.1167 580
16.1333 577
16.15 574
16.1667 571
16.1833 568
16.2 565
16.2167 561
16.2333 558
16.25 555
16.2667 552
16.2833 549
16.3 545
16.3167 542
16.3333 539
16.35 536
16.3667 533
16.3833 529
16.4 526
16.4167 523
16.4333 519
16.45 516
16.4667 513
16.4833 510
16.5 506
16.5167 503
16.5333 500
16.55 496
16.5667 493
16.5833 490
16.6 486
16.6167 483
16.6333 480
16.65 476
16.6667 473
16.6833 470
16.7 466
16.7167 463
16.7333 460
16.75 456
16.7667 453
16.7833 449
16.8 446
16.8167 443
16.8333 439
16.85 436
16.8667 432
16.8833 429
16.9 425
16.9167 422
16.9333 419
16.95 415
16.9667 412
16.9833 408
