8.0 304
8.0167 307
8.0333 311
8.05 315
8.0667 318
8.0833 322
8.1 325
8.1167 329
8.1333 333
8.15 336
8.1667 340
8.1833 343
8.2 347
8.2167 351
8.2333 354
8.25 358
8.2667 362
8.2833 365
8.3 369
8.3167 372
8.3333 376
8.35 380
8.3667 383
8.3833 387
8.4 390
8.4167 394
8.4333 398
8.45 401
8.4667 405
8.4833 408
8.5 412
8.5167 416
8.5333 419
8.55 423
8.5667 426
8.5833 430
8.6 433
8.6167 437
8.6333 441
8.65 444
8.6667 448
8.6833 451
8.7 455
8.7167 458
8.7333 462
8.75 465
8.7667 469
8.7833 472
8.8 476
8.8167 479
8.8333 483
8.85 486
8.8667 490
8.8833 493
8.9 497
8.9167 500
8.9333 504
8.95 507
8.9667 511
8.9833 514
9.0 518
9.0167 521
9.0333 524
9.05 528
9.0667 531
9.0833 534
9.1 538
9.1167 541
9.1333 545
9.15 548
9.1667 551
9.1833 555
9.2 558
9.2167 561
9.2333 565
9.25 568
9.2667 571
9.2833 575
9.3 578
9.3167 581
9.3333 585
9.35 588
9.3667 591
9.3833 594
9.4 598
9.4167 601
9.4333 604
9.45 607
9.4667 610
9.4833 614
9.5 617
9.5167 620
9.5333 623
9.55 626
9.5667 629
9.5833 632
9.6 636
9.6167 639
9.6333 642
9.65 645
9.6667 648
9.6833 651
9.7 654
9.7167 657
9.7333 660
9.75 663
9.7667 666
9.7833 669
9.8 672
9.8167 675
9.8333 678
9.85 681
9.8667 684
9.8833 687
9.9 690
9.9167 693
9.9333 695
9.95 698
9.9667 701
9.9833 704
10.0 707
10.0167 710
10.0333 712
10.05 715
10.0667 718
10.0833 721
10.1 724
10.1167 726
10.1333 729
10.15 732
10.1667 734
10.1833 737
10.2 740
10.2167 742
10.2333 745
10.25 748
10.2667 750
10.2833 753
10.3 756
10.3167 758
10.3333 761
10.35 763
10.3667 766
10.3833 768
10.4 771
10.4167 773
10.4333 776
10.45 778
10.4667 781
10.4833 783
10.5 786
10.5167 788
10.5333 790
10.55 793
10.5667 795
10.5833 797
10.6 800
10.6167 802
10.6333 804
10.65 807
10.6667 809
10.6833 811
10.7 813
10.7167 816
10.7333 818
10.75 820
10.7667 822
10.7833 824
10.8 826
10.8167 829
10.8333 831
10.85 833
10.8667 835
10.8833 837
10.9 839
10.9167 841
10.9333 843
10.95 845
10.9667 847
10.9833 849
11.0 851
11.0167 853
11.0333 855
11.05 857
11.0667 859
11.0833 860
11.1 862
11.1167 864
11.1333 866
11.15 868
11.1667 870
11.1833 871
11.2 873
11.2167 875
11.2333 877
11.25 878
11.2667 880
11.2833 882
11.3 883
11.3167 885
11.3333 887
11.35 888
11.3667 890
11.3833 891
11.4 893
11.4167 894
11.4333 896
11.45 897
11.4667 899
11.4833 900
11.5 902
11.5167 903
11.5333 905
11.55 906
11.5667 907
11.5833 909
11.6 910
11.6167 911
11.6333 913
11.65 914
11.6667 915
11.6833 916
11.7 918
11.7167 919
11.7333 920
11.75 921
11.7667 922
11.7833 924
11.8 925
11.8167 926
11.8333 927
11.85 928
11.8667 929
11.8833 930
11.9 931
11.9167 932
11.9333 933
11.95 934
11.9667 935
11.9833 936
12.0 937
12.0167 938
12.0333 939
12.05 939
12.0667 940
12.0833 941
12.1 942
12.1167 943
12.1333 943
12.15 944
12.1667 945
12.1833 946
12.2 946
12.2167 947
12.2333 948
12.25 948
12.2667 949
12.2833 949
12.3 950
12.3167 950
12.3333 951
12.35 952
12.3667 952
12.3833 953
12.4 953
12.4167 953
12.4333 954
12.45 954
12.4667 955
12.4833 955
12.5 955
12.5167 956
12.5333 956
12.55 956
12.5667 957
12.5833 957
12.6 957
12.6167 957
12.6333 957
12.65 958
12.6667 958
12.6833 958
12.7 958
12.7167 958
12.7333 958
12.75 958
12.7667 958
12.7833 958
12.8 958
12.8167 958
12.8333 958
12.85 958
12.8667 958
12.8833 958
12.9 958
12.9167 958
12.9333 958
12.95 958
12.9667 957
12.9833 957
13.0 957
13.0167 957
13.0333 956
13.05 956
13.0667 956
13.0833 956
13.1 955
13.1167 955
13.1333 955
13.15 954
13.1667 954
13.1833 953
13.2 953
13.2167 952
13.2333 952
13.25 951
13.2667 951
13.2833 950
13.3 950
13.3167 949
13.3333 949
13.35 948
13.3667 947
13.3833 947
13.4 946
13.4167 945
13.4333 945
13.45 944
13.4667 943
13.4833 942
13.5 942
13.5167 941
13.5333 940
13.55 939
13.5667 938
13.5833 937
13.6 937
13.6167 936
13.6333 935
13.65 934
13.6667 933
13.6833 932
13.7 931
13.7167 930
13.7333 929
13.75 928
13.7667 927
13.7833 926
13.8 924
13.8167 923
13.8333 922
13.85 921
13.8667 920
13.8833 919
13.9 917
13.9167 916
13.9333 915
13.95 914
13.9667 912
13.9833 911
14.0 910
14.0167 908
14.0333 907
14.05 906
14.0667 904
14.0833 903
14.1 901
14.1167 900
14.1333 898
14.15 897
14.1667 896
14.1833 894
14.2 892
14.2167 891
14.2333 889
14.25 888
14.2667 886
14.2833 885
14.3 883
14.3167 881
14.3333 880
14.35 878
14.3667 876
14.3833 874
14.4 873
14.4167 871
14.4333 869
14.45 867
14.4667 866
14.4833 864
14.5 862
14.5167 860
14.5333 858
14.55 856
14.5667 854
14.5833 852
14.6 851
14.6167 849
14.6333 847
14.65 845
14.6667 843
14.6833 841
14.7 839
14.7167 836
14.7333 834
14.75 832
14.7667 830
14.7833 828
14.8 826
14.8167 824
14.8333 822
14.85 819
14.8667 817
14.8833 815
14.9 813
14.9167 811
14.9333 808
14.95 806
14.9667 804
14.9833 802
15.0 799
15.0167 797
15.0333 794
15.05 792
15.0667 790
15.0833 787
15.1 785
15.1167 782
15.1333 780
15.15 778
15.1667 775
15.1833 773
15.2 770
15.2167 768
15.2333 765
15.25 762
15.2667 760
15.2833 757
15.3 755
15.3167 752
15.3333 750
15.35 747
15.3667 744
15.3833 742
15.4 739
15.4167 736
15.4333 734
15.45 731
15.4667 728
15.4833 726
15.5 723
15.5167 720
15.5333 717
15.55 714
15.5667 712
15.5833 709
15.6 706
15.6167 703
15.6333 700
15.65 697
15.6667 695
15.6833 692
15.7 689
15.7167 686
15.7333 683
15.75 680
15.7667 677
15.7833 674
15.8 671
15.8167 668
15.8333 665
15.85 662
15.8667 659
15.8833 656
15.9 653
15.9167 650
15.9333 647
15.95 644
15.9667 641
15.9833 638
16.0 635
16.0167 632
16.0333 628
16.05 625
16.0667 622
16.0833 619
16.1 616
16.1167 613
16.1333 609
16.15 606
16.1667 603
16.1833 600
16.2 597
16.2167 593
16.2333 590
16.25 587
16.2667 584
16.2833 580
16.3 577
16.3167 574
16.3333 570
16.35 567
16.3667 564
16.3833 560
16.4 557
16.4167 554
16.4333 550
16.45 547
16.4667 544
16.4833 540
16.5 537
16.5167 533
16.5333 530
16.55 527
16.5667 523
16.5833 520
16.6 516
16.6167 513
16.6333 509
16.65 506
16.6667 503
16.6833 499
16.7 496
16.7167 492
16.7333 489
16.75 485
16.7667 482
16.7833 478
16.8 475
16.8167 471
16.8333 468
16.85 464
16.8667 461
16.8833 457
16.9 453
16.9167 450
16.9333 446
16.95 443
16.9667 439
16.9833 436
