8.0 298
8.0167 302
8.0333 305
8.05 309
8.0667 312
8.0833 316
8.1 320
8.1167 323
8.1333 327
8.15 331
8.1667 334
8.1833 338
8.2 341
8.2167 345
8.2333 349
8.25 352
8.2667 356
8.2833 360
8.3 363
8.3167 367
8.3333 371
8.35 374
8.3667 378
8.3833 381
8.4 385
8.4167 389
8.4333 392
8.45 396
8.4667 400
8.4833 403
8.5 407
8.5167 410
8.5333 414
8.55 418
8.5667 421
8.5833 425
8.6 428
8.6167 432
8.6333 436
8.65 439
8.6667 443
8.6833 446
8.7 450
8.7167 453
8.7333 457
8.75 461
8.7667 464
8.7833 468
8.8 471
8.8167 475
8.8333 478
8.85 482
8.8667 485
8.8833 489
8.9 492
8.9167 496
8.9333 499
8.95 503
8.9667 506
8.9833 510
9.0 513
9.0167 516
9.0333 520
9.05 523
9.0667 527
9.0833 530
9.1 533
9.1167 537
9.1333 540
9.15 544
9.1667 547
9.1833 550
9.2 554
9.2167 557
9.2333 560
9.25 564
9.2667 567
9.2833 570
9.3 574
9.3167 577
9.3333 580
9.35 584
9.3667 587
9.3833 590
9.4 594
9.4167 597
9.4333 600
9.45 603
9.4667 606
9.4833 610
9.5 613
9.5167 616
9.5333 619
9.55 622
9.5667 626
9.5833 629
9.6 632
9.6167 635
9.6333 638
9.65 641
9.6667 644
9.6833 647
9.7 650
9.7167 653
9.7333 656
9.75 660
9.7667 663
9.7833 666
9.8 669
9.8167 672
9.8333 675
9.85 677
9.8667 680
9.8833 683
9.9 686
9.9167 689
9.9333 692
9.95 695
9.9667 698
9.9833 701
10.0 704
10.0167 706
10.0333 709
10.05 712
10.0667 715
10.0833 718
10.1 720
10.1167 723
10.1333 726
10.15 729
10.1667 731
10.1833 734
10.2 737
10.2167 739
10.2333 742
10.25 745
10.2667 747
10.2833 750
10.3 753
10.3167 755
10.3333 758
10.35 760
10.3667 763
10.3833 765
10.4 768
10.4167 770
10.4333 773
10.45 775
10.4667 778
10.4833 780
10.5 783
10.5167 785
10.5333 788
10.55 790
10.5667 792
10.5833 795
10.6 797
10.6167 799
10.6333 802
10.65 804
10.6667 806
10.6833 809
10.7 811
10.7167 813
10.7333 815
10.75 817
10.7667 820
10.7833 822
10.8 824
10.8167 826
10.8333 828
10.85 830
10.8667 832
10.8833 835
10.9 837
10.9167 839
10.9333 841
10.95 843
10.9667 845
10.9833 847
11.0 849
11.0167 851
11.0333 853
11.05 854
11.0667 856
11.0833 858
11.1 860
11.1167 862
11.1333 864
11.15 866
11.1667 867
11.1833 869
11.2 871
11.2167 873
11.2333 874
11.25 876
11.2667 878
11.2833 879
11.3 881
11.3167 883
11.3333 884
11.35 886
11.3667 888
11.3833 889
11.4 891
11.4167 892
11.4333 894
11.45 895
11.4667 897
11.4833 898
11.5 900
11.5167 901
11.5333 903
11.55 904
11.5667 905
11.5833 907
11.6 908
11.6167 909
11.6333 911
11.65 912
11.6667 913
11.6833 915
11.7 916
11.7167 917
11.7333 918
11.75 919
11.7667 921
11.7833 922
11.8 923
11.8167 924
11.8333 925
11.85 926
11.8667 927
11.8833 928
11.9 929
11.9167 930
11.9333 931
11.95 932
11.9667 933
11.9833 934
12.0 935
12.0167 936
12.0333 937
12.05 938
12.0667 938
12.0833 939
12.1 940
12.1167 941
12.1333 942
12.15 942
12.1667 943
12.1833 944
12.2 944
12.2167 945
12.2333 946
12.25 946
12.2667 947
12.2833 948
12.3 948
12.3167 949
12.3333 949
12.35 950
12.3667 950
12.3833 951
12.4 951
12.4167 952
12.4333 952
12.45 952
12.4667 953
12.4833 953
12.5 954
12.5167 954
12.5333 954
12.55 954
12.5667 955
12.5833 955
12.6 955
12.6167 955
12.6333 956
12.65 956
12.6667 956
12.6833 956
12.7 956
12.7167 956
12.7333 956
12.75 956
12.7667 957
12.7833 957
12.8 957
12.8167 957
12.8333 957
12.85 956
12.8667 956
12.8833 956
12.9 956
12.9167 956
12.9333 956
12.95 956
12.9667 956
12.9833 955
13.0 955
13.0167 955
13.0333 955
13.05 954
13.0667 954
13.0833 954
13.1 953
13.1167 953
13.1333 953
13.15 952
13.1667 952
13.1833 951
13.2 951
13.2167 950
13.2333 950
13.25 949
13.2667 949
13.2833 948
13.3 948
13.3167 947
13.3333 947
13.35 946
13.3667 945
13.3833 945
13.4 944
13.4167 943
13.4333 943
13.45 942
13.4667 941
13.4833 940
13.5 940
13.5167 939
13.5333 938
13.55 937
13.5667 936
13.5833 935
13.6 934
13.6167 934
13.6333 933
13.65 932
13.6667 931
13.6833 930
13.7 929
13.7167 928
13.7333 927
13.75 925
13.7667 924
13.7833 923
13.8 922
13.8167 921
13.8333 920
13.85 919
13.8667 918
13.8833 916
13.9 915
13.9167 914
13.9333 913
13.95 911
13.9667 910
13.9833 909
14.0 907
14.0167 906
14.0333 905
14.05 903
14.0667 902
14.0833 900
14.1 899
14.1167 897
14.1333 896
14.15 894
14.1667 893
14.1833 891
14.2 890
14.2167 888
14.2333 887
14.25 885
14.2667 883
14.2833 882
14.3 880
14.3167 879
14.3333 877
14.35 875
14.3667 873
14.3833 872
14.4 870
14.4167 868
14.4333 866
14.45 865
14.4667 863
14.4833 861
14.5 859
14.5167 857
14.5333 855
14.55 853
14.5667 851
14.5833 849
14.6 848
14.6167 846
14.6333 844
14.65 842
14.6667 840
14.6833 837
14.7 835
14.7167 833
14.7333 831
14.75 829
14.7667 827
14.7833 825
14.8 823
14.8167 821
14.8333 818
14.85 816
14.8667 814
14.8833 812
14.9 810
14.9167 807
14.9333 805
14.95 803
14.9667 800
14.9833 798
15.0 796
15.0167 793
15.0333 791
15.05 788
15.0667 786
15.0833 784
15.1 781
15.1167 779
15.1333 776
15.15 774
15.1667 771
15.1833 769
15.2 766
15.2167 764
15.2333 761
15.25 759
15.2667 756
15.2833 753
15.3 751
15.3167 748
15.3333 746
15.35 743
15.3667 740
15.3833 738
15.4 735
15.4167 732
15.4333 730
15.45 727
15.4667 724
15.4833 721
15.5 719
15.5167 716
15.5333 713
15.55 710
15.5667 707
15.5833 705
15.6 702
15.6167 699
15.6333 696
15.65 693
15.6667 690
15.6833 687
15.7 684
15.7167 681
15.7333 678
15.75 675
15.7667 673
15.7833 670
15.8 667
15.8167 664
15.8333 661
15.85 657
15.8667 654
15.8833 651
15.9 648
15.9167 645
15.9333 642
15.95 639
15.9667 636
15.9833 633
16.0 630
16.0167 627
16.0333 623
16.05 620
16.0667 617
16.0833 614
16.1 611
16.1167 607
16.1333 604
16.15 601
16.1667 598
16.1833 595
16.2 591
16.2167 588
16.2333 585
16.25 581
16.2667 578
16.2833 575
16.3 572
16.3167 568
16.3333 565
16.35 562
16.3667 558
16.3833 555
16.4 552
16.4167 548
16.4333 545
16.45 541
16.4667 538
16.4833 535
16.5 531
16.5167 528
16.5333 524
16.55 521
16.5667 517
16.5833 514
16.6 510
16.6167 507
16.6333 504
16.65 500
16.6667 497
16.6833 493
16.7 490
16.7167 486
16.7333 483
16.75 479
16.7667 476
16.7833 472
16.8 468
16.8167 465
16.8333 461
16.85 458
16.8667 454
16.8833 451
16.9 447
16.9167 444
16.9333 440
16.95 436
16.9667 433
16.9833 429
