8.0 253
8.0167 256
8.0333 259
8.05 262
8.0667 265
8.0833 268
8.1 271
8.1167 274
8.1333 277
8.15 280
8.1667 283
8.1833 286
8.2 289
8.2167 292
8.2333 296
8.25 299
8.2667 302
8.2833 305
8.3 308
8.3167 311
8.3333 314
8.35 317
8.3667 320
8.3833 323
8.4 326
8.4167 329
8.4333 333
8.45 336
8.4667 339
8.4833 342
8.5 345
8.5167 348
8.5333 351
8.55 354
8.5667 357
8.5833 360
8.6 364
8.6167 367
8.6333 370
8.65 373
8.6667 376
8.6833 379
8.7 382
8.7167 385
8.7333 388
8.75 391
8.7667 394
8.7833 397
8.8 401
8.8167 404
8.8333 407
8.85 410
8.8667 413
8.8833 416
8.9 419
8.9167 422
8.9333 425
8.95 428
8.9667 431
8.9833 434
9.0 437
9.0167 440
9.0333 443
9.05 446
9.0667 449
9.0833 452
9.1 455
9.1167 458
9.1333 461
9.15 464
9.1667 467
9.1833 470
9.2 473
9.2167 476
9.2333 479
9.25 482
9.2667 485
9.2833 488
9.3 491
9.3167 494
9.3333 496
9.35 499
9.3667 502
9.3833 505
9.4 508
9.4167 511
9.4333 514
9.45 517
9.4667 519
9.4833 522
9.5 525
9.5167 528
9.5333 531
9.55 534
9.5667 536
9.5833 539
9.6 542
9.6167 545
9.6333 548
9.65 550
9.6667 553
9.6833 556
9.7 559
9.7167 561
9.7333 564
9.75 567
9.7667 569
9.7833 572
9.8 575
9.8167 578
9.8333 580
9.85 583
9.8667 585
9.8833 588
9.9 591
9.9167 593
9.9333 596
9.95 598
9.9667 601
9.9833 604
10.0 606
10.0167 609
10.0333 611
10.05 614
10.0667 616
10.0833 619
10.1 621
10.1167 624
10.1333 626
10.15 629
10.1667 631
10.1833 634
10.2 636
10.2167 638
10.2333 641
10.25 643
10.2667 646
10.2833 648
10.3 650
10.3167 653
10.3333 655
10.35 657
10.3667 660
10.3833 662
10.4 664
10.4167 666
10.4333 669
10.45 671
10.4667 673
10.4833 675
10.5 677
10.5167 680
10.5333 682
10.55 684
10.5667 686
10.5833 688
10.6 690
10.6167 692
10.6333 694
10.65 697
10.6667 699
10.6833 701
10.7 703
10.7167 705
10.7333 707
10.75 709
10.7667 711
10.7833 713
10.8 715
10.8167 717
10.8333 718
10.85 720
10.8667 722
10.8833 724
10.9 726
10.9167 728
10.9333 730
10.95 731
10.9667 733
10.9833 735
11.0 737
11.0167 739
11.0333 740
11.05 742
11.0667 744
11.0833 746
11.1 747
11.1167 749
11.1333 751
11.15 752
11.1667 754
11.1833 755
11.2 757
11.2167 759
11.2333 760
11.25 762
11.2667 763
11.2833 765
11.3 766
11.3167 768
11.3333 769
11.35 771
11.3667 772
11.3833 773
11.4 775
11.4167 776
11.4333 778
11.45 779
11.4667 780
11.4833 782
11.5 783
11.5167 784
11.5333 786
11.55 787
11.5667 788
11.5833 789
11.6 790
11.6167 792
11.6333 793
11.65 794
11.6667 795
11.6833 796
11.7 797
11.7167 799
11.7333 800
11.75 801
11.7667 802
11.7833 803
11.8 804
11.8167 805
11.8333 806
11.85 807
11.8667 808
11.8833 809
11.9 809
11.9167 810
11.9333 811
11.95 812
11.9667 813
11.9833 814
12.0 815
12.0167 815
12.0333 816
12.05 817
12.0667 818
12.0833 818
12.1 819
12.1167 820
12.1333 821
12.15 821
12.1667 822
12.1833 822
12.2 823
12.2167 824
12.2333 824
12.25 825
12.2667 825
12.2833 826
12.3 826
12.3167 827
12.3333 827
12.35 828
12.3667 828
12.3833 829
12.4 829
12.4167 829
12.4333 830
12.45 830
12.4667 830
12.4833 831
12.5 831
12.5167 831
12.5333 832
12.55 832
12.5667 832
12.5833 832
12.6 832
12.6167 833
12.6333 833
12.65 833
12.6667 833
12.6833 833
12.7 833
12.7167 833
12.7333 833
12.75 833
12.7667 833
12.7833 833
12.8 833
12.8167 833
12.8333 833
12.85 833
12.8667 833
12.8833 833
12.9 833
12.9167 833
12.9333 833
12.95 832
12.9667 832
12.9833 832
13.0 832
13.0167 832
13.0333 831
13.05 831
13.0667 831
13.0833 830
13.1 830
13.1167 830
13.1333 829
13.15 829
13.1667 828
13.1833 828
13.2 828
13.2167 827
13.2333 827
13.25 826
13.2667 826
13.2833 825
13.3 825
13.3167 824
13.3333 824
13.35 823
13.3667 822
13.3833 822
13.4 821
13.4167 820
13.4333 820
13.45 819
13.4667 818
13.4833 818
13.5 817
13.5167 816
13.5333 815
13.55 814
13.5667 814
13.5833 813
13.6 812
13.6167 811
13.6333 810
13.65 809
13.6667 808
13.6833 807
13.7 807
13.7167 806
13.7333 805
13.75 804
13.7667 803
13.7833 802
13.8 800
13.8167 799
13.8333 798
13.85 797
13.8667 796
13.8833 795
13.9 794
13.9167 793
13.9333 791
13.95 790
13.9667 789
13.9833 788
14.0 787
14.0167 785
14.0333 784
14.05 783
14.0667 781
14.0833 780
14.1 779
14.1167 777
14.1333 776
14.15 775
14.1667 773
14.1833 772
14.2 770
14.2167 769
14.2333 767
14.25 766
14.2667 764
14.2833 763
14.3 761
14.3167 760
14.3333 758
14.35 757
14.3667 755
14.3833 753
14.4 752
14.4167 750
14.4333 749
14.45 747
14.4667 745
14.4833 743
14.5 742
14.5167 740
14.5333 738
14.55 737
14.5667 735
14.5833 733
14.6 731
14.6167 729
14.6333 728
14.65 726
14.6667 724
14.6833 722
14.7 720
14.7167 718
14.7333 716
14.75 714
14.7667 712
14.7833 710
14.8 708
14.8167 706
14.8333 704
14.85 702
14.8667 700
14.8833 698
14.9 696
14.9167 694
14.9333 692
14.95 690
14.9667 688
14.9833 686
15.0 684
15.0167 681
15.0333 679
15.05 677
15.0667 675
15.0833 673
15.1 670
15.1167 668
15.1333 666
15.15 664
15.1667 661
15.1833 659
15.2 657
15.2167 654
15.2333 652
15.25 650
15.2667 647
15.2833 645
15.3 643
15.3167 640
15.3333 638
15.35 636
15.3667 633
15.3833 631
15.4 628
15.4167 626
15.4333 623
15.45 621
15.4667 618
15.4833 616
15.5 613
15.5167 611
15.5333 608
15.55 606
15.5667 603
15.5833 601
15.6 598
15.6167 595
15.6333 593
15.65 590
15.6667 588
15.6833 585
15.7 582
15.7167 580
15.7333 577
15.75 574
15.7667 572
15.7833 569
15.8 566
15.8167 564
15.8333 561
15.85 558
15.8667 555
15.8833 553
15.9 550
15.9167 547
15.9333 544
15.95 542
15.9667 539
15.9833 536
16.0 533
16.0167 530
16.0333 528
16.05 525
16.0667 522
16.0833 519
16.1 516
16.1167 513
16.1333 510
16.15 507
16.1667 505
16.1833 502
16.2 499
16.2167 496
16.2333 493
16.25 490
16.2667 487
16.2833 484
16.3 481
16.3167 478
16.3333 475
16.35 472
16.3667 469
16.3833 466
16.4 463
16.4167 460
16.4333 457
16.45 454
16.4667 451
16.4833 448
16.5 445
16.5167 442
16.5333 439
16.55 436
16.5667 433
16.5833 430
16.6 427
16.6167 424
16.6333 421
16.65 418
16.6667 415
16.6833 412
16.7 409
16.7167 406
16.7333 403
16.75 400
16.7667 397
16.7833 394
16.8 391
16.8167 387
16.8333 384
16.85 381
16.8667 378
16.8833 375
16.9 372
16.9167 369
16.9333 366
16.95 363
16.9667 360
16.9833 357
