8.0 280
8.0167 284
8.0333 288
8.05 292
8.0667 295
8.0833 299
8.1 303
8.1167 307
8.1333 310
8.15 314
8.1667 318
8.1833 322
8.2 326
8.2167 329
8.2333 333
8.25 337
8.2667 341
8.2833 344
8.3 348
8.3167 352
8.3333 356
8.35 360
8.3667 363
8.3833 367
8.4 371
8.4167 375
8.4333 378
8.45 382
8.4667 386
8.4833 390
8.5 393
8.5167 397
8.5333 401
8.55 405
8.5667 408
8.5833 412
8.6 416
8.6167 420
8.6333 423
8.65 427
8.6667 431
8.6833 435
8.7 438
8.7167 442
8.7333 446
8.75 449
8.7667 453
8.7833 457
8.8 460
8.8167 464
8.8333 468
8.85 471
8.8667 475
8.8833 479
8.9 482
8.9167 486
8.9333 489
8.95 493
8.9667 497
8.9833 500
9.0 504
9.0167 507
9.0333 511
9.05 514
9.0667 518
9.0833 521
9.1 525
9.1167 529
9.1333 532
9.15 536
9.1667 539
9.1833 543
9.2 546
9.2167 549
9.2333 553
9.25 556
9.2667 560
9.2833 563
9.3 567
9.3167 570
9.3333 574
9.35 577
9.3667 580
9.3833 584
9.4 587
9.4167 590
9.4333 594
9.45 597
9.4667 600
9.4833 604
9.5 607
9.5167 610
9.5333 614
9.55 617
9.5667 620
9.5833 623
9.6 627
9.6167 630
9.6333 633
9.65 636
9.6667 639
9.6833 643
9.7 646
9.7167 649
9.7333 652
9.75 655
9.7667 658
9.7833 661
9.8 664
9.8167 667
9.8333 671
9.85 674
9.8667 677
9.8833 680
9.9 683
9.9167 686
9.9333 689
9.95 692
9.9667 695
9.9833 697
10.0 700
10.0167 703
10.0333 706
10.05 709
10.0667 712
10.0833 715
10.1 718
10.1167 720
10.1333 723
10.15 726
10.1667 729
10.1833 732
10.2 734
10.2167 737
10.2333 740
10.25 743
10.2667 745
10.2833 748
10.3 751
10.3167 753
10.3333 756
10.35 758
10.3667 761
10.3833 764
10.4 766
10.4167 769
10.4333 771
10.45 774
10.4667 776
10.4833 779
10.5 781
10.5167 784
10.5333 786
10.55 789
10.5667 791
10.5833 793
10.6 796
10.6167 798
10.6333 801
10.65 803
10.6667 805
10.6833 807
10.7 810
10.7167 812
10.7333 814
10.75 816
10.7667 819
10.7833 821
10.8 823
10.8167 825
10.8333 827
10.85 830
10.8667 832
10.8833 834
10.9 836
10.9167 838
10.9333 840
10.95 842
10.9667 844
10.9833 846
11.0 848
11.0167 850
11.0333 852
11.05 854
11.0667 856
11.0833 858
11.1 859
11.1167 861
11.1333 863
11.15 865
11.1667 867
11.1833 869
11.2 870
11.2167 872
11.2333 874
11.25 875
11.2667 877
11.2833 879
11.3 880
11.3167 882
11.3333 884
11.35 885
11.3667 887
11.3833 888
11.4 890
11.4167 892
11.4333 893
11.45 895
11.4667 896
11.4833 897
11.5 899
11.5167 900
11.5333 902
11.55 903
11.5667 904
11.5833 906
11.6 907
11.6167 908
11.6333 910
11.65 911
11.6667 912
11.6833 913
11.7 915
11.7167 916
11.7333 917
11.75 918
11.7667 919
11.7833 920
11.8 921
11.8167 923
11.8333 924
11.85 925
11.8667 926
11.8833 927
11.9 928
11.9167 929
11.9333 929
11.95 930
11.9667 931
11.9833 932
12.0 933
12.0167 934
12.0333 935
12.05 936
12.0667 936
12.0833 937
12.1 938
12.1167 939
12.1333 939
12.15 940
12.1667 941
12.1833 941
12.2 942
12.2167 942
12.2333 943
12.25 944
12.2667 944
12.2833 945
12.3 945
12.3167 946
12.3333 946
12.35 947
12.3667 947
12.3833 947
12.4 948
12.4167 948
12.4333 949
12.45 949
12.4667 949
12.4833 949
12.5 950
12.5167 950
12.5333 950
12.55 950
12.5667 951
12.5833 951
12.6 951
12.6167 951
12.6333 951
12.65 951
12.6667 951
12.6833 951
12.7 951
12.7167 951
12.7333 951
12.75 951
12.7667 951
12.7833 951
12.8 951
12.8167 951
12.8333 951
12.85 951
12.8667 951
12.8833 950
12.9 950
12.9167 950
12.9333 950
12.95 949
12.9667 949
12.9833 949
13.0 948
13.0167 948
13.0333 948
13.05 947
13.0667 947
13.0833 947
13.1 946
13.1167 946
13.1333 945
13.15 945
13.1667 944
13.1833 944
13.2 943
13.2167 942
13.2333 942
13.25 941
13.2667 941
13.2833 940
13.3 939
13.3167 938
13.3333 938
13.35 937
13.3667 936
13.3833 935
13.4 935
13.4167 934
13.4333 933
13.45 932
13.4667 931
13.4833 930
13.5 929
13.5167 928
13.5333 928
13.55 927
13.5667 926
13.5833 925
13.6 923
13.6167 922
13.6333 921
13.65 920
13.6667 919
13.6833 918
13.7 917
13.7167 916
13.7333 914
13.75 913
13.7667 912
13.7833 911
13.8 910
13.8167 908
13.8333 907
13.85 906
13.8667 904
13.8833 903
13.9 902
13.9167 900
13.9333 899
13.95 897
13.9667 896
13.9833 894
14.0 893
14.0167 891
14.0333 890
14.05 888
14.0667 887
14.0833 885
14.1 884
14.1167 882
14.1333 880
14.15 879
14.1667 877
14.1833 875
14.2 874
14.2167 872
14.2333 870
14.25 868
14.2667 867
14.2833 865
14.3 863
14.3167 861
14.3333 859
14.35 857
14.3667 855
14.3833 854
14.4 852
14.4167 850
14.4333 848
14.45 846
14.4667 844
14.4833 842
14.5 840
14.5167 838
14.5333 836
14.55 834
14.5667 831
14.5833 829
14.6 827
14.6167 825
14.6333 823
14.65 821
14.6667 818
14.6833 816
14.7 814
14.7167 812
14.7333 810
14.75 807
14.7667 805
14.7833 803
14.8 800
14.8167 798
14.8333 796
14.85 793
14.8667 791
14.8833 788
14.9 786
14.9167 783
14.9333 781
14.95 779
14.9667 776
14.9833 774
15.0 770
15.0167 768
15.0333 765
15.05 763
15.0667 760
15.0833 758
15.1 755
15.1167 752
15.1333 750
15.15 747
15.1667 744
15.1833 742
15.2 739
15.2167 736
15.2333 733
15.25 731
15.2667 728
15.2833 725
15.3 722
15.3167 719
15.3333 717
15.35 714
15.3667 711
15.3833 708
15.4 705
15.4167 702
15.4333 699
15.45 696
15.4667 694
15.4833 691
15.5 688
15.5167 685
15.5333 682
15.55 679
15.5667 676
15.5833 673
15.6 670
15.6167 666
15.6333 663
15.65 660
15.6667 657
15.6833 654
15.7 651
15.7167 648
15.7333 645
15.75 642
15.7667 638
15.7833 635
15.8 632
15.8167 629
15.8333 626
15.85 622
15.8667 619
15.8833 616
15.9 613
15.9167 609
15.9333 606
15.95 603
15.9667 599
15.9833 596
16.0 593
16.0167 589
16.0333 586
16.05 583
16.0667 579
16.0833 576
16.1 572
16.1167 569
16.1333 566
16.15 562
16.1667 559
16.1833 555
16.2 552
16.2167 548
16.2333 545
16.25 541
16.2667 538
16.2833 534
16.3 531
16.3167 527
16.3333 524
16.35 520
16.3667 517
16.3833 513
16.4 510
16.4167 506
16.4333 502
16.45 499
16.4667 495
16.4833 492
16.5 488
16.5167 484
16.5333 481
16.55 477
16.5667 474
16.5833 470
16.6 466
16.6167 463
16.6333 459
16.65 455
16.6667 452
16.6833 448
16.7 444
16.7167 440
16.7333 437
16.75 433
16.7667 429
16.7833 426
16.8 422
16.8167 418
16.8333 414
16.85 411
16.8667 407
16.8833 403
16.9 399
16.9167 396
16.9333 392
16.95 388
16.9667 384
16.9833 381
