8.0 313
8.0167 317
8.0333 320
8.05 324
8.0667 328
8.0833 332
8.1 336
8.1167 339
8.1333 343
8.15 347
8.1667 351
8.1833 354
8.2 358
8.2167 362
8.2333 366
8.25 369
8.2667 373
8.2833 377
8.3 381
8.3167 384
8.3333 388
8.35 392
8.3667 396
8.3833 399
8.4 403
8.4167 407
8.4333 411
8.45 414
8.4667 418
8.4833 422
8.5 426
8.5167 429
8.5333 433
8.55 437
8.5667 440
8.5833 444
8.6 448
8.6167 451
8.6333 455
8.65 459
8.6667 462
8.6833 466
8.7 470
8.7167 473
8.7333 477
8.75 481
8.7667 484
8.7833 488
8.8 492
8.8167 495
8.8333 499
8.85 503
8.8667 506
8.8833 510
8.9 513
8.9167 517
8.9333 520
8.95 524
8.9667 528
8.9833 531
9.0 535
9.0167 538
9.0333 541
9.05 545
9.0667 549
9.0833 552
9.1 556
9.1167 559
9.1333 562
9.15 566
9.1667 569
9.1833 573
9.2 576
9.2167 580
9.2333 583
9.25 587
9.2667 590
9.2833 593
9.3 597
9.3167 600
9.3333 604
9.35 607
9.3667 610
9.3833 614
9.4 617
9.4167 620
9.4333 623
9.45 627
9.4667 630
9.4833 633
9.5 637
9.5167 640
9.5333 643
9.55 646
9.5667 650
9.5833 653
9.6 656
9.6167 659
9.6333 662
9.65 665
9.6667 669
9.6833 672
9.7 675
9.7167 678
9.7333 681
9.75 684
9.7667 687
9.7833 690
9.8 693
9.8167 696
9.8333 699
9.85 702
9.8667 705
9.8833 708
9.9 711
9.9167 714
9.9333 717
9.95 720
9.9667 723
9.9833 726
10.0 729
10.0167 732
10.0333 735
10.05 738
10.0667 741
10.0833 743
10.1 746
10.1167 749
10.1333 752
10.15 755
10.1667 757
10.1833 760
10.2 763
10.2167 765
10.2333 768
10.25 771
10.2667 774
10.2833 776
10.3 779
10.3167 782
10.3333 784
10.35 787
10.3667 789
10.3833 792
10.4 794
10.4167 797
10.4333 800
10.45 802
10.4667 805
10.4833 807
10.5 810
10.5167 812
10.5333 814
10.55 817
10.5667 819
10.5833 822
10.6 824
10.6167 826
10.6333 829
10.65 831
10.6667 833
10.6833 836
10.7 838
10.7167 840
10.7333 842
10.75 845
10.7667 847
10.7833 849
10.8 851
10.8167 854
10.8333 856
10.85 858
10.8667 860
10.8833 862
10.9 864
10.9167 866
10.9333 868
10.95 870
10.9667 872
10.9833 874
11.0 876
11.0167 878
11.0333 880
11.05 882
11.0667 884
11.0833 886
11.1 888
11.1167 890
11.1333 892
11.15 893
11.1667 895
11.1833 897
11.2 899
11.2167 901
11.2333 902
11.25 904
11.2667 906
11.2833 908
11.3 909
11.3167 911
11.3333 913
11.35 914
11.3667 916
11.3833 917
11.4 919
11.4167 920
11.4333 922
11.45 924
11.4667 925
11.4833 927
11.5 928
11.5167 929
11.5333 931
11.55 932
11.5667 934
11.5833 935
11.6 936
11.6167 938
11.6333 939
11.65 940
11.6667 942
11.6833 943
11.7 944
11.7167 945
11.7333 947
11.75 948
11.7667 949
11.7833 950
11.8 951
11.8167 952
11.8333 954
11.85 955
11.8667 956
11.8833 957
11.9 958
11.9167 959
11.9333 960
11.95 961
11.9667 962
11.9833 963
12.0 964
12.0167 964
12.0333 965
12.05 966
12.0667 967
12.0833 968
12.1 969
12.1167 969
12.1333 970
12.15 971
12.1667 972
12.1833 972
12.2 973
12.2167 974
12.2333 974
12.25 975
12.2667 976
12.2833 976
12.3 977
12.3167 977
12.3333 978
12.35 978
12.3667 979
12.3833 979
12.4 980
12.4167 980
12.4333 981
12.45 981
12.4667 982
12.4833 982
12.5 982
12.5167 983
12.5333 983
12.55 983
12.5667 983
12.5833 984
12.6 984
12.6167 984
12.6333 984
12.65 984
12.6667 985
12.6833 985
12.7 985
12.7167 985
12.7333 985
12.75 985
12.7667 985
12.7833 985
12.8 985
12.8167 985
12.8333 985
12.85 985
12.8667 985
12.8833 985
12.9 985
12.9167 985
12.9333 984
12.95 984
12.9667 984
12.9833 984
13.0 984
13.0167 983
13.0333 983
13.05 983
13.0667 983
13.0833 982
13.1 982
13.1167 981
13.1333 981
13.15 981
13.1667 980
13.1833 980
13.2 979
13.2167 979
13.2333 978
13.25 978
13.2667 977
13.2833 977
13.3 976
13.3167 976
13.3333 975
13.35 974
13.3667 974
13.3833 973
13.4 972
13.4167 972
13.4333 971
13.45 970
13.4667 969
13.4833 968
13.5 968
13.5167 967
13.5333 966
13.55 965
13.5667 964
13.5833 963
13.6 962
13.6167 962
13.6333 961
13.65 960
13.6667 959
13.6833 958
13.7 957
13.7167 955
13.7333 954
13.75 953
13.7667 952
13.7833 951
13.8 950
13.8167 949
13.8333 948
13.85 946
13.8667 945
13.8833 944
13.9 943
13.9167 941
13.9333 940
13.95 939
13.9667 937
13.9833 936
14.0 935
14.0167 933
14.0333 932
14.05 931
14.0667 929
14.0833 928
14.1 926
14.1167 925
14.1333 923
14.15 922
14.1667 920
14.1833 919
14.2 917
14.2167 915
14.2333 914
14.25 912
14.2667 910
14.2833 909
14.3 907
14.3167 905
14.3333 904
14.35 902
14.3667 900
14.3833 898
14.4 897
14.4167 895
14.4333 893
14.45 891
14.4667 889
14.4833 887
14.5 886
14.5167 884
14.5333 882
14.55 880
14.5667 878
14.5833 876
14.6 874
14.6167 872
14.6333 870
14.65 868
14.6667 866
14.6833 864
14.7 862
14.7167 859
14.7333 857
14.75 855
14.7667 853
14.7833 851
14.8 849
14.8167 846
14.8333 844
14.85 842
14.8667 840
14.8833 837
14.9 835
14.9167 833
14.9333 831
14.95 828
14.9667 826
14.9833 823
15.0 821
15.0167 818
15.0333 816
15.05 814
15.0667 811
15.0833 809
15.1 806
15.1167 804
15.1333 801
15.15 799
15.1667 796
15.1833 794
15.2 791
15.2167 788
15.2333 786
15.25 783
15.2667 781
15.2833 778
15.3 775
15.3167 773
15.3333 770
15.35 767
15.3667 765
15.3833 762
15.4 759
15.4167 756
15.4333 754
15.45 751
15.4667 748
15.4833 745
15.5 742
15.5167 740
15.5333 737
15.55 734
15.5667 731
15.5833 728
15.6 725
15.6167 722
15.6333 719
15.65 716
15.6667 713
15.6833 710
15.7 707
15.7167 704
15.7333 701
15.75 698
15.7667 695
15.7833 692
15.8 689
15.8167 686
15.8333 683
15.85 680
15.8667 677
15.8833 674
15.9 671
15.9167 668
15.9333 664
15.95 661
15.9667 658
15.9833 655
16.0 652
16.0167 648
16.0333 645
16.05 642
16.0667 639
16.0833 636
16.1 632
16.1167 629
16.1333 626
16.15 622
16.1667 619
16.1833 616
16.2 612
16.2167 609
16.2333 606
16.25 602
16.2667 599
16.2833 596
16.3 592
16.3167 589
16.3333 585
16.35 582
16.3667 579
16.3833 575
16.4 572
16.4167 568
16.4333 565
16.45 561
16.4667 558
16.4833 554
16.5 551
16.5167 547
16.5333 544
16.55 540
16.5667 537
16.5833 533
16.6 530
16.6167 526
16.6333 523
16.65 519
16.6667 515
16.6833 512
16.7 508
16.7167 505
16.7333 501
16.75 497
16.7667 494
16.7833 490
16.8 487
16.8167 483
16.8333 479
16.85 476
16.8667 472
16.8833 468
16.9 465
16.9167 461
16.9333 457
16.95 454
16.9667 450
16.9833 446
