8.0 259
8.0167 262
8.0333 266
8.05 269
8.0667 273
8.0833 276
8.1 280
8.1167 283
8.1333 287
8.15 290
8.1667 294
8.1833 297
8.2 301
8.2167 304
8.2333 308
8.25 312
8.2667 315
8.2833 319
8.3 322
8.3167 326
8.3333 329
8.35 333
8.3667 336
8.3833 340
8.4 343
8.4167 347
8.4333 351
8.45 354
8.4667 358
8.4833 361
8.5 365
8.5167 368
8.5333 372
8.55 375
8.5667 379
8.5833 382
8.6 386
8.6167 390
8.6333 393
8.65 397
8.6667 400
8.6833 404
8.7 407
8.7167 411
8.7333 414
8.75 418
8.7667 421
8.7833 425
8.8 428
8.8167 432
8.8333 435
8.85 439
8.8667 442
8.8833 446
8.9 449
8.9167 453
8.9333 456
8.95 459
8.9667 463
8.9833 466
9.0 470
9.0167 473
9.0333 476
9.05 480
9.0667 483
9.0833 487
9.1 490
9.1167 493
9.1333 497
9.15 500
9.1667 504
9.1833 507
9.2 510
9.2167 514
9.2333 517
9.25 520
9.2667 524
9.2833 527
9.3 530
9.3167 533
9.3333 537
9.35 540
9.3667 543
9.3833 547
9.4 550
9.4167 553
9.4333 556
9.45 559
9.4667 563
9.4833 566
9.5 569
9.5167 572
9.5333 575
9.55 579
9.5667 582
9.5833 585
9.6 588
9.6167 591
9.6333 594
9.65 597
9.6667 600
9.6833 603
9.7 606
9.7167 610
9.7333 613
9.75 616
9.7667 619
9.7833 622
9.8 625
9.8167 628
9.8333 631
9.85 633
9.8667 636
9.8833 639
9.9 642
9.9167 645
9.9333 648
9.95 651
9.9667 654
9.9833 657
10.0 660
10.0167 662
10.0333 665
10.05 668
10.0667 671
10.0833 674
10.1 676
10.1167 679
10.1333 682
10.15 685
10.1667 687
10.1833 690
10.2 693
10.2167 695
10.2333 698
10.25 701
10.2667 703
10.2833 706
10.3 708
10.3167 711
10.3333 714
10.35 716
10.3667 719
10.3833 721
10.4 724
10.4167 726
10.4333 729
10.45 731
10.4667 734
10.4833 736
10.5 739
10.5167 741
10.5333 743
10.55 746
10.5667 748
10.5833 750
10.6 753
10.6167 755
10.6333 757
10.65 760
10.6667 762
10.6833 764
10.7 767
10.7167 769
10.7333 771
10.75 773
10.7667 775
10.7833 777
10.8 780
10.8167 782
10.8333 784
10.85 786
10.8667 788
10.8833 790
10.9 792
10.9167 794
10.9333 796
10.95 798
10.9667 800
10.9833 802
11.0 804
11.0167 806
11.0333 808
11.05 810
11.0667 812
11.0833 814
11.1 815
11.1167 817
11.1333 819
11.15 821
11.1667 823
11.1833 824
11.2 826
11.2167 828
11.2333 830
11.25 831
11.2667 833
11.2833 835
11.3 836
11.3167 838
11.3333 840
11.35 841
11.3667 843
11.3833 844
11.4 846
11.4167 847
11.4333 849
11.45 850
11.4667 852
11.4833 853
11.5 855
11.5167 856
11.5333 858
11.55 859
11.5667 860
11.5833 862
11.6 863
11.6167 864
11.6333 865
11.65 867
11.6667 868
11.6833 869
11.7 870
11.7167 872
11.7333 873
11.75 874
11.7667 875
11.7833 876
11.8 877
11.8167 878
11.8333 879
11.85 881
11.8667 882
11.8833 883
11.9 884
11.9167 885
11.9333 885
11.95 886
11.9667 887
11.9833 888
12.0 889
12.0167 890
12.0333 891
12.05 892
12.0667 892
12.0833 893
12.1 894
12.1167 895
12.1333 895
12.15 896
12.1667 897
12.1833 898
12.2 898
12.2167 899
12.2333 899
12.25 900
12.2667 901
12.2833 901
12.3 902
12.3167 902
12.3333 903
12.35 903
12.3667 904
12.3833 904
12.4 904
12.4167 905
12.4333 905
12.45 906
12.4667 906
12.4833 906
12.5 907
12.5167 907
12.5333 907
12.55 907
12.5667 908
12.5833 908
12.6 908
12.6167 908
12.6333 908
12.65 908
12.6667 909
12.6833 909
12.7 909
12.7167 909
12.7333 909
12.75 909
12.7667 909
12.7833 909
12.8 909
12.8167 909
12.8333 909
12.85 909
12.8667 908
12.8833 908
12.9 908
12.9167 908
12.9333 908
12.95 908
12.9667 907
12.9833 907
13.0 907
13.0167 906
13.0333 906
13.05 906
13.0667 905
13.0833 905
13.1 905
13.1167 904
13.1333 904
13.15 903
13.1667 903
13.1833 902
13.2 902
13.2167 901
13.2333 901
13.25 900
13.2667 900
13.2833 899
13.3 898
13.3167 898
13.3333 897
13.35 897
13.3667 896
13.3833 895
13.4 894
13.4167 894
13.4333 893
13.45 892
13.4667 891
13.4833 890
13.5 890
13.5167 889
13.5333 888
13.55 887
13.5667 886
13.5833 885
13.6 884
13.6167 883
13.6333 882
13.65 881
13.6667 880
13.6833 879
13.7 878
13.7167 877
13.7333 876
13.75 875
13.7667 873
13.7833 872
13.8 871
13.8167 870
13.8333 869
13.85 867
13.8667 866
13.8833 865
13.9 864
13.9167 862
13.9333 861
13.95 860
13.9667 858
13.9833 857
14.0 855
14.0167 854
14.0333 853
14.05 851
14.0667 850
14.0833 848
14.1 847
14.1167 845
14.1333 844
14.15 842
14.1667 840
14.1833 839
14.2 837
14.2167 836
14.2333 834
14.25 832
14.2667 831
14.2833 829
14.3 827
14.3167 825
14.3333 824
14.35 822
14.3667 820
14.3833 818
14.4 816
14.4167 815
14.4333 813
14.45 811
14.4667 809
14.4833 807
14.5 805
14.5167 803
14.5333 801
14.55 799
14.5667 797
14.5833 795
14.6 793
14.6167 791
14.6333 789
14.65 787
14.6667 785
14.6833 783
14.7 781
14.7167 779
14.7333 776
14.75 774
14.7667 772
14.7833 770
14.8 768
14.8167 765
14.8333 763
14.85 761
14.8667 759
14.8833 756
14.9 754
14.9167 752
14.9333 749
14.95 747
14.9667 745
14.9833 742
15.0 739
15.0167 737
15.0333 735
15.05 732
15.0667 730
15.0833 727
15.1 725
15.1167 722
15.1333 720
15.15 717
15.1667 714
15.1833 712
15.2 709
15.2167 707
15.2333 704
15.25 702
15.2667 699
15.2833 696
15.3 694
15.3167 691
15.3333 688
15.35 685
15.3667 683
15.3833 680
15.4 677
15.4167 674
15.4333 672
15.45 669
15.4667 666
15.4833 663
15.5 660
15.5167 658
15.5333 655
15.55 652
15.5667 649
15.5833 646
15.6 643
15.6167 640
15.6333 637
15.65 634
15.6667 632
15.6833 629
15.7 626
15.7167 623
15.7333 620
15.75 617
15.7667 614
15.7833 611
15.8 607
15.8167 604
15.8333 601
15.85 598
15.8667 595
15.8833 592
15.9 589
15.9167 586
15.9333 583
15.95 580
15.9667 576
15.9833 573
16.0 570
16.0167 567
16.0333 564
16.05 561
16.0667 557
16.0833 554
16.1 551
16.1167 548
16.1333 544
16.15 541
16.1667 538
16.1833 535
16.2 531
16.2167 528
16.2333 525
16.25 521
16.2667 518
16.2833 515
16.3 511
16.3167 508
16.3333 505
16.35 501
16.3667 498
16.3833 495
16.4 491
16.4167 488
16.4333 484
16.45 481
16.4667 478
16.4833 474
16.5 471
16.5167 467
16.5333 464
16.55 460
16.5667 457
16.5833 454
16.6 450
16.6167 447
16.6333 443
16.65 440
16.6667 436
16.6833 433
16.7 429
16.7167 426
16.7333 422
16.75 419
16.7667 415
16.7833 412
16.8 408
16.8167 405
16.8333 401
16.85 398
16.8667 394
16.8833 391
16.9 387
16.9167 383
16.9333 380
16.95 376
16.9667 373
16.9833 369
