8.0 283
8.0167 287
8.0333 290
8.05 294
8.0667 298
8.0833 302
8.1 306
8.1167 309
8.1333 313
8.15 317
8.1667 321
8.1833 325
8.2 329
8.2167 332
8.2333 336
8.25 340
8.2667 344
8.2833 348
8.3 351
8.3167 355
8.3333 359
8.35 363
8.3667 367
8.3833 370
8.4 374
8.4167 378
8.4333 382
8.45 386
8.4667 389
8.4833 393
8.5 397
8.5167 401
8.5333 405
8.55 408
8.5667 412
8.5833 416
8.6 420
8.6167 423
8.6333 427
8.65 431
8.6667 435
8.6833 438
8.7 442
8.7167 446
8.7333 450
8.75 453
8.7667 457
8.7833 461
8.8 464
8.8167 468
8.8333 472
8.85 475
8.8667 479
8.8833 483
8.9 486
8.9167 490
8.9333 494
8.95 497
8.9667 501
8.9833 505
9.0 508
9.0167 511
9.0333 515
9.05 519
9.0667 522
9.0833 526
9.1 529
9.1167 533
9.1333 536
9.15 540
9.1667 543
9.1833 547
9.2 550
9.2167 554
9.2333 557
9.25 561
9.2667 564
9.2833 568
9.3 571
9.3167 575
9.3333 578
9.35 582
9.3667 585
9.3833 588
9.4 592
9.4167 595
9.4333 598
9.45 602
9.4667 605
9.4833 608
9.5 612
9.5167 615
9.5333 618
9.55 622
9.5667 625
9.5833 628
9.6 631
9.6167 635
9.6333 638
9.65 641
9.6667 644
9.6833 647
9.7 651
9.7167 654
9.7333 657
9.75 660
9.7667 663
9.7833 666
9.8 669
9.8167 672
9.8333 676
9.85 679
9.8667 682
9.8833 685
9.9 688
9.9167 691
9.9333 694
9.95 697
9.9667 700
9.9833 703
10.0 705
10.0167 708
10.0333 711
10.05 714
10.0667 717
10.0833 720
10.1 723
10.1167 726
10.1333 728
10.15 731
10.1667 734
10.1833 737
10.2 740
10.2167 742
10.2333 745
10.25 748
10.2667 750
10.2833 753
10.3 756
10.3167 758
10.3333 761
10.35 764
10.3667 766
10.3833 769
10.4 771
10.4167 774
10.4333 777
10.45 779
10.4667 782
10.4833 784
10.5 787
10.5167 789
10.5333 791
10.55 794
10.5667 796
10.5833 799
10.6 801
10.6167 803
10.6333 806
10.65 808
10.6667 810
10.6833 813
10.7 815
10.7167 817
10.7333 820
10.75 822
10.7667 824
10.7833 826
10.8 828
10.8167 831
10.8333 833
10.85 835
10.8667 837
10.8833 839
10.9 841
10.9167 843
10.9333 845
10.95 847
10.9667 849
10.9833 851
11.0 853
11.0167 855
11.0333 857
11.05 859
11.0667 861
11.0833 863
11.1 865
11.1167 867
11.1333 868
11.15 870
11.1667 872
11.1833 874
11.2 876
11.2167 877
11.2333 879
11.25 881
11.2667 882
11.2833 884
11.3 886
11.3167 887
11.3333 889
11.35 891
11.3667 892
11.3833 894
11.4 895
11.4167 897
11.4333 898
11.45 900
11.4667 901
11.4833 903
11.5 904
11.5167 906
11.5333 907
11.55 908
11.5667 910
11.5833 911
11.6 912
11.6167 914
11.6333 915
11.65 916
11.6667 917
11.6833 919
11.7 920
11.7167 921
11.7333 922
11.75 923
11.7667 924
11.7833 926
11.8 927
11.8167 928
11.8333 929
11.85 930
11.8667 931
11.8833 932
11.9 933
11.9167 934
11.9333 935
11.95 935
11.9667 936
11.9833 937
12.0 938
12.0167 939
12.0333 940
12.05 941
12.0667 941
12.0833 942
12.1 943
12.1167 944
12.1333 944
12.15 945
12.1667 946
12.1833 946
12.2 947
12.2167 947
12.2333 948
12.25 949
12.2667 949
12.2833 950
12.3 950
12.3167 951
12.3333 951
12.35 951
12.3667 952
12.3833 952
12.4 953
12.4167 953
12.4333 953
12.45 954
12.4667 954
12.4833 954
12.5 954
12.5167 955
12.5333 955
12.55 955
12.5667 955
12.5833 955
12.6 956
12.6167 956
12.6333 956
12.65 956
12.6667 956
12.6833 956
12.7 956
12.7167 956
12.7333 956
12.75 956
12.7667 956
12.7833 956
12.8 956
12.8167 956
12.8333 955
12.85 955
12.8667 955
12.8833 955
12.9 955
12.9167 954
12.9333 954
12.95 954
12.9667 954
12.9833 953
13.0 953
13.0167 953
13.0333 952
13.05 952
13.0667 951
13.0833 951
13.1 950
13.1167 950
13.1333 949
13.15 949
13.1667 948
13.1833 948
13.2 947
13.2167 947
13.2333 946
13.25 945
13.2667 945
13.2833 944
13.3 943
13.3167 943
13.3333 942
13.35 941
13.3667 940
13.3833 940
13.4 939
13.4167 938
13.4333 937
13.45 936
13.4667 935
13.4833 934
13.5 933
13.5167 932
13.5333 931
13.55 930
13.5667 929
13.5833 928
13.6 927
13.6167 926
13.6333 925
13.65 924
13.6667 923
13.6833 922
13.7 921
13.7167 919
13.7333 918
13.75 917
13.7667 916
13.7833 915
13.8 913
13.8167 912
13.8333 911
13.85 909
13.8667 908
13.8833 907
13.9 905
13.9167 904
13.9333 902
13.95 901
13.9667 899
13.9833 898
14.0 896
14.0167 895
14.0333 893
14.05 892
14.0667 890
14.0833 889
14.1 887
14.1167 885
14.1333 884
14.15 882
14.1667 880
14.1833 879
14.2 877
14.2167 875
14.2333 873
14.25 872
14.2667 870
14.2833 868
14.3 866
14.3167 864
14.3333 862
14.35 860
14.3667 859
14.3833 857
14.4 855
14.4167 853
14.4333 851
14.45 849
14.4667 847
14.4833 845
14.5 843
14.5167 841
14.5333 838
14.55 836
14.5667 834
14.5833 832
14.6 830
14.6167 828
14.6333 826
14.65 823
14.6667 821
14.6833 819
14.7 817
14.7167 814
14.7333 812
14.75 810
14.7667 807
14.7833 805
14.8 803
14.8167 800
14.8333 798
14.85 796
14.8667 793
14.8833 791
14.9 788
14.9167 786
14.9333 783
14.95 781
14.9667 778
14.9833 776
15.0 773
15.0167 770
15.0333 767
15.05 765
15.0667 762
15.0833 760
15.1 757
15.1167 754
15.1333 752
15.15 749
15.1667 746
15.1833 744
15.2 741
15.2167 738
15.2333 735
15.25 732
15.2667 730
15.2833 727
15.3 724
15.3167 721
15.3333 718
15.35 716
15.3667 713
15.3833 710
15.4 707
15.4167 704
15.4333 701
15.45 698
15.4667 695
15.4833 692
15.5 689
15.5167 686
15.5333 683
15.55 680
15.5667 677
15.5833 674
15.6 671
15.6167 668
15.6333 665
15.65 662
15.6667 658
15.6833 655
15.7 652
15.7167 649
15.7333 646
15.75 643
15.7667 639
15.7833 636
15.8 633
15.8167 630
15.8333 626
15.85 623
15.8667 620
15.8833 617
15.9 613
15.9167 610
15.9333 607
15.95 603
15.9667 600
15.9833 597
16.0 593
16.0167 590
16.0333 587
16.05 583
16.0667 580
16.0833 576
16.1 573
16.1167 570
16.1333 566
16.15 563
16.1667 559
16.1833 556
16.2 552
16.2167 549
16.2333 545
16.25 542
16.2667 538
16.2833 535
16.3 531
16.3167 528
16.3333 524
16.35 520
16.3667 517
16.3833 513
16.4 510
16.4167 506
16.4333 502
16.45 499
16.4667 495
16.4833 492
16.5 488
16.5167 484
16.5333 481
16.55 477
16.5667 473
16.5833 470
16.6 466
16.6167 462
16.6333 459
16.65 455
16.6667 451
16.6833 447
16.7 444
16.7167 440
16.7333 436
16.75 432
16.7667 429
16.7833 425
16.8 421
16.8167 417
16.8333 414
16.85 410
16.8667 406
16.8833 402
16.9 399
16.9167 395
16.9333 391
16.95 387
16.9667 383
16.9833 380
