8.0 274
8.0167 278
8.0333 282
8.05 285
8.0667 289
8.0833 293
8.1 297
8.1167 301
8.1333 304
8.15 308
8.1667 312
8.1833 316
8.2 319
8.2167 323
8.2333 327
8.25 331
8.2667 335
8.2833 338
8.3 342
8.3167 346
8.3333 350
8.35 354
8.3667 357
8.3833 361
8.4 365
8.4167 369
8.4333 372
8.45 376
8.4667 380
8.4833 384
8.5 387
8.5167 391
8.5333 395
8.55 399
8.5667 402
8.5833 406
8.6 410
8.6167 414
8.6333 417
8.65 421
8.6667 425
8.6833 429
8.7 432
8.7167 436
8.7333 440
8.75 443
8.7667 447
8.7833 451
8.8 454
8.8167 458
8.8333 462
8.85 465
8.8667 469
8.8833 473
8.9 476
8.9167 480
8.9333 484
8.95 487
8.9667 491
8.9833 494
9.0 498
9.0167 501
9.0333 505
9.05 508
9.0667 512
9.0833 516
9.1 519
9.1167 523
9.1333 526
9.15 530
9.1667 533
9.1833 537
9.2 540
9.2167 544
9.2333 547
9.25 551
9.2667 554
9.2833 557
9.3 561
9.3167 564
9.3333 568
9.35 571
9.3667 575
9.3833 578
9.4 581
9.4167 585
9.4333 588
9.45 591
9.4667 595
9.4833 598
9.5 601
9.5167 605
9.5333 608
9.55 611
9.5667 614
9.5833 618
9.6 621
9.6167 624
9.6333 627
9.65 630
9.6667 634
9.6833 637
9.7 640
9.7167 643
9.7333 646
9.75 649
9.7667 652
9.7833 656
9.8 659
9.8167 662
9.8333 665
9.85 668
9.8667 671
9.8833 674
9.9 677
9.9167 680
9.9333 683
9.95 686
9.9667 689
9.9833 692
10.0 695
10.0167 697
10.0333 700
10.05 703
10.0667 706
10.0833 709
10.1 712
10.1167 715
10.1333 717
10.15 720
10.1667 723
10.1833 726
10.2 728
10.2167 731
10.2333 734
10.25 737
10.2667 739
10.2833 742
10.3 745
10.3167 747
10.3333 750
10.35 752
10.3667 755
10.3833 758
10.4 760
10.4167 763
10.4333 765
10.45 768
10.4667 770
10.4833 773
10.5 775
10.5167 778
10.5333 780
10.55 783
10.5667 785
10.5833 787
10.6 790
10.6167 792
10.6333 794
10.65 797
10.6667 799
10.6833 801
10.7 804
10.7167 806
10.7333 808
10.75 810
10.7667 813
10.7833 815
10.8 817
10.8167 819
10.8333 821
10.85 823
10.8667 825
10.8833 827
10.9 830
10.9167 832
10.9333 834
10.95 836
10.9667 838
10.9833 840
11.0 842
11.0167 844
11.0333 845
11.05 847
11.0667 849
11.0833 851
11.1 853
11.1167 855
11.1333 857
11.15 858
11.1667 860
11.1833 862
11.2 864
11.2167 865
11.2333 867
11.25 869
11.2667 871
11.2833 872
11.3 874
11.3167 875
11.3333 877
11.35 879
11.3667 880
11.3833 882
11.4 883
11.4167 885
11.4333 886
11.45 888
11.4667 889
11.4833 891
11.5 892
11.5167 893
11.5333 895
11.55 896
11.5667 897
11.5833 899
11.6 900
11.6167 901
11.6333 903
11.65 904
11.6667 905
11.6833 906
11.7 907
11.7167 909
11.7333 910
11.75 911
11.7667 912
11.7833 913
11.8 914
11.8167 915
11.8333 916
11.85 917
11.8667 918
11.8833 919
11.9 920
11.9167 921
11.9333 922
11.95 923
11.9667 924
11.9833 925
12.0 925
12.0167 926
12.0333 927
12.05 928
12.0667 929
12.0833 929
12.1 930
12.1167 931
12.1333 931
12.15 932
12.1667 933
12.1833 933
12.2 934
12.2167 935
12.2333 935
12.25 936
12.2667 936
12.2833 937
12.3 937
12.3167 938
12.3333 938
12.35 938
12.3667 939
12.3833 939
12.4 940
12.4167 940
12.4333 940
12.45 941
12.4667 941
12.4833 941
12.5 941
12.5167 942
12.5333 942
12.55 942
12.5667 942
12.5833 942
12.6 942
12.6167 942
12.6333 943
12.65 943
12.6667 943
12.6833 943
12.7 943
12.7167 943
12.7333 943
12.75 943
12.7667 942
12.7833 942
12.8 942
12.8167 942
12.8333 942
12.85 942
12.8667 942
12.8833 941
12.9 941
12.9167 941
12.9333 941
12.95 940
12.9667 940
12.9833 940
13.0 939
13.0167 939
13.0333 938
13.05 938
13.0667 938
13.0833 937
13.1 937
13.1167 936
13.1333 936
13.15 935
13.1667 934
13.1833 934
13.2 933
13.2167 933
13.2333 932
13.25 931
13.2667 931
13.2833 930
13.3 929
13.3167 929
13.3333 928
13.35 927
13.3667 926
13.3833 925
13.4 925
13.4167 924
13.4333 923
13.45 922
13.4667 921
13.4833 920
13.5 919
13.5167 918
13.5333 917
13.55 916
13.5667 915
13.5833 914
13.6 913
13.6167 912
13.6333 911
13.65 910
13.6667 908
13.6833 907
13.7 906
13.7167 905
13.7333 904
13.75 902
13.7667 901
13.7833 900
13.8 899
13.8167 897
13.8333 896
13.85 895
13.8667 893
13.8833 892
13.9 890
13.9167 889
13.9333 888
13.95 886
13.9667 885
13.9833 883
14.0 881
14.0167 880
14.0333 878
14.05 877
14.0667 875
14.0833 874
14.1 872
14.1167 870
14.1333 869
14.15 867
14.1667 865
14.1833 863
14.2 862
14.2167 860
14.2333 858
14.25 856
14.2667 855
14.2833 853
14.3 851
14.3167 849
14.3333 847
14.35 845
14.3667 843
14.3833 841
14.4 839
14.4167 837
14.4333 835
14.45 833
14.4667 831
14.4833 829
14.5 827
14.5167 825
14.5333 823
14.55 821
14.5667 819
14.5833 817
14.6 814
14.6167 812
14.6333 810
14.65 808
14.6667 806
14.6833 803
14.7 801
14.7167 799
14.7333 796
14.75 794
14.7667 792
14.7833 789
14.8 787
14.8167 785
14.8333 782
14.85 780
14.8667 777
14.8833 775
14.9 772
14.9167 770
14.9333 767
14.95 765
14.9667 762
14.9833 760
15.0 757
15.0167 754
15.0333 751
15.05 749
15.0667 746
15.0833 744
15.1 741
15.1167 738
15.1333 735
15.15 733
15.1667 730
15.1833 727
15.2 725
15.2167 722
15.2333 719
15.25 716
15.2667 713
15.2833 711
15.3 708
15.3167 705
15.3333 702
15.35 699
15.3667 696
15.3833 693
15.4 690
15.4167 687
15.4333 685
15.45 682
15.4667 679
15.4833 676
15.5 673
15.5167 670
15.5333 667
15.55 664
15.5667 660
15.5833 657
15.6 654
15.6167 651
15.6333 648
15.65 645
15.6667 642
15.6833 639
15.7 636
15.7167 632
15.7333 629
15.75 626
15.7667 623
15.7833 620
15.8 616
15.8167 613
15.8333 610
15.85 607
15.8667 603
15.8833 600
15.9 597
15.9167 593
15.9333 590
15.95 587
15.9667 583
15.9833 580
16.0 577
16.0167 573
16.0333 570
16.05 566
16.0667 563
16.0833 560
16.1 556
16.1167 553
16.1333 549
16.15 546
16.1667 542
16.1833 539
16.2 535
16.2167 532
16.2333 528
16.25 525
16.2667 521
16.2833 518
16.3 514
16.3167 511
16.3333 507
16.35 504
16.3667 500
16.3833 496
16.4 493
16.4167 489
16.4333 486
16.45 482
16.4667 478
16.4833 475
16.5 471
16.5167 467
16.5333 464
16.55 460
16.5667 456
16.5833 453
16.6 449
16.6167 445
16.6333 442
16.65 438
16.6667 434
16.6833 431
16.7 427
16.7167 423
16.7333 419
16.75 416
16.7667 412
16.7833 408
16.8 405
16.8167 401
16.8333 397
16.85 393
16.8667 390
16.8833 386
16.9 382
16.9167 378
16.9333 374
16.95 371
16.9667 367
16.9833 363
