8.0 270
8.0167 273
8.0333 277
8.05 281
8.0667 285
8.0833 289
8.1 292
8.1167 296
8.1333 300
8.15 304
8.1667 308
8.1833 311
8.2 315
8.2167 319
8.2333 323
8.25 326
8.2667 330
8.2833 334
8.3 338
8.3167 342
8.3333 345
8.35 349
8.3667 353
8.3833 357
8.4 361
8.4167 364
8.4333 368
8.45 372
8.4667 376
8.4833 379
8.5 383
8.5167 387
8.5333 391
8.55 395
8.5667 398
8.5833 402
8.6 406
8.6167 410
8.6333 413
8.65 417
8.6667 421
8.6833 424
8.7 428
8.7167 432
8.7333 436
8.75 439
8.7667 443
8.7833 447
8.8 450
8.8167 454
8.8333 458
8.85 461
8.8667 465
8.8833 469
8.9 472
8.9167 476
8.9333 480
8.95 483
8.9667 487
8.9833 490
9.0 494
9.0167 497
9.0333 501
9.05 504
9.0667 508
9.0833 512
9.1 515
9.1167 519
9.1333 522
9.15 526
9.1667 529
9.1833 533
9.2 536
9.2167 540
9.2333 543
9.25 547
9.2667 550
9.2833 554
9.3 557
9.3167 560
9.3333 564
9.35 567
9.3667 571
9.3833 574
9.4 577
9.4167 581
9.4333 584
9.45 587
9.4667 591
9.4833 594
9.5 597
9.5167 601
9.5333 604
9.55 607
9.5667 610
9.5833 614
9.6 617
9.6167 620
9.6333 623
9.65 626
9.6667 630
9.6833 633
9.7 636
9.7167 639
9.7333 642
9.75 645
9.7667 648
9.7833 652
9.8 655
9.8167 658
9.8333 661
9.85 664
9.8667 667
9.8833 670
9.9 673
9.9167 676
9.9333 679
9.95 682
9.9667 685
9.9833 688
10.0 690
10.0167 693
10.0333 696
10.05 699
10.0667 702
10.0833 705
10.1 708
10.1167 710
10.1333 713
10.15 716
10.1667 719
10.1833 722
10.2 724
10.2167 727
10.2333 730
10.25 732
10.2667 735
10.2833 738
10.3 740
10.3167 743
10.3333 746
10.35 748
10.3667 751
10.3833 753
10.4 756
10.4167 759
10.4333 761
10.45 764
10.4667 766
10.4833 769
10.5 771
10.5167 773
10.5333 776
10.55 778
10.5667 781
10.5833 783
10.6 785
10.6167 788
10.6333 790
10.65 792
10.6667 795
10.6833 797
10.7 799
10.7167 801
10.7333 804
10.75 806
10.7667 808
10.7833 810
10.8 812
10.8167 814
10.8333 817
10.85 819
10.8667 821
10.8833 823
10.9 825
10.9167 827
10.9333 829
10.95 831
10.9667 833
10.9833 835
11.0 837
11.0167 839
11.0333 841
11.05 843
11.0667 844
11.0833 846
11.1 848
11.1167 850
11.1333 852
11.15 854
11.1667 855
11.1833 857
11.2 859
11.2167 860
11.2333 862
11.25 864
11.2667 866
11.2833 867
11.3 869
11.3167 870
11.3333 872
11.35 873
11.3667 875
11.3833 877
11.4 878
11.4167 880
11.4333 881
11.45 882
11.4667 884
11.4833 885
11.5 887
11.5167 888
11.5333 889
11.55 891
11.5667 892
11.5833 893
11.6 895
11.6167 896
11.6333 897
11.65 898
11.6667 900
11.6833 901
11.7 902
11.7167 903
11.7333 904
11.75 905
11.7667 906
11.7833 907
11.8 908
11.8167 909
11.8333 910
11.85 911
11.8667 912
11.8833 913
11.9 914
11.9167 915
11.9333 916
11.95 917
11.9667 918
11.9833 919
12.0 919
12.0167 920
12.0333 921
12.05 922
12.0667 922
12.0833 923
12.1 924
12.1167 925
12.1333 925
12.15 926
12.1667 926
12.1833 927
12.2 928
12.2167 928
12.2333 929
12.25 929
12.2667 930
12.2833 930
12.3 931
12.3167 931
12.3333 931
12.35 932
12.3667 932
12.3833 933
12.4 933
12.4167 933
12.4333 933
12.45 934
12.4667 934
12.4833 934
12.5 934
12.5167 935
12.5333 935
12.55 935
12.5667 935
12.5833 935
12.6 935
12.6167 935
12.6333 935
12.65 935
12.6667 935
12.6833 935
12.7 935
12.7167 935
12.7333 935
12.75 935
12.7667 935
12.7833 935
12.8 935
12.8167 935
12.8333 934
12.85 934
12.8667 934
12.8833 934
12.9 933
12.9167 933
12.9333 933
12.95 932
12.9667 932
12.9833 932
13.0 931
13.0167 931
13.0333 930
13.05 930
13.0667 929
13.0833 929
13.1 928
13.1167 928
13.1333 927
13.15 927
13.1667 926
13.1833 926
13.2 925
13.2167 924
13.2333 924
13.25 923
13.2667 922
13.2833 921
13.3 921
13.3167 920
13.3333 919
13.35 918
13.3667 917
13.3833 917
13.4 916
13.4167 915
13.4333 914
13.45 913
13.4667 912
13.4833 911
13.5 910
13.5167 909
13.5333 908
13.55 907
13.5667 906
13.5833 905
13.6 904
13.6167 903
13.6333 901
13.65 900
13.6667 899
13.6833 898
13.7 897
13.7167 895
13.7333 894
13.75 893
13.7667 892
13.7833 890
13.8 889
13.8167 887
13.8333 886
13.85 885
13.8667 883
13.8833 882
13.9 880
13.9167 879
13.9333 877
13.95 876
13.9667 874
13.9833 873
14.0 871
14.0167 870
14.0333 868
14.05 866
14.0667 865
14.0833 863
14.1 861
14.1167 860
14.1333 858
14.15 856
14.1667 855
14.1833 853
14.2 851
14.2167 849
14.2333 847
14.25 846
14.2667 844
14.2833 842
14.3 840
14.3167 838
14.3333 836
14.35 834
14.3667 832
14.3833 830
14.4 828
14.4167 826
14.4333 824
14.45 822
14.4667 820
14.4833 818
14.5 816
14.5167 814
14.5333 811
14.55 809
14.5667 807
14.5833 805
14.6 803
14.6167 800
14.6333 798
14.65 796
14.6667 794
14.6833 791
14.7 789
14.7167 787
14.7333 784
14.75 782
14.7667 780
14.7833 777
14.8 775
14.8167 772
14.8333 770
14.85 767
14.8667 765
14.8833 762
14.9 760
14.9167 757
14.9333 755
14.95 752
14.9667 750
14.9833 747
15.0 744
15.0167 741
15.0333 739
15.05 736
15.0667 733
15.0833 731
15.1 728
15.1167 725
15.1333 722
15.15 720
15.1667 717
15.1833 714
15.2 711
15.2167 708
15.2333 706
15.25 703
15.2667 700
15.2833 697
15.3 694
15.3167 691
15.3333 688
15.35 686
15.3667 683
15.3833 680
15.4 677
15.4167 674
15.4333 671
15.45 668
15.4667 665
15.4833 662
15.5 659
15.5167 656
15.5333 652
15.55 649
15.5667 646
15.5833 643
15.6 640
15.6167 637
15.6333 634
15.65 631
15.6667 627
15.6833 624
15.7 621
15.7167 618
15.7333 615
15.75 611
15.7667 608
15.7833 605
15.8 602
15.8167 598
15.8333 595
15.85 592
15.8667 588
15.8833 585
15.9 582
15.9167 578
15.9333 575
15.95 572
15.9667 568
15.9833 565
16.0 561
16.0167 558
16.0333 555
16.05 551
16.0667 548
16.0833 544
16.1 541
16.1167 537
16.1333 534
16.15 530
16.1667 527
16.1833 523
16.2 520
16.2167 516
16.2333 513
16.25 509
16.2667 506
16.2833 502
16.3 498
16.3167 495
16.3333 491
16.35 488
16.3667 484
16.3833 480
16.4 477
16.4167 473
16.4333 470
16.45 466
16.4667 462
16.4833 459
16.5 455
16.5167 451
16.5333 448
16.55 444
16.5667 440
16.5833 437
16.6 433
16.6167 429
16.6333 425
16.65 422
16.6667 418
16.6833 414
16.7 410
16.7167 407
16.7333 403
16.75 399
16.7667 395
16.7833 392
16.8 388
16.8167 384
16.8333 380
16.85 377
16.8667 373
16.8833 369
16.9 365
16.9167 362
16.9333 358
16.95 354
16.9667 350
16.9833 346
