8.0 255
8.0167 259
8.0333 263
8.05 266
8.0667 270
8.0833 274
8.1 278
8.1167 281
8.1333 285
8.15 289
8.1667 293
8.1833 296
8.2 300
8.2167 304
8.2333 308
8.25 311
8.2667 315
8.2833 319
8.3 323
8.3167 327
8.3333 330
8.35 334
8.3667 338
8.3833 342
8.4 345
8.4167 349
8.4333 353
8.45 357
8.4667 361
8.4833 364
8.5 368
8.5167 372
8.5333 376
8.55 379
8.5667 383
8.5833 387
8.6 390
8.6167 394
8.6333 398
8.65 402
8.6667 405
8.6833 409
8.7 413
8.7167 416
8.7333 420
8.75 424
8.7667 428
8.7833 431
8.8 435
8.8167 439
8.8333 442
8.85 446
8.8667 449
8.8833 453
8.9 457
8.9167 460
8.9333 464
8.95 468
8.9667 471
8.9833 475
9.0 478
9.0167 481
9.0333 485
9.05 489
9.0667 492
9.0833 496
9.1 499
9.1167 503
9.1333 506
9.15 510
9.1667 513
9.1833 517
9.2 520
9.2167 524
9.2333 527
9.25 531
9.2667 534
9.2833 537
9.3 541
9.3167 544
9.3333 548
9.35 551
9.3667 554
9.3833 558
9.4 561
9.4167 564
9.4333 568
9.45 571
9.4667 574
9.4833 578
9.5 581
9.5167 584
9.5333 587
9.55 591
9.5667 594
9.5833 597
9.6 600
9.6167 603
9.6333 607
9.65 610
9.6667 613
9.6833 616
9.7 619
9.7167 622
9.7333 625
9.75 628
9.7667 632
9.7833 635
9.8 638
9.8167 641
9.8333 644
9.85 647
9.8667 650
9.8833 653
9.9 656
9.9167 659
9.9333 662
9.95 664
9.9667 667
9.9833 670
10.0 673
10.0167 676
10.0333 679
10.05 682
10.0667 685
10.0833 687
10.1 690
10.1167 693
10.1333 696
10.15 698
10.1667 701
10.1833 704
10.2 707
10.2167 709
10.2333 712
10.25 715
10.2667 717
10.2833 720
10.3 722
10.3167 725
10.3333 728
10.35 730
10.3667 733
10.3833 735
10.4 738
10.4167 740
10.4333 743
10.45 745
10.4667 748
10.4833 750
10.5 752
10.5167 755
10.5333 757
10.55 760
10.5667 762
10.5833 764
10.6 767
10.6167 769
10.6333 771
10.65 773
10.6667 776
10.6833 778
10.7 780
10.7167 782
10.7333 785
10.75 787
10.7667 789
10.7833 791
10.8 793
10.8167 795
10.8333 797
10.85 799
10.8667 801
10.8833 803
10.9 805
10.9167 807
10.9333 809
10.95 811
10.9667 813
10.9833 815
11.0 817
11.0167 819
11.0333 821
11.05 822
11.0667 824
11.0833 826
11.1 828
11.1167 830
11.1333 831
11.15 833
11.1667 835
11.1833 837
11.2 838
11.2167 840
11.2333 841
11.25 843
11.2667 845
11.2833 846
11.3 848
11.3167 849
11.3333 851
11.35 852
11.3667 854
11.3833 855
11.4 857
11.4167 858
11.4333 860
11.45 861
11.4667 862
11.4833 864
11.5 865
11.5167 866
11.5333 868
11.55 869
11.5667 870
11.5833 871
11.6 873
11.6167 874
11.6333 875
11.65 876
11.6667 877
11.6833 878
11.7 879
11.7167 881
11.7333 882
11.75 883
11.7667 884
11.7833 885
11.8 886
11.8167 887
11.8333 888
11.85 888
11.8667 889
11.8833 890
11.9 891
11.9167 892
11.9333 893
11.95 894
11.9667 894
11.9833 895
12.0 896
12.0167 897
12.0333 897
12.05 898
12.0667 899
12.0833 899
12.1 900
12.1167 900
12.1333 901
12.15 902
12.1667 902
12.1833 903
12.2 903
12.2167 904
12.2333 904
12.25 904
12.2667 905
12.2833 905
12.3 906
12.3167 906
12.3333 906
12.35 907
12.3667 907
12.3833 907
12.4 907
12.4167 908
12.4333 908
12.45 908
12.4667 908
12.4833 908
12.5 909
12.5167 909
12.5333 909
12.55 909
12.5667 909
12.5833 909
12.6 909
12.6167 909
12.6333 909
12.65 909
12.6667 909
12.6833 909
12.7 909
12.7167 908
12.7333 908
12.75 908
12.7667 908
12.7833 908
12.8 907
12.8167 907
12.8333 907
12.85 907
12.8667 906
12.8833 906
12.9 906
12.9167 905
12.9333 905
12.95 904
12.9667 904
12.9833 903
13.0 903
13.0167 903
13.0333 902
13.05 901
13.0667 901
13.0833 900
13.1 900
13.1167 899
13.1333 898
13.15 898
13.1667 897
13.1833 896
13.2 896
13.2167 895
13.2333 894
13.25 893
13.2667 893
13.2833 892
13.3 891
13.3167 890
13.3333 889
13.35 888
13.3667 887
13.3833 886
13.4 885
13.4167 885
13.4333 884
13.45 882
13.4667 881
13.4833 880
13.5 879
13.5167 878
13.5333 877
13.55 876
13.5667 875
13.5833 874
13.6 872
13.6167 871
13.6333 870
13.65 869
13.6667 867
13.6833 866
13.7 865
13.7167 864
13.7333 862
13.75 861
13.7667 859
13.7833 858
13.8 857
13.8167 855
13.8333 854
13.85 852
13.8667 851
13.8833 849
13.9 848
13.9167 846
13.9333 844
13.95 843
13.9667 841
13.9833 840
14.0 838
14.0167 836
14.0333 835
14.05 833
14.0667 831
14.0833 829
14.1 828
14.1167 826
14.1333 824
14.15 822
14.1667 820
14.1833 819
14.2 817
14.2167 815
14.2333 813
14.25 811
14.2667 809
14.2833 807
14.3 805
14.3167 803
14.3333 801
14.35 799
14.3667 797
14.3833 795
14.4 793
14.4167 791
14.4333 789
14.45 786
14.4667 784
14.4833 782
14.5 780
14.5167 778
14.5333 775
14.55 773
14.5667 771
14.5833 769
14.6 766
14.6167 764
14.6333 762
14.65 759
14.6667 757
14.6833 755
14.7 752
14.7167 750
14.7333 747
14.75 745
14.7667 742
14.7833 740
14.8 737
14.8167 735
14.8333 732
14.85 730
14.8667 727
14.8833 725
14.9 722
14.9167 719
14.9333 717
14.95 714
14.9667 712
14.9833 709
15.0 705
15.0167 703
15.0333 700
15.05 697
15.0667 694
15.0833 692
15.1 689
15.1167 686
15.1333 683
15.15 680
15.1667 678
15.1833 675
15.2 672
15.2167 669
15.2333 666
15.25 663
15.2667 660
15.2833 657
15.3 654
15.3167 651
15.3333 648
15.35 645
15.3667 642
15.3833 639
15.4 636
15.4167 633
15.4333 630
15.45 627
15.4667 624
15.4833 621
15.5 618
15.5167 615
15.5333 611
15.55 608
15.5667 605
15.5833 602
15.6 599
15.6167 596
15.6333 592
15.65 589
15.6667 586
15.6833 583
15.7 579
15.7167 576
15.7333 573
15.75 569
15.7667 566
15.7833 563
15.8 560
15.8167 556
15.8333 553
15.85 549
15.8667 546
15.8833 543
15.9 539
15.9167 536
15.9333 532
15.95 529
15.9667 526
15.9833 522
16.0 519
16.0167 515
16.0333 512
16.05 508
16.0667 505
16.0833 501
16.1 498
16.1167 494
16.1333 491
16.15 487
16.1667 483
16.1833 480
16.2 476
16.2167 473
16.2333 469
16.25 466
16.2667 462
16.2833 458
16.3 455
16.3167 451
16.3333 448
16.35 444
16.3667 440
16.3833 437
16.4 433
16.4167 429
16.4333 426
16.45 422
16.4667 418
16.4833 415
16.5 411
16.5167 407
16.5333 403
16.55 400
16.5667 396
16.5833 392
16.6 389
16.6167 385
16.6333 381
16.65 377
16.6667 374
16.6833 370
16.7 366
16.7167 362
16.7333 359
16.75 355
16.7667 351
16.7833 347
16.8 344
16.8167 340
16.8333 336
16.85 332
16.8667 328
16.8833 325
16.9 321
16.9167 317
16.9333 313
16.95 310
16.9667 306
16.9833 302
