8.0 254
8.0167 257
8.0333 261
8.05 265
8.0667 269
8.0833 272
8.1 276
8.1167 280
8.1333 284
8.15 287
8.1667 291
8.1833 295
8.2 299
8.2167 303
8.2333 306
8.25 310
8.2667 314
8.2833 318
8.3 321
8.3167 325
8.3333 329
8.35 333
8.3667 337
8.3833 340
8.4 344
8.4167 348
8.4333 352
8.45 355
8.4667 359
8.4833 363
8.5 367
8.5167 370
8.5333 374
8.55 378
8.5667 382
8.5833 385
8.6 389
8.6167 393
8.6333 396
8.65 400
8.6667 404
8.6833 408
8.7 411
8.7167 415
8.7333 419
8.75 422
8.7667 426
8.7833 430
8.8 433
8.8167 437
8.8333 441
8.85 444
8.8667 448
8.8833 452
8.9 455
8.9167 459
8.9333 462
8.95 466
8.9667 470
8.9833 473
9.0 477
9.0167 480
9.0333 484
9.05 487
9.0667 491
9.0833 494
9.1 498
9.1167 501
9.1333 505
9.15 508
9.1667 512
9.1833 515
9.2 519
9.2167 522
9.2333 526
9.25 529
9.2667 532
9.2833 536
9.3 539
9.3167 543
9.3333 546
9.35 549
9.3667 553
9.3833 556
9.4 559
9.4167 563
9.4333 566
9.45 569
9.4667 573
9.4833 576
9.5 579
9.5167 582
9.5333 586
9.55 589
9.5667 592
9.5833 595
9.6 599
9.6167 602
9.6333 605
9.65 608
9.6667 611
9.6833 614
9.7 618
9.7167 621
9.7333 624
9.75 627
9.7667 630
9.7833 633
9.8 636
9.8167 639
9.8333 642
9.85 645
9.8667 648
9.8833 651
9.9 654
9.9167 657
9.9333 660
9.95 663
9.9667 666
9.9833 669
10.0 671
10.0167 674
10.0333 677
10.05 680
10.0667 683
10.0833 686
10.1 688
10.1167 691
10.1333 694
10.15 697
10.1667 699
10.1833 702
10.2 705
10.2167 707
10.2333 710
10.25 713
10.2667 715
10.2833 718
10.3 721
10.3167 723
10.3333 726
10.35 728
10.3667 731
10.3833 733
10.4 736
10.4167 738
10.4333 741
10.45 743
10.4667 746
10.4833 748
10.5 751
10.5167 753
10.5333 755
10.55 758
10.5667 760
10.5833 762
10.6 765
10.6167 767
10.6333 769
10.65 772
10.6667 774
10.6833 776
10.7 778
10.7167 780
10.7333 783
10.75 785
10.7667 787
10.7833 789
10.8 791
10.8167 793
10.8333 795
10.85 797
10.8667 799
10.8833 801
10.9 803
10.9167 805
10.9333 807
10.95 809
10.9667 811
10.9833 813
11.0 815
11.0167 817
11.0333 819
11.05 820
11.0667 822
11.0833 824
11.1 826
11.1167 828
11.1333 829
11.15 831
11.1667 833
11.1833 834
11.2 836
11.2167 838
11.2333 839
11.25 841
11.2667 843
11.2833 844
11.3 846
11.3167 847
11.3333 849
11.35 850
11.3667 852
11.3833 853
11.4 855
11.4167 856
11.4333 857
11.45 859
11.4667 860
11.4833 862
11.5 863
11.5167 864
11.5333 865
11.55 867
11.5667 868
11.5833 869
11.6 870
11.6167 872
11.6333 873
11.65 874
11.6667 875
11.6833 876
11.7 877
11.7167 878
11.7333 879
11.75 880
11.7667 881
11.7833 882
11.8 883
11.8167 884
11.8333 885
11.85 886
11.8667 887
11.8833 888
11.9 889
11.9167 890
11.9333 890
11.95 891
11.9667 892
11.9833 893
12.0 893
12.0167 894
12.0333 895
12.05 895
12.0667 896
12.0833 897
12.1 897
12.1167 898
12.1333 899
12.15 899
12.1667 900
12.1833 900
12.2 901
12.2167 901
12.2333 902
12.25 902
12.2667 902
12.2833 903
12.3 903
12.3167 903
12.3333 904
12.35 904
12.3667 904
12.3833 905
12.4 905
12.4167 905
12.4333 905
12.45 906
12.4667 906
12.4833 906
12.5 906
12.5167 906
12.5333 906
12.55 906
12.5667 906
12.5833 906
12.6 906
12.6167 906
12.6333 906
12.65 906
12.6667 906
12.6833 906
12.7 906
12.7167 906
12.7333 906
12.75 905
12.7667 905
12.7833 905
12.8 905
12.8167 904
12.8333 904
12.85 904
12.8667 904
12.8833 903
12.9 903
12.9167 902
12.9333 902
12.95 902
12.9667 901
12.9833 901
13.0 900
13.0167 900
13.0333 899
13.05 899
13.0667 898
13.0833 897
13.1 897
13.1167 896
13.1333 896
13.15 895
13.1667 894
13.1833 894
13.2 893
13.2167 892
13.2333 891
13.25 890
13.2667 890
13.2833 889
13.3 888
13.3167 887
13.3333 886
13.35 885
13.3667 884
13.3833 883
13.4 883
13.4167 882
13.4333 881
13.45 879
13.4667 878
13.4833 877
13.5 876
13.5167 875
13.5333 874
13.55 873
13.5667 872
13.5833 871
13.6 869
13.6167 868
13.6333 867
13.65 866
13.6667 864
13.6833 863
13.7 862
13.7167 860
13.7333 859
13.75 858
13.7667 856
13.7833 855
13.8 853
13.8167 852
13.8333 850
13.85 849
13.8667 847
13.8833 846
13.9 844
13.9167 843
13.9333 841
13.95 840
13.9667 838
13.9833 836
14.0 835
14.0167 833
14.0333 831
14.05 830
14.0667 828
14.0833 826
14.1 824
14.1167 823
14.1333 821
14.15 819
14.1667 817
14.1833 815
14.2 813
14.2167 811
14.2333 809
14.25 808
14.2667 806
14.2833 804
14.3 802
14.3167 800
14.3333 798
14.35 796
14.3667 793
14.3833 791
14.4 789
14.4167 787
14.4333 785
14.45 783
14.4667 781
14.4833 779
14.5 776
14.5167 774
14.5333 772
14.55 770
14.5667 767
14.5833 765
14.6 763
14.6167 760
14.6333 758
14.65 756
14.6667 753
14.6833 751
14.7 749
14.7167 746
14.7333 744
14.75 741
14.7667 739
14.7833 736
14.8 734
14.8167 731
14.8333 729
14.85 726
14.8667 724
14.8833 721
14.9 718
14.9167 716
14.9333 713
14.95 711
14.9667 708
14.9833 705
15.0 702
15.0167 699
15.0333 696
15.05 693
15.0667 691
15.0833 688
15.1 685
15.1167 682
15.1333 679
15.15 677
15.1667 674
15.1833 671
15.2 668
15.2167 665
15.2333 662
15.25 659
15.2667 656
15.2833 653
15.3 650
15.3167 647
15.3333 644
15.35 641
15.3667 638
15.3833 635
15.4 632
15.4167 629
15.4333 626
15.45 623
15.4667 620
15.4833 617
15.5 614
15.5167 611
15.5333 608
15.55 604
15.5667 601
15.5833 598
15.6 595
15.6167 592
15.6333 588
15.65 585
15.6667 582
15.6833 579
15.7 575
15.7167 572
15.7333 569
15.75 566
15.7667 562
15.7833 559
15.8 556
15.8167 552
15.8333 549
15.85 545
15.8667 542
15.8833 539
15.9 535
15.9167 532
15.9333 528
15.95 525
15.9667 522
15.9833 518
16.0 515
16.0167 511
16.0333 508
16.05 504
16.0667 501
16.0833 497
16.1 494
16.1167 490
16.1333 487
16.15 483
16.1667 479
16.1833 476
16.2 472
16.2167 469
16.2333 465
16.25 462
16.2667 458
16.2833 454
16.3 451
16.3167 447
16.3333 443
16.35 440
16.3667 436
16.3833 432
16.4 429
16.4167 425
16.4333 421
16.45 418
16.4667 414
16.4833 410
16.5 407
16.5167 403
16.5333 399
16.55 396
16.5667 392
16.5833 388
16.6 384
16.6167 381
16.6333 377
16.65 373
16.6667 369
16.6833 366
16.7 362
16.7167 358
16.7333 354
16.75 351
16.7667 347
16.7833 343
16.8 339
16.8167 336
16.8333 332
16.85 328
16.8667 324
16.8833 321
16.9 317
16.9167 313
16.9333 309
16.95 305
16.9667 302
16.9833 298
