8.0 261
8.0167 264
8.0333 268
8.05 272
8.0667 276
8.0833 279
8.1 283
8.1167 287
8.1333 291
8.15 294
8.1667 298
8.1833 302
8.2 306
8.2167 310
8.2333 313
8.25 317
8.2667 321
8.2833 325
8.3 329
8.3167 332
8.3333 336
8.35 340
8.3667 344
8.3833 347
8.4 351
8.4167 355
8.4333 359
8.45 363
8.4667 366
8.4833 370
8.5 374
8.5167 378
8.5333 381
8.55 385
8.5667 389
8.5833 393
8.6 396
8.6167 400
8.6333 404
8.65 408
8.6667 411
8.6833 415
8.7 419
8.7167 422
8.7333 426
8.75 430
8.7667 434
8.7833 437
8.8 441
8.8167 445
8.8333 448
8.85 452
8.8667 456
8.8833 459
8.9 463
8.9167 466
8.9333 470
8.95 474
8.9667 477
8.9833 481
9.0 484
9.0167 488
9.0333 491
9.05 495
9.0667 498
9.0833 502
9.1 505
9.1167 509
9.1333 512
9.15 516
9.1667 519
9.1833 523
9.2 526
9.2167 530
9.2333 533
9.25 537
9.2667 540
9.2833 544
9.3 547
9.3167 551
9.3333 554
9.35 557
9.3667 561
9.3833 564
9.4 567
9.4167 571
9.4333 574
9.45 577
9.4667 581
9.4833 584
9.5 587
9.5167 591
9.5333 594
9.55 597
9.5667 600
9.5833 604
9.6 607
9.6167 610
9.6333 613
9.65 616
9.6667 620
9.6833 623
9.7 626
9.7167 629
9.7333 632
9.75 635
9.7667 638
9.7833 641
9.8 644
9.8167 647
9.8333 650
9.85 653
9.8667 656
9.8833 659
9.9 662
9.9167 665
9.9333 668
9.95 671
9.9667 674
9.9833 677
10.0 680
10.0167 683
10.0333 686
10.05 689
10.0667 691
10.0833 694
10.1 697
10.1167 700
10.1333 703
10.15 705
10.1667 708
10.1833 711
10.2 714
10.2167 716
10.2333 719
10.25 722
10.2667 724
10.2833 727
10.3 730
10.3167 732
10.3333 735
10.35 737
10.3667 740
10.3833 742
10.4 745
10.4167 748
10.4333 750
10.45 752
10.4667 755
10.4833 757
10.5 760
10.5167 762
10.5333 765
10.55 767
10.5667 769
10.5833 772
10.6 774
10.6167 776
10.6333 779
10.65 781
10.6667 783
10.6833 785
10.7 788
10.7167 790
10.7333 792
10.75 794
10.7667 796
10.7833 799
10.8 801
10.8167 803
10.8333 805
10.85 807
10.8667 809
10.8833 811
10.9 813
10.9167 815
10.9333 817
10.95 819
10.9667 821
10.9833 823
11.0 825
11.0167 827
11.0333 829
11.05 830
11.0667 832
11.0833 834
11.1 836
11.1167 838
11.1333 839
11.15 841
11.1667 843
11.1833 845
11.2 846
11.2167 848
11.2333 850
11.25 851
11.2667 853
11.2833 855
11.3 856
11.3167 858
11.3333 859
11.35 861
11.3667 862
11.3833 864
11.4 865
11.4167 867
11.4333 868
11.45 870
11.4667 871
11.4833 872
11.5 874
11.5167 875
11.5333 876
11.55 878
11.5667 879
11.5833 880
11.6 881
11.6167 883
11.6333 884
11.65 885
11.6667 886
11.6833 887
11.7 888
11.7167 889
11.7333 891
11.75 892
11.7667 893
11.7833 894
11.8 895
11.8167 896
11.8333 897
11.85 898
11.8667 899
11.8833 899
11.9 900
11.9167 901
11.9333 902
11.95 903
11.9667 904
11.9833 904
12.0 905
12.0167 906
12.0333 907
12.05 907
12.0667 908
12.0833 909
12.1 909
12.1167 910
12.1333 911
12.15 911
12.1667 912
12.1833 912
12.2 913
12.2167 913
12.2333 914
12.25 914
12.2667 915
12.2833 915
12.3 916
12.3167 916
12.3333 916
12.35 917
12.3667 917
12.3833 917
12.4 917
12.4167 918
12.4333 918
12.45 918
12.4667 918
12.4833 919
12.5 919
12.5167 919
12.5333 919
12.55 919
12.5667 919
12.5833 919
12.6 919
12.6167 919
12.6333 919
12.65 919
12.6667 919
12.6833 919
12.7 919
12.7167 919
12.7333 919
12.75 919
12.7667 919
12.7833 918
12.8 918
12.8167 918
12.8333 918
12.85 917
12.8667 917
12.8833 917
12.9 916
12.9167 916
12.9333 916
12.95 915
12.9667 915
12.9833 915
13.0 914
13.0167 914
13.0333 913
13.05 913
13.0667 912
13.0833 912
13.1 911
13.1167 910
13.1333 910
13.15 909
13.1667 908
13.1833 908
13.2 907
13.2167 906
13.2333 906
13.25 905
13.2667 904
13.2833 903
13.3 903
13.3167 902
13.3333 901
13.35 900
13.3667 899
13.3833 898
13.4 897
13.4167 896
13.4333 895
13.45 894
13.4667 893
13.4833 892
13.5 891
13.5167 890
13.5333 889
13.55 888
13.5667 887
13.5833 886
13.6 885
13.6167 883
13.6333 882
13.65 881
13.6667 880
13.6833 879
13.7 877
13.7167 876
13.7333 875
13.75 873
13.7667 872
13.7833 871
13.8 869
13.8167 868
13.8333 866
13.85 865
13.8667 863
13.8833 862
13.9 860
13.9167 859
13.9333 857
13.95 856
13.9667 854
13.9833 853
14.0 851
14.0167 849
14.0333 848
14.05 846
14.0667 844
14.0833 842
14.1 841
14.1167 839
14.1333 837
14.15 835
14.1667 834
14.1833 832
14.2 830
14.2167 828
14.2333 826
14.25 824
14.2667 822
14.2833 820
14.3 818
14.3167 817
14.3333 815
14.35 813
14.3667 810
14.3833 808
14.4 806
14.4167 804
14.4333 802
14.45 800
14.4667 798
14.4833 796
14.5 794
14.5167 791
14.5333 789
14.55 787
14.5667 785
14.5833 783
14.6 780
14.6167 778
14.6333 776
14.65 773
14.6667 771
14.6833 769
14.7 766
14.7167 764
14.7333 762
14.75 759
14.7667 757
14.7833 754
14.8 752
14.8167 749
14.8333 747
14.85 744
14.8667 742
14.8833 739
14.9 737
14.9167 734
14.9333 731
14.95 729
14.9667 726
14.9833 724
15.0 720
15.0167 717
15.0333 715
15.05 712
15.0667 709
15.0833 706
15.1 704
15.1167 701
15.1333 698
15.15 695
15.1667 693
15.1833 690
15.2 687
15.2167 684
15.2333 681
15.25 678
15.2667 675
15.2833 672
15.3 670
15.3167 667
15.3333 664
15.35 661
15.3667 658
15.3833 655
15.4 652
15.4167 649
15.4333 646
15.45 643
15.4667 639
15.4833 636
15.5 633
15.5167 630
15.5333 627
15.55 624
15.5667 621
15.5833 618
15.6 614
15.6167 611
15.6333 608
15.65 605
15.6667 602
15.6833 598
15.7 595
15.7167 592
15.7333 589
15.75 585
15.7667 582
15.7833 579
15.8 575
15.8167 572
15.8333 569
15.85 565
15.8667 562
15.8833 559
15.9 555
15.9167 552
15.9333 549
15.95 545
15.9667 542
15.9833 538
16.0 535
16.0167 531
16.0333 528
16.05 524
16.0667 521
16.0833 517
16.1 514
16.1167 510
16.1333 507
16.15 503
16.1667 500
16.1833 496
16.2 493
16.2167 489
16.2333 486
16.25 482
16.2667 478
16.2833 475
16.3 471
16.3167 468
16.3333 464
16.35 460
16.3667 457
16.3833 453
16.4 449
16.4167 446
16.4333 442
16.45 438
16.4667 435
16.4833 431
16.5 427
16.5167 424
16.5333 420
16.55 416
16.5667 413
16.5833 409
16.6 405
16.6167 401
16.6333 398
16.65 394
16.6667 390
16.6833 386
16.7 383
16.7167 379
16.7333 375
16.75 371
16.7667 368
16.7833 364
16.8 360
16.8167 356
16.8333 353
16.85 349
16.8667 345
16.8833 341
16.9 337
16.9167 334
16.9333 330
16.95 326
16.9667 322
16.9833 319
