8.0 252
8.0167 256
8.0333 260
8.05 263
8.0667 267
8.0833 271
8.1 275
8.1167 278
8.1333 282
8.15 286
8.1667 290
8.1833 293
8.2 297
8.2167 301
8.2333 305
8.25 309
8.2667 312
8.2833 316
8.3 320
8.3167 324
8.3333 327
8.35 331
8.3667 335
8.3833 339
8.4 342
8.4167 346
8.4333 350
8.45 354
8.4667 357
8.4833 361
8.5 365
8.5167 369
8.5333 372
8.55 376
8.5667 380
8.5833 384
8.6 387
8.6167 391
8.6333 395
8.65 399
8.6667 402
8.6833 406
8.7 410
8.7167 413
8.7333 417
8.75 421
8.7667 424
8.7833 428
8.8 432
8.8167 435
8.8333 439
8.85 443
8.8667 446
8.8833 450
8.9 454
8.9167 457
8.9333 461
8.95 464
8.9667 468
8.9833 472
9.0 475
9.0167 478
9.0333 482
9.05 485
9.0667 489
9.0833 492
9.1 496
9.1167 499
9.1333 503
9.15 506
9.1667 510
9.1833 513
9.2 517
9.2167 520
9.2333 524
9.25 527
9.2667 531
9.2833 534
9.3 537
9.3167 541
9.3333 544
9.35 548
9.3667 551
9.3833 554
9.4 558
9.4167 561
9.4333 564
9.45 568
9.4667 571
9.4833 574
9.5 577
9.5167 581
9.5333 584
9.55 587
9.5667 590
9.5833 594
9.6 597
9.6167 600
9.6333 603
9.65 606
9.6667 609
9.6833 613
9.7 616
9.7167 619
9.7333 622
9.75 625
9.7667 628
9.7833 631
9.8 634
9.8167 637
9.8333 640
9.85 643
9.8667 646
9.8833 649
9.9 652
9.9167 655
9.9333 658
9.95 661
9.9667 664
9.9833 667
10.0 670
10.0167 672
10.0333 675
10.05 678
10.0667 681
10.0833 684
10.1 686
10.1167 689
10.1333 692
10.15 695
10.1667 697
10.1833 700
10.2 703
10.2167 706
10.2333 708
10.25 711
10.2667 713
10.2833 716
10.3 719
10.3167 721
10.3333 724
10.35 726
10.3667 729
10.3833 731
10.4 734
10.4167 736
10.4333 739
10.45 741
10.4667 744
10.4833 746
10.5 749
10.5167 751
10.5333 753
10.55 756
10.5667 758
10.5833 760
10.6 763
10.6167 765
10.6333 767
10.65 769
10.6667 772
10.6833 774
10.7 776
10.7167 778
10.7333 780
10.75 783
10.7667 785
10.7833 787
10.8 789
10.8167 791
10.8333 793
10.85 795
10.8667 797
10.8833 799
10.9 801
10.9167 803
10.9333 805
10.95 807
10.9667 809
10.9833 811
11.0 813
11.0167 815
11.0333 816
11.05 818
11.0667 820
11.0833 822
11.1 824
11.1167 825
11.1333 827
11.15 829
11.1667 830
11.1833 832
11.2 834
11.2167 835
11.2333 837
11.25 839
11.2667 840
11.2833 842
11.3 843
11.3167 845
11.3333 846
11.35 848
11.3667 849
11.3833 851
11.4 852
11.4167 854
11.4333 855
11.45 856
11.4667 858
11.4833 859
11.5 860
11.5167 862
11.5333 863
11.55 864
11.5667 866
11.5833 867
11.6 868
11.6167 869
11.6333 870
11.65 871
11.6667 873
11.6833 874
11.7 875
11.7167 876
11.7333 877
11.75 878
11.7667 879
11.7833 880
11.8 881
11.8167 882
11.8333 883
11.85 884
11.8667 884
11.8833 885
11.9 886
11.9167 887
11.9333 888
11.95 889
11.9667 889
11.9833 890
12.0 891
12.0167 892
12.0333 892
12.05 893
12.0667 894
12.0833 894
12.1 895
12.1167 895
12.1333 896
12.15 896
12.1667 897
12.1833 897
12.2 898
12.2167 898
12.2333 899
12.25 899
12.2667 900
12.2833 900
12.3 900
12.3167 901
12.3333 901
12.35 901
12.3667 902
12.3833 902
12.4 902
12.4167 902
12.4333 903
12.45 903
12.4667 903
12.4833 903
12.5 903
12.5167 903
12.5333 903
12.55 903
12.5667 903
12.5833 903
12.6 903
12.6167 903
12.6333 903
12.65 903
12.6667 903
12.6833 903
12.7 903
12.7167 903
12.7333 903
12.75 902
12.7667 902
12.7833 902
12.8 902
12.8167 901
12.8333 901
12.85 901
12.8667 901
12.8833 900
12.9 900
12.9167 899
12.9333 899
12.95 899
12.9667 898
12.9833 898
13.0 897
13.0167 897
13.0333 896
13.05 896
13.0667 895
13.0833 894
13.1 894
13.1167 893
13.1333 892
13.15 892
13.1667 891
13.1833 890
13.2 890
13.2167 889
13.2333 888
13.25 887
13.2667 887
13.2833 886
13.3 885
13.3167 884
13.3333 883
13.35 882
13.3667 881
13.3833 880
13.4 879
13.4167 878
13.4333 877
13.45 876
13.4667 875
13.4833 874
13.5 873
13.5167 872
13.5333 871
13.55 870
13.5667 868
13.5833 867
13.6 866
13.6167 865
13.6333 864
13.65 862
13.6667 861
13.6833 860
13.7 858
13.7167 857
13.7333 856
13.75 854
13.7667 853
13.7833 851
13.8 850
13.8167 849
13.8333 847
13.85 846
13.8667 844
13.8833 842
13.9 841
13.9167 839
13.9333 838
13.95 836
13.9667 835
13.9833 833
14.0 831
14.0167 830
14.0333 828
14.05 826
14.0667 824
14.0833 823
14.1 821
14.1167 819
14.1333 817
14.15 815
14.1667 813
14.1833 812
14.2 810
14.2167 808
14.2333 806
14.25 804
14.2667 802
14.2833 800
14.3 798
14.3167 796
14.3333 794
14.35 792
14.3667 790
14.3833 788
14.4 786
14.4167 783
14.4333 781
14.45 779
14.4667 777
14.4833 775
14.5 773
14.5167 770
14.5333 768
14.55 766
14.5667 764
14.5833 761
14.6 759
14.6167 757
14.6333 754
14.65 752
14.6667 750
14.6833 747
14.7 745
14.7167 742
14.7333 740
14.75 737
14.7667 735
14.7833 732
14.8 730
14.8167 727
14.8333 725
14.85 722
14.8667 720
14.8833 717
14.9 715
14.9167 712
14.9333 709
14.95 707
14.9667 704
14.9833 701
15.0 698
15.0167 695
15.0333 692
15.05 689
15.0667 687
15.0833 684
15.1 681
15.1167 678
15.1333 675
15.15 673
15.1667 670
15.1833 667
15.2 664
15.2167 661
15.2333 658
15.25 655
15.2667 652
15.2833 649
15.3 646
15.3167 643
15.3333 640
15.35 637
15.3667 634
15.3833 631
15.4 628
15.4167 625
15.4333 622
15.45 619
15.4667 616
15.4833 613
15.5 610
15.5167 607
15.5333 603
15.55 600
15.5667 597
15.5833 594
15.6 591
15.6167 587
15.6333 584
15.65 581
15.6667 578
15.6833 575
15.7 571
15.7167 568
15.7333 565
15.75 561
15.7667 558
15.7833 555
15.8 551
15.8167 548
15.8333 545
15.85 541
15.8667 538
15.8833 534
15.9 531
15.9167 528
15.9333 524
15.95 521
15.9667 517
15.9833 514
16.0 510
16.0167 507
16.0333 503
16.05 500
16.0667 496
16.0833 493
16.1 489
16.1167 486
16.1333 482
16.15 479
16.1667 475
16.1833 472
16.2 468
16.2167 464
16.2333 461
16.25 457
16.2667 454
16.2833 450
16.3 446
16.3167 443
16.3333 439
16.35 435
16.3667 432
16.3833 428
16.4 424
16.4167 421
16.4333 417
16.45 413
16.4667 410
16.4833 406
16.5 402
16.5167 399
16.5333 395
16.55 391
16.5667 388
16.5833 384
16.6 380
16.6167 376
16.6333 373
16.65 369
16.6667 365
16.6833 361
16.7 358
16.7167 354
16.7333 350
16.75 346
16.7667 343
16.7833 339
16.8 335
16.8167 331
16.8333 328
16.85 324
16.8667 320
16.8833 316
16.9 312
16.9167 309
16.9333 305
16.95 301
16.9667 297
16.9833 294
