8.0 240
8.0167 244
8.0333 248
8.05 252
8.0667 255
8.0833 259
8.1 263
8.1167 267
8.1333 271
8.15 275
8.1667 278
8.1833 282
8.2 286
8.2167 290
8.2333 294
8.25 298
8.2667 301
8.2833 305
8.3 309
8.3167 313
8.3333 317
8.35 321
8.3667 324
8.3833 328
8.4 332
8.4167 336
8.4333 340
8.45 343
8.4667 347
8.4833 351
8.5 355
8.5167 359
8.5333 362
8.55 366
8.5667 370
8.5833 374
8.6 377
8.6167 381
8.6333 385
8.65 389
8.6667 392
8.6833 396
8.7 400
8.7167 403
8.7333 407
8.75 411
8.7667 415
8.7833 418
8.8 422
8.8167 426
8.8333 429
8.85 433
8.8667 437
8.8833 440
8.9 444
8.9167 447
8.9333 451
8.95 455
8.9667 458
8.9833 462
9.0 465
9.0167 468
9.0333 472
9.05 475
9.0667 479
9.0833 482
9.1 486
9.1167 489
9.1333 493
9.15 496
9.1667 500
9.1833 503
9.2 507
9.2167 510
9.2333 514
9.25 517
9.2667 520
9.2833 524
9.3 527
9.3167 531
9.3333 534
9.35 537
9.3667 541
9.3833 544
9.4 547
9.4167 551
9.4333 554
9.45 557
9.4667 560
9.4833 564
9.5 567
9.5167 570
9.5333 573
9.55 576
9.5667 580
9.5833 583
9.6 586
9.6167 589
9.6333 592
9.65 595
9.6667 598
9.6833 602
9.7 605
9.7167 608
9.7333 611
9.75 614
9.7667 617
9.7833 620
9.8 623
9.8167 626
9.8333 629
9.85 632
9.8667 635
9.8833 637
9.9 640
9.9167 643
9.9333 646
9.95 649
9.9667 652
9.9833 655
10.0 657
10.0167 660
10.0333 663
10.05 666
10.0667 668
10.0833 671
10.1 674
10.1167 677
10.1333 679
10.15 682
10.1667 685
10.1833 687
10.2 690
10.2167 692
10.2333 695
10.25 698
10.2667 700
10.2833 703
10.3 705
10.3167 708
10.3333 710
10.35 713
10.3667 715
10.3833 718
10.4 720
10.4167 722
10.4333 725
10.45 727
10.4667 730
10.4833 732
10.5 734
10.5167 737
10.5333 739
10.55 741
10.5667 743
10.5833 746
10.6 748
10.6167 750
10.6333 752
10.65 754
10.6667 756
10.6833 759
10.7 761
10.7167 763
10.7333 765
10.75 767
10.7667 769
10.7833 771
10.8 773
10.8167 775
10.8333 777
10.85 779
10.8667 781
10.8833 783
10.9 785
10.9167 786
10.9333 788
10.95 790
10.9667 792
10.9833 794
11.0 795
11.0167 797
11.0333 799
11.05 801
11.0667 802
11.0833 804
11.1 806
11.1167 807
11.1333 809
11.15 811
11.1667 812
11.1833 814
11.2 815
11.2167 817
11.2333 818
11.25 820
11.2667 821
11.2833 823
11.3 824
11.3167 826
11.3333 827
11.35 828
11.3667 830
11.3833 831
11.4 832
11.4167 834
11.4333 835
11.45 836
11.4667 837
11.4833 839
11.5 840
11.5167 841
11.5333 842
11.55 843
11.5667 844
11.5833 846
11.6 847
11.6167 848
11.6333 849
11.65 850
11.6667 851
11.6833 852
11.7 853
11.7167 854
11.7333 855
11.75 855
11.7667 856
11.7833 857
11.8 858
11.8167 859
11.8333 860
11.85 860
11.8667 861
11.8833 862
11.9 863
11.9167 863
11.9333 864
11.95 865
11.9667 865
11.9833 866
12.0 866
12.0167 867
12.0333 868
12.05 868
12.0667 869
12.0833 869
12.1 870
12.1167 870
12.1333 870
12.15 871
12.1667 871
12.1833 872
12.2 872
12.2167 872
12.2333 873
12.25 873
12.2667 873
12.2833 873
12.3 874
12.3167 874
12.3333 874
12.35 874
12.3667 874
12.3833 874
12.4 875
12.4167 875
12.4333 875
12.45 875
12.4667 875
12.4833 875
12.5 875
12.5167 875
12.5333 875
12.55 875
12.5667 874
12.5833 874
12.6 874
12.6167 874
12.6333 874
12.65 874
12.6667 873
12.6833 873
12.7 873
12.7167 873
12.7333 872
12.75 872
12.7667 872
12.7833 871
12.8 871
12.8167 870
12.8333 870
12.85 869
12.8667 869
12.8833 869
12.9 868
12.9167 867
12.9333 867
12.95 866
12.9667 866
12.9833 865
13.0 864
13.0167 864
13.0333 863
13.05 862
13.0667 862
13.0833 861
13.1 860
13.1167 859
13.1333 859
13.15 858
13.1667 857
13.1833 856
13.2 855
13.2167 854
13.2333 853
13.25 852
13.2667 852
13.2833 851
13.3 850
13.3167 849
13.3333 847
13.35 846
13.3667 845
13.3833 844
13.4 843
13.4167 842
13.4333 841
13.45 840
13.4667 838
13.4833 837
13.5 836
13.5167 835
13.5333 833
13.55 832
13.5667 831
13.5833 829
13.6 828
13.6167 827
13.6333 825
13.65 824
13.6667 822
13.6833 821
13.7 820
13.7167 818
13.7333 817
13.75 815
13.7667 813
13.7833 812
13.8 810
13.8167 809
13.8333 807
13.85 805
13.8667 804
13.8833 802
13.9 800
13.9167 799
13.9333 797
13.95 795
13.9667 793
13.9833 792
14.0 790
14.0167 788
14.0333 786
14.05 784
14.0667 782
14.0833 780
14.1 778
14.1167 776
14.1333 775
14.15 773
14.1667 771
14.1833 769
14.2 766
14.2167 764
14.2333 762
14.25 760
14.2667 758
14.2833 756
14.3 754
14.3167 752
14.3333 750
14.35 747
14.3667 745
14.3833 743
14.4 741
14.4167 738
14.4333 736
14.45 734
14.4667 731
14.4833 729
14.5 727
14.5167 724
14.5333 722
14.55 720
14.5667 717
14.5833 715
14.6 712
14.6167 710
14.6333 707
14.65 705
14.6667 702
14.6833 700
14.7 697
14.7167 695
14.7333 692
14.75 689
14.7667 687
14.7833 684
14.8 681
14.8167 679
14.8333 676
14.85 673
14.8667 671
14.8833 668
14.9 665
14.9167 662
14.9333 660
14.95 657
14.9667 654
14.9833 651
15.0 647
15.0167 644
15.0333 642
15.05 639
15.0667 636
15.0833 633
15.1 630
15.1167 627
15.1333 624
15.15 621
15.1667 618
15.1833 615
15.2 612
15.2167 609
15.2333 606
15.25 603
15.2667 600
15.2833 597
15.3 594
15.3167 591
15.3333 587
15.35 584
15.3667 581
15.3833 578
15.4 575
15.4167 572
15.4333 568
15.45 565
15.4667 562
15.4833 559
15.5 555
15.5167 552
15.5333 549
15.55 545
15.5667 542
15.5833 539
15.6 536
15.6167 532
15.6333 529
15.65 525
15.6667 522
15.6833 519
15.7 515
15.7167 512
15.7333 508
15.75 505
15.7667 502
15.7833 498
15.8 495
15.8167 491
15.8333 488
15.85 484
15.8667 481
15.8833 477
15.9 474
15.9167 470
15.9333 466
15.95 463
15.9667 459
15.9833 456
16.0 452
16.0167 449
16.0333 445
16.05 441
16.0667 438
16.0833 434
16.1 430
16.1167 427
16.1333 423
16.15 419
16.1667 416
16.1833 412
16.2 408
16.2167 405
16.2333 401
16.25 397
16.2667 394
16.2833 390
16.3 386
16.3167 382
16.3333 379
16.35 375
16.3667 371
16.3833 367
16.4 364
16.4167 360
16.4333 356
16.45 352
16.4667 349
16.4833 345
16.5 341
16.5167 337
16.5333 333
16.55 330
16.5667 326
16.5833 322
16.6 318
16.6167 314
16.6333 311
16.65 307
16.6667 303
16.6833 299
16.7 295
16.7167 291
16.7333 288
16.75 284
16.7667 280
16.7833 276
16.8 272
16.8167 268
16.8333 265
16.85 261
16.8667 257
16.8833 253
16.9 249
16.9167 246
16.9333 242
16.95 238
16.9667 234
16.9833 230
