8.0 219
8.0167 222
8.0333 226
8.05 230
8.0667 233
8.0833 237
8.1 241
8.1167 245
8.1333 248
8.15 252
8.1667 256
8.1833 259
8.2 263
8.2167 267
8.2333 271
8.25 274
8.2667 278
8.2833 282
8.3 285
8.3167 289
8.3333 293
8.35 297
8.3667 300
8.3833 304
8.4 308
8.4167 311
8.4333 315
8.45 319
8.4667 323
8.4833 326
8.5 330
8.5167 334
8.5333 337
8.55 341
8.5667 345
8.5833 348
8.6 352
8.6167 356
8.6333 359
8.65 363
8.6667 367
8.6833 370
8.7 374
8.7167 378
8.7333 381
8.75 385
8.7667 388
8.7833 392
8.8 396
8.8167 399
8.8333 403
8.85 406
8.8667 410
8.8833 413
8.9 417
8.9167 421
8.9333 424
8.95 428
8.9667 431
8.9833 435
9.0 438
9.0167 441
9.0333 444
9.05 448
9.0667 451
9.0833 455
9.1 458
9.1167 462
9.1333 465
9.15 469
9.1667 472
9.1833 475
9.2 479
9.2167 482
9.2333 485
9.25 489
9.2667 492
9.2833 495
9.3 499
9.3167 502
9.3333 505
9.35 509
9.3667 512
9.3833 515
9.4 518
9.4167 522
9.4333 525
9.45 528
9.4667 531
9.4833 534
9.5 538
9.5167 541
9.5333 544
9.55 547
9.5667 550
9.5833 553
9.6 556
9.6167 560
9.6333 563
9.65 566
9.6667 569
9.6833 572
9.7 575
9.7167 578
9.7333 581
9.75 584
9.7667 587
9.7833 590
9.8 593
9.8167 596
9.8333 598
9.85 601
9.8667 604
9.8833 607
9.9 610
9.9167 613
9.9333 616
9.95 618
9.9667 621
9.9833 624
10.0 627
10.0167 629
10.0333 632
10.05 635
10.0667 638
10.0833 640
10.1 643
10.1167 646
10.1333 648
10.15 651
10.1667 653
10.1833 656
10.2 659
10.2167 661
10.2333 664
10.25 666
10.2667 669
10.2833 671
10.3 674
10.3167 676
10.3333 679
10.35 681
10.3667 683
10.3833 686
10.4 688
10.4167 691
10.4333 693
10.45 695
10.4667 698
10.4833 700
10.5 702
10.5167 704
10.5333 707
10.55 709
10.5667 711
10.5833 713
10.6 715
10.6167 718
10.6333 720
10.65 722
10.6667 724
10.6833 726
10.7 728
10.7167 730
10.7333 732
10.75 734
10.7667 736
10.7833 738
10.8 740
10.8167 742
10.8333 744
10.85 746
10.8667 748
10.8833 750
10.9 751
10.9167 753
10.9333 755
10.95 757
10.9667 759
10.9833 760
11.0 762
11.0167 764
11.0333 765
11.05 767
11.0667 769
11.0833 770
11.1 772
11.1167 774
11.1333 775
11.15 777
11.1667 778
11.1833 780
11.2 781
11.2167 783
11.2333 784
11.25 786
11.2667 787
11.2833 789
11.3 790
11.3167 791
11.3333 793
11.35 794
11.3667 795
11.3833 797
11.4 798
11.4167 799
11.4333 801
11.45 802
11.4667 803
11.4833 804
11.5 805
11.5167 806
11.5333 808
11.55 809
11.5667 810
11.5833 811
11.6 812
11.6167 813
11.6333 814
11.65 815
11.6667 816
11.6833 817
11.7 818
11.7167 819
11.7333 819
11.75 820
11.7667 821
11.7833 822
11.8 823
11.8167 824
11.8333 824
11.85 825
11.8667 826
11.8833 826
11.9 827
11.9167 828
11.9333 828
11.95 829
11.9667 830
11.9833 830
12.0 831
12.0167 831
12.0333 832
12.05 832
12.0667 833
12.0833 833
12.1 834
12.1167 834
12.1333 835
12.15 835
12.1667 835
12.1833 836
12.2 836
12.2167 836
12.2333 837
12.25 837
12.2667 837
12.2833 837
12.3 837
12.3167 838
12.3333 838
12.35 838
12.3667 838
12.3833 838
12.4 838
12.4167 838
12.4333 838
12.45 838
12.4667 838
12.4833 838
12.5 838
12.5167 838
12.5333 838
12.55 838
12.5667 838
12.5833 838
12.6 837
12.6167 837
12.6333 837
12.65 837
12.6667 836
12.6833 836
12.7 836
12.7167 836
12.7333 835
12.75 835
12.7667 835
12.7833 834
12.8 834
12.8167 833
12.8333 833
12.85 832
12.8667 832
12.8833 831
12.9 831
12.9167 830
12.9333 830
12.95 829
12.9667 828
12.9833 828
13.0 827
13.0167 826
13.0333 826
13.05 825
13.0667 824
13.0833 823
13.1 823
13.1167 822
13.1333 821
13.15 820
13.1667 819
13.1833 818
13.2 818
13.2167 817
13.2333 816
13.25 815
13.2667 814
13.2833 813
13.3 812
13.3167 811
13.3333 810
13.35 809
13.3667 807
13.3833 806
13.4 805
13.4167 804
13.4333 803
13.45 802
13.4667 800
13.4833 799
13.5 798
13.5167 797
13.5333 795
13.55 794
13.5667 793
13.5833 791
13.6 790
13.6167 789
13.6333 787
13.65 786
13.6667 784
13.6833 783
13.7 781
13.7167 780
13.7333 778
13.75 777
13.7667 775
13.7833 774
13.8 772
13.8167 770
13.8333 769
13.85 767
13.8667 765
13.8833 764
13.9 762
13.9167 760
13.9333 758
13.95 757
13.9667 755
13.9833 753
14.0 751
14.0167 749
14.0333 747
14.05 746
14.0667 744
14.0833 742
14.1 740
14.1167 738
14.1333 736
14.15 734
14.1667 732
14.1833 730
14.2 728
14.2167 726
14.2333 724
14.25 722
14.2667 719
14.2833 717
14.3 715
14.3167 713
14.3333 711
14.35 709
14.3667 706
14.3833 704
14.4 702
14.4167 700
14.4333 697
14.45 695
14.4667 693
14.4833 690
14.5 688
14.5167 686
14.5333 683
14.55 681
14.5667 678
14.5833 676
14.6 673
14.6167 671
14.6333 668
14.65 666
14.6667 663
14.6833 661
14.7 658
14.7167 656
14.7333 653
14.75 651
14.7667 648
14.7833 645
14.8 643
14.8167 640
14.8333 637
14.85 635
14.8667 632
14.8833 629
14.9 626
14.9167 624
14.9333 621
14.95 618
14.9667 615
14.9833 612
15.0 609
15.0167 606
15.0333 603
15.05 600
15.0667 597
15.0833 594
15.1 591
15.1167 588
15.1333 585
15.15 582
15.1667 579
15.1833 576
15.2 573
15.2167 570
15.2333 567
15.25 564
15.2667 561
15.2833 558
15.3 555
15.3167 552
15.3333 549
15.35 546
15.3667 543
15.3833 539
15.4 536
15.4167 533
15.4333 530
15.45 527
15.4667 524
15.4833 520
15.5 517
15.5167 514
15.5333 511
15.55 507
15.5667 504
15.5833 501
15.6 497
15.6167 494
15.6333 491
15.65 487
15.6667 484
15.6833 481
15.7 477
15.7167 474
15.7333 471
15.75 467
15.7667 464
15.7833 460
15.8 457
15.8167 453
15.8333 450
15.85 446
15.8667 443
15.8833 440
15.9 436
15.9167 433
15.9333 429
15.95 426
15.9667 422
15.9833 418
16.0 415
16.0167 411
16.0333 408
16.05 404
16.0667 401
16.0833 397
16.1 394
16.1167 390
16.1333 386
16.15 383
16.1667 379
16.1833 375
16.2 372
16.2167 368
16.2333 365
16.25 361
16.2667 357
16.2833 354
16.3 350
16.3167 346
16.3333 343
16.35 339
16.3667 335
16.3833 332
16.4 328
16.4167 324
16.4333 321
16.45 317
16.4667 313
16.4833 309
16.5 306
16.5167 302
16.5333 298
16.55 295
16.5667 291
16.5833 287
16.6 283
16.6167 280
16.6333 276
16.65 272
16.6667 269
16.6833 265
16.7 261
16.7167 257
16.7333 254
16.75 250
16.7667 246
16.7833 243
16.8 239
16.8167 235
16.8333 232
16.85 228
16.8667 224
16.8833 221
16.9 217
16.9167 213
16.9333 210
16.95 206
16.9667 202
16.9833 199
