8.0 254
8.0167 258
8.0333 262
8.05 266
8.0667 270
8.0833 274
8.1 278
8.1167 281
8.1333 285
8.15 289
8.1667 293
8.1833 297
8.2 301
8.2167 305
8.2333 309
8.25 313
8.2667 316
8.2833 320
8.3 324
8.3167 328
8.3333 332
8.35 336
8.3667 340
8.3833 343
8.4 347
8.4167 351
8.4333 355
8.45 359
8.4667 363
8.4833 366
8.5 370
8.5167 374
8.5333 378
8.55 382
8.5667 386
8.5833 389
8.6 393
8.6167 397
8.6333 401
8.65 405
8.6667 408
8.6833 412
8.7 416
8.7167 420
8.7333 423
8.75 427
8.7667 431
8.7833 435
8.8 438
8.8167 442
8.8333 446
8.85 449
8.8667 453
8.8833 457
8.9 460
8.9167 464
8.9333 468
8.95 471
8.9667 475
8.9833 479
9.0 482
9.0167 485
9.0333 489
9.05 492
9.0667 496
9.0833 499
9.1 503
9.1167 507
9.1333 510
9.15 514
9.1667 517
9.1833 521
9.2 524
9.2167 528
9.2333 531
9.25 534
9.2667 538
9.2833 541
9.3 545
9.3167 548
9.3333 552
9.35 555
9.3667 558
9.3833 562
9.4 565
9.4167 568
9.4333 572
9.45 575
9.4667 578
9.4833 582
9.5 585
9.5167 588
9.5333 591
9.55 595
9.5667 598
9.5833 601
9.6 604
9.6167 607
9.6333 611
9.65 614
9.6667 617
9.6833 620
9.7 623
9.7167 626
9.7333 629
9.75 632
9.7667 635
9.7833 638
9.8 641
9.8167 644
9.8333 647
9.85 650
9.8667 653
9.8833 656
9.9 659
9.9167 662
9.9333 665
9.95 668
9.9667 671
9.9833 674
10.0 677
10.0167 679
10.0333 682
10.05 685
10.0667 688
10.0833 691
10.1 693
10.1167 696
10.1333 699
10.15 702
10.1667 704
10.1833 707
10.2 710
10.2167 712
10.2333 715
10.25 717
10.2667 720
10.2833 723
10.3 725
10.3167 728
10.3333 730
10.35 733
10.3667 735
10.3833 738
10.4 740
10.4167 743
10.4333 745
10.45 747
10.4667 750
10.4833 752
10.5 755
10.5167 757
10.5333 759
10.55 762
10.5667 764
10.5833 766
10.6 768
10.6167 771
10.6333 773
10.65 775
10.6667 777
10.6833 779
10.7 782
10.7167 784
10.7333 786
10.75 788
10.7667 790
10.7833 792
10.8 794
10.8167 796
10.8333 798
10.85 800
10.8667 802
10.8833 804
10.9 806
10.9167 808
10.9333 810
10.95 812
10.9667 813
10.9833 815
11.0 817
11.0167 819
11.0333 821
11.05 822
11.0667 824
11.0833 826
11.1 828
11.1167 829
11.1333 831
11.15 833
11.1667 834
11.1833 836
11.2 837
11.2167 839
11.2333 841
11.25 842
11.2667 844
11.2833 845
11.3 847
11.3167 848
11.3333 849
11.35 851
11.3667 852
11.3833 854
11.4 855
11.4167 856
11.4333 858
11.45 859
11.4667 860
11.4833 862
11.5 863
11.5167 864
11.5333 865
11.55 866
11.5667 868
11.5833 869
11.6 870
11.6167 871
11.6333 872
11.65 873
11.6667 874
11.6833 875
11.7 876
11.7167 877
11.7333 878
11.75 879
11.7667 880
11.7833 881
11.8 882
11.8167 883
11.8333 883
11.85 884
11.8667 885
11.8833 886
11.9 887
11.9167 887
11.9333 888
11.95 889
11.9667 889
11.9833 890
12.0 891
12.0167 891
12.0333 892
12.05 892
12.0667 893
12.0833 894
12.1 894
12.1167 895
12.1333 895
12.15 895
12.1667 896
12.1833 896
12.2 897
12.2167 897
12.2333 897
12.25 898
12.2667 898
12.2833 898
12.3 899
12.3167 899
12.3333 899
12.35 899
12.3667 899
12.3833 900
12.4 900
12.4167 900
12.4333 900
12.45 900
12.4667 900
12.4833 900
12.5 900
12.5167 900
12.5333 900
12.55 900
12.5667 900
12.5833 900
12.6 900
12.6167 900
12.6333 900
12.65 899
12.6667 899
12.6833 899
12.7 899
12.7167 899
12.7333 898
12.75 898
12.7667 898
12.7833 897
12.8 897
12.8167 897
12.8333 896
12.85 896
12.8667 895
12.8833 895
12.9 894
12.9167 894
12.9333 893
12.95 893
12.9667 892
12.9833 892
13.0 891
13.0167 891
13.0333 890
13.05 889
13.0667 889
13.0833 888
13.1 887
13.1167 886
13.1333 886
13.15 885
13.1667 884
13.1833 883
13.2 882
13.2167 882
13.2333 881
13.25 880
13.2667 879
13.2833 878
13.3 877
13.3167 876
13.3333 875
13.35 874
13.3667 873
13.3833 872
13.4 871
13.4167 870
13.4333 869
13.45 867
13.4667 866
13.4833 865
13.5 864
13.5167 863
13.5333 861
13.55 860
13.5667 859
13.5833 858
13.6 856
13.6167 855
13.6333 854
13.65 852
13.6667 851
13.6833 849
13.7 848
13.7167 846
13.7333 845
13.75 843
13.7667 842
13.7833 840
13.8 839
13.8167 837
13.8333 836
13.85 834
13.8667 832
13.8833 831
13.9 829
13.9167 827
13.9333 826
13.95 824
13.9667 822
13.9833 821
14.0 819
14.0167 817
14.0333 815
14.05 813
14.0667 811
14.0833 810
14.1 808
14.1167 806
14.1333 804
14.15 802
14.1667 800
14.1833 798
14.2 796
14.2167 794
14.2333 792
14.25 790
14.2667 788
14.2833 786
14.3 783
14.3167 781
14.3333 779
14.35 777
14.3667 775
14.3833 773
14.4 770
14.4167 768
14.4333 766
14.45 764
14.4667 761
14.4833 759
14.5 757
14.5167 754
14.5333 752
14.55 750
14.5667 747
14.5833 745
14.6 742
14.6167 740
14.6333 737
14.65 735
14.6667 732
14.6833 730
14.7 727
14.7167 725
14.7333 722
14.75 720
14.7667 717
14.7833 715
14.8 712
14.8167 709
14.8333 707
14.85 704
14.8667 701
14.8833 699
14.9 696
14.9167 693
14.9333 690
14.95 688
14.9667 685
14.9833 682
15.0 678
15.0167 675
15.0333 672
15.05 669
15.0667 667
15.0833 664
15.1 661
15.1167 658
15.1333 655
15.15 652
15.1667 649
15.1833 646
15.2 643
15.2167 640
15.2333 637
15.25 634
15.2667 631
15.2833 628
15.3 625
15.3167 622
15.3333 619
15.35 615
15.3667 612
15.3833 609
15.4 606
15.4167 603
15.4333 600
15.45 596
15.4667 593
15.4833 590
15.5 587
15.5167 583
15.5333 580
15.55 577
15.5667 574
15.5833 570
15.6 567
15.6167 564
15.6333 560
15.65 557
15.6667 553
15.6833 550
15.7 547
15.7167 543
15.7333 540
15.75 536
15.7667 533
15.7833 530
15.8 526
15.8167 523
15.8333 519
15.85 516
15.8667 512
15.8833 509
15.9 505
15.9167 501
15.9333 498
15.95 494
15.9667 491
15.9833 487
16.0 484
16.0167 480
16.0333 476
16.05 473
16.0667 469
16.0833 466
16.1 462
16.1167 458
16.1333 455
16.15 451
16.1667 447
16.1833 444
16.2 440
16.2167 436
16.2333 432
16.25 429
16.2667 425
16.2833 421
16.3 418
16.3167 414
16.3333 410
16.35 406
16.3667 402
16.3833 399
16.4 395
16.4167 391
16.4333 387
16.45 384
16.4667 380
16.4833 376
16.5 372
16.5167 368
16.5333 364
16.55 361
16.5667 357
16.5833 353
16.6 349
16.6167 345
16.6333 341
16.65 338
16.6667 334
16.6833 330
16.7 326
16.7167 322
16.7333 318
16.75 314
16.7667 310
16.7833 307
16.8 303
16.8167 299
16.8333 295
16.85 291
16.8667 287
16.8833 283
16.9 279
16.9167 276
16.9333 272
16.95 268
16.9667 264
16.9833 260
