8.0 244
8.0167 248
8.0333 252
8.05 256
8.0667 260
8.0833 264
8.1 267
8.1167 271
8.1333 275
8.15 279
8.1667 283
8.1833 287
8.2 291
8.2167 294
8.2333 298
8.25 302
8.2667 306
8.2833 310
8.3 314
8.3167 317
8.3333 321
8.35 325
8.3667 329
8.3833 333
8.4 336
8.4167 340
8.4333 344
8.45 348
8.4667 352
8.4833 356
8.5 359
8.5167 363
8.5333 367
8.55 371
8.5667 374
8.5833 378
8.6 382
8.6167 386
8.6333 389
8.65 393
8.6667 397
8.6833 401
8.7 404
8.7167 408
8.7333 412
8.75 416
8.7667 419
8.7833 423
8.8 427
8.8167 430
8.8333 434
8.85 438
8.8667 441
8.8833 445
8.9 449
8.9167 452
8.9333 456
8.95 459
8.9667 463
8.9833 467
9.0 470
9.0167 473
9.0333 477
9.05 480
9.0667 484
9.0833 487
9.1 491
9.1167 494
9.1333 498
9.15 501
9.1667 505
9.1833 508
9.2 512
9.2167 515
9.2333 519
9.25 522
9.2667 526
9.2833 529
9.3 532
9.3167 536
9.3333 539
9.35 542
9.3667 546
9.3833 549
9.4 552
9.4167 556
9.4333 559
9.45 562
9.4667 566
9.4833 569
9.5 572
9.5167 575
9.5333 579
9.55 582
9.5667 585
9.5833 588
9.6 591
9.6167 594
9.6333 598
9.65 601
9.6667 604
9.6833 607
9.7 610
9.7167 613
9.7333 616
9.75 619
9.7667 622
9.7833 625
9.8 628
9.8167 631
9.8333 634
9.85 637
9.8667 640
9.8833 643
9.9 646
9.9167 649
9.9333 652
9.95 655
9.9667 657
9.9833 660
10.0 663
10.0167 666
10.0333 669
10.05 671
10.0667 674
10.0833 677
10.1 680
10.1167 682
10.1333 685
10.15 688
10.1667 690
10.1833 693
10.2 696
10.2167 698
10.2333 701
10.25 704
10.2667 706
10.2833 709
10.3 711
10.3167 714
10.3333 716
10.35 719
10.3667 721
10.3833 724
10.4 726
10.4167 728
10.4333 731
10.45 733
10.4667 736
10.4833 738
10.5 740
10.5167 743
10.5333 745
10.55 747
10.5667 750
10.5833 752
10.6 754
10.6167 756
10.6333 758
10.65 761
10.6667 763
10.6833 765
10.7 767
10.7167 769
10.7333 771
10.75 773
10.7667 775
10.7833 777
10.8 779
10.8167 781
10.8333 783
10.85 785
10.8667 787
10.8833 789
10.9 791
10.9167 793
10.9333 795
10.95 797
10.9667 798
10.9833 800
11.0 802
11.0167 804
11.0333 806
11.05 807
11.0667 809
11.0833 811
11.1 812
11.1167 814
11.1333 816
11.15 817
11.1667 819
11.1833 821
11.2 822
11.2167 824
11.2333 825
11.25 827
11.2667 828
11.2833 830
11.3 831
11.3167 833
11.3333 834
11.35 835
11.3667 837
11.3833 838
11.4 839
11.4167 841
11.4333 842
11.45 843
11.4667 845
11.4833 846
11.5 847
11.5167 848
11.5333 849
11.55 850
11.5667 852
11.5833 853
11.6 854
11.6167 855
11.6333 856
11.65 857
11.6667 858
11.6833 859
11.7 860
11.7167 861
11.7333 862
11.75 863
11.7667 864
11.7833 865
11.8 865
11.8167 866
11.8333 867
11.85 868
11.8667 869
11.8833 869
11.9 870
11.9167 871
11.9333 872
11.95 872
11.9667 873
11.9833 873
12.0 874
12.0167 875
12.0333 875
12.05 876
12.0667 876
12.0833 877
12.1 877
12.1167 878
12.1333 878
12.15 879
12.1667 879
12.1833 879
12.2 880
12.2167 880
12.2333 880
12.25 881
12.2667 881
12.2833 881
12.3 882
12.3167 882
12.3333 882
12.35 882
12.3667 882
12.3833 882
12.4 883
12.4167 883
12.4333 883
12.45 883
12.4667 883
12.4833 883
12.5 883
12.5167 883
12.5333 883
12.55 883
12.5667 883
12.5833 883
12.6 882
12.6167 882
12.6333 882
12.65 882
12.6667 882
12.6833 881
12.7 881
12.7167 881
12.7333 881
12.75 880
12.7667 880
12.7833 880
12.8 879
12.8167 879
12.8333 878
12.85 878
12.8667 878
12.8833 877
12.9 877
12.9167 876
12.9333 875
12.95 875
12.9667 874
12.9833 874
13.0 873
13.0167 872
13.0333 872
13.05 871
13.0667 870
13.0833 870
13.1 869
13.1167 868
13.1333 867
13.15 867
13.1667 866
13.1833 865
13.2 864
13.2167 863
13.2333 862
13.25 861
13.2667 860
13.2833 859
13.3 858
13.3167 857
13.3333 856
13.35 855
13.3667 854
13.3833 853
13.4 852
13.4167 851
13.4333 850
13.45 849
13.4667 848
13.4833 846
13.5 845
13.5167 844
13.5333 843
13.55 841
13.5667 840
13.5833 839
13.6 837
13.6167 836
13.6333 835
13.65 833
13.6667 832
13.6833 830
13.7 829
13.7167 827
13.7333 826
13.75 824
13.7667 823
13.7833 821
13.8 820
13.8167 818
13.8333 817
13.85 815
13.8667 813
13.8833 812
13.9 810
13.9167 808
13.9333 806
13.95 805
13.9667 803
13.9833 801
14.0 799
14.0167 797
14.0333 796
14.05 794
14.0667 792
14.0833 790
14.1 788
14.1167 786
14.1333 784
14.15 782
14.1667 780
14.1833 778
14.2 776
14.2167 774
14.2333 772
14.25 770
14.2667 768
14.2833 766
14.3 764
14.3167 762
14.3333 759
14.35 757
14.3667 755
14.3833 753
14.4 751
14.4167 748
14.4333 746
14.45 744
14.4667 741
14.4833 739
14.5 737
14.5167 734
14.5333 732
14.55 730
14.5667 727
14.5833 725
14.6 722
14.6167 720
14.6333 717
14.65 715
14.6667 712
14.6833 710
14.7 707
14.7167 705
14.7333 702
14.75 700
14.7667 697
14.7833 694
14.8 692
14.8167 689
14.8333 686
14.85 684
14.8667 681
14.8833 678
14.9 676
14.9167 673
14.9333 670
14.95 667
14.9667 664
14.9833 662
15.0 658
15.0167 655
15.0333 652
15.05 649
15.0667 646
15.0833 643
15.1 640
15.1167 637
15.1333 635
15.15 632
15.1667 629
15.1833 626
15.2 623
15.2167 620
15.2333 616
15.25 613
15.2667 610
15.2833 607
15.3 604
15.3167 601
15.3333 598
15.35 595
15.3667 592
15.3833 589
15.4 585
15.4167 582
15.4333 579
15.45 576
15.4667 573
15.4833 569
15.5 566
15.5167 563
15.5333 559
15.55 556
15.5667 553
15.5833 550
15.6 546
15.6167 543
15.6333 540
15.65 536
15.6667 533
15.6833 529
15.7 526
15.7167 523
15.7333 519
15.75 516
15.7667 512
15.7833 509
15.8 505
15.8167 502
15.8333 498
15.85 495
15.8667 491
15.8833 488
15.9 484
15.9167 481
15.9333 477
15.95 474
15.9667 470
15.9833 467
16.0 463
16.0167 459
16.0333 456
16.05 452
16.0667 449
16.0833 445
16.1 441
16.1167 438
16.1333 434
16.15 430
16.1667 427
16.1833 423
16.2 419
16.2167 416
16.2333 412
16.25 408
16.2667 405
16.2833 401
16.3 397
16.3167 393
16.3333 390
16.35 386
16.3667 382
16.3833 378
16.4 375
16.4167 371
16.4333 367
16.45 363
16.4667 359
16.4833 356
16.5 352
16.5167 348
16.5333 344
16.55 340
16.5667 337
16.5833 333
16.6 329
16.6167 325
16.6333 321
16.65 318
16.6667 314
16.6833 310
16.7 306
16.7167 302
16.7333 298
16.75 295
16.7667 291
16.7833 287
16.8 283
16.8167 279
16.8333 275
16.85 272
16.8667 268
16.8833 264
16.9 260
16.9167 256
16.9333 252
16.95 249
16.9667 245
16.9833 241
