8.0 149
8.0167 152
8.0333 155
8.05 159
8.0667 162
8.0833 165
8.1 169
8.1167 172
8.1333 175
8.15 179
8.1667 182
8.1833 185
8.2 189
8.2167 192
8.2333 195
8.25 199
8.2667 202
8.2833 206
8.3 209
8.3167 212
8.3333 216
8.35 219
8.3667 222
8.3833 226
8.4 229
8.4167 233
8.4333 236
8.45 239
8.4667 243
8.4833 246
8.5 250
8.5167 253
8.5333 256
8.55 260
8.5667 263
8.5833 267
8.6 270
8.6167 274
8.6333 277
8.65 280
8.6667 284
8.6833 287
8.7 290
8.7167 294
8.7333 297
8.75 301
8.7667 304
8.7833 307
8.8 311
8.8167 314
8.8333 317
8.85 321
8.8667 324
8.8833 327
8.9 331
8.9167 334
8.9333 337
8.95 341
8.9667 344
8.9833 347
9.0 351
9.0167 353
9.0333 356
9.05 360
9.0667 363
9.0833 366
9.1 369
9.1167 373
9.1333 376
9.15 379
9.1667 382
9.1833 385
9.2 389
9.2167 392
9.2333 395
9.25 398
9.2667 401
9.2833 404
9.3 408
9.3167 411
9.3333 414
9.35 417
9.3667 420
9.3833 423
9.4 426
9.4167 429
9.4333 432
9.45 435
9.4667 438
9.4833 441
9.5 444
9.5167 447
9.5333 450
9.55 453
9.5667 456
9.5833 459
9.6 462
9.6167 465
9.6333 468
9.65 471
9.6667 474
9.6833 477
9.7 480
9.7167 483
9.7333 485
9.75 488
9.7667 491
9.7833 494
9.8 497
9.8167 499
9.8333 502
9.85 505
9.8667 508
9.8833 510
9.9 513
9.9167 516
9.9333 519
9.95 521
9.9667 524
9.9833 526
10.0 529
10.0167 532
10.0333 534
10.05 537
10.0667 539
10.0833 542
10.1 545
10.1167 547
10.1333 550
10.15 552
10.1667 555
10.1833 557
10.2 559
10.2167 562
10.2333 564
10.25 567
10.2667 569
10.2833 572
10.3 574
10.3167 576
10.3333 579
10.35 581
10.3667 583
10.3833 585
10.4 588
10.4167 590
10.4333 592
10.45 594
10.4667 597
10.4833 599
10.5 601
10.5167 603
10.5333 605
10.55 607
10.5667 609
10.5833 611
10.6 614
10.6167 616
10.6333 618
10.65 620
10.6667 622
10.6833 624
10.7 626
10.7167 628
10.7333 629
10.75 631
10.7667 633
10.7833 635
10.8 637
10.8167 639
10.8333 641
10.85 642
10.8667 644
10.8833 646
10.9 648
10.9167 650
10.9333 651
10.95 653
10.9667 655
10.9833 656
11.0 658
11.0167 660
11.0333 661
11.05 663
11.0667 664
11.0833 666
11.1 667
11.1167 669
11.1333 670
11.15 672
11.1667 673
11.1833 675
11.2 676
11.2167 678
11.2333 679
11.25 680
11.2667 682
11.2833 683
11.3 684
11.3167 686
11.3333 687
11.35 688
11.3667 690
11.3833 691
11.4 692
11.4167 693
11.4333 694
11.45 696
11.4667 697
11.4833 698
11.5 699
11.5167 700
11.5333 701
11.55 702
11.5667 703
11.5833 704
11.6 705
11.6167 706
11.6333 707
11.65 708
11.6667 709
11.6833 710
11.7 710
11.7167 711
11.7333 712
11.75 713
11.7667 714
11.7833 714
11.8 715
11.8167 716
11.8333 717
11.85 717
11.8667 718
11.8833 719
11.9 719
11.9167 720
11.9333 720
11.95 721
11.9667 722
11.9833 722
12.0 723
12.0167 723
12.0333 724
12.05 724
12.0667 724
12.0833 725
12.1 725
12.1167 726
12.1333 726
12.15 726
12.1667 727
12.1833 727
12.2 727
12.2167 727
12.2333 728
12.25 728
12.2667 728
12.2833 728
12.3 728
12.3167 729
12.3333 729
12.35 729
12.3667 729
12.3833 729
12.4 729
12.4167 729
12.4333 729
12.45 729
12.4667 729
12.4833 729
12.5 729
12.5167 729
12.5333 729
12.55 728
12.5667 728
12.5833 728
12.6 728
12.6167 728
12.6333 727
12.65 727
12.6667 727
12.6833 727
12.7 726
12.7167 726
12.7333 726
12.75 725
12.7667 725
12.7833 724
12.8 724
12.8167 723
12.8333 723
12.85 722
12.8667 722
12.8833 721
12.9 721
12.9167 720
12.9333 720
12.95 719
12.9667 718
12.9833 718
13.0 717
13.0167 716
13.0333 716
13.05 715
13.0667 714
13.0833 713
13.1 713
13.1167 712
13.1333 711
13.15 710
13.1667 709
13.1833 708
13.2 707
13.2167 707
13.2333 706
13.25 705
13.2667 704
13.2833 703
13.3 702
13.3167 701
13.3333 700
13.35 698
13.3667 697
13.3833 696
13.4 695
13.4167 694
13.4333 693
13.45 692
13.4667 690
13.4833 689
13.5 688
13.5167 687
13.5333 685
13.55 684
13.5667 683
13.5833 681
13.6 680
13.6167 679
13.6333 677
13.65 676
13.6667 674
13.6833 673
13.7 671
13.7167 670
13.7333 668
13.75 667
13.7667 665
13.7833 664
13.8 662
13.8167 661
13.8333 659
13.85 657
13.8667 656
13.8833 654
13.9 652
13.9167 651
13.9333 649
13.95 647
13.9667 645
13.9833 644
14.0 642
14.0167 640
14.0333 638
14.05 636
14.0667 634
14.0833 633
14.1 631
14.1167 629
14.1333 627
14.15 625
14.1667 623
14.1833 621
14.2 619
14.2167 617
14.2333 615
14.25 613
14.2667 611
14.2833 609
14.3 607
14.3167 604
14.3333 602
14.35 600
14.3667 598
14.3833 596
14.4 594
14.4167 591
14.4333 589
14.45 587
14.4667 585
14.4833 582
14.5 580
14.5167 578
14.5333 575
14.55 573
14.5667 571
14.5833 568
14.6 566
14.6167 563
14.6333 561
14.65 559
14.6667 556
14.6833 554
14.7 551
14.7167 549
14.7333 546
14.75 544
14.7667 541
14.7833 539
14.8 536
14.8167 533
14.8333 531
14.85 528
14.8667 526
14.8833 523
14.9 520
14.9167 518
14.9333 515
14.95 512
14.9667 509
14.9833 507
15.0 503
15.0167 501
15.0333 498
15.05 495
15.0667 492
15.0833 489
15.1 487
15.1167 484
15.1333 481
15.15 478
15.1667 475
15.1833 472
15.2 469
15.2167 466
15.2333 464
15.25 461
15.2667 458
15.2833 455
15.3 452
15.3167 449
15.3333 446
15.35 443
15.3667 440
15.3833 437
15.4 434
15.4167 431
15.4333 428
15.45 424
15.4667 421
15.4833 418
15.5 415
15.5167 412
15.5333 409
15.55 406
15.5667 403
15.5833 400
15.6 396
15.6167 393
15.6333 390
15.65 387
15.6667 384
15.6833 380
15.7 377
15.7167 374
15.7333 371
15.75 368
15.7667 364
15.7833 361
15.8 358
15.8167 355
15.8333 351
15.85 348
15.8667 345
15.8833 341
15.9 338
15.9167 335
15.9333 331
15.95 328
15.9667 325
15.9833 321
16.0 318
16.0167 315
16.0333 311
16.05 308
16.0667 305
16.0833 301
16.1 298
16.1167 295
16.1333 291
16.15 288
16.1667 284
16.1833 281
16.2 278
16.2167 274
16.2333 271
16.25 268
16.2667 264
16.2833 261
16.3 257
16.3167 254
16.3333 251
16.35 247
16.3667 244
16.3833 240
16.4 237
16.4167 234
16.4333 230
16.45 227
16.4667 223
16.4833 220
16.5 217
16.5167 213
16.5333 210
16.55 206
16.5667 203
16.5833 200
16.6 196
16.6167 193
16.6333 190
16.65 186
16.6667 183
16.6833 180
16.7 176
16.7167 173
16.7333 170
16.75 166
16.7667 163
16.7833 160
16.8 156
16.8167 153
16.8333 150
16.85 147
16.8667 143
16.8833 140
16.9 137
16.9167 134
16.9333 131
16.95 128
16.9667 124
16.9833 121
