8.0 181
8.0167 185
8.0333 188
8.05 192
8.0667 196
8.0833 199
8.1 203
8.1167 207
8.1333 210
8.15 214
8.1667 218
8.1833 221
8.2 225
8.2167 229
8.2333 232
8.25 236
8.2667 240
8.2833 243
8.3 247
8.3167 251
8.3333 254
8.35 258
8.3667 262
8.3833 265
8.4 269
8.4167 273
8.4333 276
8.45 280
8.4667 284
8.4833 287
8.5 291
8.5167 295
8.5333 298
8.55 302
8.5667 306
8.5833 309
8.6 313
8.6167 316
8.6333 320
8.65 324
8.6667 327
8.6833 331
8.7 334
8.7167 338
8.7333 342
8.75 345
8.7667 349
8.7833 352
8.8 356
8.8167 359
8.8333 363
8.85 366
8.8667 370
8.8833 373
8.9 377
8.9167 380
8.9333 384
8.95 387
8.9667 391
8.9833 394
9.0 398
9.0167 400
9.0333 404
9.05 407
9.0667 411
9.0833 414
9.1 417
9.1167 421
9.1333 424
9.15 427
9.1667 431
9.1833 434
9.2 437
9.2167 441
9.2333 444
9.25 447
9.2667 451
9.2833 454
9.3 457
9.3167 460
9.3333 464
9.35 467
9.3667 470
9.3833 473
9.4 476
9.4167 480
9.4333 483
9.45 486
9.4667 489
9.4833 492
9.5 495
9.5167 498
9.5333 501
9.55 505
9.5667 508
9.5833 511
9.6 514
9.6167 517
9.6333 520
9.65 523
9.6667 526
9.6833 529
9.7 532
9.7167 535
9.7333 537
9.75 540
9.7667 543
9.7833 546
9.8 549
9.8167 552
9.8333 555
9.85 558
9.8667 560
9.8833 563
9.9 566
9.9167 569
9.9333 571
9.95 574
9.9667 577
9.9833 580
10.0 582
10.0167 585
10.0333 588
10.05 590
10.0667 593
10.0833 596
10.1 598
10.1167 601
10.1333 603
10.15 606
10.1667 608
10.1833 611
10.2 613
10.2167 616
10.2333 618
10.25 621
10.2667 623
10.2833 626
10.3 628
10.3167 631
10.3333 633
10.35 635
10.3667 638
10.3833 640
10.4 642
10.4167 645
10.4333 647
10.45 649
10.4667 651
10.4833 654
10.5 656
10.5167 658
10.5333 660
10.55 662
10.5667 664
10.5833 667
10.6 669
10.6167 671
10.6333 673
10.65 675
10.6667 677
10.6833 679
10.7 681
10.7167 683
10.7333 685
10.75 687
10.7667 689
10.7833 691
10.8 693
10.8167 694
10.8333 696
10.85 698
10.8667 700
10.8833 702
10.9 704
10.9167 705
10.9333 707
10.95 709
10.9667 711
10.9833 712
11.0 714
11.0167 716
11.0333 717
11.05 719
11.0667 720
11.0833 722
11.1 724
11.1167 725
11.1333 727
11.15 728
11.1667 730
11.1833 731
11.2 733
11.2167 734
11.2333 735
11.25 737
11.2667 738
11.2833 740
11.3 741
11.3167 742
11.3333 744
11.35 745
11.3667 746
11.3833 747
11.4 749
11.4167 750
11.4333 751
11.45 752
11.4667 753
11.4833 754
11.5 755
11.5167 757
11.5333 758
11.55 759
11.5667 760
11.5833 761
11.6 762
11.6167 763
11.6333 764
11.65 765
11.6667 765
11.6833 766
11.7 767
11.7167 768
11.7333 769
11.75 770
11.7667 771
11.7833 771
11.8 772
11.8167 773
11.8333 774
11.85 774
11.8667 775
11.8833 776
11.9 776
11.9167 777
11.9333 777
11.95 778
11.9667 779
11.9833 779
12.0 780
12.0167 780
12.0333 781
12.05 781
12.0667 781
12.0833 782
12.1 782
12.1167 783
12.1333 783
12.15 783
12.1667 784
12.1833 784
12.2 784
12.2167 784
12.2333 785
12.25 785
12.2667 785
12.2833 785
12.3 785
12.3167 786
12.3333 786
12.35 786
12.3667 786
12.3833 786
12.4 786
12.4167 786
12.4333 786
12.45 786
12.4667 786
12.4833 786
12.5 786
12.5167 786
12.5333 786
12.55 785
12.5667 785
12.5833 785
12.6 785
12.6167 785
12.6333 784
12.65 784
12.6667 784
12.6833 783
12.7 783
12.7167 783
12.7333 782
12.75 782
12.7667 782
12.7833 781
12.8 781
12.8167 780
12.8333 780
12.85 779
12.8667 779
12.8833 778
12.9 778
12.9167 777
12.9333 776
12.95 776
12.9667 775
12.9833 775
13.0 774
13.0167 773
13.0333 772
13.05 772
13.0667 771
13.0833 770
13.1 769
13.1167 768
13.1333 768
13.15 767
13.1667 766
13.1833 765
13.2 764
13.2167 763
13.2333 762
13.25 761
13.2667 760
13.2833 759
13.3 758
13.3167 757
13.3333 756
13.35 755
13.3667 754
13.3833 753
13.4 751
13.4167 750
13.4333 749
13.45 748
13.4667 747
13.4833 745
13.5 744
13.5167 743
13.5333 742
13.55 740
13.5667 739
13.5833 737
13.6 736
13.6167 735
13.6333 733
13.65 732
13.6667 730
13.6833 729
13.7 727
13.7167 726
13.7333 724
13.75 723
13.7667 721
13.7833 720
13.8 718
13.8167 716
13.8333 715
13.85 713
13.8667 711
13.8833 710
13.9 708
13.9167 706
13.9333 704
13.95 703
13.9667 701
13.9833 699
14.0 697
14.0167 695
14.0333 693
14.05 692
14.0667 690
14.0833 688
14.1 686
14.1167 684
14.1333 682
14.15 680
14.1667 678
14.1833 676
14.2 674
14.2167 672
14.2333 670
14.25 668
14.2667 665
14.2833 663
14.3 661
14.3167 659
14.3333 657
14.35 655
14.3667 652
14.3833 650
14.4 648
14.4167 646
14.4333 643
14.45 641
14.4667 639
14.4833 636
14.5 634
14.5167 632
14.5333 629
14.55 627
14.5667 624
14.5833 622
14.6 620
14.6167 617
14.6333 615
14.65 612
14.6667 610
14.6833 607
14.7 604
14.7167 602
14.7333 599
14.75 597
14.7667 594
14.7833 592
14.8 589
14.8167 586
14.8333 584
14.85 581
14.8667 578
14.8833 575
14.9 573
14.9167 570
14.9333 567
14.95 564
14.9667 562
14.9833 559
15.0 555
15.0167 552
15.0333 550
15.05 547
15.0667 544
15.0833 541
15.1 538
15.1167 535
15.1333 532
15.15 529
15.1667 526
15.1833 523
15.2 520
15.2167 517
15.2333 514
15.25 511
15.2667 508
15.2833 505
15.3 502
15.3167 499
15.3333 496
15.35 493
15.3667 490
15.3833 487
15.4 483
15.4167 480
15.4333 477
15.45 474
15.4667 471
15.4833 468
15.5 464
15.5167 461
15.5333 458
15.55 455
15.5667 451
15.5833 448
15.6 445
15.6167 441
15.6333 438
15.65 435
15.6667 432
15.6833 428
15.7 425
15.7167 421
15.7333 418
15.75 415
15.7667 411
15.7833 408
15.8 405
15.8167 401
15.8333 398
15.85 394
15.8667 391
15.8833 387
15.9 384
15.9167 380
15.9333 377
15.95 373
15.9667 370
15.9833 366
16.0 363
16.0167 359
16.0333 356
16.05 352
16.0667 349
16.0833 345
16.1 342
16.1167 338
16.1333 335
16.15 331
16.1667 327
16.1833 324
16.2 320
16.2167 317
16.2333 313
16.25 309
16.2667 306
16.2833 302
16.3 299
16.3167 295
16.3333 291
16.35 288
16.3667 284
16.3833 280
16.4 277
16.4167 273
16.4333 269
16.45 266
16.4667 262
16.4833 258
16.5 255
16.5167 251
16.5333 247
16.55 244
16.5667 240
16.5833 236
16.6 233
16.6167 229
16.6333 225
16.65 222
16.6667 218
16.6833 214
16.7 211
16.7167 207
16.7333 203
16.75 200
16.7667 196
16.7833 192
16.8 189
16.8167 185
16.8333 181
16.85 178
16.8667 174
16.8833 171
16.9 167
16.9167 163
16.9333 160
16.95 156
16.9667 153
16.9833 149
