8.0 150
8.0167 154
8.0333 157
8.05 160
8.0667 163
8.0833 167
8.1 170
8.1167 173
8.1333 176
8.15 180
8.1667 183
8.1833 186
8.2 190
8.2167 193
8.2333 196
8.25 200
8.2667 203
8.2833 206
8.3 210
8.3167 213
8.3333 216
8.35 220
8.3667 223
8.3833 227
8.4 230
8.4167 233
8.4333 237
8.45 240
8.4667 243
8.4833 247
8.5 250
8.5167 254
8.5333 257
8.55 260
8.5667 264
8.5833 267
8.6 271
8.6167 274
8.6333 277
8.65 281
8.6667 284
8.6833 287
8.7 291
8.7167 294
8.7333 297
8.75 301
8.7667 304
8.7833 308
8.8 311
8.8167 314
8.8333 318
8.85 321
8.8667 324
8.8833 328
8.9 331
8.9167 334
8.9333 337
8.95 341
8.9667 344
8.9833 347
9.0 351
9.0167 353
9.0333 356
9.05 360
9.0667 363
9.0833 366
9.1 369
9.1167 372
9.1333 376
9.15 379
9.1667 382
9.1833 385
9.2 388
9.2167 392
9.2333 395
9.25 398
9.2667 401
9.2833 404
9.3 407
9.3167 410
9.3333 414
9.35 417
9.3667 420
9.3833 423
9.4 426
9.4167 429
9.4333 432
9.45 435
9.4667 438
9.4833 441
9.5 444
9.5167 447
9.5333 450
9.55 453
9.5667 456
9.5833 459
9.6 462
9.6167 465
9.6333 468
9.65 471
9.6667 473
9.6833 476
9.7 479
9.7167 482
9.7333 485
9.75 488
9.7667 491
9.7833 493
9.8 496
9.8167 499
9.8333 502
9.85 504
9.8667 507
9.8833 510
9.9 513
9.9167 515
9.9333 518
9.95 521
9.9667 523
9.9833 526
10.0 528
10.0167 531
10.0333 534
10.05 536
10.0667 539
10.0833 541
10.1 544
10.1167 546
10.1333 549
10.15 551
10.1667 554
10.1833 556
10.2 559
10.2167 561
10.2333 564
10.25 566
10.2667 568
10.2833 571
10.3 573
10.3167 575
10.3333 578
10.35 580
10.3667 582
10.3833 585
10.4 587
10.4167 589
10.4333 591
10.45 593
10.4667 596
10.4833 598
10.5 600
10.5167 602
10.5333 604
10.55 606
10.5667 608
10.5833 611
10.6 613
10.6167 615
10.6333 617
10.65 619
10.6667 621
10.6833 623
10.7 625
10.7167 627
10.7333 628
10.75 630
10.7667 632
10.7833 634
10.8 636
10.8167 638
10.8333 640
10.85 641
10.8667 643
10.8833 645
10.9 647
10.9167 649
10.9333 650
10.95 652
10.9667 654
10.9833 655
11.0 657
11.0167 659
11.0333 660
11.05 662
11.0667 663
11.0833 665
11.1 666
11.1167 668
11.1333 669
11.15 671
11.1667 672
11.1833 674
11.2 675
11.2167 677
11.2333 678
11.25 679
11.2667 681
11.2833 682
11.3 683
11.3167 685
11.3333 686
11.35 687
11.3667 688
11.3833 690
11.4 691
11.4167 692
11.4333 693
11.45 694
11.4667 695
11.4833 697
11.5 698
11.5167 699
11.5333 700
11.55 701
11.5667 702
11.5833 703
11.6 704
11.6167 705
11.6333 706
11.65 707
11.6667 707
11.6833 708
11.7 709
11.7167 710
11.7333 711
11.75 712
11.7667 712
11.7833 713
11.8 714
11.8167 715
11.8333 715
11.85 716
11.8667 717
11.8833 717
11.9 718
11.9167 719
11.9333 719
11.95 720
11.9667 720
11.9833 721
12.0 721
12.0167 722
12.0333 722
12.05 723
12.0667 723
12.0833 724
12.1 724
12.1167 724
12.1333 725
12.15 725
12.1667 725
12.1833 726
12.2 726
12.2167 726
12.2333 726
12.25 727
12.2667 727
12.2833 727
12.3 727
12.3167 727
12.3333 727
12.35 727
12.3667 727
12.3833 727
12.4 728
12.4167 728
12.4333 728
12.45 727
12.4667 727
12.4833 727
12.5 727
12.5167 727
12.5333 727
12.55 727
12.5667 727
12.5833 727
12.6 726
12.6167 726
12.6333 726
12.65 726
12.6667 725
12.6833 725
12.7 725
12.7167 724
12.7333 724
12.75 724
12.7667 723
12.7833 723
12.8 722
12.8167 722
12.8333 721
12.85 721
12.8667 720
12.8833 720
12.9 719
12.9167 719
12.9333 718
12.95 717
12.9667 717
12.9833 716
13.0 716
13.0167 715
13.0333 714
13.05 713
13.0667 713
13.0833 712
13.1 711
13.1167 710
13.1333 709
13.15 709
13.1667 708
13.1833 707
13.2 706
13.2167 705
13.2333 704
13.25 703
13.2667 702
13.2833 701
13.3 700
13.3167 699
13.3333 698
13.35 697
13.3667 696
13.3833 695
13.4 693
13.4167 692
13.4333 691
13.45 690
13.4667 689
13.4833 688
13.5 686
13.5167 685
13.5333 684
13.55 682
13.5667 681
13.5833 680
13.6 678
13.6167 677
13.6333 676
13.65 674
13.6667 673
13.6833 671
13.7 670
13.7167 668
13.7333 667
13.75 665
13.7667 664
13.7833 662
13.8 661
13.8167 659
13.8333 657
13.85 656
13.8667 654
13.8833 652
13.9 651
13.9167 649
13.9333 647
13.95 645
13.9667 644
13.9833 642
14.0 640
14.0167 638
14.0333 637
14.05 635
14.0667 633
14.0833 631
14.1 629
14.1167 627
14.1333 625
14.15 623
14.1667 621
14.1833 619
14.2 617
14.2167 615
14.2333 613
14.25 611
14.2667 609
14.2833 607
14.3 605
14.3167 603
14.3333 601
14.35 598
14.3667 596
14.3833 594
14.4 592
14.4167 590
14.4333 587
14.45 585
14.4667 583
14.4833 581
14.5 578
14.5167 576
14.5333 574
14.55 571
14.5667 569
14.5833 567
14.6 564
14.6167 562
14.6333 559
14.65 557
14.6667 554
14.6833 552
14.7 550
14.7167 547
14.7333 545
14.75 542
14.7667 539
14.7833 537
14.8 534
14.8167 532
14.8333 529
14.85 527
14.8667 524
14.8833 521
14.9 519
14.9167 516
14.9333 513
14.95 511
14.9667 508
14.9833 505
15.0 502
15.0167 499
15.0333 496
15.05 493
15.0667 490
15.0833 488
15.1 485
15.1167 482
15.1333 479
15.15 476
15.1667 473
15.1833 471
15.2 468
15.2167 465
15.2333 462
15.25 459
15.2667 456
15.2833 453
15.3 450
15.3167 447
15.3333 444
15.35 441
15.3667 438
15.3833 435
15.4 432
15.4167 429
15.4333 426
15.45 423
15.4667 420
15.4833 417
15.5 414
15.5167 411
15.5333 407
15.55 404
15.5667 401
15.5833 398
15.6 395
15.6167 392
15.6333 389
15.65 385
15.6667 382
15.6833 379
15.7 376
15.7167 373
15.7333 369
15.75 366
15.7667 363
15.7833 360
15.8 356
15.8167 353
15.8333 350
15.85 347
15.8667 343
15.8833 340
15.9 337
15.9167 334
15.9333 330
15.95 327
15.9667 324
15.9833 320
16.0 317
16.0167 314
16.0333 310
16.05 307
16.0667 304
16.0833 300
16.1 297
16.1167 294
16.1333 290
16.15 287
16.1667 283
16.1833 280
16.2 277
16.2167 273
16.2333 270
16.25 267
16.2667 263
16.2833 260
16.3 257
16.3167 253
16.3333 250
16.35 246
16.3667 243
16.3833 240
16.4 236
16.4167 233
16.4333 230
16.45 226
16.4667 223
16.4833 219
16.5 216
16.5167 213
16.5333 209
16.55 206
16.5667 203
16.5833 199
16.6 196
16.6167 193
16.6333 189
16.65 186
16.6667 183
16.6833 179
16.7 176
16.7167 173
16.7333 170
16.75 166
16.7667 163
16.7833 160
16.8 156
16.8167 153
16.8333 150
16.85 147
16.8667 144
16.8833 140
16.9 137
16.9167 134
16.9333 131
16.95 128
16.9667 125
16.9833 122
