8.0 106
8.0167 109
8.0333 111
8.05 114
8.0667 117
8.0833 120
8.1 123
8.1167 126
8.1333 129
8.15 132
8.1667 135
8.1833 139
8.2 142
8.2167 145
8.2333 148
8.25 151
8.2667 154
8.2833 157
8.3 160
8.3167 164
8.3333 167
8.35 170
8.3667 173
8.3833 176
8.4 179
8.4167 183
8.4333 186
8.45 189
8.4667 192
8.4833 195
8.5 199
8.5167 202
8.5333 205
8.55 208
8.5667 212
8.5833 215
8.6 218
8.6167 221
8.6333 225
8.65 228
8.6667 231
8.6833 234
8.7 238
8.7167 241
8.7333 244
8.75 247
8.7667 250
8.7833 254
8.8 257
8.8167 260
8.8333 263
8.85 267
8.8667 270
8.8833 273
8.9 276
8.9167 279
8.9333 283
8.95 286
8.9667 289
8.9833 292
9.0 295
9.0167 298
9.0333 301
9.05 304
9.0667 307
9.0833 311
9.1 314
9.1167 317
9.1333 320
9.15 323
9.1667 326
9.1833 329
9.2 333
9.2167 336
9.2333 339
9.25 342
9.2667 345
9.2833 348
9.3 351
9.3167 354
9.3333 357
9.35 360
9.3667 363
9.3833 366
9.4 369
9.4167 372
9.4333 375
9.45 378
9.4667 381
9.4833 384
9.5 387
9.5167 390
9.5333 393
9.55 396
9.5667 399
9.5833 402
9.6 405
9.6167 408
9.6333 410
9.65 413
9.6667 416
9.6833 419
9.7 422
9.7167 425
9.7333 427
9.75 430
9.7667 433
9.7833 436
9.8 439
9.8167 441
9.8333 444
9.85 447
9.8667 450
9.8833 452
9.9 455
9.9167 458
9.9333 460
9.95 463
9.9667 466
9.9833 468
10.0 471
10.0167 473
10.0333 476
10.05 479
10.0667 481
10.0833 484
10.1 486
10.1167 489
10.1333 491
10.15 494
10.1667 496
10.1833 499
10.2 501
10.2167 503
10.2333 506
10.25 508
10.2667 511
10.2833 513
10.3 515
10.3167 518
10.3333 520
10.35 522
10.3667 525
10.3833 527
10.4 529
10.4167 531
10.4333 534
10.45 536
10.4667 538
10.4833 540
10.5 542
10.5167 545
10.5333 547
10.55 549
10.5667 551
10.5833 553
10.6 555
10.6167 557
10.6333 559
10.65 561
10.6667 563
10.6833 565
10.7 567
10.7167 569
10.7333 571
10.75 573
10.7667 575
10.7833 577
10.8 579
10.8167 581
10.8333 582
10.85 584
10.8667 586
10.8833 588
10.9 590
10.9167 591
10.9333 593
10.95 595
10.9667 597
10.9833 598
11.0 600
11.0167 602
11.0333 603
11.05 605
11.0667 607
11.0833 608
11.1 610
11.1167 611
11.1333 613
11.15 614
11.1667 616
11.1833 617
11.2 619
11.2167 620
11.2333 622
11.25 623
11.2667 624
11.2833 626
11.3 627
11.3167 629
11.3333 630
11.35 631
11.3667 632
11.3833 634
11.4 635
11.4167 636
11.4333 637
11.45 639
11.4667 640
11.4833 641
11.5 642
11.5167 643
11.5333 644
11.55 645
11.5667 646
11.5833 647
11.6 648
11.6167 650
11.6333 650
11.65 651
11.6667 652
11.6833 653
11.7 654
11.7167 655
11.7333 656
11.75 657
11.7667 658
11.7833 659
11.8 659
11.8167 660
11.8333 661
11.85 662
11.8667 662
11.8833 663
11.9 664
11.9167 664
11.9333 665
11.95 666
11.9667 666
11.9833 667
12.0 667
12.0167 668
12.0333 669
12.05 669
12.0667 670
12.0833 670
12.1 671
12.1167 671
12.1333 671
12.15 672
12.1667 672
12.1833 673
12.2 673
12.2167 673
12.2333 673
12.25 674
12.2667 674
12.2833 674
12.3 674
12.3167 675
12.3333 675
12.35 675
12.3667 675
12.3833 675
12.4 675
12.4167 676
12.4333 676
12.45 676
12.4667 676
12.4833 676
12.5 676
12.5167 676
12.5333 676
12.55 676
12.5667 675
12.5833 675
12.6 675
12.6167 675
12.6333 675
12.65 675
12.6667 675
12.6833 674
12.7 674
12.7167 674
12.7333 674
12.75 673
12.7667 673
12.7833 673
12.8 672
12.8167 672
12.8333 672
12.85 671
12.8667 671
12.8833 670
12.9 670
12.9167 669
12.9333 669
12.95 668
12.9667 668
12.9833 667
13.0 667
13.0167 666
13.0333 665
13.05 665
13.0667 664
13.0833 663
13.1 663
13.1167 662
13.1333 661
13.15 660
13.1667 660
13.1833 659
13.2 658
13.2167 657
13.2333 656
13.25 655
13.2667 655
13.2833 654
13.3 653
13.3167 652
13.3333 651
13.35 650
13.3667 649
13.3833 648
13.4 647
13.4167 646
13.4333 645
13.45 644
13.4667 642
13.4833 641
13.5 640
13.5167 639
13.5333 638
13.55 637
13.5667 635
13.5833 634
13.6 633
13.6167 632
13.6333 630
13.65 629
13.6667 628
13.6833 626
13.7 625
13.7167 624
13.7333 622
13.75 621
13.7667 619
13.7833 618
13.8 616
13.8167 615
13.8333 613
13.85 612
13.8667 610
13.8833 609
13.9 607
13.9167 606
13.9333 604
13.95 602
13.9667 601
13.9833 599
14.0 597
14.0167 596
14.0333 594
14.05 592
14.0667 590
14.0833 589
14.1 587
14.1167 585
14.1333 583
14.15 581
14.1667 579
14.1833 578
14.2 576
14.2167 574
14.2333 572
14.25 570
14.2667 568
14.2833 566
14.3 564
14.3167 562
14.3333 560
14.35 558
14.3667 556
14.3833 554
14.4 552
14.4167 550
14.4333 548
14.45 545
14.4667 543
14.4833 541
14.5 539
14.5167 537
14.5333 534
14.55 532
14.5667 530
14.5833 528
14.6 525
14.6167 523
14.6333 521
14.65 519
14.6667 516
14.6833 514
14.7 512
14.7167 509
14.7333 507
14.75 504
14.7667 502
14.7833 499
14.8 497
14.8167 495
14.8333 492
14.85 490
14.8667 487
14.8833 485
14.9 482
14.9167 479
14.9333 477
14.95 474
14.9667 472
14.9833 469
15.0 466
15.0167 464
15.0333 461
15.05 458
15.0667 456
15.0833 453
15.1 450
15.1167 448
15.1333 445
15.15 442
15.1667 439
15.1833 437
15.2 434
15.2167 431
15.2333 428
15.25 425
15.2667 423
15.2833 420
15.3 417
15.3167 414
15.3333 411
15.35 408
15.3667 406
15.3833 403
15.4 400
15.4167 397
15.4333 394
15.45 391
15.4667 388
15.4833 385
15.5 382
15.5167 379
15.5333 376
15.55 373
15.5667 370
15.5833 367
15.6 364
15.6167 361
15.6333 358
15.65 355
15.6667 352
15.6833 349
15.7 346
15.7167 343
15.7333 340
15.75 337
15.7667 333
15.7833 330
15.8 327
15.8167 324
15.8333 321
15.85 318
15.8667 315
15.8833 312
15.9 308
15.9167 305
15.9333 302
15.95 299
15.9667 296
15.9833 293
16.0 289
16.0167 286
16.0333 283
16.05 280
16.0667 277
16.0833 273
16.1 270
16.1167 267
16.1333 264
16.15 260
16.1667 257
16.1833 254
16.2 251
16.2167 248
16.2333 244
16.25 241
16.2667 238
16.2833 235
16.3 231
16.3167 228
16.3333 225
16.35 222
16.3667 218
16.3833 215
16.4 212
16.4167 209
16.4333 206
16.45 202
16.4667 199
16.4833 196
16.5 193
16.5167 189
16.5333 186
16.55 183
16.5667 180
16.5833 177
16.6 173
16.6167 170
16.6333 167
16.65 164
16.6667 161
16.6833 158
16.7 155
16.7167 151
16.7333 148
16.75 145
16.7667 142
16.7833 139
16.8 136
16.8167 133
16.8333 130
16.85 127
16.8667 124
16.8833 121
16.9 118
16.9167 115
16.9333 112
16.95 109
16.9667 106
16.9833 103
