8.0 122
8.0167 126
8.0333 129
8.05 132
8.0667 135
8.0833 139
8.1 142
8.1167 145
8.1333 148
8.15 152
8.1667 155
8.1833 158
8.2 162
8.2167 165
8.2333 168
8.25 172
8.2667 175
8.2833 178
8.3 182
8.3167 185
8.3333 188
8.35 192
8.3667 195
8.3833 198
8.4 202
8.4167 205
8.4333 209
8.45 212
8.4667 215
8.4833 219
8.5 222
8.5167 226
8.5333 229
8.55 232
8.5667 236
8.5833 239
8.6 242
8.6167 246
8.6333 249
8.65 253
8.6667 256
8.6833 259
8.7 263
8.7167 266
8.7333 270
8.75 273
8.7667 276
8.7833 280
8.8 283
8.8167 286
8.8333 290
8.85 293
8.8667 296
8.8833 300
8.9 303
8.9167 306
8.9333 310
8.95 313
8.9667 316
8.9833 320
9.0 323
9.0167 325
9.0333 329
9.05 332
9.0667 335
9.0833 338
9.1 342
9.1167 345
9.1333 348
9.15 351
9.1667 355
9.1833 358
9.2 361
9.2167 364
9.2333 367
9.25 371
9.2667 374
9.2833 377
9.3 380
9.3167 383
9.3333 386
9.35 389
9.3667 393
9.3833 396
9.4 399
9.4167 402
9.4333 405
9.45 408
9.4667 411
9.4833 414
9.5 417
9.5167 420
9.5333 423
9.55 426
9.5667 429
9.5833 432
9.6 435
9.6167 438
9.6333 441
9.65 444
9.6667 447
9.6833 450
9.7 452
9.7167 455
9.7333 458
9.75 461
9.7667 464
9.7833 467
9.8 469
9.8167 472
9.8333 475
9.85 478
9.8667 481
9.8833 483
9.9 486
9.9167 489
9.9333 491
9.95 494
9.9667 497
9.9833 499
10.0 502
10.0167 505
10.0333 507
10.05 510
10.0667 513
10.0833 515
10.1 518
10.1167 520
10.1333 523
10.15 525
10.1667 528
10.1833 530
10.2 533
10.2167 535
10.2333 538
10.25 540
10.2667 543
10.2833 545
10.3 547
10.3167 550
10.3333 552
10.35 554
10.3667 557
10.3833 559
10.4 561
10.4167 564
10.4333 566
10.45 568
10.4667 570
10.4833 572
10.5 575
10.5167 577
10.5333 579
10.55 581
10.5667 583
10.5833 585
10.6 587
10.6167 590
10.6333 592
10.65 594
10.6667 596
10.6833 598
10.7 600
10.7167 602
10.7333 604
10.75 606
10.7667 608
10.7833 609
10.8 611
10.8167 613
10.8333 615
10.85 617
10.8667 619
10.8833 621
10.9 622
10.9167 624
10.9333 626
10.95 628
10.9667 629
10.9833 631
11.0 633
11.0167 634
11.0333 636
11.05 638
11.0667 639
11.0833 641
11.1 642
11.1167 644
11.1333 646
11.15 647
11.1667 649
11.1833 650
11.2 651
11.2167 653
11.2333 654
11.25 656
11.2667 657
11.2833 659
11.3 660
11.3167 661
11.3333 663
11.35 664
11.3667 665
11.3833 666
11.4 668
11.4167 669
11.4333 670
11.45 671
11.4667 672
11.4833 674
11.5 675
11.5167 676
11.5333 677
11.55 678
11.5667 679
11.5833 680
11.6 681
11.6167 682
11.6333 683
11.65 684
11.6667 685
11.6833 686
11.7 687
11.7167 688
11.7333 689
11.75 690
11.7667 690
11.7833 691
11.8 692
11.8167 693
11.8333 693
11.85 694
11.8667 695
11.8833 696
11.9 696
11.9167 697
11.9333 698
11.95 698
11.9667 699
11.9833 699
12.0 700
12.0167 701
12.0333 701
12.05 702
12.0667 702
12.0833 702
12.1 703
12.1167 703
12.1333 704
12.15 704
12.1667 705
12.1833 705
12.2 705
12.2167 706
12.2333 706
12.25 706
12.2667 706
12.2833 707
12.3 707
12.3167 707
12.3333 707
12.35 707
12.3667 707
12.3833 708
12.4 708
12.4167 708
12.4333 708
12.45 708
12.4667 708
12.4833 708
12.5 708
12.5167 708
12.5333 708
12.55 708
12.5667 707
12.5833 707
12.6 707
12.6167 707
12.6333 707
12.65 707
12.6667 706
12.6833 706
12.7 706
12.7167 706
12.7333 705
12.75 705
12.7667 705
12.7833 704
12.8 704
12.8167 704
12.8333 703
12.85 703
12.8667 702
12.8833 702
12.9 701
12.9167 701
12.9333 700
12.95 700
12.9667 699
12.9833 699
13.0 698
13.0167 697
13.0333 697
13.05 696
13.0667 695
13.0833 695
13.1 694
13.1167 693
13.1333 692
13.15 692
13.1667 691
13.1833 690
13.2 689
13.2167 688
13.2333 687
13.25 686
13.2667 686
13.2833 685
13.3 684
13.3167 683
13.3333 682
13.35 681
13.3667 680
13.3833 679
13.4 677
13.4167 676
13.4333 675
13.45 674
13.4667 673
13.4833 672
13.5 671
13.5167 669
13.5333 668
13.55 667
13.5667 666
13.5833 664
13.6 663
13.6167 662
13.6333 661
13.65 659
13.6667 658
13.6833 656
13.7 655
13.7167 654
13.7333 652
13.75 651
13.7667 649
13.7833 648
13.8 646
13.8167 645
13.8333 643
13.85 642
13.8667 640
13.8833 638
13.9 637
13.9167 635
13.9333 633
13.95 632
13.9667 630
13.9833 628
14.0 627
14.0167 625
14.0333 623
14.05 621
14.0667 620
14.0833 618
14.1 616
14.1167 614
14.1333 612
14.15 610
14.1667 608
14.1833 606
14.2 605
14.2167 603
14.2333 601
14.25 599
14.2667 597
14.2833 595
14.3 593
14.3167 591
14.3333 588
14.35 586
14.3667 584
14.3833 582
14.4 580
14.4167 578
14.4333 576
14.45 573
14.4667 571
14.4833 569
14.5 567
14.5167 565
14.5333 562
14.55 560
14.5667 558
14.5833 555
14.6 553
14.6167 551
14.6333 548
14.65 546
14.6667 544
14.6833 541
14.7 539
14.7167 536
14.7333 534
14.75 531
14.7667 529
14.7833 526
14.8 524
14.8167 521
14.8333 519
14.85 516
14.8667 514
14.8833 511
14.9 509
14.9167 506
14.9333 503
14.95 501
14.9667 498
14.9833 495
15.0 492
15.0167 490
15.0333 487
15.05 484
15.0667 481
15.0833 479
15.1 476
15.1167 473
15.1333 470
15.15 468
15.1667 465
15.1833 462
15.2 459
15.2167 456
15.2333 453
15.25 450
15.2667 448
15.2833 445
15.3 442
15.3167 439
15.3333 436
15.35 433
15.3667 430
15.3833 427
15.4 424
15.4167 421
15.4333 418
15.45 415
15.4667 412
15.4833 409
15.5 406
15.5167 403
15.5333 400
15.55 397
15.5667 394
15.5833 391
15.6 387
15.6167 384
15.6333 381
15.65 378
15.6667 375
15.6833 372
15.7 369
15.7167 365
15.7333 362
15.75 359
15.7667 356
15.7833 353
15.8 349
15.8167 346
15.8333 343
15.85 340
15.8667 336
15.8833 333
15.9 330
15.9167 327
15.9333 323
15.95 320
15.9667 317
15.9833 313
16.0 310
16.0167 307
16.0333 303
16.05 300
16.0667 297
16.0833 293
16.1 290
16.1167 287
16.1333 283
16.15 280
16.1667 277
16.1833 273
16.2 270
16.2167 267
16.2333 263
16.25 260
16.2667 257
16.2833 253
16.3 250
16.3167 246
16.3333 243
16.35 240
16.3667 236
16.3833 233
16.4 229
16.4167 226
16.4333 223
16.45 219
16.4667 216
16.4833 213
16.5 209
16.5167 206
16.5333 202
16.55 199
16.5667 196
16.5833 192
16.6 189
16.6167 186
16.6333 182
16.65 179
16.6667 176
16.6833 172
16.7 169
16.7167 166
16.7333 162
16.75 159
16.7667 156
16.7833 152
16.8 149
16.8167 146
16.8333 143
16.85 139
16.8667 136
16.8833 133
16.9 130
16.9167 126
16.9333 123
16.95 120
16.9667 117
16.9833 114
