8.0 90
8.0167 93
8.0333 97
8.05 100
8.0667 103
8.0833 106
8.1 110
8.1167 113
8.1333 116
8.15 120
8.1667 123
8.1833 126
8.2 130
8.2167 133
8.2333 136
8.25 140
8.2667 143
8.2833 147
8.3 150
8.3167 154
8.3333 157
8.35 161
8.3667 164
8.3833 168
8.4 171
8.4167 175
8.4333 178
8.45 182
8.4667 185
8.4833 189
8.5 192
8.5167 196
8.5333 199
8.55 202
8.5667 206
8.5833 209
8.6 213
8.6167 216
8.6333 220
8.65 223
8.6667 227
8.6833 230
8.7 234
8.7167 237
8.7333 241
8.75 244
8.7667 248
8.7833 251
8.8 255
8.8167 258
8.8333 262
8.85 265
8.8667 269
8.8833 272
8.9 275
8.9167 279
8.9333 282
8.95 286
8.9667 289
8.9833 293
9.0 296
9.0167 299
9.0333 302
9.05 306
9.0667 309
9.0833 312
9.1 316
9.1167 319
9.1333 323
9.15 326
9.1667 329
9.1833 333
9.2 336
9.2167 339
9.2333 342
9.25 346
9.2667 349
9.2833 352
9.3 356
9.3167 359
9.3333 362
9.35 365
9.3667 369
9.3833 372
9.4 375
9.4167 378
9.4333 381
9.45 385
9.4667 388
9.4833 391
9.5 394
9.5167 397
9.5333 400
9.55 403
9.5667 407
9.5833 410
9.6 413
9.6167 416
9.6333 419
9.65 422
9.6667 425
9.6833 428
9.7 431
9.7167 434
9.7333 437
9.75 440
9.7667 443
9.7833 446
9.8 449
9.8167 452
9.8333 455
9.85 457
9.8667 460
9.8833 463
9.9 466
9.9167 469
9.9333 472
9.95 475
9.9667 477
9.9833 480
10.0 483
10.0167 486
10.0333 489
10.05 491
10.0667 494
10.0833 497
10.1 499
10.1167 502
10.1333 505
10.15 507
10.1667 510
10.1833 513
10.2 515
10.2167 518
10.2333 520
10.25 523
10.2667 526
10.2833 528
10.3 531
10.3167 533
10.3333 536
10.35 538
10.3667 541
10.3833 543
10.4 546
10.4167 548
10.4333 550
10.45 553
10.4667 555
10.4833 557
10.5 560
10.5167 562
10.5333 564
10.55 567
10.5667 569
10.5833 571
10.6 573
10.6167 576
10.6333 578
10.65 580
10.6667 582
10.6833 584
10.7 587
10.7167 589
10.7333 591
10.75 593
10.7667 595
10.7833 597
10.8 599
10.8167 601
10.8333 603
10.85 605
10.8667 607
10.8833 609
10.9 611
10.9167 613
10.9333 615
10.95 617
10.9667 619
10.9833 621
11.0 622
11.0167 624
11.0333 626
11.05 628
11.0667 630
11.0833 631
11.1 633
11.1167 635
11.1333 637
11.15 638
11.1667 640
11.1833 642
11.2 643
11.2167 645
11.2333 646
11.25 648
11.2667 650
11.2833 651
11.3 653
11.3167 654
11.3333 656
11.35 657
11.3667 659
11.3833 660
11.4 661
11.4167 663
11.4333 664
11.45 666
11.4667 667
11.4833 668
11.5 670
11.5167 671
11.5333 672
11.55 673
11.5667 675
11.5833 676
11.6 677
11.6167 678
11.6333 679
11.65 680
11.6667 682
11.6833 683
11.7 684
11.7167 685
11.7333 686
11.75 687
11.7667 688
11.7833 689
11.8 690
11.8167 691
11.8333 692
11.85 693
11.8667 694
11.8833 694
11.9 695
11.9167 696
11.9333 697
11.95 698
11.9667 699
11.9833 699
12.0 700
12.0167 701
12.0333 701
12.05 702
12.0667 703
12.0833 703
12.1 704
12.1167 705
12.1333 705
12.15 706
12.1667 706
12.1833 707
12.2 707
12.2167 708
12.2333 708
12.25 709
12.2667 709
12.2833 710
12.3 710
12.3167 710
12.3333 711
12.35 711
12.3667 711
12.3833 712
12.4 712
12.4167 712
12.4333 713
12.45 713
12.4667 713
12.4833 713
12.5 713
12.5167 713
12.5333 714
12.55 714
12.5667 714
12.5833 714
12.6 714
12.6167 714
12.6333 714
12.65 714
12.6667 714
12.6833 714
12.7 714
12.7167 714
12.7333 714
12.75 713
12.7667 713
12.7833 713
12.8 713
12.8167 713
12.8333 712
12.85 712
12.8667 712
12.8833 712
12.9 711
12.9167 711
12.9333 711
12.95 710
12.9667 710
12.9833 710
13.0 709
13.0167 709
13.0333 708
13.05 708
13.0667 707
13.0833 707
13.1 706
13.1167 706
13.1333 705
13.15 704
13.1667 704
13.1833 703
13.2 703
13.2167 702
13.2333 701
13.25 700
13.2667 700
13.2833 699
13.3 698
13.3167 697
13.3333 697
13.35 696
13.3667 695
13.3833 694
13.4 693
13.4167 692
13.4333 691
13.45 690
13.4667 689
13.4833 688
13.5 687
13.5167 686
13.5333 685
13.55 684
13.5667 683
13.5833 682
13.6 681
13.6167 680
13.6333 679
13.65 678
13.6667 676
13.6833 675
13.7 674
13.7167 673
13.7333 672
13.75 670
13.7667 669
13.7833 668
13.8 666
13.8167 665
13.8333 664
13.85 662
13.8667 661
13.8833 659
13.9 658
13.9167 656
13.9333 655
13.95 653
13.9667 652
13.9833 650
14.0 649
14.0167 647
14.0333 646
14.05 644
14.0667 643
14.0833 641
14.1 639
14.1167 638
14.1333 636
14.15 634
14.1667 632
14.1833 631
14.2 629
14.2167 627
14.2333 625
14.25 623
14.2667 622
14.2833 620
14.3 618
14.3167 616
14.3333 614
14.35 612
14.3667 610
14.3833 608
14.4 606
14.4167 604
14.4333 602
14.45 600
14.4667 598
14.4833 596
14.5 594
14.5167 592
14.5333 590
14.55 588
14.5667 586
14.5833 584
14.6 581
14.6167 579
14.6333 577
14.65 575
14.6667 573
14.6833 570
14.7 568
14.7167 566
14.7333 563
14.75 561
14.7667 559
14.7833 556
14.8 554
14.8167 552
14.8333 549
14.85 547
14.8667 544
14.8833 542
14.9 540
14.9167 537
14.9333 535
14.95 532
14.9667 530
14.9833 527
15.0 525
15.0167 522
15.0333 520
15.05 517
15.0667 514
15.0833 512
15.1 509
15.1167 507
15.1333 504
15.15 501
15.1667 498
15.1833 496
15.2 493
15.2167 490
15.2333 488
15.25 485
15.2667 482
15.2833 479
15.3 476
15.3167 474
15.3333 471
15.35 468
15.3667 465
15.3833 462
15.4 459
15.4167 457
15.4333 454
15.45 451
15.4667 448
15.4833 445
15.5 442
15.5167 439
15.5333 436
15.55 433
15.5667 430
15.5833 427
15.6 424
15.6167 421
15.6333 418
15.65 415
15.6667 412
15.6833 409
15.7 405
15.7167 402
15.7333 399
15.75 396
15.7667 393
15.7833 390
15.8 387
15.8167 384
15.8333 380
15.85 377
15.8667 374
15.8833 371
15.9 367
15.9167 364
15.9333 361
15.95 358
15.9667 355
15.9833 351
16.0 348
16.0167 345
16.0333 341
16.05 338
16.0667 335
16.0833 331
16.1 328
16.1167 325
16.1333 321
16.15 318
16.1667 315
16.1833 311
16.2 308
16.2167 305
16.2333 301
16.25 298
16.2667 294
16.2833 291
16.3 288
16.3167 284
16.3333 281
16.35 277
16.3667 274
16.3833 270
16.4 267
16.4167 264
16.4333 260
16.45 257
16.4667 253
16.4833 250
16.5 246
16.5167 243
16.5333 239
16.55 236
16.5667 232
16.5833 229
16.6 225
16.6167 222
16.6333 218
16.65 215
16.6667 211
16.6833 208
16.7 204
16.7167 201
16.7333 197
16.75 194
16.7667 190
16.7833 187
16.8 183
16.8167 180
16.8333 176
16.85 173
16.8667 169
16.8833 166
16.9 163
16.9167 159
16.9333 156
16.95 152
16.9667 149
16.9833 145
