8.0 85
8.0167 88
8.0333 91
8.05 94
8.0667 97
8.0833 100
8.1 103
8.1167 106
8.1333 110
8.15 113
8.1667 116
8.1833 119
8.2 122
8.2167 125
8.2333 128
8.25 132
8.2667 135
8.2833 138
8.3 141
8.3167 145
8.3333 148
8.35 151
8.3667 154
8.3833 158
8.4 161
8.4167 164
8.4333 168
8.45 171
8.4667 174
8.4833 178
8.5 181
8.5167 184
8.5333 188
8.55 191
8.5667 194
8.5833 198
8.6 201
8.6167 204
8.6333 208
8.65 211
8.6667 214
8.6833 218
8.7 221
8.7167 224
8.7333 228
8.75 231
8.7667 234
8.7833 238
8.8 241
8.8167 244
8.8333 248
8.85 251
8.8667 254
8.8833 258
8.9 261
8.9167 264
8.9333 268
8.95 271
8.9667 274
8.9833 278
9.0 281
9.0167 284
9.0333 287
9.05 290
9.0667 294
9.0833 297
9.1 300
9.1167 303
9.1333 307
9.15 310
9.1667 313
9.1833 316
9.2 320
9.2167 323
9.2333 326
9.25 329
9.2667 332
9.2833 336
9.3 339
9.3167 342
9.3333 345
9.35 348
9.3667 352
9.3833 355
9.4 358
9.4167 361
9.4333 364
9.45 367
9.4667 370
9.4833 373
9.5 376
9.5167 379
9.5333 382
9.55 386
9.5667 389
9.5833 392
9.6 395
9.6167 398
9.6333 401
9.65 404
9.6667 407
9.6833 409
9.7 412
9.7167 415
9.7333 418
9.75 421
9.7667 424
9.7833 427
9.8 430
9.8167 433
9.8333 436
9.85 438
9.8667 441
9.8833 444
9.9 447
9.9167 450
9.9333 452
9.95 455
9.9667 458
9.9833 461
10.0 463
10.0167 466
10.0333 469
10.05 472
10.0667 474
10.0833 477
10.1 479
10.1167 482
10.1333 485
10.15 487
10.1667 490
10.1833 492
10.2 495
10.2167 498
10.2333 500
10.25 503
10.2667 505
10.2833 508
10.3 510
10.3167 513
10.3333 515
10.35 517
10.3667 520
10.3833 522
10.4 525
10.4167 527
10.4333 529
10.45 532
10.4667 534
10.4833 536
10.5 539
10.5167 541
10.5333 543
10.55 545
10.5667 548
10.5833 550
10.6 552
10.6167 554
10.6333 556
10.65 559
10.6667 561
10.6833 563
10.7 565
10.7167 567
10.7333 569
10.75 571
10.7667 573
10.7833 575
10.8 577
10.8167 579
10.8333 581
10.85 583
10.8667 585
10.8833 587
10.9 589
10.9167 591
10.9333 593
10.95 594
10.9667 596
10.9833 598
11.0 600
11.0167 602
11.0333 603
11.05 605
11.0667 607
11.0833 609
11.1 610
11.1167 612
11.1333 614
11.15 615
11.1667 617
11.1833 618
11.2 620
11.2167 622
11.2333 623
11.25 625
11.2667 626
11.2833 628
11.3 629
11.3167 631
11.3333 632
11.35 634
11.3667 635
11.3833 636
11.4 638
11.4167 639
11.4333 640
11.45 642
11.4667 643
11.4833 644
11.5 646
11.5167 647
11.5333 648
11.55 649
11.5667 650
11.5833 652
11.6 653
11.6167 654
11.6333 655
11.65 656
11.6667 657
11.6833 658
11.7 659
11.7167 660
11.7333 661
11.75 662
11.7667 663
11.7833 664
11.8 665
11.8167 666
11.8333 667
11.85 668
11.8667 669
11.8833 670
11.9 670
11.9167 671
11.9333 672
11.95 673
11.9667 673
11.9833 674
12.0 675
12.0167 676
12.0333 676
12.05 677
12.0667 677
12.0833 678
12.1 679
12.1167 679
12.1333 680
12.15 680
12.1667 681
12.1833 681
12.2 682
12.2167 682
12.2333 683
12.25 683
12.2667 683
12.2833 684
12.3 684
12.3167 685
12.3333 685
12.35 685
12.3667 685
12.3833 686
12.4 686
12.4167 686
12.4333 686
12.45 687
12.4667 687
12.4833 687
12.5 687
12.5167 687
12.5333 687
12.55 687
12.5667 687
12.5833 687
12.6 687
12.6167 687
12.6333 687
12.65 687
12.6667 687
12.6833 687
12.7 687
12.7167 687
12.7333 687
12.75 686
12.7667 686
12.7833 686
12.8 686
12.8167 686
12.8333 685
12.85 685
12.8667 685
12.8833 684
12.9 684
12.9167 684
12.9333 683
12.95 683
12.9667 682
12.9833 682
13.0 682
13.0167 681
13.0333 681
13.05 680
13.0667 680
13.0833 679
13.1 678
13.1167 678
13.1333 677
13.15 677
13.1667 676
13.1833 675
13.2 675
13.2167 674
13.2333 673
13.25 672
13.2667 672
13.2833 671
13.3 670
13.3167 669
13.3333 668
13.35 668
13.3667 667
13.3833 666
13.4 665
13.4167 664
13.4333 663
13.45 662
13.4667 661
13.4833 660
13.5 659
13.5167 658
13.5333 657
13.55 656
13.5667 655
13.5833 654
13.6 652
13.6167 651
13.6333 650
13.65 649
13.6667 648
13.6833 646
13.7 645
13.7167 644
13.7333 643
13.75 641
13.7667 640
13.7833 639
13.8 637
13.8167 636
13.8333 635
13.85 633
13.8667 632
13.8833 630
13.9 629
13.9167 627
13.9333 626
13.95 624
13.9667 623
13.9833 621
14.0 620
14.0167 618
14.0333 616
14.05 615
14.0667 613
14.0833 611
14.1 610
14.1167 608
14.1333 606
14.15 605
14.1667 603
14.1833 601
14.2 599
14.2167 597
14.2333 596
14.25 594
14.2667 592
14.2833 590
14.3 588
14.3167 586
14.3333 584
14.35 582
14.3667 580
14.3833 578
14.4 577
14.4167 574
14.4333 572
14.45 570
14.4667 568
14.4833 566
14.5 564
14.5167 562
14.5333 560
14.55 558
14.5667 556
14.5833 554
14.6 551
14.6167 549
14.6333 547
14.65 545
14.6667 542
14.6833 540
14.7 538
14.7167 536
14.7333 533
14.75 531
14.7667 529
14.7833 526
14.8 524
14.8167 522
14.8333 519
14.85 517
14.8667 514
14.8833 512
14.9 509
14.9167 507
14.9333 504
14.95 502
14.9667 499
14.9833 497
15.0 494
15.0167 492
15.0333 489
15.05 487
15.0667 484
15.0833 481
15.1 479
15.1167 476
15.1333 474
15.15 471
15.1667 468
15.1833 465
15.2 463
15.2167 460
15.2333 457
15.25 455
15.2667 452
15.2833 449
15.3 446
15.3167 443
15.3333 441
15.35 438
15.3667 435
15.3833 432
15.4 429
15.4167 426
15.4333 423
15.45 421
15.4667 418
15.4833 415
15.5 412
15.5167 409
15.5333 406
15.55 403
15.5667 400
15.5833 397
15.6 394
15.6167 391
15.6333 388
15.65 385
15.6667 382
15.6833 379
15.7 376
15.7167 373
15.7333 369
15.75 366
15.7667 363
15.7833 360
15.8 357
15.8167 354
15.8333 351
15.85 348
15.8667 344
15.8833 341
15.9 338
15.9167 335
15.9333 332
15.95 329
15.9667 325
15.9833 322
16.0 319
16.0167 316
16.0333 312
16.05 309
16.0667 306
16.0833 303
16.1 299
16.1167 296
16.1333 293
16.15 290
16.1667 286
16.1833 283
16.2 280
16.2167 276
16.2333 273
16.25 270
16.2667 266
16.2833 263
16.3 260
16.3167 256
16.3333 253
16.35 250
16.3667 246
16.3833 243
16.4 240
16.4167 236
16.4333 233
16.45 230
16.4667 226
16.4833 223
16.5 220
16.5167 216
16.5333 213
16.55 210
16.5667 206
16.5833 203
16.6 200
16.6167 196
16.6333 193
16.65 190
16.6667 186
16.6833 183
16.7 180
16.7167 176
16.7333 173
16.75 170
16.7667 166
16.7833 163
16.8 160
16.8167 156
16.8333 153
16.85 150
16.8667 147
16.8833 143
16.9 140
16.9167 137
16.9333 134
16.95 130
16.9667 127
16.9833 124
