8.0 72
8.0167 74
8.0333 77
8.05 80
8.0667 83
8.0833 87
8.1 90
8.1167 93
8.1333 96
8.15 99
8.1667 102
8.1833 105
8.2 109
8.2167 112
8.2333 115
8.25 118
8.2667 122
8.2833 125
8.3 128
8.3167 132
8.3333 135
8.35 139
8.3667 142
8.3833 145
8.4 149
8.4167 152
8.4333 155
8.45 159
8.4667 162
8.4833 166
8.5 169
8.5167 172
8.5333 176
8.55 179
8.5667 183
8.5833 186
8.6 190
8.6167 193
8.6333 197
8.65 200
8.6667 203
8.6833 207
8.7 210
8.7167 214
8.7333 217
8.75 221
8.7667 224
8.7833 228
8.8 231
8.8167 234
8.8333 238
8.85 241
8.8667 245
8.8833 248
8.9 252
8.9167 255
8.9333 258
8.95 262
8.9667 265
8.9833 269
9.0 272
9.0167 275
9.0333 279
9.05 282
9.0667 285
9.0833 289
9.1 292
9.1167 296
9.1333 299
9.15 302
9.1667 306
9.1833 309
9.2 312
9.2167 316
9.2333 319
9.25 322
9.2667 326
9.2833 329
9.3 332
9.3167 335
9.3333 339
9.35 342
9.3667 345
9.3833 349
9.4 352
9.4167 355
9.4333 358
9.45 361
9.4667 365
9.4833 368
9.5 371
9.5167 374
9.5333 377
9.55 381
9.5667 384
9.5833 387
9.6 390
9.6167 393
9.6333 396
9.65 399
9.6667 402
9.6833 405
9.7 408
9.7167 412
9.7333 415
9.75 418
9.7667 421
9.7833 424
9.8 427
9.8167 430
9.8333 433
9.85 435
9.8667 438
9.8833 441
9.9 444
9.9167 447
9.9333 450
9.95 453
9.9667 456
9.9833 459
10.0 462
10.0167 464
10.0333 467
10.05 470
10.0667 473
10.0833 476
10.1 478
10.1167 481
10.1333 484
10.15 487
10.1667 489
10.1833 492
10.2 495
10.2167 497
10.2333 500
10.25 503
10.2667 505
10.2833 508
10.3 510
10.3167 513
10.3333 516
10.35 518
10.3667 521
10.3833 523
10.4 526
10.4167 528
10.4333 531
10.45 533
10.4667 536
10.4833 538
10.5 540
10.5167 543
10.5333 545
10.55 548
10.5667 550
10.5833 552
10.6 555
10.6167 557
10.6333 559
10.65 561
10.6667 564
10.6833 566
10.7 568
10.7167 570
10.7333 573
10.75 575
10.7667 577
10.7833 579
10.8 581
10.8167 583
10.8333 585
10.85 588
10.8667 590
10.8833 592
10.9 594
10.9167 596
10.9333 598
10.95 600
10.9667 602
10.9833 604
11.0 605
11.0167 607
11.0333 609
11.05 611
11.0667 613
11.0833 615
11.1 617
11.1167 619
11.1333 620
11.15 622
11.1667 624
11.1833 626
11.2 627
11.2167 629
11.2333 631
11.25 632
11.2667 634
11.2833 636
11.3 637
11.3167 639
11.3333 640
11.35 642
11.3667 644
11.3833 645
11.4 647
11.4167 648
11.4333 650
11.45 651
11.4667 652
11.4833 654
11.5 655
11.5167 657
11.5333 658
11.55 659
11.5667 661
11.5833 662
11.6 663
11.6167 665
11.6333 666
11.65 667
11.6667 668
11.6833 669
11.7 671
11.7167 672
11.7333 673
11.75 674
11.7667 675
11.7833 676
11.8 677
11.8167 678
11.8333 679
11.85 680
11.8667 681
11.8833 682
11.9 683
11.9167 684
11.9333 685
11.95 686
11.9667 687
11.9833 688
12.0 689
12.0167 689
12.0333 690
12.05 691
12.0667 692
12.0833 692
12.1 693
12.1167 694
12.1333 695
12.15 695
12.1667 696
12.1833 696
12.2 697
12.2167 698
12.2333 698
12.25 699
12.2667 699
12.2833 700
12.3 700
12.3167 701
12.3333 701
12.35 702
12.3667 702
12.3833 703
12.4 703
12.4167 703
12.4333 704
12.45 704
12.4667 704
12.4833 704
12.5 705
12.5167 705
12.5333 705
12.55 705
12.5667 706
12.5833 706
12.6 706
12.6167 706
12.6333 706
12.65 706
12.6667 706
12.6833 706
12.7 706
12.7167 706
12.7333 706
12.75 706
12.7667 706
12.7833 706
12.8 706
12.8167 706
12.8333 706
12.85 706
12.8667 705
12.8833 705
12.9 705
12.9167 705
12.9333 705
12.95 704
12.9667 704
12.9833 704
13.0 703
13.0167 703
13.0333 703
13.05 702
13.0667 702
13.0833 701
13.1 701
13.1167 701
13.1333 700
13.15 700
13.1667 699
13.1833 699
13.2 698
13.2167 697
13.2333 697
13.25 696
13.2667 696
13.2833 695
13.3 694
13.3167 694
13.3333 693
13.35 692
13.3667 691
13.3833 691
13.4 690
13.4167 689
13.4333 688
13.45 687
13.4667 686
13.4833 686
13.5 685
13.5167 684
13.5333 683
13.55 682
13.5667 681
13.5833 680
13.6 679
13.6167 678
13.6333 677
13.65 676
13.6667 675
13.6833 673
13.7 672
13.7167 671
13.7333 670
13.75 669
13.7667 668
13.7833 666
13.8 665
13.8167 664
13.8333 663
13.85 661
13.8667 660
13.8833 659
13.9 657
13.9167 656
13.9333 655
13.95 653
13.9667 652
13.9833 650
14.0 649
14.0167 647
14.0333 646
14.05 644
14.0667 643
14.0833 641
14.1 640
14.1167 638
14.1333 636
14.15 635
14.1667 633
14.1833 631
14.2 630
14.2167 628
14.2333 626
14.25 625
14.2667 623
14.2833 621
14.3 619
14.3167 618
14.3333 616
14.35 614
14.3667 612
14.3833 610
14.4 608
14.4167 606
14.4333 604
14.45 603
14.4667 601
14.4833 599
14.5 597
14.5167 595
14.5333 593
14.55 591
14.5667 588
14.5833 586
14.6 584
14.6167 582
14.6333 580
14.65 578
14.6667 576
14.6833 574
14.7 571
14.7167 569
14.7333 567
14.75 565
14.7667 563
14.7833 560
14.8 558
14.8167 556
14.8333 553
14.85 551
14.8667 549
14.8833 546
14.9 544
14.9167 542
14.9333 539
14.95 537
14.9667 534
14.9833 532
15.0 530
15.0167 527
15.0333 525
15.05 522
15.0667 520
15.0833 517
15.1 515
15.1167 512
15.1333 510
15.15 507
15.1667 504
15.1833 502
15.2 499
15.2167 496
15.2333 494
15.25 491
15.2667 488
15.2833 486
15.3 483
15.3167 480
15.3333 477
15.35 475
15.3667 472
15.3833 469
15.4 466
15.4167 463
15.4333 461
15.45 458
15.4667 455
15.4833 452
15.5 449
15.5167 446
15.5333 443
15.55 440
15.5667 437
15.5833 434
15.6 432
15.6167 429
15.6333 426
15.65 423
15.6667 420
15.6833 417
15.7 414
15.7167 410
15.7333 407
15.75 404
15.7667 401
15.7833 398
15.8 395
15.8167 392
15.8333 389
15.85 386
15.8667 383
15.8833 379
15.9 376
15.9167 373
15.9333 370
15.95 367
15.9667 364
15.9833 360
16.0 357
16.0167 354
16.0333 351
16.05 347
16.0667 344
16.0833 341
16.1 338
16.1167 334
16.1333 331
16.15 328
16.1667 324
16.1833 321
16.2 318
16.2167 314
16.2333 311
16.25 308
16.2667 304
16.2833 301
16.3 298
16.3167 294
16.3333 291
16.35 288
16.3667 284
16.3833 281
16.4 277
16.4167 274
16.4333 271
16.45 267
16.4667 264
16.4833 260
16.5 257
16.5167 254
16.5333 250
16.55 247
16.5667 243
16.5833 240
16.6 236
16.6167 233
16.6333 229
16.65 226
16.6667 223
16.6833 219
16.7 216
16.7167 212
16.7333 209
16.75 205
16.7667 202
16.7833 198
16.8 195
16.8167 192
16.8333 188
16.85 185
16.8667 181
16.8833 178
16.9 174
16.9167 171
16.9333 168
16.95 164
16.9667 161
16.9833 157
