8.0 61
8.0167 63
8.0333 66
8.05 69
8.0667 71
8.0833 74
8.1 77
8.1167 79
8.1333 82
8.15 85
8.1667 88
8.1833 90
8.2 93
8.2167 96
8.2333 99
8.25 102
8.2667 105
8.2833 108
8.3 111
8.3167 114
8.3333 117
8.35 119
8.3667 122
8.3833 125
8.4 129
8.4167 132
8.4333 135
8.45 138
8.4667 141
8.4833 144
8.5 147
8.5167 150
8.5333 154
8.55 157
8.5667 160
8.5833 163
8.6 166
8.6167 170
8.6333 173
8.65 176
8.6667 179
8.6833 182
8.7 186
8.7167 189
8.7333 192
8.75 195
8.7667 199
8.7833 202
8.8 205
8.8167 208
8.8333 211
8.85 215
8.8667 218
8.8833 221
8.9 224
8.9167 228
8.9333 231
8.95 234
8.9667 237
8.9833 241
9.0 244
9.0167 247
9.0333 250
9.05 253
9.0667 257
9.0833 260
9.1 263
9.1167 266
9.1333 269
9.15 273
9.1667 276
9.1833 279
9.2 282
9.2167 285
9.2333 289
9.25 292
9.2667 295
9.2833 298
9.3 301
9.3167 304
9.3333 308
9.35 311
9.3667 314
9.3833 317
9.4 320
9.4167 323
9.4333 326
9.45 330
9.4667 333
9.4833 336
9.5 339
9.5167 342
9.5333 345
9.55 348
9.5667 351
9.5833 354
9.6 357
9.6167 360
9.6333 363
9.65 366
9.6667 369
9.6833 372
9.7 375
9.7167 378
9.7333 381
9.75 384
9.7667 387
9.7833 390
9.8 393
9.8167 396
9.8333 398
9.85 401
9.8667 404
9.8833 407
9.9 410
9.9167 413
9.9333 415
9.95 418
9.9667 421
9.9833 424
10.0 427
10.0167 429
10.0333 432
10.05 435
10.0667 438
10.0833 440
10.1 443
10.1167 446
10.1333 448
10.15 451
10.1667 454
10.1833 456
10.2 459
10.2167 462
10.2333 464
10.25 467
10.2667 469
10.2833 472
10.3 474
10.3167 477
10.3333 479
10.35 482
10.3667 484
10.3833 487
10.4 489
10.4167 492
10.4333 494
10.45 497
10.4667 499
10.4833 501
10.5 504
10.5167 506
10.5333 508
10.55 511
10.5667 513
10.5833 515
10.6 518
10.6167 520
10.6333 522
10.65 524
10.6667 526
10.6833 529
10.7 531
10.7167 533
10.7333 535
10.75 537
10.7667 539
10.7833 542
10.8 544
10.8167 546
10.8333 548
10.85 550
10.8667 552
10.8833 554
10.9 556
10.9167 558
10.9333 560
10.95 562
10.9667 564
10.9833 566
11.0 567
11.0167 569
11.0333 571
11.05 573
11.0667 575
11.0833 577
11.1 578
11.1167 580
11.1333 582
11.15 584
11.1667 585
11.1833 587
11.2 589
11.2167 591
11.2333 592
11.25 594
11.2667 595
11.2833 597
11.3 599
11.3167 600
11.3333 602
11.35 603
11.3667 605
11.3833 606
11.4 608
11.4167 609
11.4333 611
11.45 612
11.4667 613
11.4833 615
11.5 616
11.5167 618
11.5333 619
11.55 620
11.5667 622
11.5833 623
11.6 624
11.6167 625
11.6333 627
11.65 628
11.6667 629
11.6833 630
11.7 631
11.7167 632
11.7333 634
11.75 635
11.7667 636
11.7833 637
11.8 638
11.8167 639
11.8333 640
11.85 641
11.8667 642
11.8833 643
11.9 644
11.9167 645
11.9333 645
11.95 646
11.9667 647
11.9833 648
12.0 649
12.0167 650
12.0333 650
12.05 651
12.0667 652
12.0833 653
12.1 653
12.1167 654
12.1333 655
12.15 655
12.1667 656
12.1833 657
12.2 657
12.2167 658
12.2333 658
12.25 659
12.2667 659
12.2833 660
12.3 660
12.3167 661
12.3333 661
12.35 662
12.3667 662
12.3833 662
12.4 663
12.4167 663
12.4333 663
12.45 664
12.4667 664
12.4833 664
12.5 665
12.5167 665
12.5333 665
12.55 665
12.5667 665
12.5833 665
12.6 666
12.6167 666
12.6333 666
12.65 666
12.6667 666
12.6833 666
12.7 666
12.7167 666
12.7333 666
12.75 666
12.7667 666
12.7833 666
12.8 666
12.8167 666
12.8333 665
12.85 665
12.8667 665
12.8833 665
12.9 665
12.9167 664
12.9333 664
12.95 664
12.9667 664
12.9833 663
13.0 663
13.0167 663
13.0333 662
13.05 662
13.0667 661
13.0833 661
13.1 661
13.1167 660
13.1333 660
13.15 659
13.1667 659
13.1833 658
13.2 657
13.2167 657
13.2333 656
13.25 656
13.2667 655
13.2833 654
13.3 654
13.3167 653
13.3333 652
13.35 652
13.3667 651
13.3833 650
13.4 649
13.4167 648
13.4333 648
13.45 647
13.4667 646
13.4833 645
13.5 644
13.5167 643
13.5333 642
13.55 641
13.5667 640
13.5833 639
13.6 638
13.6167 637
13.6333 636
13.65 635
13.6667 634
13.6833 633
13.7 632
13.7167 631
13.7333 630
13.75 628
13.7667 627
13.7833 626
13.8 625
13.8167 623
13.8333 622
13.85 621
13.8667 620
13.8833 618
13.9 617
13.9167 616
13.9333 614
13.95 613
13.9667 611
13.9833 610
14.0 608
14.0167 607
14.0333 605
14.05 604
14.0667 602
14.0833 601
14.1 599
14.1167 598
14.1333 596
14.15 595
14.1667 593
14.1833 591
14.2 590
14.2167 588
14.2333 586
14.25 585
14.2667 583
14.2833 581
14.3 579
14.3167 578
14.3333 576
14.35 574
14.3667 572
14.3833 570
14.4 568
14.4167 566
14.4333 565
14.45 563
14.4667 561
14.4833 559
14.5 557
14.5167 555
14.5333 553
14.55 551
14.5667 549
14.5833 547
14.6 545
14.6167 543
14.6333 540
14.65 538
14.6667 536
14.6833 534
14.7 532
14.7167 530
14.7333 528
14.75 525
14.7667 523
14.7833 521
14.8 519
14.8167 516
14.8333 514
14.85 512
14.8667 509
14.8833 507
14.9 505
14.9167 502
14.9333 500
14.95 498
14.9667 495
14.9833 493
15.0 491
15.0167 488
15.0333 486
15.05 484
15.0667 481
15.0833 479
15.1 476
15.1167 474
15.1333 471
15.15 468
15.1667 466
15.1833 463
15.2 461
15.2167 458
15.2333 455
15.25 453
15.2667 450
15.2833 447
15.3 445
15.3167 442
15.3333 439
15.35 437
15.3667 434
15.3833 431
15.4 428
15.4167 426
15.4333 423
15.45 420
15.4667 417
15.4833 415
15.5 412
15.5167 409
15.5333 406
15.55 403
15.5667 400
15.5833 397
15.6 395
15.6167 392
15.6333 389
15.65 386
15.6667 383
15.6833 380
15.7 377
15.7167 374
15.7333 371
15.75 368
15.7667 365
15.7833 362
15.8 359
15.8167 356
15.8333 353
15.85 350
15.8667 347
15.8833 344
15.9 341
15.9167 338
15.9333 335
15.95 332
15.9667 328
15.9833 325
16.0 322
16.0167 319
16.0333 316
16.05 313
16.0667 310
16.0833 307
16.1 303
16.1167 300
16.1333 297
16.15 294
16.1667 291
16.1833 288
16.2 284
16.2167 281
16.2333 278
16.25 275
16.2667 272
16.2833 268
16.3 265
16.3167 262
16.3333 259
16.35 255
16.3667 252
16.3833 249
16.4 246
16.4167 243
16.4333 239
16.45 236
16.4667 233
16.4833 230
16.5 226
16.5167 223
16.5333 220
16.55 217
16.5667 213
16.5833 210
16.6 207
16.6167 204
16.6333 200
16.65 197
16.6667 194
16.6833 191
16.7 187
16.7167 184
16.7333 181
16.75 178
16.7667 175
16.7833 171
16.8 168
16.8167 165
16.8333 162
16.85 159
16.8667 155
16.8833 152
16.9 149
16.9167 146
16.9333 143
16.95 140
16.9667 136
16.9833 133
