8.0 53
8.0167 55
8.0333 57
8.05 59
8.0667 61
8.0833 62
8.1 64
8.1167 66
8.1333 68
8.15 70
8.1667 72
8.1833 74
8.2 76
8.2167 78
8.2333 80
8.25 83
8.2667 85
8.2833 87
8.3 89
8.3167 91
8.3333 93
8.35 96
8.3667 98
8.3833 100
8.4 102
8.4167 105
8.4333 107
8.45 109
8.4667 112
8.4833 114
8.5 116
8.5167 119
8.5333 121
8.55 123
8.5667 126
8.5833 128
8.6 131
8.6167 133
8.6333 135
8.65 138
8.6667 140
8.6833 143
8.7 145
8.7167 148
8.7333 150
8.75 153
8.7667 155
8.7833 158
8.8 160
8.8167 163
8.8333 165
8.85 168
8.8667 170
8.8833 173
8.9 175
8.9167 178
8.9333 181
8.95 183
8.9667 186
8.9833 188
9.0 191
9.0167 193
9.0333 196
9.05 198
9.0667 201
9.0833 203
9.1 206
9.1167 208
9.1333 211
9.15 214
9.1667 216
9.1833 219
9.2 221
9.2167 224
9.2333 227
9.25 229
9.2667 232
9.2833 234
9.3 237
9.3167 239
9.3333 242
9.35 245
9.3667 247
9.3833 250
9.4 252
9.4167 255
9.4333 257
9.45 260
9.4667 263
9.4833 265
9.5 268
9.5167 270
9.5333 273
9.55 275
9.5667 278
9.5833 280
9.6 283
9.6167 285
9.6333 288
9.65 290
9.6667 293
9.6833 295
9.7 298
9.7167 300
9.7333 303
9.75 305
9.7667 308
9.7833 310
9.8 313
9.8167 315
9.8333 318
9.85 320
9.8667 322
9.8833 325
9.9 327
9.9167 330
9.9333 332
9.95 334
9.9667 337
9.9833 339
10.0 342
10.0167 344
10.0333 346
10.05 349
10.0667 351
10.0833 353
10.1 355
10.1167 358
10.1333 360
10.15 362
10.1667 365
10.1833 367
10.2 369
10.2167 371
10.2333 373
10.25 376
10.2667 378
10.2833 380
10.3 382
10.3167 384
10.3333 387
10.35 389
10.3667 391
10.3833 393
10.4 395
10.4167 397
10.4333 399
10.45 401
10.4667 403
10.4833 405
10.5 407
10.5167 409
10.5333 411
10.55 413
10.5667 415
10.5833 417
10.6 419
10.6167 421
10.6333 423
10.65 425
10.6667 427
10.6833 429
10.7 431
10.7167 433
10.7333 435
10.75 436
10.7667 438
10.7833 440
10.8 442
10.8167 444
10.8333 445
10.85 447
10.8667 449
10.8833 451
10.9 452
10.9167 454
10.9333 456
10.95 457
10.9667 459
10.9833 461
11.0 462
11.0167 464
11.0333 465
11.05 467
11.0667 469
11.0833 470
11.1 472
11.1167 473
11.1333 475
11.15 476
11.1667 478
11.1833 479
11.2 481
11.2167 482
11.2333 483
11.25 485
11.2667 486
11.2833 488
11.3 489
11.3167 490
11.3333 492
11.35 493
11.3667 494
11.3833 495
11.4 497
11.4167 498
11.4333 499
11.45 500
11.4667 501
11.4833 503
11.5 504
11.5167 505
11.5333 506
11.55 507
11.5667 508
11.5833 509
11.6 510
11.6167 511
11.6333 512
11.65 513
11.6667 514
11.6833 515
11.7 516
11.7167 517
11.7333 518
11.75 519
11.7667 520
11.7833 521
11.8 522
11.8167 523
11.8333 523
11.85 524
11.8667 525
11.8833 526
11.9 527
11.9167 527
11.9333 528
11.95 529
11.9667 529
11.9833 530
12.0 531
12.0167 531
12.0333 532
12.05 533
12.0667 533
12.0833 534
12.1 534
12.1167 535
12.1333 535
12.15 536
12.1667 536
12.1833 537
12.2 537
12.2167 538
12.2333 538
12.25 538
12.2667 539
12.2833 539
12.3 539
12.3167 540
12.3333 540
12.35 540
12.3667 541
12.3833 541
12.4 541
12.4167 541
12.4333 541
12.45 542
12.4667 542
12.4833 542
12.5 542
12.5167 542
12.5333 542
12.55 542
12.5667 542
12.5833 542
12.6 542
12.6167 542
12.6333 542
12.65 542
12.6667 542
12.6833 542
12.7 542
12.7167 542
12.7333 542
12.75 542
12.7667 542
12.7833 541
12.8 541
12.8167 541
12.8333 541
12.85 540
12.8667 540
12.8833 540
12.9 540
12.9167 539
12.9333 539
12.95 539
12.9667 538
12.9833 538
13.0 537
13.0167 537
13.0333 537
13.05 536
13.0667 536
13.0833 535
13.1 535
13.1167 534
13.1333 533
13.15 533
13.1667 532
13.1833 532
13.2 531
13.2167 530
13.2333 530
13.25 529
13.2667 528
13.2833 528
13.3 527
13.3167 526
13.3333 526
13.35 525
13.3667 524
13.3833 523
13.4 522
13.4167 521
13.4333 521
13.45 520
13.4667 519
13.4833 518
13.5 517
13.5167 516
13.5333 515
13.55 514
13.5667 513
13.5833 512
13.6 511
13.6167 510
13.6333 509
13.65 508
13.6667 507
13.6833 506
13.7 505
13.7167 503
13.7333 502
13.75 501
13.7667 500
13.7833 499
13.8 497
13.8167 496
13.8333 495
13.85 494
13.8667 492
13.8833 491
13.9 490
13.9167 488
13.9333 487
13.95 486
13.9667 484
13.9833 483
14.0 481
14.0167 480
14.0333 479
14.05 477
14.0667 476
14.0833 474
14.1 473
14.1167 471
14.1333 470
14.15 468
14.1667 466
14.1833 465
14.2 463
14.2167 462
14.2333 460
14.25 458
14.2667 457
14.2833 455
14.3 453
14.3167 452
14.3333 450
14.35 448
14.3667 446
14.3833 445
14.4 443
14.4167 441
14.4333 439
14.45 438
14.4667 436
14.4833 434
14.5 432
14.5167 430
14.5333 428
14.55 426
14.5667 424
14.5833 423
14.6 421
14.6167 419
14.6333 417
14.65 415
14.6667 413
14.6833 411
14.7 409
14.7167 407
14.7333 405
14.75 403
14.7667 401
14.7833 399
14.8 396
14.8167 394
14.8333 392
14.85 390
14.8667 388
14.8833 386
14.9 384
14.9167 381
14.9333 379
14.95 377
14.9667 375
14.9833 373
15.0 371
15.0167 368
15.0333 366
15.05 364
15.0667 362
15.0833 359
15.1 357
15.1167 355
15.1333 353
15.15 350
15.1667 348
15.1833 346
15.2 343
15.2167 341
15.2333 339
15.25 336
15.2667 334
15.2833 331
15.3 329
15.3167 327
15.3333 324
15.35 322
15.3667 319
15.3833 317
15.4 314
15.4167 312
15.4333 310
15.45 307
15.4667 305
15.4833 302
15.5 300
15.5167 297
15.5333 295
15.55 292
15.5667 290
15.5833 287
15.6 285
15.6167 282
15.6333 280
15.65 277
15.6667 275
15.6833 272
15.7 270
15.7167 267
15.7333 264
15.75 262
15.7667 259
15.7833 257
15.8 254
15.8167 252
15.8333 249
15.85 246
15.8667 244
15.8833 241
15.9 239
15.9167 236
15.9333 234
15.95 231
15.9667 228
15.9833 226
16.0 223
16.0167 221
16.0333 218
16.05 215
16.0667 213
16.0833 210
16.1 208
16.1167 205
16.1333 203
16.15 200
16.1667 197
16.1833 195
16.2 192
16.2167 190
16.2333 187
16.25 185
16.2667 182
16.2833 179
16.3 177
16.3167 174
16.3333 172
16.35 169
16.3667 167
16.3833 164
16.4 162
16.4167 159
16.4333 157
16.45 154
16.4667 152
16.4833 149
16.5 147
16.5167 144
16.5333 142
16.55 139
16.5667 137
16.5833 134
16.6 132
16.6167 130
16.6333 127
16.65 125
16.6667 122
16.6833 120
16.7 118
16.7167 115
16.7333 113
16.75 111
16.7667 108
16.7833 106
16.8 104
16.8167 101
16.8333 99
16.85 97
16.8667 95
16.8833 93
16.9 90
16.9167 88
16.9333 86
16.95 84
16.9667 82
16.9833 79
