8.0 85
8.0167 88
8.0333 91
8.05 94
8.0667 97
8.0833 99
8.1 102
8.1167 105
8.1333 108
8.15 111
8.1667 114
8.1833 117
8.2 120
8.2167 123
8.2333 126
8.25 129
8.2667 133
8.2833 136
8.3 139
8.3167 142
8.3333 145
8.35 148
8.3667 151
8.3833 155
8.4 158
8.4167 161
8.4333 164
8.45 168
8.4667 171
8.4833 174
8.5 177
8.5167 180
8.5333 184
8.55 187
8.5667 190
8.5833 193
8.6 197
8.6167 200
8.6333 203
8.65 207
8.6667 210
8.6833 213
8.7 216
8.7167 220
8.7333 223
8.75 226
8.7667 229
8.7833 233
8.8 236
8.8167 239
8.8333 243
8.85 246
8.8667 249
8.8833 252
8.9 256
8.9167 259
8.9333 262
8.95 265
8.9667 269
8.9833 272
9.0 275
9.0167 278
9.0333 281
9.05 284
9.0667 287
9.0833 291
9.1 294
9.1167 297
9.1333 300
9.15 303
9.1667 307
9.1833 310
9.2 313
9.2167 316
9.2333 319
9.25 322
9.2667 326
9.2833 329
9.3 332
9.3167 335
9.3333 338
9.35 341
9.3667 344
9.3833 347
9.4 350
9.4167 354
9.4333 357
9.45 360
9.4667 363
9.4833 366
9.5 369
9.5167 372
9.5333 375
9.55 378
9.5667 381
9.5833 384
9.6 387
9.6167 390
9.6333 393
9.65 395
9.6667 398
9.6833 401
9.7 404
9.7167 407
9.7333 410
9.75 413
9.7667 416
9.7833 419
9.8 421
9.8167 424
9.8333 427
9.85 430
9.8667 433
9.8833 435
9.9 438
9.9167 441
9.9333 444
9.95 446
9.9667 449
9.9833 452
10.0 454
10.0167 457
10.0333 460
10.05 462
10.0667 465
10.0833 468
10.1 470
10.1167 473
10.1333 475
10.15 478
10.1667 480
10.1833 483
10.2 486
10.2167 488
10.2333 491
10.25 493
10.2667 495
10.2833 498
10.3 500
10.3167 503
10.3333 505
10.35 508
10.3667 510
10.3833 512
10.4 515
10.4167 517
10.4333 519
10.45 522
10.4667 524
10.4833 526
10.5 528
10.5167 531
10.5333 533
10.55 535
10.5667 537
10.5833 539
10.6 542
10.6167 544
10.6333 546
10.65 548
10.6667 550
10.6833 552
10.7 554
10.7167 556
10.7333 558
10.75 560
10.7667 562
10.7833 564
10.8 566
10.8167 568
10.8333 570
10.85 572
10.8667 574
10.8833 576
10.9 578
10.9167 580
10.9333 581
10.95 583
10.9667 585
10.9833 587
11.0 589
11.0167 590
11.0333 592
11.05 594
11.0667 595
11.0833 597
11.1 599
11.1167 600
11.1333 602
11.15 604
11.1667 605
11.1833 607
11.2 608
11.2167 610
11.2333 611
11.25 613
11.2667 614
11.2833 616
11.3 617
11.3167 619
11.3333 620
11.35 622
11.3667 623
11.3833 624
11.4 626
11.4167 627
11.4333 628
11.45 630
11.4667 631
11.4833 632
11.5 633
11.5167 635
11.5333 636
11.55 637
11.5667 638
11.5833 639
11.6 640
11.6167 641
11.6333 643
11.65 644
11.6667 645
11.6833 646
11.7 647
11.7167 648
11.7333 649
11.75 650
11.7667 651
11.7833 651
11.8 652
11.8167 653
11.8333 654
11.85 655
11.8667 656
11.8833 657
11.9 657
11.9167 658
11.9333 659
11.95 660
11.9667 660
11.9833 661
12.0 662
12.0167 662
12.0333 663
12.05 664
12.0667 664
12.0833 665
12.1 665
12.1167 666
12.1333 666
12.15 667
12.1667 667
12.1833 668
12.2 668
12.2167 669
12.2333 669
12.25 669
12.2667 670
12.2833 670
12.3 670
12.3167 671
12.3333 671
12.35 671
12.3667 672
12.3833 672
12.4 672
12.4167 672
12.4333 672
12.45 673
12.4667 673
12.4833 673
12.5 673
12.5167 673
12.5333 673
12.55 673
12.5667 673
12.5833 673
12.6 673
12.6167 673
12.6333 673
12.65 673
12.6667 673
12.6833 673
12.7 673
12.7167 672
12.7333 672
12.75 672
12.7667 672
12.7833 672
12.8 671
12.8167 671
12.8333 671
12.85 670
12.8667 670
12.8833 670
12.9 669
12.9167 669
12.9333 669
12.95 668
12.9667 668
12.9833 667
13.0 667
13.0167 666
13.0333 666
13.05 665
13.0667 665
13.0833 664
13.1 663
13.1167 663
13.1333 662
13.15 662
13.1667 661
13.1833 660
13.2 660
13.2167 659
13.2333 658
13.25 657
13.2667 656
13.2833 656
13.3 655
13.3167 654
13.3333 653
13.35 652
13.3667 651
13.3833 650
13.4 649
13.4167 649
13.4333 648
13.45 647
13.4667 646
13.4833 645
13.5 643
13.5167 642
13.5333 641
13.55 640
13.5667 639
13.5833 638
13.6 637
13.6167 636
13.6333 634
13.65 633
13.6667 632
13.6833 631
13.7 629
13.7167 628
13.7333 627
13.75 626
13.7667 624
13.7833 623
13.8 621
13.8167 620
13.8333 619
13.85 617
13.8667 616
13.8833 614
13.9 613
13.9167 611
13.9333 610
13.95 608
13.9667 607
13.9833 605
14.0 603
14.0167 602
14.0333 600
14.05 599
14.0667 597
14.0833 595
14.1 594
14.1167 592
14.1333 590
14.15 588
14.1667 587
14.1833 585
14.2 583
14.2167 581
14.2333 579
14.25 577
14.2667 576
14.2833 574
14.3 572
14.3167 570
14.3333 568
14.35 566
14.3667 564
14.3833 562
14.4 560
14.4167 558
14.4333 556
14.45 554
14.4667 552
14.4833 550
14.5 548
14.5167 546
14.5333 543
14.55 541
14.5667 539
14.5833 537
14.6 535
14.6167 533
14.6333 530
14.65 528
14.6667 526
14.6833 524
14.7 521
14.7167 519
14.7333 517
14.75 514
14.7667 512
14.7833 510
14.8 507
14.8167 505
14.8333 503
14.85 500
14.8667 498
14.8833 495
14.9 493
14.9167 490
14.9333 488
14.95 485
14.9667 483
14.9833 480
15.0 478
15.0167 475
15.0333 473
15.05 470
15.0667 467
15.0833 465
15.1 462
15.1167 459
15.1333 457
15.15 454
15.1667 451
15.1833 449
15.2 446
15.2167 443
15.2333 441
15.25 438
15.2667 435
15.2833 432
15.3 430
15.3167 427
15.3333 424
15.35 421
15.3667 418
15.3833 415
15.4 413
15.4167 410
15.4333 407
15.45 404
15.4667 401
15.4833 398
15.5 395
15.5167 392
15.5333 389
15.55 386
15.5667 383
15.5833 380
15.6 378
15.6167 375
15.6333 372
15.65 368
15.6667 365
15.6833 362
15.7 359
15.7167 356
15.7333 353
15.75 350
15.7667 347
15.7833 344
15.8 341
15.8167 338
15.8333 335
15.85 332
15.8667 328
15.8833 325
15.9 322
15.9167 319
15.9333 316
15.95 313
15.9667 310
15.9833 306
16.0 303
16.0167 300
16.0333 297
16.05 294
16.0667 290
16.0833 287
16.1 284
16.1167 281
16.1333 278
16.15 274
16.1667 271
16.1833 268
16.2 265
16.2167 261
16.2333 258
16.25 255
16.2667 252
16.2833 248
16.3 245
16.3167 242
16.3333 239
16.35 235
16.3667 232
16.3833 229
16.4 225
16.4167 222
16.4333 219
16.45 216
16.4667 212
16.4833 209
16.5 206
16.5167 203
16.5333 199
16.55 196
16.5667 193
16.5833 189
16.6 186
16.6167 183
16.6333 180
16.65 176
16.6667 173
16.6833 170
16.7 167
16.7167 164
16.7333 160
16.75 157
16.7667 154
16.7833 151
16.8 148
16.8167 144
16.8333 141
16.85 138
16.8667 135
16.8833 132
16.9 129
16.9167 126
16.9333 122
16.95 119
16.9667 117
16.9833 114
