8.0 66
8.0167 69
8.0333 72
8.05 75
8.0667 77
8.0833 80
8.1 83
8.1167 86
8.1333 89
8.15 92
8.1667 95
8.1833 98
8.2 101
8.2167 104
8.2333 107
8.25 110
8.2667 113
8.2833 116
8.3 119
8.3167 122
8.3333 125
8.35 128
8.3667 132
8.3833 135
8.4 138
8.4167 141
8.4333 145
8.45 148
8.4667 151
8.4833 154
8.5 158
8.5167 161
8.5333 164
8.55 167
8.5667 171
8.5833 174
8.6 177
8.6167 181
8.6333 184
8.65 187
8.6667 191
8.6833 194
8.7 197
8.7167 201
8.7333 204
8.75 207
8.7667 210
8.7833 214
8.8 217
8.8167 220
8.8333 224
8.85 227
8.8667 230
8.8833 234
8.9 237
8.9167 240
8.9333 244
8.95 247
8.9667 250
8.9833 254
9.0 257
9.0167 260
9.0333 263
9.05 267
9.0667 270
9.0833 273
9.1 276
9.1167 280
9.1333 283
9.15 286
9.1667 290
9.1833 293
9.2 296
9.2167 299
9.2333 303
9.25 306
9.2667 309
9.2833 312
9.3 316
9.3167 319
9.3333 322
9.35 325
9.3667 328
9.3833 331
9.4 335
9.4167 338
9.4333 341
9.45 344
9.4667 347
9.4833 350
9.5 354
9.5167 357
9.5333 360
9.55 363
9.5667 366
9.5833 369
9.6 372
9.6167 375
9.6333 378
9.65 381
9.6667 384
9.6833 387
9.7 390
9.7167 393
9.7333 396
9.75 399
9.7667 402
9.7833 405
9.8 408
9.8167 411
9.8333 414
9.85 417
9.8667 420
9.8833 423
9.9 425
9.9167 428
9.9333 431
9.95 434
9.9667 437
9.9833 440
10.0 442
10.0167 445
10.0333 448
10.05 451
10.0667 453
10.0833 456
10.1 459
10.1167 462
10.1333 464
10.15 467
10.1667 470
10.1833 472
10.2 475
10.2167 478
10.2333 480
10.25 483
10.2667 485
10.2833 488
10.3 490
10.3167 493
10.3333 495
10.35 498
10.3667 501
10.3833 503
10.4 505
10.4167 508
10.4333 510
10.45 513
10.4667 515
10.4833 518
10.5 520
10.5167 522
10.5333 525
10.55 527
10.5667 529
10.5833 532
10.6 534
10.6167 536
10.6333 538
10.65 541
10.6667 543
10.6833 545
10.7 547
10.7167 549
10.7333 552
10.75 554
10.7667 556
10.7833 558
10.8 560
10.8167 562
10.8333 564
10.85 566
10.8667 568
10.8833 570
10.9 572
10.9167 574
10.9333 576
10.95 578
10.9667 580
10.9833 582
11.0 584
11.0167 586
11.0333 588
11.05 590
11.0667 591
11.0833 593
11.1 595
11.1167 597
11.1333 599
11.15 600
11.1667 602
11.1833 604
11.2 605
11.2167 607
11.2333 609
11.25 610
11.2667 612
11.2833 614
11.3 615
11.3167 617
11.3333 618
11.35 620
11.3667 621
11.3833 623
11.4 624
11.4167 626
11.4333 627
11.45 629
11.4667 630
11.4833 631
11.5 633
11.5167 634
11.5333 635
11.55 637
11.5667 638
11.5833 639
11.6 641
11.6167 642
11.6333 643
11.65 644
11.6667 646
11.6833 647
11.7 648
11.7167 649
11.7333 650
11.75 651
11.7667 652
11.7833 653
11.8 654
11.8167 655
11.8333 656
11.85 657
11.8667 658
11.8833 659
11.9 660
11.9167 661
11.9333 662
11.95 663
11.9667 664
11.9833 665
12.0 665
12.0167 666
12.0333 667
12.05 668
12.0667 668
12.0833 669
12.1 670
12.1167 671
12.1333 671
12.15 672
12.1667 672
12.1833 673
12.2 674
12.2167 674
12.2333 675
12.25 675
12.2667 676
12.2833 676
12.3 677
12.3167 677
12.3333 678
12.35 678
12.3667 678
12.3833 679
12.4 679
12.4167 679
12.4333 680
12.45 680
12.4667 680
12.4833 681
12.5 681
12.5167 681
12.5333 681
12.55 681
12.5667 682
12.5833 682
12.6 682
12.6167 682
12.6333 682
12.65 682
12.6667 682
12.6833 682
12.7 682
12.7167 682
12.7333 682
12.75 682
12.7667 682
12.7833 682
12.8 682
12.8167 682
12.8333 682
12.85 681
12.8667 681
12.8833 681
12.9 681
12.9167 680
12.9333 680
12.95 680
12.9667 680
12.9833 679
13.0 679
13.0167 679
13.0333 678
13.05 678
13.0667 677
13.0833 677
13.1 676
13.1167 676
13.1333 676
13.15 675
13.1667 674
13.1833 674
13.2 673
13.2167 673
13.2333 672
13.25 672
13.2667 671
13.2833 670
13.3 669
13.3167 669
13.3333 668
13.35 667
13.3667 667
13.3833 666
13.4 665
13.4167 664
13.4333 663
13.45 662
13.4667 662
13.4833 661
13.5 660
13.5167 659
13.5333 658
13.55 657
13.5667 656
13.5833 655
13.6 654
13.6167 653
13.6333 652
13.65 651
13.6667 650
13.6833 648
13.7 647
13.7167 646
13.7333 645
13.75 644
13.7667 643
13.7833 641
13.8 640
13.8167 639
13.8333 637
13.85 636
13.8667 635
13.8833 634
13.9 632
13.9167 631
13.9333 629
13.95 628
13.9667 627
13.9833 625
14.0 624
14.0167 622
14.0333 621
14.05 619
14.0667 618
14.0833 616
14.1 614
14.1167 613
14.1333 611
14.15 610
14.1667 608
14.1833 606
14.2 605
14.2167 603
14.2333 601
14.25 599
14.2667 598
14.2833 596
14.3 594
14.3167 592
14.3333 590
14.35 589
14.3667 587
14.3833 585
14.4 583
14.4167 581
14.4333 579
14.45 577
14.4667 575
14.4833 573
14.5 571
14.5167 569
14.5333 567
14.55 565
14.5667 563
14.5833 561
14.6 559
14.6167 557
14.6333 555
14.65 553
14.6667 551
14.6833 548
14.7 546
14.7167 544
14.7333 542
14.75 540
14.7667 537
14.7833 535
14.8 533
14.8167 530
14.8333 528
14.85 526
14.8667 523
14.8833 521
14.9 519
14.9167 516
14.9333 514
14.95 512
14.9667 509
14.9833 507
15.0 505
15.0167 502
15.0333 500
15.05 497
15.0667 495
15.0833 492
15.1 490
15.1167 487
15.1333 485
15.15 482
15.1667 479
15.1833 477
15.2 474
15.2167 471
15.2333 469
15.25 466
15.2667 463
15.2833 461
15.3 458
15.3167 455
15.3333 453
15.35 450
15.3667 447
15.3833 444
15.4 441
15.4167 439
15.4333 436
15.45 433
15.4667 430
15.4833 427
15.5 424
15.5167 422
15.5333 419
15.55 416
15.5667 413
15.5833 410
15.6 407
15.6167 404
15.6333 401
15.65 398
15.6667 395
15.6833 392
15.7 389
15.7167 386
15.7333 383
15.75 380
15.7667 377
15.7833 374
15.8 371
15.8167 368
15.8333 365
15.85 362
15.8667 359
15.8833 356
15.9 353
15.9167 349
15.9333 346
15.95 343
15.9667 340
15.9833 337
16.0 334
16.0167 330
16.0333 327
16.05 324
16.0667 321
16.0833 318
16.1 314
16.1167 311
16.1333 308
16.15 305
16.1667 302
16.1833 298
16.2 295
16.2167 292
16.2333 289
16.25 285
16.2667 282
16.2833 279
16.3 275
16.3167 272
16.3333 269
16.35 266
16.3667 262
16.3833 259
16.4 256
16.4167 252
16.4333 249
16.45 246
16.4667 242
16.4833 239
16.5 236
16.5167 232
16.5333 229
16.55 226
16.5667 222
16.5833 219
16.6 216
16.6167 212
16.6333 209
16.65 206
16.6667 202
16.6833 199
16.7 196
16.7167 192
16.7333 189
16.75 186
16.7667 182
16.7833 179
16.8 176
16.8167 173
16.8333 169
16.85 166
16.8667 163
16.8833 159
16.9 156
16.9167 153
16.9333 150
16.95 146
16.9667 143
16.9833 140
