8.0 68
8.0167 71
8.0333 74
8.05 77
8.0667 80
8.0833 83
8.1 86
8.1167 89
8.1333 92
8.15 95
8.1667 98
8.1833 101
8.2 105
8.2167 108
8.2333 111
8.25 114
8.2667 118
8.2833 121
8.3 124
8.3167 128
8.3333 131
8.35 134
8.3667 138
8.3833 141
8.4 145
8.4167 148
8.4333 152
8.45 155
8.4667 159
8.4833 162
8.5 166
8.5167 169
8.5333 173
8.55 176
8.5667 180
8.5833 183
8.6 187
8.6167 190
8.6333 194
8.65 198
8.6667 201
8.6833 205
8.7 208
8.7167 212
8.7333 215
8.75 219
8.7667 223
8.7833 226
8.8 230
8.8167 233
8.8333 237
8.85 241
8.8667 244
8.8833 248
8.9 251
8.9167 255
8.9333 259
8.95 262
8.9667 266
8.9833 269
9.0 273
9.0167 277
9.0333 281
9.05 284
9.0667 288
9.0833 291
9.1 295
9.1167 298
9.1333 302
9.15 305
9.1667 309
9.1833 313
9.2 316
9.2167 320
9.2333 323
9.25 327
9.2667 330
9.2833 334
9.3 337
9.3167 341
9.3333 344
9.35 348
9.3667 351
9.3833 355
9.4 358
9.4167 361
9.4333 365
9.45 368
9.4667 372
9.4833 375
9.5 379
9.5167 382
9.5333 385
9.55 389
9.5667 392
9.5833 395
9.6 399
9.6167 402
9.6333 406
9.65 409
9.6667 412
9.6833 415
9.7 419
9.7167 422
9.7333 425
9.75 429
9.7667 432
9.7833 435
9.8 438
9.8167 442
9.8333 445
9.85 448
9.8667 451
9.8833 454
9.9 457
9.9167 461
9.9333 464
9.95 467
9.9667 470
9.9833 473
10.0 476
10.0167 479
10.0333 482
10.05 485
10.0667 488
10.0833 491
10.1 494
10.1167 497
10.1333 500
10.15 503
10.1667 506
10.1833 509
10.2 512
10.2167 515
10.2333 518
10.25 521
10.2667 524
10.2833 527
10.3 530
10.3167 532
10.3333 535
10.35 538
10.3667 541
10.3833 544
10.4 546
10.4167 549
10.4333 552
10.45 555
10.4667 557
10.4833 560
10.5 563
10.5167 565
10.5333 568
10.55 571
10.5667 573
10.5833 576
10.6 578
10.6167 581
10.6333 583
10.65 586
10.6667 588
10.6833 591
10.7 593
10.7167 596
10.7333 598
10.75 601
10.7667 603
10.7833 606
10.8 608
10.8167 610
10.8333 613
10.85 615
10.8667 617
10.8833 620
10.9 622
10.9167 624
10.9333 627
10.95 629
10.9667 631
10.9833 633
11.0 636
11.0167 638
11.0333 640
11.05 642
11.0667 644
11.0833 646
11.1 648
11.1167 650
11.1333 652
11.15 654
11.1667 656
11.1833 658
11.2 660
11.2167 662
11.2333 664
11.25 666
11.2667 668
11.2833 670
11.3 672
11.3167 674
11.3333 676
11.35 678
11.3667 679
11.3833 681
11.4 683
11.4167 685
11.4333 686
11.45 688
11.4667 690
11.4833 691
11.5 693
11.5167 695
11.5333 696
11.55 698
11.5667 700
11.5833 701
11.6 703
11.6167 704
11.6333 706
11.65 707
11.6667 709
11.6833 710
11.7 712
11.7167 713
11.7333 714
11.75 716
11.7667 717
11.7833 719
11.8 720
11.8167 721
11.8333 722
11.85 724
11.8667 725
11.8833 726
11.9 727
11.9167 729
11.9333 730
11.95 731
11.9667 732
11.9833 733
12.0 734
12.0167 735
12.0333 736
12.05 737
12.0667 738
12.0833 739
12.1 740
12.1167 741
12.1333 742
12.15 743
12.1667 744
12.1833 745
12.2 746
12.2167 747
12.2333 747
12.25 748
12.2667 749
12.2833 750
12.3 750
12.3167 751
12.3333 752
12.35 753
12.3667 753
12.3833 754
12.4 754
12.4167 755
12.4333 756
12.45 756
12.4667 757
12.4833 757
12.5 758
12.5167 758
12.5333 759
12.55 759
12.5667 760
12.5833 760
12.6 760
12.6167 761
12.6333 761
12.65 761
12.6667 762
12.6833 762
12.7 762
12.7167 762
12.7333 763
12.75 763
12.7667 763
12.7833 763
12.8 763
12.8167 763
12.8333 763
12.85 764
12.8667 764
12.8833 764
12.9 764
12.9167 764
12.9333 764
12.95 764
12.9667 764
12.9833 763
13.0 763
13.0167 763
13.0333 763
13.05 763
13.0667 763
13.0833 763
13.1 762
13.1167 762
13.1333 762
13.15 761
13.1667 761
13.1833 761
13.2 761
13.2167 760
13.2333 760
13.25 759
13.2667 759
13.2833 758
13.3 758
13.3167 758
13.3333 757
13.35 756
13.3667 756
13.3833 755
13.4 755
13.4167 754
13.4333 754
13.45 753
13.4667 752
13.4833 752
13.5 751
13.5167 750
13.5333 749
13.55 749
13.5667 748
13.5833 747
13.6 746
13.6167 745
13.6333 744
13.65 744
13.6667 743
13.6833 742
13.7 741
13.7167 740
13.7333 739
13.75 738
13.7667 737
13.7833 736
13.8 735
13.8167 734
13.8333 733
13.85 731
13.8667 730
13.8833 729
13.9 728
13.9167 727
13.9333 726
13.95 724
13.9667 723
13.9833 722
14.0 721
14.0167 719
14.0333 718
14.05 717
14.0667 715
14.0833 714
14.1 712
14.1167 711
14.1333 710
14.15 708
14.1667 707
14.1833 705
14.2 704
14.2167 702
14.2333 700
14.25 699
14.2667 697
14.2833 696
14.3 694
14.3167 692
14.3333 691
14.35 689
14.3667 687
14.3833 686
14.4 684
14.4167 682
14.4333 680
14.45 679
14.4667 677
14.4833 675
14.5 673
14.5167 671
14.5333 669
14.55 667
14.5667 665
14.5833 664
14.6 662
14.6167 660
14.6333 658
14.65 656
14.6667 654
14.6833 651
14.7 649
14.7167 647
14.7333 645
14.75 643
14.7667 641
14.7833 639
14.8 637
14.8167 635
14.8333 632
14.85 630
14.8667 628
14.8833 626
14.9 623
14.9167 621
14.9333 619
14.95 616
14.9667 614
14.9833 612
15.0 610
15.0167 608
15.0333 606
15.05 603
15.0667 601
15.0833 598
15.1 596
15.1167 593
15.1333 591
15.15 588
15.1667 586
15.1833 583
15.2 581
15.2167 578
15.2333 576
15.25 573
15.2667 570
15.2833 568
15.3 565
15.3167 562
15.3333 560
15.35 557
15.3667 554
15.3833 552
15.4 549
15.4167 546
15.4333 543
15.45 540
15.4667 538
15.4833 535
15.5 532
15.5167 529
15.5333 526
15.55 523
15.5667 521
15.5833 518
15.6 515
15.6167 512
15.6333 509
15.65 506
15.6667 503
15.6833 500
15.7 497
15.7167 494
15.7333 491
15.75 488
15.7667 485
15.7833 482
15.8 479
15.8167 476
15.8333 473
15.85 469
15.8667 466
15.8833 463
15.9 460
15.9167 457
15.9333 454
15.95 451
15.9667 447
15.9833 444
16.0 441
16.0167 438
16.0333 435
16.05 431
16.0667 428
16.0833 425
16.1 421
16.1167 418
16.1333 415
16.15 412
16.1667 408
16.1833 405
16.2 402
16.2167 398
16.2333 395
16.25 392
16.2667 388
16.2833 385
16.3 381
16.3167 378
16.3333 375
16.35 371
16.3667 368
16.3833 364
16.4 361
16.4167 357
16.4333 354
16.45 350
16.4667 347
16.4833 343
16.5 340
16.5167 336
16.5333 333
16.55 329
16.5667 326
16.5833 322
16.6 319
16.6167 315
16.6333 312
16.65 308
16.6667 305
16.6833 301
16.7 298
16.7167 294
16.7333 291
16.75 287
16.7667 283
16.7833 280
16.8 276
16.8167 273
16.8333 269
16.85 265
16.8667 262
16.8833 258
16.9 255
16.9167 251
16.9333 247
16.95 244
16.9667 240
16.9833 237
