8.0 59
8.0167 62
8.0333 65
8.05 68
8.0667 70
8.0833 73
8.1 76
8.1167 79
8.1333 82
8.15 85
8.1667 87
8.1833 90
8.2 93
8.2167 96
8.2333 99
8.25 103
8.2667 106
8.2833 109
8.3 112
8.3167 115
8.3333 118
8.35 121
8.3667 125
8.3833 128
8.4 131
8.4167 134
8.4333 137
8.45 141
8.4667 144
8.4833 147
8.5 150
8.5167 154
8.5333 157
8.55 160
8.5667 164
8.5833 167
8.6 170
8.6167 174
8.6333 177
8.65 180
8.6667 184
8.6833 187
8.7 190
8.7167 194
8.7333 197
8.75 201
8.7667 204
8.7833 207
8.8 211
8.8167 214
8.8333 217
8.85 221
8.8667 224
8.8833 228
8.9 231
8.9167 234
8.9333 238
8.95 241
8.9667 244
8.9833 248
9.0 251
9.0167 254
9.0333 258
9.05 261
9.0667 265
9.0833 268
9.1 271
9.1167 275
9.1333 278
9.15 281
9.1667 285
9.1833 288
9.2 291
9.2167 295
9.2333 298
9.25 301
9.2667 304
9.2833 308
9.3 311
9.3167 314
9.3333 318
9.35 321
9.3667 324
9.3833 327
9.4 331
9.4167 334
9.4333 337
9.45 340
9.4667 343
9.4833 347
9.5 350
9.5167 353
9.5333 356
9.55 359
9.5667 363
9.5833 366
9.6 369
9.6167 372
9.6333 375
9.65 378
9.6667 381
9.6833 384
9.7 387
9.7167 391
9.7333 394
9.75 397
9.7667 400
9.7833 403
9.8 406
9.8167 409
9.8333 412
9.85 415
9.8667 418
9.8833 421
9.9 424
9.9167 427
9.9333 429
9.95 432
9.9667 435
9.9833 438
10.0 441
10.0167 444
10.0333 447
10.05 450
10.0667 452
10.0833 455
10.1 458
10.1167 461
10.1333 464
10.15 466
10.1667 469
10.1833 472
10.2 475
10.2167 477
10.2333 480
10.25 483
10.2667 485
10.2833 488
10.3 491
10.3167 493
10.3333 496
10.35 498
10.3667 501
10.3833 504
10.4 506
10.4167 509
10.4333 511
10.45 514
10.4667 516
10.4833 519
10.5 521
10.5167 524
10.5333 526
10.55 528
10.5667 531
10.5833 533
10.6 536
10.6167 538
10.6333 540
10.65 543
10.6667 545
10.6833 547
10.7 550
10.7167 552
10.7333 554
10.75 556
10.7667 559
10.7833 561
10.8 563
10.8167 565
10.8333 567
10.85 569
10.8667 571
10.8833 574
10.9 576
10.9167 578
10.9333 580
10.95 582
10.9667 584
10.9833 586
11.0 588
11.0167 590
11.0333 592
11.05 594
11.0667 596
11.0833 598
11.1 599
11.1167 601
11.1333 603
11.15 605
11.1667 607
11.1833 609
11.2 610
11.2167 612
11.2333 614
11.25 616
11.2667 617
11.2833 619
11.3 621
11.3167 622
11.3333 624
11.35 626
11.3667 627
11.3833 629
11.4 630
11.4167 632
11.4333 633
11.45 635
11.4667 636
11.4833 638
11.5 639
11.5167 641
11.5333 642
11.55 644
11.5667 645
11.5833 646
11.6 648
11.6167 649
11.6333 650
11.65 652
11.6667 653
11.6833 654
11.7 656
11.7167 657
11.7333 658
11.75 659
11.7667 660
11.7833 662
11.8 663
11.8167 664
11.8333 665
11.85 666
11.8667 667
11.8833 668
11.9 669
11.9167 670
11.9333 671
11.95 672
11.9667 673
11.9833 674
12.0 675
12.0167 676
12.0333 676
12.05 677
12.0667 678
12.0833 679
12.1 680
12.1167 681
12.1333 681
12.15 682
12.1667 683
12.1833 683
12.2 684
12.2167 685
12.2333 685
12.25 686
12.2667 687
12.2833 687
12.3 688
12.3167 688
12.3333 689
12.35 689
12.3667 690
12.3833 690
12.4 691
12.4167 691
12.4333 692
12.45 692
12.4667 692
12.4833 693
12.5 693
12.5167 693
12.5333 694
12.55 694
12.5667 694
12.5833 694
12.6 695
12.6167 695
12.6333 695
12.65 695
12.6667 695
12.6833 695
12.7 695
12.7167 695
12.7333 696
12.75 696
12.7667 696
12.7833 696
12.8 696
12.8167 695
12.8333 695
12.85 695
12.8667 695
12.8833 695
12.9 695
12.9167 695
12.9333 695
12.95 694
12.9667 694
12.9833 694
13.0 694
13.0167 693
13.0333 693
13.05 693
13.0667 693
13.0833 692
13.1 692
13.1167 691
13.1333 691
13.15 691
13.1667 690
13.1833 690
13.2 689
13.2167 689
13.2333 688
13.25 688
13.2667 687
13.2833 686
13.3 686
13.3167 685
13.3333 684
13.35 684
13.3667 683
13.3833 682
13.4 682
13.4167 681
13.4333 680
13.45 679
13.4667 679
13.4833 678
13.5 677
13.5167 676
13.5333 675
13.55 674
13.5667 673
13.5833 673
13.6 672
13.6167 671
13.6333 670
13.65 669
13.6667 668
13.6833 667
13.7 665
13.7167 664
13.7333 663
13.75 662
13.7667 661
13.7833 660
13.8 659
13.8167 657
13.8333 656
13.85 655
13.8667 654
13.8833 653
13.9 651
13.9167 650
13.9333 649
13.95 647
13.9667 646
13.9833 645
14.0 643
14.0167 642
14.0333 640
14.05 639
14.0667 637
14.0833 636
14.1 634
14.1167 633
14.1333 631
14.15 630
14.1667 628
14.1833 627
14.2 625
14.2167 623
14.2333 622
14.25 620
14.2667 618
14.2833 617
14.3 615
14.3167 613
14.3333 611
14.35 610
14.3667 608
14.3833 606
14.4 604
14.4167 602
14.4333 600
14.45 599
14.4667 597
14.4833 595
14.5 593
14.5167 591
14.5333 589
14.55 587
14.5667 585
14.5833 583
14.6 581
14.6167 579
14.6333 577
14.65 575
14.6667 573
14.6833 571
14.7 568
14.7167 566
14.7333 564
14.75 562
14.7667 560
14.7833 558
14.8 555
14.8167 553
14.8333 551
14.85 549
14.8667 546
14.8833 544
14.9 542
14.9167 539
14.9333 537
14.95 535
14.9667 532
14.9833 530
15.0 528
15.0167 526
15.0333 523
15.05 521
15.0667 518
15.0833 516
15.1 513
15.1167 511
15.1333 508
15.15 506
15.1667 503
15.1833 501
15.2 498
15.2167 495
15.2333 493
15.25 490
15.2667 487
15.2833 485
15.3 482
15.3167 479
15.3333 477
15.35 474
15.3667 471
15.3833 469
15.4 466
15.4167 463
15.4333 460
15.45 458
15.4667 455
15.4833 452
15.5 449
15.5167 446
15.5333 443
15.55 440
15.5667 438
15.5833 435
15.6 432
15.6167 429
15.6333 426
15.65 423
15.6667 420
15.6833 417
15.7 414
15.7167 411
15.7333 408
15.75 405
15.7667 402
15.7833 399
15.8 396
15.8167 393
15.8333 390
15.85 387
15.8667 384
15.8833 381
15.9 378
15.9167 374
15.9333 371
15.95 368
15.9667 365
15.9833 362
16.0 359
16.0167 356
16.0333 352
16.05 349
16.0667 346
16.0833 343
16.1 340
16.1167 336
16.1333 333
16.15 330
16.1667 327
16.1833 323
16.2 320
16.2167 317
16.2333 314
16.25 310
16.2667 307
16.2833 304
16.3 300
16.3167 297
16.3333 294
16.35 290
16.3667 287
16.3833 284
16.4 281
16.4167 277
16.4333 274
16.45 270
16.4667 267
16.4833 264
16.5 260
16.5167 257
16.5333 254
16.55 250
16.5667 247
16.5833 244
16.6 240
16.6167 237
16.6333 233
16.65 230
16.6667 227
16.6833 223
16.7 220
16.7167 217
16.7333 213
16.75 210
16.7667 206
16.7833 203
16.8 200
16.8167 196
16.8333 193
16.85 190
16.8667 186
16.8833 183
16.9 179
16.9167 176
16.9333 173
16.95 169
16.9667 166
16.9833 163
