8.0 58
8.0167 60
8.0333 63
8.05 65
8.0667 68
8.0833 71
8.1 74
8.1167 77
8.1333 80
8.15 82
8.1667 85
8.1833 88
8.2 91
8.2167 94
8.2333 97
8.25 100
8.2667 104
8.2833 107
8.3 110
8.3167 113
8.3333 116
8.35 119
8.3667 122
8.3833 126
8.4 129
8.4167 132
8.4333 135
8.45 139
8.4667 142
8.4833 145
8.5 148
8.5167 152
8.5333 155
8.55 158
8.5667 162
8.5833 165
8.6 168
8.6167 172
8.6333 175
8.65 179
8.6667 182
8.6833 185
8.7 189
8.7167 192
8.7333 195
8.75 199
8.7667 202
8.7833 206
8.8 209
8.8167 212
8.8333 216
8.85 219
8.8667 223
8.8833 226
8.9 229
8.9167 233
8.9333 236
8.95 240
8.9667 243
8.9833 246
9.0 250
9.0167 253
9.0333 257
9.05 260
9.0667 264
9.0833 267
9.1 270
9.1167 274
9.1333 277
9.15 280
9.1667 284
9.1833 287
9.2 290
9.2167 294
9.2333 297
9.25 301
9.2667 304
9.2833 307
9.3 310
9.3167 314
9.3333 317
9.35 320
9.3667 324
9.3833 327
9.4 330
9.4167 334
9.4333 337
9.45 340
9.4667 343
9.4833 347
9.5 350
9.5167 353
9.5333 356
9.55 359
9.5667 363
9.5833 366
9.6 369
9.6167 372
9.6333 375
9.65 378
9.6667 382
9.6833 385
9.7 388
9.7167 391
9.7333 394
9.75 397
9.7667 400
9.7833 403
9.8 406
9.8167 409
9.8333 412
9.85 415
9.8667 418
9.8833 421
9.9 424
9.9167 427
9.9333 430
9.95 433
9.9667 436
9.9833 439
10.0 442
10.0167 445
10.0333 448
10.05 451
10.0667 454
10.0833 457
10.1 459
10.1167 462
10.1333 465
10.15 468
10.1667 471
10.1833 473
10.2 476
10.2167 479
10.2333 482
10.25 484
10.2667 487
10.2833 490
10.3 492
10.3167 495
10.3333 498
10.35 500
10.3667 503
10.3833 506
10.4 508
10.4167 511
10.4333 513
10.45 516
10.4667 519
10.4833 521
10.5 524
10.5167 526
10.5333 529
10.55 531
10.5667 533
10.5833 536
10.6 538
10.6167 541
10.6333 543
10.65 545
10.6667 548
10.6833 550
10.7 553
10.7167 555
10.7333 557
10.75 559
10.7667 562
10.7833 564
10.8 566
10.8167 568
10.8333 571
10.85 573
10.8667 575
10.8833 577
10.9 579
10.9167 581
10.9333 583
10.95 585
10.9667 588
10.9833 590
11.0 592
11.0167 594
11.0333 596
11.05 598
11.0667 600
11.0833 602
11.1 603
11.1167 605
11.1333 607
11.15 609
11.1667 611
11.1833 613
11.2 615
11.2167 617
11.2333 618
11.25 620
11.2667 622
11.2833 624
11.3 625
11.3167 627
11.3333 629
11.35 630
11.3667 632
11.3833 634
11.4 635
11.4167 637
11.4333 638
11.45 640
11.4667 642
11.4833 643
11.5 645
11.5167 646
11.5333 648
11.55 649
11.5667 651
11.5833 652
11.6 653
11.6167 655
11.6333 656
11.65 657
11.6667 659
11.6833 660
11.7 661
11.7167 663
11.7333 664
11.75 665
11.7667 666
11.7833 667
11.8 669
11.8167 670
11.8333 671
11.85 672
11.8667 673
11.8833 674
11.9 675
11.9167 676
11.9333 677
11.95 678
11.9667 679
11.9833 680
12.0 681
12.0167 682
12.0333 683
12.05 684
12.0667 685
12.0833 686
12.1 687
12.1167 687
12.1333 688
12.15 689
12.1667 690
12.1833 691
12.2 691
12.2167 692
12.2333 693
12.25 693
12.2667 694
12.2833 695
12.3 695
12.3167 696
12.3333 696
12.35 697
12.3667 697
12.3833 698
12.4 698
12.4167 699
12.4333 699
12.45 700
12.4667 700
12.4833 701
12.5 701
12.5167 701
12.5333 702
12.55 702
12.5667 702
12.5833 702
12.6 703
12.6167 703
12.6333 703
12.65 703
12.6667 704
12.6833 704
12.7 704
12.7167 704
12.7333 704
12.75 704
12.7667 704
12.7833 704
12.8 704
12.8167 704
12.8333 704
12.85 704
12.8667 704
12.8833 704
12.9 704
12.9167 704
12.9333 704
12.95 704
12.9667 703
12.9833 703
13.0 703
13.0167 703
13.0333 702
13.05 702
13.0667 702
13.0833 702
13.1 701
13.1167 701
13.1333 701
13.15 700
13.1667 700
13.1833 699
13.2 699
13.2167 698
13.2333 698
13.25 697
13.2667 697
13.2833 696
13.3 696
13.3167 695
13.3333 695
13.35 694
13.3667 693
13.3833 693
13.4 692
13.4167 691
13.4333 690
13.45 690
13.4667 689
13.4833 688
13.5 687
13.5167 687
13.5333 686
13.55 685
13.5667 684
13.5833 683
13.6 682
13.6167 681
13.6333 680
13.65 679
13.6667 678
13.6833 677
13.7 676
13.7167 675
13.7333 674
13.75 673
13.7667 672
13.7833 671
13.8 670
13.8167 669
13.8333 667
13.85 666
13.8667 665
13.8833 664
13.9 662
13.9167 661
13.9333 660
13.95 659
13.9667 657
13.9833 656
14.0 655
14.0167 653
14.0333 652
14.05 650
14.0667 649
14.0833 647
14.1 646
14.1167 644
14.1333 643
14.15 641
14.1667 640
14.1833 638
14.2 637
14.2167 635
14.2333 634
14.25 632
14.2667 630
14.2833 629
14.3 627
14.3167 625
14.3333 623
14.35 622
14.3667 620
14.3833 618
14.4 616
14.4167 615
14.4333 613
14.45 611
14.4667 609
14.4833 607
14.5 605
14.5167 603
14.5333 601
14.55 599
14.5667 597
14.5833 595
14.6 593
14.6167 591
14.6333 589
14.65 587
14.6667 585
14.6833 583
14.7 581
14.7167 579
14.7333 577
14.75 575
14.7667 573
14.7833 570
14.8 568
14.8167 566
14.8333 564
14.85 561
14.8667 559
14.8833 557
14.9 555
14.9167 552
14.9333 550
14.95 548
14.9667 545
14.9833 543
15.0 541
15.0167 539
15.0333 536
15.05 534
15.0667 532
15.0833 529
15.1 527
15.1167 524
15.1333 522
15.15 519
15.1667 516
15.1833 514
15.2 511
15.2167 509
15.2333 506
15.25 504
15.2667 501
15.2833 498
15.3 496
15.3167 493
15.3333 490
15.35 488
15.3667 485
15.3833 482
15.4 479
15.4167 477
15.4333 474
15.45 471
15.4667 468
15.4833 466
15.5 463
15.5167 460
15.5333 457
15.55 454
15.5667 451
15.5833 448
15.6 446
15.6167 443
15.6333 440
15.65 437
15.6667 434
15.6833 431
15.7 428
15.7167 425
15.7333 422
15.75 419
15.7667 416
15.7833 413
15.8 410
15.8167 407
15.8333 404
15.85 401
15.8667 398
15.8833 395
15.9 391
15.9167 388
15.9333 385
15.95 382
15.9667 379
15.9833 376
16.0 373
16.0167 369
16.0333 366
16.05 363
16.0667 360
16.0833 357
16.1 353
16.1167 350
16.1333 347
16.15 344
16.1667 340
16.1833 337
16.2 334
16.2167 331
16.2333 327
16.25 324
16.2667 321
16.2833 318
16.3 314
16.3167 311
16.3333 308
16.35 304
16.3667 301
16.3833 298
16.4 294
16.4167 291
16.4333 288
16.45 284
16.4667 281
16.4833 277
16.5 274
16.5167 271
16.5333 267
16.55 264
16.5667 261
16.5833 257
16.6 254
16.6167 250
16.6333 247
16.65 244
16.6667 240
16.6833 237
16.7 233
16.7167 230
16.7333 227
16.75 223
16.7667 220
16.7833 216
16.8 213
16.8167 209
16.8333 206
16.85 203
16.8667 199
16.8833 196
16.9 192
16.9167 189
16.9333 186
16.95 182
16.9667 179
16.9833 176
