8.0 97
8.0167 100
8.0333 103
8.05 106
8.0667 110
8.0833 113
8.1 116
8.1167 120
8.1333 123
8.15 126
8.1667 130
8.1833 133
8.2 137
8.2167 140
8.2333 144
8.25 147
8.2667 151
8.2833 155
8.3 158
8.3167 162
8.3333 165
8.35 169
8.3667 173
8.3833 176
8.4 180
8.4167 184
8.4333 187
8.45 191
8.4667 195
8.4833 198
8.5 202
8.5167 206
8.5333 209
8.55 213
8.5667 217
8.5833 220
8.6 224
8.6167 228
8.6333 232
8.65 235
8.6667 239
8.6833 243
8.7 247
8.7167 250
8.7333 254
8.75 258
8.7667 261
8.7833 265
8.8 269
8.8167 273
8.8333 276
8.85 280
8.8667 284
8.8833 288
8.9 291
8.9167 295
8.9333 299
8.95 303
8.9667 306
8.9833 310
9.0 314
9.0167 318
9.0333 322
9.05 326
9.0667 329
9.0833 333
9.1 337
9.1167 340
9.1333 344
9.15 348
9.1667 351
9.1833 355
9.2 359
9.2167 362
9.2333 366
9.25 370
9.2667 373
9.2833 377
9.3 381
9.3167 384
9.3333 388
9.35 391
9.3667 395
9.3833 399
9.4 402
9.4167 406
9.4333 409
9.45 413
9.4667 416
9.4833 420
9.5 423
9.5167 427
9.5333 430
9.55 434
9.5667 437
9.5833 441
9.6 444
9.6167 448
9.6333 451
9.65 455
9.6667 458
9.6833 461
9.7 465
9.7167 468
9.7333 471
9.75 475
9.7667 478
9.7833 482
9.8 485
9.8167 488
9.8333 491
9.85 495
9.8667 498
9.8833 501
9.9 505
9.9167 508
9.9333 511
9.95 514
9.9667 518
9.9833 521
10.0 524
10.0167 527
10.0333 530
10.05 533
10.0667 536
10.0833 540
10.1 543
10.1167 546
10.1333 549
10.15 552
10.1667 555
10.1833 558
10.2 561
10.2167 564
10.2333 567
10.25 570
10.2667 573
10.2833 576
10.3 579
10.3167 582
10.3333 585
10.35 588
10.3667 591
10.3833 593
10.4 596
10.4167 599
10.4333 602
10.45 605
10.4667 607
10.4833 610
10.5 613
10.5167 616
10.5333 618
10.55 621
10.5667 624
10.5833 627
10.6 629
10.6167 632
10.6333 634
10.65 637
10.6667 640
10.6833 642
10.7 645
10.7167 647
10.7333 650
10.75 652
10.7667 655
10.7833 657
10.8 660
10.8167 662
10.8333 665
10.85 667
10.8667 670
10.8833 672
10.9 674
10.9167 677
10.9333 679
10.95 681
10.9667 684
10.9833 686
11.0 688
11.0167 690
11.0333 693
11.05 695
11.0667 697
11.0833 699
11.1 701
11.1167 704
11.1333 706
11.15 708
11.1667 710
11.1833 712
11.2 714
11.2167 716
11.2333 718
11.25 720
11.2667 722
11.2833 724
11.3 726
11.3167 728
11.3333 730
11.35 732
11.3667 734
11.3833 735
11.4 737
11.4167 739
11.4333 741
11.45 743
11.4667 744
11.4833 746
11.5 748
11.5167 750
11.5333 751
11.55 753
11.5667 755
11.5833 756
11.6 758
11.6167 759
11.6333 761
11.65 762
11.6667 764
11.6833 766
11.7 767
11.7167 769
11.7333 770
11.75 771
11.7667 773
11.7833 774
11.8 776
11.8167 777
11.8333 778
11.85 780
11.8667 781
11.8833 782
11.9 783
11.9167 785
11.9333 786
11.95 787
11.9667 788
11.9833 789
12.0 791
12.0167 792
12.0333 793
12.05 794
12.0667 795
12.0833 796
12.1 797
12.1167 798
12.1333 799
12.15 800
12.1667 801
12.1833 802
12.2 803
12.2167 804
12.2333 804
12.25 805
12.2667 806
12.2833 807
12.3 808
12.3167 808
12.3333 809
12.35 810
12.3667 811
12.3833 811
12.4 812
12.4167 813
12.4333 813
12.45 814
12.4667 814
12.4833 815
12.5 815
12.5167 816
12.5333 816
12.55 817
12.5667 817
12.5833 818
12.6 818
12.6167 819
12.6333 819
12.65 819
12.6667 820
12.6833 820
12.7 820
12.7167 820
12.7333 821
12.75 821
12.7667 821
12.7833 821
12.8 821
12.8167 822
12.8333 822
12.85 822
12.8667 822
12.8833 822
12.9 822
12.9167 822
12.9333 822
12.95 822
12.9667 822
12.9833 822
13.0 822
13.0167 822
13.0333 822
13.05 821
13.0667 821
13.0833 821
13.1 821
13.1167 821
13.1333 820
13.15 820
13.1667 820
13.1833 820
13.2 819
13.2167 819
13.2333 819
13.25 818
13.2667 818
13.2833 817
13.3 817
13.3167 816
13.3333 816
13.35 815
13.3667 815
13.3833 814
13.4 814
13.4167 813
13.4333 813
13.45 812
13.4667 811
13.4833 811
13.5 810
13.5167 809
13.5333 808
13.55 808
13.5667 807
13.5833 806
13.6 805
13.6167 804
13.6333 804
13.65 803
13.6667 802
13.6833 801
13.7 800
13.7167 799
13.7333 798
13.75 797
13.7667 796
13.7833 795
13.8 794
13.8167 793
13.8333 792
13.85 791
13.8667 789
13.8833 788
13.9 787
13.9167 786
13.9333 785
13.95 783
13.9667 782
13.9833 781
14.0 780
14.0167 778
14.0333 777
14.05 776
14.0667 774
14.0833 773
14.1 771
14.1167 770
14.1333 769
14.15 767
14.1667 766
14.1833 764
14.2 762
14.2167 761
14.2333 759
14.25 758
14.2667 756
14.2833 755
14.3 753
14.3167 751
14.3333 750
14.35 748
14.3667 746
14.3833 744
14.4 743
14.4167 741
14.4333 739
14.45 737
14.4667 735
14.4833 734
14.5 732
14.5167 730
14.5333 728
14.55 726
14.5667 724
14.5833 722
14.6 720
14.6167 718
14.6333 716
14.65 714
14.6667 712
14.6833 710
14.7 708
14.7167 706
14.7333 704
14.75 701
14.7667 699
14.7833 697
14.8 695
14.8167 693
14.8333 690
14.85 688
14.8667 686
14.8833 684
14.9 681
14.9167 679
14.9333 677
14.95 674
14.9667 672
14.9833 670
15.0 668
15.0167 666
15.0333 663
15.05 661
15.0667 658
15.0833 656
15.1 653
15.1167 651
15.1333 648
15.15 646
15.1667 643
15.1833 641
15.2 638
15.2167 635
15.2333 633
15.25 630
15.2667 628
15.2833 625
15.3 622
15.3167 619
15.3333 617
15.35 614
15.3667 611
15.3833 608
15.4 606
15.4167 603
15.4333 600
15.45 597
15.4667 594
15.4833 591
15.5 589
15.5167 586
15.5333 583
15.55 580
15.5667 577
15.5833 574
15.6 571
15.6167 568
15.6333 565
15.65 562
15.6667 559
15.6833 556
15.7 553
15.7167 550
15.7333 547
15.75 544
15.7667 541
15.7833 537
15.8 534
15.8167 531
15.8333 528
15.85 525
15.8667 522
15.8833 518
15.9 515
15.9167 512
15.9333 509
15.95 506
15.9667 502
15.9833 499
16.0 496
16.0167 492
16.0333 489
16.05 486
16.0667 482
16.0833 479
16.1 476
16.1167 472
16.1333 469
16.15 466
16.1667 462
16.1833 459
16.2 455
16.2167 452
16.2333 449
16.25 445
16.2667 442
16.2833 438
16.3 435
16.3167 431
16.3333 428
16.35 424
16.3667 421
16.3833 417
16.4 414
16.4167 410
16.4333 407
16.45 403
16.4667 399
16.4833 396
16.5 392
16.5167 389
16.5333 385
16.55 381
16.5667 378
16.5833 374
16.6 371
16.6167 367
16.6333 363
16.65 360
16.6667 356
16.6833 352
16.7 349
16.7167 345
16.7333 341
16.75 338
16.7667 334
16.7833 330
16.8 326
16.8167 323
16.8333 319
16.85 315
16.8667 312
16.8833 308
16.9 304
16.9167 300
16.9333 297
16.95 293
16.9667 289
16.9833 286
