8.0 99
8.0167 103
8.0333 106
8.05 109
8.0667 113
8.0833 116
8.1 119
8.1167 122
8.1333 126
8.15 129
8.1667 133
8.1833 136
8.2 140
8.2167 143
8.2333 147
8.25 150
8.2667 154
8.2833 158
8.3 161
8.3167 165
8.3333 168
8.35 172
8.3667 176
8.3833 179
8.4 183
8.4167 187
8.4333 190
8.45 194
8.4667 198
8.4833 201
8.5 205
8.5167 209
8.5333 213
8.55 216
8.5667 220
8.5833 224
8.6 227
8.6167 231
8.6333 235
8.65 239
8.6667 242
8.6833 246
8.7 250
8.7167 254
8.7333 257
8.75 261
8.7667 265
8.7833 269
8.8 272
8.8167 276
8.8333 280
8.85 284
8.8667 287
8.8833 291
8.9 295
8.9167 299
8.9333 302
8.95 306
8.9667 310
8.9833 314
9.0 317
9.0167 322
9.0333 326
9.05 329
9.0667 333
9.0833 337
9.1 340
9.1167 344
9.1333 348
9.15 352
9.1667 355
9.1833 359
9.2 363
9.2167 366
9.2333 370
9.25 373
9.2667 377
9.2833 381
9.3 384
9.3167 388
9.3333 392
9.35 395
9.3667 399
9.3833 402
9.4 406
9.4167 410
9.4333 413
9.45 417
9.4667 420
9.4833 424
9.5 427
9.5167 431
9.5333 434
9.55 438
9.5667 441
9.5833 445
9.6 448
9.6167 452
9.6333 455
9.65 458
9.6667 462
9.6833 465
9.7 469
9.7167 472
9.7333 475
9.75 479
9.7667 482
9.7833 486
9.8 489
9.8167 492
9.8333 495
9.85 499
9.8667 502
9.8833 505
9.9 509
9.9167 512
9.9333 515
9.95 518
9.9667 522
9.9833 525
10.0 528
10.0167 531
10.0333 534
10.05 537
10.0667 541
10.0833 544
10.1 547
10.1167 550
10.1333 553
10.15 556
10.1667 559
10.1833 562
10.2 565
10.2167 568
10.2333 571
10.25 574
10.2667 577
10.2833 580
10.3 583
10.3167 586
10.3333 589
10.35 592
10.3667 595
10.3833 597
10.4 600
10.4167 603
10.4333 606
10.45 609
10.4667 612
10.4833 614
10.5 617
10.5167 620
10.5333 623
10.55 625
10.5667 628
10.5833 631
10.6 633
10.6167 636
10.6333 639
10.65 641
10.6667 644
10.6833 646
10.7 649
10.7167 652
10.7333 654
10.75 657
10.7667 659
10.7833 662
10.8 664
10.8167 667
10.8333 669
10.85 671
10.8667 674
10.8833 676
10.9 679
10.9167 681
10.9333 683
10.95 686
10.9667 688
10.9833 690
11.0 692
11.0167 695
11.0333 697
11.05 699
11.0667 701
11.0833 704
11.1 706
11.1167 708
11.1333 710
11.15 712
11.1667 714
11.1833 716
11.2 718
11.2167 720
11.2333 722
11.25 724
11.2667 726
11.2833 728
11.3 730
11.3167 732
11.3333 734
11.35 736
11.3667 738
11.3833 740
11.4 742
11.4167 743
11.4333 745
11.45 747
11.4667 749
11.4833 750
11.5 752
11.5167 754
11.5333 756
11.55 757
11.5667 759
11.5833 760
11.6 762
11.6167 764
11.6333 765
11.65 767
11.6667 768
11.6833 770
11.7 771
11.7167 773
11.7333 774
11.75 776
11.7667 777
11.7833 779
11.8 780
11.8167 781
11.8333 783
11.85 784
11.8667 785
11.8833 786
11.9 788
11.9167 789
11.9333 790
11.95 791
11.9667 793
11.9833 794
12.0 795
12.0167 796
12.0333 797
12.05 798
12.0667 799
12.0833 800
12.1 801
12.1167 802
12.1333 803
12.15 804
12.1667 805
12.1833 806
12.2 807
12.2167 808
12.2333 809
12.25 810
12.2667 810
12.2833 811
12.3 812
12.3167 813
12.3333 813
12.35 814
12.3667 815
12.3833 816
12.4 816
12.4167 817
12.4333 817
12.45 818
12.4667 819
12.4833 819
12.5 820
12.5167 820
12.5333 821
12.55 821
12.5667 822
12.5833 822
12.6 822
12.6167 823
12.6333 823
12.65 824
12.6667 824
12.6833 824
12.7 825
12.7167 825
12.7333 825
12.75 825
12.7667 825
12.7833 826
12.8 826
12.8167 826
12.8333 826
12.85 826
12.8667 826
12.8833 826
12.9 826
12.9167 826
12.9333 826
12.95 826
12.9667 826
12.9833 826
13.0 826
13.0167 826
13.0333 826
13.05 826
13.0667 826
13.0833 825
13.1 825
13.1167 825
13.1333 825
13.15 824
13.1667 824
13.1833 824
13.2 824
13.2167 823
13.2333 823
13.25 822
13.2667 822
13.2833 822
13.3 821
13.3167 821
13.3333 820
13.35 820
13.3667 819
13.3833 819
13.4 818
13.4167 817
13.4333 817
13.45 816
13.4667 815
13.4833 815
13.5 814
13.5167 813
13.5333 813
13.55 812
13.5667 811
13.5833 810
13.6 809
13.6167 809
13.6333 808
13.65 807
13.6667 806
13.6833 805
13.7 804
13.7167 803
13.7333 802
13.75 801
13.7667 800
13.7833 799
13.8 798
13.8167 797
13.8333 796
13.85 795
13.8667 794
13.8833 792
13.9 791
13.9167 790
13.9333 789
13.95 788
13.9667 786
13.9833 785
14.0 784
14.0167 782
14.0333 781
14.05 780
14.0667 778
14.0833 777
14.1 776
14.1167 774
14.1333 773
14.15 771
14.1667 770
14.1833 768
14.2 767
14.2167 765
14.2333 764
14.25 762
14.2667 760
14.2833 759
14.3 757
14.3167 755
14.3333 754
14.35 752
14.3667 750
14.3833 749
14.4 747
14.4167 745
14.4333 743
14.45 741
14.4667 740
14.4833 738
14.5 736
14.5167 734
14.5333 732
14.55 730
14.5667 728
14.5833 726
14.6 724
14.6167 722
14.6333 720
14.65 718
14.6667 716
14.6833 714
14.7 712
14.7167 710
14.7333 708
14.75 706
14.7667 703
14.7833 701
14.8 699
14.8167 697
14.8333 695
14.85 692
14.8667 690
14.8833 688
14.9 685
14.9167 683
14.9333 681
14.95 678
14.9667 676
14.9833 674
15.0 672
15.0167 670
15.0333 667
15.05 665
15.0667 662
15.0833 660
15.1 657
15.1167 655
15.1333 652
15.15 650
15.1667 647
15.1833 645
15.2 642
15.2167 639
15.2333 637
15.25 634
15.2667 631
15.2833 629
15.3 626
15.3167 623
15.3333 621
15.35 618
15.3667 615
15.3833 612
15.4 610
15.4167 607
15.4333 604
15.45 601
15.4667 598
15.4833 595
15.5 592
15.5167 590
15.5333 587
15.55 584
15.5667 581
15.5833 578
15.6 575
15.6167 572
15.6333 569
15.65 566
15.6667 563
15.6833 560
15.7 557
15.7167 554
15.7333 551
15.75 547
15.7667 544
15.7833 541
15.8 538
15.8167 535
15.8333 532
15.85 529
15.8667 525
15.8833 522
15.9 519
15.9167 516
15.9333 512
15.95 509
15.9667 506
15.9833 503
16.0 499
16.0167 496
16.0333 493
16.05 489
16.0667 486
16.0833 483
16.1 479
16.1167 476
16.1333 473
16.15 469
16.1667 466
16.1833 462
16.2 459
16.2167 456
16.2333 452
16.25 449
16.2667 445
16.2833 442
16.3 438
16.3167 435
16.3333 431
16.35 428
16.3667 424
16.3833 421
16.4 417
16.4167 414
16.4333 410
16.45 406
16.4667 403
16.4833 399
16.5 396
16.5167 392
16.5333 389
16.55 385
16.5667 381
16.5833 378
16.6 374
16.6167 370
16.6333 367
16.65 363
16.6667 359
16.6833 356
16.7 352
16.7167 348
16.7333 345
16.75 341
16.7667 337
16.7833 334
16.8 330
16.8167 326
16.8333 322
16.85 319
16.8667 315
16.8833 311
16.9 307
16.9167 304
16.9333 300
16.95 296
16.9667 293
16.9833 289
