8.0 73
8.0167 75
8.0333 78
8.05 81
8.0667 84
8.0833 86
8.1 89
8.1167 92
8.1333 95
8.15 98
8.1667 101
8.1833 104
8.2 107
8.2167 110
8.2333 113
8.25 116
8.2667 119
8.2833 122
8.3 126
8.3167 129
8.3333 132
8.35 135
8.3667 138
8.3833 142
8.4 145
8.4167 148
8.4333 151
8.45 155
8.4667 158
8.4833 161
8.5 165
8.5167 168
8.5333 171
8.55 175
8.5667 178
8.5833 182
8.6 185
8.6167 188
8.6333 192
8.65 195
8.6667 199
8.6833 202
8.7 205
8.7167 209
8.7333 212
8.75 216
8.7667 219
8.7833 223
8.8 226
8.8167 230
8.8333 233
8.85 237
8.8667 240
8.8833 244
8.9 247
8.9167 251
8.9333 254
8.95 257
8.9667 261
8.9833 264
9.0 268
9.0167 272
9.0333 276
9.05 279
9.0667 283
9.0833 286
9.1 290
9.1167 293
9.1333 296
9.15 300
9.1667 303
9.1833 307
9.2 310
9.2167 314
9.2333 317
9.25 321
9.2667 324
9.2833 328
9.3 331
9.3167 334
9.3333 338
9.35 341
9.3667 345
9.3833 348
9.4 352
9.4167 355
9.4333 358
9.45 362
9.4667 365
9.4833 368
9.5 372
9.5167 375
9.5333 379
9.55 382
9.5667 385
9.5833 389
9.6 392
9.6167 395
9.6333 398
9.65 402
9.6667 405
9.6833 408
9.7 412
9.7167 415
9.7333 418
9.75 421
9.7667 425
9.7833 428
9.8 431
9.8167 434
9.8333 437
9.85 440
9.8667 444
9.8833 447
9.9 450
9.9167 453
9.9333 456
9.95 459
9.9667 462
9.9833 465
10.0 469
10.0167 472
10.0333 475
10.05 478
10.0667 481
10.0833 484
10.1 487
10.1167 490
10.1333 493
10.15 496
10.1667 499
10.1833 502
10.2 505
10.2167 507
10.2333 510
10.25 513
10.2667 516
10.2833 519
10.3 522
10.3167 525
10.3333 527
10.35 530
10.3667 533
10.3833 536
10.4 539
10.4167 541
10.4333 544
10.45 547
10.4667 550
10.4833 552
10.5 555
10.5167 558
10.5333 560
10.55 563
10.5667 566
10.5833 568
10.6 571
10.6167 573
10.6333 576
10.65 578
10.6667 581
10.6833 583
10.7 586
10.7167 588
10.7333 591
10.75 593
10.7667 596
10.7833 598
10.8 601
10.8167 603
10.8333 605
10.85 608
10.8667 610
10.8833 612
10.9 615
10.9167 617
10.9333 619
10.95 622
10.9667 624
10.9833 626
11.0 628
11.0167 630
11.0333 633
11.05 635
11.0667 637
11.0833 639
11.1 641
11.1167 643
11.1333 645
11.15 647
11.1667 649
11.1833 651
11.2 653
11.2167 655
11.2333 657
11.25 659
11.2667 661
11.2833 663
11.3 665
11.3167 667
11.3333 669
11.35 671
11.3667 673
11.3833 674
11.4 676
11.4167 678
11.4333 680
11.45 681
11.4667 683
11.4833 685
11.5 687
11.5167 688
11.5333 690
11.55 691
11.5667 693
11.5833 695
11.6 696
11.6167 698
11.6333 699
11.65 701
11.6667 702
11.6833 704
11.7 705
11.7167 707
11.7333 708
11.75 710
11.7667 711
11.7833 712
11.8 714
11.8167 715
11.8333 716
11.85 718
11.8667 719
11.8833 720
11.9 721
11.9167 723
11.9333 724
11.95 725
11.9667 726
11.9833 727
12.0 728
12.0167 729
12.0333 730
12.05 732
12.0667 733
12.0833 734
12.1 735
12.1167 736
12.1333 737
12.15 737
12.1667 738
12.1833 739
12.2 740
12.2167 741
12.2333 742
12.25 743
12.2667 743
12.2833 744
12.3 745
12.3167 746
12.3333 746
12.35 747
12.3667 748
12.3833 749
12.4 749
12.4167 750
12.4333 750
12.45 751
12.4667 752
12.4833 752
12.5 753
12.5167 753
12.5333 754
12.55 754
12.5667 755
12.5833 755
12.6 755
12.6167 756
12.6333 756
12.65 756
12.6667 757
12.6833 757
12.7 757
12.7167 758
12.7333 758
12.75 758
12.7667 758
12.7833 758
12.8 759
12.8167 759
12.8333 759
12.85 759
12.8667 759
12.8833 759
12.9 759
12.9167 759
12.9333 759
12.95 759
12.9667 759
12.9833 759
13.0 759
13.0167 759
13.0333 759
13.05 759
13.0667 758
13.0833 758
13.1 758
13.1167 758
13.1333 758
13.15 757
13.1667 757
13.1833 757
13.2 756
13.2167 756
13.2333 756
13.25 755
13.2667 755
13.2833 755
13.3 754
13.3167 754
13.3333 753
13.35 753
13.3667 752
13.3833 752
13.4 751
13.4167 750
13.4333 750
13.45 749
13.4667 749
13.4833 748
13.5 747
13.5167 747
13.5333 746
13.55 745
13.5667 744
13.5833 744
13.6 743
13.6167 742
13.6333 741
13.65 740
13.6667 739
13.6833 738
13.7 737
13.7167 737
13.7333 736
13.75 735
13.7667 734
13.7833 733
13.8 732
13.8167 730
13.8333 729
13.85 728
13.8667 727
13.8833 726
13.9 725
13.9167 724
13.9333 723
13.95 721
13.9667 720
13.9833 719
14.0 718
14.0167 716
14.0333 715
14.05 714
14.0667 712
14.0833 711
14.1 710
14.1167 708
14.1333 707
14.15 705
14.1667 704
14.1833 702
14.2 701
14.2167 699
14.2333 698
14.25 696
14.2667 695
14.2833 693
14.3 691
14.3167 690
14.3333 688
14.35 687
14.3667 685
14.3833 683
14.4 681
14.4167 680
14.4333 678
14.45 676
14.4667 674
14.4833 673
14.5 671
14.5167 669
14.5333 667
14.55 665
14.5667 663
14.5833 661
14.6 659
14.6167 657
14.6333 655
14.65 653
14.6667 651
14.6833 649
14.7 647
14.7167 645
14.7333 643
14.75 641
14.7667 639
14.7833 637
14.8 635
14.8167 633
14.8333 630
14.85 628
14.8667 626
14.8833 624
14.9 622
14.9167 619
14.9333 617
14.95 615
14.9667 612
14.9833 610
15.0 609
15.0167 606
15.0333 604
15.05 602
15.0667 599
15.0833 597
15.1 594
15.1167 592
15.1333 589
15.15 587
15.1667 584
15.1833 582
15.2 579
15.2167 577
15.2333 574
15.25 572
15.2667 569
15.2833 567
15.3 564
15.3167 561
15.3333 559
15.35 556
15.3667 553
15.3833 551
15.4 548
15.4167 545
15.4333 542
15.45 540
15.4667 537
15.4833 534
15.5 531
15.5167 528
15.5333 526
15.55 523
15.5667 520
15.5833 517
15.6 514
15.6167 511
15.6333 508
15.65 505
15.6667 503
15.6833 500
15.7 497
15.7167 494
15.7333 491
15.75 488
15.7667 485
15.7833 482
15.8 479
15.8167 476
15.8333 473
15.85 470
15.8667 466
15.8833 463
15.9 460
15.9167 457
15.9333 454
15.95 451
15.9667 448
15.9833 445
16.0 441
16.0167 438
16.0333 435
16.05 432
16.0667 429
16.0833 425
16.1 422
16.1167 419
16.1333 416
16.15 412
16.1667 409
16.1833 406
16.2 403
16.2167 399
16.2333 396
16.25 393
16.2667 389
16.2833 386
16.3 383
16.3167 379
16.3333 376
16.35 373
16.3667 369
16.3833 366
16.4 363
16.4167 359
16.4333 356
16.45 352
16.4667 349
16.4833 346
16.5 342
16.5167 339
16.5333 335
16.55 332
16.5667 328
16.5833 325
16.6 322
16.6167 318
16.6333 315
16.65 311
16.6667 308
16.6833 304
16.7 301
16.7167 297
16.7333 294
16.75 290
16.7667 287
16.7833 283
16.8 280
16.8167 276
16.8333 273
16.85 269
16.8667 266
16.8833 263
16.9 259
16.9167 256
16.9333 252
16.95 249
16.9667 245
16.9833 242
