8.0 263
8.0167 268
8.0333 272
8.05 276
8.0667 280
8.0833 284
8.1 288
8.1167 292
8.1333 297
8.15 301
8.1667 305
8.1833 309
8.2 313
8.2167 317
8.2333 322
8.25 326
8.2667 330
8.2833 334
8.3 338
8.3167 342
8.3333 346
8.35 351
8.3667 355
8.3833 359
8.4 363
8.4167 367
8.4333 371
8.45 375
8.4667 379
8.4833 383
8.5 388
8.5167 392
8.5333 396
8.55 400
8.5667 404
8.5833 408
8.6 412
8.6167 416
8.6333 420
8.65 424
8.6667 428
8.6833 432
8.7 436
8.7167 440
8.7333 444
8.75 449
8.7667 453
8.7833 457
8.8 461
8.8167 464
8.8333 468
8.85 472
8.8667 476
8.8833 480
8.9 484
8.9167 488
8.9333 492
8.95 496
8.9667 500
8.9833 504
9.0 508
9.0167 513
9.0333 517
9.05 521
9.0667 524
9.0833 528
9.1 532
9.1167 536
9.1333 540
9.15 544
9.1667 547
9.1833 551
9.2 555
9.2167 559
9.2333 562
9.25 566
9.2667 570
9.2833 574
9.3 577
9.3167 581
9.3333 585
9.35 588
9.3667 592
9.3833 596
9.4 599
9.4167 603
9.4333 607
9.45 610
9.4667 614
9.4833 617
9.5 621
9.5167 625
9.5333 628
9.55 632
9.5667 635
9.5833 639
9.6 642
9.6167 646
9.6333 649
9.65 653
9.6667 656
9.6833 659
9.7 663
9.7167 666
9.7333 670
9.75 673
9.7667 676
9.7833 680
9.8 683
9.8167 686
9.8333 690
9.85 693
9.8667 696
9.8833 700
9.9 703
9.9167 706
9.9333 709
9.95 713
9.9667 716
9.9833 719
10.0 722
10.0167 725
10.0333 728
10.05 732
10.0667 735
10.0833 738
10.1 741
10.1167 744
10.1333 747
10.15 750
10.1667 753
10.1833 756
10.2 759
10.2167 762
10.2333 765
10.25 768
10.2667 771
10.2833 774
10.3 777
10.3167 779
10.3333 782
10.35 785
10.3667 788
10.3833 791
10.4 794
10.4167 796
10.4333 799
10.45 802
10.4667 805
10.4833 807
10.5 810
10.5167 813
10.5333 815
10.55 818
10.5667 821
10.5833 823
10.6 826
10.6167 828
10.6333 831
10.65 834
10.6667 836
10.6833 839
10.7 841
10.7167 844
10.7333 846
10.75 848
10.7667 851
10.7833 853
10.8 856
10.8167 858
10.8333 860
10.85 863
10.8667 865
10.8833 867
10.9 870
10.9167 872
10.9333 874
10.95 876
10.9667 879
10.9833 881
11.0 883
11.0167 885
11.0333 887
11.05 889
11.0667 891
11.0833 893
11.1 896
11.1167 898
11.1333 900
11.15 902
11.1667 904
11.1833 906
11.2 907
11.2167 909
11.2333 911
11.25 913
11.2667 915
11.2833 917
11.3 919
11.3167 921
11.3333 922
11.35 924
11.3667 926
11.3833 928
11.4 929
11.4167 931
11.4333 933
11.45 934
11.4667 936
11.4833 938
11.5 939
11.5167 941
11.5333 942
11.55 944
11.5667 945
11.5833 947
11.6 948
11.6167 950
11.6333 951
11.65 953
11.6667 954
11.6833 955
11.7 957
11.7167 958
11.7333 959
11.75 961
11.7667 962
11.7833 963
11.8 965
11.8167 966
11.8333 967
11.85 968
11.8667 969
11.8833 970
11.9 972
11.9167 973
11.9333 974
11.95 975
11.9667 976
11.9833 977
12.0 978
12.0167 979
12.0333 980
12.05 981
12.0667 982
12.0833 982
12.1 983
12.1167 984
12.1333 985
12.15 986
12.1667 987
12.1833 987
12.2 988
12.2167 989
12.2333 990
12.25 990
12.2667 991
12.2833 992
12.3 992
12.3167 993
12.3333 993
12.35 994
12.3667 995
12.3833 995
12.4 996
12.4167 996
12.4333 996
12.45 997
12.4667 997
12.4833 998
12.5 998
12.5167 998
12.5333 999
12.55 999
12.5667 999
12.5833 1000
12.6 1000
12.6167 1000
12.6333 1000
12.65 1000
12.6667 1001
12.6833 1001
12.7 1001
12.7167 1001
12.7333 1001
12.75 1001
12.7667 1001
12.7833 1001
12.8 1001
12.8167 1001
12.8333 1001
12.85 1001
12.8667 1001
12.8833 1001
12.9 1001
12.9167 1001
12.9333 1000
12.95 1000
12.9667 1000
12.9833 1000
13.0 1000
13.0167 999
13.0333 999
13.05 999
13.0667 998
13.0833 998
13.1 998
13.1167 997
13.1333 997
13.15 996
13.1667 996
13.1833 995
13.2 995
13.2167 994
13.2333 994
13.25 993
13.2667 993
13.2833 992
13.3 991
13.3167 991
13.3333 990
13.35 989
13.3667 989
13.3833 988
13.4 987
13.4167 986
13.4333 986
13.45 985
13.4667 984
13.4833 983
13.5 982
13.5167 981
13.5333 980
13.55 979
13.5667 978
13.5833 978
13.6 976
13.6167 975
13.6333 974
13.65 973
13.6667 972
13.6833 971
13.7 970
13.7167 969
13.7333 968
13.75 967
13.7667 965
13.7833 964
13.8 963
13.8167 962
13.8333 960
13.85 959
13.8667 958
13.8833 956
13.9 955
13.9167 954
13.9333 952
13.95 951
13.9667 949
13.9833 948
14.0 946
14.0167 945
14.0333 943
14.05 942
14.0667 940
14.0833 939
14.1 937
14.1167 935
14.1333 934
14.15 932
14.1667 930
14.1833 929
14.2 927
14.2167 925
14.2333 924
14.25 922
14.2667 920
14.2833 918
14.3 916
14.3167 914
14.3333 913
14.35 911
14.3667 909
14.3833 907
14.4 905
14.4167 903
14.4333 901
14.45 899
14.4667 897
14.4833 895
14.5 893
14.5167 891
14.5333 889
14.55 886
14.5667 884
14.5833 882
14.6 880
14.6167 878
14.6333 876
14.65 873
14.6667 871
14.6833 869
14.7 867
14.7167 864
14.7333 862
14.75 860
14.7667 857
14.7833 855
14.8 852
14.8167 850
14.8333 848
14.85 845
14.8667 843
14.8833 840
14.9 838
14.9167 835
14.9333 833
14.95 830
14.9667 828
14.9833 825
15.0 823
15.0167 820
15.0333 818
15.05 815
15.0667 812
15.0833 810
15.1 807
15.1167 804
15.1333 802
15.15 799
15.1667 796
15.1833 793
15.2 790
15.2167 788
15.2333 785
15.25 782
15.2667 779
15.2833 776
15.3 773
15.3167 770
15.3333 767
15.35 764
15.3667 762
15.3833 759
15.4 756
15.4167 753
15.4333 750
15.45 746
15.4667 743
15.4833 740
15.5 737
15.5167 734
15.5333 731
15.55 728
15.5667 725
15.5833 722
15.6 718
15.6167 715
15.6333 712
15.65 709
15.6667 706
15.6833 702
15.7 699
15.7167 696
15.7333 693
15.75 689
15.7667 686
15.7833 683
15.8 679
15.8167 676
15.8333 672
15.85 669
15.8667 666
15.8833 662
15.9 659
15.9167 655
15.9333 652
15.95 649
15.9667 645
15.9833 642
16.0 638
16.0167 635
16.0333 631
16.05 627
16.0667 624
16.0833 620
16.1 617
16.1167 613
16.1333 610
16.15 606
16.1667 602
16.1833 599
16.2 595
16.2167 591
16.2333 588
16.25 584
16.2667 580
16.2833 577
16.3 573
16.3167 569
16.3333 565
16.35 562
16.3667 558
16.3833 554
16.4 550
16.4167 547
16.4333 543
16.45 539
16.4667 535
16.4833 531
16.5 527
16.5167 524
16.5333 520
16.55 516
16.5667 512
16.5833 508
16.6 504
16.6167 500
16.6333 496
16.65 492
16.6667 489
16.6833 485
16.7 481
16.7167 477
16.7333 473
16.75 469
16.7667 465
16.7833 461
16.8 457
16.8167 453
16.8333 449
16.85 445
16.8667 441
16.8833 437
16.9 433
16.9167 429
16.9333 425
16.95 420
16.9667 416
16.9833 412
