8.0 132
8.0167 136
8.0333 139
8.05 142
8.0667 146
8.0833 149
8.1 153
8.1167 156
8.1333 160
8.15 163
8.1667 167
8.1833 170
8.2 174
8.2167 177
8.2333 181
8.25 184
8.2667 188
8.2833 191
8.3 195
8.3167 199
8.3333 202
8.35 206
8.3667 209
8.3833 213
8.4 217
8.4167 220
8.4333 224
8.45 228
8.4667 231
8.4833 235
8.5 239
8.5167 242
8.5333 246
8.55 250
8.5667 254
8.5833 257
8.6 261
8.6167 265
8.6333 268
8.65 272
8.6667 276
8.6833 279
8.7 283
8.7167 287
8.7333 291
8.75 294
8.7667 298
8.7833 302
8.8 305
8.8167 309
8.8333 313
8.85 317
8.8667 320
8.8833 324
8.9 328
8.9167 331
8.9333 335
8.95 339
8.9667 343
8.9833 346
9.0 350
9.0167 355
9.0333 358
9.05 362
9.0667 366
9.0833 369
9.1 373
9.1167 377
9.1333 380
9.15 384
9.1667 388
9.1833 391
9.2 395
9.2167 398
9.2333 402
9.25 406
9.2667 409
9.2833 413
9.3 416
9.3167 420
9.3333 424
9.35 427
9.3667 431
9.3833 434
9.4 438
9.4167 441
9.4333 445
9.45 448
9.4667 452
9.4833 455
9.5 459
9.5167 462
9.5333 466
9.55 469
9.5667 473
9.5833 476
9.6 480
9.6167 483
9.6333 486
9.65 490
9.6667 493
9.6833 497
9.7 500
9.7167 503
9.7333 507
9.75 510
9.7667 513
9.7833 517
9.8 520
9.8167 523
9.8333 526
9.85 530
9.8667 533
9.8833 536
9.9 539
9.9167 543
9.9333 546
9.95 549
9.9667 552
9.9833 555
10.0 559
10.0167 562
10.0333 565
10.05 568
10.0667 571
10.0833 574
10.1 577
10.1167 580
10.1333 583
10.15 586
10.1667 589
10.1833 592
10.2 595
10.2167 598
10.2333 601
10.25 604
10.2667 607
10.2833 610
10.3 613
10.3167 616
10.3333 619
10.35 622
10.3667 625
10.3833 627
10.4 630
10.4167 633
10.4333 636
10.45 639
10.4667 641
10.4833 644
10.5 647
10.5167 650
10.5333 652
10.55 655
10.5667 658
10.5833 660
10.6 663
10.6167 666
10.6333 668
10.65 671
10.6667 673
10.6833 676
10.7 678
10.7167 681
10.7333 683
10.75 686
10.7667 688
10.7833 691
10.8 693
10.8167 696
10.8333 698
10.85 700
10.8667 703
10.8833 705
10.9 708
10.9167 710
10.9333 712
10.95 714
10.9667 717
10.9833 719
11.0 721
11.0167 723
11.0333 726
11.05 728
11.0667 730
11.0833 732
11.1 734
11.1167 736
11.1333 738
11.15 740
11.1667 743
11.1833 745
11.2 747
11.2167 749
11.2333 751
11.25 753
11.2667 754
11.2833 756
11.3 758
11.3167 760
11.3333 762
11.35 764
11.3667 766
11.3833 768
11.4 769
11.4167 771
11.4333 773
11.45 775
11.4667 776
11.4833 778
11.5 780
11.5167 781
11.5333 783
11.55 785
11.5667 786
11.5833 788
11.6 790
11.6167 791
11.6333 793
11.65 794
11.6667 796
11.6833 797
11.7 799
11.7167 800
11.7333 801
11.75 803
11.7667 804
11.7833 806
11.8 807
11.8167 808
11.8333 809
11.85 811
11.8667 812
11.8833 813
11.9 814
11.9167 816
11.9333 817
11.95 818
11.9667 819
11.9833 820
12.0 821
12.0167 822
12.0333 824
12.05 825
12.0667 826
12.0833 827
12.1 828
12.1167 828
12.1333 829
12.15 830
12.1667 831
12.1833 832
12.2 833
12.2167 834
12.2333 835
12.25 835
12.2667 836
12.2833 837
12.3 838
12.3167 838
12.3333 839
12.35 840
12.3667 840
12.3833 841
12.4 842
12.4167 842
12.4333 843
12.45 843
12.4667 844
12.4833 844
12.5 845
12.5167 845
12.5333 846
12.55 846
12.5667 847
12.5833 847
12.6 847
12.6167 848
12.6333 848
12.65 848
12.6667 849
12.6833 849
12.7 849
12.7167 849
12.7333 850
12.75 850
12.7667 850
12.7833 850
12.8 850
12.8167 850
12.8333 850
12.85 851
12.8667 851
12.8833 851
12.9 851
12.9167 851
12.9333 850
12.95 850
12.9667 850
12.9833 850
13.0 850
13.0167 850
13.0333 850
13.05 850
13.0667 849
13.0833 849
13.1 849
13.1167 849
13.1333 848
13.15 848
13.1667 848
13.1833 847
13.2 847
13.2167 847
13.2333 846
13.25 846
13.2667 845
13.2833 845
13.3 844
13.3167 844
13.3333 843
13.35 843
13.3667 842
13.3833 841
13.4 841
13.4167 840
13.4333 840
13.45 839
13.4667 838
13.4833 837
13.5 837
13.5167 836
13.5333 835
13.55 834
13.5667 833
13.5833 833
13.6 832
13.6167 831
13.6333 830
13.65 829
13.6667 828
13.6833 827
13.7 826
13.7167 825
13.7333 824
13.75 823
13.7667 822
13.7833 821
13.8 820
13.8167 819
13.8333 817
13.85 816
13.8667 815
13.8833 814
13.9 813
13.9167 811
13.9333 810
13.95 809
13.9667 808
13.9833 806
14.0 805
14.0167 804
14.0333 802
14.05 801
14.0667 799
14.0833 798
14.1 796
14.1167 795
14.1333 793
14.15 792
14.1667 790
14.1833 789
14.2 787
14.2167 786
14.2333 784
14.25 782
14.2667 781
14.2833 779
14.3 777
14.3167 776
14.3333 774
14.35 772
14.3667 770
14.3833 769
14.4 767
14.4167 765
14.4333 763
14.45 761
14.4667 759
14.4833 757
14.5 756
14.5167 754
14.5333 752
14.55 750
14.5667 748
14.5833 746
14.6 744
14.6167 742
14.6333 740
14.65 737
14.6667 735
14.6833 733
14.7 731
14.7167 729
14.7333 727
14.75 725
14.7667 722
14.7833 720
14.8 718
14.8167 716
14.8333 713
14.85 711
14.8667 709
14.8833 706
14.9 704
14.9167 702
14.9333 699
14.95 697
14.9667 695
14.9833 692
15.0 691
15.0167 688
15.0333 686
15.05 683
15.0667 681
15.0833 678
15.1 675
15.1167 673
15.1333 670
15.15 668
15.1667 665
15.1833 663
15.2 660
15.2167 657
15.2333 655
15.25 652
15.2667 649
15.2833 646
15.3 644
15.3167 641
15.3333 638
15.35 635
15.3667 633
15.3833 630
15.4 627
15.4167 624
15.4333 621
15.45 618
15.4667 615
15.4833 613
15.5 610
15.5167 607
15.5333 604
15.55 601
15.5667 598
15.5833 595
15.6 592
15.6167 589
15.6333 586
15.65 583
15.6667 580
15.6833 577
15.7 574
15.7167 570
15.7333 567
15.75 564
15.7667 561
15.7833 558
15.8 555
15.8167 552
15.8333 548
15.85 545
15.8667 542
15.8833 539
15.9 536
15.9167 532
15.9333 529
15.95 526
15.9667 522
15.9833 519
16.0 516
16.0167 513
16.0333 509
16.05 506
16.0667 503
16.0833 499
16.1 496
16.1167 492
16.1333 489
16.15 486
16.1667 482
16.1833 479
16.2 475
16.2167 472
16.2333 468
16.25 465
16.2667 462
16.2833 458
16.3 455
16.3167 451
16.3333 448
16.35 444
16.3667 440
16.3833 437
16.4 433
16.4167 430
16.4333 426
16.45 423
16.4667 419
16.4833 416
16.5 412
16.5167 408
16.5333 405
16.55 401
16.5667 398
16.5833 394
16.6 390
16.6167 387
16.6333 383
16.65 379
16.6667 376
16.6833 372
16.7 368
16.7167 365
16.7333 361
16.75 357
16.7667 354
16.7833 350
16.8 346
16.8167 343
16.8333 339
16.85 335
16.8667 331
16.8833 328
16.9 324
16.9167 320
16.9333 317
16.95 313
16.9667 309
16.9833 306
