8.0 197
8.0167 201
8.0333 205
8.05 209
8.0667 212
8.0833 216
8.1 220
8.1167 224
8.1333 228
8.15 232
8.1667 236
8.1833 240
8.2 244
8.2167 248
8.2333 251
8.25 255
8.2667 259
8.2833 263
8.3 267
8.3167 271
8.3333 275
8.35 279
8.3667 283
8.3833 287
8.4 291
8.4167 295
8.4333 299
8.45 303
8.4667 307
8.4833 311
8.5 315
8.5167 319
8.5333 323
8.55 327
8.5667 331
8.5833 335
8.6 338
8.6167 342
8.6333 346
8.65 350
8.6667 354
8.6833 358
8.7 362
8.7167 366
8.7333 370
8.75 374
8.7667 378
8.7833 382
8.8 386
8.8167 389
8.8333 393
8.85 397
8.8667 401
8.8833 405
8.9 409
8.9167 413
8.9333 417
8.95 420
8.9667 424
8.9833 428
9.0 432
9.0167 437
9.0333 441
9.05 445
9.0667 448
9.0833 452
9.1 456
9.1167 460
9.1333 463
9.15 467
9.1667 471
9.1833 475
9.2 478
9.2167 482
9.2333 486
9.25 490
9.2667 493
9.2833 497
9.3 501
9.3167 504
9.3333 508
9.35 512
9.3667 515
9.3833 519
9.4 523
9.4167 526
9.4333 530
9.45 533
9.4667 537
9.4833 541
9.5 544
9.5167 548
9.5333 551
9.55 555
9.5667 558
9.5833 562
9.6 565
9.6167 569
9.6333 572
9.65 576
9.6667 579
9.6833 583
9.7 586
9.7167 589
9.7333 593
9.75 596
9.7667 599
9.7833 603
9.8 606
9.8167 610
9.8333 613
9.85 616
9.8667 619
9.8833 623
9.9 626
9.9167 629
9.9333 632
9.95 636
9.9667 639
9.9833 642
10.0 645
10.0167 648
10.0333 652
10.05 655
10.0667 658
10.0833 661
10.1 664
10.1167 667
10.1333 670
10.15 673
10.1667 676
10.1833 679
10.2 682
10.2167 685
10.2333 688
10.25 691
10.2667 694
10.2833 697
10.3 700
10.3167 703
10.3333 706
10.35 709
10.3667 712
10.3833 714
10.4 717
10.4167 720
10.4333 723
10.45 726
10.4667 728
10.4833 731
10.5 734
10.5167 736
10.5333 739
10.55 742
10.5667 745
10.5833 747
10.6 750
10.6167 752
10.6333 755
10.65 758
10.6667 760
10.6833 763
10.7 765
10.7167 768
10.7333 770
10.75 773
10.7667 775
10.7833 778
10.8 780
10.8167 782
10.8333 785
10.85 787
10.8667 789
10.8833 792
10.9 794
10.9167 796
10.9333 799
10.95 801
10.9667 803
10.9833 805
11.0 808
11.0167 810
11.0333 812
11.05 814
11.0667 816
11.0833 818
11.1 820
11.1167 823
11.1333 825
11.15 827
11.1667 829
11.1833 831
11.2 833
11.2167 835
11.2333 837
11.25 839
11.2667 840
11.2833 842
11.3 844
11.3167 846
11.3333 848
11.35 850
11.3667 852
11.3833 853
11.4 855
11.4167 857
11.4333 859
11.45 860
11.4667 862
11.4833 864
11.5 865
11.5167 867
11.5333 868
11.55 870
11.5667 872
11.5833 873
11.6 875
11.6167 876
11.6333 878
11.65 879
11.6667 881
11.6833 882
11.7 883
11.7167 885
11.7333 886
11.75 888
11.7667 889
11.7833 890
11.8 891
11.8167 893
11.8333 894
11.85 895
11.8667 896
11.8833 898
11.9 899
11.9167 900
11.9333 901
11.95 902
11.9667 903
11.9833 904
12.0 905
12.0167 906
12.0333 907
12.05 908
12.0667 909
12.0833 910
12.1 911
12.1167 912
12.1333 913
12.15 914
12.1667 915
12.1833 916
12.2 916
12.2167 917
12.2333 918
12.25 919
12.2667 919
12.2833 920
12.3 921
12.3167 921
12.3333 922
12.35 923
12.3667 923
12.3833 924
12.4 924
12.4167 925
12.4333 925
12.45 926
12.4667 926
12.4833 927
12.5 927
12.5167 928
12.5333 928
12.55 928
12.5667 929
12.5833 929
12.6 929
12.6167 930
12.6333 930
12.65 930
12.6667 930
12.6833 931
12.7 931
12.7167 931
12.7333 931
12.75 931
12.7667 931
12.7833 931
12.8 931
12.8167 931
12.8333 931
12.85 931
12.8667 931
12.8833 931
12.9 931
12.9167 931
12.9333 931
12.95 931
12.9667 931
12.9833 931
13.0 930
13.0167 930
13.0333 930
13.05 930
13.0667 929
13.0833 929
13.1 929
13.1167 928
13.1333 928
13.15 928
13.1667 927
13.1833 927
13.2 926
13.2167 926
13.2333 925
13.25 925
13.2667 924
13.2833 924
13.3 923
13.3167 923
13.3333 922
13.35 921
13.3667 921
13.3833 920
13.4 919
13.4167 919
13.4333 918
13.45 917
13.4667 916
13.4833 916
13.5 915
13.5167 914
13.5333 913
13.55 912
13.5667 911
13.5833 910
13.6 909
13.6167 908
13.6333 907
13.65 906
13.6667 905
13.6833 904
13.7 903
13.7167 902
13.7333 901
13.75 900
13.7667 899
13.7833 898
13.8 896
13.8167 895
13.8333 894
13.85 893
13.8667 891
13.8833 890
13.9 889
13.9167 888
13.9333 886
13.95 885
13.9667 883
13.9833 882
14.0 881
14.0167 879
14.0333 878
14.05 876
14.0667 875
14.0833 873
14.1 872
14.1167 870
14.1333 868
14.15 867
14.1667 865
14.1833 864
14.2 862
14.2167 860
14.2333 859
14.25 857
14.2667 855
14.2833 853
14.3 852
14.3167 850
14.3333 848
14.35 846
14.3667 844
14.3833 842
14.4 840
14.4167 839
14.4333 837
14.45 835
14.4667 833
14.4833 831
14.5 829
14.5167 827
14.5333 825
14.55 823
14.5667 820
14.5833 818
14.6 816
14.6167 814
14.6333 812
14.65 810
14.6667 808
14.6833 805
14.7 803
14.7167 801
14.7333 799
14.75 796
14.7667 794
14.7833 792
14.8 789
14.8167 787
14.8333 785
14.85 782
14.8667 780
14.8833 778
14.9 775
14.9167 773
14.9333 770
14.95 768
14.9667 765
14.9833 763
15.0 761
15.0167 758
15.0333 756
15.05 753
15.0667 750
15.0833 748
15.1 745
15.1167 742
15.1333 740
15.15 737
15.1667 734
15.1833 732
15.2 729
15.2167 726
15.2333 723
15.25 721
15.2667 718
15.2833 715
15.3 712
15.3167 709
15.3333 706
15.35 704
15.3667 701
15.3833 698
15.4 695
15.4167 692
15.4333 689
15.45 686
15.4667 683
15.4833 680
15.5 677
15.5167 674
15.5333 671
15.55 668
15.5667 665
15.5833 662
15.6 658
15.6167 655
15.6333 652
15.65 649
15.6667 646
15.6833 643
15.7 639
15.7167 636
15.7333 633
15.75 630
15.7667 627
15.7833 623
15.8 620
15.8167 617
15.8333 613
15.85 610
15.8667 607
15.8833 603
15.9 600
15.9167 597
15.9333 593
15.95 590
15.9667 587
15.9833 583
16.0 580
16.0167 576
16.0333 573
16.05 569
16.0667 566
16.0833 562
16.1 559
16.1167 555
16.1333 552
16.15 548
16.1667 545
16.1833 541
16.2 538
16.2167 534
16.2333 530
16.25 527
16.2667 523
16.2833 520
16.3 516
16.3167 512
16.3333 509
16.35 505
16.3667 501
16.3833 498
16.4 494
16.4167 490
16.4333 487
16.45 483
16.4667 479
16.4833 475
16.5 472
16.5167 468
16.5333 464
16.55 460
16.5667 456
16.5833 453
16.6 449
16.6167 445
16.6333 441
16.65 437
16.6667 434
16.6833 430
16.7 426
16.7167 422
16.7333 418
16.75 414
16.7667 411
16.7833 407
16.8 403
16.8167 399
16.8333 395
16.85 391
16.8667 387
16.8833 383
16.9 379
16.9167 375
16.9333 372
16.95 368
16.9667 364
16.9833 360
