8.0 260
8.0167 264
8.0333 268
8.05 272
8.0667 276
8.0833 280
8.1 284
8.1167 288
8.1333 292
8.15 296
8.1667 301
8.1833 305
8.2 309
8.2167 313
8.2333 317
8.25 321
8.2667 325
8.2833 329
8.3 333
8.3167 337
8.3333 341
8.35 345
8.3667 349
8.3833 353
8.4 357
8.4167 361
8.4333 365
8.45 369
8.4667 373
8.4833 378
8.5 382
8.5167 386
8.5333 390
8.55 394
8.5667 398
8.5833 402
8.6 406
8.6167 410
8.6333 414
8.65 418
8.6667 422
8.6833 426
8.7 430
8.7167 433
8.7333 437
8.75 441
8.7667 445
8.7833 449
8.8 453
8.8167 457
8.8333 461
8.85 465
8.8667 469
8.8833 473
8.9 477
8.9167 480
8.9333 484
8.95 488
8.9667 492
8.9833 496
9.0 500
9.0167 505
9.0333 508
9.05 512
9.0667 516
9.0833 520
9.1 524
9.1167 527
9.1333 531
9.15 535
9.1667 539
9.1833 542
9.2 546
9.2167 550
9.2333 553
9.25 557
9.2667 561
9.2833 564
9.3 568
9.3167 572
9.3333 575
9.35 579
9.3667 583
9.3833 586
9.4 590
9.4167 593
9.4333 597
9.45 601
9.4667 604
9.4833 608
9.5 611
9.5167 615
9.5333 618
9.55 622
9.5667 625
9.5833 629
9.6 632
9.6167 636
9.6333 639
9.65 642
9.6667 646
9.6833 649
9.7 653
9.7167 656
9.7333 659
9.75 663
9.7667 666
9.7833 669
9.8 673
9.8167 676
9.8333 679
9.85 682
9.8667 686
9.8833 689
9.9 692
9.9167 695
9.9333 698
9.95 702
9.9667 705
9.9833 708
10.0 711
10.0167 714
10.0333 717
10.05 720
10.0667 723
10.0833 726
10.1 729
10.1167 732
10.1333 735
10.15 738
10.1667 741
10.1833 744
10.2 747
10.2167 750
10.2333 753
10.25 756
10.2667 759
10.2833 762
10.3 765
10.3167 767
10.3333 770
10.35 773
10.3667 776
10.3833 779
10.4 781
10.4167 784
10.4333 787
10.45 790
10.4667 792
10.4833 795
10.5 798
10.5167 800
10.5333 803
10.55 805
10.5667 808
10.5833 811
10.6 813
10.6167 816
10.6333 818
10.65 821
10.6667 823
10.6833 826
10.7 828
10.7167 831
10.7333 833
10.75 835
10.7667 838
10.7833 840
10.8 842
10.8167 845
10.8333 847
10.85 849
10.8667 852
10.8833 854
10.9 856
10.9167 858
10.9333 861
10.95 863
10.9667 865
10.9833 867
11.0 869
11.0167 871
11.0333 873
11.05 876
11.0667 878
11.0833 880
11.1 882
11.1167 884
11.1333 886
11.15 888
11.1667 890
11.1833 891
11.2 893
11.2167 895
11.2333 897
11.25 899
11.2667 901
11.2833 903
11.3 904
11.3167 906
11.3333 908
11.35 910
11.3667 911
11.3833 913
11.4 915
11.4167 916
11.4333 918
11.45 920
11.4667 921
11.4833 923
11.5 924
11.5167 926
11.5333 928
11.55 929
11.5667 931
11.5833 932
11.6 933
11.6167 935
11.6333 936
11.65 938
11.6667 939
11.6833 940
11.7 942
11.7167 943
11.7333 944
11.75 946
11.7667 947
11.7833 948
11.8 949
11.8167 950
11.8333 952
11.85 953
11.8667 954
11.8833 955
11.9 956
11.9167 957
11.9333 958
11.95 959
11.9667 960
11.9833 961
12.0 962
12.0167 963
12.0333 964
12.05 965
12.0667 966
12.0833 967
12.1 968
12.1167 968
12.1333 969
12.15 970
12.1667 971
12.1833 971
12.2 972
12.2167 973
12.2333 974
12.25 974
12.2667 975
12.2833 975
12.3 976
12.3167 977
12.3333 977
12.35 978
12.3667 978
12.3833 979
12.4 979
12.4167 980
12.4333 980
12.45 980
12.4667 981
12.4833 981
12.5 982
12.5167 982
12.5333 982
12.55 982
12.5667 983
12.5833 983
12.6 983
12.6167 983
12.6333 984
12.65 984
12.6667 984
12.6833 984
12.7 984
12.7167 984
12.7333 984
12.75 984
12.7667 984
12.7833 984
12.8 984
12.8167 984
12.8333 984
12.85 984
12.8667 984
12.8833 984
12.9 984
12.9167 983
12.9333 983
12.95 983
12.9667 983
12.9833 983
13.0 982
13.0167 982
13.0333 982
13.05 981
13.0667 981
13.0833 981
13.1 980
13.1167 980
13.1333 979
13.15 979
13.1667 978
13.1833 978
13.2 977
13.2167 977
13.2333 976
13.25 976
13.2667 975
13.2833 974
13.3 974
13.3167 973
13.3333 972
13.35 972
13.3667 971
13.3833 970
13.4 969
13.4167 969
13.4333 968
13.45 967
13.4667 966
13.4833 965
13.5 964
13.5167 963
13.5333 962
13.55 961
13.5667 960
13.5833 959
13.6 958
13.6167 957
13.6333 956
13.65 955
13.6667 954
13.6833 953
13.7 952
13.7167 951
13.7333 950
13.75 948
13.7667 947
13.7833 946
13.8 945
13.8167 943
13.8333 942
13.85 941
13.8667 939
13.8833 938
13.9 937
13.9167 935
13.9333 934
13.95 932
13.9667 931
13.9833 929
14.0 928
14.0167 926
14.0333 925
14.05 923
14.0667 922
14.0833 920
14.1 919
14.1167 917
14.1333 915
14.15 914
14.1667 912
14.1833 910
14.2 908
14.2167 907
14.2333 905
14.25 903
14.2667 901
14.2833 899
14.3 898
14.3167 896
14.3333 894
14.35 892
14.3667 890
14.3833 888
14.4 886
14.4167 884
14.4333 882
14.45 880
14.4667 878
14.4833 876
14.5 874
14.5167 872
14.5333 870
14.55 868
14.5667 866
14.5833 863
14.6 861
14.6167 859
14.6333 857
14.65 855
14.6667 852
14.6833 850
14.7 848
14.7167 845
14.7333 843
14.75 841
14.7667 838
14.7833 836
14.8 834
14.8167 831
14.8333 829
14.85 826
14.8667 824
14.8833 821
14.9 819
14.9167 816
14.9333 814
14.95 811
14.9667 809
14.9833 806
15.0 804
15.0167 801
15.0333 799
15.05 796
15.0667 793
15.0833 791
15.1 788
15.1167 785
15.1333 783
15.15 780
15.1667 777
15.1833 774
15.2 771
15.2167 769
15.2333 766
15.25 763
15.2667 760
15.2833 757
15.3 754
15.3167 751
15.3333 749
15.35 746
15.3667 743
15.3833 740
15.4 737
15.4167 734
15.4333 731
15.45 728
15.4667 725
15.4833 721
15.5 718
15.5167 715
15.5333 712
15.55 709
15.5667 706
15.5833 703
15.6 700
15.6167 696
15.6333 693
15.65 690
15.6667 687
15.6833 684
15.7 680
15.7167 677
15.7333 674
15.75 671
15.7667 667
15.7833 664
15.8 661
15.8167 657
15.8333 654
15.85 650
15.8667 647
15.8833 644
15.9 640
15.9167 637
15.9333 633
15.95 630
15.9667 627
15.9833 623
16.0 620
16.0167 616
16.0333 613
16.05 609
16.0667 606
16.0833 602
16.1 598
16.1167 595
16.1333 591
16.15 588
16.1667 584
16.1833 580
16.2 577
16.2167 573
16.2333 570
16.25 566
16.2667 562
16.2833 559
16.3 555
16.3167 551
16.3333 547
16.35 544
16.3667 540
16.3833 536
16.4 533
16.4167 529
16.4333 525
16.45 521
16.4667 517
16.4833 514
16.5 510
16.5167 506
16.5333 502
16.55 498
16.5667 494
16.5833 491
16.6 487
16.6167 483
16.6333 479
16.65 475
16.6667 471
16.6833 467
16.7 463
16.7167 460
16.7333 456
16.75 452
16.7667 448
16.7833 444
16.8 440
16.8167 436
16.8333 432
16.85 428
16.8667 424
16.8833 420
16.9 416
16.9167 412
16.9333 408
16.95 404
16.9667 400
16.9833 396
