8.0 182
8.0167 186
8.0333 190
8.05 194
8.0667 198
8.0833 202
8.1 206
8.1167 210
8.1333 214
8.15 218
8.1667 222
8.1833 226
8.2 230
8.2167 234
8.2333 238
8.25 242
8.2667 246
8.2833 250
8.3 254
8.3167 258
8.3333 262
8.35 266
8.3667 270
8.3833 274
8.4 278
8.4167 282
8.4333 286
8.45 290
8.4667 294
8.4833 298
8.5 302
8.5167 306
8.5333 310
8.55 314
8.5667 318
8.5833 322
8.6 326
8.6167 330
8.6333 334
8.65 338
8.6667 342
8.6833 346
8.7 350
8.7167 354
8.7333 358
8.75 362
8.7667 366
8.7833 370
8.8 374
8.8167 378
8.8333 382
8.85 386
8.8667 390
8.8833 394
8.9 397
8.9167 401
8.9333 405
8.95 409
8.9667 413
8.9833 417
9.0 421
9.0167 426
9.0333 430
9.05 434
9.0667 437
9.0833 441
9.1 445
9.1167 449
9.1333 453
9.15 457
9.1667 460
9.1833 464
9.2 468
9.2167 472
9.2333 476
9.25 479
9.2667 483
9.2833 487
9.3 491
9.3167 494
9.3333 498
9.35 502
9.3667 505
9.3833 509
9.4 513
9.4167 516
9.4333 520
9.45 524
9.4667 527
9.4833 531
9.5 535
9.5167 538
9.5333 542
9.55 545
9.5667 549
9.5833 552
9.6 556
9.6167 559
9.6333 563
9.65 567
9.6667 570
9.6833 573
9.7 577
9.7167 580
9.7333 584
9.75 587
9.7667 591
9.7833 594
9.8 597
9.8167 601
9.8333 604
9.85 608
9.8667 611
9.8833 614
9.9 618
9.9167 621
9.9333 624
9.95 627
9.9667 631
9.9833 634
10.0 637
10.0167 640
10.0333 644
10.05 647
10.0667 650
10.0833 653
10.1 656
10.1167 659
10.1333 662
10.15 666
10.1667 669
10.1833 672
10.2 675
10.2167 678
10.2333 681
10.25 684
10.2667 687
10.2833 690
10.3 693
10.3167 696
10.3333 699
10.35 701
10.3667 704
10.3833 707
10.4 710
10.4167 713
10.4333 716
10.45 719
10.4667 721
10.4833 724
10.5 727
10.5167 730
10.5333 733
10.55 735
10.5667 738
10.5833 741
10.6 743
10.6167 746
10.6333 749
10.65 751
10.6667 754
10.6833 756
10.7 759
10.7167 762
10.7333 764
10.75 767
10.7667 769
10.7833 772
10.8 774
10.8167 776
10.8333 779
10.85 781
10.8667 784
10.8833 786
10.9 788
10.9167 791
10.9333 793
10.95 795
10.9667 798
10.9833 800
11.0 802
11.0167 804
11.0333 807
11.05 809
11.0667 811
11.0833 813
11.1 815
11.1167 817
11.1333 820
11.15 822
11.1667 824
11.1833 826
11.2 828
11.2167 830
11.2333 832
11.25 834
11.2667 836
11.2833 838
11.3 840
11.3167 842
11.3333 843
11.35 845
11.3667 847
11.3833 849
11.4 851
11.4167 853
11.4333 854
11.45 856
11.4667 858
11.4833 859
11.5 861
11.5167 863
11.5333 864
11.55 866
11.5667 868
11.5833 869
11.6 871
11.6167 872
11.6333 874
11.65 875
11.6667 877
11.6833 878
11.7 880
11.7167 881
11.7333 883
11.75 884
11.7667 886
11.7833 887
11.8 888
11.8167 889
11.8333 891
11.85 892
11.8667 893
11.8833 895
11.9 896
11.9167 897
11.9333 898
11.95 899
11.9667 900
11.9833 902
12.0 903
12.0167 904
12.0333 905
12.05 906
12.0667 907
12.0833 908
12.1 909
12.1167 910
12.1333 911
12.15 911
12.1667 912
12.1833 913
12.2 914
12.2167 915
12.2333 916
12.25 916
12.2667 917
12.2833 918
12.3 919
12.3167 919
12.3333 920
12.35 921
12.3667 921
12.3833 922
12.4 923
12.4167 923
12.4333 924
12.45 924
12.4667 925
12.4833 925
12.5 926
12.5167 926
12.5333 927
12.55 927
12.5667 927
12.5833 928
12.6 928
12.6167 928
12.6333 929
12.65 929
12.6667 929
12.6833 930
12.7 930
12.7167 930
12.7333 930
12.75 930
12.7667 930
12.7833 930
12.8 931
12.8167 931
12.8333 931
12.85 931
12.8667 931
12.8833 931
12.9 931
12.9167 931
12.9333 931
12.95 930
12.9667 930
12.9833 930
13.0 930
13.0167 930
13.0333 930
13.05 929
13.0667 929
13.0833 929
13.1 929
13.1167 928
13.1333 928
13.15 928
13.1667 927
13.1833 927
13.2 927
13.2167 926
13.2333 926
13.25 925
13.2667 925
13.2833 924
13.3 924
13.3167 923
13.3333 922
13.35 922
13.3667 921
13.3833 921
13.4 920
13.4167 919
13.4333 919
13.45 918
13.4667 917
13.4833 916
13.5 916
13.5167 915
13.5333 914
13.55 913
13.5667 912
13.5833 911
13.6 910
13.6167 909
13.6333 908
13.65 908
13.6667 907
13.6833 906
13.7 904
13.7167 903
13.7333 902
13.75 901
13.7667 900
13.7833 899
13.8 898
13.8167 897
13.8333 895
13.85 894
13.8667 893
13.8833 892
13.9 890
13.9167 889
13.9333 888
13.95 887
13.9667 885
13.9833 884
14.0 882
14.0167 881
14.0333 880
14.05 878
14.0667 877
14.0833 875
14.1 874
14.1167 872
14.1333 871
14.15 869
14.1667 867
14.1833 866
14.2 864
14.2167 862
14.2333 861
14.25 859
14.2667 857
14.2833 856
14.3 854
14.3167 852
14.3333 850
14.35 849
14.3667 847
14.3833 845
14.4 843
14.4167 841
14.4333 839
14.45 837
14.4667 835
14.4833 833
14.5 831
14.5167 829
14.5333 827
14.55 825
14.5667 823
14.5833 821
14.6 819
14.6167 817
14.6333 815
14.65 813
14.6667 811
14.6833 808
14.7 806
14.7167 804
14.7333 802
14.75 799
14.7667 797
14.7833 795
14.8 793
14.8167 790
14.8333 788
14.85 786
14.8667 783
14.8833 781
14.9 778
14.9167 776
14.9333 773
14.95 771
14.9667 768
14.9833 766
15.0 764
15.0167 762
15.0333 759
15.05 757
15.0667 754
15.0833 751
15.1 749
15.1167 746
15.1333 743
15.15 741
15.1667 738
15.1833 735
15.2 733
15.2167 730
15.2333 727
15.25 724
15.2667 722
15.2833 719
15.3 716
15.3167 713
15.3333 710
15.35 707
15.3667 704
15.3833 702
15.4 699
15.4167 696
15.4333 693
15.45 690
15.4667 687
15.4833 684
15.5 681
15.5167 678
15.5333 675
15.55 672
15.5667 669
15.5833 666
15.6 662
15.6167 659
15.6333 656
15.65 653
15.6667 650
15.6833 647
15.7 643
15.7167 640
15.7333 637
15.75 634
15.7667 631
15.7833 627
15.8 624
15.8167 621
15.8333 617
15.85 614
15.8667 611
15.8833 607
15.9 604
15.9167 601
15.9333 597
15.95 594
15.9667 591
15.9833 587
16.0 584
16.0167 580
16.0333 577
16.05 573
16.0667 570
16.0833 566
16.1 563
16.1167 559
16.1333 556
16.15 552
16.1667 549
16.1833 545
16.2 542
16.2167 538
16.2333 534
16.25 531
16.2667 527
16.2833 524
16.3 520
16.3167 516
16.3333 513
16.35 509
16.3667 505
16.3833 501
16.4 498
16.4167 494
16.4333 490
16.45 487
16.4667 483
16.4833 479
16.5 475
16.5167 472
16.5333 468
16.55 464
16.5667 460
16.5833 456
16.6 453
16.6167 449
16.6333 445
16.65 441
16.6667 437
16.6833 433
16.7 429
16.7167 426
16.7333 422
16.75 418
16.7667 414
16.7833 410
16.8 406
16.8167 402
16.8333 398
16.85 394
16.8667 390
16.8833 386
16.9 383
16.9167 379
16.9333 375
16.95 371
16.9667 367
16.9833 363
