8.0 167
8.0167 170
8.0333 174
8.05 178
8.0667 182
8.0833 186
8.1 190
8.1167 194
8.1333 198
8.15 202
8.1667 206
8.1833 210
8.2 214
8.2167 218
8.2333 222
8.25 226
8.2667 229
8.2833 233
8.3 237
8.3167 241
8.3333 245
8.35 249
8.3667 253
8.3833 257
8.4 261
8.4167 265
8.4333 269
8.45 273
8.4667 278
8.4833 281
8.5 286
8.5167 290
8.5333 294
8.55 298
8.5667 302
8.5833 306
8.6 310
8.6167 314
8.6333 318
8.65 322
8.6667 326
8.6833 330
8.7 333
8.7167 337
8.7333 341
8.75 345
8.7667 349
8.7833 353
8.8 357
8.8167 361
8.8333 365
8.85 369
8.8667 373
8.8833 377
8.9 381
8.9167 385
8.9333 389
8.95 393
8.9667 397
8.9833 401
9.0 404
9.0167 409
9.0333 413
9.05 417
9.0667 421
9.0833 425
9.1 429
9.1167 433
9.1333 436
9.15 440
9.1667 444
9.1833 448
9.2 452
9.2167 455
9.2333 459
9.25 463
9.2667 467
9.2833 470
9.3 474
9.3167 478
9.3333 482
9.35 485
9.3667 489
9.3833 493
9.4 496
9.4167 500
9.4333 504
9.45 507
9.4667 511
9.4833 515
9.5 518
9.5167 522
9.5333 526
9.55 529
9.5667 533
9.5833 536
9.6 540
9.6167 543
9.6333 547
9.65 550
9.6667 554
9.6833 557
9.7 561
9.7167 564
9.7333 568
9.75 571
9.7667 575
9.7833 578
9.8 581
9.8167 585
9.8333 588
9.85 592
9.8667 595
9.8833 598
9.9 602
9.9167 605
9.9333 608
9.95 612
9.9667 615
9.9833 618
10.0 621
10.0167 625
10.0333 628
10.05 631
10.0667 634
10.0833 637
10.1 640
10.1167 644
10.1333 647
10.15 650
10.1667 653
10.1833 656
10.2 659
10.2167 662
10.2333 665
10.25 668
10.2667 671
10.2833 674
10.3 677
10.3167 680
10.3333 683
10.35 686
10.3667 689
10.3833 692
10.4 695
10.4167 698
10.4333 700
10.45 703
10.4667 706
10.4833 709
10.5 712
10.5167 714
10.5333 717
10.55 720
10.5667 723
10.5833 725
10.6 728
10.6167 731
10.6333 733
10.65 736
10.6667 739
10.6833 741
10.7 744
10.7167 746
10.7333 749
10.75 752
10.7667 754
10.7833 757
10.8 759
10.8167 761
10.8333 764
10.85 766
10.8667 769
10.8833 771
10.9 774
10.9167 776
10.9333 778
10.95 781
10.9667 783
10.9833 785
11.0 787
11.0167 790
11.0333 792
11.05 794
11.0667 796
11.0833 799
11.1 801
11.1167 803
11.1333 805
11.15 807
11.1667 809
11.1833 811
11.2 813
11.2167 815
11.2333 817
11.25 819
11.2667 821
11.2833 823
11.3 825
11.3167 827
11.3333 829
11.35 831
11.3667 833
11.3833 835
11.4 836
11.4167 838
11.4333 840
11.45 842
11.4667 844
11.4833 845
11.5 847
11.5167 849
11.5333 850
11.55 852
11.5667 854
11.5833 855
11.6 857
11.6167 858
11.6333 860
11.65 862
11.6667 863
11.6833 865
11.7 866
11.7167 867
11.7333 869
11.75 870
11.7667 872
11.7833 873
11.8 874
11.8167 876
11.8333 877
11.85 878
11.8667 880
11.8833 881
11.9 882
11.9167 883
11.9333 885
11.95 886
11.9667 887
11.9833 888
12.0 889
12.0167 890
12.0333 891
12.05 892
12.0667 893
12.0833 894
12.1 895
12.1167 896
12.1333 897
12.15 898
12.1667 899
12.1833 900
12.2 901
12.2167 902
12.2333 903
12.25 903
12.2667 904
12.2833 905
12.3 906
12.3167 906
12.3333 907
12.35 908
12.3667 908
12.3833 909
12.4 910
12.4167 910
12.4333 911
12.45 911
12.4667 912
12.4833 912
12.5 913
12.5167 913
12.5333 914
12.55 914
12.5667 915
12.5833 915
12.6 916
12.6167 916
12.6333 916
12.65 916
12.6667 917
12.6833 917
12.7 917
12.7167 917
12.7333 918
12.75 918
12.7667 918
12.7833 918
12.8 918
12.8167 918
12.8333 918
12.85 919
12.8667 919
12.8833 919
12.9 919
12.9167 919
12.9333 918
12.95 918
12.9667 918
12.9833 918
13.0 918
13.0167 918
13.0333 918
13.05 918
13.0667 917
13.0833 917
13.1 917
13.1167 917
13.1333 916
13.15 916
13.1667 916
13.1833 915
13.2 915
13.2167 914
13.2333 914
13.25 914
13.2667 913
13.2833 913
13.3 912
13.3167 912
13.3333 911
13.35 910
13.3667 910
13.3833 909
13.4 909
13.4167 908
13.4333 907
13.45 906
13.4667 906
13.4833 905
13.5 904
13.5167 903
13.5333 903
13.55 902
13.5667 901
13.5833 900
13.6 899
13.6167 898
13.6333 897
13.65 896
13.6667 896
13.6833 895
13.7 894
13.7167 892
13.7333 891
13.75 890
13.7667 889
13.7833 888
13.8 887
13.8167 886
13.8333 885
13.85 884
13.8667 882
13.8833 881
13.9 880
13.9167 879
13.9333 877
13.95 876
13.9667 875
13.9833 873
14.0 872
14.0167 871
14.0333 869
14.05 868
14.0667 866
14.0833 865
14.1 863
14.1167 862
14.1333 860
14.15 859
14.1667 857
14.1833 855
14.2 854
14.2167 852
14.2333 851
14.25 849
14.2667 847
14.2833 846
14.3 844
14.3167 842
14.3333 840
14.35 839
14.3667 837
14.3833 835
14.4 833
14.4167 831
14.4333 829
14.45 827
14.4667 825
14.4833 824
14.5 822
14.5167 820
14.5333 818
14.55 816
14.5667 814
14.5833 812
14.6 809
14.6167 807
14.6333 805
14.65 803
14.6667 801
14.6833 799
14.7 797
14.7167 794
14.7333 792
14.75 790
14.7667 788
14.7833 785
14.8 783
14.8167 781
14.8333 779
14.85 776
14.8667 774
14.8833 771
14.9 769
14.9167 767
14.9333 764
14.95 762
14.9667 759
14.9833 757
15.0 755
15.0167 753
15.0333 750
15.05 748
15.0667 745
15.0833 742
15.1 740
15.1167 737
15.1333 735
15.15 732
15.1667 729
15.1833 727
15.2 724
15.2167 721
15.2333 718
15.25 716
15.2667 713
15.2833 710
15.3 707
15.3167 704
15.3333 702
15.35 699
15.3667 696
15.3833 693
15.4 690
15.4167 687
15.4333 684
15.45 681
15.4667 678
15.4833 675
15.5 672
15.5167 669
15.5333 666
15.55 663
15.5667 660
15.5833 657
15.6 654
15.6167 651
15.6333 648
15.65 645
15.6667 642
15.6833 638
15.7 635
15.7167 632
15.7333 629
15.75 626
15.7667 622
15.7833 619
15.8 616
15.8167 613
15.8333 609
15.85 606
15.8667 603
15.8833 599
15.9 596
15.9167 593
15.9333 589
15.95 586
15.9667 583
15.9833 579
16.0 576
16.0167 572
16.0333 569
16.05 566
16.0667 562
16.0833 559
16.1 555
16.1167 552
16.1333 548
16.15 545
16.1667 541
16.1833 537
16.2 534
16.2167 530
16.2333 527
16.25 523
16.2667 520
16.2833 516
16.3 512
16.3167 509
16.3333 505
16.35 501
16.3667 498
16.3833 494
16.4 490
16.4167 487
16.4333 483
16.45 479
16.4667 475
16.4833 472
16.5 468
16.5167 464
16.5333 460
16.55 457
16.5667 453
16.5833 449
16.6 445
16.6167 441
16.6333 438
16.65 434
16.6667 430
16.6833 426
16.7 422
16.7167 418
16.7333 414
16.75 411
16.7667 407
16.7833 403
16.8 399
16.8167 395
16.8333 391
16.85 387
16.8667 383
16.8833 379
16.9 375
16.9167 371
16.9333 367
16.95 364
16.9667 360
16.9833 356
