8.0 311
8.0167 315
8.0333 319
8.05 323
8.0667 326
8.0833 330
8.1 334
8.1167 338
8.1333 342
8.15 345
8.1667 349
8.1833 353
8.2 357
8.2167 360
8.2333 364
8.25 368
8.2667 372
8.2833 376
8.3 379
8.3167 383
8.3333 387
8.35 391
8.3667 394
8.3833 398
8.4 402
8.4167 406
8.4333 409
8.45 413
8.4667 417
8.4833 421
8.5 424
8.5167 428
8.5333 432
8.55 436
8.5667 439
8.5833 443
8.6 447
8.6167 450
8.6333 454
8.65 458
8.6667 462
8.6833 465
8.7 469
8.7167 473
8.7333 476
8.75 480
8.7667 484
8.7833 487
8.8 491
8.8167 494
8.8333 498
8.85 502
8.8667 505
8.8833 509
8.9 512
8.9167 516
8.9333 520
8.95 523
8.9667 527
8.9833 530
9.0 534
9.0167 538
9.0333 541
9.05 545
9.0667 549
9.0833 552
9.1 556
9.1167 559
9.1333 562
9.15 566
9.1667 569
9.1833 573
9.2 576
9.2167 580
9.2333 583
9.25 587
9.2667 590
9.2833 593
9.3 597
9.3167 600
9.3333 603
9.35 607
9.3667 610
9.3833 613
9.4 617
9.4167 620
9.4333 623
9.45 627
9.4667 630
9.4833 633
9.5 636
9.5167 640
9.5333 643
9.55 646
9.5667 649
9.5833 652
9.6 656
9.6167 659
9.6333 662
9.65 665
9.6667 668
9.6833 671
9.7 674
9.7167 677
9.7333 681
9.75 684
9.7667 687
9.7833 690
9.8 693
9.8167 696
9.8333 699
9.85 702
9.8667 705
9.8833 708
9.9 711
9.9167 714
9.9333 716
9.95 719
9.9667 722
9.9833 725
10.0 728
10.0167 731
10.0333 734
10.05 736
10.0667 739
10.0833 742
10.1 745
10.1167 748
10.1333 750
10.15 753
10.1667 756
10.1833 758
10.2 761
10.2167 764
10.2333 766
10.25 769
10.2667 772
10.2833 774
10.3 777
10.3167 780
10.3333 782
10.35 785
10.3667 787
10.3833 790
10.4 792
10.4167 795
10.4333 797
10.45 800
10.4667 802
10.4833 804
10.5 807
10.5167 809
10.5333 812
10.55 814
10.5667 816
10.5833 819
10.6 821
10.6167 823
10.6333 826
10.65 828
10.6667 830
10.6833 832
10.7 835
10.7167 837
10.7333 839
10.75 841
10.7667 843
10.7833 845
10.8 847
10.8167 850
10.8333 852
10.85 854
10.8667 856
10.8833 858
10.9 860
10.9167 862
10.9333 864
10.95 866
10.9667 868
10.9833 870
11.0 871
11.0167 873
11.0333 875
11.05 877
11.0667 879
11.0833 881
11.1 883
11.1167 884
11.1333 886
11.15 888
11.1667 890
11.1833 891
11.2 893
11.2167 895
11.2333 896
11.25 898
11.2667 900
11.2833 901
11.3 903
11.3167 904
11.3333 906
11.35 907
11.3667 909
11.3833 910
11.4 912
11.4167 913
11.4333 915
11.45 916
11.4667 918
11.4833 919
11.5 920
11.5167 922
11.5333 923
11.55 924
11.5667 926
11.5833 927
11.6 928
11.6167 929
11.6333 930
11.65 932
11.6667 933
11.6833 934
11.7 935
11.7167 936
11.7333 937
11.75 938
11.7667 939
11.7833 941
11.8 942
11.8167 943
11.8333 943
11.85 944
11.8667 945
11.8833 946
11.9 947
11.9167 948
11.9333 949
11.95 950
11.9667 951
11.9833 951
12.0 952
12.0167 953
12.0333 954
12.05 954
12.0667 955
12.0833 956
12.1 957
12.1167 957
12.1333 958
12.15 958
12.1667 959
12.1833 960
12.2 960
12.2167 961
12.2333 961
12.25 962
12.2667 962
12.2833 963
12.3 963
12.3167 963
12.3333 964
12.35 964
12.3667 965
12.3833 965
12.4 965
12.4167 966
12.4333 966
12.45 966
12.4667 966
12.4833 966
12.5 967
12.5167 967
12.5333 967
12.55 967
12.5667 967
12.5833 967
12.6 967
12.6167 967
12.6333 968
12.65 968
12.6667 968
12.6833 968
12.7 967
12.7167 967
12.7333 967
12.75 967
12.7667 967
12.7833 967
12.8 967
12.8167 967
12.8333 966
12.85 966
12.8667 966
12.8833 966
12.9 965
12.9167 965
12.9333 965
12.95 964
12.9667 964
12.9833 964
13.0 963
13.0167 963
13.0333 962
13.05 962
13.0667 962
13.0833 961
13.1 960
13.1167 960
13.1333 959
13.15 959
13.1667 958
13.1833 958
13.2 957
13.2167 956
13.2333 956
13.25 955
13.2667 954
13.2833 953
13.3 953
13.3167 952
13.3333 951
13.35 950
13.3667 950
13.3833 949
13.4 948
13.4167 947
13.4333 946
13.45 945
13.4667 944
13.4833 943
13.5 942
13.5167 941
13.5333 940
13.55 939
13.5667 938
13.5833 937
13.6 936
13.6167 935
13.6333 934
13.65 932
13.6667 931
13.6833 930
13.7 929
13.7167 928
13.7333 926
13.75 925
13.7667 924
13.7833 922
13.8 921
13.8167 920
13.8333 918
13.85 917
13.8667 916
13.8833 914
13.9 913
13.9167 911
13.9333 910
13.95 908
13.9667 907
13.9833 905
14.0 904
14.0167 902
14.0333 901
14.05 899
14.0667 897
14.0833 896
14.1 894
14.1167 892
14.1333 891
14.15 889
14.1667 887
14.1833 885
14.2 884
14.2167 882
14.2333 880
14.25 878
14.2667 876
14.2833 875
14.3 873
14.3167 871
14.3333 869
14.35 867
14.3667 865
14.3833 863
14.4 861
14.4167 859
14.4333 857
14.45 855
14.4667 853
14.4833 851
14.5 849
14.5167 847
14.5333 845
14.55 842
14.5667 840
14.5833 838
14.6 836
14.6167 834
14.6333 832
14.65 829
14.6667 827
14.6833 825
14.7 823
14.7167 820
14.7333 818
14.75 816
14.7667 813
14.7833 811
14.8 808
14.8167 806
14.8333 804
14.85 801
14.8667 799
14.8833 796
14.9 794
14.9167 791
14.9333 789
14.95 786
14.9667 784
14.9833 781
15.0 779
15.0167 776
15.0333 774
15.05 771
15.0667 768
15.0833 766
15.1 763
15.1167 760
15.1333 758
15.15 755
15.1667 752
15.1833 750
15.2 747
15.2167 744
15.2333 741
15.25 738
15.2667 736
15.2833 733
15.3 730
15.3167 727
15.3333 724
15.35 721
15.3667 719
15.3833 716
15.4 713
15.4167 710
15.4333 707
15.45 704
15.4667 701
15.4833 698
15.5 695
15.5167 692
15.5333 689
15.55 686
15.5667 683
15.5833 680
15.6 677
15.6167 674
15.6333 670
15.65 667
15.6667 664
15.6833 661
15.7 658
15.7167 655
15.7333 652
15.75 648
15.7667 645
15.7833 642
15.8 639
15.8167 635
15.8333 632
15.85 629
15.8667 626
15.8833 622
15.9 619
15.9167 616
15.9333 612
15.95 609
15.9667 606
15.9833 602
16.0 599
16.0167 596
16.0333 592
16.05 589
16.0667 586
16.0833 582
16.1 579
16.1167 575
16.1333 572
16.15 568
16.1667 565
16.1833 561
16.2 558
16.2167 555
16.2333 551
16.25 548
16.2667 544
16.2833 540
16.3 537
16.3167 533
16.3333 530
16.35 526
16.3667 523
16.3833 519
16.4 516
16.4167 512
16.4333 508
16.45 505
16.4667 501
16.4833 498
16.5 494
16.5167 490
16.5333 487
16.55 483
16.5667 479
16.5833 476
16.6 472
16.6167 468
16.6333 465
16.65 461
16.6667 457
16.6833 454
16.7 450
16.7167 446
16.7333 443
16.75 439
16.7667 435
16.7833 431
16.8 428
16.8167 424
16.8333 420
16.85 417
16.8667 413
16.8833 409
16.9 405
16.9167 402
16.9333 398
16.95 394
16.9667 390
16.9833 386
