8.0 331
8.0167 335
8.0333 339
8.05 343
8.0667 347
8.0833 351
8.1 355
8.1167 359
8.1333 363
8.15 367
8.1667 371
8.1833 375
8.2 379
8.2167 382
8.2333 386
8.25 390
8.2667 394
8.2833 398
8.3 402
8.3167 406
8.3333 410
8.35 414
8.3667 418
8.3833 422
8.4 426
8.4167 430
8.4333 434
8.45 437
8.4667 441
8.4833 445
8.5 449
8.5167 453
8.5333 457
8.55 461
8.5667 465
8.5833 468
8.6 472
8.6167 476
8.6333 480
8.65 484
8.6667 488
8.6833 491
8.7 495
8.7167 499
8.7333 503
8.75 507
8.7667 510
8.7833 514
8.8 518
8.8167 522
8.8333 525
8.85 529
8.8667 533
8.8833 537
8.9 540
8.9167 544
8.9333 548
8.95 551
8.9667 555
8.9833 559
9.0 562
9.0167 567
9.0333 570
9.05 574
9.0667 578
9.0833 581
9.1 585
9.1167 589
9.1333 592
9.15 596
9.1667 599
9.1833 603
9.2 606
9.2167 610
9.2333 613
9.25 617
9.2667 620
9.2833 624
9.3 627
9.3167 631
9.3333 634
9.35 638
9.3667 641
9.3833 645
9.4 648
9.4167 651
9.4333 655
9.45 658
9.4667 661
9.4833 665
9.5 668
9.5167 672
9.5333 675
9.55 678
9.5667 681
9.5833 685
9.6 688
9.6167 691
9.6333 694
9.65 698
9.6667 701
9.6833 704
9.7 707
9.7167 710
9.7333 714
9.75 717
9.7667 720
9.7833 723
9.8 726
9.8167 729
9.8333 732
9.85 735
9.8667 738
9.8833 741
9.9 744
9.9167 747
9.9333 750
9.95 753
9.9667 756
9.9833 759
10.0 762
10.0167 765
10.0333 768
10.05 771
10.0667 774
10.0833 777
10.1 780
10.1167 782
10.1333 785
10.15 788
10.1667 791
10.1833 794
10.2 796
10.2167 799
10.2333 802
10.25 804
10.2667 807
10.2833 810
10.3 813
10.3167 815
10.3333 818
10.35 820
10.3667 823
10.3833 826
10.4 828
10.4167 831
10.4333 833
10.45 836
10.4667 838
10.4833 841
10.5 843
10.5167 846
10.5333 848
10.55 851
10.5667 853
10.5833 855
10.6 858
10.6167 860
10.6333 862
10.65 865
10.6667 867
10.6833 869
10.7 872
10.7167 874
10.7333 876
10.75 878
10.7667 880
10.7833 883
10.8 885
10.8167 887
10.8333 889
10.85 891
10.8667 893
10.8833 895
10.9 897
10.9167 900
10.9333 902
10.95 904
10.9667 906
10.9833 907
11.0 909
11.0167 911
11.0333 913
11.05 915
11.0667 917
11.0833 919
11.1 921
11.1167 923
11.1333 924
11.15 926
11.1667 928
11.1833 930
11.2 931
11.2167 933
11.2333 935
11.25 937
11.2667 938
11.2833 940
11.3 942
11.3167 943
11.3333 945
11.35 946
11.3667 948
11.3833 949
11.4 951
11.4167 952
11.4333 954
11.45 955
11.4667 957
11.4833 958
11.5 960
11.5167 961
11.5333 962
11.55 964
11.5667 965
11.5833 966
11.6 968
11.6167 969
11.6333 970
11.65 971
11.6667 972
11.6833 974
11.7 975
11.7167 976
11.7333 977
11.75 978
11.7667 979
11.7833 980
11.8 981
11.8167 982
11.8333 983
11.85 984
11.8667 985
11.8833 986
11.9 987
11.9167 988
11.9333 989
11.95 990
11.9667 991
11.9833 992
12.0 992
12.0167 993
12.0333 994
12.05 995
12.0667 996
12.0833 996
12.1 997
12.1167 998
12.1333 998
12.15 999
12.1667 1000
12.1833 1000
12.2 1001
12.2167 1001
12.2333 1002
12.25 1002
12.2667 1003
12.2833 1003
12.3 1004
12.3167 1004
12.3333 1005
12.35 1005
12.3667 1005
12.3833 1006
12.4 1006
12.4167 1006
12.4333 1007
12.45 1007
12.4667 1007
12.4833 1007
12.5 1008
12.5167 1008
12.5333 1008
12.55 1008
12.5667 1008
12.5833 1008
12.6 1008
12.6167 1009
12.6333 1009
12.65 1009
12.6667 1009
12.6833 1009
12.7 1009
12.7167 1009
12.7333 1008
12.75 1008
12.7667 1008
12.7833 1008
12.8 1008
12.8167 1008
12.8333 1008
12.85 1007
12.8667 1007
12.8833 1007
12.9 1007
12.9167 1006
12.9333 1006
12.95 1006
12.9667 1005
12.9833 1005
13.0 1005
13.0167 1004
13.0333 1004
13.05 1003
13.0667 1003
13.0833 1002
13.1 1002
13.1167 1001
13.1333 1001
13.15 1000
13.1667 1000
13.1833 999
13.2 998
13.2167 998
13.2333 997
13.25 996
13.2667 996
13.2833 995
13.3 994
13.3167 993
13.3333 993
13.35 992
13.3667 991
13.3833 990
13.4 989
13.4167 988
13.4333 987
13.45 986
13.4667 986
13.4833 985
13.5 984
13.5167 983
13.5333 982
13.55 981
13.5667 979
13.5833 978
13.6 977
13.6167 976
13.6333 975
13.65 974
13.6667 973
13.6833 971
13.7 970
13.7167 969
13.7333 968
13.75 966
13.7667 965
13.7833 964
13.8 962
13.8167 961
13.8333 960
13.85 958
13.8667 957
13.8833 955
13.9 954
13.9167 953
13.9333 951
13.95 950
13.9667 948
13.9833 946
14.0 945
14.0167 943
14.0333 942
14.05 940
14.0667 938
14.0833 937
14.1 935
14.1167 933
14.1333 932
14.15 930
14.1667 928
14.1833 926
14.2 925
14.2167 923
14.2333 921
14.25 919
14.2667 917
14.2833 915
14.3 914
14.3167 912
14.3333 910
14.35 908
14.3667 906
14.3833 904
14.4 902
14.4167 900
14.4333 898
14.45 896
14.4667 894
14.4833 892
14.5 889
14.5167 887
14.5333 885
14.55 883
14.5667 881
14.5833 879
14.6 876
14.6167 874
14.6333 872
14.65 870
14.6667 867
14.6833 865
14.7 863
14.7167 860
14.7333 858
14.75 856
14.7667 853
14.7833 851
14.8 848
14.8167 846
14.8333 844
14.85 841
14.8667 839
14.8833 836
14.9 834
14.9167 831
14.9333 829
14.95 826
14.9667 823
14.9833 821
15.0 818
15.0167 816
15.0333 813
15.05 810
15.0667 808
15.0833 805
15.1 802
15.1167 800
15.1333 797
15.15 794
15.1667 791
15.1833 789
15.2 786
15.2167 783
15.2333 780
15.25 777
15.2667 774
15.2833 772
15.3 769
15.3167 766
15.3333 763
15.35 760
15.3667 757
15.3833 754
15.4 751
15.4167 748
15.4333 745
15.45 742
15.4667 739
15.4833 736
15.5 733
15.5167 730
15.5333 727
15.55 724
15.5667 721
15.5833 717
15.6 714
15.6167 711
15.6333 708
15.65 705
15.6667 702
15.6833 698
15.7 695
15.7167 692
15.7333 689
15.75 685
15.7667 682
15.7833 679
15.8 676
15.8167 672
15.8333 669
15.85 666
15.8667 662
15.8833 659
15.9 655
15.9167 652
15.9333 649
15.95 645
15.9667 642
15.9833 638
16.0 635
16.0167 632
16.0333 628
16.05 625
16.0667 621
16.0833 618
16.1 614
16.1167 611
16.1333 607
16.15 604
16.1667 600
16.1833 596
16.2 593
16.2167 589
16.2333 586
16.25 582
16.2667 578
16.2833 575
16.3 571
16.3167 568
16.3333 564
16.35 560
16.3667 557
16.3833 553
16.4 549
16.4167 546
16.4333 542
16.45 538
16.4667 534
16.4833 531
16.5 527
16.5167 523
16.5333 519
16.55 516
16.5667 512
16.5833 508
16.6 504
16.6167 501
16.6333 497
16.65 493
16.6667 489
16.6833 485
16.7 481
16.7167 478
16.7333 474
16.75 470
16.7667 466
16.7833 462
16.8 458
16.8167 455
16.8333 451
16.85 447
16.8667 443
16.8833 439
16.9 435
16.9167 431
16.9333 427
16.95 423
16.9667 419
16.9833 416
