8.0 337
8.0167 341
8.0333 345
8.05 349
8.0667 353
8.0833 357
8.1 361
8.1167 365
8.1333 368
8.15 372
8.1667 376
8.1833 380
8.2 384
8.2167 388
8.2333 392
8.25 396
8.2667 400
8.2833 403
8.3 407
8.3167 411
8.3333 415
8.35 419
8.3667 423
8.3833 427
8.4 430
8.4167 434
8.4333 438
8.45 442
8.4667 446
8.4833 449
8.5 453
8.5167 457
8.5333 461
8.55 465
8.5667 469
8.5833 472
8.6 476
8.6167 480
8.6333 484
8.65 487
8.6667 491
8.6833 495
8.7 499
8.7167 502
8.7333 506
8.75 510
8.7667 513
8.7833 517
8.8 521
8.8167 525
8.8333 528
8.85 532
8.8667 536
8.8833 539
8.9 543
8.9167 547
8.9333 550
8.95 554
8.9667 557
8.9833 561
9.0 565
9.0167 569
9.0333 572
9.05 576
9.0667 579
9.0833 583
9.1 586
9.1167 590
9.1333 594
9.15 597
9.1667 601
9.1833 604
9.2 607
9.2167 611
9.2333 614
9.25 618
9.2667 621
9.2833 625
9.3 628
9.3167 632
9.3333 635
9.35 638
9.3667 642
9.3833 645
9.4 648
9.4167 652
9.4333 655
9.45 658
9.4667 662
9.4833 665
9.5 668
9.5167 671
9.5333 675
9.55 678
9.5667 681
9.5833 684
9.6 688
9.6167 691
9.6333 694
9.65 697
9.6667 700
9.6833 703
9.7 707
9.7167 710
9.7333 713
9.75 716
9.7667 719
9.7833 722
9.8 725
9.8167 728
9.8333 731
9.85 734
9.8667 737
9.8833 740
9.9 743
9.9167 746
9.9333 749
9.95 752
9.9667 755
9.9833 758
10.0 760
10.0167 763
10.0333 766
10.05 769
10.0667 772
10.0833 775
10.1 777
10.1167 780
10.1333 783
10.15 786
10.1667 788
10.1833 791
10.2 794
10.2167 797
10.2333 799
10.25 802
10.2667 805
10.2833 807
10.3 810
10.3167 812
10.3333 815
10.35 817
10.3667 820
10.3833 823
10.4 825
10.4167 828
10.4333 830
10.45 833
10.4667 835
10.4833 837
10.5 840
10.5167 842
10.5333 845
10.55 847
10.5667 849
10.5833 852
10.6 854
10.6167 856
10.6333 859
10.65 861
10.6667 863
10.6833 865
10.7 868
10.7167 870
10.7333 872
10.75 874
10.7667 876
10.7833 878
10.8 881
10.8167 883
10.8333 885
10.85 887
10.8667 889
10.8833 891
10.9 893
10.9167 895
10.9333 897
10.95 899
10.9667 901
10.9833 903
11.0 905
11.0167 907
11.0333 908
11.05 910
11.0667 912
11.0833 914
11.1 916
11.1167 917
11.1333 919
11.15 921
11.1667 923
11.1833 924
11.2 926
11.2167 928
11.2333 929
11.25 931
11.2667 933
11.2833 934
11.3 936
11.3167 937
11.3333 939
11.35 941
11.3667 942
11.3833 944
11.4 945
11.4167 946
11.4333 948
11.45 949
11.4667 951
11.4833 952
11.5 953
11.5167 955
11.5333 956
11.55 957
11.5667 959
11.5833 960
11.6 961
11.6167 962
11.6333 964
11.65 965
11.6667 966
11.6833 967
11.7 968
11.7167 969
11.7333 970
11.75 972
11.7667 973
11.7833 974
11.8 975
11.8167 976
11.8333 977
11.85 978
11.8667 979
11.8833 979
11.9 980
11.9167 981
11.9333 982
11.95 983
11.9667 984
11.9833 985
12.0 985
12.0167 986
12.0333 987
12.05 988
12.0667 988
12.0833 989
12.1 990
12.1167 990
12.1333 991
12.15 991
12.1667 992
12.1833 993
12.2 993
12.2167 994
12.2333 994
12.25 995
12.2667 995
12.2833 996
12.3 996
12.3167 996
12.3333 997
12.35 997
12.3667 998
12.3833 998
12.4 998
12.4167 998
12.4333 999
12.45 999
12.4667 999
12.4833 999
12.5 1000
12.5167 1000
12.5333 1000
12.55 1000
12.5667 1000
12.5833 1000
12.6 1000
12.6167 1000
12.6333 1000
12.65 1000
12.6667 1000
12.6833 1000
12.7 1000
12.7167 1000
12.7333 1000
12.75 1000
12.7667 1000
12.7833 1000
12.8 1000
12.8167 999
12.8333 999
12.85 999
12.8667 999
12.8833 998
12.9 998
12.9167 998
12.9333 998
12.95 997
12.9667 997
12.9833 996
13.0 996
13.0167 996
13.0333 995
13.05 995
13.0667 994
13.0833 994
13.1 993
13.1167 993
13.1333 992
13.15 991
13.1667 991
13.1833 990
13.2 990
13.2167 989
13.2333 988
13.25 988
13.2667 987
13.2833 986
13.3 985
13.3167 985
13.3333 984
13.35 983
13.3667 982
13.3833 981
13.4 980
13.4167 979
13.4333 979
13.45 978
13.4667 977
13.4833 976
13.5 975
13.5167 974
13.5333 973
13.55 972
13.5667 970
13.5833 969
13.6 968
13.6167 967
13.6333 966
13.65 965
13.6667 964
13.6833 962
13.7 961
13.7167 960
13.7333 959
13.75 957
13.7667 956
13.7833 955
13.8 953
13.8167 952
13.8333 951
13.85 949
13.8667 948
13.8833 946
13.9 945
13.9167 944
13.9333 942
13.95 941
13.9667 939
13.9833 937
14.0 936
14.0167 934
14.0333 933
14.05 931
14.0667 929
14.0833 928
14.1 926
14.1167 924
14.1333 923
14.15 921
14.1667 919
14.1833 917
14.2 916
14.2167 914
14.2333 912
14.25 910
14.2667 908
14.2833 906
14.3 905
14.3167 903
14.3333 901
14.35 899
14.3667 897
14.3833 895
14.4 893
14.4167 891
14.4333 889
14.45 887
14.4667 885
14.4833 883
14.5 881
14.5167 878
14.5333 876
14.55 874
14.5667 872
14.5833 870
14.6 868
14.6167 865
14.6333 863
14.65 861
14.6667 859
14.6833 856
14.7 854
14.7167 852
14.7333 849
14.75 847
14.7667 845
14.7833 842
14.8 840
14.8167 837
14.8333 835
14.85 833
14.8667 830
14.8833 828
14.9 825
14.9167 823
14.9333 820
14.95 817
14.9667 815
14.9833 812
15.0 810
15.0167 807
15.0333 805
15.05 802
15.0667 799
15.0833 797
15.1 794
15.1167 791
15.1333 789
15.15 786
15.1667 783
15.1833 780
15.2 778
15.2167 775
15.2333 772
15.25 769
15.2667 766
15.2833 764
15.3 761
15.3167 758
15.3333 755
15.35 752
15.3667 749
15.3833 746
15.4 743
15.4167 740
15.4333 737
15.45 734
15.4667 731
15.4833 728
15.5 725
15.5167 722
15.5333 719
15.55 716
15.5667 713
15.5833 710
15.6 707
15.6167 704
15.6333 700
15.65 697
15.6667 694
15.6833 691
15.7 688
15.7167 685
15.7333 681
15.75 678
15.7667 675
15.7833 672
15.8 668
15.8167 665
15.8333 662
15.85 659
15.8667 655
15.8833 652
15.9 649
15.9167 645
15.9333 642
15.95 639
15.9667 635
15.9833 632
16.0 628
16.0167 625
16.0333 622
16.05 618
16.0667 615
16.0833 611
16.1 608
16.1167 604
16.1333 601
16.15 597
16.1667 594
16.1833 590
16.2 587
16.2167 583
16.2333 580
16.25 576
16.2667 573
16.2833 569
16.3 565
16.3167 562
16.3333 558
16.35 555
16.3667 551
16.3833 547
16.4 544
16.4167 540
16.4333 536
16.45 533
16.4667 529
16.4833 525
16.5 522
16.5167 518
16.5333 514
16.55 511
16.5667 507
16.5833 503
16.6 499
16.6167 496
16.6333 492
16.65 488
16.6667 484
16.6833 481
16.7 477
16.7167 473
16.7333 469
16.75 466
16.7667 462
16.7833 458
16.8 454
16.8167 450
16.8333 447
16.85 443
16.8667 439
16.8833 435
16.9 431
16.9167 427
16.9333 424
16.95 420
16.9667 416
16.9833 412
