8.0 361
8.0167 365
8.0333 369
8.05 373
8.0667 377
8.0833 380
8.1 384
8.1167 388
8.1333 392
8.15 396
8.1667 400
8.1833 404
8.2 408
8.2167 412
8.2333 416
8.25 419
8.2667 423
8.2833 427
8.3 431
8.3167 435
8.3333 439
8.35 443
8.3667 446
8.3833 450
8.4 454
8.4167 458
8.4333 462
8.45 466
8.4667 469
8.4833 473
8.5 477
8.5167 481
8.5333 485
8.55 488
8.5667 492
8.5833 496
8.6 500
8.6167 503
8.6333 507
8.65 511
8.6667 515
8.6833 518
8.7 522
8.7167 526
8.7333 530
8.75 533
8.7667 537
8.7833 541
8.8 544
8.8167 548
8.8333 552
8.85 555
8.8667 559
8.8833 563
8.9 566
8.9167 570
8.9333 573
8.95 577
8.9667 581
8.9833 584
9.0 588
9.0167 592
9.0333 595
9.05 599
9.0667 602
9.0833 606
9.1 610
9.1167 613
9.1333 616
9.15 620
9.1667 623
9.1833 627
9.2 630
9.2167 634
9.2333 637
9.25 641
9.2667 644
9.2833 647
9.3 651
9.3167 654
9.3333 658
9.35 661
9.3667 664
9.3833 668
9.4 671
9.4167 674
9.4333 678
9.45 681
9.4667 684
9.4833 687
9.5 691
9.5167 694
9.5333 697
9.55 700
9.5667 703
9.5833 707
9.6 710
9.6167 713
9.6333 716
9.65 719
9.6667 722
9.6833 725
9.7 729
9.7167 732
9.7333 735
9.75 738
9.7667 741
9.7833 744
9.8 747
9.8167 750
9.8333 753
9.85 756
9.8667 759
9.8833 762
9.9 765
9.9167 768
9.9333 770
9.95 773
9.9667 776
9.9833 779
10.0 782
10.0167 785
10.0333 788
10.05 790
10.0667 793
10.0833 796
10.1 799
10.1167 801
10.1333 804
10.15 807
10.1667 810
10.1833 812
10.2 815
10.2167 818
10.2333 820
10.25 823
10.2667 826
10.2833 828
10.3 831
10.3167 833
10.3333 836
10.35 838
10.3667 841
10.3833 843
10.4 846
10.4167 848
10.4333 851
10.45 853
10.4667 856
10.4833 858
10.5 860
10.5167 863
10.5333 865
10.55 867
10.5667 870
10.5833 872
10.6 874
10.6167 877
10.6333 879
10.65 881
10.6667 883
10.6833 886
10.7 888
10.7167 890
10.7333 892
10.75 894
10.7667 896
10.7833 898
10.8 901
10.8167 903
10.8333 905
10.85 907
10.8667 909
10.8833 911
10.9 913
10.9167 915
10.9333 917
10.95 919
10.9667 920
10.9833 922
11.0 924
11.0167 926
11.0333 928
11.05 930
11.0667 932
11.0833 933
11.1 935
11.1167 937
11.1333 939
11.15 940
11.1667 942
11.1833 944
11.2 945
11.2167 947
11.2333 949
11.25 950
11.2667 952
11.2833 953
11.3 955
11.3167 957
11.3333 958
11.35 960
11.3667 961
11.3833 963
11.4 964
11.4167 965
11.4333 967
11.45 968
11.4667 970
11.4833 971
11.5 972
11.5167 974
11.5333 975
11.55 976
11.5667 977
11.5833 979
11.6 980
11.6167 981
11.6333 982
11.65 983
11.6667 985
11.6833 986
11.7 987
11.7167 988
11.7333 989
11.75 990
11.7667 991
11.7833 992
11.8 993
11.8167 994
11.8333 995
11.85 996
11.8667 997
11.8833 998
11.9 999
11.9167 999
11.9333 1000
11.95 1001
11.9667 1002
11.9833 1003
12.0 1003
12.0167 1004
12.0333 1005
12.05 1006
12.0667 1006
12.0833 1007
12.1 1008
12.1167 1008
12.1333 1009
12.15 1009
12.1667 1010
12.1833 1011
12.2 1011
12.2167 1012
12.2333 1012
12.25 1013
12.2667 1013
12.2833 1013
12.3 1014
12.3167 1014
12.3333 1015
12.35 1015
12.3667 1015
12.3833 1016
12.4 1016
12.4167 1016
12.4333 1016
12.45 1017
12.4667 1017
12.4833 1017
12.5 1017
12.5167 1017
12.5333 1017
12.55 1018
12.5667 1018
12.5833 1018
12.6 1018
12.6167 1018
12.6333 1018
12.65 1018
12.6667 1018
12.6833 1018
12.7 1018
12.7167 1018
12.7333 1018
12.75 1017
12.7667 1017
12.7833 1017
12.8 1017
12.8167 1017
12.8333 1016
12.85 1016
12.8667 1016
12.8833 1016
12.9 1015
12.9167 1015
12.9333 1015
12.95 1014
12.9667 1014
12.9833 1014
13.0 1013
13.0167 1013
13.0333 1012
13.05 1012
13.0667 1011
13.0833 1011
13.1 1010
13.1167 1010
13.1333 1009
13.15 1009
13.1667 1008
13.1833 1007
13.2 1007
13.2167 1006
13.2333 1005
13.25 1005
13.2667 1004
13.2833 1003
13.3 1002
13.3167 1001
13.3333 1001
13.35 1000
13.3667 999
13.3833 998
13.4 997
13.4167 996
13.4333 995
13.45 994
13.4667 993
13.4833 993
13.5 991
13.5167 990
13.5333 989
13.55 988
13.5667 987
13.5833 986
13.6 985
13.6167 984
13.6333 983
13.65 982
13.6667 980
13.6833 979
13.7 978
13.7167 977
13.7333 975
13.75 974
13.7667 973
13.7833 972
13.8 970
13.8167 969
13.8333 967
13.85 966
13.8667 965
13.8833 963
13.9 962
13.9167 960
13.9333 959
13.95 957
13.9667 956
13.9833 954
14.0 953
14.0167 951
14.0333 949
14.05 948
14.0667 946
14.0833 945
14.1 943
14.1167 941
14.1333 939
14.15 938
14.1667 936
14.1833 934
14.2 932
14.2167 931
14.2333 929
14.25 927
14.2667 925
14.2833 923
14.3 921
14.3167 919
14.3333 918
14.35 916
14.3667 914
14.3833 912
14.4 910
14.4167 908
14.4333 906
14.45 904
14.4667 902
14.4833 899
14.5 897
14.5167 895
14.5333 893
14.55 891
14.5667 889
14.5833 887
14.6 884
14.6167 882
14.6333 880
14.65 878
14.6667 875
14.6833 873
14.7 871
14.7167 869
14.7333 866
14.75 864
14.7667 861
14.7833 859
14.8 857
14.8167 854
14.8333 852
14.85 849
14.8667 847
14.8833 845
14.9 842
14.9167 839
14.9333 837
14.95 834
14.9667 832
14.9833 829
15.0 827
15.0167 824
15.0333 822
15.05 819
15.0667 816
15.0833 814
15.1 811
15.1167 808
15.1333 806
15.15 803
15.1667 800
15.1833 797
15.2 795
15.2167 792
15.2333 789
15.25 786
15.2667 783
15.2833 781
15.3 778
15.3167 775
15.3333 772
15.35 769
15.3667 766
15.3833 763
15.4 760
15.4167 757
15.4333 754
15.45 751
15.4667 748
15.4833 745
15.5 742
15.5167 739
15.5333 736
15.55 733
15.5667 730
15.5833 727
15.6 724
15.6167 721
15.6333 718
15.65 715
15.6667 711
15.6833 708
15.7 705
15.7167 702
15.7333 699
15.75 696
15.7667 692
15.7833 689
15.8 686
15.8167 683
15.8333 679
15.85 676
15.8667 673
15.8833 669
15.9 666
15.9167 663
15.9333 659
15.95 656
15.9667 653
15.9833 649
16.0 646
16.0167 642
16.0333 639
16.05 636
16.0667 632
16.0833 629
16.1 625
16.1167 622
16.1333 618
16.15 615
16.1667 611
16.1833 608
16.2 604
16.2167 601
16.2333 597
16.25 594
16.2667 590
16.2833 587
16.3 583
16.3167 579
16.3333 576
16.35 572
16.3667 569
16.3833 565
16.4 561
16.4167 558
16.4333 554
16.45 550
16.4667 547
16.4833 543
16.5 539
16.5167 536
16.5333 532
16.55 528
16.5667 525
16.5833 521
16.6 517
16.6167 513
16.6333 510
16.65 506
16.6667 502
16.6833 498
16.7 495
16.7167 491
16.7333 487
16.75 483
16.7667 480
16.7833 476
16.8 472
16.8167 468
16.8333 464
16.85 460
16.8667 457
16.8833 453
16.9 449
16.9167 445
16.9333 441
16.95 437
16.9667 434
16.9833 430
