8.0 299
8.0167 303
8.0333 306
8.05 310
8.0667 313
8.0833 317
8.1 320
8.1167 324
8.1333 328
8.15 331
8.1667 335
8.1833 338
8.2 342
8.2167 345
8.2333 349
8.25 352
8.2667 356
8.2833 359
8.3 363
8.3167 366
8.3333 370
8.35 373
8.3667 377
8.3833 380
8.4 384
8.4167 387
8.4333 391
8.45 394
8.4667 398
8.4833 401
8.5 405
8.5167 408
8.5333 412
8.55 415
8.5667 419
8.5833 422
8.6 426
8.6167 429
8.6333 433
8.65 436
8.6667 440
8.6833 443
8.7 447
8.7167 450
8.7333 453
8.75 457
8.7667 460
8.7833 464
8.8 467
8.8167 471
8.8333 474
8.85 477
8.8667 481
8.8833 484
8.9 488
8.9167 491
8.9333 494
8.95 498
8.9667 501
8.9833 504
9.0 508
9.0167 511
9.0333 515
9.05 518
9.0667 521
9.0833 525
9.1 528
9.1167 531
9.1333 535
9.15 538
9.1667 541
9.1833 544
9.2 548
9.2167 551
9.2333 554
9.25 557
9.2667 561
9.2833 564
9.3 567
9.3167 570
9.3333 573
9.35 576
9.3667 580
9.3833 583
9.4 586
9.4167 589
9.4333 592
9.45 595
9.4667 598
9.4833 601
9.5 604
9.5167 608
9.5333 611
9.55 614
9.5667 617
9.5833 620
9.6 623
9.6167 626
9.6333 629
9.65 632
9.6667 635
9.6833 638
9.7 641
9.7167 643
9.7333 646
9.75 649
9.7667 652
9.7833 655
9.8 658
9.8167 661
9.8333 664
9.85 666
9.8667 669
9.8833 672
9.9 675
9.9167 678
9.9333 680
9.95 683
9.9667 686
9.9833 689
10.0 691
10.0167 694
10.0333 697
10.05 699
10.0667 702
10.0833 705
10.1 707
10.1167 710
10.1333 713
10.15 715
10.1667 718
10.1833 720
10.2 723
10.2167 725
10.2333 728
10.25 730
10.2667 733
10.2833 735
10.3 738
10.3167 740
10.3333 743
10.35 745
10.3667 748
10.3833 750
10.4 752
10.4167 755
10.4333 757
10.45 759
10.4667 762
10.4833 764
10.5 766
10.5167 769
10.5333 771
10.55 773
10.5667 775
10.5833 778
10.6 780
10.6167 782
10.6333 784
10.65 786
10.6667 788
10.6833 790
10.7 793
10.7167 795
10.7333 797
10.75 799
10.7667 801
10.7833 803
10.8 805
10.8167 807
10.8333 809
10.85 811
10.8667 813
10.8833 815
10.9 817
10.9167 818
10.9333 820
10.95 822
10.9667 824
10.9833 826
11.0 828
11.0167 829
11.0333 831
11.05 833
11.0667 835
11.0833 836
11.1 838
11.1167 840
11.1333 841
11.15 843
11.1667 845
11.1833 846
11.2 848
11.2167 850
11.2333 851
11.25 853
11.2667 854
11.2833 856
11.3 857
11.3167 859
11.3333 860
11.35 862
11.3667 863
11.3833 864
11.4 866
11.4167 867
11.4333 869
11.45 870
11.4667 871
11.4833 873
11.5 874
11.5167 875
11.5333 876
11.55 878
11.5667 879
11.5833 880
11.6 881
11.6167 882
11.6333 883
11.65 885
11.6667 886
11.6833 887
11.7 888
11.7167 889
11.7333 890
11.75 891
11.7667 892
11.7833 893
11.8 894
11.8167 895
11.8333 896
11.85 897
11.8667 897
11.8833 898
11.9 899
11.9167 900
11.9333 901
11.95 902
11.9667 902
11.9833 903
12.0 904
12.0167 905
12.0333 905
12.05 906
12.0667 907
12.0833 907
12.1 908
12.1167 908
12.1333 909
12.15 910
12.1667 910
12.1833 911
12.2 911
12.2167 912
12.2333 912
12.25 913
12.2667 913
12.2833 913
12.3 914
12.3167 914
12.3333 914
12.35 915
12.3667 915
12.3833 915
12.4 916
12.4167 916
12.4333 916
12.45 916
12.4667 917
12.4833 917
12.5 917
12.5167 917
12.5333 917
12.55 917
12.5667 917
12.5833 917
12.6 918
12.6167 918
12.6333 918
12.65 918
12.6667 918
12.6833 917
12.7 917
12.7167 917
12.7333 917
12.75 917
12.7667 917
12.7833 917
12.8 917
12.8167 916
12.8333 916
12.85 916
12.8667 916
12.8833 915
12.9 915
12.9167 915
12.9333 914
12.95 914
12.9667 914
12.9833 913
13.0 913
13.0167 912
13.0333 912
13.05 912
13.0667 911
13.0833 911
13.1 910
13.1167 909
13.1333 909
13.15 908
13.1667 908
13.1833 907
13.2 906
13.2167 906
13.2333 905
13.25 904
13.2667 904
13.2833 903
13.3 902
13.3167 901
13.3333 901
13.35 900
13.3667 899
13.3833 898
13.4 897
13.4167 896
13.4333 896
13.45 895
13.4667 894
13.4833 893
13.5 892
13.5167 891
13.5333 890
13.55 889
13.5667 888
13.5833 887
13.6 886
13.6167 884
13.6333 883
13.65 882
13.6667 881
13.6833 880
13.7 879
13.7167 877
13.7333 876
13.75 875
13.7667 874
13.7833 872
13.8 871
13.8167 870
13.8333 868
13.85 867
13.8667 866
13.8833 864
13.9 863
13.9167 862
13.9333 860
13.95 859
13.9667 857
13.9833 856
14.0 854
14.0167 853
14.0333 851
14.05 849
14.0667 848
14.0833 846
14.1 845
14.1167 843
14.1333 841
14.15 840
14.1667 838
14.1833 836
14.2 835
14.2167 833
14.2333 831
14.25 829
14.2667 828
14.2833 826
14.3 824
14.3167 822
14.3333 820
14.35 818
14.3667 816
14.3833 815
14.4 813
14.4167 811
14.4333 809
14.45 807
14.4667 805
14.4833 803
14.5 801
14.5167 799
14.5333 797
14.55 795
14.5667 792
14.5833 790
14.6 788
14.6167 786
14.6333 784
14.65 782
14.6667 780
14.6833 777
14.7 775
14.7167 773
14.7333 771
14.75 768
14.7667 766
14.7833 764
14.8 762
14.8167 759
14.8333 757
14.85 755
14.8667 752
14.8833 750
14.9 747
14.9167 745
14.9333 743
14.95 740
14.9667 738
14.9833 735
15.0 733
15.0167 730
15.0333 728
15.05 725
15.0667 723
15.0833 720
15.1 718
15.1167 715
15.1333 713
15.15 710
15.1667 707
15.1833 705
15.2 702
15.2167 699
15.2333 697
15.25 694
15.2667 691
15.2833 689
15.3 686
15.3167 683
15.3333 680
15.35 678
15.3667 675
15.3833 672
15.4 669
15.4167 666
15.4333 664
15.45 661
15.4667 658
15.4833 655
15.5 652
15.5167 649
15.5333 646
15.55 643
15.5667 640
15.5833 638
15.6 635
15.6167 632
15.6333 629
15.65 626
15.6667 623
15.6833 620
15.7 617
15.7167 614
15.7333 611
15.75 608
15.7667 604
15.7833 601
15.8 598
15.8167 595
15.8333 592
15.85 589
15.8667 586
15.8833 583
15.9 580
15.9167 576
15.9333 573
15.95 570
15.9667 567
15.9833 564
16.0 561
16.0167 557
16.0333 554
16.05 551
16.0667 548
16.0833 544
16.1 541
16.1167 538
16.1333 535
16.15 531
16.1667 528
16.1833 525
16.2 521
16.2167 518
16.2333 515
16.25 511
16.2667 508
16.2833 505
16.3 501
16.3167 498
16.3333 495
16.35 491
16.3667 488
16.3833 485
16.4 481
16.4167 478
16.4333 474
16.45 471
16.4667 468
16.4833 464
16.5 461
16.5167 457
16.5333 454
16.55 450
16.5667 447
16.5833 443
16.6 440
16.6167 437
16.6333 433
16.65 430
16.6667 426
16.6833 423
16.7 419
16.7167 416
16.7333 412
16.75 409
16.7667 405
16.7833 402
16.8 398
16.8167 395
16.8333 391
16.85 388
16.8667 384
16.8833 381
16.9 377
16.9167 374
16.9333 370
16.95 367
16.9667 363
16.9833 360
