8.0 385
8.0167 389
8.0333 392
8.05 396
8.0667 400
8.0833 404
8.1 407
8.1167 411
8.1333 415
8.15 418
8.1667 422
8.1833 426
8.2 430
8.2167 433
8.2333 437
8.25 441
8.2667 444
8.2833 448
8.3 452
8.3167 455
8.3333 459
8.35 463
8.3667 467
8.3833 470
8.4 474
8.4167 477
8.4333 481
8.45 485
8.4667 488
8.4833 492
8.5 496
8.5167 499
8.5333 503
8.55 507
8.5667 510
8.5833 514
8.6 517
8.6167 521
8.6333 524
8.65 528
8.6667 532
8.6833 535
8.7 539
8.7167 542
8.7333 546
8.75 549
8.7667 553
8.7833 556
8.8 560
8.8167 563
8.8333 567
8.85 570
8.8667 574
8.8833 577
8.9 581
8.9167 584
8.9333 588
8.95 591
8.9667 595
8.9833 598
9.0 601
9.0167 605
9.0333 608
9.05 611
9.0667 615
9.0833 618
9.1 621
9.1167 625
9.1333 628
9.15 631
9.1667 635
9.1833 638
9.2 641
9.2167 645
9.2333 648
9.25 651
9.2667 654
9.2833 658
9.3 661
9.3167 664
9.3333 667
9.35 671
9.3667 674
9.3833 677
9.4 680
9.4167 683
9.4333 686
9.45 690
9.4667 693
9.4833 696
9.5 699
9.5167 702
9.5333 705
9.55 708
9.5667 711
9.5833 714
9.6 717
9.6167 720
9.6333 723
9.65 726
9.6667 729
9.6833 732
9.7 735
9.7167 738
9.7333 741
9.75 744
9.7667 747
9.7833 750
9.8 753
9.8167 756
9.8333 759
9.85 762
9.8667 764
9.8833 767
9.9 770
9.9167 773
9.9333 776
9.95 778
9.9667 781
9.9833 784
10.0 787
10.0167 789
10.0333 792
10.05 795
10.0667 798
10.0833 800
10.1 803
10.1167 806
10.1333 808
10.15 811
10.1667 813
10.1833 816
10.2 819
10.2167 821
10.2333 824
10.25 826
10.2667 829
10.2833 831
10.3 834
10.3167 836
10.3333 839
10.35 841
10.3667 844
10.3833 846
10.4 848
10.4167 851
10.4333 853
10.45 856
10.4667 858
10.4833 860
10.5 863
10.5167 865
10.5333 867
10.55 869
10.5667 872
10.5833 874
10.6 876
10.6167 878
10.6333 880
10.65 883
10.6667 885
10.6833 887
10.7 889
10.7167 891
10.7333 893
10.75 895
10.7667 897
10.7833 900
10.8 902
10.8167 904
10.8333 906
10.85 908
10.8667 910
10.8833 912
10.9 913
10.9167 915
10.9333 917
10.95 919
10.9667 921
10.9833 923
11.0 925
11.0167 927
11.0333 928
11.05 930
11.0667 932
11.0833 934
11.1 935
11.1167 937
11.1333 939
11.15 941
11.1667 942
11.1833 944
11.2 946
11.2167 947
11.2333 949
11.25 950
11.2667 952
11.2833 954
11.3 955
11.3167 957
11.3333 958
11.35 960
11.3667 961
11.3833 963
11.4 964
11.4167 965
11.4333 967
11.45 968
11.4667 970
11.4833 971
11.5 972
11.5167 974
11.5333 975
11.55 976
11.5667 977
11.5833 979
11.6 980
11.6167 981
11.6333 982
11.65 983
11.6667 985
11.6833 986
11.7 987
11.7167 988
11.7333 989
11.75 990
11.7667 991
11.7833 992
11.8 993
11.8167 994
11.8333 995
11.85 996
11.8667 997
11.8833 998
11.9 999
11.9167 1000
11.9333 1001
11.95 1002
11.9667 1002
11.9833 1003
12.0 1004
12.0167 1005
12.0333 1006
12.05 1006
12.0667 1007
12.0833 1008
12.1 1009
12.1167 1009
12.1333 1010
12.15 1010
12.1667 1011
12.1833 1012
12.2 1012
12.2167 1013
12.2333 1013
12.25 1014
12.2667 1014
12.2833 1015
12.3 1015
12.3167 1016
12.3333 1016
12.35 1017
12.3667 1017
12.3833 1017
12.4 1018
12.4167 1018
12.4333 1018
12.45 1019
12.4667 1019
12.4833 1019
12.5 1020
12.5167 1020
12.5333 1020
12.55 1020
12.5667 1020
12.5833 1021
12.6 1021
12.6167 1021
12.6333 1021
12.65 1021
12.6667 1021
12.6833 1021
12.7 1021
12.7167 1021
12.7333 1021
12.75 1021
12.7667 1021
12.7833 1021
12.8 1021
12.8167 1021
12.8333 1021
12.85 1021
12.8667 1020
12.8833 1020
12.9 1020
12.9167 1020
12.9333 1020
12.95 1019
12.9667 1019
12.9833 1019
13.0 1018
13.0167 1018
13.0333 1018
13.05 1017
13.0667 1017
13.0833 1017
13.1 1016
13.1167 1016
13.1333 1015
13.15 1015
13.1667 1014
13.1833 1014
13.2 1013
13.2167 1013
13.2333 1012
13.25 1012
13.2667 1011
13.2833 1010
13.3 1010
13.3167 1009
13.3333 1008
13.35 1008
13.3667 1007
13.3833 1006
13.4 1005
13.4167 1005
13.4333 1004
13.45 1003
13.4667 1002
13.4833 1001
13.5 1001
13.5167 1000
13.5333 999
13.55 998
13.5667 997
13.5833 996
13.6 995
13.6167 994
13.6333 993
13.65 992
13.6667 991
13.6833 990
13.7 989
13.7167 988
13.7333 987
13.75 986
13.7667 984
13.7833 983
13.8 982
13.8167 981
13.8333 980
13.85 978
13.8667 977
13.8833 976
13.9 975
13.9167 973
13.9333 972
13.95 971
13.9667 969
13.9833 968
14.0 967
14.0167 965
14.0333 964
14.05 962
14.0667 961
14.0833 959
14.1 958
14.1167 956
14.1333 955
14.15 953
14.1667 952
14.1833 950
14.2 949
14.2167 947
14.2333 945
14.25 944
14.2667 942
14.2833 940
14.3 939
14.3167 937
14.3333 935
14.35 933
14.3667 932
14.3833 930
14.4 928
14.4167 926
14.4333 924
14.45 923
14.4667 921
14.4833 919
14.5 917
14.5167 915
14.5333 913
14.55 911
14.5667 909
14.5833 907
14.6 905
14.6167 903
14.6333 901
14.65 899
14.6667 897
14.6833 895
14.7 893
14.7167 891
14.7333 889
14.75 887
14.7667 884
14.7833 882
14.8 880
14.8167 878
14.8333 876
14.85 873
14.8667 871
14.8833 869
14.9 867
14.9167 864
14.9333 862
14.95 860
14.9667 857
14.9833 855
15.0 853
15.0167 850
15.0333 848
15.05 846
15.0667 843
15.0833 841
15.1 838
15.1167 836
15.1333 833
15.15 831
15.1667 828
15.1833 826
15.2 823
15.2167 821
15.2333 818
15.25 816
15.2667 813
15.2833 810
15.3 808
15.3167 805
15.3333 803
15.35 800
15.3667 797
15.3833 794
15.4 792
15.4167 789
15.4333 786
15.45 784
15.4667 781
15.4833 778
15.5 775
15.5167 772
15.5333 770
15.55 767
15.5667 764
15.5833 761
15.6 758
15.6167 755
15.6333 753
15.65 750
15.6667 747
15.6833 744
15.7 741
15.7167 738
15.7333 735
15.75 732
15.7667 729
15.7833 726
15.8 723
15.8167 720
15.8333 717
15.85 714
15.8667 711
15.8833 708
15.9 705
15.9167 702
15.9333 699
15.95 695
15.9667 692
15.9833 689
16.0 686
16.0167 683
16.0333 680
16.05 677
16.0667 673
16.0833 670
16.1 667
16.1167 664
16.1333 660
16.15 657
16.1667 654
16.1833 651
16.2 647
16.2167 644
16.2333 641
16.25 638
16.2667 634
16.2833 631
16.3 628
16.3167 624
16.3333 621
16.35 618
16.3667 614
16.3833 611
16.4 607
16.4167 604
16.4333 601
16.45 597
16.4667 594
16.4833 590
16.5 587
16.5167 584
16.5333 580
16.55 577
16.5667 573
16.5833 570
16.6 566
16.6167 563
16.6333 559
16.65 556
16.6667 552
16.6833 549
16.7 545
16.7167 542
16.7333 538
16.75 534
16.7667 531
16.7833 527
16.8 524
16.8167 520
16.8333 517
16.85 513
16.8667 509
16.8833 506
16.9 502
16.9167 499
16.9333 495
16.95 491
16.9667 488
16.9833 484
