8.0 363
8.0167 366
8.0333 370
8.05 373
8.0667 377
8.0833 381
8.1 384
8.1167 388
8.1333 392
8.15 395
8.1667 399
8.1833 402
8.2 406
8.2167 410
8.2333 413
8.25 417
8.2667 420
8.2833 424
8.3 428
8.3167 431
8.3333 435
8.35 438
8.3667 442
8.3833 446
8.4 449
8.4167 453
8.4333 456
8.45 460
8.4667 463
8.4833 467
8.5 471
8.5167 474
8.5333 478
8.55 481
8.5667 485
8.5833 488
8.6 492
8.6167 495
8.6333 499
8.65 502
8.6667 506
8.6833 509
8.7 513
8.7167 516
8.7333 520
8.75 523
8.7667 527
8.7833 530
8.8 534
8.8167 537
8.8333 540
8.85 544
8.8667 547
8.8833 551
8.9 554
8.9167 557
8.9333 561
8.95 564
8.9667 568
8.9833 571
9.0 574
9.0167 577
9.0333 581
9.05 584
9.0667 587
9.0833 591
9.1 594
9.1167 597
9.1333 601
9.15 604
9.1667 607
9.1833 610
9.2 614
9.2167 617
9.2333 620
9.25 623
9.2667 627
9.2833 630
9.3 633
9.3167 636
9.3333 639
9.35 642
9.3667 646
9.3833 649
9.4 652
9.4167 655
9.4333 658
9.45 661
9.4667 664
9.4833 667
9.5 670
9.5167 673
9.5333 677
9.55 680
9.5667 683
9.5833 686
9.6 689
9.6167 692
9.6333 695
9.65 698
9.6667 700
9.6833 703
9.7 706
9.7167 709
9.7333 712
9.75 715
9.7667 718
9.7833 721
9.8 724
9.8167 727
9.8333 729
9.85 732
9.8667 735
9.8833 738
9.9 741
9.9167 743
9.9333 746
9.95 749
9.9667 752
9.9833 754
10.0 757
10.0167 760
10.0333 762
10.05 765
10.0667 768
10.0833 770
10.1 773
10.1167 776
10.1333 778
10.15 781
10.1667 783
10.1833 786
10.2 788
10.2167 791
10.2333 793
10.25 796
10.2667 798
10.2833 801
10.3 803
10.3167 806
10.3333 808
10.35 811
10.3667 813
10.3833 815
10.4 818
10.4167 820
10.4333 822
10.45 825
10.4667 827
10.4833 829
10.5 832
10.5167 834
10.5333 836
10.55 838
10.5667 841
10.5833 843
10.6 845
10.6167 847
10.6333 849
10.65 852
10.6667 854
10.6833 856
10.7 858
10.7167 860
10.7333 862
10.75 864
10.7667 866
10.7833 868
10.8 870
10.8167 872
10.8333 874
10.85 876
10.8667 878
10.8833 880
10.9 882
10.9167 884
10.9333 886
10.95 888
10.9667 889
10.9833 891
11.0 893
11.0167 895
11.0333 897
11.05 898
11.0667 900
11.0833 902
11.1 904
11.1167 905
11.1333 907
11.15 909
11.1667 910
11.1833 912
11.2 914
11.2167 915
11.2333 917
11.25 918
11.2667 920
11.2833 921
11.3 923
11.3167 925
11.3333 926
11.35 927
11.3667 929
11.3833 930
11.4 932
11.4167 933
11.4333 935
11.45 936
11.4667 937
11.4833 939
11.5 940
11.5167 941
11.5333 942
11.55 944
11.5667 945
11.5833 946
11.6 947
11.6167 949
11.6333 950
11.65 951
11.6667 952
11.6833 953
11.7 954
11.7167 955
11.7333 956
11.75 957
11.7667 959
11.7833 960
11.8 961
11.8167 961
11.8333 962
11.85 963
11.8667 964
11.8833 965
11.9 966
11.9167 967
11.9333 968
11.95 969
11.9667 969
11.9833 970
12.0 971
12.0167 972
12.0333 973
12.05 973
12.0667 974
12.0833 975
12.1 975
12.1167 976
12.1333 977
12.15 977
12.1667 978
12.1833 978
12.2 979
12.2167 980
12.2333 980
12.25 981
12.2667 981
12.2833 982
12.3 982
12.3167 982
12.3333 983
12.35 983
12.3667 984
12.3833 984
12.4 984
12.4167 985
12.4333 985
12.45 985
12.4667 986
12.4833 986
12.5 986
12.5167 986
12.5333 986
12.55 987
12.5667 987
12.5833 987
12.6 987
12.6167 987
12.6333 987
12.65 987
12.6667 987
12.6833 987
12.7 987
12.7167 987
12.7333 987
12.75 987
12.7667 987
12.7833 987
12.8 987
12.8167 987
12.8333 987
12.85 987
12.8667 987
12.8833 986
12.9 986
12.9167 986
12.9333 986
12.95 985
12.9667 985
12.9833 985
13.0 984
13.0167 984
13.0333 984
13.05 983
13.0667 983
13.0833 983
13.1 982
13.1167 982
13.1333 981
13.15 981
13.1667 980
13.1833 980
13.2 979
13.2167 979
13.2333 978
13.25 977
13.2667 977
13.2833 976
13.3 975
13.3167 975
13.3333 974
13.35 973
13.3667 973
13.3833 972
13.4 971
13.4167 970
13.4333 970
13.45 969
13.4667 968
13.4833 967
13.5 966
13.5167 965
13.5333 964
13.55 963
13.5667 963
13.5833 962
13.6 961
13.6167 960
13.6333 959
13.65 958
13.6667 956
13.6833 955
13.7 954
13.7167 953
13.7333 952
13.75 951
13.7667 950
13.7833 949
13.8 947
13.8167 946
13.8333 945
13.85 944
13.8667 943
13.8833 941
13.9 940
13.9167 939
13.9333 937
13.95 936
13.9667 935
13.9833 933
14.0 932
14.0167 930
14.0333 929
14.05 928
14.0667 926
14.0833 925
14.1 923
14.1167 922
14.1333 920
14.15 919
14.1667 917
14.1833 915
14.2 914
14.2167 912
14.2333 911
14.25 909
14.2667 907
14.2833 905
14.3 904
14.3167 902
14.3333 900
14.35 899
14.3667 897
14.3833 895
14.4 893
14.4167 891
14.4333 890
14.45 888
14.4667 886
14.4833 884
14.5 882
14.5167 880
14.5333 878
14.55 876
14.5667 874
14.5833 872
14.6 870
14.6167 868
14.6333 866
14.65 864
14.6667 862
14.6833 860
14.7 858
14.7167 856
14.7333 854
14.75 852
14.7667 850
14.7833 847
14.8 845
14.8167 843
14.8333 841
14.85 839
14.8667 836
14.8833 834
14.9 832
14.9167 830
14.9333 827
14.95 825
14.9667 823
14.9833 820
15.0 818
15.0167 816
15.0333 813
15.05 811
15.0667 808
15.0833 806
15.1 804
15.1167 801
15.1333 799
15.15 796
15.1667 794
15.1833 791
15.2 789
15.2167 786
15.2333 784
15.25 781
15.2667 778
15.2833 776
15.3 773
15.3167 771
15.3333 768
15.35 765
15.3667 763
15.3833 760
15.4 757
15.4167 755
15.4333 752
15.45 749
15.4667 746
15.4833 744
15.5 741
15.5167 738
15.5333 735
15.55 732
15.5667 730
15.5833 727
15.6 724
15.6167 721
15.6333 718
15.65 715
15.6667 713
15.6833 710
15.7 707
15.7167 704
15.7333 701
15.75 698
15.7667 695
15.7833 692
15.8 689
15.8167 686
15.8333 683
15.85 680
15.8667 677
15.8833 674
15.9 671
15.9167 668
15.9333 665
15.95 662
15.9667 658
15.9833 655
16.0 652
16.0167 649
16.0333 646
16.05 643
16.0667 640
16.0833 637
16.1 633
16.1167 630
16.1333 627
16.15 624
16.1667 621
16.1833 617
16.2 614
16.2167 611
16.2333 608
16.25 604
16.2667 601
16.2833 598
16.3 594
16.3167 591
16.3333 588
16.35 585
16.3667 581
16.3833 578
16.4 575
16.4167 571
16.4333 568
16.45 564
16.4667 561
16.4833 558
16.5 554
16.5167 551
16.5333 547
16.55 544
16.5667 541
16.5833 537
16.6 534
16.6167 530
16.6333 527
16.65 523
16.6667 520
16.6833 517
16.7 513
16.7167 510
16.7333 506
16.75 503
16.7667 499
16.7833 496
16.8 492
16.8167 489
16.8333 485
16.85 481
16.8667 478
16.8833 474
16.9 471
16.9167 467
16.9333 464
16.95 460
16.9667 457
16.9833 453
