8.0 358
8.0167 362
8.0333 365
8.05 369
8.0667 373
8.0833 376
8.1 380
8.1167 383
8.1333 387
8.15 391
8.1667 394
8.1833 398
8.2 401
8.2167 405
8.2333 409
8.25 412
8.2667 416
8.2833 419
8.3 423
8.3167 427
8.3333 430
8.35 434
8.3667 437
8.3833 441
8.4 445
8.4167 448
8.4333 452
8.45 455
8.4667 459
8.4833 462
8.5 466
8.5167 470
8.5333 473
8.55 477
8.5667 480
8.5833 484
8.6 487
8.6167 491
8.6333 494
8.65 498
8.6667 501
8.6833 505
8.7 508
8.7167 512
8.7333 515
8.75 519
8.7667 522
8.7833 525
8.8 529
8.8167 532
8.8333 536
8.85 539
8.8667 543
8.8833 546
8.9 549
8.9167 553
8.9333 556
8.95 560
8.9667 563
8.9833 566
9.0 570
9.0167 573
9.0333 576
9.05 580
9.0667 583
9.0833 586
9.1 589
9.1167 593
9.1333 596
9.15 599
9.1667 603
9.1833 606
9.2 609
9.2167 612
9.2333 616
9.25 619
9.2667 622
9.2833 625
9.3 628
9.3167 632
9.3333 635
9.35 638
9.3667 641
9.3833 644
9.4 647
9.4167 651
9.4333 654
9.45 657
9.4667 660
9.4833 663
9.5 666
9.5167 669
9.5333 672
9.55 675
9.5667 678
9.5833 681
9.6 684
9.6167 687
9.6333 690
9.65 693
9.6667 696
9.6833 699
9.7 702
9.7167 705
9.7333 708
9.75 711
9.7667 714
9.7833 716
9.8 719
9.8167 722
9.8333 725
9.85 728
9.8667 731
9.8833 733
9.9 736
9.9167 739
9.9333 742
9.95 745
9.9667 747
9.9833 750
10.0 753
10.0167 755
10.0333 758
10.05 761
10.0667 763
10.0833 766
10.1 769
10.1167 771
10.1333 774
10.15 777
10.1667 779
10.1833 782
10.2 784
10.2167 787
10.2333 789
10.25 792
10.2667 794
10.2833 797
10.3 799
10.3167 802
10.3333 804
10.35 807
10.3667 809
10.3833 811
10.4 814
10.4167 816
10.4333 819
10.45 821
10.4667 823
10.4833 826
10.5 828
10.5167 830
10.5333 832
10.55 835
10.5667 837
10.5833 839
10.6 841
10.6167 844
10.6333 846
10.65 848
10.6667 850
10.6833 852
10.7 854
10.7167 856
10.7333 858
10.75 861
10.7667 863
10.7833 865
10.8 867
10.8167 869
10.8333 871
10.85 873
10.8667 875
10.8833 876
10.9 878
10.9167 880
10.9333 882
10.95 884
10.9667 886
10.9833 888
11.0 890
11.0167 891
11.0333 893
11.05 895
11.0667 897
11.0833 899
11.1 900
11.1167 902
11.1333 904
11.15 905
11.1667 907
11.1833 909
11.2 910
11.2167 912
11.2333 914
11.25 915
11.2667 917
11.2833 918
11.3 920
11.3167 921
11.3333 923
11.35 924
11.3667 926
11.3833 927
11.4 929
11.4167 930
11.4333 931
11.45 933
11.4667 934
11.4833 936
11.5 937
11.5167 938
11.5333 940
11.55 941
11.5667 942
11.5833 943
11.6 945
11.6167 946
11.6333 947
11.65 948
11.6667 949
11.6833 950
11.7 952
11.7167 953
11.7333 954
11.75 955
11.7667 956
11.7833 957
11.8 958
11.8167 959
11.8333 960
11.85 961
11.8667 962
11.8833 963
11.9 964
11.9167 964
11.9333 965
11.95 966
11.9667 967
11.9833 968
12.0 969
12.0167 969
12.0333 970
12.05 971
12.0667 972
12.0833 972
12.1 973
12.1167 974
12.1333 974
12.15 975
12.1667 976
12.1833 976
12.2 977
12.2167 977
12.2333 978
12.25 978
12.2667 979
12.2833 979
12.3 980
12.3167 980
12.3333 981
12.35 981
12.3667 982
12.3833 982
12.4 982
12.4167 983
12.4333 983
12.45 983
12.4667 984
12.4833 984
12.5 984
12.5167 984
12.5333 985
12.55 985
12.5667 985
12.5833 985
12.6 985
12.6167 985
12.6333 986
12.65 986
12.6667 986
12.6833 986
12.7 986
12.7167 986
12.7333 986
12.75 986
12.7667 986
12.7833 986
12.8 986
12.8167 985
12.8333 985
12.85 985
12.8667 985
12.8833 985
12.9 985
12.9167 984
12.9333 984
12.95 984
12.9667 984
12.9833 983
13.0 983
13.0167 983
13.0333 982
13.05 982
13.0667 982
13.0833 981
13.1 981
13.1167 980
13.1333 980
13.15 980
13.1667 979
13.1833 979
13.2 978
13.2167 978
13.2333 977
13.25 976
13.2667 976
13.2833 975
13.3 975
13.3167 974
13.3333 973
13.35 973
13.3667 972
13.3833 971
13.4 970
13.4167 970
13.4333 969
13.45 968
13.4667 967
13.4833 966
13.5 966
13.5167 965
13.5333 964
13.55 963
13.5667 962
13.5833 961
13.6 960
13.6167 959
13.6333 958
13.65 957
13.6667 956
13.6833 955
13.7 954
13.7167 953
13.7333 952
13.75 951
13.7667 950
13.7833 948
13.8 947
13.8167 946
13.8333 945
13.85 944
13.8667 942
13.8833 941
13.9 940
13.9167 939
13.9333 937
13.95 936
13.9667 935
13.9833 933
14.0 932
14.0167 930
14.0333 929
14.05 928
14.0667 926
14.0833 925
14.1 923
14.1167 922
14.1333 920
14.15 919
14.1667 917
14.1833 916
14.2 914
14.2167 912
14.2333 911
14.25 909
14.2667 907
14.2833 906
14.3 904
14.3167 902
14.3333 901
14.35 899
14.3667 897
14.3833 896
14.4 894
14.4167 892
14.4333 890
14.45 888
14.4667 886
14.4833 885
14.5 883
14.5167 881
14.5333 879
14.55 877
14.5667 875
14.5833 873
14.6 871
14.6167 869
14.6333 867
14.65 865
14.6667 863
14.6833 861
14.7 859
14.7167 857
14.7333 855
14.75 853
14.7667 851
14.7833 848
14.8 846
14.8167 844
14.8333 842
14.85 840
14.8667 837
14.8833 835
14.9 833
14.9167 831
14.9333 828
14.95 826
14.9667 824
14.9833 821
15.0 819
15.0167 817
15.0333 815
15.05 812
15.0667 810
15.0833 807
15.1 805
15.1167 802
15.1333 800
15.15 798
15.1667 795
15.1833 793
15.2 790
15.2167 788
15.2333 785
15.25 782
15.2667 780
15.2833 777
15.3 775
15.3167 772
15.3333 770
15.35 767
15.3667 764
15.3833 762
15.4 759
15.4167 756
15.4333 754
15.45 751
15.4667 748
15.4833 745
15.5 743
15.5167 740
15.5333 737
15.55 734
15.5667 732
15.5833 729
15.6 726
15.6167 723
15.6333 720
15.65 717
15.6667 714
15.6833 712
15.7 709
15.7167 706
15.7333 703
15.75 700
15.7667 697
15.7833 694
15.8 691
15.8167 688
15.8333 685
15.85 682
15.8667 679
15.8833 676
15.9 673
15.9167 670
15.9333 667
15.95 664
15.9667 661
15.9833 658
16.0 655
16.0167 651
16.0333 648
16.05 645
16.0667 642
16.0833 639
16.1 636
16.1167 633
16.1333 629
16.15 626
16.1667 623
16.1833 620
16.2 617
16.2167 613
16.2333 610
16.25 607
16.2667 604
16.2833 600
16.3 597
16.3167 594
16.3333 590
16.35 587
16.3667 584
16.3833 581
16.4 577
16.4167 574
16.4333 571
16.45 567
16.4667 564
16.4833 560
16.5 557
16.5167 554
16.5333 550
16.55 547
16.5667 543
16.5833 540
16.6 537
16.6167 533
16.6333 530
16.65 526
16.6667 523
16.6833 519
16.7 516
16.7167 512
16.7333 509
16.75 505
16.7667 502
16.7833 499
16.8 495
16.8167 491
16.8333 488
16.85 484
16.8667 481
16.8833 477
16.9 474
16.9167 470
16.9333 467
16.95 463
16.9667 460
16.9833 456
