8.0 364
8.0167 367
8.0333 371
8.05 374
8.0667 378
8.0833 382
8.1 385
8.1167 389
8.1333 393
8.15 396
8.1667 400
8.1833 403
8.2 407
8.2167 411
8.2333 414
8.25 418
8.2667 421
8.2833 425
8.3 429
8.3167 432
8.3333 436
8.35 439
8.3667 443
8.3833 447
8.4 450
8.4167 454
8.4333 457
8.45 461
8.4667 464
8.4833 468
8.5 472
8.5167 475
8.5333 479
8.55 482
8.5667 486
8.5833 489
8.6 493
8.6167 496
8.6333 500
8.65 503
8.6667 507
8.6833 510
8.7 514
8.7167 517
8.7333 521
8.75 524
8.7667 528
8.7833 531
8.8 535
8.8167 538
8.8333 541
8.85 545
8.8667 548
8.8833 552
8.9 555
8.9167 558
8.9333 562
8.95 565
8.9667 569
8.9833 572
9.0 575
9.0167 578
9.0333 582
9.05 585
9.0667 588
9.0833 592
9.1 595
9.1167 598
9.1333 602
9.15 605
9.1667 608
9.1833 611
9.2 615
9.2167 618
9.2333 621
9.25 624
9.2667 628
9.2833 631
9.3 634
9.3167 637
9.3333 640
9.35 643
9.3667 647
9.3833 650
9.4 653
9.4167 656
9.4333 659
9.45 662
9.4667 665
9.4833 668
9.5 671
9.5167 674
9.5333 677
9.55 681
9.5667 684
9.5833 687
9.6 690
9.6167 693
9.6333 696
9.65 698
9.6667 701
9.6833 704
9.7 707
9.7167 710
9.7333 713
9.75 716
9.7667 719
9.7833 722
9.8 725
9.8167 727
9.8333 730
9.85 733
9.8667 736
9.8833 739
9.9 741
9.9167 744
9.9333 747
9.95 750
9.9667 752
9.9833 755
10.0 758
10.0167 761
10.0333 763
10.05 766
10.0667 769
10.0833 771
10.1 774
10.1167 776
10.1333 779
10.15 782
10.1667 784
10.1833 787
10.2 789
10.2167 792
10.2333 794
10.25 797
10.2667 799
10.2833 802
10.3 804
10.3167 807
10.3333 809
10.35 811
10.3667 814
10.3833 816
10.4 819
10.4167 821
10.4333 823
10.45 826
10.4667 828
10.4833 830
10.5 833
10.5167 835
10.5333 837
10.55 839
10.5667 841
10.5833 844
10.6 846
10.6167 848
10.6333 850
10.65 852
10.6667 854
10.6833 857
10.7 859
10.7167 861
10.7333 863
10.75 865
10.7667 867
10.7833 869
10.8 871
10.8167 873
10.8333 875
10.85 877
10.8667 879
10.8833 881
10.9 883
10.9167 885
10.9333 886
10.95 888
10.9667 890
10.9833 892
11.0 894
11.0167 896
11.0333 897
11.05 899
11.0667 901
11.0833 903
11.1 904
11.1167 906
11.1333 908
11.15 909
11.1667 911
11.1833 913
11.2 914
11.2167 916
11.2333 917
11.25 919
11.2667 920
11.2833 922
11.3 924
11.3167 925
11.3333 927
11.35 928
11.3667 929
11.3833 931
11.4 932
11.4167 934
11.4333 935
11.45 936
11.4667 938
11.4833 939
11.5 940
11.5167 942
11.5333 943
11.55 944
11.5667 945
11.5833 947
11.6 948
11.6167 949
11.6333 950
11.65 951
11.6667 952
11.6833 954
11.7 955
11.7167 956
11.7333 957
11.75 958
11.7667 959
11.7833 960
11.8 961
11.8167 962
11.8333 963
11.85 964
11.8667 965
11.8833 966
11.9 966
11.9167 967
11.9333 968
11.95 969
11.9667 970
11.9833 971
12.0 971
12.0167 972
12.0333 973
12.05 974
12.0667 974
12.0833 975
12.1 976
12.1167 976
12.1333 977
12.15 977
12.1667 978
12.1833 979
12.2 979
12.2167 980
12.2333 980
12.25 981
12.2667 981
12.2833 982
12.3 982
12.3167 983
12.3333 983
12.35 983
12.3667 984
12.3833 984
12.4 984
12.4167 985
12.4333 985
12.45 985
12.4667 986
12.4833 986
12.5 986
12.5167 986
12.5333 987
12.55 987
12.5667 987
12.5833 987
12.6 987
12.6167 987
12.6333 987
12.65 987
12.6667 987
12.6833 987
12.7 987
12.7167 987
12.7333 987
12.75 987
12.7667 987
12.7833 987
12.8 987
12.8167 987
12.8333 987
12.85 987
12.8667 986
12.8833 986
12.9 986
12.9167 986
12.9333 985
12.95 985
12.9667 985
12.9833 985
13.0 984
13.0167 984
13.0333 983
13.05 983
13.0667 983
13.0833 982
13.1 982
13.1167 981
13.1333 981
13.15 980
13.1667 980
13.1833 979
13.2 979
13.2167 978
13.2333 978
13.25 977
13.2667 976
13.2833 976
13.3 975
13.3167 974
13.3333 974
13.35 973
13.3667 972
13.3833 971
13.4 971
13.4167 970
13.4333 969
13.45 968
13.4667 967
13.4833 967
13.5 966
13.5167 965
13.5333 964
13.55 963
13.5667 962
13.5833 961
13.6 960
13.6167 959
13.6333 958
13.65 957
13.6667 956
13.6833 955
13.7 954
13.7167 953
13.7333 952
13.75 950
13.7667 949
13.7833 948
13.8 947
13.8167 946
13.8333 944
13.85 943
13.8667 942
13.8833 941
13.9 939
13.9167 938
13.9333 937
13.95 935
13.9667 934
13.9833 933
14.0 931
14.0167 930
14.0333 928
14.05 927
14.0667 925
14.0833 924
14.1 922
14.1167 921
14.1333 919
14.15 918
14.1667 916
14.1833 915
14.2 913
14.2167 911
14.2333 910
14.25 908
14.2667 906
14.2833 905
14.3 903
14.3167 901
14.3333 899
14.35 898
14.3667 896
14.3833 894
14.4 892
14.4167 890
14.4333 889
14.45 887
14.4667 885
14.4833 883
14.5 881
14.5167 879
14.5333 877
14.55 875
14.5667 873
14.5833 871
14.6 869
14.6167 867
14.6333 865
14.65 863
14.6667 861
14.6833 859
14.7 857
14.7167 855
14.7333 853
14.75 851
14.7667 849
14.7833 846
14.8 844
14.8167 842
14.8333 840
14.85 838
14.8667 835
14.8833 833
14.9 831
14.9167 828
14.9333 826
14.95 824
14.9667 821
14.9833 819
15.0 817
15.0167 814
15.0333 812
15.05 810
15.0667 807
15.0833 805
15.1 802
15.1167 800
15.1333 797
15.15 795
15.1667 792
15.1833 790
15.2 787
15.2167 785
15.2333 782
15.25 780
15.2667 777
15.2833 774
15.3 772
15.3167 769
15.3333 767
15.35 764
15.3667 761
15.3833 759
15.4 756
15.4167 753
15.4333 750
15.45 748
15.4667 745
15.4833 742
15.5 739
15.5167 737
15.5333 734
15.55 731
15.5667 728
15.5833 725
15.6 723
15.6167 720
15.6333 717
15.65 714
15.6667 711
15.6833 708
15.7 705
15.7167 702
15.7333 699
15.75 696
15.7667 693
15.7833 690
15.8 687
15.8167 684
15.8333 681
15.85 678
15.8667 675
15.8833 672
15.9 669
15.9167 666
15.9333 663
15.95 660
15.9667 657
15.9833 654
16.0 651
16.0167 647
16.0333 644
16.05 641
16.0667 638
16.0833 635
16.1 632
16.1167 628
16.1333 625
16.15 622
16.1667 619
16.1833 616
16.2 612
16.2167 609
16.2333 606
16.25 603
16.2667 599
16.2833 596
16.3 593
16.3167 589
16.3333 586
16.35 583
16.3667 579
16.3833 576
16.4 573
16.4167 569
16.4333 566
16.45 563
16.4667 559
16.4833 556
16.5 552
16.5167 549
16.5333 546
16.55 542
16.5667 539
16.5833 535
16.6 532
16.6167 528
16.6333 525
16.65 522
16.6667 518
16.6833 515
16.7 511
16.7167 508
16.7333 504
16.75 501
16.7667 497
16.7833 494
16.8 490
16.8167 487
16.8333 483
16.85 479
16.8667 476
16.8833 472
16.9 469
16.9167 465
16.9333 462
16.95 458
16.9667 455
16.9833 451
