8.0 358
8.0167 361
8.0333 365
8.05 369
8.0667 372
8.0833 376
8.1 379
8.1167 383
8.1333 387
8.15 390
8.1667 394
8.1833 397
8.2 401
8.2167 405
8.2333 408
8.25 412
8.2667 416
8.2833 419
8.3 423
8.3167 426
8.3333 430
8.35 434
8.3667 437
8.3833 441
8.4 444
8.4167 448
8.4333 451
8.45 455
8.4667 459
8.4833 462
8.5 466
8.5167 469
8.5333 473
8.55 476
8.5667 480
8.5833 483
8.6 487
8.6167 490
8.6333 494
8.65 497
8.6667 501
8.6833 504
8.7 508
8.7167 511
8.7333 515
8.75 518
8.7667 522
8.7833 525
8.8 529
8.8167 532
8.8333 535
8.85 539
8.8667 542
8.8833 546
8.9 549
8.9167 553
8.9333 556
8.95 559
8.9667 563
8.9833 566
9.0 569
9.0167 573
9.0333 576
9.05 579
9.0667 583
9.0833 586
9.1 589
9.1167 592
9.1333 596
9.15 599
9.1667 602
9.1833 606
9.2 609
9.2167 612
9.2333 615
9.25 619
9.2667 622
9.2833 625
9.3 628
9.3167 631
9.3333 635
9.35 638
9.3667 641
9.3833 644
9.4 647
9.4167 650
9.4333 653
9.45 657
9.4667 660
9.4833 663
9.5 666
9.5167 669
9.5333 672
9.55 675
9.5667 678
9.5833 681
9.6 684
9.6167 687
9.6333 690
9.65 693
9.6667 696
9.6833 699
9.7 702
9.7167 705
9.7333 708
9.75 711
9.7667 713
9.7833 716
9.8 719
9.8167 722
9.8333 725
9.85 728
9.8667 731
9.8833 733
9.9 736
9.9167 739
9.9333 742
9.95 744
9.9667 747
9.9833 750
10.0 753
10.0167 755
10.0333 758
10.05 761
10.0667 763
10.0833 766
10.1 769
10.1167 771
10.1333 774
10.15 776
10.1667 779
10.1833 782
10.2 784
10.2167 787
10.2333 789
10.25 792
10.2667 794
10.2833 797
10.3 799
10.3167 802
10.3333 804
10.35 807
10.3667 809
10.3833 811
10.4 814
10.4167 816
10.4333 819
10.45 821
10.4667 823
10.4833 826
10.5 828
10.5167 830
10.5333 832
10.55 835
10.5667 837
10.5833 839
10.6 841
10.6167 844
10.6333 846
10.65 848
10.6667 850
10.6833 852
10.7 854
10.7167 856
10.7333 858
10.75 861
10.7667 863
10.7833 865
10.8 867
10.8167 869
10.8333 871
10.85 873
10.8667 875
10.8833 877
10.9 878
10.9167 880
10.9333 882
10.95 884
10.9667 886
10.9833 888
11.0 890
11.0167 892
11.0333 893
11.05 895
11.0667 897
11.0833 899
11.1 900
11.1167 902
11.1333 904
11.15 906
11.1667 907
11.1833 909
11.2 910
11.2167 912
11.2333 914
11.25 915
11.2667 917
11.2833 918
11.3 920
11.3167 921
11.3333 923
11.35 924
11.3667 926
11.3833 927
11.4 929
11.4167 930
11.4333 932
11.45 933
11.4667 934
11.4833 936
11.5 937
11.5167 938
11.5333 940
11.55 941
11.5667 942
11.5833 943
11.6 945
11.6167 946
11.6333 947
11.65 948
11.6667 949
11.6833 951
11.7 952
11.7167 953
11.7333 954
11.75 955
11.7667 956
11.7833 957
11.8 958
11.8167 959
11.8333 960
11.85 961
11.8667 962
11.8833 963
11.9 964
11.9167 965
11.9333 966
11.95 966
11.9667 967
11.9833 968
12.0 969
12.0167 970
12.0333 970
12.05 971
12.0667 972
12.0833 973
12.1 973
12.1167 974
12.1333 975
12.15 975
12.1667 976
12.1833 977
12.2 977
12.2167 978
12.2333 978
12.25 979
12.2667 979
12.2833 980
12.3 980
12.3167 981
12.3333 981
12.35 982
12.3667 982
12.3833 982
12.4 983
12.4167 983
12.4333 983
12.45 984
12.4667 984
12.4833 984
12.5 985
12.5167 985
12.5333 985
12.55 985
12.5667 985
12.5833 986
12.6 986
12.6167 986
12.6333 986
12.65 986
12.6667 986
12.6833 986
12.7 986
12.7167 986
12.7333 986
12.75 986
12.7667 986
12.7833 986
12.8 986
12.8167 986
12.8333 986
12.85 986
12.8667 986
12.8833 985
12.9 985
12.9167 985
12.9333 985
12.95 985
12.9667 984
12.9833 984
13.0 984
13.0167 983
13.0333 983
13.05 983
13.0667 982
13.0833 982
13.1 981
13.1167 981
13.1333 981
13.15 980
13.1667 980
13.1833 979
13.2 979
13.2167 978
13.2333 978
13.25 977
13.2667 976
13.2833 976
13.3 975
13.3167 974
13.3333 974
13.35 973
13.3667 972
13.3833 972
13.4 971
13.4167 970
13.4333 969
13.45 969
13.4667 968
13.4833 967
13.5 966
13.5167 965
13.5333 964
13.55 964
13.5667 963
13.5833 962
13.6 961
13.6167 960
13.6333 959
13.65 958
13.6667 957
13.6833 956
13.7 955
13.7167 954
13.7333 952
13.75 951
13.7667 950
13.7833 949
13.8 948
13.8167 947
13.8333 946
13.85 944
13.8667 943
13.8833 942
13.9 941
13.9167 939
13.9333 938
13.95 937
13.9667 935
13.9833 934
14.0 933
14.0167 931
14.0333 930
14.05 928
14.0667 927
14.0833 925
14.1 924
14.1167 922
14.1333 921
14.15 919
14.1667 918
14.1833 916
14.2 915
14.2167 913
14.2333 912
14.25 910
14.2667 908
14.2833 907
14.3 905
14.3167 903
14.3333 902
14.35 900
14.3667 898
14.3833 896
14.4 895
14.4167 893
14.4333 891
14.45 889
14.4667 887
14.4833 885
14.5 884
14.5167 882
14.5333 880
14.55 878
14.5667 876
14.5833 874
14.6 872
14.6167 870
14.6333 868
14.65 866
14.6667 864
14.6833 862
14.7 860
14.7167 858
14.7333 856
14.75 854
14.7667 851
14.7833 849
14.8 847
14.8167 845
14.8333 843
14.85 841
14.8667 838
14.8833 836
14.9 834
14.9167 832
14.9333 829
14.95 827
14.9667 825
14.9833 822
15.0 820
15.0167 818
15.0333 816
15.05 813
15.0667 811
15.0833 808
15.1 806
15.1167 803
15.1333 801
15.15 799
15.1667 796
15.1833 794
15.2 791
15.2167 789
15.2333 786
15.25 783
15.2667 781
15.2833 778
15.3 776
15.3167 773
15.3333 771
15.35 768
15.3667 765
15.3833 763
15.4 760
15.4167 757
15.4333 755
15.45 752
15.4667 749
15.4833 746
15.5 744
15.5167 741
15.5333 738
15.55 735
15.5667 733
15.5833 730
15.6 727
15.6167 724
15.6333 721
15.65 718
15.6667 716
15.6833 713
15.7 710
15.7167 707
15.7333 704
15.75 701
15.7667 698
15.7833 695
15.8 692
15.8167 689
15.8333 686
15.85 683
15.8667 680
15.8833 677
15.9 674
15.9167 671
15.9333 668
15.95 665
15.9667 662
15.9833 659
16.0 656
16.0167 653
16.0333 649
16.05 646
16.0667 643
16.0833 640
16.1 637
16.1167 634
16.1333 631
16.15 627
16.1667 624
16.1833 621
16.2 618
16.2167 614
16.2333 611
16.25 608
16.2667 605
16.2833 601
16.3 598
16.3167 595
16.3333 592
16.35 588
16.3667 585
16.3833 582
16.4 578
16.4167 575
16.4333 572
16.45 568
16.4667 565
16.4833 562
16.5 558
16.5167 555
16.5333 551
16.55 548
16.5667 545
16.5833 541
16.6 538
16.6167 534
16.6333 531
16.65 527
16.6667 524
16.6833 521
16.7 517
16.7167 514
16.7333 510
16.75 507
16.7667 503
16.7833 500
16.8 496
16.8167 493
16.8333 489
16.85 486
16.8667 482
16.8833 479
16.9 475
16.9167 472
16.9333 468
16.95 464
16.9667 461
16.9833 457
