8.0 395
8.0167 399
8.0333 403
8.05 406
8.0667 410
8.0833 414
8.1 418
8.1167 421
8.1333 425
8.15 429
8.1667 433
8.1833 436
8.2 440
8.2167 444
8.2333 448
8.25 451
8.2667 455
8.2833 459
8.3 463
8.3167 466
8.3333 470
8.35 474
8.3667 477
8.3833 481
8.4 485
8.4167 488
8.4333 492
8.45 496
8.4667 499
8.4833 503
8.5 507
8.5167 510
8.5333 514
8.55 518
8.5667 521
8.5833 525
8.6 529
8.6167 532
8.6333 536
8.65 539
8.6667 543
8.6833 547
8.7 550
8.7167 554
8.7333 557
8.75 561
8.7667 564
8.7833 568
8.8 571
8.8167 575
8.8333 578
8.85 582
8.8667 585
8.8833 589
8.9 592
8.9167 596
8.9333 599
8.95 603
8.9667 606
8.9833 610
9.0 613
9.0167 616
9.0333 620
9.05 623
9.0667 627
9.0833 630
9.1 633
9.1167 637
9.1333 640
9.15 643
9.1667 647
9.1833 650
9.2 653
9.2167 657
9.2333 660
9.25 663
9.2667 666
9.2833 670
9.3 673
9.3167 676
9.3333 679
9.35 683
9.3667 686
9.3833 689
9.4 692
9.4167 695
9.4333 698
9.45 702
9.4667 705
9.4833 708
9.5 711
9.5167 714
9.5333 717
9.55 720
9.5667 723
9.5833 726
9.6 729
9.6167 732
9.6333 735
9.65 738
9.6667 741
9.6833 744
9.7 747
9.7167 750
9.7333 753
9.75 756
9.7667 759
9.7833 762
9.8 765
9.8167 768
9.8333 771
9.85 773
9.8667 776
9.8833 779
9.9 782
9.9167 785
9.9333 787
9.95 790
9.9667 793
9.9833 796
10.0 798
10.0167 801
10.0333 804
10.05 807
10.0667 809
10.0833 812
10.1 815
10.1167 817
10.1333 820
10.15 822
10.1667 825
10.1833 828
10.2 830
10.2167 833
10.2333 835
10.25 838
10.2667 840
10.2833 843
10.3 845
10.3167 848
10.3333 850
10.35 853
10.3667 855
10.3833 857
10.4 860
10.4167 862
10.4333 864
10.45 867
10.4667 869
10.4833 871
10.5 874
10.5167 876
10.5333 878
10.55 880
10.5667 883
10.5833 885
10.6 887
10.6167 889
10.6333 891
10.65 894
10.6667 896
10.6833 898
10.7 900
10.7167 902
10.7333 904
10.75 906
10.7667 908
10.7833 910
10.8 912
10.8167 914
10.8333 916
10.85 918
10.8667 920
10.8833 922
10.9 924
10.9167 926
10.9333 928
10.95 930
10.9667 931
10.9833 933
11.0 935
11.0167 937
11.0333 939
11.05 940
11.0667 942
11.0833 944
11.1 946
11.1167 947
11.1333 949
11.15 951
11.1667 952
11.1833 954
11.2 955
11.2167 957
11.2333 959
11.25 960
11.2667 962
11.2833 963
11.3 965
11.3167 966
11.3333 968
11.35 969
11.3667 971
11.3833 972
11.4 973
11.4167 975
11.4333 976
11.45 977
11.4667 979
11.4833 980
11.5 981
11.5167 983
11.5333 984
11.55 985
11.5667 986
11.5833 988
11.6 989
11.6167 990
11.6333 991
11.65 992
11.6667 993
11.6833 994
11.7 995
11.7167 997
11.7333 998
11.75 999
11.7667 1000
11.7833 1001
11.8 1002
11.8167 1002
11.8333 1003
11.85 1004
11.8667 1005
11.8833 1006
11.9 1007
11.9167 1008
11.9333 1009
11.95 1009
11.9667 1010
11.9833 1011
12.0 1012
12.0167 1012
12.0333 1013
12.05 1014
12.0667 1015
12.0833 1015
12.1 1016
12.1167 1016
12.1333 1017
12.15 1018
12.1667 1018
12.1833 1019
12.2 1019
12.2167 1020
12.2333 1020
12.25 1021
12.2667 1021
12.2833 1022
12.3 1022
12.3167 1022
12.3333 1023
12.35 1023
12.3667 1023
12.3833 1024
12.4 1024
12.4167 1024
12.4333 1025
12.45 1025
12.4667 1025
12.4833 1025
12.5 1026
12.5167 1026
12.5333 1026
12.55 1026
12.5667 1026
12.5833 1026
12.6 1026
12.6167 1026
12.6333 1026
12.65 1026
12.6667 1026
12.6833 1026
12.7 1026
12.7167 1026
12.7333 1026
12.75 1026
12.7667 1026
12.7833 1026
12.8 1026
12.8167 1025
12.8333 1025
12.85 1025
12.8667 1025
12.8833 1025
12.9 1024
12.9167 1024
12.9333 1024
12.95 1023
12.9667 1023
12.9833 1023
13.0 1022
13.0167 1022
13.0333 1022
13.05 1021
13.0667 1021
13.0833 1020
13.1 1020
13.1167 1019
13.1333 1019
13.15 1018
13.1667 1018
13.1833 1017
13.2 1016
13.2167 1016
13.2333 1015
13.25 1014
13.2667 1014
13.2833 1013
13.3 1012
13.3167 1012
13.3333 1011
13.35 1010
13.3667 1009
13.3833 1009
13.4 1008
13.4167 1007
13.4333 1006
13.45 1005
13.4667 1004
13.4833 1003
13.5 1002
13.5167 1001
13.5333 1001
13.55 1000
13.5667 999
13.5833 998
13.6 996
13.6167 995
13.6333 994
13.65 993
13.6667 992
13.6833 991
13.7 990
13.7167 989
13.7333 988
13.75 986
13.7667 985
13.7833 984
13.8 983
13.8167 981
13.8333 980
13.85 979
13.8667 977
13.8833 976
13.9 975
13.9167 973
13.9333 972
13.95 970
13.9667 969
13.9833 968
14.0 966
14.0167 965
14.0333 963
14.05 962
14.0667 960
14.0833 959
14.1 957
14.1167 955
14.1333 954
14.15 952
14.1667 951
14.1833 949
14.2 947
14.2167 946
14.2333 944
14.25 942
14.2667 940
14.2833 939
14.3 937
14.3167 935
14.3333 933
14.35 931
14.3667 930
14.3833 928
14.4 926
14.4167 924
14.4333 922
14.45 920
14.4667 918
14.4833 916
14.5 914
14.5167 912
14.5333 910
14.55 908
14.5667 906
14.5833 904
14.6 902
14.6167 900
14.6333 898
14.65 896
14.6667 894
14.6833 891
14.7 889
14.7167 887
14.7333 885
14.75 883
14.7667 880
14.7833 878
14.8 876
14.8167 874
14.8333 871
14.85 869
14.8667 867
14.8833 864
14.9 862
14.9167 860
14.9333 857
14.95 855
14.9667 852
14.9833 850
15.0 848
15.0167 845
15.0333 843
15.05 840
15.0667 838
15.0833 835
15.1 833
15.1167 830
15.1333 828
15.15 825
15.1667 822
15.1833 820
15.2 817
15.2167 815
15.2333 812
15.25 809
15.2667 807
15.2833 804
15.3 801
15.3167 799
15.3333 796
15.35 793
15.3667 790
15.3833 788
15.4 785
15.4167 782
15.4333 779
15.45 776
15.4667 774
15.4833 771
15.5 768
15.5167 765
15.5333 762
15.55 759
15.5667 756
15.5833 753
15.6 750
15.6167 747
15.6333 744
15.65 742
15.6667 739
15.6833 736
15.7 733
15.7167 729
15.7333 726
15.75 723
15.7667 720
15.7833 717
15.8 714
15.8167 711
15.8333 708
15.85 705
15.8667 702
15.8833 699
15.9 695
15.9167 692
15.9333 689
15.95 686
15.9667 683
15.9833 680
16.0 676
16.0167 673
16.0333 670
16.05 667
16.0667 663
16.0833 660
16.1 657
16.1167 653
16.1333 650
16.15 647
16.1667 643
16.1833 640
16.2 637
16.2167 633
16.2333 630
16.25 627
16.2667 623
16.2833 620
16.3 617
16.3167 613
16.3333 610
16.35 606
16.3667 603
16.3833 599
16.4 596
16.4167 592
16.4333 589
16.45 586
16.4667 582
16.4833 579
16.5 575
16.5167 571
16.5333 568
16.55 564
16.5667 561
16.5833 557
16.6 554
16.6167 550
16.6333 547
16.65 543
16.6667 539
16.6833 536
16.7 532
16.7167 529
16.7333 525
16.75 521
16.7667 518
16.7833 514
16.8 511
16.8167 507
16.8333 503
16.85 500
16.8667 496
16.8833 492
16.9 489
16.9167 485
16.9333 481
16.95 478
16.9667 474
16.9833 470
