8.0 355
8.0167 359
8.0333 362
8.05 366
8.0667 369
8.0833 373
8.1 377
8.1167 380
8.1333 384
8.15 388
8.1667 391
8.1833 395
8.2 398
8.2167 402
8.2333 406
8.25 409
8.2667 413
8.2833 416
8.3 420
8.3167 424
8.3333 427
8.35 431
8.3667 434
8.3833 438
8.4 442
8.4167 445
8.4333 449
8.45 452
8.4667 456
8.4833 459
8.5 463
8.5167 467
8.5333 470
8.55 474
8.5667 477
8.5833 481
8.6 484
8.6167 488
8.6333 491
8.65 495
8.6667 498
8.6833 502
8.7 505
8.7167 509
8.7333 512
8.75 516
8.7667 519
8.7833 523
8.8 526
8.8167 529
8.8333 533
8.85 536
8.8667 540
8.8833 543
8.9 547
8.9167 550
8.9333 553
8.95 557
8.9667 560
8.9833 564
9.0 567
9.0167 570
9.0333 573
9.05 577
9.0667 580
9.0833 583
9.1 587
9.1167 590
9.1333 593
9.15 597
9.1667 600
9.1833 603
9.2 606
9.2167 610
9.2333 613
9.25 616
9.2667 619
9.2833 623
9.3 626
9.3167 629
9.3333 632
9.35 635
9.3667 638
9.3833 642
9.4 645
9.4167 648
9.4333 651
9.45 654
9.4667 657
9.4833 660
9.5 663
9.5167 667
9.5333 670
9.55 673
9.5667 676
9.5833 679
9.6 682
9.6167 685
9.6333 688
9.65 691
9.6667 694
9.6833 697
9.7 700
9.7167 702
9.7333 705
9.75 708
9.7667 711
9.7833 714
9.8 717
9.8167 720
9.8333 723
9.85 726
9.8667 728
9.8833 731
9.9 734
9.9167 737
9.9333 740
9.95 742
9.9667 745
9.9833 748
10.0 751
10.0167 753
10.0333 756
10.05 759
10.0667 761
10.0833 764
10.1 767
10.1167 769
10.1333 772
10.15 774
10.1667 777
10.1833 780
10.2 782
10.2167 785
10.2333 787
10.25 790
10.2667 792
10.2833 795
10.3 797
10.3167 800
10.3333 802
10.35 805
10.3667 807
10.3833 809
10.4 812
10.4167 814
10.4333 817
10.45 819
10.4667 821
10.4833 824
10.5 826
10.5167 828
10.5333 831
10.55 833
10.5667 835
10.5833 837
10.6 840
10.6167 842
10.6333 844
10.65 846
10.6667 848
10.6833 850
10.7 853
10.7167 855
10.7333 857
10.75 859
10.7667 861
10.7833 863
10.8 865
10.8167 867
10.8333 869
10.85 871
10.8667 873
10.8833 875
10.9 877
10.9167 879
10.9333 881
10.95 883
10.9667 884
10.9833 886
11.0 888
11.0167 890
11.0333 892
11.05 894
11.0667 895
11.0833 897
11.1 899
11.1167 901
11.1333 902
11.15 904
11.1667 906
11.1833 907
11.2 909
11.2167 911
11.2333 912
11.25 914
11.2667 916
11.2833 917
11.3 919
11.3167 920
11.3333 922
11.35 923
11.3667 925
11.3833 926
11.4 928
11.4167 929
11.4333 930
11.45 932
11.4667 933
11.4833 935
11.5 936
11.5167 937
11.5333 939
11.55 940
11.5667 941
11.5833 942
11.6 944
11.6167 945
11.6333 946
11.65 947
11.6667 948
11.6833 950
11.7 951
11.7167 952
11.7333 953
11.75 954
11.7667 955
11.7833 956
11.8 957
11.8167 958
11.8333 959
11.85 960
11.8667 961
11.8833 962
11.9 963
11.9167 964
11.9333 965
11.95 966
11.9667 966
11.9833 967
12.0 968
12.0167 969
12.0333 970
12.05 970
12.0667 971
12.0833 972
12.1 973
12.1167 973
12.1333 974
12.15 975
12.1667 975
12.1833 976
12.2 976
12.2167 977
12.2333 978
12.25 978
12.2667 979
12.2833 979
12.3 980
12.3167 980
12.3333 981
12.35 981
12.3667 981
12.3833 982
12.4 982
12.4167 983
12.4333 983
12.45 983
12.4667 984
12.4833 984
12.5 984
12.5167 984
12.5333 985
12.55 985
12.5667 985
12.5833 985
12.6 985
12.6167 985
12.6333 986
12.65 986
12.6667 986
12.6833 986
12.7 986
12.7167 986
12.7333 986
12.75 986
12.7667 986
12.7833 986
12.8 986
12.8167 986
12.8333 986
12.85 985
12.8667 985
12.8833 985
12.9 985
12.9167 985
12.9333 985
12.95 984
12.9667 984
12.9833 984
13.0 984
13.0167 983
13.0333 983
13.05 983
13.0667 982
13.0833 982
13.1 981
13.1167 981
13.1333 981
13.15 980
13.1667 980
13.1833 979
13.2 979
13.2167 978
13.2333 978
13.25 977
13.2667 976
13.2833 976
13.3 975
13.3167 975
13.3333 974
13.35 973
13.3667 973
13.3833 972
13.4 971
13.4167 970
13.4333 970
13.45 969
13.4667 968
13.4833 967
13.5 966
13.5167 966
13.5333 965
13.55 964
13.5667 963
13.5833 962
13.6 961
13.6167 960
13.6333 959
13.65 958
13.6667 957
13.6833 956
13.7 955
13.7167 954
13.7333 953
13.75 952
13.7667 951
13.7833 949
13.8 948
13.8167 947
13.8333 946
13.85 945
13.8667 944
13.8833 942
13.9 941
13.9167 940
13.9333 938
13.95 937
13.9667 936
13.9833 934
14.0 933
14.0167 932
14.0333 930
14.05 929
14.0667 928
14.0833 926
14.1 925
14.1167 923
14.1333 922
14.15 920
14.1667 919
14.1833 917
14.2 915
14.2167 914
14.2333 912
14.25 911
14.2667 909
14.2833 907
14.3 906
14.3167 904
14.3333 902
14.35 901
14.3667 899
14.3833 897
14.4 895
14.4167 894
14.4333 892
14.45 890
14.4667 888
14.4833 886
14.5 884
14.5167 883
14.5333 881
14.55 879
14.5667 877
14.5833 875
14.6 873
14.6167 871
14.6333 869
14.65 867
14.6667 865
14.6833 863
14.7 861
14.7167 859
14.7333 857
14.75 855
14.7667 852
14.7833 850
14.8 848
14.8167 846
14.8333 844
14.85 842
14.8667 839
14.8833 837
14.9 835
14.9167 833
14.9333 830
14.95 828
14.9667 826
14.9833 824
15.0 821
15.0167 819
15.0333 817
15.05 814
15.0667 812
15.0833 810
15.1 807
15.1167 805
15.1333 802
15.15 800
15.1667 797
15.1833 795
15.2 792
15.2167 790
15.2333 787
15.25 785
15.2667 782
15.2833 780
15.3 777
15.3167 774
15.3333 772
15.35 769
15.3667 767
15.3833 764
15.4 761
15.4167 759
15.4333 756
15.45 753
15.4667 751
15.4833 748
15.5 745
15.5167 742
15.5333 740
15.55 737
15.5667 734
15.5833 731
15.6 728
15.6167 726
15.6333 723
15.65 720
15.6667 717
15.6833 714
15.7 711
15.7167 708
15.7333 705
15.75 703
15.7667 700
15.7833 697
15.8 694
15.8167 691
15.8333 688
15.85 685
15.8667 682
15.8833 679
15.9 676
15.9167 673
15.9333 670
15.95 667
15.9667 663
15.9833 660
16.0 657
16.0167 654
16.0333 651
16.05 648
16.0667 645
16.0833 642
16.1 639
16.1167 635
16.1333 632
16.15 629
16.1667 626
16.1833 623
16.2 619
16.2167 616
16.2333 613
16.25 610
16.2667 606
16.2833 603
16.3 600
16.3167 597
16.3333 593
16.35 590
16.3667 587
16.3833 583
16.4 580
16.4167 577
16.4333 573
16.45 570
16.4667 567
16.4833 563
16.5 560
16.5167 557
16.5333 553
16.55 550
16.5667 546
16.5833 543
16.6 540
16.6167 536
16.6333 533
16.65 529
16.6667 526
16.6833 522
16.7 519
16.7167 515
16.7333 512
16.75 509
16.7667 505
16.7833 502
16.8 498
16.8167 495
16.8333 491
16.85 488
16.8667 484
16.8833 480
16.9 477
16.9167 473
16.9333 470
16.95 466
16.9667 463
16.9833 459
