8.0 338
8.0167 342
8.0333 346
8.05 349
8.0667 353
8.0833 357
8.1 360
8.1167 364
8.1333 367
8.15 371
8.1667 375
8.1833 378
8.2 382
8.2167 386
8.2333 389
8.25 393
8.2667 396
8.2833 400
8.3 404
8.3167 407
8.3333 411
8.35 414
8.3667 418
8.3833 422
8.4 425
8.4167 429
8.4333 432
8.45 436
8.4667 439
8.4833 443
8.5 447
8.5167 450
8.5333 454
8.55 457
8.5667 461
8.5833 464
8.6 468
8.6167 471
8.6333 475
8.65 478
8.6667 482
8.6833 485
8.7 489
8.7167 493
8.7333 496
8.75 499
8.7667 503
8.7833 506
8.8 510
8.8167 513
8.8333 517
8.85 520
8.8667 524
8.8833 527
8.9 531
8.9167 534
8.9333 537
8.95 541
8.9667 544
8.9833 548
9.0 551
9.0167 554
9.0333 558
9.05 561
9.0667 564
9.0833 568
9.1 571
9.1167 574
9.1333 578
9.15 581
9.1667 584
9.1833 588
9.2 591
9.2167 594
9.2333 597
9.25 601
9.2667 604
9.2833 607
9.3 610
9.3167 614
9.3333 617
9.35 620
9.3667 623
9.3833 626
9.4 630
9.4167 633
9.4333 636
9.45 639
9.4667 642
9.4833 645
9.5 648
9.5167 652
9.5333 655
9.55 658
9.5667 661
9.5833 664
9.6 667
9.6167 670
9.6333 673
9.65 676
9.6667 679
9.6833 682
9.7 685
9.7167 688
9.7333 691
9.75 694
9.7667 697
9.7833 700
9.8 703
9.8167 706
9.8333 708
9.85 711
9.8667 714
9.8833 717
9.9 720
9.9167 723
9.9333 725
9.95 728
9.9667 731
9.9833 734
10.0 737
10.0167 739
10.0333 742
10.05 745
10.0667 748
10.0833 750
10.1 753
10.1167 756
10.1333 758
10.15 761
10.1667 764
10.1833 766
10.2 769
10.2167 771
10.2333 774
10.25 777
10.2667 779
10.2833 782
10.3 784
10.3167 787
10.3333 789
10.35 792
10.3667 794
10.3833 797
10.4 799
10.4167 801
10.4333 804
10.45 806
10.4667 809
10.4833 811
10.5 813
10.5167 816
10.5333 818
10.55 820
10.5667 823
10.5833 825
10.6 827
10.6167 829
10.6333 832
10.65 834
10.6667 836
10.6833 838
10.7 840
10.7167 843
10.7333 845
10.75 847
10.7667 849
10.7833 851
10.8 853
10.8167 855
10.8333 857
10.85 859
10.8667 861
10.8833 863
10.9 865
10.9167 867
10.9333 869
10.95 871
10.9667 873
10.9833 875
11.0 877
11.0167 879
11.0333 881
11.05 882
11.0667 884
11.0833 886
11.1 888
11.1167 890
11.1333 891
11.15 893
11.1667 895
11.1833 897
11.2 898
11.2167 900
11.2333 902
11.25 903
11.2667 905
11.2833 906
11.3 908
11.3167 910
11.3333 911
11.35 913
11.3667 914
11.3833 916
11.4 917
11.4167 919
11.4333 920
11.45 922
11.4667 923
11.4833 924
11.5 926
11.5167 927
11.5333 929
11.55 930
11.5667 931
11.5833 933
11.6 934
11.6167 935
11.6333 936
11.65 938
11.6667 939
11.6833 940
11.7 941
11.7167 942
11.7333 943
11.75 945
11.7667 946
11.7833 947
11.8 948
11.8167 949
11.8333 950
11.85 951
11.8667 952
11.8833 953
11.9 954
11.9167 955
11.9333 956
11.95 957
11.9667 958
11.9833 959
12.0 959
12.0167 960
12.0333 961
12.05 962
12.0667 963
12.0833 963
12.1 964
12.1167 965
12.1333 966
12.15 966
12.1667 967
12.1833 968
12.2 968
12.2167 969
12.2333 970
12.25 970
12.2667 971
12.2833 971
12.3 972
12.3167 972
12.3333 973
12.35 973
12.3667 974
12.3833 974
12.4 975
12.4167 975
12.4333 975
12.45 976
12.4667 976
12.4833 976
12.5 977
12.5167 977
12.5333 977
12.55 978
12.5667 978
12.5833 978
12.6 978
12.6167 978
12.6333 979
12.65 979
12.6667 979
12.6833 979
12.7 979
12.7167 979
12.7333 979
12.75 979
12.7667 979
12.7833 979
12.8 979
12.8167 979
12.8333 979
12.85 979
12.8667 979
12.8833 979
12.9 979
12.9167 978
12.9333 978
12.95 978
12.9667 978
12.9833 978
13.0 977
13.0167 977
13.0333 977
13.05 977
13.0667 976
13.0833 976
13.1 976
13.1167 975
13.1333 975
13.15 974
13.1667 974
13.1833 974
13.2 973
13.2167 973
13.2333 972
13.25 972
13.2667 971
13.2833 970
13.3 970
13.3167 969
13.3333 969
13.35 968
13.3667 967
13.3833 967
13.4 966
13.4167 965
13.4333 965
13.45 964
13.4667 963
13.4833 962
13.5 961
13.5167 961
13.5333 960
13.55 959
13.5667 958
13.5833 957
13.6 956
13.6167 955
13.6333 954
13.65 954
13.6667 953
13.6833 952
13.7 951
13.7167 950
13.7333 948
13.75 947
13.7667 946
13.7833 945
13.8 944
13.8167 943
13.8333 942
13.85 941
13.8667 939
13.8833 938
13.9 937
13.9167 936
13.9333 935
13.95 933
13.9667 932
13.9833 931
14.0 929
14.0167 928
14.0333 927
14.05 925
14.0667 924
14.0833 922
14.1 921
14.1167 920
14.1333 918
14.15 917
14.1667 915
14.1833 914
14.2 912
14.2167 910
14.2333 909
14.25 907
14.2667 906
14.2833 904
14.3 902
14.3167 901
14.3333 899
14.35 897
14.3667 896
14.3833 894
14.4 892
14.4167 891
14.4333 889
14.45 887
14.4667 885
14.4833 883
14.5 882
14.5167 880
14.5333 878
14.55 876
14.5667 874
14.5833 872
14.6 870
14.6167 868
14.6333 866
14.65 864
14.6667 862
14.6833 860
14.7 858
14.7167 856
14.7333 854
14.75 852
14.7667 850
14.7833 848
14.8 846
14.8167 844
14.8333 842
14.85 839
14.8667 837
14.8833 835
14.9 833
14.9167 831
14.9333 828
14.95 826
14.9667 824
14.9833 822
15.0 819
15.0167 817
15.0333 815
15.05 812
15.0667 810
15.0833 808
15.1 805
15.1167 803
15.1333 800
15.15 798
15.1667 795
15.1833 793
15.2 791
15.2167 788
15.2333 786
15.25 783
15.2667 780
15.2833 778
15.3 775
15.3167 773
15.3333 770
15.35 768
15.3667 765
15.3833 762
15.4 760
15.4167 757
15.4333 754
15.45 752
15.4667 749
15.4833 746
15.5 744
15.5167 741
15.5333 738
15.55 735
15.5667 733
15.5833 730
15.6 727
15.6167 724
15.6333 721
15.65 719
15.6667 716
15.6833 713
15.7 710
15.7167 707
15.7333 704
15.75 701
15.7667 698
15.7833 695
15.8 693
15.8167 690
15.8333 687
15.85 684
15.8667 681
15.8833 678
15.9 675
15.9167 672
15.9333 669
15.95 666
15.9667 662
15.9833 659
16.0 656
16.0167 653
16.0333 650
16.05 647
16.0667 644
16.0833 641
16.1 638
16.1167 634
16.1333 631
16.15 628
16.1667 625
16.1833 622
16.2 619
16.2167 615
16.2333 612
16.25 609
16.2667 606
16.2833 602
16.3 599
16.3167 596
16.3333 593
16.35 589
16.3667 586
16.3833 583
16.4 579
16.4167 576
16.4333 573
16.45 569
16.4667 566
16.4833 563
16.5 559
16.5167 556
16.5333 553
16.55 549
16.5667 546
16.5833 542
16.6 539
16.6167 536
16.6333 532
16.65 529
16.6667 525
16.6833 522
16.7 518
16.7167 515
16.7333 512
16.75 508
16.7667 505
16.7833 501
16.8 498
16.8167 494
16.8333 491
16.85 487
16.8667 484
16.8833 480
16.9 477
16.9167 473
16.9333 470
16.95 466
16.9667 462
16.9833 459
