8.0 295
8.0167 299
8.0333 303
8.05 306
8.0667 310
8.0833 313
8.1 317
8.1167 321
8.1333 324
8.15 328
8.1667 331
8.1833 335
8.2 339
8.2167 342
8.2333 346
8.25 349
8.2667 353
8.2833 356
8.3 360
8.3167 364
8.3333 367
8.35 371
8.3667 375
8.3833 378
8.4 382
8.4167 385
8.4333 389
8.45 392
8.4667 396
8.4833 400
8.5 403
8.5167 407
8.5333 410
8.55 414
8.5667 418
8.5833 421
8.6 425
8.6167 428
8.6333 432
8.65 435
8.6667 439
8.6833 442
8.7 446
8.7167 449
8.7333 453
8.75 457
8.7667 460
8.7833 464
8.8 467
8.8167 471
8.8333 474
8.85 478
8.8667 481
8.8833 485
8.9 488
8.9167 491
8.9333 495
8.95 498
8.9667 502
8.9833 505
9.0 509
9.0167 512
9.0333 515
9.05 519
9.0667 522
9.0833 526
9.1 529
9.1167 532
9.1333 536
9.15 539
9.1667 542
9.1833 546
9.2 549
9.2167 552
9.2333 556
9.25 559
9.2667 562
9.2833 566
9.3 569
9.3167 572
9.3333 576
9.35 579
9.3667 582
9.3833 585
9.4 589
9.4167 592
9.4333 595
9.45 598
9.4667 601
9.4833 605
9.5 608
9.5167 611
9.5333 614
9.55 617
9.5667 620
9.5833 624
9.6 627
9.6167 630
9.6333 633
9.65 636
9.6667 639
9.6833 642
9.7 645
9.7167 648
9.7333 651
9.75 654
9.7667 657
9.7833 660
9.8 663
9.8167 666
9.8333 669
9.85 672
9.8667 675
9.8833 678
9.9 681
9.9167 684
9.9333 687
9.95 690
9.9667 692
9.9833 695
10.0 698
10.0167 701
10.0333 704
10.05 706
10.0667 709
10.0833 712
10.1 715
10.1167 718
10.1333 720
10.15 723
10.1667 726
10.1833 728
10.2 731
10.2167 734
10.2333 736
10.25 739
10.2667 742
10.2833 744
10.3 747
10.3167 749
10.3333 752
10.35 755
10.3667 757
10.3833 760
10.4 762
10.4167 765
10.4333 767
10.45 770
10.4667 772
10.4833 774
10.5 777
10.5167 779
10.5333 782
10.55 784
10.5667 786
10.5833 789
10.6 791
10.6167 793
10.6333 796
10.65 798
10.6667 800
10.6833 802
10.7 805
10.7167 807
10.7333 809
10.75 811
10.7667 814
10.7833 816
10.8 818
10.8167 820
10.8333 822
10.85 824
10.8667 826
10.8833 828
10.9 830
10.9167 832
10.9333 834
10.95 836
10.9667 838
10.9833 840
11.0 842
11.0167 844
11.0333 846
11.05 848
11.0667 850
11.0833 852
11.1 854
11.1167 856
11.1333 857
11.15 859
11.1667 861
11.1833 863
11.2 865
11.2167 866
11.2333 868
11.25 870
11.2667 871
11.2833 873
11.3 875
11.3167 876
11.3333 878
11.35 880
11.3667 881
11.3833 883
11.4 884
11.4167 886
11.4333 887
11.45 889
11.4667 890
11.4833 892
11.5 893
11.5167 895
11.5333 896
11.55 897
11.5667 899
11.5833 900
11.6 902
11.6167 903
11.6333 904
11.65 905
11.6667 907
11.6833 908
11.7 909
11.7167 910
11.7333 912
11.75 913
11.7667 914
11.7833 915
11.8 916
11.8167 917
11.8333 918
11.85 920
11.8667 921
11.8833 922
11.9 923
11.9167 924
11.9333 925
11.95 926
11.9667 926
11.9833 927
12.0 928
12.0167 929
12.0333 930
12.05 931
12.0667 932
12.0833 933
12.1 933
12.1167 934
12.1333 935
12.15 936
12.1667 936
12.1833 937
12.2 938
12.2167 938
12.2333 939
12.25 940
12.2667 940
12.2833 941
12.3 941
12.3167 942
12.3333 943
12.35 943
12.3667 944
12.3833 944
12.4 945
12.4167 945
12.4333 945
12.45 946
12.4667 946
12.4833 947
12.5 947
12.5167 947
12.5333 948
12.55 948
12.5667 948
12.5833 948
12.6 949
12.6167 949
12.6333 949
12.65 949
12.6667 949
12.6833 949
12.7 950
12.7167 950
12.7333 950
12.75 950
12.7667 950
12.7833 950
12.8 950
12.8167 950
12.8333 950
12.85 950
12.8667 950
12.8833 950
12.9 950
12.9167 949
12.9333 949
12.95 949
12.9667 949
12.9833 949
13.0 948
13.0167 948
13.0333 948
13.05 948
13.0667 947
13.0833 947
13.1 947
13.1167 946
13.1333 946
13.15 946
13.1667 945
13.1833 945
13.2 944
13.2167 944
13.2333 943
13.25 943
13.2667 942
13.2833 942
13.3 941
13.3167 941
13.3333 940
13.35 939
13.3667 939
13.3833 938
13.4 937
13.4167 937
13.4333 936
13.45 935
13.4667 935
13.4833 934
13.5 933
13.5167 932
13.5333 931
13.55 931
13.5667 930
13.5833 929
13.6 928
13.6167 927
13.6333 926
13.65 925
13.6667 924
13.6833 923
13.7 922
13.7167 921
13.7333 920
13.75 919
13.7667 918
13.7833 917
13.8 916
13.8167 915
13.8333 913
13.85 912
13.8667 911
13.8833 910
13.9 909
13.9167 907
13.9333 906
13.95 905
13.9667 904
13.9833 902
14.0 901
14.0167 900
14.0333 898
14.05 897
14.0667 895
14.0833 894
14.1 893
14.1167 891
14.1333 890
14.15 888
14.1667 887
14.1833 885
14.2 884
14.2167 882
14.2333 881
14.25 879
14.2667 877
14.2833 876
14.3 874
14.3167 872
14.3333 871
14.35 869
14.3667 867
14.3833 866
14.4 864
14.4167 862
14.4333 860
14.45 858
14.4667 857
14.4833 855
14.5 853
14.5167 851
14.5333 849
14.55 847
14.5667 845
14.5833 844
14.6 842
14.6167 840
14.6333 838
14.65 836
14.6667 834
14.6833 832
14.7 830
14.7167 827
14.7333 825
14.75 823
14.7667 821
14.7833 819
14.8 817
14.8167 815
14.8333 813
14.85 810
14.8667 808
14.8833 806
14.9 804
14.9167 802
14.9333 799
14.95 797
14.9667 795
14.9833 792
15.0 790
15.0167 788
15.0333 785
15.05 783
15.0667 780
15.0833 778
15.1 776
15.1167 773
15.1333 771
15.15 768
15.1667 766
15.1833 763
15.2 761
15.2167 758
15.2333 756
15.25 753
15.2667 751
15.2833 748
15.3 746
15.3167 743
15.3333 740
15.35 738
15.3667 735
15.3833 732
15.4 730
15.4167 727
15.4333 724
15.45 722
15.4667 719
15.4833 716
15.5 713
15.5167 711
15.5333 708
15.55 705
15.5667 702
15.5833 699
15.6 697
15.6167 694
15.6333 691
15.65 688
15.6667 685
15.6833 682
15.7 679
15.7167 676
15.7333 674
15.75 671
15.7667 668
15.7833 665
15.8 662
15.8167 659
15.8333 656
15.85 653
15.8667 650
15.8833 647
15.9 644
15.9167 641
15.9333 637
15.95 634
15.9667 631
15.9833 628
16.0 625
16.0167 622
16.0333 619
16.05 616
16.0667 613
16.0833 609
16.1 606
16.1167 603
16.1333 600
16.15 597
16.1667 593
16.1833 590
16.2 587
16.2167 584
16.2333 580
16.25 577
16.2667 574
16.2833 571
16.3 567
16.3167 564
16.3333 561
16.35 557
16.3667 554
16.3833 551
16.4 547
16.4167 544
16.4333 541
16.45 537
16.4667 534
16.4833 531
16.5 527
16.5167 524
16.5333 520
16.55 517
16.5667 514
16.5833 510
16.6 507
16.6167 503
16.6333 500
16.65 496
16.6667 493
16.6833 489
16.7 486
16.7167 482
16.7333 479
16.75 476
16.7667 472
16.7833 469
16.8 465
16.8167 461
16.8333 458
16.85 454
16.8667 451
16.8833 447
16.9 444
16.9167 440
16.9333 437
16.95 433
16.9667 430
16.9833 426
