8.0 352
8.0167 356
8.0333 360
8.05 363
8.0667 367
8.0833 371
8.1 375
8.1167 378
8.1333 382
8.15 386
8.1667 389
8.1833 393
8.2 397
8.2167 401
8.2333 404
8.25 408
8.2667 412
8.2833 415
8.3 419
8.3167 423
8.3333 427
8.35 430
8.3667 434
8.3833 438
8.4 441
8.4167 445
8.4333 449
8.45 452
8.4667 456
8.4833 460
8.5 463
8.5167 467
8.5333 471
8.55 474
8.5667 478
8.5833 481
8.6 485
8.6167 489
8.6333 492
8.65 496
8.6667 500
8.6833 503
8.7 507
8.7167 510
8.7333 514
8.75 517
8.7667 521
8.7833 525
8.8 528
8.8167 532
8.8333 535
8.85 539
8.8667 542
8.8833 546
8.9 549
8.9167 553
8.9333 556
8.95 560
8.9667 563
8.9833 567
9.0 570
9.0167 573
9.0333 577
9.05 580
9.0667 584
9.0833 587
9.1 590
9.1167 594
9.1333 597
9.15 601
9.1667 604
9.1833 607
9.2 611
9.2167 614
9.2333 617
9.25 621
9.2667 624
9.2833 627
9.3 631
9.3167 634
9.3333 637
9.35 640
9.3667 644
9.3833 647
9.4 650
9.4167 653
9.4333 657
9.45 660
9.4667 663
9.4833 666
9.5 669
9.5167 673
9.5333 676
9.55 679
9.5667 682
9.5833 685
9.6 688
9.6167 691
9.6333 694
9.65 697
9.6667 701
9.6833 704
9.7 707
9.7167 710
9.7333 713
9.75 716
9.7667 719
9.7833 722
9.8 725
9.8167 728
9.8333 730
9.85 733
9.8667 736
9.8833 739
9.9 742
9.9167 745
9.9333 748
9.95 751
9.9667 754
9.9833 756
10.0 759
10.0167 762
10.0333 765
10.05 768
10.0667 770
10.0833 773
10.1 776
10.1167 778
10.1333 781
10.15 784
10.1667 787
10.1833 789
10.2 792
10.2167 795
10.2333 797
10.25 800
10.2667 802
10.2833 805
10.3 807
10.3167 810
10.3333 813
10.35 815
10.3667 818
10.3833 820
10.4 823
10.4167 825
10.4333 827
10.45 830
10.4667 832
10.4833 835
10.5 837
10.5167 840
10.5333 842
10.55 844
10.5667 847
10.5833 849
10.6 851
10.6167 853
10.6333 856
10.65 858
10.6667 860
10.6833 862
10.7 865
10.7167 867
10.7333 869
10.75 871
10.7667 873
10.7833 876
10.8 878
10.8167 880
10.8333 882
10.85 884
10.8667 886
10.8833 888
10.9 890
10.9167 892
10.9333 894
10.95 896
10.9667 898
10.9833 900
11.0 902
11.0167 904
11.0333 906
11.05 907
11.0667 909
11.0833 911
11.1 913
11.1167 915
11.1333 917
11.15 918
11.1667 920
11.1833 922
11.2 924
11.2167 925
11.2333 927
11.25 929
11.2667 930
11.2833 932
11.3 934
11.3167 935
11.3333 937
11.35 938
11.3667 940
11.3833 941
11.4 943
11.4167 944
11.4333 946
11.45 947
11.4667 949
11.4833 950
11.5 952
11.5167 953
11.5333 955
11.55 956
11.5667 957
11.5833 959
11.6 960
11.6167 961
11.6333 962
11.65 964
11.6667 965
11.6833 966
11.7 967
11.7167 969
11.7333 970
11.75 971
11.7667 972
11.7833 973
11.8 974
11.8167 975
11.8333 976
11.85 977
11.8667 978
11.8833 979
11.9 980
11.9167 981
11.9333 982
11.95 983
11.9667 984
11.9833 985
12.0 986
12.0167 987
12.0333 988
12.05 989
12.0667 989
12.0833 990
12.1 991
12.1167 992
12.1333 992
12.15 993
12.1667 994
12.1833 995
12.2 995
12.2167 996
12.2333 996
12.25 997
12.2667 998
12.2833 998
12.3 999
12.3167 999
12.3333 1000
12.35 1000
12.3667 1001
12.3833 1001
12.4 1002
12.4167 1002
12.4333 1003
12.45 1003
12.4667 1003
12.4833 1004
12.5 1004
12.5167 1004
12.5333 1005
12.55 1005
12.5667 1005
12.5833 1005
12.6 1006
12.6167 1006
12.6333 1006
12.65 1006
12.6667 1006
12.6833 1006
12.7 1006
12.7167 1006
12.7333 1007
12.75 1007
12.7667 1007
12.7833 1007
12.8 1007
12.8167 1007
12.8333 1007
12.85 1006
12.8667 1006
12.8833 1006
12.9 1006
12.9167 1006
12.9333 1006
12.95 1006
12.9667 1005
12.9833 1005
13.0 1005
13.0167 1005
13.0333 1005
13.05 1004
13.0667 1004
13.0833 1004
13.1 1003
13.1167 1003
13.1333 1002
13.15 1002
13.1667 1002
13.1833 1001
13.2 1001
13.2167 1000
13.2333 1000
13.25 999
13.2667 999
13.2833 998
13.3 998
13.3167 997
13.3333 996
13.35 996
13.3667 995
13.3833 994
13.4 994
13.4167 993
13.4333 992
13.45 992
13.4667 991
13.4833 990
13.5 989
13.5167 989
13.5333 988
13.55 987
13.5667 986
13.5833 985
13.6 984
13.6167 983
13.6333 982
13.65 981
13.6667 980
13.6833 979
13.7 978
13.7167 977
13.7333 976
13.75 975
13.7667 974
13.7833 973
13.8 972
13.8167 971
13.8333 970
13.85 969
13.8667 967
13.8833 966
13.9 965
13.9167 964
13.9333 962
13.95 961
13.9667 960
13.9833 959
14.0 957
14.0167 956
14.0333 954
14.05 953
14.0667 952
14.0833 950
14.1 949
14.1167 947
14.1333 946
14.15 944
14.1667 943
14.1833 941
14.2 940
14.2167 938
14.2333 937
14.25 935
14.2667 934
14.2833 932
14.3 930
14.3167 929
14.3333 927
14.35 925
14.3667 924
14.3833 922
14.4 920
14.4167 918
14.4333 917
14.45 915
14.4667 913
14.4833 911
14.5 909
14.5167 907
14.5333 906
14.55 904
14.5667 902
14.5833 900
14.6 898
14.6167 896
14.6333 894
14.65 892
14.6667 890
14.6833 888
14.7 886
14.7167 884
14.7333 882
14.75 880
14.7667 878
14.7833 875
14.8 873
14.8167 871
14.8333 869
14.85 867
14.8667 865
14.8833 862
14.9 860
14.9167 858
14.9333 856
14.95 853
14.9667 851
14.9833 849
15.0 847
15.0167 844
15.0333 842
15.05 839
15.0667 837
15.0833 835
15.1 832
15.1167 830
15.1333 827
15.15 825
15.1667 822
15.1833 820
15.2 818
15.2167 815
15.2333 812
15.25 810
15.2667 807
15.2833 805
15.3 802
15.3167 800
15.3333 797
15.35 794
15.3667 792
15.3833 789
15.4 786
15.4167 784
15.4333 781
15.45 778
15.4667 776
15.4833 773
15.5 770
15.5167 767
15.5333 765
15.55 762
15.5667 759
15.5833 756
15.6 753
15.6167 751
15.6333 748
15.65 745
15.6667 742
15.6833 739
15.7 736
15.7167 733
15.7333 730
15.75 727
15.7667 724
15.7833 721
15.8 719
15.8167 716
15.8333 713
15.85 709
15.8667 706
15.8833 703
15.9 700
15.9167 697
15.9333 694
15.95 691
15.9667 688
15.9833 685
16.0 682
16.0167 679
16.0333 676
16.05 672
16.0667 669
16.0833 666
16.1 663
16.1167 660
16.1333 657
16.15 653
16.1667 650
16.1833 647
16.2 644
16.2167 640
16.2333 637
16.25 634
16.2667 630
16.2833 627
16.3 624
16.3167 621
16.3333 617
16.35 614
16.3667 611
16.3833 607
16.4 604
16.4167 600
16.4333 597
16.45 594
16.4667 590
16.4833 587
16.5 583
16.5167 580
16.5333 577
16.55 573
16.5667 570
16.5833 566
16.6 563
16.6167 559
16.6333 556
16.65 552
16.6667 549
16.6833 545
16.7 542
16.7167 538
16.7333 535
16.75 531
16.7667 528
16.7833 524
16.8 521
16.8167 517
16.8333 513
16.85 510
16.8667 506
16.8833 503
16.9 499
16.9167 495
16.9333 492
16.95 488
16.9667 485
16.9833 481
