8.0 312
8.0167 315
8.0333 319
8.05 322
8.0667 326
8.0833 329
8.1 333
8.1167 337
8.1333 340
8.15 344
8.1667 347
8.1833 351
8.2 354
8.2167 358
8.2333 362
8.25 365
8.2667 369
8.2833 372
8.3 376
8.3167 379
8.3333 383
8.35 387
8.3667 390
8.3833 394
8.4 397
8.4167 401
8.4333 404
8.45 408
8.4667 411
8.4833 415
8.5 419
8.5167 422
8.5333 426
8.55 429
8.5667 433
8.5833 436
8.6 440
8.6167 443
8.6333 447
8.65 450
8.6667 454
8.6833 457
8.7 461
8.7167 464
8.7333 468
8.75 471
8.7667 475
8.7833 478
8.8 482
8.8167 485
8.8333 489
8.85 492
8.8667 495
8.8833 499
8.9 502
8.9167 506
8.9333 509
8.95 513
8.9667 516
8.9833 519
9.0 523
9.0167 526
9.0333 529
9.05 533
9.0667 536
9.0833 539
9.1 543
9.1167 546
9.1333 549
9.15 553
9.1667 556
9.1833 559
9.2 563
9.2167 566
9.2333 569
9.25 572
9.2667 576
9.2833 579
9.3 582
9.3167 585
9.3333 589
9.35 592
9.3667 595
9.3833 598
9.4 601
9.4167 605
9.4333 608
9.45 611
9.4667 614
9.4833 617
9.5 620
9.5167 624
9.5333 627
9.55 630
9.5667 633
9.5833 636
9.6 639
9.6167 642
9.6333 645
9.65 648
9.6667 651
9.6833 654
9.7 657
9.7167 660
9.7333 663
9.75 666
9.7667 669
9.7833 672
9.8 675
9.8167 678
9.8333 681
9.85 684
9.8667 687
9.8833 689
9.9 692
9.9167 695
9.9333 698
9.95 701
9.9667 704
9.9833 706
10.0 709
10.0167 712
10.0333 715
10.05 718
10.0667 720
10.0833 723
10.1 726
10.1167 728
10.1333 731
10.15 734
10.1667 736
10.1833 739
10.2 742
10.2167 744
10.2333 747
10.25 749
10.2667 752
10.2833 755
10.3 757
10.3167 760
10.3333 762
10.35 765
10.3667 767
10.3833 770
10.4 772
10.4167 775
10.4333 777
10.45 779
10.4667 782
10.4833 784
10.5 787
10.5167 789
10.5333 791
10.55 794
10.5667 796
10.5833 798
10.6 801
10.6167 803
10.6333 805
10.65 807
10.6667 810
10.6833 812
10.7 814
10.7167 816
10.7333 818
10.75 821
10.7667 823
10.7833 825
10.8 827
10.8167 829
10.8333 831
10.85 833
10.8667 835
10.8833 837
10.9 839
10.9167 841
10.9333 843
10.95 845
10.9667 847
10.9833 849
11.0 851
11.0167 853
11.0333 855
11.05 857
11.0667 859
11.0833 860
11.1 862
11.1167 864
11.1333 866
11.15 868
11.1667 869
11.1833 871
11.2 873
11.2167 875
11.2333 876
11.25 878
11.2667 880
11.2833 881
11.3 883
11.3167 884
11.3333 886
11.35 888
11.3667 889
11.3833 891
11.4 892
11.4167 894
11.4333 895
11.45 897
11.4667 898
11.4833 900
11.5 901
11.5167 902
11.5333 904
11.55 905
11.5667 907
11.5833 908
11.6 909
11.6167 910
11.6333 912
11.65 913
11.6667 914
11.6833 915
11.7 917
11.7167 918
11.7333 919
11.75 920
11.7667 921
11.7833 922
11.8 924
11.8167 925
11.8333 926
11.85 927
11.8667 928
11.8833 929
11.9 930
11.9167 931
11.9333 932
11.95 933
11.9667 934
11.9833 935
12.0 935
12.0167 936
12.0333 937
12.05 938
12.0667 939
12.0833 940
12.1 940
12.1167 941
12.1333 942
12.15 943
12.1667 943
12.1833 944
12.2 945
12.2167 945
12.2333 946
12.25 947
12.2667 947
12.2833 948
12.3 948
12.3167 949
12.3333 949
12.35 950
12.3667 950
12.3833 951
12.4 951
12.4167 952
12.4333 952
12.45 953
12.4667 953
12.4833 953
12.5 954
12.5167 954
12.5333 954
12.55 954
12.5667 955
12.5833 955
12.6 955
12.6167 955
12.6333 956
12.65 956
12.6667 956
12.6833 956
12.7 956
12.7167 956
12.7333 956
12.75 956
12.7667 956
12.7833 956
12.8 956
12.8167 956
12.8333 956
12.85 956
12.8667 956
12.8833 956
12.9 956
12.9167 956
12.9333 956
12.95 956
12.9667 955
12.9833 955
13.0 955
13.0167 955
13.0333 955
13.05 954
13.0667 954
13.0833 954
13.1 953
13.1167 953
13.1333 953
13.15 952
13.1667 952
13.1833 951
13.2 951
13.2167 950
13.2333 950
13.25 949
13.2667 949
13.2833 948
13.3 948
13.3167 947
13.3333 947
13.35 946
13.3667 945
13.3833 945
13.4 944
13.4167 943
13.4333 943
13.45 942
13.4667 941
13.4833 941
13.5 940
13.5167 939
13.5333 938
13.55 937
13.5667 936
13.5833 936
13.6 935
13.6167 934
13.6333 933
13.65 932
13.6667 931
13.6833 930
13.7 929
13.7167 928
13.7333 927
13.75 926
13.7667 925
13.7833 924
13.8 923
13.8167 922
13.8333 920
13.85 919
13.8667 918
13.8833 917
13.9 916
13.9167 914
13.9333 913
13.95 912
13.9667 911
13.9833 909
14.0 908
14.0167 907
14.0333 905
14.05 904
14.0667 903
14.0833 901
14.1 900
14.1167 898
14.1333 897
14.15 896
14.1667 894
14.1833 893
14.2 891
14.2167 889
14.2333 888
14.25 886
14.2667 885
14.2833 883
14.3 882
14.3167 880
14.3333 878
14.35 877
14.3667 875
14.3833 873
14.4 871
14.4167 870
14.4333 868
14.45 866
14.4667 864
14.4833 863
14.5 861
14.5167 859
14.5333 857
14.55 855
14.5667 853
14.5833 851
14.6 849
14.6167 848
14.6333 846
14.65 844
14.6667 842
14.6833 840
14.7 838
14.7167 836
14.7333 834
14.75 832
14.7667 829
14.7833 827
14.8 825
14.8167 823
14.8333 821
14.85 819
14.8667 817
14.8833 814
14.9 812
14.9167 810
14.9333 808
14.95 806
14.9667 803
14.9833 801
15.0 799
15.0167 796
15.0333 794
15.05 792
15.0667 789
15.0833 787
15.1 785
15.1167 782
15.1333 780
15.15 777
15.1667 775
15.1833 773
15.2 770
15.2167 768
15.2333 765
15.25 763
15.2667 760
15.2833 758
15.3 755
15.3167 752
15.3333 750
15.35 747
15.3667 745
15.3833 742
15.4 739
15.4167 737
15.4333 734
15.45 731
15.4667 729
15.4833 726
15.5 723
15.5167 721
15.5333 718
15.55 715
15.5667 712
15.5833 710
15.6 707
15.6167 704
15.6333 701
15.65 698
15.6667 696
15.6833 693
15.7 690
15.7167 687
15.7333 684
15.75 681
15.7667 678
15.7833 675
15.8 672
15.8167 669
15.8333 667
15.85 664
15.8667 661
15.8833 658
15.9 655
15.9167 652
15.9333 649
15.95 646
15.9667 642
15.9833 639
16.0 636
16.0167 633
16.0333 630
16.05 627
16.0667 624
16.0833 621
16.1 618
16.1167 615
16.1333 611
16.15 608
16.1667 605
16.1833 602
16.2 599
16.2167 596
16.2333 592
16.25 589
16.2667 586
16.2833 583
16.3 579
16.3167 576
16.3333 573
16.35 570
16.3667 566
16.3833 563
16.4 560
16.4167 556
16.4333 553
16.45 550
16.4667 546
16.4833 543
16.5 540
16.5167 536
16.5333 533
16.55 530
16.5667 526
16.5833 523
16.6 520
16.6167 516
16.6333 513
16.65 509
16.6667 506
16.6833 503
16.7 499
16.7167 496
16.7333 492
16.75 489
16.7667 485
16.7833 482
16.8 478
16.8167 475
16.8333 471
16.85 468
16.8667 464
16.8833 461
16.9 457
16.9167 454
16.9333 450
16.95 447
16.9667 443
16.9833 440
