8.0 355
8.0167 359
8.0333 363
8.05 367
8.0667 371
8.0833 375
8.1 379
8.1167 383
8.1333 386
8.15 390
8.1667 394
8.1833 398
8.2 402
8.2167 406
8.2333 409
8.25 413
8.2667 417
8.2833 421
8.3 425
8.3167 429
8.3333 432
8.35 436
8.3667 440
8.3833 444
8.4 448
8.4167 452
8.4333 455
8.45 459
8.4667 463
8.4833 467
8.5 470
8.5167 474
8.5333 478
8.55 482
8.5667 485
8.5833 489
8.6 493
8.6167 497
8.6333 500
8.65 504
8.6667 508
8.6833 512
8.7 515
8.7167 519
8.7333 523
8.75 526
8.7667 530
8.7833 534
8.8 537
8.8167 541
8.8333 545
8.85 548
8.8667 552
8.8833 556
8.9 559
8.9167 563
8.9333 566
8.95 570
8.9667 574
8.9833 577
9.0 581
9.0167 584
9.0333 588
9.05 591
9.0667 595
9.0833 598
9.1 602
9.1167 605
9.1333 609
9.15 612
9.1667 616
9.1833 619
9.2 623
9.2167 626
9.2333 629
9.25 633
9.2667 636
9.2833 640
9.3 643
9.3167 646
9.3333 650
9.35 653
9.3667 657
9.3833 660
9.4 663
9.4167 667
9.4333 670
9.45 673
9.4667 677
9.4833 680
9.5 683
9.5167 686
9.5333 690
9.55 693
9.5667 696
9.5833 699
9.6 702
9.6167 706
9.6333 709
9.65 712
9.6667 715
9.6833 718
9.7 721
9.7167 724
9.7333 728
9.75 731
9.7667 734
9.7833 737
9.8 740
9.8167 743
9.8333 746
9.85 749
9.8667 752
9.8833 755
9.9 758
9.9167 761
9.9333 764
9.95 767
9.9667 770
9.9833 773
10.0 775
10.0167 778
10.0333 781
10.05 784
10.0667 787
10.0833 790
10.1 793
10.1167 795
10.1333 798
10.15 801
10.1667 804
10.1833 806
10.2 809
10.2167 812
10.2333 815
10.25 817
10.2667 820
10.2833 823
10.3 825
10.3167 828
10.3333 831
10.35 833
10.3667 836
10.3833 838
10.4 841
10.4167 843
10.4333 846
10.45 848
10.4667 851
10.4833 853
10.5 856
10.5167 858
10.5333 861
10.55 863
10.5667 866
10.5833 868
10.6 870
10.6167 873
10.6333 875
10.65 877
10.6667 880
10.6833 882
10.7 884
10.7167 886
10.7333 889
10.75 891
10.7667 893
10.7833 895
10.8 898
10.8167 900
10.8333 902
10.85 904
10.8667 906
10.8833 908
10.9 910
10.9167 912
10.9333 914
10.95 916
10.9667 919
10.9833 920
11.0 922
11.0167 924
11.0333 926
11.05 928
11.0667 930
11.0833 932
11.1 934
11.1167 936
11.1333 938
11.15 940
11.1667 941
11.1833 943
11.2 945
11.2167 947
11.2333 948
11.25 950
11.2667 952
11.2833 954
11.3 955
11.3167 957
11.3333 959
11.35 960
11.3667 962
11.3833 963
11.4 965
11.4167 967
11.4333 968
11.45 970
11.4667 971
11.4833 973
11.5 974
11.5167 976
11.5333 977
11.55 978
11.5667 980
11.5833 981
11.6 982
11.6167 984
11.6333 985
11.65 986
11.6667 988
11.6833 989
11.7 990
11.7167 991
11.7333 993
11.75 994
11.7667 995
11.7833 996
11.8 997
11.8167 998
11.8333 1000
11.85 1001
11.8667 1002
11.8833 1003
11.9 1004
11.9167 1005
11.9333 1006
11.95 1007
11.9667 1008
11.9833 1009
12.0 1010
12.0167 1010
12.0333 1011
12.05 1012
12.0667 1013
12.0833 1014
12.1 1015
12.1167 1015
12.1333 1016
12.15 1017
12.1667 1018
12.1833 1018
12.2 1019
12.2167 1020
12.2333 1020
12.25 1021
12.2667 1022
12.2833 1022
12.3 1023
12.3167 1023
12.3333 1024
12.35 1025
12.3667 1025
12.3833 1026
12.4 1026
12.4167 1026
12.4333 1027
12.45 1027
12.4667 1028
12.4833 1028
12.5 1028
12.5167 1029
12.5333 1029
12.55 1029
12.5667 1030
12.5833 1030
12.6 1030
12.6167 1030
12.6333 1031
12.65 1031
12.6667 1031
12.6833 1031
12.7 1031
12.7167 1031
12.7333 1031
12.75 1031
12.7667 1031
12.7833 1031
12.8 1031
12.8167 1031
12.8333 1031
12.85 1031
12.8667 1031
12.8833 1031
12.9 1031
12.9167 1031
12.9333 1031
12.95 1031
12.9667 1030
12.9833 1030
13.0 1030
13.0167 1030
13.0333 1030
13.05 1029
13.0667 1029
13.0833 1029
13.1 1028
13.1167 1028
13.1333 1028
13.15 1027
13.1667 1027
13.1833 1026
13.2 1026
13.2167 1025
13.2333 1025
13.25 1024
13.2667 1024
13.2833 1023
13.3 1023
13.3167 1022
13.3333 1022
13.35 1021
13.3667 1020
13.3833 1020
13.4 1019
13.4167 1018
13.4333 1018
13.45 1017
13.4667 1016
13.4833 1015
13.5 1015
13.5167 1014
13.5333 1013
13.55 1012
13.5667 1011
13.5833 1010
13.6 1009
13.6167 1008
13.6333 1008
13.65 1007
13.6667 1006
13.6833 1005
13.7 1004
13.7167 1003
13.7333 1001
13.75 1000
13.7667 999
13.7833 998
13.8 997
13.8167 996
13.8333 995
13.85 994
13.8667 992
13.8833 991
13.9 990
13.9167 989
13.9333 987
13.95 986
13.9667 985
13.9833 983
14.0 982
14.0167 981
14.0333 979
14.05 978
14.0667 977
14.0833 975
14.1 974
14.1167 972
14.1333 971
14.15 969
14.1667 968
14.1833 966
14.2 965
14.2167 963
14.2333 961
14.25 960
14.2667 958
14.2833 957
14.3 955
14.3167 953
14.3333 952
14.35 950
14.3667 948
14.3833 946
14.4 945
14.4167 943
14.4333 941
14.45 939
14.4667 937
14.4833 935
14.5 934
14.5167 932
14.5333 930
14.55 928
14.5667 926
14.5833 924
14.6 922
14.6167 920
14.6333 918
14.65 916
14.6667 914
14.6833 912
14.7 910
14.7167 908
14.7333 906
14.75 903
14.7667 901
14.7833 899
14.8 897
14.8167 895
14.8333 893
14.85 890
14.8667 888
14.8833 886
14.9 884
14.9167 881
14.9333 879
14.95 877
14.9667 874
14.9833 872
15.0 870
15.0167 867
15.0333 865
15.05 862
15.0667 860
15.0833 858
15.1 855
15.1167 853
15.1333 850
15.15 848
15.1667 845
15.1833 843
15.2 840
15.2167 837
15.2333 835
15.25 832
15.2667 830
15.2833 827
15.3 824
15.3167 822
15.3333 819
15.35 816
15.3667 814
15.3833 811
15.4 808
15.4167 806
15.4333 803
15.45 800
15.4667 797
15.4833 795
15.5 792
15.5167 789
15.5333 786
15.55 783
15.5667 780
15.5833 778
15.6 775
15.6167 772
15.6333 769
15.65 766
15.6667 763
15.6833 760
15.7 757
15.7167 754
15.7333 751
15.75 748
15.7667 745
15.7833 742
15.8 739
15.8167 736
15.8333 733
15.85 730
15.8667 727
15.8833 724
15.9 720
15.9167 717
15.9333 714
15.95 711
15.9667 708
15.9833 705
16.0 701
16.0167 698
16.0333 695
16.05 692
16.0667 689
16.0833 685
16.1 682
16.1167 679
16.1333 675
16.15 672
16.1667 669
16.1833 666
16.2 662
16.2167 659
16.2333 656
16.25 652
16.2667 649
16.2833 645
16.3 642
16.3167 639
16.3333 635
16.35 632
16.3667 628
16.3833 625
16.4 621
16.4167 618
16.4333 615
16.45 611
16.4667 608
16.4833 604
16.5 601
16.5167 597
16.5333 594
16.55 590
16.5667 586
16.5833 583
16.6 579
16.6167 576
16.6333 572
16.65 569
16.6667 565
16.6833 561
16.7 558
16.7167 554
16.7333 551
16.75 547
16.7667 543
16.7833 540
16.8 536
16.8167 532
16.8333 529
16.85 525
16.8667 521
16.8833 518
16.9 514
16.9167 510
16.9333 506
16.95 503
16.9667 499
16.9833 495
