8.0 369
8.0167 373
8.0333 377
8.05 381
8.0667 385
8.0833 388
8.1 392
8.1167 396
8.1333 400
8.15 403
8.1667 407
8.1833 411
8.2 415
8.2167 419
8.2333 422
8.25 426
8.2667 430
8.2833 434
8.3 437
8.3167 441
8.3333 445
8.35 448
8.3667 452
8.3833 456
8.4 460
8.4167 463
8.4333 467
8.45 471
8.4667 474
8.4833 478
8.5 482
8.5167 486
8.5333 489
8.55 493
8.5667 497
8.5833 500
8.6 504
8.6167 508
8.6333 511
8.65 515
8.6667 518
8.6833 522
8.7 526
8.7167 529
8.7333 533
8.75 536
8.7667 540
8.7833 544
8.8 547
8.8167 551
8.8333 554
8.85 558
8.8667 561
8.8833 565
8.9 568
8.9167 572
8.9333 576
8.95 579
8.9667 583
8.9833 586
9.0 589
9.0167 593
9.0333 596
9.05 600
9.0667 603
9.0833 606
9.1 610
9.1167 613
9.1333 617
9.15 620
9.1667 624
9.1833 627
9.2 630
9.2167 634
9.2333 637
9.25 640
9.2667 644
9.2833 647
9.3 650
9.3167 654
9.3333 657
9.35 660
9.3667 663
9.3833 667
9.4 670
9.4167 673
9.4333 676
9.45 680
9.4667 683
9.4833 686
9.5 689
9.5167 692
9.5333 696
9.55 699
9.5667 702
9.5833 705
9.6 708
9.6167 711
9.6333 714
9.65 717
9.6667 720
9.6833 723
9.7 727
9.7167 730
9.7333 733
9.75 736
9.7667 739
9.7833 742
9.8 745
9.8167 748
9.8333 750
9.85 753
9.8667 756
9.8833 759
9.9 762
9.9167 765
9.9333 768
9.95 771
9.9667 774
9.9833 776
10.0 779
10.0167 782
10.0333 785
10.05 788
10.0667 790
10.0833 793
10.1 796
10.1167 799
10.1333 801
10.15 804
10.1667 807
10.1833 809
10.2 812
10.2167 815
10.2333 817
10.25 820
10.2667 823
10.2833 825
10.3 828
10.3167 830
10.3333 833
10.35 835
10.3667 838
10.3833 840
10.4 843
10.4167 845
10.4333 848
10.45 850
10.4667 853
10.4833 855
10.5 857
10.5167 860
10.5333 862
10.55 864
10.5667 867
10.5833 869
10.6 871
10.6167 874
10.6333 876
10.65 878
10.6667 881
10.6833 883
10.7 885
10.7167 887
10.7333 889
10.75 891
10.7667 894
10.7833 896
10.8 898
10.8167 900
10.8333 902
10.85 904
10.8667 906
10.8833 908
10.9 910
10.9167 912
10.9333 914
10.95 916
10.9667 918
10.9833 920
11.0 922
11.0167 924
11.0333 926
11.05 928
11.0667 930
11.0833 931
11.1 933
11.1167 935
11.1333 937
11.15 939
11.1667 940
11.1833 942
11.2 944
11.2167 946
11.2333 947
11.25 949
11.2667 951
11.2833 952
11.3 954
11.3167 955
11.3333 957
11.35 959
11.3667 960
11.3833 962
11.4 963
11.4167 965
11.4333 966
11.45 968
11.4667 969
11.4833 971
11.5 972
11.5167 973
11.5333 975
11.55 976
11.5667 977
11.5833 979
11.6 980
11.6167 981
11.6333 983
11.65 984
11.6667 985
11.6833 986
11.7 988
11.7167 989
11.7333 990
11.75 991
11.7667 992
11.7833 993
11.8 994
11.8167 995
11.8333 997
11.85 998
11.8667 999
11.8833 1000
11.9 1001
11.9167 1002
11.9333 1002
11.95 1003
11.9667 1004
11.9833 1005
12.0 1006
12.0167 1007
12.0333 1008
12.05 1009
12.0667 1009
12.0833 1010
12.1 1011
12.1167 1012
12.1333 1012
12.15 1013
12.1667 1014
12.1833 1015
12.2 1015
12.2167 1016
12.2333 1016
12.25 1017
12.2667 1018
12.2833 1018
12.3 1019
12.3167 1019
12.3333 1020
12.35 1020
12.3667 1021
12.3833 1021
12.4 1022
12.4167 1022
12.4333 1022
12.45 1023
12.4667 1023
12.4833 1024
12.5 1024
12.5167 1024
12.5333 1024
12.55 1025
12.5667 1025
12.5833 1025
12.6 1025
12.6167 1026
12.6333 1026
12.65 1026
12.6667 1026
12.6833 1026
12.7 1026
12.7167 1026
12.7333 1026
12.75 1026
12.7667 1026
12.7833 1026
12.8 1026
12.8167 1026
12.8333 1026
12.85 1026
12.8667 1026
12.8833 1026
12.9 1026
12.9167 1026
12.9333 1026
12.95 1026
12.9667 1025
12.9833 1025
13.0 1025
13.0167 1025
13.0333 1024
13.05 1024
13.0667 1024
13.0833 1023
13.1 1023
13.1167 1023
13.1333 1022
13.15 1022
13.1667 1021
13.1833 1021
13.2 1021
13.2167 1020
13.2333 1020
13.25 1019
13.2667 1018
13.2833 1018
13.3 1017
13.3167 1017
13.3333 1016
13.35 1015
13.3667 1015
13.3833 1014
13.4 1013
13.4167 1013
13.4333 1012
13.45 1011
13.4667 1011
13.4833 1010
13.5 1009
13.5167 1008
13.5333 1007
13.55 1006
13.5667 1006
13.5833 1005
13.6 1004
13.6167 1003
13.6333 1002
13.65 1001
13.6667 1000
13.6833 999
13.7 998
13.7167 997
13.7333 996
13.75 995
13.7667 994
13.7833 993
13.8 992
13.8167 990
13.8333 989
13.85 988
13.8667 987
13.8833 986
13.9 984
13.9167 983
13.9333 982
13.95 981
13.9667 979
13.9833 978
14.0 977
14.0167 975
14.0333 974
14.05 973
14.0667 971
14.0833 970
14.1 968
14.1167 967
14.1333 965
14.15 964
14.1667 962
14.1833 961
14.2 959
14.2167 958
14.2333 956
14.25 955
14.2667 953
14.2833 951
14.3 950
14.3167 948
14.3333 946
14.35 945
14.3667 943
14.3833 941
14.4 939
14.4167 938
14.4333 936
14.45 934
14.4667 932
14.4833 930
14.5 929
14.5167 927
14.5333 925
14.55 923
14.5667 921
14.5833 919
14.6 917
14.6167 915
14.6333 913
14.65 911
14.6667 909
14.6833 907
14.7 905
14.7167 903
14.7333 901
14.75 899
14.7667 897
14.7833 895
14.8 892
14.8167 890
14.8333 888
14.85 886
14.8667 884
14.8833 881
14.9 879
14.9167 877
14.9333 875
14.95 872
14.9667 870
14.9833 868
15.0 866
15.0167 863
15.0333 861
15.05 858
15.0667 856
15.0833 854
15.1 851
15.1167 849
15.1333 846
15.15 844
15.1667 841
15.1833 839
15.2 836
15.2167 834
15.2333 831
15.25 829
15.2667 826
15.2833 824
15.3 821
15.3167 818
15.3333 816
15.35 813
15.3667 811
15.3833 808
15.4 805
15.4167 803
15.4333 800
15.45 797
15.4667 794
15.4833 792
15.5 789
15.5167 786
15.5333 783
15.55 780
15.5667 778
15.5833 775
15.6 772
15.6167 769
15.6333 766
15.65 763
15.6667 761
15.6833 758
15.7 755
15.7167 752
15.7333 749
15.75 746
15.7667 743
15.7833 740
15.8 737
15.8167 734
15.8333 731
15.85 728
15.8667 725
15.8833 722
15.9 719
15.9167 716
15.9333 713
15.95 709
15.9667 706
15.9833 703
16.0 700
16.0167 697
16.0333 694
16.05 691
16.0667 687
16.0833 684
16.1 681
16.1167 678
16.1333 675
16.15 671
16.1667 668
16.1833 665
16.2 662
16.2167 658
16.2333 655
16.25 652
16.2667 648
16.2833 645
16.3 642
16.3167 638
16.3333 635
16.35 632
16.3667 628
16.3833 625
16.4 622
16.4167 618
16.4333 615
16.45 611
16.4667 608
16.4833 605
16.5 601
16.5167 598
16.5333 594
16.55 591
16.5667 587
16.5833 584
16.6 580
16.6167 577
16.6333 573
16.65 570
16.6667 566
16.6833 563
16.7 559
16.7167 556
16.7333 552
16.75 548
16.7667 545
16.7833 541
16.8 538
16.8167 534
16.8333 531
16.85 527
16.8667 523
16.8833 520
16.9 516
16.9167 512
16.9333 509
16.95 505
16.9667 502
16.9833 498
