8.0 279
8.0167 283
8.0333 286
8.05 290
8.0667 294
8.0833 298
8.1 302
8.1167 305
8.1333 309
8.15 313
8.1667 317
8.1833 321
8.2 324
8.2167 328
8.2333 332
8.25 336
8.2667 340
8.2833 343
8.3 347
8.3167 351
8.3333 355
8.35 359
8.3667 362
8.3833 366
8.4 370
8.4167 374
8.4333 378
8.45 381
8.4667 385
8.4833 389
8.5 393
8.5167 397
8.5333 400
8.55 404
8.5667 408
8.5833 412
8.6 415
8.6167 419
8.6333 423
8.65 427
8.6667 430
8.6833 434
8.7 438
8.7167 442
8.7333 445
8.75 449
8.7667 453
8.7833 456
8.8 460
8.8167 464
8.8333 467
8.85 471
8.8667 475
8.8833 478
8.9 482
8.9167 486
8.9333 489
8.95 493
8.9667 497
8.9833 500
9.0 504
9.0167 507
9.0333 511
9.05 514
9.0667 518
9.0833 521
9.1 525
9.1167 528
9.1333 532
9.15 536
9.1667 539
9.1833 543
9.2 546
9.2167 550
9.2333 553
9.25 557
9.2667 560
9.2833 563
9.3 567
9.3167 570
9.3333 574
9.35 577
9.3667 581
9.3833 584
9.4 587
9.4167 591
9.4333 594
9.45 597
9.4667 601
9.4833 604
9.5 607
9.5167 611
9.5333 614
9.55 617
9.5667 620
9.5833 624
9.6 627
9.6167 630
9.6333 633
9.65 637
9.6667 640
9.6833 643
9.7 646
9.7167 649
9.7333 652
9.75 656
9.7667 659
9.7833 662
9.8 665
9.8167 668
9.8333 671
9.85 674
9.8667 677
9.8833 680
9.9 683
9.9167 686
9.9333 689
9.95 692
9.9667 695
9.9833 698
10.0 701
10.0167 704
10.0333 707
10.05 710
10.0667 712
10.0833 715
10.1 718
10.1167 721
10.1333 724
10.15 727
10.1667 729
10.1833 732
10.2 735
10.2167 738
10.2333 740
10.25 743
10.2667 746
10.2833 748
10.3 751
10.3167 754
10.3333 756
10.35 759
10.3667 762
10.3833 764
10.4 767
10.4167 769
10.4333 772
10.45 774
10.4667 777
10.4833 779
10.5 782
10.5167 784
10.5333 787
10.55 789
10.5667 792
10.5833 794
10.6 796
10.6167 799
10.6333 801
10.65 803
10.6667 806
10.6833 808
10.7 810
10.7167 813
10.7333 815
10.75 817
10.7667 819
10.7833 821
10.8 824
10.8167 826
10.8333 828
10.85 830
10.8667 832
10.8833 834
10.9 836
10.9167 838
10.9333 840
10.95 842
10.9667 844
10.9833 846
11.0 848
11.0167 850
11.0333 852
11.05 854
11.0667 856
11.0833 858
11.1 860
11.1167 862
11.1333 863
11.15 865
11.1667 867
11.1833 869
11.2 871
11.2167 872
11.2333 874
11.25 876
11.2667 877
11.2833 879
11.3 881
11.3167 882
11.3333 884
11.35 885
11.3667 887
11.3833 889
11.4 890
11.4167 892
11.4333 893
11.45 895
11.4667 896
11.4833 898
11.5 899
11.5167 900
11.5333 902
11.55 903
11.5667 904
11.5833 906
11.6 907
11.6167 908
11.6333 910
11.65 911
11.6667 912
11.6833 913
11.7 914
11.7167 916
11.7333 917
11.75 918
11.7667 919
11.7833 920
11.8 921
11.8167 922
11.8333 923
11.85 924
11.8667 925
11.8833 926
11.9 927
11.9167 928
11.9333 929
11.95 930
11.9667 931
11.9833 932
12.0 933
12.0167 933
12.0333 934
12.05 935
12.0667 936
12.0833 936
12.1 937
12.1167 938
12.1333 939
12.15 939
12.1667 940
12.1833 941
12.2 941
12.2167 942
12.2333 942
12.25 943
12.2667 943
12.2833 944
12.3 944
12.3167 945
12.3333 945
12.35 946
12.3667 946
12.3833 946
12.4 947
12.4167 947
12.4333 947
12.45 948
12.4667 948
12.4833 948
12.5 949
12.5167 949
12.5333 949
12.55 949
12.5667 949
12.5833 950
12.6 950
12.6167 950
12.6333 950
12.65 950
12.6667 950
12.6833 950
12.7 950
12.7167 950
12.7333 950
12.75 950
12.7667 950
12.7833 950
12.8 950
12.8167 949
12.8333 949
12.85 949
12.8667 949
12.8833 949
12.9 948
12.9167 948
12.9333 948
12.95 948
12.9667 947
12.9833 947
13.0 947
13.0167 946
13.0333 946
13.05 945
13.0667 945
13.0833 944
13.1 944
13.1167 944
13.1333 943
13.15 942
13.1667 942
13.1833 941
13.2 941
13.2167 940
13.2333 939
13.25 939
13.2667 938
13.2833 937
13.3 937
13.3167 936
13.3333 935
13.35 934
13.3667 934
13.3833 933
13.4 932
13.4167 931
13.4333 930
13.45 929
13.4667 929
13.4833 928
13.5 927
13.5167 926
13.5333 925
13.55 924
13.5667 923
13.5833 922
13.6 921
13.6167 919
13.6333 918
13.65 917
13.6667 916
13.6833 915
13.7 914
13.7167 912
13.7333 911
13.75 910
13.7667 909
13.7833 907
13.8 906
13.8167 905
13.8333 904
13.85 902
13.8667 901
13.8833 899
13.9 898
13.9167 897
13.9333 895
13.95 894
13.9667 892
13.9833 891
14.0 889
14.0167 888
14.0333 886
14.05 884
14.0667 883
14.0833 881
14.1 880
14.1167 878
14.1333 876
14.15 875
14.1667 873
14.1833 871
14.2 869
14.2167 868
14.2333 866
14.25 864
14.2667 862
14.2833 860
14.3 859
14.3167 857
14.3333 855
14.35 853
14.3667 851
14.3833 849
14.4 847
14.4167 845
14.4333 843
14.45 841
14.4667 839
14.4833 837
14.5 835
14.5167 833
14.5333 831
14.55 829
14.5667 826
14.5833 824
14.6 822
14.6167 820
14.6333 818
14.65 816
14.6667 813
14.6833 811
14.7 809
14.7167 806
14.7333 804
14.75 802
14.7667 800
14.7833 797
14.8 795
14.8167 792
14.8333 790
14.85 788
14.8667 785
14.8833 783
14.9 780
14.9167 778
14.9333 775
14.95 773
14.9667 770
14.9833 768
15.0 764
15.0167 762
15.0333 759
15.05 757
15.0667 754
15.0833 751
15.1 749
15.1167 746
15.1333 743
15.15 741
15.1667 738
15.1833 735
15.2 732
15.2167 730
15.2333 727
15.25 724
15.2667 721
15.2833 718
15.3 716
15.3167 713
15.3333 710
15.35 707
15.3667 704
15.3833 701
15.4 698
15.4167 695
15.4333 692
15.45 689
15.4667 686
15.4833 683
15.5 680
15.5167 677
15.5333 674
15.55 671
15.5667 668
15.5833 665
15.6 662
15.6167 659
15.6333 656
15.65 653
15.6667 650
15.6833 646
15.7 643
15.7167 640
15.7333 637
15.75 634
15.7667 630
15.7833 627
15.8 624
15.8167 621
15.8333 618
15.85 614
15.8667 611
15.8833 608
15.9 604
15.9167 601
15.9333 598
15.95 594
15.9667 591
15.9833 588
16.0 584
16.0167 581
16.0333 577
16.05 574
16.0667 571
16.0833 567
16.1 564
16.1167 560
16.1333 557
16.15 553
16.1667 550
16.1833 546
16.2 543
16.2167 539
16.2333 536
16.25 532
16.2667 529
16.2833 525
16.3 522
16.3167 518
16.3333 515
16.35 511
16.3667 507
16.3833 504
16.4 500
16.4167 497
16.4333 493
16.45 489
16.4667 486
16.4833 482
16.5 479
16.5167 475
16.5333 471
16.55 468
16.5667 464
16.5833 460
16.6 456
16.6167 453
16.6333 449
16.65 445
16.6667 442
16.6833 438
16.7 434
16.7167 430
16.7333 427
16.75 423
16.7667 419
16.7833 415
16.8 412
16.8167 408
16.8333 404
16.85 400
16.8667 397
16.8833 393
16.9 389
16.9167 385
16.9333 382
16.95 378
16.9667 374
16.9833 370
