8.0 293
8.0167 297
8.0333 300
8.05 304
8.0667 308
8.0833 312
8.1 316
8.1167 320
8.1333 324
8.15 327
8.1667 331
8.1833 335
8.2 339
8.2167 343
8.2333 347
8.25 351
8.2667 354
8.2833 358
8.3 362
8.3167 366
8.3333 370
8.35 374
8.3667 378
8.3833 381
8.4 385
8.4167 389
8.4333 393
8.45 397
8.4667 401
8.4833 404
8.5 408
8.5167 412
8.5333 416
8.55 420
8.5667 423
8.5833 427
8.6 431
8.6167 435
8.6333 439
8.65 442
8.6667 446
8.6833 450
8.7 454
8.7167 457
8.7333 461
8.75 465
8.7667 469
8.7833 472
8.8 476
8.8167 480
8.8333 484
8.85 487
8.8667 491
8.8833 495
8.9 498
8.9167 502
8.9333 506
8.95 509
8.9667 513
8.9833 517
9.0 520
9.0167 524
9.0333 527
9.05 531
9.0667 534
9.0833 538
9.1 542
9.1167 545
9.1333 549
9.15 552
9.1667 556
9.1833 559
9.2 563
9.2167 566
9.2333 570
9.25 573
9.2667 577
9.2833 580
9.3 584
9.3167 587
9.3333 591
9.35 594
9.3667 598
9.3833 601
9.4 604
9.4167 608
9.4333 611
9.45 614
9.4667 618
9.4833 621
9.5 625
9.5167 628
9.5333 631
9.55 634
9.5667 638
9.5833 641
9.6 644
9.6167 647
9.6333 651
9.65 654
9.6667 657
9.6833 660
9.7 664
9.7167 667
9.7333 670
9.75 673
9.7667 676
9.7833 679
9.8 682
9.8167 685
9.8333 689
9.85 692
9.8667 695
9.8833 698
9.9 701
9.9167 704
9.9333 707
9.95 710
9.9667 713
9.9833 716
10.0 719
10.0167 722
10.0333 724
10.05 727
10.0667 730
10.0833 733
10.1 736
10.1167 739
10.1333 742
10.15 745
10.1667 747
10.1833 750
10.2 753
10.2167 756
10.2333 758
10.25 761
10.2667 764
10.2833 766
10.3 769
10.3167 772
10.3333 774
10.35 777
10.3667 780
10.3833 782
10.4 785
10.4167 788
10.4333 790
10.45 793
10.4667 795
10.4833 798
10.5 800
10.5167 803
10.5333 805
10.55 808
10.5667 810
10.5833 812
10.6 815
10.6167 817
10.6333 819
10.65 822
10.6667 824
10.6833 826
10.7 829
10.7167 831
10.7333 833
10.75 836
10.7667 838
10.7833 840
10.8 842
10.8167 844
10.8333 847
10.85 849
10.8667 851
10.8833 853
10.9 855
10.9167 857
10.9333 859
10.95 861
10.9667 863
10.9833 865
11.0 867
11.0167 869
11.0333 871
11.05 873
11.0667 875
11.0833 877
11.1 879
11.1167 881
11.1333 882
11.15 884
11.1667 886
11.1833 888
11.2 890
11.2167 891
11.2333 893
11.25 895
11.2667 897
11.2833 898
11.3 900
11.3167 902
11.3333 903
11.35 905
11.3667 906
11.3833 908
11.4 909
11.4167 911
11.4333 913
11.45 914
11.4667 916
11.4833 917
11.5 918
11.5167 920
11.5333 921
11.55 923
11.5667 924
11.5833 925
11.6 927
11.6167 928
11.6333 929
11.65 930
11.6667 932
11.6833 933
11.7 934
11.7167 935
11.7333 937
11.75 938
11.7667 939
11.7833 940
11.8 941
11.8167 942
11.8333 943
11.85 944
11.8667 945
11.8833 946
11.9 947
11.9167 948
11.9333 949
11.95 950
11.9667 951
11.9833 952
12.0 953
12.0167 954
12.0333 954
12.05 955
12.0667 956
12.0833 957
12.1 957
12.1167 958
12.1333 959
12.15 960
12.1667 960
12.1833 961
12.2 961
12.2167 962
12.2333 963
12.25 963
12.2667 964
12.2833 964
12.3 965
12.3167 965
12.3333 966
12.35 966
12.3667 967
12.3833 967
12.4 967
12.4167 968
12.4333 968
12.45 969
12.4667 969
12.4833 969
12.5 969
12.5167 970
12.5333 970
12.55 970
12.5667 970
12.5833 970
12.6 971
12.6167 971
12.6333 971
12.65 971
12.6667 971
12.6833 971
12.7 971
12.7167 971
12.7333 971
12.75 971
12.7667 971
12.7833 971
12.8 971
12.8167 971
12.8333 971
12.85 970
12.8667 970
12.8833 970
12.9 970
12.9167 970
12.9333 969
12.95 969
12.9667 969
12.9833 968
13.0 968
13.0167 968
13.0333 967
13.05 967
13.0667 967
13.0833 966
13.1 966
13.1167 965
13.1333 965
13.15 964
13.1667 964
13.1833 963
13.2 963
13.2167 962
13.2333 961
13.25 961
13.2667 960
13.2833 959
13.3 959
13.3167 958
13.3333 957
13.35 957
13.3667 956
13.3833 955
13.4 954
13.4167 953
13.4333 952
13.45 952
13.4667 951
13.4833 950
13.5 949
13.5167 948
13.5333 947
13.55 946
13.5667 945
13.5833 944
13.6 943
13.6167 942
13.6333 941
13.65 940
13.6667 939
13.6833 937
13.7 936
13.7167 935
13.7333 934
13.75 933
13.7667 931
13.7833 930
13.8 929
13.8167 928
13.8333 926
13.85 925
13.8667 924
13.8833 922
13.9 921
13.9167 919
13.9333 918
13.95 917
13.9667 915
13.9833 914
14.0 912
14.0167 911
14.0333 909
14.05 908
14.0667 906
14.0833 904
14.1 903
14.1167 901
14.1333 899
14.15 898
14.1667 896
14.1833 894
14.2 893
14.2167 891
14.2333 889
14.25 887
14.2667 886
14.2833 884
14.3 882
14.3167 880
14.3333 878
14.35 876
14.3667 874
14.3833 873
14.4 871
14.4167 869
14.4333 867
14.45 865
14.4667 863
14.4833 861
14.5 859
14.5167 857
14.5333 854
14.55 852
14.5667 850
14.5833 848
14.6 846
14.6167 844
14.6333 842
14.65 839
14.6667 837
14.6833 835
14.7 833
14.7167 830
14.7333 828
14.75 826
14.7667 824
14.7833 821
14.8 819
14.8167 817
14.8333 814
14.85 812
14.8667 809
14.8833 807
14.9 804
14.9167 802
14.9333 800
14.95 797
14.9667 795
14.9833 792
15.0 789
15.0167 786
15.0333 784
15.05 781
15.0667 778
15.0833 776
15.1 773
15.1167 771
15.1333 768
15.15 765
15.1667 762
15.1833 760
15.2 757
15.2167 754
15.2333 752
15.25 749
15.2667 746
15.2833 743
15.3 740
15.3167 737
15.3333 735
15.35 732
15.3667 729
15.3833 726
15.4 723
15.4167 720
15.4333 717
15.45 714
15.4667 711
15.4833 708
15.5 705
15.5167 702
15.5333 699
15.55 696
15.5667 693
15.5833 690
15.6 687
15.6167 684
15.6333 681
15.65 678
15.6667 675
15.6833 672
15.7 668
15.7167 665
15.7333 662
15.75 659
15.7667 656
15.7833 652
15.8 649
15.8167 646
15.8333 643
15.85 639
15.8667 636
15.8833 633
15.9 630
15.9167 626
15.9333 623
15.95 620
15.9667 616
15.9833 613
16.0 610
16.0167 606
16.0333 603
16.05 599
16.0667 596
16.0833 593
16.1 589
16.1167 586
16.1333 582
16.15 579
16.1667 575
16.1833 572
16.2 568
16.2167 565
16.2333 561
16.25 558
16.2667 554
16.2833 551
16.3 547
16.3167 544
16.3333 540
16.35 536
16.3667 533
16.3833 529
16.4 526
16.4167 522
16.4333 518
16.45 515
16.4667 511
16.4833 507
16.5 504
16.5167 500
16.5333 496
16.55 493
16.5667 489
16.5833 485
16.6 482
16.6167 478
16.6333 474
16.65 470
16.6667 467
16.6833 463
16.7 459
16.7167 455
16.7333 452
16.75 448
16.7667 444
16.7833 440
16.8 437
16.8167 433
16.8333 429
16.85 425
16.8667 421
16.8833 418
16.9 414
16.9167 410
16.9333 406
16.95 402
16.9667 399
16.9833 395
