8.0 319
8.0167 323
8.0333 327
8.05 331
8.0667 335
8.0833 338
8.1 342
8.1167 346
8.1333 350
8.15 354
8.1667 357
8.1833 361
8.2 365
8.2167 369
8.2333 373
8.25 376
8.2667 380
8.2833 384
8.3 388
8.3167 391
8.3333 395
8.35 399
8.3667 403
8.3833 407
8.4 410
8.4167 414
8.4333 418
8.45 422
8.4667 425
8.4833 429
8.5 433
8.5167 437
8.5333 440
8.55 444
8.5667 448
8.5833 451
8.6 455
8.6167 459
8.6333 463
8.65 466
8.6667 470
8.6833 474
8.7 477
8.7167 481
8.7333 485
8.75 488
8.7667 492
8.7833 496
8.8 499
8.8167 503
8.8333 506
8.85 510
8.8667 514
8.8833 517
8.9 521
8.9167 525
8.9333 528
8.95 532
8.9667 535
8.9833 539
9.0 542
9.0167 546
9.0333 549
9.05 553
9.0667 556
9.0833 560
9.1 563
9.1167 567
9.1333 570
9.15 574
9.1667 577
9.1833 581
9.2 584
9.2167 588
9.2333 591
9.25 594
9.2667 598
9.2833 601
9.3 605
9.3167 608
9.3333 611
9.35 615
9.3667 618
9.3833 622
9.4 625
9.4167 628
9.4333 632
9.45 635
9.4667 638
9.4833 641
9.5 645
9.5167 648
9.5333 651
9.55 654
9.5667 658
9.5833 661
9.6 664
9.6167 667
9.6333 670
9.65 674
9.6667 677
9.6833 680
9.7 683
9.7167 686
9.7333 689
9.75 692
9.7667 695
9.7833 698
9.8 702
9.8167 705
9.8333 708
9.85 711
9.8667 714
9.8833 717
9.9 720
9.9167 723
9.9333 726
9.95 729
9.9667 731
9.9833 734
10.0 737
10.0167 740
10.0333 743
10.05 746
10.0667 749
10.0833 752
10.1 754
10.1167 757
10.1333 760
10.15 763
10.1667 766
10.1833 768
10.2 771
10.2167 774
10.2333 777
10.25 779
10.2667 782
10.2833 785
10.3 787
10.3167 790
10.3333 792
10.35 795
10.3667 798
10.3833 800
10.4 803
10.4167 805
10.4333 808
10.45 810
10.4667 813
10.4833 815
10.5 818
10.5167 820
10.5333 823
10.55 825
10.5667 828
10.5833 830
10.6 832
10.6167 835
10.6333 837
10.65 839
10.6667 842
10.6833 844
10.7 846
10.7167 849
10.7333 851
10.75 853
10.7667 855
10.7833 858
10.8 860
10.8167 862
10.8333 864
10.85 866
10.8667 868
10.8833 870
10.9 873
10.9167 875
10.9333 877
10.95 879
10.9667 881
10.9833 883
11.0 885
11.0167 887
11.0333 889
11.05 891
11.0667 893
11.0833 894
11.1 896
11.1167 898
11.1333 900
11.15 902
11.1667 904
11.1833 906
11.2 907
11.2167 909
11.2333 911
11.25 913
11.2667 914
11.2833 916
11.3 918
11.3167 919
11.3333 921
11.35 923
11.3667 924
11.3833 926
11.4 927
11.4167 929
11.4333 931
11.45 932
11.4667 934
11.4833 935
11.5 937
11.5167 938
11.5333 939
11.55 941
11.5667 942
11.5833 944
11.6 945
11.6167 946
11.6333 948
11.65 949
11.6667 950
11.6833 952
11.7 953
11.7167 954
11.7333 955
11.75 956
11.7667 958
11.7833 959
11.8 960
11.8167 961
11.8333 962
11.85 963
11.8667 964
11.8833 965
11.9 966
11.9167 967
11.9333 968
11.95 969
11.9667 970
11.9833 971
12.0 972
12.0167 973
12.0333 974
12.05 975
12.0667 976
12.0833 976
12.1 977
12.1167 978
12.1333 979
12.15 980
12.1667 980
12.1833 981
12.2 982
12.2167 982
12.2333 983
12.25 984
12.2667 984
12.2833 985
12.3 985
12.3167 986
12.3333 987
12.35 987
12.3667 988
12.3833 988
12.4 989
12.4167 989
12.4333 989
12.45 990
12.4667 990
12.4833 991
12.5 991
12.5167 991
12.5333 992
12.55 992
12.5667 992
12.5833 992
12.6 993
12.6167 993
12.6333 993
12.65 993
12.6667 993
12.6833 993
12.7 994
12.7167 994
12.7333 994
12.75 994
12.7667 994
12.7833 994
12.8 994
12.8167 994
12.8333 994
12.85 994
12.8667 994
12.8833 994
12.9 993
12.9167 993
12.9333 993
12.95 993
12.9667 993
12.9833 993
13.0 992
13.0167 992
13.0333 992
13.05 992
13.0667 991
13.0833 991
13.1 991
13.1167 990
13.1333 990
13.15 989
13.1667 989
13.1833 988
13.2 988
13.2167 988
13.2333 987
13.25 987
13.2667 986
13.2833 985
13.3 985
13.3167 984
13.3333 984
13.35 983
13.3667 982
13.3833 982
13.4 981
13.4167 980
13.4333 980
13.45 979
13.4667 978
13.4833 977
13.5 976
13.5167 976
13.5333 975
13.55 974
13.5667 973
13.5833 972
13.6 971
13.6167 970
13.6333 969
13.65 968
13.6667 967
13.6833 966
13.7 965
13.7167 964
13.7333 963
13.75 962
13.7667 961
13.7833 960
13.8 959
13.8167 957
13.8333 956
13.85 955
13.8667 954
13.8833 953
13.9 951
13.9167 950
13.9333 949
13.95 948
13.9667 946
13.9833 945
14.0 943
14.0167 942
14.0333 941
14.05 939
14.0667 938
14.0833 936
14.1 935
14.1167 933
14.1333 932
14.15 930
14.1667 929
14.1833 927
14.2 926
14.2167 924
14.2333 923
14.25 921
14.2667 919
14.2833 918
14.3 916
14.3167 914
14.3333 912
14.35 911
14.3667 909
14.3833 907
14.4 905
14.4167 904
14.4333 902
14.45 900
14.4667 898
14.4833 896
14.5 894
14.5167 892
14.5333 890
14.55 889
14.5667 887
14.5833 885
14.6 883
14.6167 881
14.6333 879
14.65 877
14.6667 874
14.6833 872
14.7 870
14.7167 868
14.7333 866
14.75 864
14.7667 862
14.7833 860
14.8 857
14.8167 855
14.8333 853
14.85 851
14.8667 848
14.8833 846
14.9 844
14.9167 842
14.9333 839
14.95 837
14.9667 835
14.9833 832
15.0 830
15.0167 827
15.0333 825
15.05 822
15.0667 820
15.0833 817
15.1 815
15.1167 812
15.1333 810
15.15 807
15.1667 805
15.1833 802
15.2 800
15.2167 797
15.2333 795
15.25 792
15.2667 789
15.2833 787
15.3 784
15.3167 781
15.3333 779
15.35 776
15.3667 773
15.3833 771
15.4 768
15.4167 765
15.4333 762
15.45 759
15.4667 757
15.4833 754
15.5 751
15.5167 748
15.5333 745
15.55 742
15.5667 740
15.5833 737
15.6 734
15.6167 731
15.6333 728
15.65 725
15.6667 722
15.6833 719
15.7 716
15.7167 713
15.7333 710
15.75 707
15.7667 704
15.7833 701
15.8 698
15.8167 695
15.8333 692
15.85 689
15.8667 685
15.8833 682
15.9 679
15.9167 676
15.9333 673
15.95 670
15.9667 667
15.9833 663
16.0 660
16.0167 657
16.0333 654
16.05 650
16.0667 647
16.0833 644
16.1 641
16.1167 637
16.1333 634
16.15 631
16.1667 627
16.1833 624
16.2 621
16.2167 617
16.2333 614
16.25 611
16.2667 607
16.2833 604
16.3 601
16.3167 597
16.3333 594
16.35 590
16.3667 587
16.3833 583
16.4 580
16.4167 577
16.4333 573
16.45 570
16.4667 566
16.4833 563
16.5 559
16.5167 556
16.5333 552
16.55 549
16.5667 545
16.5833 541
16.6 538
16.6167 534
16.6333 531
16.65 527
16.6667 524
16.6833 520
16.7 516
16.7167 513
16.7333 509
16.75 505
16.7667 502
16.7833 498
16.8 495
16.8167 491
16.8333 487
16.85 484
16.8667 480
16.8833 476
16.9 473
16.9167 469
16.9333 465
16.95 461
16.9667 458
16.9833 454
