8.0 282
8.0167 286
8.0333 289
8.05 293
8.0667 297
8.0833 301
8.1 305
8.1167 308
8.1333 312
8.15 316
8.1667 320
8.1833 324
8.2 328
8.2167 331
8.2333 335
8.25 339
8.2667 343
8.2833 347
8.3 350
8.3167 354
8.3333 358
8.35 362
8.3667 366
8.3833 369
8.4 373
8.4167 377
8.4333 381
8.45 384
8.4667 388
8.4833 392
8.5 396
8.5167 400
8.5333 403
8.55 407
8.5667 411
8.5833 415
8.6 418
8.6167 422
8.6333 426
8.65 430
8.6667 433
8.6833 437
8.7 441
8.7167 445
8.7333 448
8.75 452
8.7667 456
8.7833 459
8.8 463
8.8167 467
8.8333 470
8.85 474
8.8667 478
8.8833 481
8.9 485
8.9167 489
8.9333 492
8.95 496
8.9667 500
8.9833 503
9.0 507
9.0167 510
9.0333 514
9.05 517
9.0667 521
9.0833 524
9.1 528
9.1167 531
9.1333 535
9.15 538
9.1667 542
9.1833 545
9.2 549
9.2167 552
9.2333 556
9.25 559
9.2667 563
9.2833 566
9.3 570
9.3167 573
9.3333 577
9.35 580
9.3667 583
9.3833 587
9.4 590
9.4167 594
9.4333 597
9.45 600
9.4667 604
9.4833 607
9.5 610
9.5167 614
9.5333 617
9.55 620
9.5667 623
9.5833 627
9.6 630
9.6167 633
9.6333 636
9.65 639
9.6667 643
9.6833 646
9.7 649
9.7167 652
9.7333 655
9.75 658
9.7667 662
9.7833 665
9.8 668
9.8167 671
9.8333 674
9.85 677
9.8667 680
9.8833 683
9.9 686
9.9167 689
9.9333 692
9.95 695
9.9667 698
9.9833 701
10.0 704
10.0167 707
10.0333 710
10.05 712
10.0667 715
10.0833 718
10.1 721
10.1167 724
10.1333 727
10.15 729
10.1667 732
10.1833 735
10.2 738
10.2167 741
10.2333 743
10.25 746
10.2667 749
10.2833 751
10.3 754
10.3167 757
10.3333 759
10.35 762
10.3667 765
10.3833 767
10.4 770
10.4167 772
10.4333 775
10.45 777
10.4667 780
10.4833 782
10.5 785
10.5167 787
10.5333 790
10.55 792
10.5667 795
10.5833 797
10.6 799
10.6167 802
10.6333 804
10.65 806
10.6667 809
10.6833 811
10.7 813
10.7167 816
10.7333 818
10.75 820
10.7667 822
10.7833 824
10.8 827
10.8167 829
10.8333 831
10.85 833
10.8667 835
10.8833 837
10.9 839
10.9167 841
10.9333 844
10.95 846
10.9667 848
10.9833 850
11.0 852
11.0167 853
11.0333 855
11.05 857
11.0667 859
11.0833 861
11.1 863
11.1167 865
11.1333 867
11.15 869
11.1667 870
11.1833 872
11.2 874
11.2167 876
11.2333 877
11.25 879
11.2667 881
11.2833 882
11.3 884
11.3167 886
11.3333 887
11.35 889
11.3667 890
11.3833 892
11.4 894
11.4167 895
11.4333 897
11.45 898
11.4667 900
11.4833 901
11.5 902
11.5167 904
11.5333 905
11.55 907
11.5667 908
11.5833 909
11.6 911
11.6167 912
11.6333 913
11.65 914
11.6667 916
11.6833 917
11.7 918
11.7167 919
11.7333 920
11.75 922
11.7667 923
11.7833 924
11.8 925
11.8167 926
11.8333 927
11.85 928
11.8667 929
11.8833 930
11.9 931
11.9167 932
11.9333 933
11.95 934
11.9667 935
11.9833 936
12.0 936
12.0167 937
12.0333 938
12.05 939
12.0667 940
12.0833 940
12.1 941
12.1167 942
12.1333 943
12.15 943
12.1667 944
12.1833 945
12.2 945
12.2167 946
12.2333 946
12.25 947
12.2667 947
12.2833 948
12.3 949
12.3167 949
12.3333 949
12.35 950
12.3667 950
12.3833 951
12.4 951
12.4167 951
12.4333 952
12.45 952
12.4667 952
12.4833 953
12.5 953
12.5167 953
12.5333 953
12.55 954
12.5667 954
12.5833 954
12.6 954
12.6167 954
12.6333 954
12.65 954
12.6667 954
12.6833 955
12.7 955
12.7167 955
12.7333 955
12.75 954
12.7667 954
12.7833 954
12.8 954
12.8167 954
12.8333 954
12.85 954
12.8667 954
12.8833 953
12.9 953
12.9167 953
12.9333 953
12.95 952
12.9667 952
12.9833 952
13.0 952
13.0167 951
13.0333 951
13.05 950
13.0667 950
13.0833 950
13.1 949
13.1167 949
13.1333 948
13.15 948
13.1667 947
13.1833 946
13.2 946
13.2167 945
13.2333 945
13.25 944
13.2667 943
13.2833 943
13.3 942
13.3167 941
13.3333 941
13.35 940
13.3667 939
13.3833 938
13.4 937
13.4167 937
13.4333 936
13.45 935
13.4667 934
13.4833 933
13.5 932
13.5167 931
13.5333 930
13.55 929
13.5667 928
13.5833 927
13.6 926
13.6167 925
13.6333 924
13.65 923
13.6667 922
13.6833 921
13.7 920
13.7167 918
13.7333 917
13.75 916
13.7667 915
13.7833 913
13.8 912
13.8167 911
13.8333 910
13.85 908
13.8667 907
13.8833 905
13.9 904
13.9167 903
13.9333 901
13.95 900
13.9667 898
13.9833 897
14.0 895
14.0167 894
14.0333 892
14.05 891
14.0667 889
14.0833 888
14.1 886
14.1167 884
14.1333 883
14.15 881
14.1667 879
14.1833 878
14.2 876
14.2167 874
14.2333 872
14.25 871
14.2667 869
14.2833 867
14.3 865
14.3167 863
14.3333 861
14.35 860
14.3667 858
14.3833 856
14.4 854
14.4167 852
14.4333 850
14.45 848
14.4667 846
14.4833 844
14.5 842
14.5167 840
14.5333 838
14.55 836
14.5667 833
14.5833 831
14.6 829
14.6167 827
14.6333 825
14.65 823
14.6667 820
14.6833 818
14.7 816
14.7167 814
14.7333 811
14.75 809
14.7667 807
14.7833 804
14.8 802
14.8167 800
14.8333 797
14.85 795
14.8667 793
14.8833 790
14.9 788
14.9167 785
14.9333 783
14.95 780
14.9667 778
14.9833 775
15.0 772
15.0167 769
15.0333 767
15.05 764
15.0667 762
15.0833 759
15.1 756
15.1167 754
15.1333 751
15.15 748
15.1667 746
15.1833 743
15.2 740
15.2167 738
15.2333 735
15.25 732
15.2667 729
15.2833 726
15.3 724
15.3167 721
15.3333 718
15.35 715
15.3667 712
15.3833 709
15.4 706
15.4167 704
15.4333 701
15.45 698
15.4667 695
15.4833 692
15.5 689
15.5167 686
15.5333 683
15.55 680
15.5667 677
15.5833 674
15.6 671
15.6167 668
15.6333 664
15.65 661
15.6667 658
15.6833 655
15.7 652
15.7167 649
15.7333 646
15.75 642
15.7667 639
15.7833 636
15.8 633
15.8167 630
15.8333 626
15.85 623
15.8667 620
15.8833 617
15.9 613
15.9167 610
15.9333 607
15.95 603
15.9667 600
15.9833 597
16.0 593
16.0167 590
16.0333 587
16.05 583
16.0667 580
16.0833 576
16.1 573
16.1167 570
16.1333 566
16.15 563
16.1667 559
16.1833 556
16.2 552
16.2167 549
16.2333 545
16.25 542
16.2667 538
16.2833 535
16.3 531
16.3167 528
16.3333 524
16.35 521
16.3667 517
16.3833 513
16.4 510
16.4167 506
16.4333 503
16.45 499
16.4667 495
16.4833 492
16.5 488
16.5167 485
16.5333 481
16.55 477
16.5667 474
16.5833 470
16.6 466
16.6167 463
16.6333 459
16.65 455
16.6667 451
16.6833 448
16.7 444
16.7167 440
16.7333 437
16.75 433
16.7667 429
16.7833 425
16.8 422
16.8167 418
16.8333 414
16.85 410
16.8667 407
16.8833 403
16.9 399
16.9167 395
16.9333 392
16.95 388
16.9667 384
16.9833 380
