8.0 247
8.0167 251
8.0333 255
8.05 259
8.0667 262
8.0833 266
8.1 270
8.1167 274
8.1333 277
8.15 281
8.1667 285
8.1833 289
8.2 293
8.2167 296
8.2333 300
8.25 304
8.2667 308
8.2833 311
8.3 315
8.3167 319
8.3333 323
8.35 327
8.3667 330
8.3833 334
8.4 338
8.4167 342
8.4333 345
8.45 349
8.4667 353
8.4833 357
8.5 360
8.5167 364
8.5333 368
8.55 372
8.5667 375
8.5833 379
8.6 383
8.6167 387
8.6333 390
8.65 394
8.6667 398
8.6833 402
8.7 405
8.7167 409
8.7333 413
8.75 416
8.7667 420
8.7833 424
8.8 427
8.8167 431
8.8333 435
8.85 438
8.8667 442
8.8833 445
8.9 449
8.9167 453
8.9333 456
8.95 460
8.9667 464
8.9833 467
9.0 471
9.0167 474
9.0333 477
9.05 481
9.0667 484
9.0833 488
9.1 491
9.1167 495
9.1333 498
9.15 502
9.1667 505
9.1833 509
9.2 512
9.2167 516
9.2333 519
9.25 523
9.2667 526
9.2833 529
9.3 533
9.3167 536
9.3333 540
9.35 543
9.3667 546
9.3833 550
9.4 553
9.4167 556
9.4333 560
9.45 563
9.4667 566
9.4833 569
9.5 573
9.5167 576
9.5333 579
9.55 582
9.5667 586
9.5833 589
9.6 592
9.6167 595
9.6333 598
9.65 601
9.6667 605
9.6833 608
9.7 611
9.7167 614
9.7333 617
9.75 620
9.7667 623
9.7833 626
9.8 629
9.8167 632
9.8333 635
9.85 638
9.8667 641
9.8833 644
9.9 647
9.9167 650
9.9333 653
9.95 656
9.9667 659
9.9833 661
10.0 664
10.0167 667
10.0333 670
10.05 673
10.0667 676
10.0833 678
10.1 681
10.1167 684
10.1333 687
10.15 689
10.1667 692
10.1833 695
10.2 697
10.2167 700
10.2333 703
10.25 705
10.2667 708
10.2833 711
10.3 713
10.3167 716
10.3333 718
10.35 721
10.3667 723
10.3833 726
10.4 728
10.4167 731
10.4333 733
10.45 736
10.4667 738
10.4833 740
10.5 743
10.5167 745
10.5333 747
10.55 750
10.5667 752
10.5833 754
10.6 757
10.6167 759
10.6333 761
10.65 763
10.6667 766
10.6833 768
10.7 770
10.7167 772
10.7333 774
10.75 776
10.7667 778
10.7833 781
10.8 783
10.8167 785
10.8333 787
10.85 789
10.8667 791
10.8833 793
10.9 795
10.9167 797
10.9333 798
10.95 800
10.9667 802
10.9833 804
11.0 806
11.0167 808
11.0333 810
11.05 811
11.0667 813
11.0833 815
11.1 817
11.1167 818
11.1333 820
11.15 822
11.1667 823
11.1833 825
11.2 827
11.2167 828
11.2333 830
11.25 831
11.2667 833
11.2833 835
11.3 836
11.3167 838
11.3333 839
11.35 841
11.3667 842
11.3833 843
11.4 845
11.4167 846
11.4333 847
11.45 849
11.4667 850
11.4833 851
11.5 853
11.5167 854
11.5333 855
11.55 856
11.5667 858
11.5833 859
11.6 860
11.6167 861
11.6333 862
11.65 863
11.6667 864
11.6833 866
11.7 867
11.7167 868
11.7333 869
11.75 870
11.7667 871
11.7833 871
11.8 872
11.8167 873
11.8333 874
11.85 875
11.8667 876
11.8833 877
11.9 878
11.9167 878
11.9333 879
11.95 880
11.9667 881
11.9833 881
12.0 882
12.0167 883
12.0333 883
12.05 884
12.0667 884
12.0833 885
12.1 886
12.1167 886
12.1333 887
12.15 887
12.1667 888
12.1833 888
12.2 889
12.2167 889
12.2333 889
12.25 890
12.2667 890
12.2833 890
12.3 891
12.3167 891
12.3333 891
12.35 892
12.3667 892
12.3833 892
12.4 892
12.4167 892
12.4333 893
12.45 893
12.4667 893
12.4833 893
12.5 893
12.5167 893
12.5333 893
12.55 893
12.5667 893
12.5833 893
12.6 893
12.6167 893
12.6333 893
12.65 893
12.6667 893
12.6833 892
12.7 892
12.7167 892
12.7333 892
12.75 892
12.7667 891
12.7833 891
12.8 891
12.8167 890
12.8333 890
12.85 890
12.8667 889
12.8833 889
12.9 889
12.9167 888
12.9333 888
12.95 887
12.9667 887
12.9833 886
13.0 886
13.0167 885
13.0333 884
13.05 884
13.0667 883
13.0833 883
13.1 882
13.1167 881
13.1333 881
13.15 880
13.1667 879
13.1833 878
13.2 878
13.2167 877
13.2333 876
13.25 875
13.2667 874
13.2833 873
13.3 872
13.3167 872
13.3333 871
13.35 870
13.3667 869
13.3833 868
13.4 867
13.4167 866
13.4333 865
13.45 863
13.4667 862
13.4833 861
13.5 860
13.5167 859
13.5333 858
13.55 857
13.5667 855
13.5833 854
13.6 853
13.6167 852
13.6333 850
13.65 849
13.6667 848
13.6833 846
13.7 845
13.7167 843
13.7333 842
13.75 841
13.7667 839
13.7833 838
13.8 836
13.8167 835
13.8333 833
13.85 832
13.8667 830
13.8833 828
13.9 827
13.9167 825
13.9333 824
13.95 822
13.9667 820
13.9833 819
14.0 817
14.0167 815
14.0333 813
14.05 812
14.0667 810
14.0833 808
14.1 806
14.1167 804
14.1333 802
14.15 801
14.1667 799
14.1833 797
14.2 795
14.2167 793
14.2333 791
14.25 789
14.2667 787
14.2833 785
14.3 783
14.3167 781
14.3333 779
14.35 776
14.3667 774
14.3833 772
14.4 770
14.4167 768
14.4333 766
14.45 763
14.4667 761
14.4833 759
14.5 757
14.5167 754
14.5333 752
14.55 750
14.5667 748
14.5833 745
14.6 743
14.6167 740
14.6333 738
14.65 736
14.6667 733
14.6833 731
14.7 728
14.7167 726
14.7333 723
14.75 721
14.7667 718
14.7833 716
14.8 713
14.8167 711
14.8333 708
14.85 705
14.8667 703
14.8833 700
14.9 698
14.9167 695
14.9333 692
14.95 689
14.9667 687
14.9833 684
15.0 680
15.0167 677
15.0333 675
15.05 672
15.0667 669
15.0833 666
15.1 663
15.1167 661
15.1333 658
15.15 655
15.1667 652
15.1833 649
15.2 646
15.2167 643
15.2333 640
15.25 637
15.2667 634
15.2833 631
15.3 628
15.3167 625
15.3333 622
15.35 619
15.3667 616
15.3833 613
15.4 610
15.4167 607
15.4333 604
15.45 601
15.4667 597
15.4833 594
15.5 591
15.5167 588
15.5333 585
15.55 581
15.5667 578
15.5833 575
15.6 572
15.6167 569
15.6333 565
15.65 562
15.6667 559
15.6833 555
15.7 552
15.7167 549
15.7333 545
15.75 542
15.7667 539
15.7833 535
15.8 532
15.8167 529
15.8333 525
15.85 522
15.8667 518
15.8833 515
15.9 511
15.9167 508
15.9333 504
15.95 501
15.9667 497
15.9833 494
16.0 490
16.0167 487
16.0333 483
16.05 480
16.0667 476
16.0833 473
16.1 469
16.1167 466
16.1333 462
16.15 459
16.1667 455
16.1833 451
16.2 448
16.2167 444
16.2333 440
16.25 437
16.2667 433
16.2833 430
16.3 426
16.3167 422
16.3333 419
16.35 415
16.3667 411
16.3833 408
16.4 404
16.4167 400
16.4333 396
16.45 393
16.4667 389
16.4833 385
16.5 382
16.5167 378
16.5333 374
16.55 370
16.5667 367
16.5833 363
16.6 359
16.6167 355
16.6333 352
16.65 348
16.6667 344
16.6833 340
16.7 337
16.7167 333
16.7333 329
16.75 325
16.7667 321
16.7833 318
16.8 314
16.8167 310
16.8333 306
16.85 303
16.8667 299
16.8833 295
16.9 291
16.9167 288
16.9333 284
16.95 280
16.9667 276
16.9833 272
