8.0 268
8.0167 272
8.0333 275
8.05 279
8.0667 283
8.0833 287
8.1 291
8.1167 294
8.1333 298
8.15 302
8.1667 306
8.1833 310
8.2 314
8.2167 317
8.2333 321
8.25 325
8.2667 329
8.2833 333
8.3 337
8.3167 340
8.3333 344
8.35 348
8.3667 352
8.3833 356
8.4 359
8.4167 363
8.4333 367
8.45 371
8.4667 375
8.4833 378
8.5 382
8.5167 386
8.5333 390
8.55 394
8.5667 397
8.5833 401
8.6 405
8.6167 409
8.6333 412
8.65 416
8.6667 420
8.6833 424
8.7 427
8.7167 431
8.7333 435
8.75 439
8.7667 442
8.7833 446
8.8 450
8.8167 453
8.8333 457
8.85 461
8.8667 464
8.8833 468
8.9 472
8.9167 475
8.9333 479
8.95 483
8.9667 486
8.9833 490
9.0 494
9.0167 497
9.0333 500
9.05 504
9.0667 508
9.0833 511
9.1 515
9.1167 518
9.1333 522
9.15 525
9.1667 529
9.1833 532
9.2 536
9.2167 539
9.2333 543
9.25 546
9.2667 550
9.2833 553
9.3 557
9.3167 560
9.3333 563
9.35 567
9.3667 570
9.3833 574
9.4 577
9.4167 580
9.4333 584
9.45 587
9.4667 590
9.4833 594
9.5 597
9.5167 600
9.5333 604
9.55 607
9.5667 610
9.5833 613
9.6 617
9.6167 620
9.6333 623
9.65 626
9.6667 629
9.6833 633
9.7 636
9.7167 639
9.7333 642
9.75 645
9.7667 648
9.7833 651
9.8 654
9.8167 657
9.8333 660
9.85 664
9.8667 667
9.8833 670
9.9 673
9.9167 676
9.9333 678
9.95 681
9.9667 684
9.9833 687
10.0 690
10.0167 693
10.0333 696
10.05 699
10.0667 702
10.0833 705
10.1 707
10.1167 710
10.1333 713
10.15 716
10.1667 719
10.1833 721
10.2 724
10.2167 727
10.2333 729
10.25 732
10.2667 735
10.2833 737
10.3 740
10.3167 743
10.3333 745
10.35 748
10.3667 750
10.3833 753
10.4 756
10.4167 758
10.4333 761
10.45 763
10.4667 766
10.4833 768
10.5 770
10.5167 773
10.5333 775
10.55 778
10.5667 780
10.5833 782
10.6 785
10.6167 787
10.6333 789
10.65 792
10.6667 794
10.6833 796
10.7 799
10.7167 801
10.7333 803
10.75 805
10.7667 807
10.7833 809
10.8 812
10.8167 814
10.8333 816
10.85 818
10.8667 820
10.8833 822
10.9 824
10.9167 826
10.9333 828
10.95 830
10.9667 832
10.9833 834
11.0 836
11.0167 838
11.0333 840
11.05 842
11.0667 843
11.0833 845
11.1 847
11.1167 849
11.1333 851
11.15 852
11.1667 854
11.1833 856
11.2 858
11.2167 859
11.2333 861
11.25 863
11.2667 864
11.2833 866
11.3 867
11.3167 869
11.3333 871
11.35 872
11.3667 874
11.3833 875
11.4 877
11.4167 878
11.4333 880
11.45 881
11.4667 882
11.4833 884
11.5 885
11.5167 886
11.5333 888
11.55 889
11.5667 890
11.5833 892
11.6 893
11.6167 894
11.6333 895
11.65 897
11.6667 898
11.6833 899
11.7 900
11.7167 901
11.7333 902
11.75 903
11.7667 904
11.7833 905
11.8 906
11.8167 907
11.8333 908
11.85 909
11.8667 910
11.8833 911
11.9 912
11.9167 913
11.9333 914
11.95 915
11.9667 915
11.9833 916
12.0 917
12.0167 918
12.0333 919
12.05 919
12.0667 920
12.0833 921
12.1 921
12.1167 922
12.1333 923
12.15 923
12.1667 924
12.1833 924
12.2 925
12.2167 925
12.2333 926
12.25 926
12.2667 927
12.2833 927
12.3 928
12.3167 928
12.3333 928
12.35 929
12.3667 929
12.3833 929
12.4 930
12.4167 930
12.4333 930
12.45 930
12.4667 931
12.4833 931
12.5 931
12.5167 931
12.5333 931
12.55 931
12.5667 931
12.5833 932
12.6 932
12.6167 932
12.6333 932
12.65 932
12.6667 932
12.6833 932
12.7 931
12.7167 931
12.7333 931
12.75 931
12.7667 931
12.7833 931
12.8 931
12.8167 930
12.8333 930
12.85 930
12.8667 930
12.8833 929
12.9 929
12.9167 929
12.9333 928
12.95 928
12.9667 928
12.9833 927
13.0 927
13.0167 926
13.0333 926
13.05 925
13.0667 925
13.0833 924
13.1 924
13.1167 923
13.1333 922
13.15 922
13.1667 921
13.1833 921
13.2 920
13.2167 919
13.2333 918
13.25 918
13.2667 917
13.2833 916
13.3 915
13.3167 915
13.3333 914
13.35 913
13.3667 912
13.3833 911
13.4 910
13.4167 909
13.4333 908
13.45 907
13.4667 906
13.4833 905
13.5 904
13.5167 903
13.5333 902
13.55 901
13.5667 900
13.5833 899
13.6 898
13.6167 896
13.6333 895
13.65 894
13.6667 893
13.6833 892
13.7 890
13.7167 889
13.7333 888
13.75 886
13.7667 885
13.7833 884
13.8 882
13.8167 881
13.8333 879
13.85 878
13.8667 877
13.8833 875
13.9 874
13.9167 872
13.9333 871
13.95 869
13.9667 867
13.9833 866
14.0 864
14.0167 863
14.0333 861
14.05 859
14.0667 858
14.0833 856
14.1 854
14.1167 852
14.1333 851
14.15 849
14.1667 847
14.1833 845
14.2 843
14.2167 842
14.2333 840
14.25 838
14.2667 836
14.2833 834
14.3 832
14.3167 830
14.3333 828
14.35 826
14.3667 824
14.3833 822
14.4 820
14.4167 818
14.4333 816
14.45 814
14.4667 812
14.4833 809
14.5 807
14.5167 805
14.5333 803
14.55 801
14.5667 798
14.5833 796
14.6 794
14.6167 792
14.6333 789
14.65 787
14.6667 785
14.6833 782
14.7 780
14.7167 778
14.7333 775
14.75 773
14.7667 770
14.7833 768
14.8 765
14.8167 763
14.8333 761
14.85 758
14.8667 755
14.8833 753
14.9 750
14.9167 748
14.9333 745
14.95 743
14.9667 740
14.9833 737
15.0 734
15.0167 731
15.0333 728
15.05 726
15.0667 723
15.0833 720
15.1 718
15.1167 715
15.1333 712
15.15 709
15.1667 706
15.1833 704
15.2 701
15.2167 698
15.2333 695
15.25 692
15.2667 689
15.2833 686
15.3 683
15.3167 680
15.3333 678
15.35 675
15.3667 672
15.3833 669
15.4 666
15.4167 663
15.4333 659
15.45 656
15.4667 653
15.4833 650
15.5 647
15.5167 644
15.5333 641
15.55 638
15.5667 635
15.5833 632
15.6 628
15.6167 625
15.6333 622
15.65 619
15.6667 616
15.6833 612
15.7 609
15.7167 606
15.7333 603
15.75 599
15.7667 596
15.7833 593
15.8 589
15.8167 586
15.8333 583
15.85 579
15.8667 576
15.8833 573
15.9 569
15.9167 566
15.9333 562
15.95 559
15.9667 556
15.9833 552
16.0 549
16.0167 545
16.0333 542
16.05 538
16.0667 535
16.0833 531
16.1 528
16.1167 524
16.1333 521
16.15 517
16.1667 514
16.1833 510
16.2 506
16.2167 503
16.2333 499
16.25 496
16.2667 492
16.2833 488
16.3 485
16.3167 481
16.3333 478
16.35 474
16.3667 470
16.3833 467
16.4 463
16.4167 459
16.4333 456
16.45 452
16.4667 448
16.4833 445
16.5 441
16.5167 437
16.5333 433
16.55 430
16.5667 426
16.5833 422
16.6 418
16.6167 415
16.6333 411
16.65 407
16.6667 403
16.6833 400
16.7 396
16.7167 392
16.7333 388
16.75 385
16.7667 381
16.7833 377
16.8 373
16.8167 369
16.8333 366
16.85 362
16.8667 358
16.8833 354
16.9 350
16.9167 346
16.9333 343
16.95 339
16.9667 335
16.9833 331
