8.0 257
8.0167 260
8.0333 264
8.05 268
8.0667 272
8.0833 276
8.1 279
8.1167 283
8.1333 287
8.15 291
8.1667 295
8.1833 298
8.2 302
8.2167 306
8.2333 310
8.25 314
8.2667 317
8.2833 321
8.3 325
8.3167 329
8.3333 333
8.35 336
8.3667 340
8.3833 344
8.4 348
8.4167 352
8.4333 355
8.45 359
8.4667 363
8.4833 367
8.5 371
8.5167 374
8.5333 378
8.55 382
8.5667 386
8.5833 389
8.6 393
8.6167 397
8.6333 401
8.65 404
8.6667 408
8.6833 412
8.7 416
8.7167 419
8.7333 423
8.75 427
8.7667 430
8.7833 434
8.8 438
8.8167 441
8.8333 445
8.85 449
8.8667 452
8.8833 456
8.9 460
8.9167 463
8.9333 467
8.95 471
8.9667 474
8.9833 478
9.0 481
9.0167 485
9.0333 488
9.05 492
9.0667 495
9.0833 499
9.1 502
9.1167 506
9.1333 509
9.15 513
9.1667 516
9.1833 520
9.2 523
9.2167 527
9.2333 530
9.25 534
9.2667 537
9.2833 541
9.3 544
9.3167 547
9.3333 551
9.35 554
9.3667 558
9.3833 561
9.4 564
9.4167 568
9.4333 571
9.45 574
9.4667 578
9.4833 581
9.5 584
9.5167 587
9.5333 591
9.55 594
9.5667 597
9.5833 600
9.6 604
9.6167 607
9.6333 610
9.65 613
9.6667 616
9.6833 619
9.7 623
9.7167 626
9.7333 629
9.75 632
9.7667 635
9.7833 638
9.8 641
9.8167 644
9.8333 647
9.85 650
9.8667 653
9.8833 656
9.9 659
9.9167 662
9.9333 665
9.95 668
9.9667 671
9.9833 674
10.0 677
10.0167 679
10.0333 682
10.05 685
10.0667 688
10.0833 691
10.1 694
10.1167 696
10.1333 699
10.15 702
10.1667 705
10.1833 707
10.2 710
10.2167 713
10.2333 715
10.25 718
10.2667 721
10.2833 723
10.3 726
10.3167 728
10.3333 731
10.35 734
10.3667 736
10.3833 739
10.4 741
10.4167 744
10.4333 746
10.45 749
10.4667 751
10.4833 753
10.5 756
10.5167 758
10.5333 761
10.55 763
10.5667 765
10.5833 768
10.6 770
10.6167 772
10.6333 775
10.65 777
10.6667 779
10.6833 781
10.7 783
10.7167 786
10.7333 788
10.75 790
10.7667 792
10.7833 794
10.8 796
10.8167 798
10.8333 800
10.85 803
10.8667 805
10.8833 807
10.9 809
10.9167 811
10.9333 812
10.95 814
10.9667 816
10.9833 818
11.0 820
11.0167 822
11.0333 824
11.05 826
11.0667 827
11.0833 829
11.1 831
11.1167 833
11.1333 835
11.15 836
11.1667 838
11.1833 840
11.2 841
11.2167 843
11.2333 845
11.25 846
11.2667 848
11.2833 849
11.3 851
11.3167 852
11.3333 854
11.35 855
11.3667 857
11.3833 858
11.4 860
11.4167 861
11.4333 863
11.45 864
11.4667 865
11.4833 867
11.5 868
11.5167 869
11.5333 871
11.55 872
11.5667 873
11.5833 874
11.6 875
11.6167 877
11.6333 878
11.65 879
11.6667 880
11.6833 881
11.7 882
11.7167 883
11.7333 884
11.75 885
11.7667 886
11.7833 887
11.8 888
11.8167 889
11.8333 890
11.85 891
11.8667 892
11.8833 893
11.9 894
11.9167 895
11.9333 895
11.95 896
11.9667 897
11.9833 898
12.0 898
12.0167 899
12.0333 900
12.05 900
12.0667 901
12.0833 902
12.1 902
12.1167 903
12.1333 903
12.15 904
12.1667 904
12.1833 905
12.2 905
12.2167 906
12.2333 906
12.25 907
12.2667 907
12.2833 908
12.3 908
12.3167 908
12.3333 909
12.35 909
12.3667 909
12.3833 909
12.4 910
12.4167 910
12.4333 910
12.45 910
12.4667 910
12.4833 911
12.5 911
12.5167 911
12.5333 911
12.55 911
12.5667 911
12.5833 911
12.6 911
12.6167 911
12.6333 911
12.65 911
12.6667 911
12.6833 911
12.7 910
12.7167 910
12.7333 910
12.75 910
12.7667 910
12.7833 909
12.8 909
12.8167 909
12.8333 909
12.85 908
12.8667 908
12.8833 908
12.9 907
12.9167 907
12.9333 906
12.95 906
12.9667 906
12.9833 905
13.0 905
13.0167 904
13.0333 904
13.05 903
13.0667 902
13.0833 902
13.1 901
13.1167 901
13.1333 900
13.15 899
13.1667 899
13.1833 898
13.2 897
13.2167 896
13.2333 896
13.25 895
13.2667 894
13.2833 893
13.3 892
13.3167 891
13.3333 890
13.35 890
13.3667 889
13.3833 888
13.4 887
13.4167 886
13.4333 885
13.45 884
13.4667 883
13.4833 881
13.5 880
13.5167 879
13.5333 878
13.55 877
13.5667 876
13.5833 875
13.6 873
13.6167 872
13.6333 871
13.65 870
13.6667 868
13.6833 867
13.7 866
13.7167 864
13.7333 863
13.75 862
13.7667 860
13.7833 859
13.8 857
13.8167 856
13.8333 854
13.85 853
13.8667 851
13.8833 850
13.9 848
13.9167 847
13.9333 845
13.95 843
13.9667 842
13.9833 840
14.0 838
14.0167 837
14.0333 835
14.05 833
14.0667 832
14.0833 830
14.1 828
14.1167 826
14.1333 824
14.15 822
14.1667 821
14.1833 819
14.2 817
14.2167 815
14.2333 813
14.25 811
14.2667 809
14.2833 807
14.3 805
14.3167 803
14.3333 801
14.35 799
14.3667 797
14.3833 795
14.4 793
14.4167 791
14.4333 788
14.45 786
14.4667 784
14.4833 782
14.5 780
14.5167 777
14.5333 775
14.55 773
14.5667 771
14.5833 768
14.6 766
14.6167 764
14.6333 761
14.65 759
14.6667 756
14.6833 754
14.7 752
14.7167 749
14.7333 747
14.75 744
14.7667 742
14.7833 739
14.8 737
14.8167 734
14.8333 732
14.85 729
14.8667 727
14.8833 724
14.9 721
14.9167 719
14.9333 716
14.95 713
14.9667 711
14.9833 708
15.0 704
15.0167 702
15.0333 699
15.05 696
15.0667 693
15.0833 691
15.1 688
15.1167 685
15.1333 682
15.15 679
15.1667 676
15.1833 673
15.2 671
15.2167 668
15.2333 665
15.25 662
15.2667 659
15.2833 656
15.3 653
15.3167 650
15.3333 647
15.35 644
15.3667 641
15.3833 638
15.4 635
15.4167 632
15.4333 629
15.45 626
15.4667 622
15.4833 619
15.5 616
15.5167 613
15.5333 610
15.55 607
15.5667 603
15.5833 600
15.6 597
15.6167 594
15.6333 591
15.65 587
15.6667 584
15.6833 581
15.7 577
15.7167 574
15.7333 571
15.75 567
15.7667 564
15.7833 561
15.8 557
15.8167 554
15.8333 551
15.85 547
15.8667 544
15.8833 540
15.9 537
15.9167 534
15.9333 530
15.95 527
15.9667 523
15.9833 520
16.0 516
16.0167 513
16.0333 509
16.05 506
16.0667 502
16.0833 499
16.1 495
16.1167 492
16.1333 488
16.15 484
16.1667 481
16.1833 477
16.2 474
16.2167 470
16.2333 466
16.25 463
16.2667 459
16.2833 456
16.3 452
16.3167 448
16.3333 445
16.35 441
16.3667 437
16.3833 434
16.4 430
16.4167 426
16.4333 422
16.45 419
16.4667 415
16.4833 411
16.5 408
16.5167 404
16.5333 400
16.55 396
16.5667 393
16.5833 389
16.6 385
16.6167 381
16.6333 378
16.65 374
16.6667 370
16.6833 366
16.7 363
16.7167 359
16.7333 355
16.75 351
16.7667 347
16.7833 344
16.8 340
16.8167 336
16.8333 332
16.85 328
16.8667 325
16.8833 321
16.9 317
16.9167 313
16.9333 309
16.95 306
16.9667 302
16.9833 298
