8.0 299
8.0167 303
8.0333 307
8.05 311
8.0667 315
8.0833 319
8.1 323
8.1167 327
8.1333 331
8.15 335
8.1667 339
8.1833 343
8.2 347
8.2167 351
8.2333 355
8.25 359
8.2667 363
8.2833 366
8.3 370
8.3167 374
8.3333 378
8.35 382
8.3667 386
8.3833 390
8.4 394
8.4167 398
8.4333 402
8.45 406
8.4667 410
8.4833 414
8.5 418
8.5167 421
8.5333 425
8.55 429
8.5667 433
8.5833 437
8.6 441
8.6167 445
8.6333 449
8.65 452
8.6667 456
8.6833 460
8.7 464
8.7167 468
8.7333 472
8.75 475
8.7667 479
8.7833 483
8.8 487
8.8167 491
8.8333 494
8.85 498
8.8667 502
8.8833 506
8.9 509
8.9167 513
8.9333 517
8.95 521
8.9667 524
8.9833 528
9.0 532
9.0167 535
9.0333 539
9.05 542
9.0667 546
9.0833 550
9.1 553
9.1167 557
9.1333 560
9.15 564
9.1667 568
9.1833 571
9.2 575
9.2167 578
9.2333 582
9.25 585
9.2667 589
9.2833 592
9.3 596
9.3167 599
9.3333 603
9.35 606
9.3667 610
9.3833 613
9.4 617
9.4167 620
9.4333 624
9.45 627
9.4667 630
9.4833 634
9.5 637
9.5167 640
9.5333 644
9.55 647
9.5667 650
9.5833 654
9.6 657
9.6167 660
9.6333 664
9.65 667
9.6667 670
9.6833 673
9.7 676
9.7167 680
9.7333 683
9.75 686
9.7667 689
9.7833 692
9.8 695
9.8167 699
9.8333 702
9.85 705
9.8667 708
9.8833 711
9.9 714
9.9167 717
9.9333 720
9.95 723
9.9667 726
9.9833 729
10.0 732
10.0167 735
10.0333 738
10.05 741
10.0667 744
10.0833 747
10.1 749
10.1167 752
10.1333 755
10.15 758
10.1667 761
10.1833 764
10.2 766
10.2167 769
10.2333 772
10.25 775
10.2667 777
10.2833 780
10.3 783
10.3167 785
10.3333 788
10.35 791
10.3667 793
10.3833 796
10.4 798
10.4167 801
10.4333 804
10.45 806
10.4667 809
10.4833 811
10.5 814
10.5167 816
10.5333 819
10.55 821
10.5667 823
10.5833 826
10.6 828
10.6167 831
10.6333 833
10.65 835
10.6667 838
10.6833 840
10.7 842
10.7167 844
10.7333 847
10.75 849
10.7667 851
10.7833 853
10.8 856
10.8167 858
10.8333 860
10.85 862
10.8667 864
10.8833 866
10.9 868
10.9167 870
10.9333 872
10.95 874
10.9667 876
10.9833 878
11.0 880
11.0167 882
11.0333 884
11.05 886
11.0667 888
11.0833 890
11.1 892
11.1167 894
11.1333 895
11.15 897
11.1667 899
11.1833 901
11.2 903
11.2167 904
11.2333 906
11.25 908
11.2667 909
11.2833 911
11.3 913
11.3167 914
11.3333 916
11.35 917
11.3667 919
11.3833 921
11.4 922
11.4167 924
11.4333 925
11.45 927
11.4667 928
11.4833 929
11.5 931
11.5167 932
11.5333 934
11.55 935
11.5667 936
11.5833 938
11.6 939
11.6167 940
11.6333 941
11.65 943
11.6667 944
11.6833 945
11.7 946
11.7167 947
11.7333 949
11.75 950
11.7667 951
11.7833 952
11.8 953
11.8167 954
11.8333 955
11.85 956
11.8667 957
11.8833 958
11.9 959
11.9167 960
11.9333 961
11.95 962
11.9667 962
11.9833 963
12.0 964
12.0167 965
12.0333 966
12.05 966
12.0667 967
12.0833 968
12.1 969
12.1167 969
12.1333 970
12.15 971
12.1667 971
12.1833 972
12.2 972
12.2167 973
12.2333 973
12.25 974
12.2667 974
12.2833 975
12.3 975
12.3167 976
12.3333 976
12.35 977
12.3667 977
12.3833 977
12.4 978
12.4167 978
12.4333 978
12.45 979
12.4667 979
12.4833 979
12.5 979
12.5167 979
12.5333 980
12.55 980
12.5667 980
12.5833 980
12.6 980
12.6167 980
12.6333 980
12.65 980
12.6667 980
12.6833 980
12.7 980
12.7167 980
12.7333 980
12.75 980
12.7667 980
12.7833 980
12.8 980
12.8167 980
12.8333 979
12.85 979
12.8667 979
12.8833 979
12.9 978
12.9167 978
12.9333 978
12.95 977
12.9667 977
12.9833 977
13.0 976
13.0167 976
13.0333 975
13.05 975
13.0667 974
13.0833 974
13.1 973
13.1167 973
13.1333 972
13.15 972
13.1667 971
13.1833 971
13.2 970
13.2167 969
13.2333 969
13.25 968
13.2667 967
13.2833 966
13.3 966
13.3167 965
13.3333 964
13.35 963
13.3667 962
13.3833 962
13.4 961
13.4167 960
13.4333 959
13.45 958
13.4667 957
13.4833 956
13.5 955
13.5167 954
13.5333 953
13.55 952
13.5667 951
13.5833 950
13.6 949
13.6167 948
13.6333 946
13.65 945
13.6667 944
13.6833 943
13.7 942
13.7167 940
13.7333 939
13.75 938
13.7667 936
13.7833 935
13.8 934
13.8167 932
13.8333 931
13.85 930
13.8667 928
13.8833 927
13.9 925
13.9167 924
13.9333 922
13.95 921
13.9667 919
13.9833 918
14.0 916
14.0167 914
14.0333 913
14.05 911
14.0667 910
14.0833 908
14.1 906
14.1167 904
14.1333 903
14.15 901
14.1667 899
14.1833 897
14.2 896
14.2167 894
14.2333 892
14.25 890
14.2667 888
14.2833 886
14.3 884
14.3167 883
14.3333 881
14.35 879
14.3667 877
14.3833 875
14.4 873
14.4167 871
14.4333 868
14.45 866
14.4667 864
14.4833 862
14.5 860
14.5167 858
14.5333 856
14.55 854
14.5667 851
14.5833 849
14.6 847
14.6167 845
14.6333 842
14.65 840
14.6667 838
14.6833 836
14.7 833
14.7167 831
14.7333 828
14.75 826
14.7667 824
14.7833 821
14.8 819
14.8167 816
14.8333 814
14.85 811
14.8667 809
14.8833 806
14.9 804
14.9167 801
14.9333 799
14.95 796
14.9667 793
14.9833 791
15.0 787
15.0167 785
15.0333 782
15.05 779
15.0667 777
15.0833 774
15.1 771
15.1167 769
15.1333 766
15.15 763
15.1667 760
15.1833 757
15.2 755
15.2167 752
15.2333 749
15.25 746
15.2667 743
15.2833 740
15.3 737
15.3167 734
15.3333 731
15.35 728
15.3667 725
15.3833 722
15.4 719
15.4167 716
15.4333 713
15.45 710
15.4667 707
15.4833 704
15.5 701
15.5167 698
15.5333 695
15.55 692
15.5667 689
15.5833 686
15.6 682
15.6167 679
15.6333 676
15.65 673
15.6667 670
15.6833 666
15.7 663
15.7167 660
15.7333 656
15.75 653
15.7667 650
15.7833 647
15.8 643
15.8167 640
15.8333 637
15.85 633
15.8667 630
15.8833 626
15.9 623
15.9167 620
15.9333 616
15.95 613
15.9667 609
15.9833 606
16.0 602
16.0167 599
16.0333 595
16.05 592
16.0667 588
16.0833 585
16.1 581
16.1167 578
16.1333 574
16.15 571
16.1667 567
16.1833 563
16.2 560
16.2167 556
16.2333 553
16.25 549
16.2667 545
16.2833 542
16.3 538
16.3167 534
16.3333 531
16.35 527
16.3667 523
16.3833 520
16.4 516
16.4167 512
16.4333 508
16.45 505
16.4667 501
16.4833 497
16.5 493
16.5167 490
16.5333 486
16.55 482
16.5667 478
16.5833 475
16.6 471
16.6167 467
16.6333 463
16.65 459
16.6667 455
16.6833 452
16.7 448
16.7167 444
16.7333 440
16.75 436
16.7667 432
16.7833 428
16.8 424
16.8167 421
16.8333 417
16.85 413
16.8667 409
16.8833 405
16.9 401
16.9167 397
16.9333 393
16.95 389
16.9667 385
16.9833 381
