8.0 270
8.0167 274
8.0333 278
8.05 282
8.0667 285
8.0833 289
8.1 293
8.1167 297
8.1333 301
8.15 304
8.1667 308
8.1833 312
8.2 316
8.2167 320
8.2333 324
8.25 327
8.2667 331
8.2833 335
8.3 339
8.3167 343
8.3333 347
8.35 350
8.3667 354
8.3833 358
8.4 362
8.4167 366
8.4333 369
8.45 373
8.4667 377
8.4833 381
8.5 385
8.5167 388
8.5333 392
8.55 396
8.5667 400
8.5833 404
8.6 407
8.6167 411
8.6333 415
8.65 419
8.6667 422
8.6833 426
8.7 430
8.7167 434
8.7333 437
8.75 441
8.7667 445
8.7833 448
8.8 452
8.8167 456
8.8333 460
8.85 463
8.8667 467
8.8833 471
8.9 474
8.9167 478
8.9333 481
8.95 485
8.9667 489
8.9833 492
9.0 496
9.0167 499
9.0333 503
9.05 506
9.0667 510
9.0833 514
9.1 517
9.1167 521
9.1333 524
9.15 528
9.1667 531
9.1833 535
9.2 538
9.2167 542
9.2333 545
9.25 549
9.2667 552
9.2833 556
9.3 559
9.3167 563
9.3333 566
9.35 569
9.3667 573
9.3833 576
9.4 580
9.4167 583
9.4333 586
9.45 590
9.4667 593
9.4833 596
9.5 600
9.5167 603
9.5333 606
9.55 609
9.5667 613
9.5833 616
9.6 619
9.6167 622
9.6333 626
9.65 629
9.6667 632
9.6833 635
9.7 638
9.7167 641
9.7333 645
9.75 648
9.7667 651
9.7833 654
9.8 657
9.8167 660
9.8333 663
9.85 666
9.8667 669
9.8833 672
9.9 675
9.9167 678
9.9333 681
9.95 684
9.9667 687
9.9833 690
10.0 693
10.0167 696
10.0333 699
10.05 702
10.0667 704
10.0833 707
10.1 710
10.1167 713
10.1333 716
10.15 719
10.1667 721
10.1833 724
10.2 727
10.2167 729
10.2333 732
10.25 735
10.2667 738
10.2833 740
10.3 743
10.3167 745
10.3333 748
10.35 751
10.3667 753
10.3833 756
10.4 758
10.4167 761
10.4333 763
10.45 766
10.4667 768
10.4833 771
10.5 773
10.5167 776
10.5333 778
10.55 781
10.5667 783
10.5833 785
10.6 788
10.6167 790
10.6333 792
10.65 795
10.6667 797
10.6833 799
10.7 801
10.7167 804
10.7333 806
10.75 808
10.7667 810
10.7833 812
10.8 815
10.8167 817
10.8333 819
10.85 821
10.8667 823
10.8833 825
10.9 827
10.9167 829
10.9333 831
10.95 833
10.9667 835
10.9833 837
11.0 839
11.0167 841
11.0333 843
11.05 845
11.0667 847
11.0833 848
11.1 850
11.1167 852
11.1333 854
11.15 856
11.1667 857
11.1833 859
11.2 861
11.2167 863
11.2333 864
11.25 866
11.2667 868
11.2833 869
11.3 871
11.3167 872
11.3333 874
11.35 875
11.3667 877
11.3833 878
11.4 880
11.4167 881
11.4333 883
11.45 884
11.4667 886
11.4833 887
11.5 889
11.5167 890
11.5333 891
11.55 893
11.5667 894
11.5833 895
11.6 896
11.6167 898
11.6333 899
11.65 900
11.6667 901
11.6833 902
11.7 904
11.7167 905
11.7333 906
11.75 907
11.7667 908
11.7833 909
11.8 910
11.8167 911
11.8333 912
11.85 913
11.8667 914
11.8833 915
11.9 916
11.9167 917
11.9333 918
11.95 918
11.9667 919
11.9833 920
12.0 921
12.0167 922
12.0333 922
12.05 923
12.0667 924
12.0833 924
12.1 925
12.1167 926
12.1333 926
12.15 927
12.1667 928
12.1833 928
12.2 929
12.2167 929
12.2333 930
12.25 930
12.2667 931
12.2833 931
12.3 932
12.3167 932
12.3333 932
12.35 933
12.3667 933
12.3833 933
12.4 934
12.4167 934
12.4333 934
12.45 935
12.4667 935
12.4833 935
12.5 935
12.5167 935
12.5333 935
12.55 936
12.5667 936
12.5833 936
12.6 936
12.6167 936
12.6333 936
12.65 936
12.6667 936
12.6833 936
12.7 936
12.7167 936
12.7333 936
12.75 936
12.7667 935
12.7833 935
12.8 935
12.8167 935
12.8333 935
12.85 934
12.8667 934
12.8833 934
12.9 934
12.9167 933
12.9333 933
12.95 933
12.9667 932
12.9833 932
13.0 931
13.0167 931
13.0333 930
13.05 930
13.0667 929
13.0833 929
13.1 928
13.1167 928
13.1333 927
13.15 927
13.1667 926
13.1833 925
13.2 925
13.2167 924
13.2333 923
13.25 923
13.2667 922
13.2833 921
13.3 920
13.3167 919
13.3333 919
13.35 918
13.3667 917
13.3833 916
13.4 915
13.4167 914
13.4333 913
13.45 912
13.4667 911
13.4833 910
13.5 909
13.5167 908
13.5333 907
13.55 906
13.5667 905
13.5833 904
13.6 903
13.6167 902
13.6333 900
13.65 899
13.6667 898
13.6833 897
13.7 896
13.7167 894
13.7333 893
13.75 892
13.7667 890
13.7833 889
13.8 888
13.8167 886
13.8333 885
13.85 883
13.8667 882
13.8833 881
13.9 879
13.9167 878
13.9333 876
13.95 874
13.9667 873
13.9833 871
14.0 870
14.0167 868
14.0333 866
14.05 865
14.0667 863
14.0833 861
14.1 860
14.1167 858
14.1333 856
14.15 855
14.1667 853
14.1833 851
14.2 849
14.2167 847
14.2333 845
14.25 844
14.2667 842
14.2833 840
14.3 838
14.3167 836
14.3333 834
14.35 832
14.3667 830
14.3833 828
14.4 826
14.4167 824
14.4333 822
14.45 820
14.4667 818
14.4833 815
14.5 813
14.5167 811
14.5333 809
14.55 807
14.5667 805
14.5833 802
14.6 800
14.6167 798
14.6333 796
14.65 793
14.6667 791
14.6833 789
14.7 786
14.7167 784
14.7333 781
14.75 779
14.7667 777
14.7833 774
14.8 772
14.8167 769
14.8333 767
14.85 764
14.8667 762
14.8833 759
14.9 757
14.9167 754
14.9333 752
14.95 749
14.9667 746
14.9833 744
15.0 740
15.0167 738
15.0333 735
15.05 732
15.0667 730
15.0833 727
15.1 724
15.1167 721
15.1333 719
15.15 716
15.1667 713
15.1833 710
15.2 707
15.2167 705
15.2333 702
15.25 699
15.2667 696
15.2833 693
15.3 690
15.3167 687
15.3333 684
15.35 681
15.3667 678
15.3833 675
15.4 672
15.4167 669
15.4333 666
15.45 663
15.4667 660
15.4833 657
15.5 654
15.5167 651
15.5333 648
15.55 645
15.5667 642
15.5833 639
15.6 635
15.6167 632
15.6333 629
15.65 626
15.6667 623
15.6833 619
15.7 616
15.7167 613
15.7333 610
15.75 606
15.7667 603
15.7833 600
15.8 597
15.8167 593
15.8333 590
15.85 587
15.8667 583
15.8833 580
15.9 576
15.9167 573
15.9333 570
15.95 566
15.9667 563
15.9833 559
16.0 556
16.0167 553
16.0333 549
16.05 546
16.0667 542
16.0833 539
16.1 535
16.1167 532
16.1333 528
16.15 525
16.1667 521
16.1833 517
16.2 514
16.2167 510
16.2333 507
16.25 503
16.2667 500
16.2833 496
16.3 492
16.3167 489
16.3333 485
16.35 482
16.3667 478
16.3833 474
16.4 471
16.4167 467
16.4333 463
16.45 460
16.4667 456
16.4833 452
16.5 448
16.5167 445
16.5333 441
16.55 437
16.5667 434
16.5833 430
16.6 426
16.6167 422
16.6333 419
16.65 415
16.6667 411
16.6833 407
16.7 404
16.7167 400
16.7333 396
16.75 392
16.7667 388
16.7833 385
16.8 381
16.8167 377
16.8333 373
16.85 369
16.8667 366
16.8833 362
16.9 358
16.9167 354
16.9333 350
16.95 347
16.9667 343
16.9833 339
