8.0 280
8.0167 284
8.0333 288
8.05 292
8.0667 296
8.0833 300
8.1 304
8.1167 308
8.1333 312
8.15 316
8.1667 320
8.1833 323
8.2 327
8.2167 331
8.2333 335
8.25 339
8.2667 343
8.2833 347
8.3 351
8.3167 355
8.3333 359
8.35 363
8.3667 367
8.3833 371
8.4 375
8.4167 378
8.4333 382
8.45 386
8.4667 390
8.4833 394
8.5 398
8.5167 402
8.5333 406
8.55 410
8.5667 413
8.5833 417
8.6 421
8.6167 425
8.6333 429
8.65 433
8.6667 436
8.6833 440
8.7 444
8.7167 448
8.7333 452
8.75 455
8.7667 459
8.7833 463
8.8 467
8.8167 471
8.8333 474
8.85 478
8.8667 482
8.8833 486
8.9 489
8.9167 493
8.9333 497
8.95 500
8.9667 504
8.9833 508
9.0 511
9.0167 515
9.0333 518
9.05 522
9.0667 526
9.0833 529
9.1 533
9.1167 536
9.1333 540
9.15 544
9.1667 547
9.1833 551
9.2 554
9.2167 558
9.2333 561
9.25 565
9.2667 568
9.2833 572
9.3 575
9.3167 579
9.3333 582
9.35 586
9.3667 589
9.3833 592
9.4 596
9.4167 599
9.4333 603
9.45 606
9.4667 609
9.4833 613
9.5 616
9.5167 619
9.5333 623
9.55 626
9.5667 629
9.5833 633
9.6 636
9.6167 639
9.6333 642
9.65 646
9.6667 649
9.6833 652
9.7 655
9.7167 658
9.7333 661
9.75 665
9.7667 668
9.7833 671
9.8 674
9.8167 677
9.8333 680
9.85 683
9.8667 686
9.8833 689
9.9 692
9.9167 695
9.9333 698
9.95 701
9.9667 704
9.9833 707
10.0 710
10.0167 713
10.0333 716
10.05 719
10.0667 721
10.0833 724
10.1 727
10.1167 730
10.1333 733
10.15 736
10.1667 738
10.1833 741
10.2 744
10.2167 747
10.2333 749
10.25 752
10.2667 755
10.2833 757
10.3 760
10.3167 763
10.3333 765
10.35 768
10.3667 770
10.3833 773
10.4 775
10.4167 778
10.4333 780
10.45 783
10.4667 785
10.4833 788
10.5 790
10.5167 793
10.5333 795
10.55 798
10.5667 800
10.5833 802
10.6 805
10.6167 807
10.6333 809
10.65 812
10.6667 814
10.6833 816
10.7 818
10.7167 821
10.7333 823
10.75 825
10.7667 827
10.7833 829
10.8 831
10.8167 833
10.8333 836
10.85 838
10.8667 840
10.8833 842
10.9 844
10.9167 846
10.9333 848
10.95 850
10.9667 852
10.9833 854
11.0 855
11.0167 857
11.0333 859
11.05 861
11.0667 863
11.0833 865
11.1 867
11.1167 868
11.1333 870
11.15 872
11.1667 874
11.1833 875
11.2 877
11.2167 879
11.2333 880
11.25 882
11.2667 884
11.2833 885
11.3 887
11.3167 888
11.3333 890
11.35 891
11.3667 893
11.3833 894
11.4 896
11.4167 897
11.4333 899
11.45 900
11.4667 901
11.4833 903
11.5 904
11.5167 905
11.5333 907
11.55 908
11.5667 909
11.5833 910
11.6 912
11.6167 913
11.6333 914
11.65 915
11.6667 916
11.6833 918
11.7 919
11.7167 920
11.7333 921
11.75 922
11.7667 923
11.7833 924
11.8 925
11.8167 926
11.8333 927
11.85 928
11.8667 929
11.8833 929
11.9 930
11.9167 931
11.9333 932
11.95 933
11.9667 934
11.9833 934
12.0 935
12.0167 936
12.0333 937
12.05 937
12.0667 938
12.0833 939
12.1 939
12.1167 940
12.1333 940
12.15 941
12.1667 941
12.1833 942
12.2 942
12.2167 943
12.2333 943
12.25 944
12.2667 944
12.2833 945
12.3 945
12.3167 945
12.3333 946
12.35 946
12.3667 946
12.3833 947
12.4 947
12.4167 947
12.4333 947
12.45 947
12.4667 948
12.4833 948
12.5 948
12.5167 948
12.5333 948
12.55 948
12.5667 948
12.5833 948
12.6 948
12.6167 948
12.6333 948
12.65 948
12.6667 948
12.6833 948
12.7 948
12.7167 948
12.7333 948
12.75 947
12.7667 947
12.7833 947
12.8 947
12.8167 946
12.8333 946
12.85 946
12.8667 946
12.8833 945
12.9 945
12.9167 945
12.9333 944
12.95 944
12.9667 943
12.9833 943
13.0 942
13.0167 942
13.0333 941
13.05 941
13.0667 940
13.0833 940
13.1 939
13.1167 938
13.1333 938
13.15 937
13.1667 936
13.1833 936
13.2 935
13.2167 934
13.2333 933
13.25 933
13.2667 932
13.2833 931
13.3 930
13.3167 929
13.3333 928
13.35 927
13.3667 926
13.3833 926
13.4 925
13.4167 924
13.4333 923
13.45 922
13.4667 920
13.4833 919
13.5 918
13.5167 917
13.5333 916
13.55 915
13.5667 914
13.5833 913
13.6 911
13.6167 910
13.6333 909
13.65 908
13.6667 906
13.6833 905
13.7 904
13.7167 902
13.7333 901
13.75 900
13.7667 898
13.7833 897
13.8 895
13.8167 894
13.8333 892
13.85 891
13.8667 889
13.8833 888
13.9 886
13.9167 885
13.9333 883
13.95 881
13.9667 880
13.9833 878
14.0 876
14.0167 875
14.0333 873
14.05 871
14.0667 870
14.0833 868
14.1 866
14.1167 864
14.1333 862
14.15 861
14.1667 859
14.1833 857
14.2 855
14.2167 853
14.2333 851
14.25 849
14.2667 847
14.2833 845
14.3 843
14.3167 841
14.3333 839
14.35 837
14.3667 835
14.3833 833
14.4 831
14.4167 829
14.4333 826
14.45 824
14.4667 822
14.4833 820
14.5 818
14.5167 815
14.5333 813
14.55 811
14.5667 809
14.5833 806
14.6 804
14.6167 802
14.6333 799
14.65 797
14.6667 794
14.6833 792
14.7 790
14.7167 787
14.7333 785
14.75 782
14.7667 780
14.7833 777
14.8 775
14.8167 772
14.8333 770
14.85 767
14.8667 764
14.8833 762
14.9 759
14.9167 756
14.9333 754
14.95 751
14.9667 748
14.9833 746
15.0 742
15.0167 739
15.0333 737
15.05 734
15.0667 731
15.0833 728
15.1 725
15.1167 723
15.1333 720
15.15 717
15.1667 714
15.1833 711
15.2 708
15.2167 705
15.2333 702
15.25 699
15.2667 696
15.2833 693
15.3 690
15.3167 687
15.3333 684
15.35 681
15.3667 678
15.3833 675
15.4 672
15.4167 669
15.4333 666
15.45 663
15.4667 659
15.4833 656
15.5 653
15.5167 650
15.5333 647
15.55 644
15.5667 640
15.5833 637
15.6 634
15.6167 631
15.6333 627
15.65 624
15.6667 621
15.6833 617
15.7 614
15.7167 611
15.7333 607
15.75 604
15.7667 601
15.7833 597
15.8 594
15.8167 590
15.8333 587
15.85 584
15.8667 580
15.8833 577
15.9 573
15.9167 570
15.9333 566
15.95 563
15.9667 559
15.9833 556
16.0 552
16.0167 549
16.0333 545
16.05 541
16.0667 538
16.0833 534
16.1 531
16.1167 527
16.1333 523
16.15 520
16.1667 516
16.1833 512
16.2 509
16.2167 505
16.2333 501
16.25 498
16.2667 494
16.2833 490
16.3 487
16.3167 483
16.3333 479
16.35 475
16.3667 472
16.3833 468
16.4 464
16.4167 460
16.4333 457
16.45 453
16.4667 449
16.4833 445
16.5 441
16.5167 438
16.5333 434
16.55 430
16.5667 426
16.5833 422
16.6 418
16.6167 415
16.6333 411
16.65 407
16.6667 403
16.6833 399
16.7 395
16.7167 391
16.7333 388
16.75 384
16.7667 380
16.7833 376
16.8 372
16.8167 368
16.8333 364
16.85 360
16.8667 356
16.8833 352
16.9 348
16.9167 344
16.9333 341
16.95 337
16.9667 333
16.9833 329
