8.0 231
8.0167 235
8.0333 239
8.05 243
8.0667 246
8.0833 250
8.1 254
8.1167 258
8.1333 262
8.15 265
8.1667 269
8.1833 273
8.2 277
8.2167 281
8.2333 284
8.25 288
8.2667 292
8.2833 296
8.3 300
8.3167 304
8.3333 307
8.35 311
8.3667 315
8.3833 319
8.4 323
8.4167 326
8.4333 330
8.45 334
8.4667 338
8.4833 341
8.5 345
8.5167 349
8.5333 353
8.55 356
8.5667 360
8.5833 364
8.6 368
8.6167 371
8.6333 375
8.65 379
8.6667 383
8.6833 386
8.7 390
8.7167 394
8.7333 397
8.75 401
8.7667 405
8.7833 408
8.8 412
8.8167 416
8.8333 419
8.85 423
8.8667 427
8.8833 430
8.9 434
8.9167 437
8.9333 441
8.95 444
8.9667 448
8.9833 452
9.0 455
9.0167 458
9.0333 462
9.05 465
9.0667 469
9.0833 472
9.1 476
9.1167 479
9.1333 482
9.15 486
9.1667 489
9.1833 493
9.2 496
9.2167 500
9.2333 503
9.25 506
9.2667 510
9.2833 513
9.3 517
9.3167 520
9.3333 523
9.35 527
9.3667 530
9.3833 533
9.4 536
9.4167 540
9.4333 543
9.45 546
9.4667 549
9.4833 553
9.5 556
9.5167 559
9.5333 562
9.55 565
9.5667 569
9.5833 572
9.6 575
9.6167 578
9.6333 581
9.65 584
9.6667 587
9.6833 590
9.7 593
9.7167 596
9.7333 599
9.75 602
9.7667 605
9.7833 608
9.8 611
9.8167 614
9.8333 617
9.85 620
9.8667 623
9.8833 626
9.9 629
9.9167 632
9.9333 634
9.95 637
9.9667 640
9.9833 643
10.0 646
10.0167 648
10.0333 651
10.05 654
10.0667 657
10.0833 659
10.1 662
10.1167 665
10.1333 667
10.15 670
10.1667 673
10.1833 675
10.2 678
10.2167 680
10.2333 683
10.25 685
10.2667 688
10.2833 690
10.3 693
10.3167 695
10.3333 698
10.35 700
10.3667 703
10.3833 705
10.4 708
10.4167 710
10.4333 712
10.45 715
10.4667 717
10.4833 719
10.5 722
10.5167 724
10.5333 726
10.55 728
10.5667 731
10.5833 733
10.6 735
10.6167 737
10.6333 739
10.65 741
10.6667 743
10.6833 746
10.7 748
10.7167 750
10.7333 752
10.75 754
10.7667 756
10.7833 758
10.8 760
10.8167 762
10.8333 764
10.85 765
10.8667 767
10.8833 769
10.9 771
10.9167 773
10.9333 775
10.95 777
10.9667 778
10.9833 780
11.0 782
11.0167 784
11.0333 785
11.05 787
11.0667 789
11.0833 790
11.1 792
11.1167 794
11.1333 795
11.15 797
11.1667 798
11.1833 800
11.2 801
11.2167 803
11.2333 804
11.25 806
11.2667 807
11.2833 809
11.3 810
11.3167 811
11.3333 813
11.35 814
11.3667 815
11.3833 817
11.4 818
11.4167 819
11.4333 821
11.45 822
11.4667 823
11.4833 824
11.5 825
11.5167 826
11.5333 828
11.55 829
11.5667 830
11.5833 831
11.6 832
11.6167 833
11.6333 834
11.65 835
11.6667 836
11.6833 837
11.7 838
11.7167 839
11.7333 840
11.75 840
11.7667 841
11.7833 842
11.8 843
11.8167 844
11.8333 844
11.85 845
11.8667 846
11.8833 847
11.9 847
11.9167 848
11.9333 849
11.95 849
11.9667 850
11.9833 850
12.0 851
12.0167 851
12.0333 852
12.05 853
12.0667 853
12.0833 853
12.1 854
12.1167 854
12.1333 855
12.15 855
12.1667 855
12.1833 856
12.2 856
12.2167 856
12.2333 857
12.25 857
12.2667 857
12.2833 857
12.3 858
12.3167 858
12.3333 858
12.35 858
12.3667 858
12.3833 858
12.4 858
12.4167 858
12.4333 858
12.45 858
12.4667 858
12.4833 858
12.5 858
12.5167 858
12.5333 858
12.55 858
12.5667 858
12.5833 858
12.6 858
12.6167 857
12.6333 857
12.65 857
12.6667 857
12.6833 856
12.7 856
12.7167 856
12.7333 855
12.75 855
12.7667 855
12.7833 854
12.8 854
12.8167 853
12.8333 853
12.85 852
12.8667 852
12.8833 851
12.9 851
12.9167 850
12.9333 850
12.95 849
12.9667 848
12.9833 848
13.0 847
13.0167 846
13.0333 846
13.05 845
13.0667 844
13.0833 844
13.1 843
13.1167 842
13.1333 841
13.15 840
13.1667 839
13.1833 838
13.2 838
13.2167 837
13.2333 836
13.25 835
13.2667 834
13.2833 833
13.3 832
13.3167 831
13.3333 830
13.35 829
13.3667 827
13.3833 826
13.4 825
13.4167 824
13.4333 823
13.45 822
13.4667 820
13.4833 819
13.5 818
13.5167 817
13.5333 815
13.55 814
13.5667 813
13.5833 811
13.6 810
13.6167 808
13.6333 807
13.65 806
13.6667 804
13.6833 803
13.7 801
13.7167 800
13.7333 798
13.75 796
13.7667 795
13.7833 793
13.8 792
13.8167 790
13.8333 788
13.85 787
13.8667 785
13.8833 783
13.9 782
13.9167 780
13.9333 778
13.95 776
13.9667 774
13.9833 773
14.0 771
14.0167 769
14.0333 767
14.05 765
14.0667 763
14.0833 761
14.1 759
14.1167 757
14.1333 755
14.15 753
14.1667 751
14.1833 749
14.2 747
14.2167 745
14.2333 743
14.25 741
14.2667 739
14.2833 737
14.3 735
14.3167 732
14.3333 730
14.35 728
14.3667 726
14.3833 723
14.4 721
14.4167 719
14.4333 717
14.45 714
14.4667 712
14.4833 710
14.5 707
14.5167 705
14.5333 702
14.55 700
14.5667 697
14.5833 695
14.6 693
14.6167 690
14.6333 688
14.65 685
14.6667 682
14.6833 680
14.7 677
14.7167 675
14.7333 672
14.75 669
14.7667 667
14.7833 664
14.8 662
14.8167 659
14.8333 656
14.85 653
14.8667 651
14.8833 648
14.9 645
14.9167 642
14.9333 640
14.95 637
14.9667 634
14.9833 631
15.0 627
15.0167 624
15.0333 621
15.05 618
15.0667 616
15.0833 613
15.1 610
15.1167 607
15.1333 604
15.15 601
15.1667 598
15.1833 595
15.2 592
15.2167 589
15.2333 586
15.25 582
15.2667 579
15.2833 576
15.3 573
15.3167 570
15.3333 567
15.35 564
15.3667 561
15.3833 557
15.4 554
15.4167 551
15.4333 548
15.45 545
15.4667 541
15.4833 538
15.5 535
15.5167 531
15.5333 528
15.55 525
15.5667 522
15.5833 518
15.6 515
15.6167 511
15.6333 508
15.65 505
15.6667 501
15.6833 498
15.7 495
15.7167 491
15.7333 488
15.75 484
15.7667 481
15.7833 477
15.8 474
15.8167 470
15.8333 467
15.85 463
15.8667 460
15.8833 456
15.9 453
15.9167 449
15.9333 446
15.95 442
15.9667 439
15.9833 435
16.0 431
16.0167 428
16.0333 424
16.05 421
16.0667 417
16.0833 413
16.1 410
16.1167 406
16.1333 402
16.15 399
16.1667 395
16.1833 391
16.2 388
16.2167 384
16.2333 380
16.25 376
16.2667 373
16.2833 369
16.3 365
16.3167 362
16.3333 358
16.35 354
16.3667 350
16.3833 347
16.4 343
16.4167 339
16.4333 335
16.45 332
16.4667 328
16.4833 324
16.5 320
16.5167 316
16.5333 313
16.55 309
16.5667 305
16.5833 301
16.6 297
16.6167 294
16.6333 290
16.65 286
16.6667 282
16.6833 278
16.7 275
16.7167 271
16.7333 267
16.75 263
16.7667 259
16.7833 256
16.8 252
16.8167 248
16.8333 244
16.85 240
16.8667 237
16.8833 233
16.9 229
16.9167 225
16.9333 221
16.95 218
16.9667 214
16.9833 210
