8.0 243
8.0167 246
8.0333 250
8.05 254
8.0667 258
8.0833 262
8.1 266
8.1167 269
8.1333 273
8.15 277
8.1667 281
8.1833 285
8.2 289
8.2167 293
8.2333 296
8.25 300
8.2667 304
8.2833 308
8.3 312
8.3167 316
8.3333 320
8.35 323
8.3667 327
8.3833 331
8.4 335
8.4167 339
8.4333 343
8.45 346
8.4667 350
8.4833 354
8.5 358
8.5167 362
8.5333 365
8.55 369
8.5667 373
8.5833 377
8.6 380
8.6167 384
8.6333 388
8.65 392
8.6667 395
8.6833 399
8.7 403
8.7167 407
8.7333 410
8.75 414
8.7667 418
8.7833 421
8.8 425
8.8167 429
8.8333 433
8.85 436
8.8667 440
8.8833 443
8.9 447
8.9167 451
8.9333 454
8.95 458
8.9667 462
8.9833 465
9.0 469
9.0167 472
9.0333 475
9.05 479
9.0667 482
9.0833 486
9.1 489
9.1167 493
9.1333 496
9.15 500
9.1667 503
9.1833 507
9.2 510
9.2167 514
9.2333 517
9.25 521
9.2667 524
9.2833 527
9.3 531
9.3167 534
9.3333 537
9.35 541
9.3667 544
9.3833 547
9.4 551
9.4167 554
9.4333 557
9.45 561
9.4667 564
9.4833 567
9.5 570
9.5167 574
9.5333 577
9.55 580
9.5667 583
9.5833 586
9.6 589
9.6167 593
9.6333 596
9.65 599
9.6667 602
9.6833 605
9.7 608
9.7167 611
9.7333 614
9.75 617
9.7667 620
9.7833 623
9.8 626
9.8167 629
9.8333 632
9.85 635
9.8667 638
9.8833 641
9.9 644
9.9167 647
9.9333 650
9.95 653
9.9667 655
9.9833 658
10.0 661
10.0167 664
10.0333 667
10.05 669
10.0667 672
10.0833 675
10.1 678
10.1167 680
10.1333 683
10.15 686
10.1667 688
10.1833 691
10.2 693
10.2167 696
10.2333 699
10.25 701
10.2667 704
10.2833 706
10.3 709
10.3167 711
10.3333 714
10.35 716
10.3667 719
10.3833 721
10.4 724
10.4167 726
10.4333 728
10.45 731
10.4667 733
10.4833 735
10.5 738
10.5167 740
10.5333 742
10.55 745
10.5667 747
10.5833 749
10.6 751
10.6167 753
10.6333 756
10.65 758
10.6667 760
10.6833 762
10.7 764
10.7167 766
10.7333 768
10.75 770
10.7667 772
10.7833 774
10.8 776
10.8167 778
10.8333 780
10.85 782
10.8667 784
10.8833 786
10.9 788
10.9167 790
10.9333 792
10.95 794
10.9667 795
10.9833 797
11.0 799
11.0167 801
11.0333 802
11.05 804
11.0667 806
11.0833 808
11.1 809
11.1167 811
11.1333 812
11.15 814
11.1667 816
11.1833 817
11.2 819
11.2167 820
11.2333 822
11.25 823
11.2667 825
11.2833 826
11.3 828
11.3167 829
11.3333 830
11.35 832
11.3667 833
11.3833 834
11.4 836
11.4167 837
11.4333 838
11.45 840
11.4667 841
11.4833 842
11.5 843
11.5167 844
11.5333 845
11.55 847
11.5667 848
11.5833 849
11.6 850
11.6167 851
11.6333 852
11.65 853
11.6667 854
11.6833 855
11.7 856
11.7167 857
11.7333 858
11.75 859
11.7667 860
11.7833 860
11.8 861
11.8167 862
11.8333 863
11.85 864
11.8667 864
11.8833 865
11.9 866
11.9167 866
11.9333 867
11.95 868
11.9667 868
11.9833 869
12.0 870
12.0167 870
12.0333 871
12.05 871
12.0667 872
12.0833 872
12.1 873
12.1167 873
12.1333 874
12.15 874
12.1667 874
12.1833 875
12.2 875
12.2167 875
12.2333 876
12.25 876
12.2667 876
12.2833 876
12.3 877
12.3167 877
12.3333 877
12.35 877
12.3667 877
12.3833 877
12.4 878
12.4167 878
12.4333 878
12.45 878
12.4667 878
12.4833 878
12.5 878
12.5167 878
12.5333 878
12.55 878
12.5667 877
12.5833 877
12.6 877
12.6167 877
12.6333 877
12.65 877
12.6667 876
12.6833 876
12.7 876
12.7167 875
12.7333 875
12.75 875
12.7667 874
12.7833 874
12.8 874
12.8167 873
12.8333 873
12.85 872
12.8667 872
12.8833 871
12.9 871
12.9167 870
12.9333 870
12.95 869
12.9667 869
12.9833 868
13.0 867
13.0167 867
13.0333 866
13.05 865
13.0667 864
13.0833 864
13.1 863
13.1167 862
13.1333 861
13.15 861
13.1667 860
13.1833 859
13.2 858
13.2167 857
13.2333 856
13.25 855
13.2667 854
13.2833 853
13.3 852
13.3167 851
13.3333 850
13.35 849
13.3667 848
13.3833 847
13.4 846
13.4167 845
13.4333 843
13.45 842
13.4667 841
13.4833 840
13.5 839
13.5167 837
13.5333 836
13.55 835
13.5667 833
13.5833 832
13.6 831
13.6167 829
13.6333 828
13.65 826
13.6667 825
13.6833 824
13.7 822
13.7167 821
13.7333 819
13.75 817
13.7667 816
13.7833 814
13.8 813
13.8167 811
13.8333 809
13.85 808
13.8667 806
13.8833 804
13.9 803
13.9167 801
13.9333 799
13.95 797
13.9667 796
13.9833 794
14.0 792
14.0167 790
14.0333 788
14.05 786
14.0667 785
14.0833 783
14.1 781
14.1167 779
14.1333 777
14.15 775
14.1667 773
14.1833 771
14.2 769
14.2167 767
14.2333 765
14.25 762
14.2667 760
14.2833 758
14.3 756
14.3167 754
14.3333 752
14.35 749
14.3667 747
14.3833 745
14.4 743
14.4167 740
14.4333 738
14.45 736
14.4667 734
14.4833 731
14.5 729
14.5167 726
14.5333 724
14.55 722
14.5667 719
14.5833 717
14.6 714
14.6167 712
14.6333 709
14.65 707
14.6667 704
14.6833 702
14.7 699
14.7167 697
14.7333 694
14.75 691
14.7667 689
14.7833 686
14.8 683
14.8167 681
14.8333 678
14.85 675
14.8667 673
14.8833 670
14.9 667
14.9167 664
14.9333 662
14.95 659
14.9667 656
14.9833 653
15.0 649
15.0167 646
15.0333 643
15.05 640
15.0667 638
15.0833 635
15.1 632
15.1167 629
15.1333 626
15.15 623
15.1667 620
15.1833 617
15.2 614
15.2167 611
15.2333 608
15.25 605
15.2667 601
15.2833 598
15.3 595
15.3167 592
15.3333 589
15.35 586
15.3667 583
15.3833 579
15.4 576
15.4167 573
15.4333 570
15.45 567
15.4667 563
15.4833 560
15.5 557
15.5167 554
15.5333 550
15.55 547
15.5667 544
15.5833 540
15.6 537
15.6167 534
15.6333 530
15.65 527
15.6667 523
15.6833 520
15.7 517
15.7167 513
15.7333 510
15.75 506
15.7667 503
15.7833 499
15.8 496
15.8167 492
15.8333 489
15.85 485
15.8667 482
15.8833 478
15.9 475
15.9167 471
15.9333 468
15.95 464
15.9667 460
15.9833 457
16.0 453
16.0167 450
16.0333 446
16.05 442
16.0667 439
16.0833 435
16.1 431
16.1167 428
16.1333 424
16.15 420
16.1667 417
16.1833 413
16.2 409
16.2167 406
16.2333 402
16.25 398
16.2667 394
16.2833 391
16.3 387
16.3167 383
16.3333 379
16.35 376
16.3667 372
16.3833 368
16.4 364
16.4167 361
16.4333 357
16.45 353
16.4667 349
16.4833 345
16.5 342
16.5167 338
16.5333 334
16.55 330
16.5667 326
16.5833 322
16.6 319
16.6167 315
16.6333 311
16.65 307
16.6667 303
16.6833 299
16.7 295
16.7167 292
16.7333 288
16.75 284
16.7667 280
16.7833 276
16.8 272
16.8167 269
16.8333 265
16.85 261
16.8667 257
16.8833 253
16.9 249
16.9167 245
16.9333 242
16.95 238
16.9667 234
16.9833 230
