8.0 255
8.0167 259
8.0333 263
8.05 267
8.0667 271
8.0833 275
8.1 278
8.1167 282
8.1333 286
8.15 290
8.1667 294
8.1833 298
8.2 302
8.2167 306
8.2333 310
8.25 313
8.2667 317
8.2833 321
8.3 325
8.3167 329
8.3333 333
8.35 337
8.3667 341
8.3833 345
8.4 348
8.4167 352
8.4333 356
8.45 360
8.4667 364
8.4833 368
8.5 372
8.5167 375
8.5333 379
8.55 383
8.5667 387
8.5833 391
8.6 394
8.6167 398
8.6333 402
8.65 406
8.6667 410
8.6833 413
8.7 417
8.7167 421
8.7333 425
8.75 428
8.7667 432
8.7833 436
8.8 440
8.8167 443
8.8333 447
8.85 451
8.8667 454
8.8833 458
8.9 462
8.9167 465
8.9333 469
8.95 473
8.9667 476
8.9833 480
9.0 484
9.0167 487
9.0333 490
9.05 494
9.0667 497
9.0833 501
9.1 504
9.1167 508
9.1333 511
9.15 515
9.1667 519
9.1833 522
9.2 525
9.2167 529
9.2333 532
9.25 536
9.2667 539
9.2833 543
9.3 546
9.3167 550
9.3333 553
9.35 556
9.3667 560
9.3833 563
9.4 566
9.4167 570
9.4333 573
9.45 576
9.4667 580
9.4833 583
9.5 586
9.5167 589
9.5333 593
9.55 596
9.5667 599
9.5833 602
9.6 606
9.6167 609
9.6333 612
9.65 615
9.6667 618
9.6833 621
9.7 624
9.7167 628
9.7333 631
9.75 634
9.7667 637
9.7833 640
9.8 643
9.8167 646
9.8333 649
9.85 652
9.8667 655
9.8833 658
9.9 661
9.9167 664
9.9333 666
9.95 669
9.9667 672
9.9833 675
10.0 678
10.0167 681
10.0333 684
10.05 686
10.0667 689
10.0833 692
10.1 695
10.1167 697
10.1333 700
10.15 703
10.1667 705
10.1833 708
10.2 711
10.2167 713
10.2333 716
10.25 719
10.2667 721
10.2833 724
10.3 726
10.3167 729
10.3333 731
10.35 734
10.3667 736
10.3833 739
10.4 741
10.4167 744
10.4333 746
10.45 749
10.4667 751
10.4833 753
10.5 756
10.5167 758
10.5333 760
10.55 763
10.5667 765
10.5833 767
10.6 769
10.6167 772
10.6333 774
10.65 776
10.6667 778
10.6833 780
10.7 783
10.7167 785
10.7333 787
10.75 789
10.7667 791
10.7833 793
10.8 795
10.8167 797
10.8333 799
10.85 801
10.8667 803
10.8833 805
10.9 807
10.9167 809
10.9333 811
10.95 812
10.9667 814
10.9833 816
11.0 818
11.0167 820
11.0333 821
11.05 823
11.0667 825
11.0833 827
11.1 828
11.1167 830
11.1333 832
11.15 833
11.1667 835
11.1833 837
11.2 838
11.2167 840
11.2333 841
11.25 843
11.2667 844
11.2833 846
11.3 847
11.3167 849
11.3333 850
11.35 851
11.3667 853
11.3833 854
11.4 856
11.4167 857
11.4333 858
11.45 859
11.4667 861
11.4833 862
11.5 863
11.5167 864
11.5333 866
11.55 867
11.5667 868
11.5833 869
11.6 870
11.6167 871
11.6333 872
11.65 873
11.6667 874
11.6833 875
11.7 876
11.7167 877
11.7333 878
11.75 879
11.7667 880
11.7833 881
11.8 882
11.8167 883
11.8333 884
11.85 884
11.8667 885
11.8833 886
11.9 887
11.9167 887
11.9333 888
11.95 889
11.9667 889
11.9833 890
12.0 891
12.0167 891
12.0333 892
12.05 893
12.0667 893
12.0833 894
12.1 894
12.1167 895
12.1333 895
12.15 895
12.1667 896
12.1833 896
12.2 897
12.2167 897
12.2333 897
12.25 898
12.2667 898
12.2833 898
12.3 898
12.3167 899
12.3333 899
12.35 899
12.3667 899
12.3833 899
12.4 900
12.4167 900
12.4333 900
12.45 900
12.4667 900
12.4833 900
12.5 900
12.5167 900
12.5333 900
12.55 900
12.5667 900
12.5833 900
12.6 899
12.6167 899
12.6333 899
12.65 899
12.6667 899
12.6833 899
12.7 898
12.7167 898
12.7333 898
12.75 897
12.7667 897
12.7833 897
12.8 896
12.8167 896
12.8333 896
12.85 895
12.8667 895
12.8833 894
12.9 894
12.9167 893
12.9333 893
12.95 892
12.9667 892
12.9833 891
13.0 890
13.0167 890
13.0333 889
13.05 889
13.0667 888
13.0833 887
13.1 886
13.1167 886
13.1333 885
13.15 884
13.1667 883
13.1833 882
13.2 882
13.2167 881
13.2333 880
13.25 879
13.2667 878
13.2833 877
13.3 876
13.3167 875
13.3333 874
13.35 873
13.3667 872
13.3833 871
13.4 870
13.4167 869
13.4333 867
13.45 866
13.4667 865
13.4833 864
13.5 863
13.5167 861
13.5333 860
13.55 859
13.5667 858
13.5833 856
13.6 855
13.6167 854
13.6333 852
13.65 851
13.6667 849
13.6833 848
13.7 847
13.7167 845
13.7333 844
13.75 842
13.7667 841
13.7833 839
13.8 837
13.8167 836
13.8333 834
13.85 833
13.8667 831
13.8833 829
13.9 828
13.9167 826
13.9333 824
13.95 822
13.9667 821
13.9833 819
14.0 817
14.0167 815
14.0333 813
14.05 812
14.0667 810
14.0833 808
14.1 806
14.1167 804
14.1333 802
14.15 800
14.1667 798
14.1833 796
14.2 794
14.2167 792
14.2333 790
14.25 788
14.2667 786
14.2833 784
14.3 782
14.3167 779
14.3333 777
14.35 775
14.3667 773
14.3833 771
14.4 768
14.4167 766
14.4333 764
14.45 762
14.4667 759
14.4833 757
14.5 755
14.5167 752
14.5333 750
14.55 747
14.5667 745
14.5833 743
14.6 740
14.6167 738
14.6333 735
14.65 733
14.6667 730
14.6833 728
14.7 725
14.7167 723
14.7333 720
14.75 717
14.7667 715
14.7833 712
14.8 710
14.8167 707
14.8333 704
14.85 702
14.8667 699
14.8833 696
14.9 693
14.9167 691
14.9333 688
14.95 685
14.9667 682
14.9833 679
15.0 675
15.0167 673
15.0333 670
15.05 667
15.0667 664
15.0833 661
15.1 658
15.1167 655
15.1333 652
15.15 649
15.1667 646
15.1833 643
15.2 640
15.2167 637
15.2333 634
15.25 631
15.2667 628
15.2833 625
15.3 622
15.3167 619
15.3333 616
15.35 612
15.3667 609
15.3833 606
15.4 603
15.4167 600
15.4333 597
15.45 593
15.4667 590
15.4833 587
15.5 584
15.5167 580
15.5333 577
15.55 574
15.5667 570
15.5833 567
15.6 564
15.6167 560
15.6333 557
15.65 554
15.6667 550
15.6833 547
15.7 543
15.7167 540
15.7333 537
15.75 533
15.7667 530
15.7833 526
15.8 523
15.8167 519
15.8333 516
15.85 512
15.8667 509
15.8833 505
15.9 502
15.9167 498
15.9333 495
15.95 491
15.9667 487
15.9833 484
16.0 480
16.0167 477
16.0333 473
16.05 469
16.0667 466
16.0833 462
16.1 458
16.1167 455
16.1333 451
16.15 447
16.1667 444
16.1833 440
16.2 436
16.2167 432
16.2333 429
16.25 425
16.2667 421
16.2833 417
16.3 414
16.3167 410
16.3333 406
16.35 402
16.3667 399
16.3833 395
16.4 391
16.4167 387
16.4333 383
16.45 380
16.4667 376
16.4833 372
16.5 368
16.5167 364
16.5333 360
16.55 357
16.5667 353
16.5833 349
16.6 345
16.6167 341
16.6333 337
16.65 333
16.6667 329
16.6833 326
16.7 322
16.7167 318
16.7333 314
16.75 310
16.7667 306
16.7833 302
16.8 298
16.8167 294
16.8333 291
16.85 287
16.8667 283
16.8833 279
16.9 275
16.9167 271
16.9333 267
16.95 263
16.9667 259
16.9833 256
