8.0 247
8.0167 251
8.0333 255
8.05 258
8.0667 262
8.0833 266
8.1 270
8.1167 274
8.1333 278
8.15 282
8.1667 286
8.1833 289
8.2 293
8.2167 297
8.2333 301
8.25 305
8.2667 309
8.2833 313
8.3 316
8.3167 320
8.3333 324
8.35 328
8.3667 332
8.3833 336
8.4 340
8.4167 343
8.4333 347
8.45 351
8.4667 355
8.4833 359
8.5 363
8.5167 366
8.5333 370
8.55 374
8.5667 378
8.5833 382
8.6 385
8.6167 389
8.6333 393
8.65 397
8.6667 400
8.6833 404
8.7 408
8.7167 412
8.7333 415
8.75 419
8.7667 423
8.7833 426
8.8 430
8.8167 434
8.8333 438
8.85 441
8.8667 445
8.8833 449
8.9 452
8.9167 456
8.9333 459
8.95 463
8.9667 467
8.9833 470
9.0 474
9.0167 477
9.0333 480
9.05 484
9.0667 487
9.0833 491
9.1 495
9.1167 498
9.1333 502
9.15 505
9.1667 509
9.1833 512
9.2 516
9.2167 519
9.2333 522
9.25 526
9.2667 529
9.2833 533
9.3 536
9.3167 539
9.3333 543
9.35 546
9.3667 550
9.3833 553
9.4 556
9.4167 559
9.4333 563
9.45 566
9.4667 569
9.4833 573
9.5 576
9.5167 579
9.5333 582
9.55 586
9.5667 589
9.5833 592
9.6 595
9.6167 598
9.6333 601
9.65 604
9.6667 608
9.6833 611
9.7 614
9.7167 617
9.7333 620
9.75 623
9.7667 626
9.7833 629
9.8 632
9.8167 635
9.8333 638
9.85 641
9.8667 644
9.8833 647
9.9 650
9.9167 653
9.9333 655
9.95 658
9.9667 661
9.9833 664
10.0 667
10.0167 670
10.0333 672
10.05 675
10.0667 678
10.0833 681
10.1 683
10.1167 686
10.1333 689
10.15 692
10.1667 694
10.1833 697
10.2 699
10.2167 702
10.2333 705
10.25 707
10.2667 710
10.2833 712
10.3 715
10.3167 717
10.3333 720
10.35 722
10.3667 725
10.3833 727
10.4 730
10.4167 732
10.4333 735
10.45 737
10.4667 739
10.4833 742
10.5 744
10.5167 746
10.5333 749
10.55 751
10.5667 753
10.5833 755
10.6 758
10.6167 760
10.6333 762
10.65 764
10.6667 766
10.6833 768
10.7 771
10.7167 773
10.7333 775
10.75 777
10.7667 779
10.7833 781
10.8 783
10.8167 785
10.8333 787
10.85 789
10.8667 791
10.8833 793
10.9 794
10.9167 796
10.9333 798
10.95 800
10.9667 802
10.9833 804
11.0 805
11.0167 807
11.0333 809
11.05 811
11.0667 812
11.0833 814
11.1 816
11.1167 817
11.1333 819
11.15 821
11.1667 822
11.1833 824
11.2 825
11.2167 827
11.2333 828
11.25 830
11.2667 831
11.2833 833
11.3 834
11.3167 836
11.3333 837
11.35 839
11.3667 840
11.3833 841
11.4 843
11.4167 844
11.4333 845
11.45 846
11.4667 848
11.4833 849
11.5 850
11.5167 851
11.5333 852
11.55 854
11.5667 855
11.5833 856
11.6 857
11.6167 858
11.6333 859
11.65 860
11.6667 861
11.6833 862
11.7 863
11.7167 864
11.7333 865
11.75 866
11.7667 867
11.7833 867
11.8 868
11.8167 869
11.8333 870
11.85 871
11.8667 872
11.8833 872
11.9 873
11.9167 874
11.9333 874
11.95 875
11.9667 876
11.9833 876
12.0 877
12.0167 877
12.0333 878
12.05 879
12.0667 879
12.0833 880
12.1 880
12.1167 880
12.1333 881
12.15 881
12.1667 882
12.1833 882
12.2 882
12.2167 883
12.2333 883
12.25 883
12.2667 884
12.2833 884
12.3 884
12.3167 884
12.3333 885
12.35 885
12.3667 885
12.3833 885
12.4 885
12.4167 885
12.4333 885
12.45 885
12.4667 885
12.4833 885
12.5 885
12.5167 885
12.5333 885
12.55 885
12.5667 885
12.5833 885
12.6 885
12.6167 885
12.6333 884
12.65 884
12.6667 884
12.6833 884
12.7 883
12.7167 883
12.7333 883
12.75 883
12.7667 882
12.7833 882
12.8 881
12.8167 881
12.8333 881
12.85 880
12.8667 880
12.8833 879
12.9 879
12.9167 878
12.9333 878
12.95 877
12.9667 876
12.9833 876
13.0 875
13.0167 875
13.0333 874
13.05 873
13.0667 872
13.0833 872
13.1 871
13.1167 870
13.1333 869
13.15 869
13.1667 868
13.1833 867
13.2 866
13.2167 865
13.2333 864
13.25 863
13.2667 862
13.2833 861
13.3 860
13.3167 859
13.3333 858
13.35 857
13.3667 856
13.3833 855
13.4 854
13.4167 853
13.4333 852
13.45 850
13.4667 849
13.4833 848
13.5 847
13.5167 845
13.5333 844
13.55 843
13.5667 842
13.5833 840
13.6 839
13.6167 837
13.6333 836
13.65 835
13.6667 833
13.6833 832
13.7 830
13.7167 829
13.7333 827
13.75 826
13.7667 824
13.7833 823
13.8 821
13.8167 819
13.8333 818
13.85 816
13.8667 815
13.8833 813
13.9 811
13.9167 809
13.9333 808
13.95 806
13.9667 804
13.9833 802
14.0 800
14.0167 799
14.0333 797
14.05 795
14.0667 793
14.0833 791
14.1 789
14.1167 787
14.1333 785
14.15 783
14.1667 781
14.1833 779
14.2 777
14.2167 775
14.2333 773
14.25 771
14.2667 769
14.2833 767
14.3 765
14.3167 762
14.3333 760
14.35 758
14.3667 756
14.3833 754
14.4 751
14.4167 749
14.4333 747
14.45 745
14.4667 742
14.4833 740
14.5 737
14.5167 735
14.5333 733
14.55 730
14.5667 728
14.5833 725
14.6 723
14.6167 721
14.6333 718
14.65 715
14.6667 713
14.6833 710
14.7 708
14.7167 705
14.7333 703
14.75 700
14.7667 697
14.7833 695
14.8 692
14.8167 689
14.8333 687
14.85 684
14.8667 681
14.8833 679
14.9 676
14.9167 673
14.9333 670
14.95 668
14.9667 665
14.9833 662
15.0 658
15.0167 655
15.0333 652
15.05 649
15.0667 646
15.0833 643
15.1 641
15.1167 638
15.1333 635
15.15 632
15.1667 629
15.1833 626
15.2 623
15.2167 620
15.2333 616
15.25 613
15.2667 610
15.2833 607
15.3 604
15.3167 601
15.3333 598
15.35 595
15.3667 592
15.3833 588
15.4 585
15.4167 582
15.4333 579
15.45 576
15.4667 572
15.4833 569
15.5 566
15.5167 562
15.5333 559
15.55 556
15.5667 553
15.5833 549
15.6 546
15.6167 542
15.6333 539
15.65 536
15.6667 532
15.6833 529
15.7 526
15.7167 522
15.7333 519
15.75 515
15.7667 512
15.7833 508
15.8 505
15.8167 501
15.8333 498
15.85 494
15.8667 491
15.8833 487
15.9 484
15.9167 480
15.9333 477
15.95 473
15.9667 469
15.9833 466
16.0 462
16.0167 459
16.0333 455
16.05 451
16.0667 448
16.0833 444
16.1 440
16.1167 437
16.1333 433
16.15 429
16.1667 426
16.1833 422
16.2 418
16.2167 414
16.2333 411
16.25 407
16.2667 403
16.2833 400
16.3 396
16.3167 392
16.3333 388
16.35 384
16.3667 381
16.3833 377
16.4 373
16.4167 369
16.4333 366
16.45 362
16.4667 358
16.4833 354
16.5 350
16.5167 346
16.5333 343
16.55 339
16.5667 335
16.5833 331
16.6 327
16.6167 323
16.6333 320
16.65 316
16.6667 312
16.6833 308
16.7 304
16.7167 300
16.7333 296
16.75 293
16.7667 289
16.7833 285
16.8 281
16.8167 277
16.8333 273
16.85 269
16.8667 265
16.8833 262
16.9 258
16.9167 254
16.9333 250
16.95 246
16.9667 242
16.9833 238
