8.0 237
8.0167 241
8.0333 245
8.05 249
8.0667 252
8.0833 256
8.1 260
8.1167 264
8.1333 268
8.15 272
8.1667 276
8.1833 280
8.2 283
8.2167 287
8.2333 291
8.25 295
8.2667 299
8.2833 303
8.3 307
8.3167 311
8.3333 314
8.35 318
8.3667 322
8.3833 326
8.4 330
8.4167 334
8.4333 337
8.45 341
8.4667 345
8.4833 349
8.5 353
8.5167 356
8.5333 360
8.55 364
8.5667 368
8.5833 372
8.6 375
8.6167 379
8.6333 383
8.65 387
8.6667 390
8.6833 394
8.7 398
8.7167 402
8.7333 405
8.75 409
8.7667 413
8.7833 416
8.8 420
8.8167 424
8.8333 427
8.85 431
8.8667 435
8.8833 438
8.9 442
8.9167 446
8.9333 449
8.95 453
8.9667 456
8.9833 460
9.0 463
9.0167 466
9.0333 470
9.05 473
9.0667 477
9.0833 480
9.1 484
9.1167 487
9.1333 491
9.15 494
9.1667 498
9.1833 501
9.2 505
9.2167 508
9.2333 511
9.25 515
9.2667 518
9.2833 522
9.3 525
9.3167 528
9.3333 532
9.35 535
9.3667 538
9.3833 542
9.4 545
9.4167 548
9.4333 551
9.45 555
9.4667 558
9.4833 561
9.5 564
9.5167 568
9.5333 571
9.55 574
9.5667 577
9.5833 580
9.6 583
9.6167 586
9.6333 589
9.65 593
9.6667 596
9.6833 599
9.7 602
9.7167 605
9.7333 608
9.75 611
9.7667 614
9.7833 617
9.8 620
9.8167 623
9.8333 626
9.85 628
9.8667 631
9.8833 634
9.9 637
9.9167 640
9.9333 643
9.95 646
9.9667 648
9.9833 651
10.0 654
10.0167 657
10.0333 659
10.05 662
10.0667 665
10.0833 668
10.1 670
10.1167 673
10.1333 676
10.15 678
10.1667 681
10.1833 683
10.2 686
10.2167 689
10.2333 691
10.25 694
10.2667 696
10.2833 699
10.3 701
10.3167 704
10.3333 706
10.35 709
10.3667 711
10.3833 713
10.4 716
10.4167 718
10.4333 720
10.45 723
10.4667 725
10.4833 727
10.5 730
10.5167 732
10.5333 734
10.55 736
10.5667 739
10.5833 741
10.6 743
10.6167 745
10.6333 747
10.65 749
10.6667 751
10.6833 753
10.7 756
10.7167 758
10.7333 760
10.75 762
10.7667 764
10.7833 766
10.8 768
10.8167 769
10.8333 771
10.85 773
10.8667 775
10.8833 777
10.9 779
10.9167 781
10.9333 782
10.95 784
10.9667 786
10.9833 788
11.0 790
11.0167 791
11.0333 793
11.05 795
11.0667 796
11.0833 798
11.1 799
11.1167 801
11.1333 803
11.15 804
11.1667 806
11.1833 807
11.2 809
11.2167 810
11.2333 812
11.25 813
11.2667 815
11.2833 816
11.3 817
11.3167 819
11.3333 820
11.35 821
11.3667 823
11.3833 824
11.4 825
11.4167 827
11.4333 828
11.45 829
11.4667 830
11.4833 831
11.5 832
11.5167 834
11.5333 835
11.55 836
11.5667 837
11.5833 838
11.6 839
11.6167 840
11.6333 841
11.65 842
11.6667 843
11.6833 844
11.7 845
11.7167 846
11.7333 846
11.75 847
11.7667 848
11.7833 849
11.8 850
11.8167 850
11.8333 851
11.85 852
11.8667 853
11.8833 853
11.9 854
11.9167 855
11.9333 855
11.95 856
11.9667 856
11.9833 857
12.0 858
12.0167 858
12.0333 859
12.05 859
12.0667 860
12.0833 860
12.1 860
12.1167 861
12.1333 861
12.15 862
12.1667 862
12.1833 862
12.2 862
12.2167 863
12.2333 863
12.25 863
12.2667 863
12.2833 864
12.3 864
12.3167 864
12.3333 864
12.35 864
12.3667 864
12.3833 864
12.4 864
12.4167 864
12.4333 864
12.45 864
12.4667 864
12.4833 864
12.5 864
12.5167 864
12.5333 864
12.55 864
12.5667 864
12.5833 864
12.6 863
12.6167 863
12.6333 863
12.65 863
12.6667 862
12.6833 862
12.7 862
12.7167 861
12.7333 861
12.75 861
12.7667 860
12.7833 860
12.8 859
12.8167 859
12.8333 859
12.85 858
12.8667 858
12.8833 857
12.9 856
12.9167 856
12.9333 855
12.95 855
12.9667 854
12.9833 853
13.0 853
13.0167 852
13.0333 851
13.05 850
13.0667 850
13.0833 849
13.1 848
13.1167 847
13.1333 846
13.15 846
13.1667 845
13.1833 844
13.2 843
13.2167 842
13.2333 841
13.25 840
13.2667 839
13.2833 838
13.3 837
13.3167 836
13.3333 835
13.35 834
13.3667 832
13.3833 831
13.4 830
13.4167 829
13.4333 828
13.45 826
13.4667 825
13.4833 824
13.5 823
13.5167 821
13.5333 820
13.55 819
13.5667 817
13.5833 816
13.6 815
13.6167 813
13.6333 812
13.65 810
13.6667 809
13.6833 807
13.7 806
13.7167 804
13.7333 803
13.75 801
13.7667 799
13.7833 798
13.8 796
13.8167 795
13.8333 793
13.85 791
13.8667 789
13.8833 788
13.9 786
13.9167 784
13.9333 782
13.95 781
13.9667 779
13.9833 777
14.0 775
14.0167 773
14.0333 771
14.05 769
14.0667 767
14.0833 765
14.1 764
14.1167 762
14.1333 760
14.15 757
14.1667 755
14.1833 753
14.2 751
14.2167 749
14.2333 747
14.25 745
14.2667 743
14.2833 741
14.3 738
14.3167 736
14.3333 734
14.35 732
14.3667 730
14.3833 727
14.4 725
14.4167 723
14.4333 720
14.45 718
14.4667 716
14.4833 713
14.5 711
14.5167 708
14.5333 706
14.55 704
14.5667 701
14.5833 699
14.6 696
14.6167 694
14.6333 691
14.65 688
14.6667 686
14.6833 683
14.7 681
14.7167 678
14.7333 675
14.75 673
14.7667 670
14.7833 668
14.8 665
14.8167 662
14.8333 659
14.85 657
14.8667 654
14.8833 651
14.9 648
14.9167 645
14.9333 643
14.95 640
14.9667 637
14.9833 634
15.0 630
15.0167 627
15.0333 624
15.05 621
15.0667 618
15.0833 616
15.1 613
15.1167 610
15.1333 607
15.15 604
15.1667 601
15.1833 597
15.2 594
15.2167 591
15.2333 588
15.25 585
15.2667 582
15.2833 579
15.3 576
15.3167 573
15.3333 569
15.35 566
15.3667 563
15.3833 560
15.4 557
15.4167 553
15.4333 550
15.45 547
15.4667 544
15.4833 540
15.5 537
15.5167 534
15.5333 530
15.55 527
15.5667 524
15.5833 520
15.6 517
15.6167 514
15.6333 510
15.65 507
15.6667 503
15.6833 500
15.7 497
15.7167 493
15.7333 490
15.75 486
15.7667 483
15.7833 479
15.8 476
15.8167 472
15.8333 469
15.85 465
15.8667 461
15.8833 458
15.9 454
15.9167 451
15.9333 447
15.95 444
15.9667 440
15.9833 436
16.0 433
16.0167 429
16.0333 425
16.05 422
16.0667 418
16.0833 414
16.1 411
16.1167 407
16.1333 403
16.15 400
16.1667 396
16.1833 392
16.2 388
16.2167 385
16.2333 381
16.25 377
16.2667 373
16.2833 370
16.3 366
16.3167 362
16.3333 358
16.35 355
16.3667 351
16.3833 347
16.4 343
16.4167 339
16.4333 336
16.45 332
16.4667 328
16.4833 324
16.5 320
16.5167 316
16.5333 313
16.55 309
16.5667 305
16.5833 301
16.6 297
16.6167 293
16.6333 289
16.65 286
16.6667 282
16.6833 278
16.7 274
16.7167 270
16.7333 266
16.75 262
16.7667 258
16.7833 255
16.8 251
16.8167 247
16.8333 243
16.85 239
16.8667 235
16.8833 231
16.9 227
16.9167 224
16.9333 220
16.95 216
16.9667 212
16.9833 208
