8.0 204
8.0167 207
8.0333 211
8.05 215
8.0667 218
8.0833 222
8.1 226
8.1167 229
8.1333 233
8.15 237
8.1667 241
8.1833 244
8.2 248
8.2167 252
8.2333 255
8.25 259
8.2667 263
8.2833 266
8.3 270
8.3167 274
8.3333 278
8.35 281
8.3667 285
8.3833 289
8.4 292
8.4167 296
8.4333 300
8.45 303
8.4667 307
8.4833 311
8.5 314
8.5167 318
8.5333 322
8.55 325
8.5667 329
8.5833 333
8.6 336
8.6167 340
8.6333 344
8.65 347
8.6667 351
8.6833 355
8.7 358
8.7167 362
8.7333 365
8.75 369
8.7667 373
8.7833 376
8.8 380
8.8167 383
8.8333 387
8.85 390
8.8667 394
8.8833 398
8.9 401
8.9167 405
8.9333 408
8.95 412
8.9667 415
8.9833 419
9.0 422
9.0167 425
9.0333 428
9.05 432
9.0667 435
9.0833 438
9.1 442
9.1167 445
9.1333 449
9.15 452
9.1667 455
9.1833 459
9.2 462
9.2167 465
9.2333 469
9.25 472
9.2667 475
9.2833 479
9.3 482
9.3167 485
9.3333 489
9.35 492
9.3667 495
9.3833 498
9.4 502
9.4167 505
9.4333 508
9.45 511
9.4667 514
9.4833 517
9.5 521
9.5167 524
9.5333 527
9.55 530
9.5667 533
9.5833 536
9.6 539
9.6167 542
9.6333 545
9.65 548
9.6667 551
9.6833 554
9.7 557
9.7167 560
9.7333 563
9.75 566
9.7667 569
9.7833 572
9.8 575
9.8167 578
9.8333 581
9.85 583
9.8667 586
9.8833 589
9.9 592
9.9167 595
9.9333 598
9.95 600
9.9667 603
9.9833 606
10.0 609
10.0167 611
10.0333 614
10.05 617
10.0667 619
10.0833 622
10.1 625
10.1167 627
10.1333 630
10.15 632
10.1667 635
10.1833 637
10.2 640
10.2167 642
10.2333 645
10.25 647
10.2667 650
10.2833 652
10.3 655
10.3167 657
10.3333 660
10.35 662
10.3667 664
10.3833 667
10.4 669
10.4167 671
10.4333 674
10.45 676
10.4667 678
10.4833 681
10.5 683
10.5167 685
10.5333 687
10.55 689
10.5667 692
10.5833 694
10.6 696
10.6167 698
10.6333 700
10.65 702
10.6667 704
10.6833 706
10.7 708
10.7167 710
10.7333 712
10.75 714
10.7667 716
10.7833 718
10.8 720
10.8167 722
10.8333 724
10.85 726
10.8667 727
10.8833 729
10.9 731
10.9167 733
10.9333 735
10.95 736
10.9667 738
10.9833 740
11.0 742
11.0167 743
11.0333 745
11.05 747
11.0667 748
11.0833 750
11.1 751
11.1167 753
11.1333 754
11.15 756
11.1667 757
11.1833 759
11.2 760
11.2167 762
11.2333 763
11.25 765
11.2667 766
11.2833 767
11.3 769
11.3167 770
11.3333 771
11.35 773
11.3667 774
11.3833 775
11.4 777
11.4167 778
11.4333 779
11.45 780
11.4667 781
11.4833 782
11.5 784
11.5167 785
11.5333 786
11.55 787
11.5667 788
11.5833 789
11.6 790
11.6167 791
11.6333 792
11.65 793
11.6667 794
11.6833 795
11.7 795
11.7167 796
11.7333 797
11.75 798
11.7667 799
11.7833 800
11.8 800
11.8167 801
11.8333 802
11.85 803
11.8667 803
11.8833 804
11.9 805
11.9167 805
11.9333 806
11.95 806
11.9667 807
11.9833 807
12.0 808
12.0167 808
12.0333 809
12.05 809
12.0667 810
12.0833 810
12.1 811
12.1167 811
12.1333 811
12.15 812
12.1667 812
12.1833 812
12.2 813
12.2167 813
12.2333 813
12.25 813
12.2667 814
12.2833 814
12.3 814
12.3167 814
12.3333 814
12.35 814
12.3667 814
12.3833 814
12.4 814
12.4167 814
12.4333 814
12.45 814
12.4667 814
12.4833 814
12.5 814
12.5167 814
12.5333 814
12.55 814
12.5667 814
12.5833 813
12.6 813
12.6167 813
12.6333 813
12.65 812
12.6667 812
12.6833 812
12.7 812
12.7167 811
12.7333 811
12.75 810
12.7667 810
12.7833 810
12.8 809
12.8167 809
12.8333 808
12.85 808
12.8667 807
12.8833 807
12.9 806
12.9167 805
12.9333 805
12.95 804
12.9667 803
12.9833 803
13.0 802
13.0167 801
13.0333 801
13.05 800
13.0667 799
13.0833 798
13.1 798
13.1167 797
13.1333 796
13.15 795
13.1667 794
13.1833 793
13.2 792
13.2167 791
13.2333 790
13.25 789
13.2667 788
13.2833 787
13.3 786
13.3167 785
13.3333 784
13.35 783
13.3667 782
13.3833 781
13.4 779
13.4167 778
13.4333 777
13.45 776
13.4667 775
13.4833 773
13.5 772
13.5167 771
13.5333 769
13.55 768
13.5667 767
13.5833 765
13.6 764
13.6167 762
13.6333 761
13.65 760
13.6667 758
13.6833 757
13.7 755
13.7167 754
13.7333 752
13.75 750
13.7667 749
13.7833 747
13.8 746
13.8167 744
13.8333 742
13.85 741
13.8667 739
13.8833 737
13.9 735
13.9167 734
13.9333 732
13.95 730
13.9667 728
13.9833 726
14.0 725
14.0167 723
14.0333 721
14.05 719
14.0667 717
14.0833 715
14.1 713
14.1167 711
14.1333 709
14.15 707
14.1667 705
14.1833 703
14.2 701
14.2167 699
14.2333 697
14.25 695
14.2667 692
14.2833 690
14.3 688
14.3167 686
14.3333 684
14.35 682
14.3667 679
14.3833 677
14.4 675
14.4167 672
14.4333 670
14.45 668
14.4667 665
14.4833 663
14.5 661
14.5167 658
14.5333 656
14.55 653
14.5667 651
14.5833 649
14.6 646
14.6167 644
14.6333 641
14.65 639
14.6667 636
14.6833 633
14.7 631
14.7167 628
14.7333 626
14.75 623
14.7667 620
14.7833 618
14.8 615
14.8167 612
14.8333 610
14.85 607
14.8667 604
14.8833 602
14.9 599
14.9167 596
14.9333 593
14.95 590
14.9667 588
14.9833 585
15.0 581
15.0167 578
15.0333 575
15.05 572
15.0667 569
15.0833 566
15.1 563
15.1167 561
15.1333 558
15.15 555
15.1667 552
15.1833 549
15.2 546
15.2167 543
15.2333 540
15.25 536
15.2667 533
15.2833 530
15.3 527
15.3167 524
15.3333 521
15.35 518
15.3667 515
15.3833 512
15.4 508
15.4167 505
15.4333 502
15.45 499
15.4667 496
15.4833 492
15.5 489
15.5167 486
15.5333 483
15.55 479
15.5667 476
15.5833 473
15.6 469
15.6167 466
15.6333 463
15.65 459
15.6667 456
15.6833 453
15.7 449
15.7167 446
15.7333 442
15.75 439
15.7667 436
15.7833 432
15.8 429
15.8167 425
15.8333 422
15.85 418
15.8667 415
15.8833 411
15.9 408
15.9167 404
15.9333 401
15.95 397
15.9667 394
15.9833 390
16.0 387
16.0167 383
16.0333 380
16.05 376
16.0667 372
16.0833 369
16.1 365
16.1167 362
16.1333 358
16.15 354
16.1667 351
16.1833 347
16.2 344
16.2167 340
16.2333 336
16.25 333
16.2667 329
16.2833 325
16.3 322
16.3167 318
16.3333 314
16.35 311
16.3667 307
16.3833 303
16.4 300
16.4167 296
16.4333 292
16.45 289
16.4667 285
16.4833 281
16.5 278
16.5167 274
16.5333 270
16.55 266
16.5667 263
16.5833 259
16.6 255
16.6167 252
16.6333 248
16.65 244
16.6667 241
16.6833 237
16.7 233
16.7167 229
16.7333 226
16.75 222
16.7667 218
16.7833 215
16.8 211
16.8167 207
16.8333 204
16.85 200
16.8667 196
16.8833 193
16.9 189
16.9167 185
16.9333 182
16.95 178
16.9667 175
16.9833 171
