8.0 124
8.0167 127
8.0333 130
8.05 134
8.0667 137
8.0833 140
8.1 144
8.1167 147
8.1333 150
8.15 153
8.1667 157
8.1833 160
8.2 164
8.2167 167
8.2333 170
8.25 174
8.2667 177
8.2833 180
8.3 184
8.3167 187
8.3333 191
8.35 194
8.3667 197
8.3833 201
8.4 204
8.4167 208
8.4333 211
8.45 215
8.4667 218
8.4833 221
8.5 225
8.5167 228
8.5333 232
8.55 235
8.5667 239
8.5833 242
8.6 245
8.6167 249
8.6333 252
8.65 256
8.6667 259
8.6833 263
8.7 266
8.7167 269
8.7333 273
8.75 276
8.7667 280
8.7833 283
8.8 286
8.8167 290
8.8333 293
8.85 296
8.8667 300
8.8833 303
8.9 307
8.9167 310
8.9333 313
8.95 317
8.9667 320
8.9833 323
9.0 327
9.0167 329
9.0333 332
9.05 336
9.0667 339
9.0833 342
9.1 346
9.1167 349
9.1333 352
9.15 355
9.1667 359
9.1833 362
9.2 365
9.2167 368
9.2333 371
9.25 375
9.2667 378
9.2833 381
9.3 384
9.3167 387
9.3333 390
9.35 394
9.3667 397
9.3833 400
9.4 403
9.4167 406
9.4333 409
9.45 412
9.4667 415
9.4833 418
9.5 421
9.5167 424
9.5333 427
9.55 430
9.5667 433
9.5833 436
9.6 439
9.6167 442
9.6333 445
9.65 448
9.6667 451
9.6833 454
9.7 457
9.7167 460
9.7333 463
9.75 466
9.7667 468
9.7833 471
9.8 474
9.8167 477
9.8333 480
9.85 483
9.8667 485
9.8833 488
9.9 491
9.9167 494
9.9333 496
9.95 499
9.9667 502
9.9833 504
10.0 507
10.0167 510
10.0333 512
10.05 515
10.0667 518
10.0833 520
10.1 523
10.1167 525
10.1333 528
10.15 530
10.1667 533
10.1833 535
10.2 538
10.2167 540
10.2333 543
10.25 545
10.2667 548
10.2833 550
10.3 552
10.3167 555
10.3333 557
10.35 560
10.3667 562
10.3833 564
10.4 566
10.4167 569
10.4333 571
10.45 573
10.4667 576
10.4833 578
10.5 580
10.5167 582
10.5333 584
10.55 586
10.5667 589
10.5833 591
10.6 593
10.6167 595
10.6333 597
10.65 599
10.6667 601
10.6833 603
10.7 605
10.7167 607
10.7333 609
10.75 611
10.7667 613
10.7833 615
10.8 617
10.8167 619
10.8333 621
10.85 622
10.8667 624
10.8833 626
10.9 628
10.9167 630
10.9333 631
10.95 633
10.9667 635
10.9833 637
11.0 638
11.0167 640
11.0333 642
11.05 643
11.0667 645
11.0833 646
11.1 648
11.1167 650
11.1333 651
11.15 653
11.1667 654
11.1833 656
11.2 657
11.2167 659
11.2333 660
11.25 662
11.2667 663
11.2833 664
11.3 666
11.3167 667
11.3333 668
11.35 670
11.3667 671
11.3833 672
11.4 674
11.4167 675
11.4333 676
11.45 677
11.4667 678
11.4833 680
11.5 681
11.5167 682
11.5333 683
11.55 684
11.5667 685
11.5833 686
11.6 687
11.6167 688
11.6333 689
11.65 690
11.6667 691
11.6833 692
11.7 693
11.7167 694
11.7333 695
11.75 696
11.7667 696
11.7833 697
11.8 698
11.8167 699
11.8333 700
11.85 700
11.8667 701
11.8833 702
11.9 702
11.9167 703
11.9333 704
11.95 704
11.9667 705
11.9833 706
12.0 706
12.0167 707
12.0333 707
12.05 708
12.0667 708
12.0833 709
12.1 709
12.1167 710
12.1333 710
12.15 710
12.1667 711
12.1833 711
12.2 711
12.2167 712
12.2333 712
12.25 712
12.2667 713
12.2833 713
12.3 713
12.3167 713
12.3333 713
12.35 714
12.3667 714
12.3833 714
12.4 714
12.4167 714
12.4333 714
12.45 714
12.4667 714
12.4833 714
12.5 714
12.5167 714
12.5333 714
12.55 714
12.5667 714
12.5833 714
12.6 714
12.6167 713
12.6333 713
12.65 713
12.6667 713
12.6833 713
12.7 712
12.7167 712
12.7333 712
12.75 712
12.7667 711
12.7833 711
12.8 710
12.8167 710
12.8333 710
12.85 709
12.8667 709
12.8833 708
12.9 708
12.9167 707
12.9333 707
12.95 706
12.9667 706
12.9833 705
13.0 705
13.0167 704
13.0333 703
13.05 703
13.0667 702
13.0833 701
13.1 700
13.1167 700
13.1333 699
13.15 698
13.1667 697
13.1833 697
13.2 696
13.2167 695
13.2333 694
13.25 693
13.2667 692
13.2833 691
13.3 690
13.3167 689
13.3333 688
13.35 687
13.3667 686
13.3833 685
13.4 684
13.4167 683
13.4333 682
13.45 681
13.4667 680
13.4833 679
13.5 677
13.5167 676
13.5333 675
13.55 674
13.5667 673
13.5833 671
13.6 670
13.6167 669
13.6333 667
13.65 666
13.6667 665
13.6833 663
13.7 662
13.7167 660
13.7333 659
13.75 658
13.7667 656
13.7833 655
13.8 653
13.8167 652
13.8333 650
13.85 648
13.8667 647
13.8833 645
13.9 644
13.9167 642
13.9333 640
13.95 639
13.9667 637
13.9833 635
14.0 634
14.0167 632
14.0333 630
14.05 628
14.0667 626
14.0833 625
14.1 623
14.1167 621
14.1333 619
14.15 617
14.1667 615
14.1833 613
14.2 611
14.2167 610
14.2333 608
14.25 606
14.2667 604
14.2833 602
14.3 600
14.3167 597
14.3333 595
14.35 593
14.3667 591
14.3833 589
14.4 587
14.4167 585
14.4333 583
14.45 580
14.4667 578
14.4833 576
14.5 574
14.5167 572
14.5333 569
14.55 567
14.5667 565
14.5833 562
14.6 560
14.6167 558
14.6333 555
14.65 553
14.6667 551
14.6833 548
14.7 546
14.7167 543
14.7333 541
14.75 538
14.7667 536
14.7833 533
14.8 531
14.8167 528
14.8333 526
14.85 523
14.8667 521
14.8833 518
14.9 516
14.9167 513
14.9333 510
14.95 508
14.9667 505
14.9833 502
15.0 499
15.0167 497
15.0333 494
15.05 491
15.0667 488
15.0833 486
15.1 483
15.1167 480
15.1333 477
15.15 474
15.1667 472
15.1833 469
15.2 466
15.2167 463
15.2333 460
15.25 457
15.2667 454
15.2833 452
15.3 449
15.3167 446
15.3333 443
15.35 440
15.3667 437
15.3833 434
15.4 431
15.4167 428
15.4333 425
15.45 422
15.4667 419
15.4833 416
15.5 413
15.5167 410
15.5333 406
15.55 403
15.5667 400
15.5833 397
15.6 394
15.6167 391
15.6333 388
15.65 385
15.6667 381
15.6833 378
15.7 375
15.7167 372
15.7333 369
15.75 365
15.7667 362
15.7833 359
15.8 356
15.8167 353
15.8333 349
15.85 346
15.8667 343
15.8833 339
15.9 336
15.9167 333
15.9333 330
15.95 326
15.9667 323
15.9833 320
16.0 316
16.0167 313
16.0333 310
16.05 306
16.0667 303
16.0833 300
16.1 296
16.1167 293
16.1333 289
16.15 286
16.1667 283
16.1833 279
16.2 276
16.2167 273
16.2333 269
16.25 266
16.2667 262
16.2833 259
16.3 255
16.3167 252
16.3333 249
16.35 245
16.3667 242
16.3833 238
16.4 235
16.4167 232
16.4333 228
16.45 225
16.4667 221
16.4833 218
16.5 214
16.5167 211
16.5333 208
16.55 204
16.5667 201
16.5833 197
16.6 194
16.6167 191
16.6333 187
16.65 184
16.6667 180
16.6833 177
16.7 174
16.7167 170
16.7333 167
16.75 163
16.7667 160
16.7833 157
16.8 153
16.8167 150
16.8333 147
16.85 143
16.8667 140
16.8833 137
16.9 134
16.9167 130
16.9333 127
16.95 124
16.9667 121
16.9833 118
