8.0 168
8.0167 171
8.0333 175
8.05 178
8.0667 182
8.0833 185
8.1 189
8.1167 193
8.1333 196
8.15 200
8.1667 203
8.1833 207
8.2 210
8.2167 214
8.2333 217
8.25 221
8.2667 225
8.2833 228
8.3 232
8.3167 235
8.3333 239
8.35 243
8.3667 246
8.3833 250
8.4 253
8.4167 257
8.4333 260
8.45 264
8.4667 268
8.4833 271
8.5 275
8.5167 278
8.5333 282
8.55 285
8.5667 289
8.5833 292
8.6 296
8.6167 300
8.6333 303
8.65 307
8.6667 310
8.6833 314
8.7 317
8.7167 321
8.7333 324
8.75 328
8.7667 331
8.7833 335
8.8 338
8.8167 342
8.8333 345
8.85 349
8.8667 352
8.8833 356
8.9 359
8.9167 362
8.9333 366
8.95 369
8.9667 373
8.9833 376
9.0 380
9.0167 382
9.0333 385
9.05 389
9.0667 392
9.0833 396
9.1 399
9.1167 402
9.1333 406
9.15 409
9.1667 412
9.1833 415
9.2 419
9.2167 422
9.2333 425
9.25 429
9.2667 432
9.2833 435
9.3 438
9.3167 441
9.3333 445
9.35 448
9.3667 451
9.3833 454
9.4 457
9.4167 460
9.4333 464
9.45 467
9.4667 470
9.4833 473
9.5 476
9.5167 479
9.5333 482
9.55 485
9.5667 488
9.5833 491
9.6 494
9.6167 497
9.6333 500
9.65 503
9.6667 506
9.6833 509
9.7 512
9.7167 515
9.7333 518
9.75 521
9.7667 524
9.7833 526
9.8 529
9.8167 532
9.8333 535
9.85 538
9.8667 541
9.8833 543
9.9 546
9.9167 549
9.9333 552
9.95 554
9.9667 557
9.9833 560
10.0 562
10.0167 565
10.0333 568
10.05 570
10.0667 573
10.0833 575
10.1 578
10.1167 581
10.1333 583
10.15 586
10.1667 588
10.1833 591
10.2 593
10.2167 596
10.2333 598
10.25 601
10.2667 603
10.2833 605
10.3 608
10.3167 610
10.3333 613
10.35 615
10.3667 617
10.3833 620
10.4 622
10.4167 624
10.4333 626
10.45 629
10.4667 631
10.4833 633
10.5 635
10.5167 637
10.5333 640
10.55 642
10.5667 644
10.5833 646
10.6 648
10.6167 650
10.6333 652
10.65 654
10.6667 656
10.6833 658
10.7 660
10.7167 662
10.7333 664
10.75 666
10.7667 668
10.7833 670
10.8 672
10.8167 674
10.8333 676
10.85 677
10.8667 679
10.8833 681
10.9 683
10.9167 685
10.9333 686
10.95 688
10.9667 690
10.9833 691
11.0 693
11.0167 695
11.0333 696
11.05 698
11.0667 700
11.0833 701
11.1 703
11.1167 704
11.1333 706
11.15 707
11.1667 709
11.1833 710
11.2 712
11.2167 713
11.2333 715
11.25 716
11.2667 717
11.2833 719
11.3 720
11.3167 721
11.3333 723
11.35 724
11.3667 725
11.3833 726
11.4 728
11.4167 729
11.4333 730
11.45 731
11.4667 732
11.4833 733
11.5 734
11.5167 736
11.5333 737
11.55 738
11.5667 739
11.5833 740
11.6 741
11.6167 742
11.6333 743
11.65 744
11.6667 744
11.6833 745
11.7 746
11.7167 747
11.7333 748
11.75 749
11.7667 749
11.7833 750
11.8 751
11.8167 752
11.8333 752
11.85 753
11.8667 754
11.8833 754
11.9 755
11.9167 756
11.9333 756
11.95 757
11.9667 757
11.9833 758
12.0 758
12.0167 759
12.0333 759
12.05 760
12.0667 760
12.0833 761
12.1 761
12.1167 762
12.1333 762
12.15 762
12.1667 763
12.1833 763
12.2 763
12.2167 763
12.2333 764
12.25 764
12.2667 764
12.2833 764
12.3 764
12.3167 764
12.3333 765
12.35 765
12.3667 765
12.3833 765
12.4 765
12.4167 765
12.4333 765
12.45 765
12.4667 765
12.4833 765
12.5 765
12.5167 765
12.5333 764
12.55 764
12.5667 764
12.5833 764
12.6 764
12.6167 763
12.6333 763
12.65 763
12.6667 763
12.6833 762
12.7 762
12.7167 762
12.7333 761
12.75 761
12.7667 761
12.7833 760
12.8 760
12.8167 759
12.8333 759
12.85 758
12.8667 758
12.8833 757
12.9 757
12.9167 756
12.9333 755
12.95 755
12.9667 754
12.9833 753
13.0 753
13.0167 752
13.0333 751
13.05 751
13.0667 750
13.0833 749
13.1 748
13.1167 747
13.1333 747
13.15 746
13.1667 745
13.1833 744
13.2 743
13.2167 742
13.2333 741
13.25 740
13.2667 739
13.2833 738
13.3 737
13.3167 736
13.3333 735
13.35 734
13.3667 733
13.3833 732
13.4 731
13.4167 729
13.4333 728
13.45 727
13.4667 726
13.4833 724
13.5 723
13.5167 722
13.5333 721
13.55 719
13.5667 718
13.5833 717
13.6 715
13.6167 714
13.6333 712
13.65 711
13.6667 710
13.6833 708
13.7 707
13.7167 705
13.7333 704
13.75 702
13.7667 700
13.7833 699
13.8 697
13.8167 696
13.8333 694
13.85 692
13.8667 691
13.8833 689
13.9 687
13.9167 685
13.9333 684
13.95 682
13.9667 680
13.9833 678
14.0 677
14.0167 675
14.0333 673
14.05 671
14.0667 669
14.0833 667
14.1 665
14.1167 663
14.1333 661
14.15 659
14.1667 657
14.1833 655
14.2 653
14.2167 651
14.2333 649
14.25 647
14.2667 645
14.2833 643
14.3 641
14.3167 639
14.3333 636
14.35 634
14.3667 632
14.3833 630
14.4 628
14.4167 625
14.4333 623
14.45 621
14.4667 618
14.4833 616
14.5 614
14.5167 611
14.5333 609
14.55 607
14.5667 604
14.5833 602
14.6 599
14.6167 597
14.6333 594
14.65 592
14.6667 589
14.6833 587
14.7 584
14.7167 582
14.7333 579
14.75 577
14.7667 574
14.7833 572
14.8 569
14.8167 566
14.8333 564
14.85 561
14.8667 558
14.8833 556
14.9 553
14.9167 550
14.9333 547
14.95 545
14.9667 542
14.9833 539
15.0 536
15.0167 533
15.0333 530
15.05 527
15.0667 524
15.0833 521
15.1 518
15.1167 516
15.1333 513
15.15 510
15.1667 507
15.1833 504
15.2 501
15.2167 498
15.2333 495
15.25 492
15.2667 489
15.2833 486
15.3 483
15.3167 480
15.3333 477
15.35 474
15.3667 471
15.3833 468
15.4 464
15.4167 461
15.4333 458
15.45 455
15.4667 452
15.4833 449
15.5 445
15.5167 442
15.5333 439
15.55 436
15.5667 433
15.5833 429
15.6 426
15.6167 423
15.6333 420
15.65 416
15.6667 413
15.6833 410
15.7 406
15.7167 403
15.7333 400
15.75 397
15.7667 393
15.7833 390
15.8 386
15.8167 383
15.8333 380
15.85 376
15.8667 373
15.8833 370
15.9 366
15.9167 363
15.9333 359
15.95 356
15.9667 352
15.9833 349
16.0 345
16.0167 342
16.0333 339
16.05 335
16.0667 332
16.0833 328
16.1 325
16.1167 321
16.1333 318
16.15 314
16.1667 311
16.1833 307
16.2 303
16.2167 300
16.2333 296
16.25 293
16.2667 289
16.2833 286
16.3 282
16.3167 279
16.3333 275
16.35 272
16.3667 268
16.3833 264
16.4 261
16.4167 257
16.4333 254
16.45 250
16.4667 247
16.4833 243
16.5 239
16.5167 236
16.5333 232
16.55 229
16.5667 225
16.5833 222
16.6 218
16.6167 214
16.6333 211
16.65 207
16.6667 204
16.6833 200
16.7 197
16.7167 193
16.7333 190
16.75 186
16.7667 182
16.7833 179
16.8 175
16.8167 172
16.8333 168
16.85 165
16.8667 161
16.8833 158
16.9 155
16.9167 151
16.9333 148
16.95 144
16.9667 141
16.9833 137
