8.0 175
8.0167 178
8.0333 182
8.05 186
8.0667 189
8.0833 193
8.1 196
8.1167 200
8.1333 203
8.15 207
8.1667 211
8.1833 214
8.2 218
8.2167 221
8.2333 225
8.25 229
8.2667 232
8.2833 236
8.3 240
8.3167 243
8.3333 247
8.35 250
8.3667 254
8.3833 258
8.4 261
8.4167 265
8.4333 268
8.45 272
8.4667 276
8.4833 279
8.5 283
8.5167 286
8.5333 290
8.55 294
8.5667 297
8.5833 301
8.6 304
8.6167 308
8.6333 311
8.65 315
8.6667 319
8.6833 322
8.7 326
8.7167 329
8.7333 333
8.75 336
8.7667 340
8.7833 343
8.8 347
8.8167 350
8.8333 354
8.85 357
8.8667 361
8.8833 364
8.9 368
8.9167 371
8.9333 375
8.95 378
8.9667 381
8.9833 385
9.0 388
9.0167 391
9.0333 394
9.05 398
9.0667 401
9.0833 404
9.1 408
9.1167 411
9.1333 414
9.15 418
9.1667 421
9.1833 424
9.2 428
9.2167 431
9.2333 434
9.25 438
9.2667 441
9.2833 444
9.3 447
9.3167 450
9.3333 454
9.35 457
9.3667 460
9.3833 463
9.4 466
9.4167 470
9.4333 473
9.45 476
9.4667 479
9.4833 482
9.5 485
9.5167 488
9.5333 491
9.55 494
9.5667 497
9.5833 500
9.6 503
9.6167 506
9.6333 509
9.65 512
9.6667 515
9.6833 518
9.7 521
9.7167 524
9.7333 527
9.75 530
9.7667 533
9.7833 536
9.8 539
9.8167 542
9.8333 544
9.85 547
9.8667 550
9.8833 553
9.9 556
9.9167 558
9.9333 561
9.95 564
9.9667 566
9.9833 569
10.0 572
10.0167 574
10.0333 577
10.05 580
10.0667 582
10.0833 585
10.1 588
10.1167 590
10.1333 593
10.15 595
10.1667 598
10.1833 600
10.2 603
10.2167 605
10.2333 608
10.25 610
10.2667 613
10.2833 615
10.3 617
10.3167 620
10.3333 622
10.35 625
10.3667 627
10.3833 629
10.4 632
10.4167 634
10.4333 636
10.45 638
10.4667 641
10.4833 643
10.5 645
10.5167 647
10.5333 649
10.55 651
10.5667 654
10.5833 656
10.6 658
10.6167 660
10.6333 662
10.65 664
10.6667 666
10.6833 668
10.7 670
10.7167 672
10.7333 674
10.75 676
10.7667 678
10.7833 680
10.8 682
10.8167 684
10.8333 685
10.85 687
10.8667 689
10.8833 691
10.9 693
10.9167 694
10.9333 696
10.95 698
10.9667 700
10.9833 701
11.0 703
11.0167 705
11.0333 706
11.05 708
11.0667 709
11.0833 711
11.1 713
11.1167 714
11.1333 716
11.15 717
11.1667 719
11.1833 720
11.2 722
11.2167 723
11.2333 724
11.25 726
11.2667 727
11.2833 728
11.3 730
11.3167 731
11.3333 732
11.35 734
11.3667 735
11.3833 736
11.4 737
11.4167 739
11.4333 740
11.45 741
11.4667 742
11.4833 743
11.5 744
11.5167 745
11.5333 746
11.55 748
11.5667 749
11.5833 750
11.6 751
11.6167 752
11.6333 752
11.65 753
11.6667 754
11.6833 755
11.7 756
11.7167 757
11.7333 758
11.75 759
11.7667 759
11.7833 760
11.8 761
11.8167 762
11.8333 762
11.85 763
11.8667 764
11.8833 764
11.9 765
11.9167 766
11.9333 766
11.95 767
11.9667 767
11.9833 768
12.0 768
12.0167 769
12.0333 769
12.05 770
12.0667 770
12.0833 771
12.1 771
12.1167 771
12.1333 772
12.15 772
12.1667 772
12.1833 773
12.2 773
12.2167 773
12.2333 773
12.25 774
12.2667 774
12.2833 774
12.3 774
12.3167 774
12.3333 774
12.35 774
12.3667 775
12.3833 775
12.4 775
12.4167 775
12.4333 775
12.45 775
12.4667 775
12.4833 774
12.5 774
12.5167 774
12.5333 774
12.55 774
12.5667 774
12.5833 774
12.6 773
12.6167 773
12.6333 773
12.65 773
12.6667 772
12.6833 772
12.7 772
12.7167 771
12.7333 771
12.75 771
12.7667 770
12.7833 770
12.8 769
12.8167 769
12.8333 768
12.85 768
12.8667 767
12.8833 767
12.9 766
12.9167 766
12.9333 765
12.95 764
12.9667 764
12.9833 763
13.0 762
13.0167 762
13.0333 761
13.05 760
13.0667 759
13.0833 759
13.1 758
13.1167 757
13.1333 756
13.15 755
13.1667 754
13.1833 754
13.2 753
13.2167 752
13.2333 751
13.25 750
13.2667 749
13.2833 748
13.3 747
13.3167 746
13.3333 744
13.35 743
13.3667 742
13.3833 741
13.4 740
13.4167 739
13.4333 738
13.45 736
13.4667 735
13.4833 734
13.5 733
13.5167 731
13.5333 730
13.55 729
13.5667 727
13.5833 726
13.6 725
13.6167 723
13.6333 722
13.65 720
13.6667 719
13.6833 717
13.7 716
13.7167 714
13.7333 713
13.75 711
13.7667 710
13.7833 708
13.8 706
13.8167 705
13.8333 703
13.85 702
13.8667 700
13.8833 698
13.9 696
13.9167 695
13.9333 693
13.95 691
13.9667 689
13.9833 688
14.0 686
14.0167 684
14.0333 682
14.05 680
14.0667 678
14.0833 676
14.1 674
14.1167 672
14.1333 670
14.15 668
14.1667 666
14.1833 664
14.2 662
14.2167 660
14.2333 658
14.25 656
14.2667 654
14.2833 652
14.3 650
14.3167 648
14.3333 645
14.35 643
14.3667 641
14.3833 639
14.4 636
14.4167 634
14.4333 632
14.45 630
14.4667 627
14.4833 625
14.5 623
14.5167 620
14.5333 618
14.55 615
14.5667 613
14.5833 611
14.6 608
14.6167 606
14.6333 603
14.65 601
14.6667 598
14.6833 596
14.7 593
14.7167 591
14.7333 588
14.75 585
14.7667 583
14.7833 580
14.8 578
14.8167 575
14.8333 572
14.85 570
14.8667 567
14.8833 564
14.9 561
14.9167 559
14.9333 556
14.95 553
14.9667 550
14.9833 548
15.0 544
15.0167 541
15.0333 538
15.05 535
15.0667 533
15.0833 530
15.1 527
15.1167 524
15.1333 521
15.15 518
15.1667 515
15.1833 512
15.2 509
15.2167 506
15.2333 503
15.25 500
15.2667 497
15.2833 494
15.3 491
15.3167 488
15.3333 485
15.35 482
15.3667 479
15.3833 476
15.4 472
15.4167 469
15.4333 466
15.45 463
15.4667 460
15.4833 457
15.5 453
15.5167 450
15.5333 447
15.55 444
15.5667 441
15.5833 437
15.6 434
15.6167 431
15.6333 427
15.65 424
15.6667 421
15.6833 418
15.7 414
15.7167 411
15.7333 408
15.75 404
15.7667 401
15.7833 397
15.8 394
15.8167 391
15.8333 387
15.85 384
15.8667 380
15.8833 377
15.9 374
15.9167 370
15.9333 367
15.95 363
15.9667 360
15.9833 356
16.0 353
16.0167 349
16.0333 346
16.05 342
16.0667 339
16.0833 335
16.1 332
16.1167 328
16.1333 325
16.15 321
16.1667 318
16.1833 314
16.2 311
16.2167 307
16.2333 303
16.25 300
16.2667 296
16.2833 293
16.3 289
16.3167 286
16.3333 282
16.35 278
16.3667 275
16.3833 271
16.4 268
16.4167 264
16.4333 260
16.45 257
16.4667 253
16.4833 250
16.5 246
16.5167 242
16.5333 239
16.55 235
16.5667 232
16.5833 228
16.6 224
16.6167 221
16.6333 217
16.65 214
16.6667 210
16.6833 206
16.7 203
16.7167 199
16.7333 196
16.75 192
16.7667 188
16.7833 185
16.8 181
16.8167 178
16.8333 174
16.85 171
16.8667 167
16.8833 164
16.9 160
16.9167 157
16.9333 153
16.95 150
16.9667 146
16.9833 143
