8.0 121
8.0167 125
8.0333 128
8.05 131
8.0667 134
8.0833 137
8.1 141
8.1167 144
8.1333 147
8.15 150
8.1667 154
8.1833 157
8.2 160
8.2167 164
8.2333 167
8.25 170
8.2667 174
8.2833 177
8.3 180
8.3167 184
8.3333 187
8.35 190
8.3667 194
8.3833 197
8.4 200
8.4167 204
8.4333 207
8.45 211
8.4667 214
8.4833 217
8.5 221
8.5167 224
8.5333 227
8.55 231
8.5667 234
8.5833 238
8.6 241
8.6167 244
8.6333 248
8.65 251
8.6667 254
8.6833 258
8.7 261
8.7167 265
8.7333 268
8.75 271
8.7667 275
8.7833 278
8.8 281
8.8167 285
8.8333 288
8.85 291
8.8667 295
8.8833 298
8.9 301
8.9167 305
8.9333 308
8.95 311
8.9667 315
8.9833 318
9.0 321
9.0167 324
9.0333 327
9.05 330
9.0667 334
9.0833 337
9.1 340
9.1167 343
9.1333 346
9.15 350
9.1667 353
9.1833 356
9.2 359
9.2167 363
9.2333 366
9.25 369
9.2667 372
9.2833 375
9.3 378
9.3167 381
9.3333 385
9.35 388
9.3667 391
9.3833 394
9.4 397
9.4167 400
9.4333 403
9.45 406
9.4667 409
9.4833 412
9.5 415
9.5167 418
9.5333 421
9.55 424
9.5667 427
9.5833 430
9.6 433
9.6167 436
9.6333 439
9.65 442
9.6667 445
9.6833 448
9.7 451
9.7167 454
9.7333 456
9.75 459
9.7667 462
9.7833 465
9.8 468
9.8167 470
9.8333 473
9.85 476
9.8667 479
9.8833 482
9.9 484
9.9167 487
9.9333 490
9.95 492
9.9667 495
9.9833 498
10.0 500
10.0167 503
10.0333 506
10.05 508
10.0667 511
10.0833 513
10.1 516
10.1167 518
10.1333 521
10.15 523
10.1667 526
10.1833 528
10.2 531
10.2167 533
10.2333 536
10.25 538
10.2667 541
10.2833 543
10.3 545
10.3167 548
10.3333 550
10.35 553
10.3667 555
10.3833 557
10.4 559
10.4167 562
10.4333 564
10.45 566
10.4667 568
10.4833 571
10.5 573
10.5167 575
10.5333 577
10.55 579
10.5667 581
10.5833 584
10.6 586
10.6167 588
10.6333 590
10.65 592
10.6667 594
10.6833 596
10.7 598
10.7167 600
10.7333 602
10.75 604
10.7667 606
10.7833 608
10.8 609
10.8167 611
10.8333 613
10.85 615
10.8667 617
10.8833 619
10.9 620
10.9167 622
10.9333 624
10.95 626
10.9667 627
10.9833 629
11.0 631
11.0167 633
11.0333 634
11.05 636
11.0667 637
11.0833 639
11.1 641
11.1167 642
11.1333 644
11.15 645
11.1667 647
11.1833 648
11.2 650
11.2167 651
11.2333 653
11.25 654
11.2667 655
11.2833 657
11.3 658
11.3167 659
11.3333 661
11.35 662
11.3667 663
11.3833 665
11.4 666
11.4167 667
11.4333 668
11.45 669
11.4667 671
11.4833 672
11.5 673
11.5167 674
11.5333 675
11.55 676
11.5667 677
11.5833 678
11.6 679
11.6167 680
11.6333 681
11.65 682
11.6667 683
11.6833 684
11.7 685
11.7167 686
11.7333 687
11.75 688
11.7667 689
11.7833 689
11.8 690
11.8167 691
11.8333 692
11.85 692
11.8667 693
11.8833 694
11.9 695
11.9167 695
11.9333 696
11.95 696
11.9667 697
11.9833 698
12.0 698
12.0167 699
12.0333 699
12.05 700
12.0667 700
12.0833 701
12.1 701
12.1167 702
12.1333 702
12.15 702
12.1667 703
12.1833 703
12.2 703
12.2167 704
12.2333 704
12.25 704
12.2667 705
12.2833 705
12.3 705
12.3167 705
12.3333 705
12.35 706
12.3667 706
12.3833 706
12.4 706
12.4167 706
12.4333 706
12.45 706
12.4667 706
12.4833 706
12.5 706
12.5167 706
12.5333 706
12.55 706
12.5667 706
12.5833 706
12.6 705
12.6167 705
12.6333 705
12.65 705
12.6667 705
12.6833 704
12.7 704
12.7167 704
12.7333 704
12.75 703
12.7667 703
12.7833 703
12.8 702
12.8167 702
12.8333 701
12.85 701
12.8667 701
12.8833 700
12.9 700
12.9167 699
12.9333 699
12.95 698
12.9667 697
12.9833 697
13.0 696
13.0167 696
13.0333 695
13.05 694
13.0667 694
13.0833 693
13.1 692
13.1167 691
13.1333 691
13.15 690
13.1667 689
13.1833 688
13.2 687
13.2167 687
13.2333 686
13.25 685
13.2667 684
13.2833 683
13.3 682
13.3167 681
13.3333 680
13.35 679
13.3667 678
13.3833 677
13.4 676
13.4167 675
13.4333 674
13.45 673
13.4667 671
13.4833 670
13.5 669
13.5167 668
13.5333 667
13.55 665
13.5667 664
13.5833 663
13.6 662
13.6167 660
13.6333 659
13.65 658
13.6667 656
13.6833 655
13.7 653
13.7167 652
13.7333 651
13.75 649
13.7667 648
13.7833 646
13.8 645
13.8167 643
13.8333 642
13.85 640
13.8667 638
13.8833 637
13.9 635
13.9167 634
13.9333 632
13.95 630
13.9667 628
13.9833 627
14.0 625
14.0167 623
14.0333 622
14.05 620
14.0667 618
14.0833 616
14.1 614
14.1167 612
14.1333 611
14.15 609
14.1667 607
14.1833 605
14.2 603
14.2167 601
14.2333 599
14.25 597
14.2667 595
14.2833 593
14.3 591
14.3167 589
14.3333 587
14.35 585
14.3667 583
14.3833 581
14.4 578
14.4167 576
14.4333 574
14.45 572
14.4667 570
14.4833 568
14.5 565
14.5167 563
14.5333 561
14.55 559
14.5667 556
14.5833 554
14.6 552
14.6167 549
14.6333 547
14.65 545
14.6667 542
14.6833 540
14.7 537
14.7167 535
14.7333 532
14.75 530
14.7667 528
14.7833 525
14.8 523
14.8167 520
14.8333 517
14.85 515
14.8667 512
14.8833 510
14.9 507
14.9167 505
14.9333 502
14.95 499
14.9667 497
14.9833 494
15.0 491
15.0167 488
15.0333 486
15.05 483
15.0667 480
15.0833 477
15.1 475
15.1167 472
15.1333 469
15.15 466
15.1667 463
15.1833 461
15.2 458
15.2167 455
15.2333 452
15.25 449
15.2667 446
15.2833 443
15.3 440
15.3167 438
15.3333 435
15.35 432
15.3667 429
15.3833 426
15.4 423
15.4167 420
15.4333 417
15.45 414
15.4667 411
15.4833 408
15.5 405
15.5167 402
15.5333 399
15.55 395
15.5667 392
15.5833 389
15.6 386
15.6167 383
15.6333 380
15.65 377
15.6667 374
15.6833 370
15.7 367
15.7167 364
15.7333 361
15.75 358
15.7667 355
15.7833 351
15.8 348
15.8167 345
15.8333 342
15.85 338
15.8667 335
15.8833 332
15.9 329
15.9167 325
15.9333 322
15.95 319
15.9667 316
15.9833 312
16.0 309
16.0167 306
16.0333 302
16.05 299
16.0667 296
16.0833 292
16.1 289
16.1167 286
16.1333 282
16.15 279
16.1667 276
16.1833 272
16.2 269
16.2167 266
16.2333 262
16.25 259
16.2667 256
16.2833 252
16.3 249
16.3167 245
16.3333 242
16.35 239
16.3667 235
16.3833 232
16.4 229
16.4167 225
16.4333 222
16.45 218
16.4667 215
16.4833 212
16.5 208
16.5167 205
16.5333 202
16.55 198
16.5667 195
16.5833 191
16.6 188
16.6167 185
16.6333 181
16.65 178
16.6667 175
16.6833 171
16.7 168
16.7167 165
16.7333 161
16.75 158
16.7667 155
16.7833 152
16.8 148
16.8167 145
16.8333 142
16.85 139
16.8667 135
16.8833 132
16.9 129
16.9167 126
16.9333 122
16.95 119
16.9667 117
16.9833 113
