8.0 144
8.0167 147
8.0333 150
8.05 154
8.0667 157
8.0833 161
8.1 164
8.1167 168
8.1333 171
8.15 174
8.1667 178
8.1833 181
8.2 185
8.2167 188
8.2333 192
8.25 195
8.2667 199
8.2833 202
8.3 206
8.3167 209
8.3333 213
8.35 216
8.3667 220
8.3833 223
8.4 227
8.4167 230
8.4333 234
8.45 237
8.4667 241
8.4833 244
8.5 248
8.5167 251
8.5333 255
8.55 258
8.5667 262
8.5833 265
8.6 269
8.6167 272
8.6333 276
8.65 279
8.6667 282
8.6833 286
8.7 289
8.7167 293
8.7333 296
8.75 300
8.7667 303
8.7833 307
8.8 310
8.8167 314
8.8333 317
8.85 320
8.8667 324
8.8833 327
8.9 331
8.9167 334
8.9333 337
8.95 341
8.9667 344
8.9833 347
9.0 351
9.0167 353
9.0333 357
9.05 360
9.0667 363
9.0833 367
9.1 370
9.1167 373
9.1333 376
9.15 380
9.1667 383
9.1833 386
9.2 390
9.2167 393
9.2333 396
9.25 399
9.2667 402
9.2833 406
9.3 409
9.3167 412
9.3333 415
9.35 418
9.3667 422
9.3833 425
9.4 428
9.4167 431
9.4333 434
9.45 437
9.4667 440
9.4833 443
9.5 446
9.5167 449
9.5333 452
9.55 455
9.5667 458
9.5833 461
9.6 464
9.6167 467
9.6333 470
9.65 473
9.6667 476
9.6833 479
9.7 482
9.7167 485
9.7333 488
9.75 491
9.7667 494
9.7833 496
9.8 499
9.8167 502
9.8333 505
9.85 508
9.8667 510
9.8833 513
9.9 516
9.9167 519
9.9333 521
9.95 524
9.9667 527
9.9833 529
10.0 532
10.0167 535
10.0333 537
10.05 540
10.0667 543
10.0833 545
10.1 548
10.1167 550
10.1333 553
10.15 555
10.1667 558
10.1833 560
10.2 563
10.2167 565
10.2333 568
10.25 570
10.2667 573
10.2833 575
10.3 577
10.3167 580
10.3333 582
10.35 585
10.3667 587
10.3833 589
10.4 591
10.4167 594
10.4333 596
10.45 598
10.4667 600
10.4833 603
10.5 605
10.5167 607
10.5333 609
10.55 611
10.5667 613
10.5833 616
10.6 618
10.6167 620
10.6333 622
10.65 624
10.6667 626
10.6833 628
10.7 630
10.7167 632
10.7333 634
10.75 636
10.7667 638
10.7833 640
10.8 641
10.8167 643
10.8333 645
10.85 647
10.8667 649
10.8833 651
10.9 652
10.9167 654
10.9333 656
10.95 658
10.9667 659
10.9833 661
11.0 663
11.0167 664
11.0333 666
11.05 668
11.0667 669
11.0833 671
11.1 672
11.1167 674
11.1333 676
11.15 677
11.1667 679
11.1833 680
11.2 681
11.2167 683
11.2333 684
11.25 686
11.2667 687
11.2833 688
11.3 690
11.3167 691
11.3333 692
11.35 694
11.3667 695
11.3833 696
11.4 698
11.4167 699
11.4333 700
11.45 701
11.4667 702
11.4833 703
11.5 704
11.5167 706
11.5333 707
11.55 708
11.5667 709
11.5833 710
11.6 711
11.6167 712
11.6333 713
11.65 714
11.6667 715
11.6833 716
11.7 716
11.7167 717
11.7333 718
11.75 719
11.7667 720
11.7833 721
11.8 721
11.8167 722
11.8333 723
11.85 724
11.8667 724
11.8833 725
11.9 726
11.9167 726
11.9333 727
11.95 727
11.9667 728
11.9833 729
12.0 729
12.0167 730
12.0333 730
12.05 731
12.0667 731
12.0833 731
12.1 732
12.1167 732
12.1333 733
12.15 733
12.1667 733
12.1833 734
12.2 734
12.2167 734
12.2333 735
12.25 735
12.2667 735
12.2833 735
12.3 735
12.3167 736
12.3333 736
12.35 736
12.3667 736
12.3833 736
12.4 736
12.4167 736
12.4333 736
12.45 736
12.4667 736
12.4833 736
12.5 736
12.5167 736
12.5333 736
12.55 736
12.5667 736
12.5833 735
12.6 735
12.6167 735
12.6333 735
12.65 735
12.6667 734
12.6833 734
12.7 734
12.7167 734
12.7333 733
12.75 733
12.7667 732
12.7833 732
12.8 732
12.8167 731
12.8333 731
12.85 730
12.8667 730
12.8833 729
12.9 729
12.9167 728
12.9333 728
12.95 727
12.9667 726
12.9833 726
13.0 725
13.0167 725
13.0333 724
13.05 723
13.0667 722
13.0833 722
13.1 721
13.1167 720
13.1333 719
13.15 719
13.1667 718
13.1833 717
13.2 716
13.2167 715
13.2333 714
13.25 713
13.2667 712
13.2833 711
13.3 710
13.3167 709
13.3333 708
13.35 707
13.3667 706
13.3833 705
13.4 704
13.4167 703
13.4333 702
13.45 700
13.4667 699
13.4833 698
13.5 697
13.5167 696
13.5333 694
13.55 693
13.5667 692
13.5833 690
13.6 689
13.6167 688
13.6333 686
13.65 685
13.6667 684
13.6833 682
13.7 681
13.7167 679
13.7333 678
13.75 676
13.7667 675
13.7833 673
13.8 672
13.8167 670
13.8333 668
13.85 667
13.8667 665
13.8833 664
13.9 662
13.9167 660
13.9333 658
13.95 657
13.9667 655
13.9833 653
14.0 651
14.0167 650
14.0333 648
14.05 646
14.0667 644
14.0833 642
14.1 640
14.1167 639
14.1333 637
14.15 635
14.1667 633
14.1833 631
14.2 629
14.2167 627
14.2333 625
14.25 623
14.2667 621
14.2833 619
14.3 617
14.3167 614
14.3333 612
14.35 610
14.3667 608
14.3833 606
14.4 604
14.4167 601
14.4333 599
14.45 597
14.4667 595
14.4833 592
14.5 590
14.5167 588
14.5333 586
14.55 583
14.5667 581
14.5833 578
14.6 576
14.6167 574
14.6333 571
14.65 569
14.6667 566
14.6833 564
14.7 561
14.7167 559
14.7333 556
14.75 554
14.7667 551
14.7833 549
14.8 546
14.8167 544
14.8333 541
14.85 538
14.8667 536
14.8833 533
14.9 531
14.9167 528
14.9333 525
14.95 523
14.9667 520
14.9833 517
15.0 514
15.0167 511
15.0333 508
15.05 505
15.0667 503
15.0833 500
15.1 497
15.1167 494
15.1333 491
15.15 488
15.1667 486
15.1833 483
15.2 480
15.2167 477
15.2333 474
15.25 471
15.2667 468
15.2833 465
15.3 462
15.3167 459
15.3333 456
15.35 453
15.3667 450
15.3833 447
15.4 444
15.4167 441
15.4333 438
15.45 435
15.4667 432
15.4833 429
15.5 425
15.5167 422
15.5333 419
15.55 416
15.5667 413
15.5833 410
15.6 407
15.6167 403
15.6333 400
15.65 397
15.6667 394
15.6833 390
15.7 387
15.7167 384
15.7333 381
15.75 377
15.7667 374
15.7833 371
15.8 368
15.8167 364
15.8333 361
15.85 358
15.8667 354
15.8833 351
15.9 348
15.9167 344
15.9333 341
15.95 337
15.9667 334
15.9833 331
16.0 327
16.0167 324
16.0333 321
16.05 317
16.0667 314
16.0833 310
16.1 307
16.1167 303
16.1333 300
16.15 297
16.1667 293
16.1833 290
16.2 286
16.2167 283
16.2333 279
16.25 276
16.2667 272
16.2833 269
16.3 265
16.3167 262
16.3333 258
16.35 255
16.3667 251
16.3833 248
16.4 244
16.4167 241
16.4333 237
16.45 234
16.4667 230
16.4833 227
16.5 223
16.5167 220
16.5333 217
16.55 213
16.5667 209
16.5833 206
16.6 203
16.6167 199
16.6333 196
16.65 192
16.6667 189
16.6833 185
16.7 182
16.7167 178
16.7333 175
16.75 171
16.7667 168
16.7833 165
16.8 161
16.8167 158
16.8333 154
16.85 151
16.8667 148
16.8833 144
16.9 141
16.9167 137
16.9333 134
16.95 131
16.9667 127
16.9833 124
