8.0 157
8.0167 160
8.0333 164
8.05 167
8.0667 171
8.0833 174
8.1 178
8.1167 182
8.1333 185
8.15 189
8.1667 192
8.1833 196
8.2 199
8.2167 203
8.2333 206
8.25 210
8.2667 214
8.2833 217
8.3 221
8.3167 224
8.3333 228
8.35 232
8.3667 235
8.3833 239
8.4 242
8.4167 246
8.4333 250
8.45 253
8.4667 257
8.4833 260
8.5 264
8.5167 267
8.5333 271
8.55 275
8.5667 278
8.5833 282
8.6 285
8.6167 289
8.6333 292
8.65 296
8.6667 300
8.6833 303
8.7 307
8.7167 310
8.7333 314
8.75 317
8.7667 321
8.7833 324
8.8 328
8.8167 331
8.8333 335
8.85 338
8.8667 342
8.8833 345
8.9 348
8.9167 352
8.9333 355
8.95 359
8.9667 362
8.9833 366
9.0 369
9.0167 372
9.0333 375
9.05 378
9.0667 382
9.0833 385
9.1 388
9.1167 392
9.1333 395
9.15 398
9.1667 402
9.1833 405
9.2 408
9.2167 412
9.2333 415
9.25 418
9.2667 421
9.2833 425
9.3 428
9.3167 431
9.3333 434
9.35 437
9.3667 441
9.3833 444
9.4 447
9.4167 450
9.4333 453
9.45 456
9.4667 459
9.4833 463
9.5 466
9.5167 469
9.5333 472
9.55 475
9.5667 478
9.5833 481
9.6 484
9.6167 487
9.6333 490
9.65 493
9.6667 496
9.6833 499
9.7 502
9.7167 505
9.7333 508
9.75 510
9.7667 513
9.7833 516
9.8 519
9.8167 522
9.8333 525
9.85 527
9.8667 530
9.8833 533
9.9 536
9.9167 539
9.9333 541
9.95 544
9.9667 547
9.9833 549
10.0 552
10.0167 555
10.0333 557
10.05 560
10.0667 563
10.0833 565
10.1 568
10.1167 570
10.1333 573
10.15 576
10.1667 578
10.1833 581
10.2 583
10.2167 586
10.2333 588
10.25 591
10.2667 593
10.2833 595
10.3 598
10.3167 600
10.3333 603
10.35 605
10.3667 607
10.3833 610
10.4 612
10.4167 614
10.4333 616
10.45 619
10.4667 621
10.4833 623
10.5 625
10.5167 628
10.5333 630
10.55 632
10.5667 634
10.5833 636
10.6 638
10.6167 640
10.6333 642
10.65 644
10.6667 646
10.6833 649
10.7 651
10.7167 653
10.7333 654
10.75 656
10.7667 658
10.7833 660
10.8 662
10.8167 664
10.8333 666
10.85 668
10.8667 670
10.8833 671
10.9 673
10.9167 675
10.9333 677
10.95 678
10.9667 680
10.9833 682
11.0 684
11.0167 685
11.0333 687
11.05 688
11.0667 690
11.0833 692
11.1 693
11.1167 695
11.1333 696
11.15 698
11.1667 699
11.1833 701
11.2 702
11.2167 704
11.2333 705
11.25 707
11.2667 708
11.2833 709
11.3 711
11.3167 712
11.3333 713
11.35 715
11.3667 716
11.3833 717
11.4 718
11.4167 720
11.4333 721
11.45 722
11.4667 723
11.4833 724
11.5 725
11.5167 726
11.5333 728
11.55 729
11.5667 730
11.5833 731
11.6 732
11.6167 733
11.6333 734
11.65 735
11.6667 735
11.6833 736
11.7 737
11.7167 738
11.7333 739
11.75 740
11.7667 741
11.7833 741
11.8 742
11.8167 743
11.8333 744
11.85 744
11.8667 745
11.8833 746
11.9 746
11.9167 747
11.9333 748
11.95 748
11.9667 749
11.9833 749
12.0 750
12.0167 750
12.0333 751
12.05 751
12.0667 752
12.0833 752
12.1 753
12.1167 753
12.1333 754
12.15 754
12.1667 754
12.1833 755
12.2 755
12.2167 755
12.2333 755
12.25 756
12.2667 756
12.2833 756
12.3 756
12.3167 756
12.3333 757
12.35 757
12.3667 757
12.3833 757
12.4 757
12.4167 757
12.4333 757
12.45 757
12.4667 757
12.4833 757
12.5 757
12.5167 757
12.5333 757
12.55 757
12.5667 756
12.5833 756
12.6 756
12.6167 756
12.6333 756
12.65 755
12.6667 755
12.6833 755
12.7 755
12.7167 754
12.7333 754
12.75 754
12.7667 753
12.7833 753
12.8 752
12.8167 752
12.8333 751
12.85 751
12.8667 750
12.8833 750
12.9 749
12.9167 749
12.9333 748
12.95 748
12.9667 747
12.9833 746
13.0 746
13.0167 745
13.0333 744
13.05 744
13.0667 743
13.0833 742
13.1 741
13.1167 741
13.1333 740
13.15 739
13.1667 738
13.1833 737
13.2 736
13.2167 735
13.2333 735
13.25 734
13.2667 733
13.2833 732
13.3 731
13.3167 730
13.3333 729
13.35 728
13.3667 726
13.3833 725
13.4 724
13.4167 723
13.4333 722
13.45 721
13.4667 720
13.4833 718
13.5 717
13.5167 716
13.5333 715
13.55 713
13.5667 712
13.5833 711
13.6 709
13.6167 708
13.6333 707
13.65 705
13.6667 704
13.6833 702
13.7 701
13.7167 699
13.7333 698
13.75 696
13.7667 695
13.7833 693
13.8 692
13.8167 690
13.8333 688
13.85 687
13.8667 685
13.8833 684
13.9 682
13.9167 680
13.9333 678
13.95 677
13.9667 675
13.9833 673
14.0 671
14.0167 670
14.0333 668
14.05 666
14.0667 664
14.0833 662
14.1 660
14.1167 658
14.1333 656
14.15 654
14.1667 652
14.1833 651
14.2 649
14.2167 646
14.2333 644
14.25 642
14.2667 640
14.2833 638
14.3 636
14.3167 634
14.3333 632
14.35 630
14.3667 628
14.3833 625
14.4 623
14.4167 621
14.4333 619
14.45 616
14.4667 614
14.4833 612
14.5 610
14.5167 607
14.5333 605
14.55 603
14.5667 600
14.5833 598
14.6 595
14.6167 593
14.6333 591
14.65 588
14.6667 586
14.6833 583
14.7 581
14.7167 578
14.7333 576
14.75 573
14.7667 570
14.7833 568
14.8 565
14.8167 563
14.8333 560
14.85 557
14.8667 555
14.8833 552
14.9 549
14.9167 547
14.9333 544
14.95 541
14.9667 539
14.9833 536
15.0 532
15.0167 530
15.0333 527
15.05 524
15.0667 521
15.0833 518
15.1 516
15.1167 513
15.1333 510
15.15 507
15.1667 504
15.1833 501
15.2 498
15.2167 495
15.2333 492
15.25 489
15.2667 486
15.2833 483
15.3 480
15.3167 477
15.3333 474
15.35 471
15.3667 468
15.3833 465
15.4 462
15.4167 459
15.4333 456
15.45 453
15.4667 449
15.4833 446
15.5 443
15.5167 440
15.5333 437
15.55 434
15.5667 430
15.5833 427
15.6 424
15.6167 421
15.6333 418
15.65 414
15.6667 411
15.6833 408
15.7 404
15.7167 401
15.7333 398
15.75 395
15.7667 391
15.7833 388
15.8 384
15.8167 381
15.8333 378
15.85 374
15.8667 371
15.8833 368
15.9 364
15.9167 361
15.9333 357
15.95 354
15.9667 351
15.9833 347
16.0 344
16.0167 340
16.0333 337
16.05 333
16.0667 330
16.0833 326
16.1 323
16.1167 319
16.1333 316
16.15 312
16.1667 309
16.1833 305
16.2 302
16.2167 298
16.2333 295
16.25 291
16.2667 288
16.2833 284
16.3 280
16.3167 277
16.3333 273
16.35 270
16.3667 266
16.3833 263
16.4 259
16.4167 255
16.4333 252
16.45 248
16.4667 245
16.4833 241
16.5 238
16.5167 234
16.5333 230
16.55 227
16.5667 223
16.5833 220
16.6 216
16.6167 212
16.6333 209
16.65 205
16.6667 202
16.6833 198
16.7 195
16.7167 191
16.7333 187
16.75 184
16.7667 180
16.7833 177
16.8 173
16.8167 170
16.8333 166
16.85 163
16.8667 159
16.8833 156
16.9 152
16.9167 149
16.9333 145
16.95 142
16.9667 138
16.9833 135
