8.0 90
8.0167 93
8.0333 96
8.05 100
8.0667 103
8.0833 106
8.1 109
8.1167 112
8.1333 116
8.15 119
8.1667 122
8.1833 126
8.2 129
8.2167 132
8.2333 136
8.25 139
8.2667 143
8.2833 146
8.3 149
8.3167 153
8.3333 156
8.35 160
8.3667 163
8.3833 166
8.4 170
8.4167 173
8.4333 177
8.45 180
8.4667 184
8.4833 187
8.5 191
8.5167 194
8.5333 197
8.55 201
8.5667 204
8.5833 208
8.6 211
8.6167 215
8.6333 218
8.65 222
8.6667 225
8.6833 229
8.7 232
8.7167 235
8.7333 239
8.75 242
8.7667 246
8.7833 249
8.8 253
8.8167 256
8.8333 259
8.85 263
8.8667 266
8.8833 270
8.9 273
8.9167 277
8.9333 280
8.95 283
8.9667 287
8.9833 290
9.0 294
9.0167 296
9.0333 300
9.05 303
9.0667 306
9.0833 310
9.1 313
9.1167 316
9.1333 320
9.15 323
9.1667 326
9.1833 330
9.2 333
9.2167 336
9.2333 340
9.25 343
9.2667 346
9.2833 349
9.3 353
9.3167 356
9.3333 359
9.35 362
9.3667 366
9.3833 369
9.4 372
9.4167 375
9.4333 378
9.45 381
9.4667 385
9.4833 388
9.5 391
9.5167 394
9.5333 397
9.55 400
9.5667 403
9.5833 406
9.6 409
9.6167 412
9.6333 415
9.65 418
9.6667 422
9.6833 425
9.7 428
9.7167 430
9.7333 433
9.75 436
9.7667 439
9.7833 442
9.8 445
9.8167 448
9.8333 451
9.85 454
9.8667 457
9.8833 460
9.9 462
9.9167 465
9.9333 468
9.95 471
9.9667 474
9.9833 476
10.0 479
10.0167 482
10.0333 485
10.05 487
10.0667 490
10.0833 493
10.1 496
10.1167 498
10.1333 501
10.15 504
10.1667 506
10.1833 509
10.2 511
10.2167 514
10.2333 516
10.25 519
10.2667 522
10.2833 524
10.3 527
10.3167 529
10.3333 532
10.35 534
10.3667 536
10.3833 539
10.4 541
10.4167 544
10.4333 546
10.45 548
10.4667 551
10.4833 553
10.5 556
10.5167 558
10.5333 560
10.55 562
10.5667 565
10.5833 567
10.6 569
10.6167 571
10.6333 574
10.65 576
10.6667 578
10.6833 580
10.7 582
10.7167 584
10.7333 586
10.75 588
10.7667 591
10.7833 593
10.8 595
10.8167 597
10.8333 599
10.85 601
10.8667 603
10.8833 605
10.9 606
10.9167 608
10.9333 610
10.95 612
10.9667 614
10.9833 616
11.0 618
11.0167 619
11.0333 621
11.05 623
11.0667 625
11.0833 627
11.1 628
11.1167 630
11.1333 632
11.15 633
11.1667 635
11.1833 637
11.2 638
11.2167 640
11.2333 641
11.25 643
11.2667 645
11.2833 646
11.3 648
11.3167 649
11.3333 651
11.35 652
11.3667 653
11.3833 655
11.4 656
11.4167 658
11.4333 659
11.45 660
11.4667 662
11.4833 663
11.5 664
11.5167 666
11.5333 667
11.55 668
11.5667 669
11.5833 670
11.6 672
11.6167 673
11.6333 674
11.65 675
11.6667 676
11.6833 677
11.7 678
11.7167 679
11.7333 680
11.75 681
11.7667 682
11.7833 683
11.8 684
11.8167 685
11.8333 686
11.85 687
11.8667 688
11.8833 689
11.9 690
11.9167 690
11.9333 691
11.95 692
11.9667 693
11.9833 694
12.0 694
12.0167 695
12.0333 696
12.05 696
12.0667 697
12.0833 698
12.1 698
12.1167 699
12.1333 699
12.15 700
12.1667 700
12.1833 701
12.2 701
12.2167 702
12.2333 702
12.25 703
12.2667 703
12.2833 704
12.3 704
12.3167 704
12.3333 705
12.35 705
12.3667 705
12.3833 706
12.4 706
12.4167 706
12.4333 706
12.45 707
12.4667 707
12.4833 707
12.5 707
12.5167 707
12.5333 707
12.55 707
12.5667 707
12.5833 707
12.6 707
12.6167 707
12.6333 707
12.65 707
12.6667 707
12.6833 707
12.7 707
12.7167 707
12.7333 707
12.75 707
12.7667 707
12.7833 707
12.8 706
12.8167 706
12.8333 706
12.85 706
12.8667 705
12.8833 705
12.9 705
12.9167 704
12.9333 704
12.95 704
12.9667 703
12.9833 703
13.0 702
13.0167 702
13.0333 701
13.05 701
13.0667 700
13.0833 700
13.1 699
13.1167 699
13.1333 698
13.15 698
13.1667 697
13.1833 696
13.2 696
13.2167 695
13.2333 694
13.25 693
13.2667 693
13.2833 692
13.3 691
13.3167 690
13.3333 689
13.35 689
13.3667 688
13.3833 687
13.4 686
13.4167 685
13.4333 684
13.45 683
13.4667 682
13.4833 681
13.5 680
13.5167 679
13.5333 678
13.55 677
13.5667 676
13.5833 675
13.6 674
13.6167 673
13.6333 671
13.65 670
13.6667 669
13.6833 668
13.7 667
13.7167 665
13.7333 664
13.75 663
13.7667 661
13.7833 660
13.8 659
13.8167 657
13.8333 656
13.85 655
13.8667 653
13.8833 652
13.9 650
13.9167 649
13.9333 647
13.95 646
13.9667 644
13.9833 643
14.0 641
14.0167 640
14.0333 638
14.05 636
14.0667 635
14.0833 633
14.1 631
14.1167 630
14.1333 628
14.15 626
14.1667 625
14.1833 623
14.2 621
14.2167 619
14.2333 617
14.25 616
14.2667 614
14.2833 612
14.3 610
14.3167 608
14.3333 606
14.35 604
14.3667 602
14.3833 600
14.4 598
14.4167 596
14.4333 594
14.45 592
14.4667 590
14.4833 588
14.5 586
14.5167 584
14.5333 582
14.55 580
14.5667 578
14.5833 575
14.6 573
14.6167 571
14.6333 569
14.65 567
14.6667 564
14.6833 562
14.7 560
14.7167 557
14.7333 555
14.75 553
14.7667 550
14.7833 548
14.8 546
14.8167 543
14.8333 541
14.85 539
14.8667 536
14.8833 534
14.9 531
14.9167 529
14.9333 526
14.95 524
14.9667 521
14.9833 519
15.0 516
15.0167 514
15.0333 511
15.05 509
15.0667 506
15.0833 503
15.1 501
15.1167 498
15.1333 495
15.15 493
15.1667 490
15.1833 487
15.2 485
15.2167 482
15.2333 479
15.25 476
15.2667 473
15.2833 471
15.3 468
15.3167 465
15.3333 462
15.35 459
15.3667 457
15.3833 454
15.4 451
15.4167 448
15.4333 445
15.45 442
15.4667 439
15.4833 436
15.5 433
15.5167 430
15.5333 427
15.55 424
15.5667 421
15.5833 418
15.6 415
15.6167 412
15.6333 409
15.65 406
15.6667 403
15.6833 400
15.7 397
15.7167 394
15.7333 391
15.75 387
15.7667 384
15.7833 381
15.8 378
15.8167 375
15.8333 372
15.85 369
15.8667 365
15.8833 362
15.9 359
15.9167 356
15.9333 352
15.95 349
15.9667 346
15.9833 343
16.0 339
16.0167 336
16.0333 333
16.05 330
16.0667 326
16.0833 323
16.1 320
16.1167 316
16.1333 313
16.15 310
16.1667 306
16.1833 303
16.2 300
16.2167 296
16.2333 293
16.25 289
16.2667 286
16.2833 283
16.3 279
16.3167 276
16.3333 272
16.35 269
16.3667 266
16.3833 262
16.4 259
16.4167 255
16.4333 252
16.45 248
16.4667 245
16.4833 242
16.5 238
16.5167 235
16.5333 231
16.55 228
16.5667 224
16.5833 221
16.6 217
16.6167 214
16.6333 211
16.65 207
16.6667 204
16.6833 200
16.7 197
16.7167 193
16.7333 190
16.75 186
16.7667 183
16.7833 179
16.8 176
16.8167 173
16.8333 169
16.85 166
16.8667 162
16.8833 159
16.9 156
16.9167 152
16.9333 149
16.95 145
16.9667 142
16.9833 138
