8.0 77
8.0167 80
8.0333 83
8.05 86
8.0667 89
8.0833 92
8.1 95
8.1167 98
8.1333 102
8.15 105
8.1667 108
8.1833 111
8.2 114
8.2167 117
8.2333 121
8.25 124
8.2667 127
8.2833 131
8.3 134
8.3167 137
8.3333 141
8.35 144
8.3667 147
8.3833 151
8.4 154
8.4167 157
8.4333 161
8.45 164
8.4667 168
8.4833 171
8.5 174
8.5167 178
8.5333 181
8.55 185
8.5667 188
8.5833 191
8.6 195
8.6167 198
8.6333 202
8.65 205
8.6667 208
8.6833 212
8.7 215
8.7167 219
8.7333 222
8.75 225
8.7667 229
8.7833 232
8.8 236
8.8167 239
8.8333 243
8.85 246
8.8667 249
8.8833 253
8.9 256
8.9167 260
8.9333 263
8.95 266
8.9667 270
8.9833 273
9.0 276
9.0167 279
9.0333 283
9.05 286
9.0667 289
9.0833 293
9.1 296
9.1167 299
9.1333 303
9.15 306
9.1667 309
9.1833 313
9.2 316
9.2167 319
9.2333 323
9.25 326
9.2667 329
9.2833 332
9.3 336
9.3167 339
9.3333 342
9.35 345
9.3667 349
9.3833 352
9.4 355
9.4167 358
9.4333 361
9.45 364
9.4667 368
9.4833 371
9.5 374
9.5167 377
9.5333 380
9.55 383
9.5667 386
9.5833 390
9.6 393
9.6167 396
9.6333 399
9.65 402
9.6667 405
9.6833 408
9.7 411
9.7167 414
9.7333 417
9.75 420
9.7667 423
9.7833 426
9.8 429
9.8167 432
9.8333 435
9.85 437
9.8667 440
9.8833 443
9.9 446
9.9167 449
9.9333 452
9.95 455
9.9667 457
9.9833 460
10.0 463
10.0167 466
10.0333 469
10.05 471
10.0667 474
10.0833 477
10.1 480
10.1167 482
10.1333 485
10.15 488
10.1667 490
10.1833 493
10.2 496
10.2167 498
10.2333 501
10.25 503
10.2667 506
10.2833 508
10.3 511
10.3167 514
10.3333 516
10.35 519
10.3667 521
10.3833 524
10.4 526
10.4167 528
10.4333 531
10.45 533
10.4667 536
10.4833 538
10.5 540
10.5167 543
10.5333 545
10.55 547
10.5667 550
10.5833 552
10.6 554
10.6167 557
10.6333 559
10.65 561
10.6667 563
10.6833 565
10.7 568
10.7167 570
10.7333 572
10.75 574
10.7667 576
10.7833 578
10.8 580
10.8167 582
10.8333 584
10.85 586
10.8667 588
10.8833 590
10.9 592
10.9167 594
10.9333 596
10.95 598
10.9667 600
10.9833 602
11.0 604
11.0167 606
11.0333 608
11.05 609
11.0667 611
11.0833 613
11.1 615
11.1167 617
11.1333 618
11.15 620
11.1667 622
11.1833 623
11.2 625
11.2167 627
11.2333 628
11.25 630
11.2667 632
11.2833 633
11.3 635
11.3167 636
11.3333 638
11.35 639
11.3667 641
11.3833 642
11.4 644
11.4167 645
11.4333 646
11.45 648
11.4667 649
11.4833 651
11.5 652
11.5167 653
11.5333 655
11.55 656
11.5667 657
11.5833 658
11.6 660
11.6167 661
11.6333 662
11.65 663
11.6667 664
11.6833 666
11.7 667
11.7167 668
11.7333 669
11.75 670
11.7667 671
11.7833 672
11.8 673
11.8167 674
11.8333 675
11.85 676
11.8667 677
11.8833 678
11.9 679
11.9167 679
11.9333 680
11.95 681
11.9667 682
11.9833 683
12.0 684
12.0167 684
12.0333 685
12.05 686
12.0667 687
12.0833 687
12.1 688
12.1167 689
12.1333 689
12.15 690
12.1667 690
12.1833 691
12.2 691
12.2167 692
12.2333 692
12.25 693
12.2667 693
12.2833 694
12.3 694
12.3167 695
12.3333 695
12.35 696
12.3667 696
12.3833 696
12.4 697
12.4167 697
12.4333 697
12.45 697
12.4667 698
12.4833 698
12.5 698
12.5167 698
12.5333 698
12.55 699
12.5667 699
12.5833 699
12.6 699
12.6167 699
12.6333 699
12.65 699
12.6667 699
12.6833 699
12.7 699
12.7167 699
12.7333 699
12.75 699
12.7667 699
12.7833 699
12.8 698
12.8167 698
12.8333 698
12.85 698
12.8667 698
12.8833 697
12.9 697
12.9167 697
12.9333 696
12.95 696
12.9667 696
12.9833 695
13.0 695
13.0167 695
13.0333 694
13.05 694
13.0667 693
13.0833 693
13.1 692
13.1167 692
13.1333 691
13.15 691
13.1667 690
13.1833 690
13.2 689
13.2167 688
13.2333 688
13.25 687
13.2667 686
13.2833 686
13.3 685
13.3167 684
13.3333 683
13.35 683
13.3667 682
13.3833 681
13.4 680
13.4167 679
13.4333 678
13.45 678
13.4667 677
13.4833 676
13.5 675
13.5167 674
13.5333 673
13.55 672
13.5667 671
13.5833 670
13.6 669
13.6167 667
13.6333 666
13.65 665
13.6667 664
13.6833 663
13.7 662
13.7167 661
13.7333 659
13.75 658
13.7667 657
13.7833 656
13.8 654
13.8167 653
13.8333 652
13.85 650
13.8667 649
13.8833 648
13.9 646
13.9167 645
13.9333 643
13.95 642
13.9667 640
13.9833 639
14.0 637
14.0167 636
14.0333 634
14.05 633
14.0667 631
14.0833 630
14.1 628
14.1167 626
14.1333 625
14.15 623
14.1667 621
14.1833 620
14.2 618
14.2167 616
14.2333 614
14.25 613
14.2667 611
14.2833 609
14.3 607
14.3167 605
14.3333 603
14.35 602
14.3667 600
14.3833 598
14.4 596
14.4167 594
14.4333 592
14.45 590
14.4667 588
14.4833 586
14.5 584
14.5167 582
14.5333 580
14.55 578
14.5667 576
14.5833 574
14.6 571
14.6167 569
14.6333 567
14.65 565
14.6667 563
14.6833 560
14.7 558
14.7167 556
14.7333 554
14.75 551
14.7667 549
14.7833 547
14.8 545
14.8167 542
14.8333 540
14.85 537
14.8667 535
14.8833 533
14.9 530
14.9167 528
14.9333 525
14.95 523
14.9667 520
14.9833 518
15.0 516
15.0167 513
15.0333 511
15.05 508
15.0667 506
15.0833 503
15.1 501
15.1167 498
15.1333 495
15.15 493
15.1667 490
15.1833 487
15.2 485
15.2167 482
15.2333 479
15.25 477
15.2667 474
15.2833 471
15.3 468
15.3167 466
15.3333 463
15.35 460
15.3667 457
15.3833 454
15.4 452
15.4167 449
15.4333 446
15.45 443
15.4667 440
15.4833 437
15.5 434
15.5167 431
15.5333 428
15.55 425
15.5667 422
15.5833 420
15.6 417
15.6167 414
15.6333 411
15.65 408
15.6667 405
15.6833 401
15.7 398
15.7167 395
15.7333 392
15.75 389
15.7667 386
15.7833 383
15.8 380
15.8167 377
15.8333 374
15.85 370
15.8667 367
15.8833 364
15.9 361
15.9167 358
15.9333 355
15.95 351
15.9667 348
15.9833 345
16.0 342
16.0167 339
16.0333 335
16.05 332
16.0667 329
16.0833 326
16.1 322
16.1167 319
16.1333 316
16.15 312
16.1667 309
16.1833 306
16.2 302
16.2167 299
16.2333 296
16.25 292
16.2667 289
16.2833 286
16.3 282
16.3167 279
16.3333 276
16.35 272
16.3667 269
16.3833 266
16.4 262
16.4167 259
16.4333 255
16.45 252
16.4667 249
16.4833 245
16.5 242
16.5167 238
16.5333 235
16.55 232
16.5667 228
16.5833 225
16.6 221
16.6167 218
16.6333 214
16.65 211
16.6667 208
16.6833 204
16.7 201
16.7167 197
16.7333 194
16.75 191
16.7667 187
16.7833 184
16.8 180
16.8167 177
16.8333 174
16.85 170
16.8667 167
16.8833 163
16.9 160
16.9167 157
16.9333 153
16.95 150
16.9667 147
16.9833 143
