8.0 74
8.0167 77
8.0333 80
8.05 83
8.0667 86
8.0833 90
8.1 93
8.1167 96
8.1333 99
8.15 102
8.1667 106
8.1833 109
8.2 112
8.2167 116
8.2333 119
8.25 122
8.2667 126
8.2833 129
8.3 132
8.3167 136
8.3333 139
8.35 143
8.3667 146
8.3833 150
8.4 153
8.4167 157
8.4333 160
8.45 163
8.4667 167
8.4833 170
8.5 174
8.5167 177
8.5333 181
8.55 184
8.5667 188
8.5833 191
8.6 195
8.6167 198
8.6333 202
8.65 205
8.6667 209
8.6833 212
8.7 216
8.7167 219
8.7333 223
8.75 226
8.7667 230
8.7833 233
8.8 237
8.8167 240
8.8333 244
8.85 247
8.8667 251
8.8833 254
8.9 258
8.9167 261
8.9333 265
8.95 268
8.9667 272
8.9833 275
9.0 279
9.0167 282
9.0333 285
9.05 289
9.0667 292
9.0833 295
9.1 299
9.1167 302
9.1333 306
9.15 309
9.1667 312
9.1833 316
9.2 319
9.2167 323
9.2333 326
9.25 329
9.2667 333
9.2833 336
9.3 339
9.3167 343
9.3333 346
9.35 349
9.3667 352
9.3833 356
9.4 359
9.4167 362
9.4333 366
9.45 369
9.4667 372
9.4833 375
9.5 378
9.5167 382
9.5333 385
9.55 388
9.5667 391
9.5833 394
9.6 398
9.6167 401
9.6333 404
9.65 407
9.6667 410
9.6833 413
9.7 416
9.7167 419
9.7333 422
9.75 425
9.7667 428
9.7833 431
9.8 434
9.8167 437
9.8333 440
9.85 443
9.8667 446
9.8833 449
9.9 452
9.9167 455
9.9333 458
9.95 461
9.9667 464
9.9833 467
10.0 470
10.0167 473
10.0333 475
10.05 478
10.0667 481
10.0833 484
10.1 487
10.1167 489
10.1333 492
10.15 495
10.1667 498
10.1833 500
10.2 503
10.2167 506
10.2333 508
10.25 511
10.2667 514
10.2833 516
10.3 519
10.3167 522
10.3333 524
10.35 527
10.3667 529
10.3833 532
10.4 534
10.4167 537
10.4333 539
10.45 542
10.4667 544
10.4833 547
10.5 549
10.5167 552
10.5333 554
10.55 556
10.5667 559
10.5833 561
10.6 563
10.6167 566
10.6333 568
10.65 570
10.6667 573
10.6833 575
10.7 577
10.7167 579
10.7333 582
10.75 584
10.7667 586
10.7833 588
10.8 590
10.8167 592
10.8333 594
10.85 597
10.8667 599
10.8833 601
10.9 603
10.9167 605
10.9333 607
10.95 609
10.9667 611
10.9833 613
11.0 615
11.0167 617
11.0333 619
11.05 620
11.0667 622
11.0833 624
11.1 626
11.1167 628
11.1333 630
11.15 631
11.1667 633
11.1833 635
11.2 637
11.2167 638
11.2333 640
11.25 642
11.2667 643
11.2833 645
11.3 647
11.3167 648
11.3333 650
11.35 652
11.3667 653
11.3833 655
11.4 656
11.4167 658
11.4333 659
11.45 661
11.4667 662
11.4833 663
11.5 665
11.5167 666
11.5333 668
11.55 669
11.5667 670
11.5833 672
11.6 673
11.6167 674
11.6333 676
11.65 677
11.6667 678
11.6833 679
11.7 680
11.7167 682
11.7333 683
11.75 684
11.7667 685
11.7833 686
11.8 687
11.8167 688
11.8333 689
11.85 690
11.8667 691
11.8833 692
11.9 693
11.9167 694
11.9333 695
11.95 696
11.9667 697
11.9833 698
12.0 699
12.0167 699
12.0333 700
12.05 701
12.0667 702
12.0833 703
12.1 703
12.1167 704
12.1333 705
12.15 705
12.1667 706
12.1833 707
12.2 707
12.2167 708
12.2333 709
12.25 709
12.2667 710
12.2833 710
12.3 711
12.3167 711
12.3333 712
12.35 712
12.3667 712
12.3833 713
12.4 713
12.4167 714
12.4333 714
12.45 714
12.4667 715
12.4833 715
12.5 715
12.5167 715
12.5333 716
12.55 716
12.5667 716
12.5833 716
12.6 716
12.6167 717
12.6333 717
12.65 717
12.6667 717
12.6833 717
12.7 717
12.7167 717
12.7333 717
12.75 717
12.7667 717
12.7833 717
12.8 717
12.8167 717
12.8333 716
12.85 716
12.8667 716
12.8833 716
12.9 716
12.9167 716
12.9333 715
12.95 715
12.9667 715
12.9833 715
13.0 714
13.0167 714
13.0333 714
13.05 713
13.0667 713
13.0833 712
13.1 712
13.1167 711
13.1333 711
13.15 710
13.1667 710
13.1833 709
13.2 709
13.2167 708
13.2333 708
13.25 707
13.2667 707
13.2833 706
13.3 705
13.3167 705
13.3333 704
13.35 703
13.3667 702
13.3833 702
13.4 701
13.4167 700
13.4333 699
13.45 698
13.4667 697
13.4833 697
13.5 696
13.5167 695
13.5333 694
13.55 693
13.5667 692
13.5833 691
13.6 690
13.6167 689
13.6333 688
13.65 687
13.6667 686
13.6833 685
13.7 684
13.7167 682
13.7333 681
13.75 680
13.7667 679
13.7833 678
13.8 676
13.8167 675
13.8333 674
13.85 673
13.8667 671
13.8833 670
13.9 669
13.9167 667
13.9333 666
13.95 664
13.9667 663
13.9833 662
14.0 660
14.0167 659
14.0333 657
14.05 656
14.0667 654
14.0833 653
14.1 651
14.1167 649
14.1333 648
14.15 646
14.1667 645
14.1833 643
14.2 641
14.2167 640
14.2333 638
14.25 636
14.2667 634
14.2833 633
14.3 631
14.3167 629
14.3333 627
14.35 625
14.3667 624
14.3833 622
14.4 620
14.4167 618
14.4333 616
14.45 614
14.4667 612
14.4833 610
14.5 608
14.5167 606
14.5333 604
14.55 602
14.5667 600
14.5833 598
14.6 596
14.6167 594
14.6333 592
14.65 590
14.6667 587
14.6833 585
14.7 583
14.7167 581
14.7333 579
14.75 576
14.7667 574
14.7833 572
14.8 570
14.8167 567
14.8333 565
14.85 563
14.8667 560
14.8833 558
14.9 556
14.9167 553
14.9333 551
14.95 548
14.9667 546
14.9833 543
15.0 542
15.0167 539
15.0333 537
15.05 534
15.0667 531
15.0833 529
15.1 526
15.1167 524
15.1333 521
15.15 519
15.1667 516
15.1833 513
15.2 511
15.2167 508
15.2333 505
15.25 503
15.2667 500
15.2833 497
15.3 495
15.3167 492
15.3333 489
15.35 486
15.3667 483
15.3833 481
15.4 478
15.4167 475
15.4333 472
15.45 469
15.4667 466
15.4833 464
15.5 461
15.5167 458
15.5333 455
15.55 452
15.5667 449
15.5833 446
15.6 443
15.6167 440
15.6333 437
15.65 434
15.6667 431
15.6833 428
15.7 425
15.7167 422
15.7333 419
15.75 416
15.7667 413
15.7833 410
15.8 407
15.8167 403
15.8333 400
15.85 397
15.8667 394
15.8833 391
15.9 388
15.9167 384
15.9333 381
15.95 378
15.9667 375
15.9833 372
16.0 368
16.0167 365
16.0333 362
16.05 359
16.0667 355
16.0833 352
16.1 349
16.1167 345
16.1333 342
16.15 339
16.1667 335
16.1833 332
16.2 329
16.2167 325
16.2333 322
16.25 319
16.2667 315
16.2833 312
16.3 309
16.3167 305
16.3333 302
16.35 298
16.3667 295
16.3833 292
16.4 288
16.4167 285
16.4333 281
16.45 278
16.4667 274
16.4833 271
16.5 267
16.5167 264
16.5333 261
16.55 257
16.5667 254
16.5833 250
16.6 247
16.6167 243
16.6333 240
16.65 236
16.6667 233
16.6833 229
16.7 226
16.7167 222
16.7333 219
16.75 215
16.7667 212
16.7833 208
16.8 205
16.8167 201
16.8333 198
16.85 194
16.8667 191
16.8833 187
16.9 184
16.9167 180
16.9333 177
16.95 173
16.9667 170
16.9833 166
