8.0 60
8.0167 63
8.0333 65
8.05 67
8.0667 70
8.0833 73
8.1 75
8.1167 78
8.1333 80
8.15 83
8.1667 86
8.1833 89
8.2 91
8.2167 94
8.2333 97
8.25 100
8.2667 102
8.2833 105
8.3 108
8.3167 111
8.3333 114
8.35 117
8.3667 120
8.3833 123
8.4 126
8.4167 129
8.4333 132
8.45 135
8.4667 138
8.4833 141
8.5 144
8.5167 147
8.5333 150
8.55 153
8.5667 156
8.5833 159
8.6 162
8.6167 165
8.6333 169
8.65 172
8.6667 175
8.6833 178
8.7 181
8.7167 184
8.7333 187
8.75 191
8.7667 194
8.7833 197
8.8 200
8.8167 203
8.8333 206
8.85 210
8.8667 213
8.8833 216
8.9 219
8.9167 222
8.9333 225
8.95 229
8.9667 232
8.9833 235
9.0 238
9.0167 241
9.0333 244
9.05 247
9.0667 251
9.0833 254
9.1 257
9.1167 260
9.1333 263
9.15 266
9.1667 269
9.1833 273
9.2 276
9.2167 279
9.2333 282
9.25 285
9.2667 288
9.2833 291
9.3 295
9.3167 298
9.3333 301
9.35 304
9.3667 307
9.3833 310
9.4 313
9.4167 316
9.4333 319
9.45 322
9.4667 325
9.4833 328
9.5 331
9.5167 334
9.5333 337
9.55 340
9.5667 343
9.5833 346
9.6 349
9.6167 352
9.6333 355
9.65 358
9.6667 361
9.6833 364
9.7 367
9.7167 370
9.7333 373
9.75 376
9.7667 379
9.7833 381
9.8 384
9.8167 387
9.8333 390
9.85 393
9.8667 396
9.8833 399
9.9 401
9.9167 404
9.9333 407
9.95 410
9.9667 412
9.9833 415
10.0 418
10.0167 421
10.0333 423
10.05 426
10.0667 429
10.0833 431
10.1 434
10.1167 437
10.1333 439
10.15 442
10.1667 445
10.1833 447
10.2 450
10.2167 452
10.2333 455
10.25 457
10.2667 460
10.2833 462
10.3 465
10.3167 467
10.3333 470
10.35 472
10.3667 475
10.3833 477
10.4 480
10.4167 482
10.4333 484
10.45 487
10.4667 489
10.4833 492
10.5 494
10.5167 496
10.5333 498
10.55 501
10.5667 503
10.5833 505
10.6 508
10.6167 510
10.6333 512
10.65 514
10.6667 516
10.6833 519
10.7 521
10.7167 523
10.7333 525
10.75 527
10.7667 529
10.7833 531
10.8 533
10.8167 535
10.8333 537
10.85 539
10.8667 541
10.8833 543
10.9 545
10.9167 547
10.9333 549
10.95 551
10.9667 553
10.9833 555
11.0 557
11.0167 559
11.0333 560
11.05 562
11.0667 564
11.0833 566
11.1 568
11.1167 569
11.1333 571
11.15 573
11.1667 574
11.1833 576
11.2 578
11.2167 579
11.2333 581
11.25 583
11.2667 584
11.2833 586
11.3 587
11.3167 589
11.3333 590
11.35 592
11.3667 593
11.3833 595
11.4 596
11.4167 598
11.4333 599
11.45 601
11.4667 602
11.4833 603
11.5 605
11.5167 606
11.5333 607
11.55 609
11.5667 610
11.5833 611
11.6 612
11.6167 614
11.6333 615
11.65 616
11.6667 617
11.6833 618
11.7 620
11.7167 621
11.7333 622
11.75 623
11.7667 624
11.7833 625
11.8 626
11.8167 627
11.8333 628
11.85 629
11.8667 630
11.8833 631
11.9 632
11.9167 633
11.9333 633
11.95 634
11.9667 635
11.9833 636
12.0 637
12.0167 637
12.0333 638
12.05 639
12.0667 640
12.0833 640
12.1 641
12.1167 642
12.1333 642
12.15 643
12.1667 644
12.1833 644
12.2 645
12.2167 645
12.2333 646
12.25 646
12.2667 647
12.2833 647
12.3 648
12.3167 648
12.3333 649
12.35 649
12.3667 649
12.3833 650
12.4 650
12.4167 650
12.4333 651
12.45 651
12.4667 651
12.4833 652
12.5 652
12.5167 652
12.5333 652
12.55 652
12.5667 653
12.5833 653
12.6 653
12.6167 653
12.6333 653
12.65 653
12.6667 653
12.6833 653
12.7 653
12.7167 653
12.7333 653
12.75 653
12.7667 653
12.7833 653
12.8 653
12.8167 652
12.8333 652
12.85 652
12.8667 652
12.8833 652
12.9 652
12.9167 651
12.9333 651
12.95 651
12.9667 650
12.9833 650
13.0 650
13.0167 649
13.0333 649
13.05 649
13.0667 648
13.0833 648
13.1 647
13.1167 647
13.1333 646
13.15 646
13.1667 645
13.1833 645
13.2 644
13.2167 643
13.2333 643
13.25 642
13.2667 642
13.2833 641
13.3 640
13.3167 640
13.3333 639
13.35 638
13.3667 637
13.3833 636
13.4 636
13.4167 635
13.4333 634
13.45 633
13.4667 632
13.4833 631
13.5 630
13.5167 630
13.5333 629
13.55 628
13.5667 627
13.5833 626
13.6 625
13.6167 624
13.6333 623
13.65 621
13.6667 620
13.6833 619
13.7 618
13.7167 617
13.7333 616
13.75 615
13.7667 613
13.7833 612
13.8 611
13.8167 610
13.8333 608
13.85 607
13.8667 606
13.8833 604
13.9 603
13.9167 602
13.9333 600
13.95 599
13.9667 597
13.9833 596
14.0 595
14.0167 593
14.0333 592
14.05 590
14.0667 589
14.0833 587
14.1 585
14.1167 584
14.1333 582
14.15 581
14.1667 579
14.1833 577
14.2 576
14.2167 574
14.2333 572
14.25 571
14.2667 569
14.2833 567
14.3 565
14.3167 564
14.3333 562
14.35 560
14.3667 558
14.3833 556
14.4 554
14.4167 553
14.4333 551
14.45 549
14.4667 547
14.4833 545
14.5 543
14.5167 541
14.5333 539
14.55 537
14.5667 535
14.5833 533
14.6 531
14.6167 529
14.6333 527
14.65 524
14.6667 522
14.6833 520
14.7 518
14.7167 516
14.7333 514
14.75 511
14.7667 509
14.7833 507
14.8 505
14.8167 502
14.8333 500
14.85 498
14.8667 496
14.8833 493
14.9 491
14.9167 489
14.9333 486
14.95 484
14.9667 481
14.9833 479
15.0 477
15.0167 475
15.0333 472
15.05 470
15.0667 467
15.0833 465
15.1 462
15.1167 460
15.1333 457
15.15 455
15.1667 452
15.1833 450
15.2 447
15.2167 444
15.2333 442
15.25 439
15.2667 436
15.2833 434
15.3 431
15.3167 428
15.3333 426
15.35 423
15.3667 420
15.3833 418
15.4 415
15.4167 412
15.4333 409
15.45 407
15.4667 404
15.4833 401
15.5 398
15.5167 395
15.5333 393
15.55 390
15.5667 387
15.5833 384
15.6 381
15.6167 378
15.6333 375
15.65 373
15.6667 370
15.6833 367
15.7 364
15.7167 361
15.7333 358
15.75 355
15.7667 352
15.7833 349
15.8 346
15.8167 343
15.8333 340
15.85 337
15.8667 334
15.8833 331
15.9 328
15.9167 325
15.9333 322
15.95 319
15.9667 316
15.9833 313
16.0 310
16.0167 307
16.0333 304
16.05 300
16.0667 297
16.0833 294
16.1 291
16.1167 288
16.1333 285
16.15 282
16.1667 279
16.1833 275
16.2 272
16.2167 269
16.2333 266
16.25 263
16.2667 260
16.2833 257
16.3 253
16.3167 250
16.3333 247
16.35 244
16.3667 241
16.3833 238
16.4 234
16.4167 231
16.4333 228
16.45 225
16.4667 222
16.4833 219
16.5 215
16.5167 212
16.5333 209
16.55 206
16.5667 203
16.5833 199
16.6 196
16.6167 193
16.6333 190
16.65 187
16.6667 184
16.6833 181
16.7 177
16.7167 174
16.7333 171
16.75 168
16.7667 165
16.7833 162
16.8 159
16.8167 155
16.8333 152
16.85 149
16.8667 146
16.8833 143
16.9 140
16.9167 137
16.9333 134
16.95 131
16.9667 128
16.9833 125
