8.0 69
8.0167 72
8.0333 75
8.05 78
8.0667 81
8.0833 85
8.1 88
8.1167 91
8.1333 94
8.15 97
8.1667 101
8.1833 104
8.2 107
8.2167 110
8.2333 114
8.25 117
8.2667 121
8.2833 124
8.3 127
8.3167 131
8.3333 134
8.35 138
8.3667 141
8.3833 145
8.4 148
8.4167 152
8.4333 155
8.45 159
8.4667 162
8.4833 166
8.5 169
8.5167 173
8.5333 177
8.55 180
8.5667 184
8.5833 187
8.6 191
8.6167 195
8.6333 198
8.65 202
8.6667 205
8.6833 209
8.7 213
8.7167 216
8.7333 220
8.75 223
8.7667 227
8.7833 231
8.8 234
8.8167 238
8.8333 242
8.85 245
8.8667 249
8.8833 252
8.9 256
8.9167 260
8.9333 263
8.95 267
8.9667 271
8.9833 274
9.0 278
9.0167 282
9.0333 285
9.05 289
9.0667 293
9.0833 296
9.1 300
9.1167 303
9.1333 307
9.15 311
9.1667 314
9.1833 318
9.2 321
9.2167 325
9.2333 328
9.25 332
9.2667 335
9.2833 339
9.3 342
9.3167 346
9.3333 349
9.35 353
9.3667 356
9.3833 360
9.4 363
9.4167 367
9.4333 370
9.45 374
9.4667 377
9.4833 381
9.5 384
9.5167 387
9.5333 391
9.55 394
9.5667 398
9.5833 401
9.6 404
9.6167 408
9.6333 411
9.65 414
9.6667 418
9.6833 421
9.7 424
9.7167 428
9.7333 431
9.75 434
9.7667 437
9.7833 441
9.8 444
9.8167 447
9.8333 450
9.85 454
9.8667 457
9.8833 460
9.9 463
9.9167 466
9.9333 469
9.95 472
9.9667 476
9.9833 479
10.0 482
10.0167 485
10.0333 488
10.05 491
10.0667 494
10.0833 497
10.1 500
10.1167 503
10.1333 506
10.15 509
10.1667 512
10.1833 515
10.2 518
10.2167 521
10.2333 524
10.25 527
10.2667 530
10.2833 532
10.3 535
10.3167 538
10.3333 541
10.35 544
10.3667 546
10.3833 549
10.4 552
10.4167 555
10.4333 558
10.45 560
10.4667 563
10.4833 566
10.5 568
10.5167 571
10.5333 574
10.55 576
10.5667 579
10.5833 581
10.6 584
10.6167 587
10.6333 589
10.65 592
10.6667 594
10.6833 597
10.7 599
10.7167 602
10.7333 604
10.75 607
10.7667 609
10.7833 611
10.8 614
10.8167 616
10.8333 619
10.85 621
10.8667 623
10.8833 625
10.9 628
10.9167 630
10.9333 632
10.95 635
10.9667 637
10.9833 639
11.0 641
11.0167 643
11.0333 646
11.05 648
11.0667 650
11.0833 652
11.1 654
11.1167 656
11.1333 658
11.15 660
11.1667 662
11.1833 664
11.2 666
11.2167 668
11.2333 670
11.25 672
11.2667 674
11.2833 676
11.3 678
11.3167 680
11.3333 681
11.35 683
11.3667 685
11.3833 687
11.4 689
11.4167 690
11.4333 692
11.45 694
11.4667 695
11.4833 697
11.5 699
11.5167 700
11.5333 702
11.55 704
11.5667 705
11.5833 707
11.6 708
11.6167 710
11.6333 711
11.65 713
11.6667 714
11.6833 716
11.7 717
11.7167 719
11.7333 720
11.75 721
11.7667 723
11.7833 724
11.8 725
11.8167 727
11.8333 728
11.85 729
11.8667 730
11.8833 732
11.9 733
11.9167 734
11.9333 735
11.95 736
11.9667 737
11.9833 739
12.0 740
12.0167 741
12.0333 742
12.05 743
12.0667 744
12.0833 745
12.1 746
12.1167 747
12.1333 748
12.15 749
12.1667 749
12.1833 750
12.2 751
12.2167 752
12.2333 753
12.25 754
12.2667 754
12.2833 755
12.3 756
12.3167 757
12.3333 757
12.35 758
12.3667 759
12.3833 759
12.4 760
12.4167 760
12.4333 761
12.45 762
12.4667 762
12.4833 763
12.5 763
12.5167 764
12.5333 764
12.55 764
12.5667 765
12.5833 765
12.6 766
12.6167 766
12.6333 766
12.65 767
12.6667 767
12.6833 767
12.7 767
12.7167 768
12.7333 768
12.75 768
12.7667 768
12.7833 768
12.8 769
12.8167 769
12.8333 769
12.85 769
12.8667 769
12.8833 769
12.9 769
12.9167 769
12.9333 769
12.95 769
12.9667 769
12.9833 769
13.0 769
13.0167 768
13.0333 768
13.05 768
13.0667 768
13.0833 768
13.1 767
13.1167 767
13.1333 767
13.15 767
13.1667 766
13.1833 766
13.2 766
13.2167 765
13.2333 765
13.25 764
13.2667 764
13.2833 764
13.3 763
13.3167 763
13.3333 762
13.35 762
13.3667 761
13.3833 760
13.4 760
13.4167 759
13.4333 759
13.45 758
13.4667 757
13.4833 757
13.5 756
13.5167 755
13.5333 754
13.55 754
13.5667 753
13.5833 752
13.6 751
13.6167 750
13.6333 749
13.65 749
13.6667 748
13.6833 747
13.7 746
13.7167 745
13.7333 744
13.75 743
13.7667 742
13.7833 741
13.8 740
13.8167 739
13.8333 738
13.85 736
13.8667 735
13.8833 734
13.9 733
13.9167 732
13.9333 730
13.95 729
13.9667 728
13.9833 727
14.0 725
14.0167 724
14.0333 723
14.05 721
14.0667 720
14.0833 719
14.1 717
14.1167 716
14.1333 714
14.15 713
14.1667 711
14.1833 710
14.2 708
14.2167 707
14.2333 705
14.25 704
14.2667 702
14.2833 700
14.3 699
14.3167 697
14.3333 695
14.35 694
14.3667 692
14.3833 690
14.4 689
14.4167 687
14.4333 685
14.45 683
14.4667 681
14.4833 680
14.5 678
14.5167 676
14.5333 674
14.55 672
14.5667 670
14.5833 668
14.6 666
14.6167 664
14.6333 662
14.65 660
14.6667 658
14.6833 656
14.7 654
14.7167 652
14.7333 650
14.75 648
14.7667 646
14.7833 643
14.8 641
14.8167 639
14.8333 637
14.85 635
14.8667 632
14.8833 630
14.9 628
14.9167 626
14.9333 623
14.95 621
14.9667 619
14.9833 616
15.0 615
15.0167 612
15.0333 610
15.05 608
15.0667 605
15.0833 603
15.1 600
15.1167 598
15.1333 595
15.15 593
15.1667 590
15.1833 588
15.2 585
15.2167 583
15.2333 580
15.25 577
15.2667 575
15.2833 572
15.3 569
15.3167 567
15.3333 564
15.35 561
15.3667 559
15.3833 556
15.4 553
15.4167 550
15.4333 548
15.45 545
15.4667 542
15.4833 539
15.5 536
15.5167 533
15.5333 531
15.55 528
15.5667 525
15.5833 522
15.6 519
15.6167 516
15.6333 513
15.65 510
15.6667 507
15.6833 504
15.7 501
15.7167 498
15.7333 495
15.75 492
15.7667 489
15.7833 486
15.8 483
15.8167 480
15.8333 477
15.85 474
15.8667 470
15.8833 467
15.9 464
15.9167 461
15.9333 458
15.95 455
15.9667 451
15.9833 448
16.0 445
16.0167 442
16.0333 439
16.05 435
16.0667 432
16.0833 429
16.1 425
16.1167 422
16.1333 419
16.15 415
16.1667 412
16.1833 409
16.2 405
16.2167 402
16.2333 399
16.25 395
16.2667 392
16.2833 389
16.3 385
16.3167 382
16.3333 378
16.35 375
16.3667 371
16.3833 368
16.4 364
16.4167 361
16.4333 358
16.45 354
16.4667 351
16.4833 347
16.5 344
16.5167 340
16.5333 336
16.55 333
16.5667 329
16.5833 326
16.6 322
16.6167 319
16.6333 315
16.65 312
16.6667 308
16.6833 304
16.7 301
16.7167 297
16.7333 294
16.75 290
16.7667 287
16.7833 283
16.8 279
16.8167 276
16.8333 272
16.85 268
16.8667 265
16.8833 261
16.9 258
16.9167 254
16.9333 250
16.95 247
16.9667 243
16.9833 239
