8.0 77
8.0167 80
8.0333 83
8.05 87
8.0667 90
8.0833 93
8.1 97
8.1167 100
8.1333 103
8.15 107
8.1667 110
8.1833 113
8.2 117
8.2167 120
8.2333 124
8.25 127
8.2667 131
8.2833 134
8.3 138
8.3167 142
8.3333 145
8.35 149
8.3667 153
8.3833 156
8.4 160
8.4167 163
8.4333 167
8.45 171
8.4667 174
8.4833 178
8.5 182
8.5167 185
8.5333 189
8.55 193
8.5667 196
8.5833 200
8.6 204
8.6167 207
8.6333 211
8.65 215
8.6667 219
8.6833 222
8.7 226
8.7167 230
8.7333 233
8.75 237
8.7667 241
8.7833 244
8.8 248
8.8167 252
8.8333 256
8.85 259
8.8667 263
8.8833 267
8.9 270
8.9167 274
8.9333 278
8.95 281
8.9667 285
8.9833 289
9.0 292
9.0167 297
9.0333 300
9.05 304
9.0667 308
9.0833 311
9.1 315
9.1167 319
9.1333 322
9.15 326
9.1667 330
9.1833 333
9.2 337
9.2167 340
9.2333 344
9.25 348
9.2667 351
9.2833 355
9.3 358
9.3167 362
9.3333 365
9.35 369
9.3667 373
9.3833 376
9.4 380
9.4167 383
9.4333 387
9.45 390
9.4667 394
9.4833 397
9.5 401
9.5167 404
9.5333 407
9.55 411
9.5667 414
9.5833 418
9.6 421
9.6167 425
9.6333 428
9.65 431
9.6667 435
9.6833 438
9.7 441
9.7167 445
9.7333 448
9.75 451
9.7667 455
9.7833 458
9.8 461
9.8167 464
9.8333 468
9.85 471
9.8667 474
9.8833 477
9.9 481
9.9167 484
9.9333 487
9.95 490
9.9667 493
9.9833 496
10.0 500
10.0167 503
10.0333 506
10.05 509
10.0667 512
10.0833 515
10.1 518
10.1167 521
10.1333 524
10.15 527
10.1667 530
10.1833 533
10.2 536
10.2167 539
10.2333 542
10.25 545
10.2667 548
10.2833 551
10.3 554
10.3167 556
10.3333 559
10.35 562
10.3667 565
10.3833 568
10.4 571
10.4167 573
10.4333 576
10.45 579
10.4667 582
10.4833 584
10.5 587
10.5167 590
10.5333 592
10.55 595
10.5667 598
10.5833 600
10.6 603
10.6167 606
10.6333 608
10.65 611
10.6667 613
10.6833 616
10.7 618
10.7167 621
10.7333 623
10.75 626
10.7667 628
10.7833 631
10.8 633
10.8167 635
10.8333 638
10.85 640
10.8667 643
10.8833 645
10.9 647
10.9167 650
10.9333 652
10.95 654
10.9667 656
10.9833 659
11.0 661
11.0167 663
11.0333 665
11.05 667
11.0667 669
11.0833 672
11.1 674
11.1167 676
11.1333 678
11.15 680
11.1667 682
11.1833 684
11.2 686
11.2167 688
11.2333 690
11.25 692
11.2667 694
11.2833 696
11.3 698
11.3167 700
11.3333 701
11.35 703
11.3667 705
11.3833 707
11.4 709
11.4167 710
11.4333 712
11.45 714
11.4667 716
11.4833 717
11.5 719
11.5167 721
11.5333 722
11.55 724
11.5667 726
11.5833 727
11.6 729
11.6167 730
11.6333 732
11.65 733
11.6667 735
11.6833 736
11.7 738
11.7167 739
11.7333 741
11.75 742
11.7667 743
11.7833 745
11.8 746
11.8167 747
11.8333 749
11.85 750
11.8667 751
11.8833 752
11.9 754
11.9167 755
11.9333 756
11.95 757
11.9667 758
11.9833 759
12.0 761
12.0167 762
12.0333 763
12.05 764
12.0667 765
12.0833 766
12.1 767
12.1167 768
12.1333 769
12.15 770
12.1667 770
12.1833 771
12.2 772
12.2167 773
12.2333 774
12.25 775
12.2667 776
12.2833 776
12.3 777
12.3167 778
12.3333 778
12.35 779
12.3667 780
12.3833 780
12.4 781
12.4167 782
12.4333 782
12.45 783
12.4667 783
12.4833 784
12.5 784
12.5167 785
12.5333 785
12.55 786
12.5667 786
12.5833 787
12.6 787
12.6167 787
12.6333 788
12.65 788
12.6667 788
12.6833 789
12.7 789
12.7167 789
12.7333 789
12.75 790
12.7667 790
12.7833 790
12.8 790
12.8167 790
12.8333 790
12.85 790
12.8667 791
12.8833 791
12.9 791
12.9167 791
12.9333 791
12.95 791
12.9667 790
12.9833 790
13.0 790
13.0167 790
13.0333 790
13.05 790
13.0667 790
13.0833 789
13.1 789
13.1167 789
13.1333 789
13.15 788
13.1667 788
13.1833 788
13.2 787
13.2167 787
13.2333 787
13.25 786
13.2667 786
13.2833 785
13.3 785
13.3167 785
13.3333 784
13.35 783
13.3667 783
13.3833 782
13.4 782
13.4167 781
13.4333 781
13.45 780
13.4667 779
13.4833 779
13.5 778
13.5167 777
13.5333 776
13.55 776
13.5667 775
13.5833 774
13.6 773
13.6167 772
13.6333 772
13.65 771
13.6667 770
13.6833 769
13.7 768
13.7167 767
13.7333 766
13.75 765
13.7667 764
13.7833 763
13.8 762
13.8167 761
13.8333 760
13.85 758
13.8667 757
13.8833 756
13.9 755
13.9167 754
13.9333 753
13.95 751
13.9667 750
13.9833 749
14.0 748
14.0167 746
14.0333 745
14.05 744
14.0667 742
14.0833 741
14.1 739
14.1167 738
14.1333 736
14.15 735
14.1667 733
14.1833 732
14.2 730
14.2167 729
14.2333 727
14.25 726
14.2667 724
14.2833 723
14.3 721
14.3167 719
14.3333 718
14.35 716
14.3667 714
14.3833 712
14.4 711
14.4167 709
14.4333 707
14.45 705
14.4667 704
14.4833 702
14.5 700
14.5167 698
14.5333 696
14.55 694
14.5667 692
14.5833 690
14.6 688
14.6167 686
14.6333 684
14.65 682
14.6667 680
14.6833 678
14.7 676
14.7167 674
14.7333 672
14.75 670
14.7667 668
14.7833 665
14.8 663
14.8167 661
14.8333 659
14.85 657
14.8667 654
14.8833 652
14.9 650
14.9167 648
14.9333 645
14.95 643
14.9667 641
14.9833 638
15.0 637
15.0167 634
15.0333 632
15.05 630
15.0667 627
15.0833 625
15.1 622
15.1167 620
15.1333 617
15.15 615
15.1667 612
15.1833 610
15.2 607
15.2167 604
15.2333 602
15.25 599
15.2667 596
15.2833 594
15.3 591
15.3167 588
15.3333 586
15.35 583
15.3667 580
15.3833 578
15.4 575
15.4167 572
15.4333 569
15.45 566
15.4667 564
15.4833 561
15.5 558
15.5167 555
15.5333 552
15.55 549
15.5667 546
15.5833 543
15.6 540
15.6167 537
15.6333 535
15.65 532
15.6667 529
15.6833 526
15.7 523
15.7167 519
15.7333 516
15.75 513
15.7667 510
15.7833 507
15.8 504
15.8167 501
15.8333 498
15.85 495
15.8667 492
15.8833 488
15.9 485
15.9167 482
15.9333 479
15.95 476
15.9667 472
15.9833 469
16.0 466
16.0167 463
16.0333 459
16.05 456
16.0667 453
16.0833 449
16.1 446
16.1167 443
16.1333 439
16.15 436
16.1667 433
16.1833 429
16.2 426
16.2167 423
16.2333 419
16.25 416
16.2667 412
16.2833 409
16.3 405
16.3167 402
16.3333 398
16.35 395
16.3667 392
16.3833 388
16.4 385
16.4167 381
16.4333 378
16.45 374
16.4667 370
16.4833 367
16.5 363
16.5167 360
16.5333 356
16.55 353
16.5667 349
16.5833 345
16.6 342
16.6167 338
16.6333 335
16.65 331
16.6667 327
16.6833 324
16.7 320
16.7167 316
16.7333 313
16.75 309
16.7667 306
16.7833 302
16.8 298
16.8167 294
16.8333 291
16.85 287
16.8667 283
16.8833 280
16.9 276
16.9167 272
16.9333 269
16.95 265
16.9667 261
16.9833 258
