8.0 61
8.0167 63
8.0333 66
8.05 69
8.0667 72
8.0833 75
8.1 78
8.1167 81
8.1333 84
8.15 87
8.1667 90
8.1833 93
8.2 96
8.2167 99
8.2333 102
8.25 105
8.2667 109
8.2833 112
8.3 115
8.3167 118
8.3333 122
8.35 125
8.3667 128
8.3833 132
8.4 135
8.4167 138
8.4333 142
8.45 145
8.4667 148
8.4833 152
8.5 155
8.5167 158
8.5333 162
8.55 165
8.5667 169
8.5833 172
8.6 175
8.6167 179
8.6333 182
8.65 186
8.6667 189
8.6833 193
8.7 196
8.7167 199
8.7333 203
8.75 206
8.7667 210
8.7833 213
8.8 217
8.8167 220
8.8333 224
8.85 227
8.8667 230
8.8833 234
8.9 237
8.9167 241
8.9333 244
8.95 248
8.9667 251
8.9833 255
9.0 258
9.0167 261
9.0333 265
9.05 268
9.0667 272
9.0833 275
9.1 279
9.1167 282
9.1333 285
9.15 289
9.1667 292
9.1833 296
9.2 299
9.2167 302
9.2333 306
9.25 309
9.2667 312
9.2833 316
9.3 319
9.3167 322
9.3333 326
9.35 329
9.3667 332
9.3833 336
9.4 339
9.4167 342
9.4333 346
9.45 349
9.4667 352
9.4833 355
9.5 359
9.5167 362
9.5333 365
9.55 368
9.5667 371
9.5833 375
9.6 378
9.6167 381
9.6333 384
9.65 387
9.6667 391
9.6833 394
9.7 397
9.7167 400
9.7333 403
9.75 406
9.7667 409
9.7833 412
9.8 415
9.8167 418
9.8333 421
9.85 425
9.8667 428
9.8833 431
9.9 434
9.9167 437
9.9333 440
9.95 442
9.9667 445
9.9833 448
10.0 451
10.0167 454
10.0333 457
10.05 460
10.0667 463
10.0833 466
10.1 469
10.1167 471
10.1333 474
10.15 477
10.1667 480
10.1833 483
10.2 485
10.2167 488
10.2333 491
10.25 494
10.2667 496
10.2833 499
10.3 502
10.3167 504
10.3333 507
10.35 510
10.3667 512
10.3833 515
10.4 518
10.4167 520
10.4333 523
10.45 525
10.4667 528
10.4833 530
10.5 533
10.5167 535
10.5333 538
10.55 540
10.5667 543
10.5833 545
10.6 548
10.6167 550
10.6333 552
10.65 555
10.6667 557
10.6833 559
10.7 562
10.7167 564
10.7333 566
10.75 569
10.7667 571
10.7833 573
10.8 575
10.8167 578
10.8333 580
10.85 582
10.8667 584
10.8833 586
10.9 588
10.9167 590
10.9333 593
10.95 595
10.9667 597
10.9833 599
11.0 601
11.0167 603
11.0333 605
11.05 607
11.0667 609
11.0833 611
11.1 613
11.1167 615
11.1333 616
11.15 618
11.1667 620
11.1833 622
11.2 624
11.2167 626
11.2333 627
11.25 629
11.2667 631
11.2833 633
11.3 634
11.3167 636
11.3333 638
11.35 639
11.3667 641
11.3833 643
11.4 644
11.4167 646
11.4333 647
11.45 649
11.4667 651
11.4833 652
11.5 654
11.5167 655
11.5333 657
11.55 658
11.5667 659
11.5833 661
11.6 662
11.6167 664
11.6333 665
11.65 666
11.6667 668
11.6833 669
11.7 670
11.7167 671
11.7333 673
11.75 674
11.7667 675
11.7833 676
11.8 678
11.8167 679
11.8333 680
11.85 681
11.8667 682
11.8833 683
11.9 684
11.9167 685
11.9333 686
11.95 687
11.9667 688
11.9833 689
12.0 690
12.0167 691
12.0333 692
12.05 693
12.0667 694
12.0833 695
12.1 695
12.1167 696
12.1333 697
12.15 698
12.1667 698
12.1833 699
12.2 700
12.2167 701
12.2333 701
12.25 702
12.2667 703
12.2833 703
12.3 704
12.3167 704
12.3333 705
12.35 705
12.3667 706
12.3833 706
12.4 707
12.4167 707
12.4333 708
12.45 708
12.4667 709
12.4833 709
12.5 709
12.5167 710
12.5333 710
12.55 710
12.5667 711
12.5833 711
12.6 711
12.6167 711
12.6333 712
12.65 712
12.6667 712
12.6833 712
12.7 712
12.7167 712
12.7333 712
12.75 712
12.7667 712
12.7833 713
12.8 713
12.8167 713
12.8333 712
12.85 712
12.8667 712
12.8833 712
12.9 712
12.9167 712
12.9333 712
12.95 712
12.9667 712
12.9833 711
13.0 711
13.0167 711
13.0333 711
13.05 710
13.0667 710
13.0833 710
13.1 709
13.1167 709
13.1333 709
13.15 708
13.1667 708
13.1833 707
13.2 707
13.2167 706
13.2333 706
13.25 705
13.2667 705
13.2833 704
13.3 704
13.3167 703
13.3333 702
13.35 702
13.3667 701
13.3833 700
13.4 700
13.4167 699
13.4333 698
13.45 698
13.4667 697
13.4833 696
13.5 695
13.5167 694
13.5333 694
13.55 693
13.5667 692
13.5833 691
13.6 690
13.6167 689
13.6333 688
13.65 687
13.6667 686
13.6833 685
13.7 684
13.7167 683
13.7333 682
13.75 681
13.7667 680
13.7833 679
13.8 677
13.8167 676
13.8333 675
13.85 674
13.8667 673
13.8833 671
13.9 670
13.9167 669
13.9333 667
13.95 666
13.9667 665
13.9833 663
14.0 662
14.0167 661
14.0333 659
14.05 658
14.0667 656
14.0833 655
14.1 653
14.1167 652
14.1333 650
14.15 649
14.1667 647
14.1833 646
14.2 644
14.2167 642
14.2333 641
14.25 639
14.2667 638
14.2833 636
14.3 634
14.3167 632
14.3333 631
14.35 629
14.3667 627
14.3833 625
14.4 624
14.4167 622
14.4333 620
14.45 618
14.4667 616
14.4833 614
14.5 612
14.5167 610
14.5333 608
14.55 606
14.5667 604
14.5833 603
14.6 600
14.6167 598
14.6333 596
14.65 594
14.6667 592
14.6833 590
14.7 588
14.7167 586
14.7333 584
14.75 582
14.7667 579
14.7833 577
14.8 575
14.8167 573
14.8333 571
14.85 568
14.8667 566
14.8833 564
14.9 561
14.9167 559
14.9333 557
14.95 554
14.9667 552
14.9833 550
15.0 548
15.0167 545
15.0333 543
15.05 541
15.0667 538
15.0833 536
15.1 533
15.1167 531
15.1333 528
15.15 526
15.1667 523
15.1833 520
15.2 518
15.2167 515
15.2333 513
15.25 510
15.2667 507
15.2833 505
15.3 502
15.3167 499
15.3333 497
15.35 494
15.3667 491
15.3833 488
15.4 486
15.4167 483
15.4333 480
15.45 477
15.4667 475
15.4833 472
15.5 469
15.5167 466
15.5333 463
15.55 460
15.5667 457
15.5833 455
15.6 452
15.6167 449
15.6333 446
15.65 443
15.6667 440
15.6833 437
15.7 434
15.7167 431
15.7333 428
15.75 425
15.7667 422
15.7833 419
15.8 416
15.8167 413
15.8333 410
15.85 406
15.8667 403
15.8833 400
15.9 397
15.9167 394
15.9333 391
15.95 388
15.9667 385
15.9833 381
16.0 378
16.0167 375
16.0333 372
16.05 369
16.0667 365
16.0833 362
16.1 359
16.1167 356
16.1333 352
16.15 349
16.1667 346
16.1833 343
16.2 339
16.2167 336
16.2333 333
16.25 329
16.2667 326
16.2833 323
16.3 319
16.3167 316
16.3333 313
16.35 309
16.3667 306
16.3833 303
16.4 299
16.4167 296
16.4333 292
16.45 289
16.4667 286
16.4833 282
16.5 279
16.5167 275
16.5333 272
16.55 269
16.5667 265
16.5833 262
16.6 258
16.6167 255
16.6333 251
16.65 248
16.6667 244
16.6833 241
16.7 238
16.7167 234
16.7333 231
16.75 227
16.7667 224
16.7833 220
16.8 217
16.8167 213
16.8333 210
16.85 207
16.8667 203
16.8833 200
16.9 196
16.9167 193
16.9333 189
16.95 186
16.9667 182
16.9833 179
