8.0 61
8.0167 64
8.0333 67
8.05 70
8.0667 73
8.0833 76
8.1 79
8.1167 82
8.1333 85
8.15 88
8.1667 91
8.1833 94
8.2 97
8.2167 101
8.2333 104
8.25 107
8.2667 110
8.2833 114
8.3 117
8.3167 120
8.3333 123
8.35 127
8.3667 130
8.3833 134
8.4 137
8.4167 141
8.4333 144
8.45 147
8.4667 151
8.4833 154
8.5 158
8.5167 161
8.5333 165
8.55 168
8.5667 171
8.5833 175
8.6 178
8.6167 182
8.6333 185
8.65 189
8.6667 192
8.6833 196
8.7 199
8.7167 203
8.7333 206
8.75 210
8.7667 213
8.7833 217
8.8 221
8.8167 224
8.8333 228
8.85 231
8.8667 235
8.8833 238
8.9 242
8.9167 245
8.9333 249
8.95 252
8.9667 256
8.9833 259
9.0 263
9.0167 267
9.0333 270
9.05 274
9.0667 277
9.0833 280
9.1 284
9.1167 287
9.1333 291
9.15 294
9.1667 298
9.1833 301
9.2 305
9.2167 308
9.2333 312
9.25 315
9.2667 319
9.2833 322
9.3 325
9.3167 329
9.3333 332
9.35 336
9.3667 339
9.3833 342
9.4 346
9.4167 349
9.4333 353
9.45 356
9.4667 359
9.4833 363
9.5 366
9.5167 369
9.5333 373
9.55 376
9.5667 379
9.5833 382
9.6 386
9.6167 389
9.6333 392
9.65 395
9.6667 399
9.6833 402
9.7 405
9.7167 408
9.7333 412
9.75 415
9.7667 418
9.7833 421
9.8 424
9.8167 427
9.8333 430
9.85 434
9.8667 437
9.8833 440
9.9 443
9.9167 446
9.9333 449
9.95 452
9.9667 455
9.9833 458
10.0 461
10.0167 464
10.0333 467
10.05 470
10.0667 473
10.0833 476
10.1 479
10.1167 482
10.1333 485
10.15 488
10.1667 490
10.1833 493
10.2 496
10.2167 499
10.2333 502
10.25 505
10.2667 507
10.2833 510
10.3 513
10.3167 516
10.3333 518
10.35 521
10.3667 524
10.3833 527
10.4 529
10.4167 532
10.4333 535
10.45 537
10.4667 540
10.4833 542
10.5 545
10.5167 548
10.5333 550
10.55 553
10.5667 555
10.5833 558
10.6 560
10.6167 563
10.6333 565
10.65 568
10.6667 570
10.6833 573
10.7 575
10.7167 577
10.7333 580
10.75 582
10.7667 584
10.7833 587
10.8 589
10.8167 591
10.8333 594
10.85 596
10.8667 598
10.8833 600
10.9 603
10.9167 605
10.9333 607
10.95 609
10.9667 611
10.9833 613
11.0 615
11.0167 618
11.0333 620
11.05 622
11.0667 624
11.0833 626
11.1 628
11.1167 630
11.1333 632
11.15 634
11.1667 636
11.1833 638
11.2 640
11.2167 641
11.2333 643
11.25 645
11.2667 647
11.2833 649
11.3 651
11.3167 652
11.3333 654
11.35 656
11.3667 658
11.3833 659
11.4 661
11.4167 663
11.4333 664
11.45 666
11.4667 668
11.4833 669
11.5 671
11.5167 672
11.5333 674
11.55 675
11.5667 677
11.5833 678
11.6 680
11.6167 681
11.6333 683
11.65 684
11.6667 686
11.6833 687
11.7 688
11.7167 690
11.7333 691
11.75 692
11.7667 694
11.7833 695
11.8 696
11.8167 697
11.8333 699
11.85 700
11.8667 701
11.8833 702
11.9 703
11.9167 704
11.9333 705
11.95 706
11.9667 708
11.9833 709
12.0 710
12.0167 711
12.0333 712
12.05 713
12.0667 713
12.0833 714
12.1 715
12.1167 716
12.1333 717
12.15 718
12.1667 719
12.1833 719
12.2 720
12.2167 721
12.2333 722
12.25 723
12.2667 723
12.2833 724
12.3 725
12.3167 725
12.3333 726
12.35 726
12.3667 727
12.3833 728
12.4 728
12.4167 729
12.4333 729
12.45 730
12.4667 730
12.4833 731
12.5 731
12.5167 731
12.5333 732
12.55 732
12.5667 733
12.5833 733
12.6 733
12.6167 734
12.6333 734
12.65 734
12.6667 734
12.6833 735
12.7 735
12.7167 735
12.7333 735
12.75 735
12.7667 735
12.7833 735
12.8 736
12.8167 736
12.8333 736
12.85 736
12.8667 736
12.8833 736
12.9 736
12.9167 735
12.9333 735
12.95 735
12.9667 735
12.9833 735
13.0 735
13.0167 735
13.0333 734
13.05 734
13.0667 734
13.0833 734
13.1 733
13.1167 733
13.1333 733
13.15 733
13.1667 732
13.1833 732
13.2 731
13.2167 731
13.2333 731
13.25 730
13.2667 730
13.2833 729
13.3 729
13.3167 728
13.3333 727
13.35 727
13.3667 726
13.3833 726
13.4 725
13.4167 724
13.4333 724
13.45 723
13.4667 722
13.4833 722
13.5 721
13.5167 720
13.5333 719
13.55 718
13.5667 718
13.5833 717
13.6 716
13.6167 715
13.6333 714
13.65 713
13.6667 712
13.6833 711
13.7 710
13.7167 709
13.7333 708
13.75 707
13.7667 706
13.7833 705
13.8 704
13.8167 703
13.8333 702
13.85 701
13.8667 699
13.8833 698
13.9 697
13.9167 696
13.9333 694
13.95 693
13.9667 692
13.9833 691
14.0 689
14.0167 688
14.0333 687
14.05 685
14.0667 684
14.0833 682
14.1 681
14.1167 679
14.1333 678
14.15 676
14.1667 675
14.1833 673
14.2 672
14.2167 670
14.2333 669
14.25 667
14.2667 665
14.2833 664
14.3 662
14.3167 660
14.3333 659
14.35 657
14.3667 655
14.3833 654
14.4 652
14.4167 650
14.4333 648
14.45 646
14.4667 645
14.4833 643
14.5 641
14.5167 639
14.5333 637
14.55 635
14.5667 633
14.5833 631
14.6 629
14.6167 627
14.6333 625
14.65 623
14.6667 621
14.6833 619
14.7 617
14.7167 615
14.7333 613
14.75 611
14.7667 608
14.7833 606
14.8 604
14.8167 602
14.8333 600
14.85 597
14.8667 595
14.8833 593
14.9 591
14.9167 588
14.9333 586
14.95 584
14.9667 581
14.9833 579
15.0 577
15.0167 575
15.0333 573
15.05 570
15.0667 568
15.0833 565
15.1 563
15.1167 560
15.1333 558
15.15 555
15.1667 553
15.1833 550
15.2 548
15.2167 545
15.2333 542
15.25 540
15.2667 537
15.2833 535
15.3 532
15.3167 529
15.3333 527
15.35 524
15.3667 521
15.3833 518
15.4 516
15.4167 513
15.4333 510
15.45 507
15.4667 505
15.4833 502
15.5 499
15.5167 496
15.5333 493
15.55 490
15.5667 488
15.5833 485
15.6 482
15.6167 479
15.6333 476
15.65 473
15.6667 470
15.6833 467
15.7 464
15.7167 461
15.7333 458
15.75 455
15.7667 452
15.7833 449
15.8 446
15.8167 443
15.8333 440
15.85 437
15.8667 433
15.8833 430
15.9 427
15.9167 424
15.9333 421
15.95 418
15.9667 415
15.9833 411
16.0 408
16.0167 405
16.0333 402
16.05 399
16.0667 395
16.0833 392
16.1 389
16.1167 386
16.1333 382
16.15 379
16.1667 376
16.1833 372
16.2 369
16.2167 366
16.2333 362
16.25 359
16.2667 356
16.2833 352
16.3 349
16.3167 346
16.3333 342
16.35 339
16.3667 335
16.3833 332
16.4 329
16.4167 325
16.4333 322
16.45 318
16.4667 315
16.4833 311
16.5 308
16.5167 305
16.5333 301
16.55 298
16.5667 294
16.5833 291
16.6 287
16.6167 284
16.6333 280
16.65 277
16.6667 273
16.6833 270
16.7 266
16.7167 263
16.7333 259
16.75 256
16.7667 252
16.7833 249
16.8 245
16.8167 242
16.8333 238
16.85 235
16.8667 231
16.8833 228
16.9 224
16.9167 220
16.9333 217
16.95 213
16.9667 210
16.9833 206
