8.0 60
8.0167 63
8.0333 66
8.05 69
8.0667 71
8.0833 74
8.1 77
8.1167 80
8.1333 83
8.15 86
8.1667 89
8.1833 92
8.2 96
8.2167 99
8.2333 102
8.25 105
8.2667 108
8.2833 111
8.3 115
8.3167 118
8.3333 121
8.35 125
8.3667 128
8.3833 131
8.4 135
8.4167 138
8.4333 141
8.45 145
8.4667 148
8.4833 151
8.5 155
8.5167 158
8.5333 162
8.55 165
8.5667 169
8.5833 172
8.6 175
8.6167 179
8.6333 182
8.65 186
8.6667 189
8.6833 193
8.7 196
8.7167 200
8.7333 203
8.75 206
8.7667 210
8.7833 213
8.8 217
8.8167 220
8.8333 224
8.85 227
8.8667 231
8.8833 234
8.9 238
8.9167 241
8.9333 245
8.95 248
8.9667 252
8.9833 255
9.0 259
9.0167 262
9.0333 266
9.05 269
9.0667 273
9.0833 276
9.1 279
9.1167 283
9.1333 286
9.15 290
9.1667 293
9.1833 297
9.2 300
9.2167 303
9.2333 307
9.25 310
9.2667 314
9.2833 317
9.3 320
9.3167 324
9.3333 327
9.35 330
9.3667 334
9.3833 337
9.4 340
9.4167 344
9.4333 347
9.45 350
9.4667 354
9.4833 357
9.5 360
9.5167 364
9.5333 367
9.55 370
9.5667 373
9.5833 376
9.6 380
9.6167 383
9.6333 386
9.65 389
9.6667 393
9.6833 396
9.7 399
9.7167 402
9.7333 405
9.75 408
9.7667 411
9.7833 415
9.8 418
9.8167 421
9.8333 424
9.85 427
9.8667 430
9.8833 433
9.9 436
9.9167 439
9.9333 442
9.95 445
9.9667 448
9.9833 451
10.0 454
10.0167 457
10.0333 460
10.05 463
10.0667 466
10.0833 469
10.1 471
10.1167 474
10.1333 477
10.15 480
10.1667 483
10.1833 486
10.2 488
10.2167 491
10.2333 494
10.25 497
10.2667 500
10.2833 502
10.3 505
10.3167 508
10.3333 510
10.35 513
10.3667 516
10.3833 518
10.4 521
10.4167 524
10.4333 526
10.45 529
10.4667 531
10.4833 534
10.5 537
10.5167 539
10.5333 542
10.55 544
10.5667 547
10.5833 549
10.6 552
10.6167 554
10.6333 556
10.65 559
10.6667 561
10.6833 564
10.7 566
10.7167 568
10.7333 571
10.75 573
10.7667 575
10.7833 577
10.8 580
10.8167 582
10.8333 584
10.85 586
10.8667 589
10.8833 591
10.9 593
10.9167 595
10.9333 597
10.95 599
10.9667 601
10.9833 604
11.0 606
11.0167 608
11.0333 610
11.05 612
11.0667 614
11.0833 616
11.1 618
11.1167 620
11.1333 622
11.15 623
11.1667 625
11.1833 627
11.2 629
11.2167 631
11.2333 633
11.25 635
11.2667 636
11.2833 638
11.3 640
11.3167 642
11.3333 643
11.35 645
11.3667 647
11.3833 648
11.4 650
11.4167 652
11.4333 653
11.45 655
11.4667 656
11.4833 658
11.5 660
11.5167 661
11.5333 663
11.55 664
11.5667 666
11.5833 667
11.6 668
11.6167 670
11.6333 671
11.65 673
11.6667 674
11.6833 675
11.7 677
11.7167 678
11.7333 679
11.75 680
11.7667 682
11.7833 683
11.8 684
11.8167 685
11.8333 686
11.85 688
11.8667 689
11.8833 690
11.9 691
11.9167 692
11.9333 693
11.95 694
11.9667 695
11.9833 696
12.0 697
12.0167 698
12.0333 699
12.05 700
12.0667 701
12.0833 702
12.1 703
12.1167 703
12.1333 704
12.15 705
12.1667 706
12.1833 707
12.2 707
12.2167 708
12.2333 709
12.25 709
12.2667 710
12.2833 711
12.3 711
12.3167 712
12.3333 713
12.35 713
12.3667 714
12.3833 714
12.4 715
12.4167 715
12.4333 716
12.45 716
12.4667 717
12.4833 717
12.5 717
12.5167 718
12.5333 718
12.55 719
12.5667 719
12.5833 719
12.6 719
12.6167 720
12.6333 720
12.65 720
12.6667 720
12.6833 720
12.7 721
12.7167 721
12.7333 721
12.75 721
12.7667 721
12.7833 721
12.8 721
12.8167 721
12.8333 721
12.85 721
12.8667 721
12.8833 721
12.9 721
12.9167 721
12.9333 721
12.95 721
12.9667 720
12.9833 720
13.0 720
13.0167 720
13.0333 720
13.05 719
13.0667 719
13.0833 719
13.1 719
13.1167 718
13.1333 718
13.15 717
13.1667 717
13.1833 717
13.2 716
13.2167 716
13.2333 715
13.25 715
13.2667 714
13.2833 714
13.3 713
13.3167 713
13.3333 712
13.35 711
13.3667 711
13.3833 710
13.4 710
13.4167 709
13.4333 708
13.45 707
13.4667 707
13.4833 706
13.5 705
13.5167 704
13.5333 703
13.55 703
13.5667 702
13.5833 701
13.6 700
13.6167 699
13.6333 698
13.65 697
13.6667 696
13.6833 695
13.7 694
13.7167 693
13.7333 692
13.75 691
13.7667 690
13.7833 689
13.8 688
13.8167 687
13.8333 685
13.85 684
13.8667 683
13.8833 682
13.9 681
13.9167 679
13.9333 678
13.95 677
13.9667 675
13.9833 674
14.0 673
14.0167 671
14.0333 670
14.05 669
14.0667 667
14.0833 666
14.1 664
14.1167 663
14.1333 661
14.15 660
14.1667 658
14.1833 657
14.2 655
14.2167 653
14.2333 652
14.25 650
14.2667 649
14.2833 647
14.3 645
14.3167 644
14.3333 642
14.35 640
14.3667 638
14.3833 637
14.4 635
14.4167 633
14.4333 631
14.45 629
14.4667 627
14.4833 626
14.5 624
14.5167 622
14.5333 620
14.55 618
14.5667 616
14.5833 614
14.6 612
14.6167 610
14.6333 608
14.65 606
14.6667 604
14.6833 602
14.7 600
14.7167 597
14.7333 595
14.75 593
14.7667 591
14.7833 589
14.8 587
14.8167 584
14.8333 582
14.85 580
14.8667 578
14.8833 575
14.9 573
14.9167 571
14.9333 568
14.95 566
14.9667 564
14.9833 561
15.0 560
15.0167 557
15.0333 555
15.05 553
15.0667 550
15.0833 548
15.1 545
15.1167 543
15.1333 540
15.15 538
15.1667 535
15.1833 532
15.2 530
15.2167 527
15.2333 525
15.25 522
15.2667 519
15.2833 517
15.3 514
15.3167 511
15.3333 509
15.35 506
15.3667 503
15.3833 501
15.4 498
15.4167 495
15.4333 492
15.45 490
15.4667 487
15.4833 484
15.5 481
15.5167 478
15.5333 475
15.55 473
15.5667 470
15.5833 467
15.6 464
15.6167 461
15.6333 458
15.65 455
15.6667 452
15.6833 449
15.7 446
15.7167 443
15.7333 440
15.75 437
15.7667 434
15.7833 431
15.8 428
15.8167 425
15.8333 422
15.85 419
15.8667 416
15.8833 413
15.9 409
15.9167 406
15.9333 403
15.95 400
15.9667 397
15.9833 394
16.0 390
16.0167 387
16.0333 384
16.05 381
16.0667 378
16.0833 374
16.1 371
16.1167 368
16.1333 365
16.15 361
16.1667 358
16.1833 355
16.2 351
16.2167 348
16.2333 345
16.25 342
16.2667 338
16.2833 335
16.3 332
16.3167 328
16.3333 325
16.35 321
16.3667 318
16.3833 315
16.4 311
16.4167 308
16.4333 304
16.45 301
16.4667 298
16.4833 294
16.5 291
16.5167 287
16.5333 284
16.55 281
16.5667 277
16.5833 274
16.6 270
16.6167 267
16.6333 263
16.65 260
16.6667 256
16.6833 253
16.7 249
16.7167 246
16.7333 242
16.75 239
16.7667 235
16.7833 232
16.8 229
16.8167 225
16.8333 222
16.85 218
16.8667 215
16.8833 211
16.9 208
16.9167 204
16.9333 201
16.95 197
16.9667 194
16.9833 190
