8.0 69
8.0167 72
8.0333 75
8.05 78
8.0667 82
8.0833 85
8.1 88
8.1167 91
8.1333 94
8.15 98
8.1667 101
8.1833 104
8.2 107
8.2167 111
8.2333 114
8.25 117
8.2667 121
8.2833 124
8.3 128
8.3167 131
8.3333 134
8.35 138
8.3667 141
8.3833 145
8.4 148
8.4167 152
8.4333 155
8.45 159
8.4667 162
8.4833 166
8.5 170
8.5167 173
8.5333 177
8.55 180
8.5667 184
8.5833 187
8.6 191
8.6167 194
8.6333 198
8.65 201
8.6667 205
8.6833 208
8.7 212
8.7167 215
8.7333 219
8.75 223
8.7667 226
8.7833 230
8.8 233
8.8167 237
8.8333 240
8.85 244
8.8667 247
8.8833 251
8.9 254
8.9167 258
8.9333 261
8.95 265
8.9667 268
8.9833 272
9.0 275
9.0167 279
9.0333 282
9.05 286
9.0667 289
9.0833 293
9.1 296
9.1167 300
9.1333 303
9.15 307
9.1667 310
9.1833 313
9.2 317
9.2167 320
9.2333 324
9.25 327
9.2667 330
9.2833 334
9.3 337
9.3167 341
9.3333 344
9.35 347
9.3667 351
9.3833 354
9.4 357
9.4167 361
9.4333 364
9.45 367
9.4667 371
9.4833 374
9.5 377
9.5167 380
9.5333 384
9.55 387
9.5667 390
9.5833 393
9.6 396
9.6167 400
9.6333 403
9.65 406
9.6667 409
9.6833 412
9.7 415
9.7167 419
9.7333 422
9.75 425
9.7667 428
9.7833 431
9.8 434
9.8167 437
9.8333 440
9.85 443
9.8667 446
9.8833 449
9.9 452
9.9167 455
9.9333 458
9.95 461
9.9667 464
9.9833 467
10.0 470
10.0167 473
10.0333 476
10.05 479
10.0667 482
10.0833 484
10.1 487
10.1167 490
10.1333 493
10.15 496
10.1667 499
10.1833 501
10.2 504
10.2167 507
10.2333 510
10.25 512
10.2667 515
10.2833 518
10.3 520
10.3167 523
10.3333 526
10.35 528
10.3667 531
10.3833 534
10.4 536
10.4167 539
10.4333 541
10.45 544
10.4667 546
10.4833 549
10.5 551
10.5167 554
10.5333 556
10.55 559
10.5667 561
10.5833 564
10.6 566
10.6167 568
10.6333 571
10.65 573
10.6667 575
10.6833 578
10.7 580
10.7167 582
10.7333 585
10.75 587
10.7667 589
10.7833 591
10.8 594
10.8167 596
10.8333 598
10.85 600
10.8667 602
10.8833 604
10.9 607
10.9167 609
10.9333 611
10.95 613
10.9667 615
10.9833 617
11.0 619
11.0167 621
11.0333 623
11.05 625
11.0667 627
11.0833 629
11.1 631
11.1167 632
11.1333 634
11.15 636
11.1667 638
11.1833 640
11.2 642
11.2167 643
11.2333 645
11.25 647
11.2667 649
11.2833 650
11.3 652
11.3167 654
11.3333 655
11.35 657
11.3667 659
11.3833 660
11.4 662
11.4167 664
11.4333 665
11.45 667
11.4667 668
11.4833 670
11.5 671
11.5167 673
11.5333 674
11.55 675
11.5667 677
11.5833 678
11.6 680
11.6167 681
11.6333 682
11.65 684
11.6667 685
11.6833 686
11.7 687
11.7167 689
11.7333 690
11.75 691
11.7667 692
11.7833 693
11.8 695
11.8167 696
11.8333 697
11.85 698
11.8667 699
11.8833 700
11.9 701
11.9167 702
11.9333 703
11.95 704
11.9667 705
11.9833 706
12.0 707
12.0167 708
12.0333 709
12.05 710
12.0667 710
12.0833 711
12.1 712
12.1167 713
12.1333 714
12.15 714
12.1667 715
12.1833 716
12.2 716
12.2167 717
12.2333 718
12.25 718
12.2667 719
12.2833 720
12.3 720
12.3167 721
12.3333 721
12.35 722
12.3667 722
12.3833 723
12.4 723
12.4167 724
12.4333 724
12.45 724
12.4667 725
12.4833 725
12.5 725
12.5167 726
12.5333 726
12.55 726
12.5667 727
12.5833 727
12.6 727
12.6167 727
12.6333 727
12.65 728
12.6667 728
12.6833 728
12.7 728
12.7167 728
12.7333 728
12.75 728
12.7667 728
12.7833 728
12.8 728
12.8167 728
12.8333 728
12.85 728
12.8667 728
12.8833 728
12.9 728
12.9167 727
12.9333 727
12.95 727
12.9667 727
12.9833 727
13.0 726
13.0167 726
13.0333 726
13.05 725
13.0667 725
13.0833 725
13.1 724
13.1167 724
13.1333 724
13.15 723
13.1667 723
13.1833 722
13.2 722
13.2167 721
13.2333 721
13.25 720
13.2667 720
13.2833 719
13.3 718
13.3167 718
13.3333 717
13.35 717
13.3667 716
13.3833 715
13.4 714
13.4167 714
13.4333 713
13.45 712
13.4667 711
13.4833 711
13.5 710
13.5167 709
13.5333 708
13.55 707
13.5667 706
13.5833 705
13.6 704
13.6167 703
13.6333 702
13.65 701
13.6667 700
13.6833 699
13.7 698
13.7167 697
13.7333 696
13.75 695
13.7667 694
13.7833 693
13.8 691
13.8167 690
13.8333 689
13.85 688
13.8667 686
13.8833 685
13.9 684
13.9167 683
13.9333 681
13.95 680
13.9667 679
13.9833 677
14.0 676
14.0167 674
14.0333 673
14.05 671
14.0667 670
14.0833 668
14.1 667
14.1167 665
14.1333 664
14.15 662
14.1667 661
14.1833 659
14.2 658
14.2167 656
14.2333 654
14.25 653
14.2667 651
14.2833 649
14.3 647
14.3167 646
14.3333 644
14.35 642
14.3667 640
14.3833 638
14.4 637
14.4167 635
14.4333 633
14.45 631
14.4667 629
14.4833 627
14.5 625
14.5167 623
14.5333 621
14.55 619
14.5667 617
14.5833 615
14.6 613
14.6167 611
14.6333 609
14.65 607
14.6667 605
14.6833 603
14.7 601
14.7167 599
14.7333 596
14.75 594
14.7667 592
14.7833 590
14.8 587
14.8167 585
14.8333 583
14.85 581
14.8667 578
14.8833 576
14.9 574
14.9167 571
14.9333 569
14.95 567
14.9667 564
14.9833 562
15.0 560
15.0167 558
15.0333 555
15.05 553
15.0667 550
15.0833 548
15.1 545
15.1167 543
15.1333 540
15.15 537
15.1667 535
15.1833 532
15.2 530
15.2167 527
15.2333 524
15.25 522
15.2667 519
15.2833 516
15.3 514
15.3167 511
15.3333 508
15.35 505
15.3667 503
15.3833 500
15.4 497
15.4167 494
15.4333 492
15.45 489
15.4667 486
15.4833 483
15.5 480
15.5167 477
15.5333 474
15.55 471
15.5667 469
15.5833 466
15.6 463
15.6167 460
15.6333 457
15.65 454
15.6667 451
15.6833 448
15.7 445
15.7167 442
15.7333 439
15.75 436
15.7667 432
15.7833 429
15.8 426
15.8167 423
15.8333 420
15.85 417
15.8667 414
15.8833 411
15.9 407
15.9167 404
15.9333 401
15.95 398
15.9667 395
15.9833 392
16.0 388
16.0167 385
16.0333 382
16.05 379
16.0667 375
16.0833 372
16.1 369
16.1167 365
16.1333 362
16.15 359
16.1667 355
16.1833 352
16.2 349
16.2167 345
16.2333 342
16.25 339
16.2667 335
16.2833 332
16.3 329
16.3167 325
16.3333 322
16.35 318
16.3667 315
16.3833 312
16.4 308
16.4167 305
16.4333 301
16.45 298
16.4667 294
16.4833 291
16.5 287
16.5167 284
16.5333 280
16.55 277
16.5667 273
16.5833 270
16.6 266
16.6167 263
16.6333 259
16.65 256
16.6667 252
16.6833 249
16.7 245
16.7167 242
16.7333 238
16.75 235
16.7667 231
16.7833 228
16.8 224
16.8167 220
16.8333 217
16.85 213
16.8667 210
16.8833 206
16.9 203
16.9167 199
16.9333 196
16.95 192
16.9667 189
16.9833 185
