8.0 117
8.0167 120
8.0333 124
8.05 127
8.0667 131
8.0833 134
8.1 138
8.1167 142
8.1333 145
8.15 149
8.1667 153
8.1833 156
8.2 160
8.2167 164
8.2333 167
8.25 171
8.2667 175
8.2833 179
8.3 183
8.3167 186
8.3333 190
8.35 194
8.3667 198
8.3833 201
8.4 205
8.4167 209
8.4333 213
8.45 217
8.4667 221
8.4833 224
8.5 228
8.5167 232
8.5333 236
8.55 240
8.5667 244
8.5833 248
8.6 251
8.6167 255
8.6333 259
8.65 263
8.6667 267
8.6833 271
8.7 275
8.7167 278
8.7333 282
8.75 286
8.7667 290
8.7833 294
8.8 298
8.8167 302
8.8333 305
8.85 309
8.8667 313
8.8833 317
8.9 321
8.9167 325
8.9333 328
8.95 332
8.9667 336
8.9833 340
9.0 344
9.0167 348
9.0333 352
9.05 356
9.0667 360
9.0833 364
9.1 367
9.1167 371
9.1333 375
9.15 379
9.1667 382
9.1833 386
9.2 390
9.2167 394
9.2333 397
9.25 401
9.2667 405
9.2833 408
9.3 412
9.3167 416
9.3333 419
9.35 423
9.3667 427
9.3833 430
9.4 434
9.4167 438
9.4333 441
9.45 445
9.4667 448
9.4833 452
9.5 456
9.5167 459
9.5333 463
9.55 466
9.5667 470
9.5833 473
9.6 477
9.6167 480
9.6333 484
9.65 487
9.6667 491
9.6833 494
9.7 498
9.7167 501
9.7333 505
9.75 508
9.7667 511
9.7833 515
9.8 518
9.8167 521
9.8333 525
9.85 528
9.8667 531
9.8833 535
9.9 538
9.9167 541
9.9333 545
9.95 548
9.9667 551
9.9833 554
10.0 558
10.0167 561
10.0333 564
10.05 567
10.0667 570
10.0833 574
10.1 577
10.1167 580
10.1333 583
10.15 586
10.1667 589
10.1833 592
10.2 595
10.2167 598
10.2333 601
10.25 604
10.2667 607
10.2833 610
10.3 613
10.3167 616
10.3333 619
10.35 622
10.3667 625
10.3833 628
10.4 631
10.4167 634
10.4333 636
10.45 639
10.4667 642
10.4833 645
10.5 648
10.5167 650
10.5333 653
10.55 656
10.5667 659
10.5833 661
10.6 664
10.6167 667
10.6333 669
10.65 672
10.6667 675
10.6833 677
10.7 680
10.7167 682
10.7333 685
10.75 688
10.7667 690
10.7833 693
10.8 695
10.8167 698
10.8333 700
10.85 702
10.8667 705
10.8833 707
10.9 710
10.9167 712
10.9333 714
10.95 717
10.9667 719
10.9833 721
11.0 724
11.0167 726
11.0333 728
11.05 730
11.0667 733
11.0833 735
11.1 737
11.1167 739
11.1333 741
11.15 743
11.1667 745
11.1833 748
11.2 750
11.2167 752
11.2333 754
11.25 756
11.2667 758
11.2833 760
11.3 762
11.3167 764
11.3333 765
11.35 767
11.3667 769
11.3833 771
11.4 773
11.4167 775
11.4333 777
11.45 778
11.4667 780
11.4833 782
11.5 784
11.5167 785
11.5333 787
11.55 789
11.5667 790
11.5833 792
11.6 794
11.6167 795
11.6333 797
11.65 798
11.6667 800
11.6833 801
11.7 803
11.7167 804
11.7333 806
11.75 807
11.7667 809
11.7833 810
11.8 812
11.8167 813
11.8333 814
11.85 816
11.8667 817
11.8833 818
11.9 819
11.9167 821
11.9333 822
11.95 823
11.9667 824
11.9833 825
12.0 827
12.0167 828
12.0333 829
12.05 830
12.0667 831
12.0833 832
12.1 833
12.1167 834
12.1333 835
12.15 836
12.1667 837
12.1833 838
12.2 839
12.2167 840
12.2333 840
12.25 841
12.2667 842
12.2833 843
12.3 844
12.3167 844
12.3333 845
12.35 846
12.3667 847
12.3833 847
12.4 848
12.4167 849
12.4333 849
12.45 850
12.4667 850
12.4833 851
12.5 851
12.5167 852
12.5333 852
12.55 853
12.5667 853
12.5833 854
12.6 854
12.6167 855
12.6333 855
12.65 855
12.6667 856
12.6833 856
12.7 856
12.7167 856
12.7333 857
12.75 857
12.7667 857
12.7833 857
12.8 857
12.8167 858
12.8333 858
12.85 858
12.8667 858
12.8833 858
12.9 858
12.9167 858
12.9333 858
12.95 858
12.9667 858
12.9833 858
13.0 858
13.0167 858
13.0333 858
13.05 857
13.0667 857
13.0833 857
13.1 857
13.1167 857
13.1333 856
13.15 856
13.1667 856
13.1833 855
13.2 855
13.2167 855
13.2333 854
13.25 854
13.2667 853
13.2833 853
13.3 853
13.3167 852
13.3333 852
13.35 851
13.3667 851
13.3833 850
13.4 849
13.4167 849
13.4333 848
13.45 847
13.4667 847
13.4833 846
13.5 845
13.5167 845
13.5333 844
13.55 843
13.5667 842
13.5833 842
13.6 841
13.6167 840
13.6333 839
13.65 838
13.6667 837
13.6833 836
13.7 835
13.7167 834
13.7333 833
13.75 832
13.7667 831
13.7833 830
13.8 829
13.8167 828
13.8333 827
13.85 826
13.8667 825
13.8833 823
13.9 822
13.9167 821
13.9333 820
13.95 819
13.9667 817
13.9833 816
14.0 815
14.0167 813
14.0333 812
14.05 811
14.0667 809
14.0833 808
14.1 806
14.1167 805
14.1333 803
14.15 802
14.1667 800
14.1833 799
14.2 797
14.2167 796
14.2333 794
14.25 793
14.2667 791
14.2833 789
14.3 788
14.3167 786
14.3333 784
14.35 783
14.3667 781
14.3833 779
14.4 777
14.4167 775
14.4333 774
14.45 772
14.4667 770
14.4833 768
14.5 766
14.5167 764
14.5333 762
14.55 760
14.5667 758
14.5833 756
14.6 754
14.6167 752
14.6333 750
14.65 748
14.6667 746
14.6833 744
14.7 742
14.7167 740
14.7333 738
14.75 736
14.7667 733
14.7833 731
14.8 729
14.8167 727
14.8333 724
14.85 722
14.8667 720
14.8833 718
14.9 715
14.9167 713
14.9333 711
14.95 708
14.9667 706
14.9833 703
15.0 702
15.0167 699
15.0333 697
15.05 694
15.0667 692
15.0833 689
15.1 687
15.1167 684
15.1333 682
15.15 679
15.1667 677
15.1833 674
15.2 671
15.2167 669
15.2333 666
15.25 663
15.2667 661
15.2833 658
15.3 655
15.3167 652
15.3333 650
15.35 647
15.3667 644
15.3833 641
15.4 638
15.4167 636
15.4333 633
15.45 630
15.4667 627
15.4833 624
15.5 621
15.5167 618
15.5333 615
15.55 612
15.5667 609
15.5833 606
15.6 603
15.6167 600
15.6333 597
15.65 594
15.6667 591
15.6833 588
15.7 585
15.7167 582
15.7333 579
15.75 576
15.7667 572
15.7833 569
15.8 566
15.8167 563
15.8333 560
15.85 556
15.8667 553
15.8833 550
15.9 547
15.9167 543
15.9333 540
15.95 537
15.9667 534
15.9833 530
16.0 527
16.0167 524
16.0333 520
16.05 517
16.0667 513
16.0833 510
16.1 507
16.1167 503
16.1333 500
16.15 496
16.1667 493
16.1833 489
16.2 486
16.2167 482
16.2333 479
16.25 475
16.2667 472
16.2833 468
16.3 465
16.3167 461
16.3333 458
16.35 454
16.3667 451
16.3833 447
16.4 443
16.4167 440
16.4333 436
16.45 433
16.4667 429
16.4833 425
16.5 422
16.5167 418
16.5333 414
16.55 411
16.5667 407
16.5833 403
16.6 399
16.6167 396
16.6333 392
16.65 388
16.6667 385
16.6833 381
16.7 377
16.7167 373
16.7333 370
16.75 366
16.7667 362
16.7833 358
16.8 354
16.8167 351
16.8333 347
16.85 343
16.8667 339
16.8833 335
16.9 332
16.9167 328
16.9333 324
16.95 320
16.9667 316
16.9833 312
