8.0 221
8.0167 225
8.0333 229
8.05 233
8.0667 237
8.0833 241
8.1 245
8.1167 249
8.1333 253
8.15 257
8.1667 261
8.1833 265
8.2 270
8.2167 274
8.2333 278
8.25 282
8.2667 286
8.2833 290
8.3 294
8.3167 298
8.3333 302
8.35 306
8.3667 310
8.3833 314
8.4 318
8.4167 322
8.4333 326
8.45 330
8.4667 334
8.4833 338
8.5 342
8.5167 346
8.5333 350
8.55 354
8.5667 358
8.5833 362
8.6 366
8.6167 370
8.6333 374
8.65 378
8.6667 382
8.6833 386
8.7 390
8.7167 394
8.7333 398
8.75 402
8.7667 406
8.7833 410
8.8 414
8.8167 418
8.8333 422
8.85 426
8.8667 430
8.8833 434
8.9 437
8.9167 441
8.9333 445
8.95 449
8.9667 453
8.9833 457
9.0 461
9.0167 466
9.0333 470
9.05 473
9.0667 477
9.0833 481
9.1 485
9.1167 489
9.1333 492
9.15 496
9.1667 500
9.1833 504
9.2 508
9.2167 511
9.2333 515
9.25 519
9.2667 523
9.2833 526
9.3 530
9.3167 534
9.3333 537
9.35 541
9.3667 545
9.3833 548
9.4 552
9.4167 556
9.4333 559
9.45 563
9.4667 566
9.4833 570
9.5 574
9.5167 577
9.5333 581
9.55 584
9.5667 588
9.5833 591
9.6 595
9.6167 598
9.6333 602
9.65 605
9.6667 609
9.6833 612
9.7 615
9.7167 619
9.7333 622
9.75 626
9.7667 629
9.7833 632
9.8 636
9.8167 639
9.8333 642
9.85 646
9.8667 649
9.8833 652
9.9 655
9.9167 659
9.9333 662
9.95 665
9.9667 668
9.9833 672
10.0 675
10.0167 678
10.0333 681
10.05 684
10.0667 687
10.0833 690
10.1 694
10.1167 697
10.1333 700
10.15 703
10.1667 706
10.1833 709
10.2 712
10.2167 715
10.2333 718
10.25 721
10.2667 724
10.2833 727
10.3 729
10.3167 732
10.3333 735
10.35 738
10.3667 741
10.3833 744
10.4 747
10.4167 749
10.4333 752
10.45 755
10.4667 758
10.4833 760
10.5 763
10.5167 766
10.5333 768
10.55 771
10.5667 774
10.5833 776
10.6 779
10.6167 782
10.6333 784
10.65 787
10.6667 789
10.6833 792
10.7 794
10.7167 797
10.7333 799
10.75 802
10.7667 804
10.7833 807
10.8 809
10.8167 811
10.8333 814
10.85 816
10.8667 819
10.8833 821
10.9 823
10.9167 825
10.9333 828
10.95 830
10.9667 832
10.9833 834
11.0 837
11.0167 839
11.0333 841
11.05 843
11.0667 845
11.0833 847
11.1 849
11.1167 851
11.1333 853
11.15 856
11.1667 858
11.1833 860
11.2 861
11.2167 863
11.2333 865
11.25 867
11.2667 869
11.2833 871
11.3 873
11.3167 875
11.3333 877
11.35 878
11.3667 880
11.3833 882
11.4 884
11.4167 885
11.4333 887
11.45 889
11.4667 890
11.4833 892
11.5 894
11.5167 895
11.5333 897
11.55 898
11.5667 900
11.5833 902
11.6 903
11.6167 905
11.6333 906
11.65 907
11.6667 909
11.6833 910
11.7 912
11.7167 913
11.7333 914
11.75 916
11.7667 917
11.7833 918
11.8 920
11.8167 921
11.8333 922
11.85 923
11.8667 925
11.8833 926
11.9 927
11.9167 928
11.9333 929
11.95 930
11.9667 931
11.9833 932
12.0 933
12.0167 934
12.0333 935
12.05 936
12.0667 937
12.0833 938
12.1 939
12.1167 940
12.1333 941
12.15 942
12.1667 942
12.1833 943
12.2 944
12.2167 945
12.2333 946
12.25 946
12.2667 947
12.2833 948
12.3 948
12.3167 949
12.3333 949
12.35 950
12.3667 951
12.3833 951
12.4 952
12.4167 952
12.4333 953
12.45 953
12.4667 954
12.4833 954
12.5 955
12.5167 955
12.5333 955
12.55 956
12.5667 956
12.5833 956
12.6 957
12.6167 957
12.6333 957
12.65 957
12.6667 957
12.6833 958
12.7 958
12.7167 958
12.7333 958
12.75 958
12.7667 958
12.7833 958
12.8 958
12.8167 958
12.8333 958
12.85 958
12.8667 958
12.8833 958
12.9 958
12.9167 958
12.9333 958
12.95 958
12.9667 957
12.9833 957
13.0 957
13.0167 957
13.0333 956
13.05 956
13.0667 956
13.0833 956
13.1 955
13.1167 955
13.1333 954
13.15 954
13.1667 954
13.1833 953
13.2 953
13.2167 952
13.2333 952
13.25 951
13.2667 951
13.2833 950
13.3 949
13.3167 949
13.3333 948
13.35 947
13.3667 947
13.3833 946
13.4 945
13.4167 945
13.4333 944
13.45 943
13.4667 942
13.4833 941
13.5 941
13.5167 940
13.5333 939
13.55 938
13.5667 937
13.5833 936
13.6 935
13.6167 934
13.6333 933
13.65 932
13.6667 931
13.6833 930
13.7 929
13.7167 928
13.7333 927
13.75 925
13.7667 924
13.7833 923
13.8 922
13.8167 921
13.8333 919
13.85 918
13.8667 917
13.8833 915
13.9 914
13.9167 913
13.9333 911
13.95 910
13.9667 909
13.9833 907
14.0 906
14.0167 904
14.0333 903
14.05 901
14.0667 900
14.0833 898
14.1 897
14.1167 895
14.1333 893
14.15 892
14.1667 890
14.1833 888
14.2 887
14.2167 885
14.2333 883
14.25 882
14.2667 880
14.2833 878
14.3 876
14.3167 874
14.3333 873
14.35 871
14.3667 869
14.3833 867
14.4 865
14.4167 863
14.4333 861
14.45 859
14.4667 857
14.4833 855
14.5 853
14.5167 851
14.5333 849
14.55 847
14.5667 845
14.5833 843
14.6 841
14.6167 838
14.6333 836
14.65 834
14.6667 832
14.6833 830
14.7 827
14.7167 825
14.7333 823
14.75 820
14.7667 818
14.7833 816
14.8 813
14.8167 811
14.8333 809
14.85 806
14.8667 804
14.8833 801
14.9 799
14.9167 796
14.9333 794
14.95 791
14.9667 789
14.9833 786
15.0 784
15.0167 782
15.0333 779
15.05 777
15.0667 774
15.0833 771
15.1 769
15.1167 766
15.1333 763
15.15 760
15.1667 758
15.1833 755
15.2 752
15.2167 749
15.2333 747
15.25 744
15.2667 741
15.2833 738
15.3 735
15.3167 732
15.3333 729
15.35 727
15.3667 724
15.3833 721
15.4 718
15.4167 715
15.4333 712
15.45 709
15.4667 706
15.4833 703
15.5 700
15.5167 697
15.5333 694
15.55 690
15.5667 687
15.5833 684
15.6 681
15.6167 678
15.6333 675
15.65 672
15.6667 668
15.6833 665
15.7 662
15.7167 659
15.7333 655
15.75 652
15.7667 649
15.7833 646
15.8 642
15.8167 639
15.8333 636
15.85 632
15.8667 629
15.8833 626
15.9 622
15.9167 619
15.9333 615
15.95 612
15.9667 608
15.9833 605
16.0 602
16.0167 598
16.0333 595
16.05 591
16.0667 588
16.0833 584
16.1 580
16.1167 577
16.1333 573
16.15 570
16.1667 566
16.1833 563
16.2 559
16.2167 555
16.2333 552
16.25 548
16.2667 544
16.2833 541
16.3 537
16.3167 533
16.3333 530
16.35 526
16.3667 522
16.3833 519
16.4 515
16.4167 511
16.4333 507
16.45 504
16.4667 500
16.4833 496
16.5 492
16.5167 488
16.5333 485
16.55 481
16.5667 477
16.5833 473
16.6 469
16.6167 466
16.6333 462
16.65 458
16.6667 454
16.6833 450
16.7 446
16.7167 442
16.7333 438
16.75 434
16.7667 431
16.7833 427
16.8 423
16.8167 419
16.8333 415
16.85 411
16.8667 407
16.8833 403
16.9 399
16.9167 395
16.9333 391
16.95 387
16.9667 383
16.9833 379
