8.0 168
8.0167 172
8.0333 175
8.05 179
8.0667 183
8.0833 186
8.1 190
8.1167 194
8.1333 198
8.15 201
8.1667 205
8.1833 209
8.2 212
8.2167 216
8.2333 220
8.25 224
8.2667 227
8.2833 231
8.3 235
8.3167 239
8.3333 243
8.35 246
8.3667 250
8.3833 254
8.4 258
8.4167 262
8.4333 265
8.45 269
8.4667 273
8.4833 277
8.5 281
8.5167 285
8.5333 288
8.55 292
8.5667 296
8.5833 300
8.6 304
8.6167 308
8.6333 311
8.65 315
8.6667 319
8.6833 323
8.7 327
8.7167 331
8.7333 334
8.75 338
8.7667 342
8.7833 346
8.8 350
8.8167 353
8.8333 357
8.85 361
8.8667 365
8.8833 369
8.9 372
8.9167 376
8.9333 380
8.95 384
8.9667 388
8.9833 391
9.0 395
9.0167 400
9.0333 404
9.05 407
9.0667 411
9.0833 415
9.1 419
9.1167 422
9.1333 426
9.15 430
9.1667 433
9.1833 437
9.2 441
9.2167 445
9.2333 448
9.25 452
9.2667 455
9.2833 459
9.3 463
9.3167 466
9.3333 470
9.35 474
9.3667 477
9.3833 481
9.4 484
9.4167 488
9.4333 491
9.45 495
9.4667 499
9.4833 502
9.5 506
9.5167 509
9.5333 513
9.55 516
9.5667 520
9.5833 523
9.6 527
9.6167 530
9.6333 533
9.65 537
9.6667 540
9.6833 544
9.7 547
9.7167 550
9.7333 554
9.75 557
9.7667 560
9.7833 564
9.8 567
9.8167 570
9.8333 574
9.85 577
9.8667 580
9.8833 583
9.9 587
9.9167 590
9.9333 593
9.95 596
9.9667 600
9.9833 603
10.0 606
10.0167 609
10.0333 612
10.05 615
10.0667 618
10.0833 622
10.1 625
10.1167 628
10.1333 631
10.15 634
10.1667 637
10.1833 640
10.2 643
10.2167 646
10.2333 649
10.25 652
10.2667 655
10.2833 658
10.3 660
10.3167 663
10.3333 666
10.35 669
10.3667 672
10.3833 675
10.4 678
10.4167 680
10.4333 683
10.45 686
10.4667 689
10.4833 691
10.5 694
10.5167 697
10.5333 700
10.55 702
10.5667 705
10.5833 707
10.6 710
10.6167 713
10.6333 715
10.65 718
10.6667 720
10.6833 723
10.7 725
10.7167 728
10.7333 730
10.75 733
10.7667 735
10.7833 738
10.8 740
10.8167 743
10.8333 745
10.85 747
10.8667 750
10.8833 752
10.9 754
10.9167 757
10.9333 759
10.95 761
10.9667 764
10.9833 766
11.0 768
11.0167 770
11.0333 772
11.05 775
11.0667 777
11.0833 779
11.1 781
11.1167 783
11.1333 785
11.15 787
11.1667 789
11.1833 791
11.2 793
11.2167 795
11.2333 797
11.25 799
11.2667 801
11.2833 803
11.3 805
11.3167 807
11.3333 808
11.35 810
11.3667 812
11.3833 814
11.4 816
11.4167 817
11.4333 819
11.45 821
11.4667 823
11.4833 824
11.5 826
11.5167 828
11.5333 829
11.55 831
11.5667 832
11.5833 834
11.6 835
11.6167 837
11.6333 838
11.65 840
11.6667 841
11.6833 843
11.7 844
11.7167 846
11.7333 847
11.75 848
11.7667 850
11.7833 851
11.8 852
11.8167 854
11.8333 855
11.85 856
11.8667 857
11.8833 859
11.9 860
11.9167 861
11.9333 862
11.95 863
11.9667 864
11.9833 865
12.0 866
12.0167 868
12.0333 869
12.05 870
12.0667 871
12.0833 871
12.1 872
12.1167 873
12.1333 874
12.15 875
12.1667 876
12.1833 877
12.2 878
12.2167 878
12.2333 879
12.25 880
12.2667 881
12.2833 881
12.3 882
12.3167 883
12.3333 884
12.35 884
12.3667 885
12.3833 885
12.4 886
12.4167 886
12.4333 887
12.45 888
12.4667 888
12.4833 888
12.5 889
12.5167 889
12.5333 890
12.55 890
12.5667 891
12.5833 891
12.6 891
12.6167 892
12.6333 892
12.65 892
12.6667 892
12.6833 893
12.7 893
12.7167 893
12.7333 893
12.75 893
12.7667 893
12.7833 893
12.8 893
12.8167 894
12.8333 894
12.85 894
12.8667 894
12.8833 894
12.9 894
12.9167 893
12.9333 893
12.95 893
12.9667 893
12.9833 893
13.0 893
13.0167 893
13.0333 892
13.05 892
13.0667 892
13.0833 892
13.1 891
13.1167 891
13.1333 891
13.15 890
13.1667 890
13.1833 890
13.2 889
13.2167 889
13.2333 888
13.25 888
13.2667 887
13.2833 887
13.3 886
13.3167 886
13.3333 885
13.35 884
13.3667 884
13.3833 883
13.4 882
13.4167 882
13.4333 881
13.45 880
13.4667 880
13.4833 879
13.5 878
13.5167 877
13.5333 876
13.55 875
13.5667 875
13.5833 874
13.6 873
13.6167 872
13.6333 871
13.65 870
13.6667 869
13.6833 868
13.7 867
13.7167 866
13.7333 865
13.75 864
13.7667 862
13.7833 861
13.8 860
13.8167 859
13.8333 858
13.85 857
13.8667 855
13.8833 854
13.9 853
13.9167 852
13.9333 850
13.95 849
13.9667 847
13.9833 846
14.0 845
14.0167 843
14.0333 842
14.05 840
14.0667 839
14.0833 837
14.1 836
14.1167 834
14.1333 833
14.15 831
14.1667 830
14.1833 828
14.2 826
14.2167 825
14.2333 823
14.25 821
14.2667 820
14.2833 818
14.3 816
14.3167 814
14.3333 813
14.35 811
14.3667 809
14.3833 807
14.4 805
14.4167 803
14.4333 802
14.45 800
14.4667 798
14.4833 796
14.5 794
14.5167 792
14.5333 790
14.55 788
14.5667 786
14.5833 784
14.6 782
14.6167 779
14.6333 777
14.65 775
14.6667 773
14.6833 771
14.7 769
14.7167 767
14.7333 764
14.75 762
14.7667 760
14.7833 758
14.8 755
14.8167 753
14.8333 751
14.85 748
14.8667 746
14.8833 743
14.9 741
14.9167 739
14.9333 736
14.95 734
14.9667 731
14.9833 729
15.0 727
15.0167 725
15.0333 722
15.05 719
15.0667 717
15.0833 714
15.1 712
15.1167 709
15.1333 706
15.15 704
15.1667 701
15.1833 698
15.2 696
15.2167 693
15.2333 690
15.25 688
15.2667 685
15.2833 682
15.3 679
15.3167 676
15.3333 674
15.35 671
15.3667 668
15.3833 665
15.4 662
15.4167 659
15.4333 656
15.45 653
15.4667 650
15.4833 647
15.5 644
15.5167 641
15.5333 638
15.55 635
15.5667 632
15.5833 629
15.6 626
15.6167 623
15.6333 620
15.65 617
15.6667 614
15.6833 611
15.7 608
15.7167 604
15.7333 601
15.75 598
15.7667 595
15.7833 592
15.8 588
15.8167 585
15.8333 582
15.85 579
15.8667 575
15.8833 572
15.9 569
15.9167 566
15.9333 562
15.95 559
15.9667 556
15.9833 552
16.0 549
16.0167 545
16.0333 542
16.05 539
16.0667 535
16.0833 532
16.1 528
16.1167 525
16.1333 521
16.15 518
16.1667 514
16.1833 511
16.2 507
16.2167 504
16.2333 500
16.25 497
16.2667 493
16.2833 490
16.3 486
16.3167 483
16.3333 479
16.35 475
16.3667 472
16.3833 468
16.4 465
16.4167 461
16.4333 457
16.45 454
16.4667 450
16.4833 446
16.5 443
16.5167 439
16.5333 435
16.55 432
16.5667 428
16.5833 424
16.6 420
16.6167 417
16.6333 413
16.65 409
16.6667 406
16.6833 402
16.7 398
16.7167 394
16.7333 391
16.75 387
16.7667 383
16.7833 379
16.8 375
16.8167 372
16.8333 368
16.85 364
16.8667 360
16.8833 356
16.9 353
16.9167 349
16.9333 345
16.95 341
16.9667 337
16.9833 333
