8.0 164
8.0167 168
8.0333 171
8.05 175
8.0667 179
8.0833 182
8.1 186
8.1167 190
8.1333 193
8.15 197
8.1667 201
8.1833 204
8.2 208
8.2167 212
8.2333 215
8.25 219
8.2667 223
8.2833 227
8.3 231
8.3167 234
8.3333 238
8.35 242
8.3667 246
8.3833 249
8.4 253
8.4167 257
8.4333 261
8.45 265
8.4667 268
8.4833 272
8.5 276
8.5167 280
8.5333 284
8.55 288
8.5667 291
8.5833 295
8.6 299
8.6167 303
8.6333 307
8.65 311
8.6667 314
8.6833 318
8.7 322
8.7167 326
8.7333 330
8.75 333
8.7667 337
8.7833 341
8.8 345
8.8167 349
8.8333 352
8.85 356
8.8667 360
8.8833 364
8.9 368
8.9167 371
8.9333 375
8.95 379
8.9667 383
8.9833 386
9.0 390
9.0167 395
9.0333 399
9.05 403
9.0667 406
9.0833 410
9.1 414
9.1167 417
9.1333 421
9.15 425
9.1667 429
9.1833 432
9.2 436
9.2167 440
9.2333 443
9.25 447
9.2667 451
9.2833 454
9.3 458
9.3167 461
9.3333 465
9.35 469
9.3667 472
9.3833 476
9.4 479
9.4167 483
9.4333 487
9.45 490
9.4667 494
9.4833 497
9.5 501
9.5167 504
9.5333 508
9.55 511
9.5667 515
9.5833 518
9.6 522
9.6167 525
9.6333 528
9.65 532
9.6667 535
9.6833 539
9.7 542
9.7167 545
9.7333 549
9.75 552
9.7667 556
9.7833 559
9.8 562
9.8167 565
9.8333 569
9.85 572
9.8667 575
9.8833 579
9.9 582
9.9167 585
9.9333 588
9.95 591
9.9667 595
9.9833 598
10.0 601
10.0167 604
10.0333 607
10.05 610
10.0667 614
10.0833 617
10.1 620
10.1167 623
10.1333 626
10.15 629
10.1667 632
10.1833 635
10.2 638
10.2167 641
10.2333 644
10.25 647
10.2667 650
10.2833 653
10.3 656
10.3167 658
10.3333 661
10.35 664
10.3667 667
10.3833 670
10.4 673
10.4167 675
10.4333 678
10.45 681
10.4667 684
10.4833 687
10.5 689
10.5167 692
10.5333 695
10.55 697
10.5667 700
10.5833 703
10.6 705
10.6167 708
10.6333 710
10.65 713
10.6667 716
10.6833 718
10.7 721
10.7167 723
10.7333 726
10.75 728
10.7667 731
10.7833 733
10.8 735
10.8167 738
10.8333 740
10.85 743
10.8667 745
10.8833 747
10.9 750
10.9167 752
10.9333 754
10.95 757
10.9667 759
10.9833 761
11.0 763
11.0167 765
11.0333 768
11.05 770
11.0667 772
11.0833 774
11.1 776
11.1167 778
11.1333 780
11.15 782
11.1667 784
11.1833 786
11.2 788
11.2167 790
11.2333 792
11.25 794
11.2667 796
11.2833 798
11.3 800
11.3167 802
11.3333 804
11.35 806
11.3667 807
11.3833 809
11.4 811
11.4167 813
11.4333 814
11.45 816
11.4667 818
11.4833 820
11.5 821
11.5167 823
11.5333 825
11.55 826
11.5667 828
11.5833 829
11.6 831
11.6167 832
11.6333 834
11.65 835
11.6667 837
11.6833 838
11.7 840
11.7167 841
11.7333 842
11.75 844
11.7667 845
11.7833 847
11.8 848
11.8167 849
11.8333 850
11.85 852
11.8667 853
11.8833 854
11.9 855
11.9167 856
11.9333 858
11.95 859
11.9667 860
11.9833 861
12.0 862
12.0167 863
12.0333 864
12.05 865
12.0667 866
12.0833 867
12.1 868
12.1167 869
12.1333 870
12.15 871
12.1667 872
12.1833 872
12.2 873
12.2167 874
12.2333 875
12.25 876
12.2667 876
12.2833 877
12.3 878
12.3167 878
12.3333 879
12.35 880
12.3667 880
12.3833 881
12.4 882
12.4167 882
12.4333 883
12.45 883
12.4667 884
12.4833 884
12.5 885
12.5167 885
12.5333 885
12.55 886
12.5667 886
12.5833 887
12.6 887
12.6167 887
12.6333 888
12.65 888
12.6667 888
12.6833 888
12.7 888
12.7167 889
12.7333 889
12.75 889
12.7667 889
12.7833 889
12.8 889
12.8167 889
12.8333 889
12.85 889
12.8667 889
12.8833 889
12.9 889
12.9167 889
12.9333 889
12.95 889
12.9667 889
12.9833 889
13.0 889
13.0167 888
13.0333 888
13.05 888
13.0667 888
13.0833 887
13.1 887
13.1167 887
13.1333 887
13.15 886
13.1667 886
13.1833 885
13.2 885
13.2167 885
13.2333 884
13.25 884
13.2667 883
13.2833 883
13.3 882
13.3167 881
13.3333 881
13.35 880
13.3667 880
13.3833 879
13.4 878
13.4167 878
13.4333 877
13.45 876
13.4667 875
13.4833 875
13.5 874
13.5167 873
13.5333 872
13.55 871
13.5667 871
13.5833 870
13.6 869
13.6167 868
13.6333 867
13.65 866
13.6667 865
13.6833 864
13.7 863
13.7167 862
13.7333 861
13.75 860
13.7667 859
13.7833 857
13.8 856
13.8167 855
13.8333 854
13.85 853
13.8667 851
13.8833 850
13.9 849
13.9167 848
13.9333 846
13.95 845
13.9667 844
13.9833 842
14.0 841
14.0167 839
14.0333 838
14.05 837
14.0667 835
14.0833 834
14.1 832
14.1167 831
14.1333 829
14.15 827
14.1667 826
14.1833 824
14.2 823
14.2167 821
14.2333 819
14.25 818
14.2667 816
14.2833 814
14.3 813
14.3167 811
14.3333 809
14.35 807
14.3667 805
14.3833 804
14.4 802
14.4167 800
14.4333 798
14.45 796
14.4667 794
14.4833 792
14.5 790
14.5167 788
14.5333 786
14.55 784
14.5667 782
14.5833 780
14.6 778
14.6167 776
14.6333 774
14.65 772
14.6667 769
14.6833 767
14.7 765
14.7167 763
14.7333 761
14.75 758
14.7667 756
14.7833 754
14.8 752
14.8167 749
14.8333 747
14.85 745
14.8667 742
14.8833 740
14.9 738
14.9167 735
14.9333 733
14.95 730
14.9667 728
14.9833 725
15.0 724
15.0167 721
15.0333 719
15.05 716
15.0667 713
15.0833 711
15.1 708
15.1167 706
15.1333 703
15.15 700
15.1667 698
15.1833 695
15.2 692
15.2167 690
15.2333 687
15.25 684
15.2667 681
15.2833 679
15.3 676
15.3167 673
15.3333 670
15.35 667
15.3667 664
15.3833 662
15.4 659
15.4167 656
15.4333 653
15.45 650
15.4667 647
15.4833 644
15.5 641
15.5167 638
15.5333 635
15.55 632
15.5667 629
15.5833 626
15.6 623
15.6167 620
15.6333 617
15.65 614
15.6667 611
15.6833 608
15.7 604
15.7167 601
15.7333 598
15.75 595
15.7667 592
15.7833 588
15.8 585
15.8167 582
15.8333 579
15.85 576
15.8667 572
15.8833 569
15.9 566
15.9167 562
15.9333 559
15.95 556
15.9667 552
15.9833 549
16.0 546
16.0167 542
16.0333 539
16.05 535
16.0667 532
16.0833 529
16.1 525
16.1167 522
16.1333 518
16.15 515
16.1667 511
16.1833 508
16.2 504
16.2167 501
16.2333 497
16.25 494
16.2667 490
16.2833 487
16.3 483
16.3167 480
16.3333 476
16.35 472
16.3667 469
16.3833 465
16.4 462
16.4167 458
16.4333 454
16.45 451
16.4667 447
16.4833 443
16.5 440
16.5167 436
16.5333 432
16.55 429
16.5667 425
16.5833 421
16.6 418
16.6167 414
16.6333 410
16.65 406
16.6667 403
16.6833 399
16.7 395
16.7167 391
16.7333 388
16.75 384
16.7667 380
16.7833 376
16.8 373
16.8167 369
16.8333 365
16.85 361
16.8667 357
16.8833 354
16.9 350
16.9167 346
16.9333 342
16.95 338
16.9667 335
16.9833 331
