8.0 203
8.0167 207
8.0333 211
8.05 215
8.0667 219
8.0833 222
8.1 226
8.1167 230
8.1333 234
8.15 238
8.1667 241
8.1833 245
8.2 249
8.2167 253
8.2333 257
8.25 261
8.2667 265
8.2833 268
8.3 272
8.3167 276
8.3333 280
8.35 284
8.3667 288
8.3833 292
8.4 295
8.4167 299
8.4333 303
8.45 307
8.4667 311
8.4833 315
8.5 319
8.5167 323
8.5333 327
8.55 330
8.5667 334
8.5833 338
8.6 342
8.6167 346
8.6333 350
8.65 354
8.6667 358
8.6833 361
8.7 365
8.7167 369
8.7333 373
8.75 377
8.7667 381
8.7833 384
8.8 388
8.8167 392
8.8333 396
8.85 400
8.8667 404
8.8833 407
8.9 411
8.9167 415
8.9333 419
8.95 423
8.9667 426
8.9833 430
9.0 434
9.0167 439
9.0333 442
9.05 446
9.0667 450
9.0833 454
9.1 457
9.1167 461
9.1333 465
9.15 469
9.1667 472
9.1833 476
9.2 480
9.2167 483
9.2333 487
9.25 491
9.2667 494
9.2833 498
9.3 501
9.3167 505
9.3333 509
9.35 512
9.3667 516
9.3833 519
9.4 523
9.4167 527
9.4333 530
9.45 534
9.4667 537
9.4833 541
9.5 544
9.5167 548
9.5333 551
9.55 555
9.5667 558
9.5833 562
9.6 565
9.6167 568
9.6333 572
9.65 575
9.6667 579
9.6833 582
9.7 585
9.7167 589
9.7333 592
9.75 595
9.7667 599
9.7833 602
9.8 605
9.8167 609
9.8333 612
9.85 615
9.8667 618
9.8833 622
9.9 625
9.9167 628
9.9333 631
9.95 634
9.9667 637
9.9833 641
10.0 644
10.0167 647
10.0333 650
10.05 653
10.0667 656
10.0833 659
10.1 662
10.1167 665
10.1333 668
10.15 671
10.1667 674
10.1833 677
10.2 680
10.2167 683
10.2333 686
10.25 689
10.2667 692
10.2833 695
10.3 698
10.3167 700
10.3333 703
10.35 706
10.3667 709
10.3833 712
10.4 714
10.4167 717
10.4333 720
10.45 723
10.4667 725
10.4833 728
10.5 731
10.5167 733
10.5333 736
10.55 739
10.5667 741
10.5833 744
10.6 747
10.6167 749
10.6333 752
10.65 754
10.6667 757
10.6833 759
10.7 762
10.7167 764
10.7333 767
10.75 769
10.7667 771
10.7833 774
10.8 776
10.8167 779
10.8333 781
10.85 783
10.8667 786
10.8833 788
10.9 790
10.9167 792
10.9333 795
10.95 797
10.9667 799
10.9833 801
11.0 803
11.0167 806
11.0333 808
11.05 810
11.0667 812
11.0833 814
11.1 816
11.1167 818
11.1333 820
11.15 822
11.1667 824
11.1833 826
11.2 828
11.2167 830
11.2333 832
11.25 834
11.2667 836
11.2833 837
11.3 839
11.3167 841
11.3333 843
11.35 845
11.3667 846
11.3833 848
11.4 850
11.4167 852
11.4333 853
11.45 855
11.4667 857
11.4833 858
11.5 860
11.5167 861
11.5333 863
11.55 864
11.5667 866
11.5833 868
11.6 869
11.6167 870
11.6333 872
11.65 873
11.6667 875
11.6833 876
11.7 878
11.7167 879
11.7333 880
11.75 882
11.7667 883
11.7833 884
11.8 885
11.8167 887
11.8333 888
11.85 889
11.8667 890
11.8833 891
11.9 892
11.9167 894
11.9333 895
11.95 896
11.9667 897
11.9833 898
12.0 899
12.0167 900
12.0333 901
12.05 902
12.0667 903
12.0833 904
12.1 904
12.1167 905
12.1333 906
12.15 907
12.1667 908
12.1833 909
12.2 909
12.2167 910
12.2333 911
12.25 912
12.2667 912
12.2833 913
12.3 914
12.3167 914
12.3333 915
12.35 915
12.3667 916
12.3833 916
12.4 917
12.4167 918
12.4333 918
12.45 918
12.4667 919
12.4833 919
12.5 920
12.5167 920
12.5333 920
12.55 921
12.5667 921
12.5833 921
12.6 922
12.6167 922
12.6333 922
12.65 922
12.6667 923
12.6833 923
12.7 923
12.7167 923
12.7333 923
12.75 923
12.7667 923
12.7833 923
12.8 923
12.8167 923
12.8333 923
12.85 923
12.8667 923
12.8833 923
12.9 923
12.9167 923
12.9333 923
12.95 923
12.9667 922
12.9833 922
13.0 922
13.0167 922
13.0333 921
13.05 921
13.0667 921
13.0833 921
13.1 920
13.1167 920
13.1333 919
13.15 919
13.1667 919
13.1833 918
13.2 918
13.2167 917
13.2333 917
13.25 916
13.2667 916
13.2833 915
13.3 914
13.3167 914
13.3333 913
13.35 912
13.3667 912
13.3833 911
13.4 910
13.4167 910
13.4333 909
13.45 908
13.4667 907
13.4833 906
13.5 906
13.5167 905
13.5333 904
13.55 903
13.5667 902
13.5833 901
13.6 900
13.6167 899
13.6333 898
13.65 897
13.6667 896
13.6833 895
13.7 894
13.7167 893
13.7333 892
13.75 890
13.7667 889
13.7833 888
13.8 887
13.8167 886
13.8333 884
13.85 883
13.8667 882
13.8833 881
13.9 879
13.9167 878
13.9333 876
13.95 875
13.9667 874
13.9833 872
14.0 871
14.0167 869
14.0333 868
14.05 866
14.0667 865
14.0833 863
14.1 862
14.1167 860
14.1333 859
14.15 857
14.1667 855
14.1833 854
14.2 852
14.2167 850
14.2333 849
14.25 847
14.2667 845
14.2833 843
14.3 841
14.3167 840
14.3333 838
14.35 836
14.3667 834
14.3833 832
14.4 830
14.4167 828
14.4333 826
14.45 824
14.4667 822
14.4833 820
14.5 818
14.5167 816
14.5333 814
14.55 812
14.5667 810
14.5833 808
14.6 806
14.6167 804
14.6333 802
14.65 800
14.6667 797
14.6833 795
14.7 793
14.7167 791
14.7333 788
14.75 786
14.7667 784
14.7833 781
14.8 779
14.8167 777
14.8333 774
14.85 772
14.8667 770
14.8833 767
14.9 765
14.9167 762
14.9333 760
14.95 757
14.9667 755
14.9833 752
15.0 750
15.0167 748
15.0333 745
15.05 743
15.0667 740
15.0833 737
15.1 735
15.1167 732
15.1333 729
15.15 727
15.1667 724
15.1833 721
15.2 718
15.2167 716
15.2333 713
15.25 710
15.2667 707
15.2833 704
15.3 702
15.3167 699
15.3333 696
15.35 693
15.3667 690
15.3833 687
15.4 684
15.4167 681
15.4333 678
15.45 675
15.4667 672
15.4833 669
15.5 666
15.5167 663
15.5333 660
15.55 657
15.5667 654
15.5833 651
15.6 648
15.6167 645
15.6333 642
15.65 639
15.6667 636
15.6833 632
15.7 629
15.7167 626
15.7333 623
15.75 620
15.7667 616
15.7833 613
15.8 610
15.8167 607
15.8333 603
15.85 600
15.8667 597
15.8833 593
15.9 590
15.9167 587
15.9333 583
15.95 580
15.9667 576
15.9833 573
16.0 570
16.0167 566
16.0333 563
16.05 559
16.0667 556
16.0833 552
16.1 549
16.1167 545
16.1333 542
16.15 538
16.1667 535
16.1833 531
16.2 528
16.2167 524
16.2333 521
16.25 517
16.2667 514
16.2833 510
16.3 506
16.3167 503
16.3333 499
16.35 496
16.3667 492
16.3833 488
16.4 485
16.4167 481
16.4333 477
16.45 474
16.4667 470
16.4833 466
16.5 462
16.5167 459
16.5333 455
16.55 451
16.5667 448
16.5833 444
16.6 440
16.6167 436
16.6333 433
16.65 429
16.6667 425
16.6833 421
16.7 417
16.7167 414
16.7333 410
16.75 406
16.7667 402
16.7833 398
16.8 395
16.8167 391
16.8333 387
16.85 383
16.8667 379
16.8833 375
16.9 371
16.9167 368
16.9333 364
16.95 360
16.9667 356
16.9833 352
