8.0 262
8.0167 266
8.0333 270
8.05 274
8.0667 278
8.0833 282
8.1 286
8.1167 290
8.1333 294
8.15 298
8.1667 302
8.1833 307
8.2 311
8.2167 315
8.2333 319
8.25 323
8.2667 327
8.2833 331
8.3 335
8.3167 339
8.3333 343
8.35 347
8.3667 351
8.3833 355
8.4 359
8.4167 363
8.4333 368
8.45 372
8.4667 376
8.4833 380
8.5 384
8.5167 388
8.5333 392
8.55 396
8.5667 400
8.5833 404
8.6 408
8.6167 412
8.6333 416
8.65 420
8.6667 424
8.6833 428
8.7 432
8.7167 436
8.7333 440
8.75 444
8.7667 448
8.7833 452
8.8 456
8.8167 459
8.8333 463
8.85 467
8.8667 471
8.8833 475
8.9 479
8.9167 483
8.9333 487
8.95 491
8.9667 494
8.9833 498
9.0 502
9.0167 507
9.0333 511
9.05 515
9.0667 518
9.0833 522
9.1 526
9.1167 530
9.1333 534
9.15 537
9.1667 541
9.1833 545
9.2 549
9.2167 552
9.2333 556
9.25 560
9.2667 563
9.2833 567
9.3 571
9.3167 574
9.3333 578
9.35 582
9.3667 585
9.3833 589
9.4 593
9.4167 596
9.4333 600
9.45 603
9.4667 607
9.4833 610
9.5 614
9.5167 617
9.5333 621
9.55 624
9.5667 628
9.5833 631
9.6 635
9.6167 638
9.6333 642
9.65 645
9.6667 649
9.6833 652
9.7 655
9.7167 659
9.7333 662
9.75 665
9.7667 669
9.7833 672
9.8 675
9.8167 679
9.8333 682
9.85 685
9.8667 688
9.8833 692
9.9 695
9.9167 698
9.9333 701
9.95 704
9.9667 707
9.9833 711
10.0 714
10.0167 717
10.0333 720
10.05 723
10.0667 726
10.0833 729
10.1 732
10.1167 735
10.1333 738
10.15 741
10.1667 744
10.1833 747
10.2 750
10.2167 753
10.2333 756
10.25 759
10.2667 762
10.2833 765
10.3 768
10.3167 770
10.3333 773
10.35 776
10.3667 779
10.3833 782
10.4 784
10.4167 787
10.4333 790
10.45 792
10.4667 795
10.4833 798
10.5 801
10.5167 803
10.5333 806
10.55 808
10.5667 811
10.5833 814
10.6 816
10.6167 819
10.6333 821
10.65 824
10.6667 826
10.6833 829
10.7 831
10.7167 834
10.7333 836
10.75 838
10.7667 841
10.7833 843
10.8 845
10.8167 848
10.8333 850
10.85 852
10.8667 855
10.8833 857
10.9 859
10.9167 861
10.9333 864
10.95 866
10.9667 868
10.9833 870
11.0 872
11.0167 874
11.0333 876
11.05 879
11.0667 881
11.0833 883
11.1 885
11.1167 887
11.1333 889
11.15 891
11.1667 893
11.1833 895
11.2 896
11.2167 898
11.2333 900
11.25 902
11.2667 904
11.2833 906
11.3 908
11.3167 909
11.3333 911
11.35 913
11.3667 915
11.3833 916
11.4 918
11.4167 920
11.4333 921
11.45 923
11.4667 924
11.4833 926
11.5 928
11.5167 929
11.5333 931
11.55 932
11.5667 934
11.5833 935
11.6 937
11.6167 938
11.6333 939
11.65 941
11.6667 942
11.6833 944
11.7 945
11.7167 946
11.7333 947
11.75 949
11.7667 950
11.7833 951
11.8 952
11.8167 954
11.8333 955
11.85 956
11.8667 957
11.8833 958
11.9 959
11.9167 960
11.9333 961
11.95 962
11.9667 963
11.9833 964
12.0 965
12.0167 966
12.0333 967
12.05 968
12.0667 969
12.0833 970
12.1 971
12.1167 972
12.1333 972
12.15 973
12.1667 974
12.1833 975
12.2 975
12.2167 976
12.2333 977
12.25 977
12.2667 978
12.2833 979
12.3 979
12.3167 980
12.3333 980
12.35 981
12.3667 981
12.3833 982
12.4 982
12.4167 983
12.4333 983
12.45 984
12.4667 984
12.4833 984
12.5 985
12.5167 985
12.5333 985
12.55 986
12.5667 986
12.5833 986
12.6 986
12.6167 987
12.6333 987
12.65 987
12.6667 987
12.6833 987
12.7 987
12.7167 987
12.7333 988
12.75 988
12.7667 988
12.7833 988
12.8 988
12.8167 987
12.8333 987
12.85 987
12.8667 987
12.8833 987
12.9 987
12.9167 987
12.9333 987
12.95 986
12.9667 986
12.9833 986
13.0 986
13.0167 985
13.0333 985
13.05 985
13.0667 984
13.0833 984
13.1 983
13.1167 983
13.1333 983
13.15 982
13.1667 982
13.1833 981
13.2 981
13.2167 980
13.2333 980
13.25 979
13.2667 978
13.2833 978
13.3 977
13.3167 976
13.3333 976
13.35 975
13.3667 974
13.3833 973
13.4 973
13.4167 972
13.4333 971
13.45 970
13.4667 969
13.4833 969
13.5 968
13.5167 967
13.5333 966
13.55 965
13.5667 964
13.5833 963
13.6 962
13.6167 961
13.6333 960
13.65 959
13.6667 958
13.6833 956
13.7 955
13.7167 954
13.7333 953
13.75 952
13.7667 950
13.7833 949
13.8 948
13.8167 947
13.8333 945
13.85 944
13.8667 943
13.8833 941
13.9 940
13.9167 939
13.9333 937
13.95 936
13.9667 934
13.9833 933
14.0 931
14.0167 930
14.0333 928
14.05 927
14.0667 925
14.0833 924
14.1 922
14.1167 920
14.1333 919
14.15 917
14.1667 915
14.1833 914
14.2 912
14.2167 910
14.2333 908
14.25 906
14.2667 905
14.2833 903
14.3 901
14.3167 899
14.3333 897
14.35 895
14.3667 893
14.3833 891
14.4 889
14.4167 888
14.4333 886
14.45 884
14.4667 881
14.4833 879
14.5 877
14.5167 875
14.5333 873
14.55 871
14.5667 869
14.5833 867
14.6 865
14.6167 862
14.6333 860
14.65 858
14.6667 856
14.6833 853
14.7 851
14.7167 849
14.7333 846
14.75 844
14.7667 842
14.7833 839
14.8 837
14.8167 835
14.8333 832
14.85 830
14.8667 827
14.8833 825
14.9 822
14.9167 820
14.9333 817
14.95 815
14.9667 812
14.9833 809
15.0 807
15.0167 805
15.0333 802
15.05 799
15.0667 797
15.0833 794
15.1 791
15.1167 789
15.1333 786
15.15 783
15.1667 780
15.1833 778
15.2 775
15.2167 772
15.2333 769
15.25 766
15.2667 763
15.2833 761
15.3 758
15.3167 755
15.3333 752
15.35 749
15.3667 746
15.3833 743
15.4 740
15.4167 737
15.4333 734
15.45 731
15.4667 728
15.4833 725
15.5 722
15.5167 719
15.5333 715
15.55 712
15.5667 709
15.5833 706
15.6 703
15.6167 700
15.6333 697
15.65 693
15.6667 690
15.6833 687
15.7 684
15.7167 680
15.7333 677
15.75 674
15.7667 670
15.7833 667
15.8 664
15.8167 660
15.8333 657
15.85 654
15.8667 650
15.8833 647
15.9 643
15.9167 640
15.9333 637
15.95 633
15.9667 630
15.9833 626
16.0 623
16.0167 619
16.0333 616
16.05 612
16.0667 609
16.0833 605
16.1 602
16.1167 598
16.1333 594
16.15 591
16.1667 587
16.1833 584
16.2 580
16.2167 576
16.2333 573
16.25 569
16.2667 565
16.2833 562
16.3 558
16.3167 554
16.3333 551
16.35 547
16.3667 543
16.3833 539
16.4 536
16.4167 532
16.4333 528
16.45 524
16.4667 520
16.4833 517
16.5 513
16.5167 509
16.5333 505
16.55 501
16.5667 497
16.5833 494
16.6 490
16.6167 486
16.6333 482
16.65 478
16.6667 474
16.6833 470
16.7 466
16.7167 462
16.7333 459
16.75 455
16.7667 451
16.7833 447
16.8 443
16.8167 439
16.8333 435
16.85 431
16.8667 427
16.8833 423
16.9 419
16.9167 415
16.9333 411
16.95 407
16.9667 403
16.9833 399
