8.0 241
8.0167 245
8.0333 248
8.05 252
8.0667 256
8.0833 260
8.1 264
8.1167 268
8.1333 272
8.15 276
8.1667 280
8.1833 284
8.2 288
8.2167 292
8.2333 296
8.25 300
8.2667 304
8.2833 308
8.3 312
8.3167 316
8.3333 320
8.35 324
8.3667 328
8.3833 332
8.4 336
8.4167 340
8.4333 344
8.45 348
8.4667 352
8.4833 356
8.5 360
8.5167 364
8.5333 368
8.55 372
8.5667 376
8.5833 380
8.6 384
8.6167 388
8.6333 392
8.65 396
8.6667 400
8.6833 404
8.7 408
8.7167 412
8.7333 415
8.75 419
8.7667 423
8.7833 427
8.8 431
8.8167 435
8.8333 439
8.85 443
8.8667 447
8.8833 450
8.9 454
8.9167 458
8.9333 462
8.95 466
8.9667 470
8.9833 473
9.0 477
9.0167 482
9.0333 486
9.05 490
9.0667 493
9.0833 497
9.1 501
9.1167 505
9.1333 508
9.15 512
9.1667 516
9.1833 520
9.2 523
9.2167 527
9.2333 531
9.25 534
9.2667 538
9.2833 542
9.3 545
9.3167 549
9.3333 553
9.35 556
9.3667 560
9.3833 563
9.4 567
9.4167 571
9.4333 574
9.45 578
9.4667 581
9.4833 585
9.5 588
9.5167 592
9.5333 595
9.55 599
9.5667 602
9.5833 606
9.6 609
9.6167 613
9.6333 616
9.65 619
9.6667 623
9.6833 626
9.7 630
9.7167 633
9.7333 636
9.75 640
9.7667 643
9.7833 646
9.8 650
9.8167 653
9.8333 656
9.85 659
9.8667 663
9.8833 666
9.9 669
9.9167 672
9.9333 675
9.95 679
9.9667 682
9.9833 685
10.0 688
10.0167 691
10.0333 694
10.05 697
10.0667 700
10.0833 703
10.1 706
10.1167 709
10.1333 712
10.15 715
10.1667 718
10.1833 721
10.2 724
10.2167 727
10.2333 730
10.25 733
10.2667 736
10.2833 739
10.3 742
10.3167 745
10.3333 747
10.35 750
10.3667 753
10.3833 756
10.4 758
10.4167 761
10.4333 764
10.45 767
10.4667 769
10.4833 772
10.5 775
10.5167 777
10.5333 780
10.55 783
10.5667 785
10.5833 788
10.6 790
10.6167 793
10.6333 795
10.65 798
10.6667 800
10.6833 803
10.7 805
10.7167 808
10.7333 810
10.75 813
10.7667 815
10.7833 817
10.8 820
10.8167 822
10.8333 824
10.85 827
10.8667 829
10.8833 831
10.9 833
10.9167 836
10.9333 838
10.95 840
10.9667 842
10.9833 844
11.0 847
11.0167 849
11.0333 851
11.05 853
11.0667 855
11.0833 857
11.1 859
11.1167 861
11.1333 863
11.15 865
11.1667 867
11.1833 869
11.2 871
11.2167 873
11.2333 875
11.25 876
11.2667 878
11.2833 880
11.3 882
11.3167 884
11.3333 885
11.35 887
11.3667 889
11.3833 891
11.4 892
11.4167 894
11.4333 896
11.45 897
11.4667 899
11.4833 901
11.5 902
11.5167 904
11.5333 905
11.55 907
11.5667 908
11.5833 910
11.6 911
11.6167 913
11.6333 914
11.65 915
11.6667 917
11.6833 918
11.7 919
11.7167 921
11.7333 922
11.75 923
11.7667 925
11.7833 926
11.8 927
11.8167 928
11.8333 929
11.85 931
11.8667 932
11.8833 933
11.9 934
11.9167 935
11.9333 936
11.95 937
11.9667 938
11.9833 939
12.0 940
12.0167 941
12.0333 942
12.05 943
12.0667 944
12.0833 945
12.1 946
12.1167 946
12.1333 947
12.15 948
12.1667 949
12.1833 950
12.2 950
12.2167 951
12.2333 952
12.25 952
12.2667 953
12.2833 954
12.3 954
12.3167 955
12.3333 955
12.35 956
12.3667 956
12.3833 957
12.4 957
12.4167 958
12.4333 958
12.45 959
12.4667 959
12.4833 960
12.5 960
12.5167 960
12.5333 961
12.55 961
12.5667 961
12.5833 961
12.6 962
12.6167 962
12.6333 962
12.65 962
12.6667 962
12.6833 963
12.7 963
12.7167 963
12.7333 963
12.75 963
12.7667 963
12.7833 963
12.8 963
12.8167 963
12.8333 963
12.85 963
12.8667 963
12.8833 962
12.9 962
12.9167 962
12.9333 962
12.95 962
12.9667 962
12.9833 961
13.0 961
13.0167 961
13.0333 960
13.05 960
13.0667 960
13.0833 959
13.1 959
13.1167 959
13.1333 958
13.15 958
13.1667 957
13.1833 957
13.2 956
13.2167 956
13.2333 955
13.25 955
13.2667 954
13.2833 953
13.3 953
13.3167 952
13.3333 951
13.35 951
13.3667 950
13.3833 949
13.4 949
13.4167 948
13.4333 947
13.45 946
13.4667 945
13.4833 944
13.5 944
13.5167 943
13.5333 942
13.55 941
13.5667 940
13.5833 939
13.6 938
13.6167 937
13.6333 936
13.65 935
13.6667 934
13.6833 932
13.7 931
13.7167 930
13.7333 929
13.75 928
13.7667 927
13.7833 925
13.8 924
13.8167 923
13.8333 922
13.85 920
13.8667 919
13.8833 918
13.9 916
13.9167 915
13.9333 913
13.95 912
13.9667 911
13.9833 909
14.0 908
14.0167 906
14.0333 905
14.05 903
14.0667 901
14.0833 900
14.1 898
14.1167 897
14.1333 895
14.15 893
14.1667 892
14.1833 890
14.2 888
14.2167 887
14.2333 885
14.25 883
14.2667 881
14.2833 879
14.3 878
14.3167 876
14.3333 874
14.35 872
14.3667 870
14.3833 868
14.4 866
14.4167 864
14.4333 862
14.45 860
14.4667 858
14.4833 856
14.5 854
14.5167 852
14.5333 850
14.55 848
14.5667 846
14.5833 844
14.6 841
14.6167 839
14.6333 837
14.65 835
14.6667 833
14.6833 830
14.7 828
14.7167 826
14.7333 823
14.75 821
14.7667 819
14.7833 816
14.8 814
14.8167 812
14.8333 809
14.85 807
14.8667 804
14.8833 802
14.9 799
14.9167 797
14.9333 794
14.95 792
14.9667 789
14.9833 787
15.0 785
15.0167 782
15.0333 779
15.05 777
15.0667 774
15.0833 771
15.1 769
15.1167 766
15.1333 763
15.15 761
15.1667 758
15.1833 755
15.2 752
15.2167 750
15.2333 747
15.25 744
15.2667 741
15.2833 738
15.3 735
15.3167 732
15.3333 730
15.35 727
15.3667 724
15.3833 721
15.4 718
15.4167 715
15.4333 712
15.45 709
15.4667 706
15.4833 703
15.5 700
15.5167 697
15.5333 693
15.55 690
15.5667 687
15.5833 684
15.6 681
15.6167 678
15.6333 675
15.65 671
15.6667 668
15.6833 665
15.7 662
15.7167 659
15.7333 655
15.75 652
15.7667 649
15.7833 645
15.8 642
15.8167 639
15.8333 635
15.85 632
15.8667 629
15.8833 625
15.9 622
15.9167 619
15.9333 615
15.95 612
15.9667 608
15.9833 605
16.0 601
16.0167 598
16.0333 594
16.05 591
16.0667 587
16.0833 584
16.1 580
16.1167 577
16.1333 573
16.15 570
16.1667 566
16.1833 563
16.2 559
16.2167 555
16.2333 552
16.25 548
16.2667 544
16.2833 541
16.3 537
16.3167 533
16.3333 530
16.35 526
16.3667 522
16.3833 519
16.4 515
16.4167 511
16.4333 508
16.45 504
16.4667 500
16.4833 496
16.5 492
16.5167 489
16.5333 485
16.55 481
16.5667 477
16.5833 473
16.6 470
16.6167 466
16.6333 462
16.65 458
16.6667 454
16.6833 450
16.7 447
16.7167 443
16.7333 439
16.75 435
16.7667 431
16.7833 427
16.8 423
16.8167 419
16.8333 415
16.85 411
16.8667 408
16.8833 404
16.9 400
16.9167 396
16.9333 392
16.95 388
16.9667 384
16.9833 380
