8.0 239
8.0167 243
8.0333 247
8.05 251
8.0667 255
8.0833 259
8.1 263
8.1167 266
8.1333 270
8.15 274
8.1667 278
8.1833 282
8.2 286
8.2167 290
8.2333 294
8.25 298
8.2667 302
8.2833 305
8.3 309
8.3167 313
8.3333 317
8.35 321
8.3667 325
8.3833 329
8.4 333
8.4167 337
8.4333 341
8.45 345
8.4667 348
8.4833 352
8.5 356
8.5167 360
8.5333 364
8.55 368
8.5667 372
8.5833 376
8.6 380
8.6167 383
8.6333 387
8.65 391
8.6667 395
8.6833 399
8.7 403
8.7167 407
8.7333 410
8.75 414
8.7667 418
8.7833 422
8.8 426
8.8167 430
8.8333 433
8.85 437
8.8667 441
8.8833 445
8.9 449
8.9167 452
8.9333 456
8.95 460
8.9667 464
8.9833 468
9.0 471
9.0167 476
9.0333 480
9.05 483
9.0667 487
9.0833 491
9.1 495
9.1167 498
9.1333 502
9.15 506
9.1667 509
9.1833 513
9.2 517
9.2167 520
9.2333 524
9.25 528
9.2667 531
9.2833 535
9.3 538
9.3167 542
9.3333 545
9.35 549
9.3667 553
9.3833 556
9.4 560
9.4167 563
9.4333 567
9.45 570
9.4667 574
9.4833 577
9.5 581
9.5167 584
9.5333 588
9.55 591
9.5667 594
9.5833 598
9.6 601
9.6167 605
9.6333 608
9.65 611
9.6667 615
9.6833 618
9.7 621
9.7167 625
9.7333 628
9.75 631
9.7667 634
9.7833 638
9.8 641
9.8167 644
9.8333 647
9.85 651
9.8667 654
9.8833 657
9.9 660
9.9167 663
9.9333 666
9.95 670
9.9667 673
9.9833 676
10.0 679
10.0167 682
10.0333 685
10.05 688
10.0667 691
10.0833 694
10.1 697
10.1167 700
10.1333 703
10.15 706
10.1667 709
10.1833 712
10.2 715
10.2167 718
10.2333 720
10.25 723
10.2667 726
10.2833 729
10.3 732
10.3167 735
10.3333 737
10.35 740
10.3667 743
10.3833 746
10.4 748
10.4167 751
10.4333 754
10.45 756
10.4667 759
10.4833 762
10.5 764
10.5167 767
10.5333 770
10.55 772
10.5667 775
10.5833 777
10.6 780
10.6167 782
10.6333 785
10.65 787
10.6667 790
10.6833 792
10.7 795
10.7167 797
10.7333 799
10.75 802
10.7667 804
10.7833 806
10.8 809
10.8167 811
10.8333 813
10.85 816
10.8667 818
10.8833 820
10.9 822
10.9167 824
10.9333 827
10.95 829
10.9667 831
10.9833 833
11.0 835
11.0167 837
11.0333 839
11.05 841
11.0667 843
11.0833 845
11.1 847
11.1167 849
11.1333 851
11.15 853
11.1667 855
11.1833 857
11.2 859
11.2167 861
11.2333 863
11.25 865
11.2667 866
11.2833 868
11.3 870
11.3167 872
11.3333 873
11.35 875
11.3667 877
11.3833 879
11.4 880
11.4167 882
11.4333 883
11.45 885
11.4667 887
11.4833 888
11.5 890
11.5167 891
11.5333 893
11.55 894
11.5667 896
11.5833 897
11.6 899
11.6167 900
11.6333 901
11.65 903
11.6667 904
11.6833 905
11.7 907
11.7167 908
11.7333 909
11.75 911
11.7667 912
11.7833 913
11.8 914
11.8167 915
11.8333 917
11.85 918
11.8667 919
11.8833 920
11.9 921
11.9167 922
11.9333 923
11.95 924
11.9667 925
11.9833 926
12.0 927
12.0167 928
12.0333 929
12.05 930
12.0667 931
12.0833 931
12.1 932
12.1167 933
12.1333 934
12.15 935
12.1667 935
12.1833 936
12.2 937
12.2167 938
12.2333 938
12.25 939
12.2667 939
12.2833 940
12.3 941
12.3167 941
12.3333 942
12.35 942
12.3667 943
12.3833 943
12.4 944
12.4167 944
12.4333 945
12.45 945
12.4667 945
12.4833 946
12.5 946
12.5167 946
12.5333 947
12.55 947
12.5667 947
12.5833 947
12.6 948
12.6167 948
12.6333 948
12.65 948
12.6667 948
12.6833 948
12.7 949
12.7167 949
12.7333 949
12.75 949
12.7667 949
12.7833 949
12.8 949
12.8167 949
12.8333 949
12.85 948
12.8667 948
12.8833 948
12.9 948
12.9167 948
12.9333 948
12.95 947
12.9667 947
12.9833 947
13.0 947
13.0167 946
13.0333 946
13.05 946
13.0667 945
13.0833 945
13.1 945
13.1167 944
13.1333 944
13.15 943
13.1667 943
13.1833 942
13.2 942
13.2167 941
13.2333 941
13.25 940
13.2667 939
13.2833 939
13.3 938
13.3167 937
13.3333 937
13.35 936
13.3667 935
13.3833 935
13.4 934
13.4167 933
13.4333 932
13.45 931
13.4667 930
13.4833 930
13.5 929
13.5167 928
13.5333 927
13.55 926
13.5667 925
13.5833 924
13.6 923
13.6167 922
13.6333 921
13.65 920
13.6667 919
13.6833 917
13.7 916
13.7167 915
13.7333 914
13.75 913
13.7667 912
13.7833 910
13.8 909
13.8167 908
13.8333 907
13.85 905
13.8667 904
13.8833 903
13.9 901
13.9167 900
13.9333 898
13.95 897
13.9667 895
13.9833 894
14.0 892
14.0167 891
14.0333 889
14.05 888
14.0667 886
14.0833 885
14.1 883
14.1167 881
14.1333 880
14.15 878
14.1667 876
14.1833 875
14.2 873
14.2167 871
14.2333 870
14.25 868
14.2667 866
14.2833 864
14.3 862
14.3167 860
14.3333 859
14.35 857
14.3667 855
14.3833 853
14.4 851
14.4167 849
14.4333 847
14.45 845
14.4667 843
14.4833 841
14.5 839
14.5167 837
14.5333 835
14.55 833
14.5667 830
14.5833 828
14.6 826
14.6167 824
14.6333 822
14.65 820
14.6667 817
14.6833 815
14.7 813
14.7167 811
14.7333 808
14.75 806
14.7667 804
14.7833 801
14.8 799
14.8167 796
14.8333 794
14.85 792
14.8667 789
14.8833 787
14.9 784
14.9167 782
14.9333 779
14.95 777
14.9667 774
14.9833 772
15.0 769
15.0167 767
15.0333 764
15.05 762
15.0667 759
15.0833 756
15.1 754
15.1167 751
15.1333 748
15.15 746
15.1667 743
15.1833 740
15.2 737
15.2167 734
15.2333 732
15.25 729
15.2667 726
15.2833 723
15.3 720
15.3167 717
15.3333 715
15.35 712
15.3667 709
15.3833 706
15.4 703
15.4167 700
15.4333 697
15.45 694
15.4667 691
15.4833 688
15.5 685
15.5167 682
15.5333 679
15.55 676
15.5667 672
15.5833 669
15.6 666
15.6167 663
15.6333 660
15.65 657
15.6667 654
15.6833 650
15.7 647
15.7167 644
15.7333 641
15.75 637
15.7667 634
15.7833 631
15.8 628
15.8167 624
15.8333 621
15.85 618
15.8667 614
15.8833 611
15.9 608
15.9167 604
15.9333 601
15.95 598
15.9667 594
15.9833 591
16.0 587
16.0167 584
16.0333 580
16.05 577
16.0667 573
16.0833 570
16.1 566
16.1167 563
16.1333 559
16.15 556
16.1667 552
16.1833 549
16.2 545
16.2167 542
16.2333 538
16.25 534
16.2667 531
16.2833 527
16.3 524
16.3167 520
16.3333 516
16.35 513
16.3667 509
16.3833 505
16.4 502
16.4167 498
16.4333 494
16.45 491
16.4667 487
16.4833 483
16.5 479
16.5167 476
16.5333 472
16.55 468
16.5667 464
16.5833 461
16.6 457
16.6167 453
16.6333 449
16.65 446
16.6667 442
16.6833 438
16.7 434
16.7167 430
16.7333 427
16.75 423
16.7667 419
16.7833 415
16.8 411
16.8167 407
16.8333 403
16.85 400
16.8667 396
16.8833 392
16.9 388
16.9167 384
16.9333 380
16.95 376
16.9667 372
16.9833 369
