8.0 177
8.0167 180
8.0333 184
8.05 187
8.0667 191
8.0833 194
8.1 198
8.1167 201
8.1333 205
8.15 208
8.1667 212
8.1833 215
8.2 219
8.2167 223
8.2333 226
8.25 230
8.2667 233
8.2833 237
8.3 241
8.3167 244
8.3333 248
8.35 252
8.3667 255
8.3833 259
8.4 263
8.4167 266
8.4333 270
8.45 274
8.4667 277
8.4833 281
8.5 285
8.5167 288
8.5333 292
8.55 296
8.5667 299
8.5833 303
8.6 307
8.6167 311
8.6333 314
8.65 318
8.6667 322
8.6833 325
8.7 329
8.7167 333
8.7333 336
8.75 340
8.7667 344
8.7833 347
8.8 351
8.8167 355
8.8333 358
8.85 362
8.8667 366
8.8833 369
8.9 373
8.9167 377
8.9333 380
8.95 384
8.9667 388
8.9833 391
9.0 395
9.0167 400
9.0333 403
9.05 407
9.0667 411
9.0833 414
9.1 418
9.1167 421
9.1333 425
9.15 429
9.1667 432
9.1833 436
9.2 439
9.2167 443
9.2333 446
9.25 450
9.2667 454
9.2833 457
9.3 461
9.3167 464
9.3333 468
9.35 471
9.3667 475
9.3833 478
9.4 482
9.4167 485
9.4333 488
9.45 492
9.4667 495
9.4833 499
9.5 502
9.5167 506
9.5333 509
9.55 512
9.5667 516
9.5833 519
9.6 523
9.6167 526
9.6333 529
9.65 533
9.6667 536
9.6833 539
9.7 542
9.7167 546
9.7333 549
9.75 552
9.7667 556
9.7833 559
9.8 562
9.8167 565
9.8333 568
9.85 572
9.8667 575
9.8833 578
9.9 581
9.9167 584
9.9333 587
9.95 590
9.9667 594
9.9833 597
10.0 600
10.0167 603
10.0333 606
10.05 609
10.0667 612
10.0833 615
10.1 618
10.1167 621
10.1333 624
10.15 627
10.1667 630
10.1833 633
10.2 636
10.2167 638
10.2333 641
10.25 644
10.2667 647
10.2833 650
10.3 653
10.3167 656
10.3333 658
10.35 661
10.3667 664
10.3833 667
10.4 669
10.4167 672
10.4333 675
10.45 678
10.4667 680
10.4833 683
10.5 685
10.5167 688
10.5333 691
10.55 693
10.5667 696
10.5833 698
10.6 701
10.6167 704
10.6333 706
10.65 709
10.6667 711
10.6833 714
10.7 716
10.7167 718
10.7333 721
10.75 723
10.7667 726
10.7833 728
10.8 730
10.8167 733
10.8333 735
10.85 737
10.8667 740
10.8833 742
10.9 744
10.9167 746
10.9333 749
10.95 751
10.9667 753
10.9833 755
11.0 757
11.0167 759
11.0333 761
11.05 764
11.0667 766
11.0833 768
11.1 770
11.1167 772
11.1333 774
11.15 776
11.1667 778
11.1833 780
11.2 782
11.2167 784
11.2333 785
11.25 787
11.2667 789
11.2833 791
11.3 793
11.3167 795
11.3333 796
11.35 798
11.3667 800
11.3833 802
11.4 803
11.4167 805
11.4333 807
11.45 808
11.4667 810
11.4833 812
11.5 813
11.5167 815
11.5333 816
11.55 818
11.5667 819
11.5833 821
11.6 822
11.6167 824
11.6333 825
11.65 827
11.6667 828
11.6833 830
11.7 831
11.7167 832
11.7333 834
11.75 835
11.7667 836
11.7833 837
11.8 839
11.8167 840
11.8333 841
11.85 842
11.8667 843
11.8833 845
11.9 846
11.9167 847
11.9333 848
11.95 849
11.9667 850
11.9833 851
12.0 852
12.0167 853
12.0333 854
12.05 855
12.0667 856
12.0833 857
12.1 858
12.1167 859
12.1333 860
12.15 860
12.1667 861
12.1833 862
12.2 863
12.2167 863
12.2333 864
12.25 865
12.2667 866
12.2833 866
12.3 867
12.3167 868
12.3333 868
12.35 869
12.3667 869
12.3833 870
12.4 870
12.4167 871
12.4333 871
12.45 872
12.4667 872
12.4833 873
12.5 873
12.5167 874
12.5333 874
12.55 874
12.5667 875
12.5833 875
12.6 875
12.6167 875
12.6333 876
12.65 876
12.6667 876
12.6833 876
12.7 876
12.7167 877
12.7333 877
12.75 877
12.7667 877
12.7833 877
12.8 877
12.8167 877
12.8333 877
12.85 877
12.8667 877
12.8833 877
12.9 877
12.9167 877
12.9333 876
12.95 876
12.9667 876
12.9833 876
13.0 876
13.0167 875
13.0333 875
13.05 875
13.0667 875
13.0833 874
13.1 874
13.1167 874
13.1333 873
13.15 873
13.1667 872
13.1833 872
13.2 872
13.2167 871
13.2333 871
13.25 870
13.2667 870
13.2833 869
13.3 868
13.3167 868
13.3333 867
13.35 867
13.3667 866
13.3833 865
13.4 864
13.4167 864
13.4333 863
13.45 862
13.4667 861
13.4833 861
13.5 860
13.5167 859
13.5333 858
13.55 857
13.5667 856
13.5833 855
13.6 854
13.6167 854
13.6333 853
13.65 852
13.6667 851
13.6833 849
13.7 848
13.7167 847
13.7333 846
13.75 845
13.7667 844
13.7833 843
13.8 842
13.8167 840
13.8333 839
13.85 838
13.8667 837
13.8833 835
13.9 834
13.9167 833
13.9333 831
13.95 830
13.9667 829
13.9833 827
14.0 826
14.0167 824
14.0333 823
14.05 822
14.0667 820
14.0833 819
14.1 817
14.1167 815
14.1333 814
14.15 812
14.1667 811
14.1833 809
14.2 807
14.2167 806
14.2333 804
14.25 802
14.2667 801
14.2833 799
14.3 797
14.3167 795
14.3333 794
14.35 792
14.3667 790
14.3833 788
14.4 786
14.4167 784
14.4333 782
14.45 780
14.4667 778
14.4833 777
14.5 775
14.5167 773
14.5333 771
14.55 769
14.5667 766
14.5833 764
14.6 762
14.6167 760
14.6333 758
14.65 756
14.6667 754
14.6833 752
14.7 749
14.7167 747
14.7333 745
14.75 743
14.7667 740
14.7833 738
14.8 736
14.8167 734
14.8333 731
14.85 729
14.8667 727
14.8833 724
14.9 722
14.9167 719
14.9333 717
14.95 715
14.9667 712
14.9833 710
15.0 708
15.0167 705
15.0333 703
15.05 700
15.0667 698
15.0833 695
15.1 692
15.1167 690
15.1333 687
15.15 684
15.1667 682
15.1833 679
15.2 676
15.2167 674
15.2333 671
15.25 668
15.2667 666
15.2833 663
15.3 660
15.3167 657
15.3333 654
15.35 652
15.3667 649
15.3833 646
15.4 643
15.4167 640
15.4333 637
15.45 634
15.4667 631
15.4833 629
15.5 626
15.5167 623
15.5333 620
15.55 617
15.5667 614
15.5833 611
15.6 608
15.6167 605
15.6333 601
15.65 598
15.6667 595
15.6833 592
15.7 589
15.7167 586
15.7333 583
15.75 580
15.7667 577
15.7833 573
15.8 570
15.8167 567
15.8333 564
15.85 561
15.8667 557
15.8833 554
15.9 551
15.9167 548
15.9333 544
15.95 541
15.9667 538
15.9833 534
16.0 531
16.0167 528
16.0333 524
16.05 521
16.0667 518
16.0833 514
16.1 511
16.1167 508
16.1333 504
16.15 501
16.1667 497
16.1833 494
16.2 490
16.2167 487
16.2333 483
16.25 480
16.2667 477
16.2833 473
16.3 470
16.3167 466
16.3333 463
16.35 459
16.3667 455
16.3833 452
16.4 448
16.4167 445
16.4333 441
16.45 438
16.4667 434
16.4833 431
16.5 427
16.5167 423
16.5333 420
16.55 416
16.5667 413
16.5833 409
16.6 405
16.6167 402
16.6333 398
16.65 394
16.6667 391
16.6833 387
16.7 383
16.7167 380
16.7333 376
16.75 372
16.7667 369
16.7833 365
16.8 361
16.8167 358
16.8333 354
16.85 350
16.8667 347
16.8833 343
16.9 339
16.9167 336
16.9333 332
16.95 328
16.9667 325
16.9833 321
