8.0 248
8.0167 252
8.0333 256
8.05 260
8.0667 263
8.0833 267
8.1 271
8.1167 275
8.1333 279
8.15 283
8.1667 287
8.1833 291
8.2 295
8.2167 299
8.2333 303
8.25 307
8.2667 311
8.2833 315
8.3 319
8.3167 322
8.3333 326
8.35 330
8.3667 334
8.3833 338
8.4 342
8.4167 346
8.4333 350
8.45 354
8.4667 358
8.4833 362
8.5 366
8.5167 370
8.5333 374
8.55 378
8.5667 381
8.5833 385
8.6 389
8.6167 393
8.6333 397
8.65 401
8.6667 405
8.6833 409
8.7 413
8.7167 416
8.7333 420
8.75 424
8.7667 428
8.7833 432
8.8 436
8.8167 440
8.8333 443
8.85 447
8.8667 451
8.8833 455
8.9 459
8.9167 463
8.9333 466
8.95 470
8.9667 474
8.9833 478
9.0 481
9.0167 486
9.0333 490
9.05 494
9.0667 497
9.0833 501
9.1 505
9.1167 509
9.1333 512
9.15 516
9.1667 520
9.1833 523
9.2 527
9.2167 531
9.2333 534
9.25 538
9.2667 541
9.2833 545
9.3 549
9.3167 552
9.3333 556
9.35 559
9.3667 563
9.3833 566
9.4 570
9.4167 574
9.4333 577
9.45 581
9.4667 584
9.4833 588
9.5 591
9.5167 594
9.5333 598
9.55 601
9.5667 605
9.5833 608
9.6 612
9.6167 615
9.6333 618
9.65 622
9.6667 625
9.6833 628
9.7 632
9.7167 635
9.7333 638
9.75 642
9.7667 645
9.7833 648
9.8 651
9.8167 655
9.8333 658
9.85 661
9.8667 664
9.8833 667
9.9 671
9.9167 674
9.9333 677
9.95 680
9.9667 683
9.9833 686
10.0 689
10.0167 692
10.0333 695
10.05 698
10.0667 702
10.0833 705
10.1 708
10.1167 711
10.1333 713
10.15 716
10.1667 719
10.1833 722
10.2 725
10.2167 728
10.2333 731
10.25 734
10.2667 737
10.2833 739
10.3 742
10.3167 745
10.3333 748
10.35 751
10.3667 753
10.3833 756
10.4 759
10.4167 762
10.4333 764
10.45 767
10.4667 770
10.4833 772
10.5 775
10.5167 777
10.5333 780
10.55 783
10.5667 785
10.5833 788
10.6 790
10.6167 793
10.6333 795
10.65 798
10.6667 800
10.6833 803
10.7 805
10.7167 807
10.7333 810
10.75 812
10.7667 815
10.7833 817
10.8 819
10.8167 821
10.8333 824
10.85 826
10.8667 828
10.8833 830
10.9 833
10.9167 835
10.9333 837
10.95 839
10.9667 841
10.9833 844
11.0 846
11.0167 848
11.0333 850
11.05 852
11.0667 854
11.0833 856
11.1 858
11.1167 860
11.1333 862
11.15 864
11.1667 866
11.1833 868
11.2 869
11.2167 871
11.2333 873
11.25 875
11.2667 877
11.2833 879
11.3 880
11.3167 882
11.3333 884
11.35 886
11.3667 887
11.3833 889
11.4 891
11.4167 892
11.4333 894
11.45 895
11.4667 897
11.4833 899
11.5 900
11.5167 902
11.5333 903
11.55 905
11.5667 906
11.5833 908
11.6 909
11.6167 910
11.6333 912
11.65 913
11.6667 914
11.6833 916
11.7 917
11.7167 918
11.7333 920
11.75 921
11.7667 922
11.7833 923
11.8 925
11.8167 926
11.8333 927
11.85 928
11.8667 929
11.8833 930
11.9 931
11.9167 932
11.9333 933
11.95 934
11.9667 935
11.9833 936
12.0 937
12.0167 938
12.0333 939
12.05 940
12.0667 941
12.0833 942
12.1 942
12.1167 943
12.1333 944
12.15 945
12.1667 946
12.1833 946
12.2 947
12.2167 948
12.2333 948
12.25 949
12.2667 950
12.2833 950
12.3 951
12.3167 951
12.3333 952
12.35 952
12.3667 953
12.3833 953
12.4 954
12.4167 954
12.4333 955
12.45 955
12.4667 955
12.4833 956
12.5 956
12.5167 956
12.5333 957
12.55 957
12.5667 957
12.5833 957
12.6 958
12.6167 958
12.6333 958
12.65 958
12.6667 958
12.6833 958
12.7 959
12.7167 959
12.7333 959
12.75 959
12.7667 959
12.7833 959
12.8 959
12.8167 959
12.8333 958
12.85 958
12.8667 958
12.8833 958
12.9 958
12.9167 958
12.9333 958
12.95 957
12.9667 957
12.9833 957
13.0 957
13.0167 956
13.0333 956
13.05 956
13.0667 955
13.0833 955
13.1 954
13.1167 954
13.1333 953
13.15 953
13.1667 953
13.1833 952
13.2 951
13.2167 951
13.2333 950
13.25 950
13.2667 949
13.2833 948
13.3 948
13.3167 947
13.3333 946
13.35 946
13.3667 945
13.3833 944
13.4 943
13.4167 943
13.4333 942
13.45 941
13.4667 940
13.4833 939
13.5 938
13.5167 937
13.5333 936
13.55 935
13.5667 935
13.5833 934
13.6 932
13.6167 931
13.6333 930
13.65 929
13.6667 928
13.6833 927
13.7 926
13.7167 925
13.7333 924
13.75 922
13.7667 921
13.7833 920
13.8 919
13.8167 917
13.8333 916
13.85 915
13.8667 913
13.8833 912
13.9 911
13.9167 909
13.9333 908
13.95 906
13.9667 905
13.9833 903
14.0 902
14.0167 900
14.0333 899
14.05 897
14.0667 896
14.0833 894
14.1 893
14.1167 891
14.1333 889
14.15 888
14.1667 886
14.1833 884
14.2 882
14.2167 881
14.2333 879
14.25 877
14.2667 875
14.2833 874
14.3 872
14.3167 870
14.3333 868
14.35 866
14.3667 864
14.3833 862
14.4 860
14.4167 858
14.4333 856
14.45 854
14.4667 852
14.4833 850
14.5 848
14.5167 846
14.5333 844
14.55 842
14.5667 840
14.5833 838
14.6 835
14.6167 833
14.6333 831
14.65 829
14.6667 826
14.6833 824
14.7 822
14.7167 820
14.7333 817
14.75 815
14.7667 813
14.7833 810
14.8 808
14.8167 805
14.8333 803
14.85 801
14.8667 798
14.8833 796
14.9 793
14.9167 791
14.9333 788
14.95 786
14.9667 783
14.9833 781
15.0 778
15.0167 776
15.0333 773
15.05 771
15.0667 768
15.0833 765
15.1 763
15.1167 760
15.1333 757
15.15 754
15.1667 752
15.1833 749
15.2 746
15.2167 743
15.2333 741
15.25 738
15.2667 735
15.2833 732
15.3 729
15.3167 726
15.3333 723
15.35 720
15.3667 717
15.3833 715
15.4 712
15.4167 709
15.4333 706
15.45 703
15.4667 700
15.4833 697
15.5 693
15.5167 690
15.5333 687
15.55 684
15.5667 681
15.5833 678
15.6 675
15.6167 672
15.6333 669
15.65 665
15.6667 662
15.6833 659
15.7 656
15.7167 652
15.7333 649
15.75 646
15.7667 643
15.7833 639
15.8 636
15.8167 633
15.8333 630
15.85 626
15.8667 623
15.8833 619
15.9 616
15.9167 613
15.9333 609
15.95 606
15.9667 602
15.9833 599
16.0 596
16.0167 592
16.0333 589
16.05 585
16.0667 582
16.0833 578
16.1 575
16.1167 571
16.1333 568
16.15 564
16.1667 561
16.1833 557
16.2 553
16.2167 550
16.2333 546
16.25 543
16.2667 539
16.2833 535
16.3 532
16.3167 528
16.3333 524
16.35 521
16.3667 517
16.3833 513
16.4 510
16.4167 506
16.4333 502
16.45 499
16.4667 495
16.4833 491
16.5 487
16.5167 484
16.5333 480
16.55 476
16.5667 472
16.5833 468
16.6 465
16.6167 461
16.6333 457
16.65 453
16.6667 449
16.6833 446
16.7 442
16.7167 438
16.7333 434
16.75 430
16.7667 426
16.7833 423
16.8 419
16.8167 415
16.8333 411
16.85 407
16.8667 403
16.8833 399
16.9 395
16.9167 391
16.9333 388
16.95 384
16.9667 380
16.9833 376
