8.0 206
8.0167 210
8.0333 214
8.05 217
8.0667 221
8.0833 225
8.1 229
8.1167 232
8.1333 236
8.15 240
8.1667 244
8.1833 248
8.2 251
8.2167 255
8.2333 259
8.25 263
8.2667 267
8.2833 270
8.3 274
8.3167 278
8.3333 282
8.35 286
8.3667 290
8.3833 293
8.4 297
8.4167 301
8.4333 305
8.45 309
8.4667 313
8.4833 316
8.5 320
8.5167 324
8.5333 328
8.55 332
8.5667 336
8.5833 340
8.6 343
8.6167 347
8.6333 351
8.65 355
8.6667 359
8.6833 363
8.7 366
8.7167 370
8.7333 374
8.75 378
8.7667 382
8.7833 385
8.8 389
8.8167 393
8.8333 397
8.85 401
8.8667 404
8.8833 408
8.9 412
8.9167 416
8.9333 419
8.95 423
8.9667 427
8.9833 431
9.0 434
9.0167 439
9.0333 443
9.05 447
9.0667 450
9.0833 454
9.1 458
9.1167 461
9.1333 465
9.15 469
9.1667 472
9.1833 476
9.2 480
9.2167 483
9.2333 487
9.25 491
9.2667 494
9.2833 498
9.3 501
9.3167 505
9.3333 509
9.35 512
9.3667 516
9.3833 519
9.4 523
9.4167 526
9.4333 530
9.45 533
9.4667 537
9.4833 540
9.5 544
9.5167 547
9.5333 551
9.55 554
9.5667 558
9.5833 561
9.6 564
9.6167 568
9.6333 571
9.65 575
9.6667 578
9.6833 581
9.7 585
9.7167 588
9.7333 591
9.75 595
9.7667 598
9.7833 601
9.8 604
9.8167 608
9.8333 611
9.85 614
9.8667 617
9.8833 621
9.9 624
9.9167 627
9.9333 630
9.95 633
9.9667 636
9.9833 640
10.0 643
10.0167 646
10.0333 649
10.05 652
10.0667 655
10.0833 658
10.1 661
10.1167 664
10.1333 667
10.15 670
10.1667 673
10.1833 676
10.2 679
10.2167 682
10.2333 685
10.25 688
10.2667 690
10.2833 693
10.3 696
10.3167 699
10.3333 702
10.35 705
10.3667 707
10.3833 710
10.4 713
10.4167 716
10.4333 718
10.45 721
10.4667 724
10.4833 726
10.5 729
10.5167 732
10.5333 734
10.55 737
10.5667 740
10.5833 742
10.6 745
10.6167 747
10.6333 750
10.65 752
10.6667 755
10.6833 757
10.7 760
10.7167 762
10.7333 765
10.75 767
10.7667 769
10.7833 772
10.8 774
10.8167 776
10.8333 779
10.85 781
10.8667 783
10.8833 786
10.9 788
10.9167 790
10.9333 792
10.95 795
10.9667 797
10.9833 799
11.0 801
11.0167 803
11.0333 805
11.05 807
11.0667 809
11.0833 811
11.1 814
11.1167 816
11.1333 818
11.15 820
11.1667 821
11.1833 823
11.2 825
11.2167 827
11.2333 829
11.25 831
11.2667 833
11.2833 835
11.3 837
11.3167 838
11.3333 840
11.35 842
11.3667 844
11.3833 845
11.4 847
11.4167 849
11.4333 850
11.45 852
11.4667 854
11.4833 855
11.5 857
11.5167 858
11.5333 860
11.55 861
11.5667 863
11.5833 865
11.6 866
11.6167 867
11.6333 869
11.65 870
11.6667 872
11.6833 873
11.7 874
11.7167 876
11.7333 877
11.75 878
11.7667 880
11.7833 881
11.8 882
11.8167 883
11.8333 885
11.85 886
11.8667 887
11.8833 888
11.9 889
11.9167 890
11.9333 891
11.95 892
11.9667 893
11.9833 894
12.0 895
12.0167 896
12.0333 897
12.05 898
12.0667 899
12.0833 900
12.1 901
12.1167 902
12.1333 903
12.15 903
12.1667 904
12.1833 905
12.2 906
12.2167 907
12.2333 907
12.25 908
12.2667 909
12.2833 909
12.3 910
12.3167 910
12.3333 911
12.35 912
12.3667 912
12.3833 913
12.4 913
12.4167 914
12.4333 914
12.45 915
12.4667 915
12.4833 915
12.5 916
12.5167 916
12.5333 917
12.55 917
12.5667 917
12.5833 917
12.6 918
12.6167 918
12.6333 918
12.65 918
12.6667 919
12.6833 919
12.7 919
12.7167 919
12.7333 919
12.75 919
12.7667 919
12.7833 919
12.8 919
12.8167 919
12.8333 919
12.85 919
12.8667 919
12.8833 919
12.9 919
12.9167 919
12.9333 919
12.95 918
12.9667 918
12.9833 918
13.0 918
13.0167 917
13.0333 917
13.05 917
13.0667 917
13.0833 916
13.1 916
13.1167 915
13.1333 915
13.15 915
13.1667 914
13.1833 914
13.2 913
13.2167 913
13.2333 912
13.25 912
13.2667 911
13.2833 911
13.3 910
13.3167 909
13.3333 909
13.35 908
13.3667 907
13.3833 907
13.4 906
13.4167 905
13.4333 904
13.45 903
13.4667 903
13.4833 902
13.5 901
13.5167 900
13.5333 899
13.55 898
13.5667 897
13.5833 896
13.6 895
13.6167 894
13.6333 893
13.65 892
13.6667 891
13.6833 890
13.7 889
13.7167 888
13.7333 887
13.75 886
13.7667 885
13.7833 883
13.8 882
13.8167 881
13.8333 880
13.85 878
13.8667 877
13.8833 876
13.9 874
13.9167 873
13.9333 872
13.95 870
13.9667 869
13.9833 867
14.0 866
14.0167 865
14.0333 863
14.05 862
14.0667 860
14.0833 858
14.1 857
14.1167 855
14.1333 854
14.15 852
14.1667 850
14.1833 849
14.2 847
14.2167 845
14.2333 844
14.25 842
14.2667 840
14.2833 838
14.3 837
14.3167 835
14.3333 833
14.35 831
14.3667 829
14.3833 827
14.4 825
14.4167 823
14.4333 822
14.45 820
14.4667 818
14.4833 816
14.5 814
14.5167 812
14.5333 809
14.55 807
14.5667 805
14.5833 803
14.6 801
14.6167 799
14.6333 797
14.65 795
14.6667 792
14.6833 790
14.7 788
14.7167 786
14.7333 783
14.75 781
14.7667 779
14.7833 776
14.8 774
14.8167 772
14.8333 769
14.85 767
14.8667 765
14.8833 762
14.9 760
14.9167 757
14.9333 755
14.95 752
14.9667 750
14.9833 747
15.0 745
15.0167 743
15.0333 740
15.05 738
15.0667 735
15.0833 732
15.1 730
15.1167 727
15.1333 724
15.15 722
15.1667 719
15.1833 716
15.2 713
15.2167 711
15.2333 708
15.25 705
15.2667 702
15.2833 700
15.3 697
15.3167 694
15.3333 691
15.35 688
15.3667 685
15.3833 682
15.4 679
15.4167 676
15.4333 674
15.45 671
15.4667 668
15.4833 665
15.5 662
15.5167 659
15.5333 656
15.55 652
15.5667 649
15.5833 646
15.6 643
15.6167 640
15.6333 637
15.65 634
15.6667 631
15.6833 628
15.7 624
15.7167 621
15.7333 618
15.75 615
15.7667 612
15.7833 608
15.8 605
15.8167 602
15.8333 599
15.85 595
15.8667 592
15.8833 589
15.9 585
15.9167 582
15.9333 579
15.95 575
15.9667 572
15.9833 568
16.0 565
16.0167 562
16.0333 558
16.05 555
16.0667 551
16.0833 548
16.1 544
16.1167 541
16.1333 537
16.15 534
16.1667 530
16.1833 527
16.2 523
16.2167 520
16.2333 516
16.25 513
16.2667 509
16.2833 506
16.3 502
16.3167 498
16.3333 495
16.35 491
16.3667 488
16.3833 484
16.4 480
16.4167 477
16.4333 473
16.45 469
16.4667 466
16.4833 462
16.5 458
16.5167 455
16.5333 451
16.55 447
16.5667 444
16.5833 440
16.6 436
16.6167 432
16.6333 429
16.65 425
16.6667 421
16.6833 417
16.7 414
16.7167 410
16.7333 406
16.75 402
16.7667 398
16.7833 395
16.8 391
16.8167 387
16.8333 383
16.85 379
16.8667 376
16.8833 372
16.9 368
16.9167 364
16.9333 360
16.95 356
16.9667 353
16.9833 349
