8.0 269
8.0167 273
8.0333 277
8.05 281
8.0667 285
8.0833 289
8.1 293
8.1167 297
8.1333 301
8.15 305
8.1667 309
8.1833 313
8.2 317
8.2167 321
8.2333 324
8.25 328
8.2667 332
8.2833 336
8.3 340
8.3167 344
8.3333 348
8.35 352
8.3667 356
8.3833 360
8.4 364
8.4167 368
8.4333 372
8.45 376
8.4667 379
8.4833 383
8.5 387
8.5167 391
8.5333 395
8.55 399
8.5667 403
8.5833 407
8.6 411
8.6167 415
8.6333 418
8.65 422
8.6667 426
8.6833 430
8.7 434
8.7167 438
8.7333 442
8.75 445
8.7667 449
8.7833 453
8.8 457
8.8167 461
8.8333 465
8.85 468
8.8667 472
8.8833 476
8.9 480
8.9167 483
8.9333 487
8.95 491
8.9667 495
8.9833 498
9.0 502
9.0167 507
9.0333 511
9.05 514
9.0667 518
9.0833 522
9.1 525
9.1167 529
9.1333 533
9.15 536
9.1667 540
9.1833 544
9.2 547
9.2167 551
9.2333 554
9.25 558
9.2667 562
9.2833 565
9.3 569
9.3167 572
9.3333 576
9.35 579
9.3667 583
9.3833 586
9.4 590
9.4167 593
9.4333 597
9.45 600
9.4667 604
9.4833 607
9.5 611
9.5167 614
9.5333 617
9.55 621
9.5667 624
9.5833 628
9.6 631
9.6167 634
9.6333 638
9.65 641
9.6667 644
9.6833 648
9.7 651
9.7167 654
9.7333 657
9.75 661
9.7667 664
9.7833 667
9.8 670
9.8167 673
9.8333 677
9.85 680
9.8667 683
9.8833 686
9.9 689
9.9167 692
9.9333 695
9.95 699
9.9667 702
9.9833 705
10.0 708
10.0167 711
10.0333 714
10.05 717
10.0667 720
10.0833 723
10.1 726
10.1167 729
10.1333 731
10.15 734
10.1667 737
10.1833 740
10.2 743
10.2167 746
10.2333 749
10.25 751
10.2667 754
10.2833 757
10.3 760
10.3167 763
10.3333 765
10.35 768
10.3667 771
10.3833 773
10.4 776
10.4167 779
10.4333 781
10.45 784
10.4667 787
10.4833 789
10.5 792
10.5167 794
10.5333 797
10.55 799
10.5667 802
10.5833 804
10.6 807
10.6167 809
10.6333 812
10.65 814
10.6667 817
10.6833 819
10.7 821
10.7167 824
10.7333 826
10.75 828
10.7667 831
10.7833 833
10.8 835
10.8167 838
10.8333 840
10.85 842
10.8667 844
10.8833 846
10.9 849
10.9167 851
10.9333 853
10.95 855
10.9667 857
10.9833 859
11.0 861
11.0167 863
11.0333 865
11.05 867
11.0667 869
11.0833 871
11.1 873
11.1167 875
11.1333 877
11.15 879
11.1667 881
11.1833 883
11.2 885
11.2167 886
11.2333 888
11.25 890
11.2667 892
11.2833 893
11.3 895
11.3167 897
11.3333 899
11.35 900
11.3667 902
11.3833 903
11.4 905
11.4167 907
11.4333 908
11.45 910
11.4667 911
11.4833 913
11.5 914
11.5167 916
11.5333 917
11.55 919
11.5667 920
11.5833 922
11.6 923
11.6167 924
11.6333 926
11.65 927
11.6667 928
11.6833 930
11.7 931
11.7167 932
11.7333 933
11.75 935
11.7667 936
11.7833 937
11.8 938
11.8167 939
11.8333 940
11.85 941
11.8667 942
11.8833 943
11.9 944
11.9167 945
11.9333 946
11.95 947
11.9667 948
11.9833 949
12.0 950
12.0167 951
12.0333 952
12.05 953
12.0667 954
12.0833 954
12.1 955
12.1167 956
12.1333 957
12.15 957
12.1667 958
12.1833 959
12.2 960
12.2167 960
12.2333 961
12.25 961
12.2667 962
12.2833 963
12.3 963
12.3167 964
12.3333 964
12.35 965
12.3667 965
12.3833 965
12.4 966
12.4167 966
12.4333 967
12.45 967
12.4667 967
12.4833 968
12.5 968
12.5167 968
12.5333 968
12.55 969
12.5667 969
12.5833 969
12.6 969
12.6167 969
12.6333 970
12.65 970
12.6667 970
12.6833 970
12.7 970
12.7167 970
12.7333 970
12.75 970
12.7667 970
12.7833 970
12.8 970
12.8167 970
12.8333 970
12.85 969
12.8667 969
12.8833 969
12.9 969
12.9167 969
12.9333 968
12.95 968
12.9667 968
12.9833 968
13.0 967
13.0167 967
13.0333 967
13.05 966
13.0667 966
13.0833 965
13.1 965
13.1167 964
13.1333 964
13.15 963
13.1667 963
13.1833 962
13.2 962
13.2167 961
13.2333 961
13.25 960
13.2667 959
13.2833 959
13.3 958
13.3167 957
13.3333 956
13.35 956
13.3667 955
13.3833 954
13.4 953
13.4167 953
13.4333 952
13.45 951
13.4667 950
13.4833 949
13.5 948
13.5167 947
13.5333 946
13.55 945
13.5667 944
13.5833 943
13.6 942
13.6167 941
13.6333 940
13.65 939
13.6667 938
13.6833 937
13.7 935
13.7167 934
13.7333 933
13.75 932
13.7667 930
13.7833 929
13.8 928
13.8167 927
13.8333 925
13.85 924
13.8667 923
13.8833 921
13.9 920
13.9167 918
13.9333 917
13.95 915
13.9667 914
13.9833 912
14.0 911
14.0167 909
14.0333 908
14.05 906
14.0667 905
14.0833 903
14.1 901
14.1167 900
14.1333 898
14.15 896
14.1667 895
14.1833 893
14.2 891
14.2167 889
14.2333 888
14.25 886
14.2667 884
14.2833 882
14.3 880
14.3167 878
14.3333 876
14.35 875
14.3667 873
14.3833 871
14.4 869
14.4167 867
14.4333 865
14.45 863
14.4667 861
14.4833 859
14.5 856
14.5167 854
14.5333 852
14.55 850
14.5667 848
14.5833 846
14.6 844
14.6167 841
14.6333 839
14.65 837
14.6667 835
14.6833 832
14.7 830
14.7167 828
14.7333 825
14.75 823
14.7667 821
14.7833 818
14.8 816
14.8167 814
14.8333 811
14.85 809
14.8667 806
14.8833 804
14.9 801
14.9167 799
14.9333 796
14.95 794
14.9667 791
14.9833 788
15.0 786
15.0167 784
15.0333 781
15.05 778
15.0667 776
15.0833 773
15.1 770
15.1167 768
15.1333 765
15.15 762
15.1667 759
15.1833 757
15.2 754
15.2167 751
15.2333 748
15.25 745
15.2667 742
15.2833 740
15.3 737
15.3167 734
15.3333 731
15.35 728
15.3667 725
15.3833 722
15.4 719
15.4167 716
15.4333 713
15.45 710
15.4667 707
15.4833 704
15.5 701
15.5167 698
15.5333 695
15.55 692
15.5667 689
15.5833 685
15.6 682
15.6167 679
15.6333 676
15.65 673
15.6667 670
15.6833 666
15.7 663
15.7167 660
15.7333 657
15.75 653
15.7667 650
15.7833 647
15.8 644
15.8167 640
15.8333 637
15.85 634
15.8667 630
15.8833 627
15.9 624
15.9167 620
15.9333 617
15.95 613
15.9667 610
15.9833 606
16.0 603
16.0167 600
16.0333 596
16.05 593
16.0667 589
16.0833 586
16.1 582
16.1167 579
16.1333 575
16.15 572
16.1667 568
16.1833 564
16.2 561
16.2167 557
16.2333 554
16.25 550
16.2667 546
16.2833 543
16.3 539
16.3167 536
16.3333 532
16.35 528
16.3667 525
16.3833 521
16.4 517
16.4167 513
16.4333 510
16.45 506
16.4667 502
16.4833 499
16.5 495
16.5167 491
16.5333 487
16.55 484
16.5667 480
16.5833 476
16.6 472
16.6167 468
16.6333 465
16.65 461
16.6667 457
16.6833 453
16.7 449
16.7167 446
16.7333 442
16.75 438
16.7667 434
16.7833 430
16.8 426
16.8167 422
16.8333 419
16.85 415
16.8667 411
16.8833 407
16.9 403
16.9167 399
16.9333 395
16.95 391
16.9667 387
16.9833 383
