8.0 270
8.0167 274
8.0333 278
8.05 281
8.0667 285
8.0833 289
8.1 293
8.1167 297
8.1333 301
8.15 304
8.1667 308
8.1833 312
8.2 316
8.2167 320
8.2333 324
8.25 327
8.2667 331
8.2833 335
8.3 339
8.3167 343
8.3333 347
8.35 350
8.3667 354
8.3833 358
8.4 362
8.4167 366
8.4333 370
8.45 373
8.4667 377
8.4833 381
8.5 385
8.5167 389
8.5333 393
8.55 396
8.5667 400
8.5833 404
8.6 408
8.6167 412
8.6333 415
8.65 419
8.6667 423
8.6833 427
8.7 431
8.7167 434
8.7333 438
8.75 442
8.7667 446
8.7833 449
8.8 453
8.8167 457
8.8333 461
8.85 464
8.8667 468
8.8833 472
8.9 475
8.9167 479
8.9333 483
8.95 486
8.9667 490
8.9833 494
9.0 497
9.0167 502
9.0333 506
9.05 509
9.0667 513
9.0833 516
9.1 520
9.1167 524
9.1333 527
9.15 531
9.1667 534
9.1833 538
9.2 542
9.2167 545
9.2333 549
9.25 552
9.2667 556
9.2833 559
9.3 563
9.3167 566
9.3333 570
9.35 573
9.3667 577
9.3833 580
9.4 583
9.4167 587
9.4333 590
9.45 594
9.4667 597
9.4833 600
9.5 604
9.5167 607
9.5333 611
9.55 614
9.5667 617
9.5833 620
9.6 624
9.6167 627
9.6333 630
9.65 634
9.6667 637
9.6833 640
9.7 643
9.7167 647
9.7333 650
9.75 653
9.7667 656
9.7833 659
9.8 662
9.8167 666
9.8333 669
9.85 672
9.8667 675
9.8833 678
9.9 681
9.9167 684
9.9333 687
9.95 690
9.9667 693
9.9833 696
10.0 699
10.0167 702
10.0333 705
10.05 708
10.0667 711
10.0833 714
10.1 717
10.1167 720
10.1333 722
10.15 725
10.1667 728
10.1833 731
10.2 734
10.2167 737
10.2333 739
10.25 742
10.2667 745
10.2833 748
10.3 750
10.3167 753
10.3333 756
10.35 758
10.3667 761
10.3833 764
10.4 766
10.4167 769
10.4333 771
10.45 774
10.4667 777
10.4833 779
10.5 782
10.5167 784
10.5333 787
10.55 789
10.5667 792
10.5833 794
10.6 797
10.6167 799
10.6333 801
10.65 804
10.6667 806
10.6833 808
10.7 811
10.7167 813
10.7333 815
10.75 818
10.7667 820
10.7833 822
10.8 824
10.8167 827
10.8333 829
10.85 831
10.8667 833
10.8833 835
10.9 837
10.9167 839
10.9333 842
10.95 844
10.9667 846
10.9833 848
11.0 850
11.0167 852
11.0333 854
11.05 856
11.0667 858
11.0833 860
11.1 861
11.1167 863
11.1333 865
11.15 867
11.1667 869
11.1833 871
11.2 872
11.2167 874
11.2333 876
11.25 878
11.2667 880
11.2833 881
11.3 883
11.3167 885
11.3333 886
11.35 888
11.3667 889
11.3833 891
11.4 893
11.4167 894
11.4333 896
11.45 897
11.4667 899
11.4833 900
11.5 902
11.5167 903
11.5333 905
11.55 906
11.5667 907
11.5833 909
11.6 910
11.6167 911
11.6333 913
11.65 914
11.6667 915
11.6833 916
11.7 918
11.7167 919
11.7333 920
11.75 921
11.7667 922
11.7833 924
11.8 925
11.8167 926
11.8333 927
11.85 928
11.8667 929
11.8833 930
11.9 931
11.9167 932
11.9333 933
11.95 934
11.9667 935
11.9833 936
12.0 936
12.0167 937
12.0333 938
12.05 939
12.0667 940
12.0833 941
12.1 941
12.1167 942
12.1333 943
12.15 943
12.1667 944
12.1833 945
12.2 945
12.2167 946
12.2333 947
12.25 947
12.2667 948
12.2833 948
12.3 949
12.3167 949
12.3333 950
12.35 950
12.3667 951
12.3833 951
12.4 951
12.4167 952
12.4333 952
12.45 952
12.4667 953
12.4833 953
12.5 953
12.5167 954
12.5333 954
12.55 954
12.5667 954
12.5833 954
12.6 955
12.6167 955
12.6333 955
12.65 955
12.6667 955
12.6833 955
12.7 955
12.7167 955
12.7333 955
12.75 955
12.7667 955
12.7833 955
12.8 955
12.8167 955
12.8333 954
12.85 954
12.8667 954
12.8833 954
12.9 954
12.9167 953
12.9333 953
12.95 953
12.9667 953
12.9833 952
13.0 952
13.0167 952
13.0333 951
13.05 951
13.0667 950
13.0833 950
13.1 950
13.1167 949
13.1333 949
13.15 948
13.1667 947
13.1833 947
13.2 946
13.2167 946
13.2333 945
13.25 944
13.2667 944
13.2833 943
13.3 942
13.3167 942
13.3333 941
13.35 940
13.3667 939
13.3833 939
13.4 938
13.4167 937
13.4333 936
13.45 935
13.4667 934
13.4833 933
13.5 932
13.5167 931
13.5333 930
13.55 929
13.5667 928
13.5833 927
13.6 926
13.6167 925
13.6333 924
13.65 923
13.6667 922
13.6833 921
13.7 919
13.7167 918
13.7333 917
13.75 916
13.7667 915
13.7833 913
13.8 912
13.8167 911
13.8333 909
13.85 908
13.8667 907
13.8833 905
13.9 904
13.9167 902
13.9333 901
13.95 899
13.9667 898
13.9833 896
14.0 895
14.0167 893
14.0333 892
14.05 890
14.0667 889
14.0833 887
14.1 885
14.1167 884
14.1333 882
14.15 880
14.1667 879
14.1833 877
14.2 875
14.2167 873
14.2333 872
14.25 870
14.2667 868
14.2833 866
14.3 864
14.3167 862
14.3333 860
14.35 859
14.3667 857
14.3833 855
14.4 853
14.4167 851
14.4333 849
14.45 847
14.4667 845
14.4833 843
14.5 840
14.5167 838
14.5333 836
14.55 834
14.5667 832
14.5833 830
14.6 828
14.6167 825
14.6333 823
14.65 821
14.6667 819
14.6833 816
14.7 814
14.7167 812
14.7333 810
14.75 807
14.7667 805
14.7833 802
14.8 800
14.8167 798
14.8333 795
14.85 793
14.8667 790
14.8833 788
14.9 785
14.9167 783
14.9333 780
14.95 778
14.9667 775
14.9833 773
15.0 770
15.0167 768
15.0333 765
15.05 763
15.0667 760
15.0833 757
15.1 755
15.1167 752
15.1333 749
15.15 746
15.1667 744
15.1833 741
15.2 738
15.2167 735
15.2333 733
15.25 730
15.2667 727
15.2833 724
15.3 721
15.3167 718
15.3333 716
15.35 713
15.3667 710
15.3833 707
15.4 704
15.4167 701
15.4333 698
15.45 695
15.4667 692
15.4833 689
15.5 686
15.5167 683
15.5333 680
15.55 677
15.5667 674
15.5833 670
15.6 667
15.6167 664
15.6333 661
15.65 658
15.6667 655
15.6833 652
15.7 648
15.7167 645
15.7333 642
15.75 639
15.7667 635
15.7833 632
15.8 629
15.8167 626
15.8333 622
15.85 619
15.8667 616
15.8833 612
15.9 609
15.9167 606
15.9333 602
15.95 599
15.9667 596
15.9833 592
16.0 589
16.0167 585
16.0333 582
16.05 579
16.0667 575
16.0833 572
16.1 568
16.1167 565
16.1333 561
16.15 558
16.1667 554
16.1833 551
16.2 547
16.2167 544
16.2333 540
16.25 536
16.2667 533
16.2833 529
16.3 526
16.3167 522
16.3333 519
16.35 515
16.3667 511
16.3833 508
16.4 504
16.4167 500
16.4333 497
16.45 493
16.4667 489
16.4833 486
16.5 482
16.5167 478
16.5333 475
16.55 471
16.5667 467
16.5833 464
16.6 460
16.6167 456
16.6333 452
16.65 449
16.6667 445
16.6833 441
16.7 437
16.7167 434
16.7333 430
16.75 426
16.7667 422
16.7833 418
16.8 415
16.8167 411
16.8333 407
16.85 403
16.8667 399
16.8833 396
16.9 392
16.9167 388
16.9333 384
16.95 380
16.9667 377
16.9833 373
