8.0 298
8.0167 302
8.0333 305
8.05 309
8.0667 313
8.0833 317
8.1 321
8.1167 325
8.1333 328
8.15 332
8.1667 336
8.1833 340
8.2 344
8.2167 348
8.2333 351
8.25 355
8.2667 359
8.2833 363
8.3 367
8.3167 370
8.3333 374
8.35 378
8.3667 382
8.3833 386
8.4 389
8.4167 393
8.4333 397
8.45 401
8.4667 405
8.4833 408
8.5 412
8.5167 416
8.5333 420
8.55 424
8.5667 427
8.5833 431
8.6 435
8.6167 439
8.6333 442
8.65 446
8.6667 450
8.6833 454
8.7 457
8.7167 461
8.7333 465
8.75 468
8.7667 472
8.7833 476
8.8 480
8.8167 483
8.8333 487
8.85 491
8.8667 494
8.8833 498
8.9 502
8.9167 505
8.9333 509
8.95 512
8.9667 516
8.9833 520
9.0 523
9.0167 528
9.0333 531
9.05 535
9.0667 538
9.0833 542
9.1 545
9.1167 549
9.1333 552
9.15 556
9.1667 559
9.1833 563
9.2 566
9.2167 570
9.2333 573
9.25 577
9.2667 580
9.2833 584
9.3 587
9.3167 591
9.3333 594
9.35 597
9.3667 601
9.3833 604
9.4 608
9.4167 611
9.4333 614
9.45 618
9.4667 621
9.4833 624
9.5 628
9.5167 631
9.5333 634
9.55 637
9.5667 641
9.5833 644
9.6 647
9.6167 650
9.6333 654
9.65 657
9.6667 660
9.6833 663
9.7 666
9.7167 669
9.7333 673
9.75 676
9.7667 679
9.7833 682
9.8 685
9.8167 688
9.8333 691
9.85 694
9.8667 697
9.8833 700
9.9 703
9.9167 706
9.9333 709
9.95 712
9.9667 715
9.9833 718
10.0 721
10.0167 724
10.0333 727
10.05 729
10.0667 732
10.0833 735
10.1 738
10.1167 741
10.1333 744
10.15 746
10.1667 749
10.1833 752
10.2 755
10.2167 757
10.2333 760
10.25 763
10.2667 765
10.2833 768
10.3 771
10.3167 773
10.3333 776
10.35 779
10.3667 781
10.3833 784
10.4 786
10.4167 789
10.4333 791
10.45 794
10.4667 796
10.4833 799
10.5 801
10.5167 804
10.5333 806
10.55 809
10.5667 811
10.5833 813
10.6 816
10.6167 818
10.6333 820
10.65 823
10.6667 825
10.6833 827
10.7 830
10.7167 832
10.7333 834
10.75 836
10.7667 838
10.7833 841
10.8 843
10.8167 845
10.8333 847
10.85 849
10.8667 851
10.8833 853
10.9 855
10.9167 857
10.9333 859
10.95 861
10.9667 863
10.9833 865
11.0 867
11.0167 869
11.0333 871
11.05 873
11.0667 875
11.0833 877
11.1 879
11.1167 880
11.1333 882
11.15 884
11.1667 886
11.1833 888
11.2 889
11.2167 891
11.2333 893
11.25 894
11.2667 896
11.2833 898
11.3 899
11.3167 901
11.3333 903
11.35 904
11.3667 906
11.3833 907
11.4 909
11.4167 910
11.4333 912
11.45 913
11.4667 915
11.4833 916
11.5 917
11.5167 919
11.5333 920
11.55 921
11.5667 923
11.5833 924
11.6 925
11.6167 927
11.6333 928
11.65 929
11.6667 930
11.6833 931
11.7 933
11.7167 934
11.7333 935
11.75 936
11.7667 937
11.7833 938
11.8 939
11.8167 940
11.8333 941
11.85 942
11.8667 943
11.8833 944
11.9 945
11.9167 946
11.9333 947
11.95 948
11.9667 949
11.9833 950
12.0 950
12.0167 951
12.0333 952
12.05 953
12.0667 953
12.0833 954
12.1 955
12.1167 956
12.1333 956
12.15 957
12.1667 958
12.1833 958
12.2 959
12.2167 959
12.2333 960
12.25 960
12.2667 961
12.2833 961
12.3 962
12.3167 962
12.3333 963
12.35 963
12.3667 963
12.3833 964
12.4 964
12.4167 964
12.4333 965
12.45 965
12.4667 965
12.4833 966
12.5 966
12.5167 966
12.5333 966
12.55 966
12.5667 966
12.5833 967
12.6 967
12.6167 967
12.6333 967
12.65 967
12.6667 967
12.6833 967
12.7 967
12.7167 967
12.7333 967
12.75 967
12.7667 967
12.7833 966
12.8 966
12.8167 966
12.8333 966
12.85 966
12.8667 966
12.8833 965
12.9 965
12.9167 965
12.9333 964
12.95 964
12.9667 964
12.9833 963
13.0 963
13.0167 963
13.0333 962
13.05 962
13.0667 961
13.0833 961
13.1 960
13.1167 960
13.1333 959
13.15 959
13.1667 958
13.1833 958
13.2 957
13.2167 956
13.2333 956
13.25 955
13.2667 954
13.2833 954
13.3 953
13.3167 952
13.3333 951
13.35 950
13.3667 950
13.3833 949
13.4 948
13.4167 947
13.4333 946
13.45 945
13.4667 944
13.4833 943
13.5 942
13.5167 941
13.5333 940
13.55 939
13.5667 938
13.5833 937
13.6 936
13.6167 935
13.6333 934
13.65 933
13.6667 932
13.6833 930
13.7 929
13.7167 928
13.7333 927
13.75 925
13.7667 924
13.7833 923
13.8 922
13.8167 920
13.8333 919
13.85 917
13.8667 916
13.8833 915
13.9 913
13.9167 912
13.9333 910
13.95 909
13.9667 907
13.9833 906
14.0 904
14.0167 903
14.0333 901
14.05 899
14.0667 898
14.0833 896
14.1 895
14.1167 893
14.1333 891
14.15 889
14.1667 888
14.1833 886
14.2 884
14.2167 882
14.2333 881
14.25 879
14.2667 877
14.2833 875
14.3 873
14.3167 871
14.3333 869
14.35 867
14.3667 865
14.3833 864
14.4 862
14.4167 860
14.4333 858
14.45 855
14.4667 853
14.4833 851
14.5 849
14.5167 847
14.5333 845
14.55 843
14.5667 841
14.5833 839
14.6 836
14.6167 834
14.6333 832
14.65 830
14.6667 827
14.6833 825
14.7 823
14.7167 821
14.7333 818
14.75 816
14.7667 814
14.7833 811
14.8 809
14.8167 806
14.8333 804
14.85 801
14.8667 799
14.8833 797
14.9 794
14.9167 792
14.9333 789
14.95 786
14.9667 784
14.9833 781
15.0 779
15.0167 776
15.0333 774
15.05 771
15.0667 769
15.0833 766
15.1 763
15.1167 761
15.1333 758
15.15 755
15.1667 752
15.1833 750
15.2 747
15.2167 744
15.2333 741
15.25 738
15.2667 736
15.2833 733
15.3 730
15.3167 727
15.3333 724
15.35 721
15.3667 718
15.3833 715
15.4 712
15.4167 710
15.4333 707
15.45 704
15.4667 701
15.4833 698
15.5 695
15.5167 691
15.5333 688
15.55 685
15.5667 682
15.5833 679
15.6 676
15.6167 673
15.6333 670
15.65 667
15.6667 664
15.6833 660
15.7 657
15.7167 654
15.7333 651
15.75 648
15.7667 644
15.7833 641
15.8 638
15.8167 635
15.8333 631
15.85 628
15.8667 625
15.8833 621
15.9 618
15.9167 615
15.9333 611
15.95 608
15.9667 605
15.9833 601
16.0 598
16.0167 595
16.0333 591
16.05 588
16.0667 584
16.0833 581
16.1 577
16.1167 574
16.1333 570
16.15 567
16.1667 564
16.1833 560
16.2 556
16.2167 553
16.2333 549
16.25 546
16.2667 542
16.2833 539
16.3 535
16.3167 532
16.3333 528
16.35 525
16.3667 521
16.3833 517
16.4 514
16.4167 510
16.4333 506
16.45 503
16.4667 499
16.4833 495
16.5 492
16.5167 488
16.5333 484
16.55 481
16.5667 477
16.5833 473
16.6 470
16.6167 466
16.6333 462
16.65 459
16.6667 455
16.6833 451
16.7 447
16.7167 444
16.7333 440
16.75 436
16.7667 432
16.7833 429
16.8 425
16.8167 421
16.8333 417
16.85 414
16.8667 410
16.8833 406
16.9 402
16.9167 398
16.9333 395
16.95 391
16.9667 387
16.9833 383
