8.0 267
8.0167 270
8.0333 274
8.05 278
8.0667 282
8.0833 285
8.1 289
8.1167 293
8.1333 297
8.15 300
8.1667 304
8.1833 308
8.2 312
8.2167 316
8.2333 319
8.25 323
8.2667 327
8.2833 331
8.3 335
8.3167 338
8.3333 342
8.35 346
8.3667 350
8.3833 354
8.4 357
8.4167 361
8.4333 365
8.45 369
8.4667 373
8.4833 376
8.5 380
8.5167 384
8.5333 388
8.55 391
8.5667 395
8.5833 399
8.6 403
8.6167 406
8.6333 410
8.65 414
8.6667 418
8.6833 421
8.7 425
8.7167 429
8.7333 433
8.75 436
8.7667 440
8.7833 444
8.8 448
8.8167 451
8.8333 455
8.85 459
8.8667 462
8.8833 466
8.9 470
8.9167 473
8.9333 477
8.95 481
8.9667 484
8.9833 488
9.0 491
9.0167 496
9.0333 500
9.05 503
9.0667 507
9.0833 510
9.1 514
9.1167 517
9.1333 521
9.15 525
9.1667 528
9.1833 532
9.2 535
9.2167 539
9.2333 542
9.25 546
9.2667 549
9.2833 553
9.3 556
9.3167 560
9.3333 563
9.35 566
9.3667 570
9.3833 573
9.4 577
9.4167 580
9.4333 583
9.45 587
9.4667 590
9.4833 594
9.5 597
9.5167 600
9.5333 604
9.55 607
9.5667 610
9.5833 613
9.6 617
9.6167 620
9.6333 623
9.65 626
9.6667 630
9.6833 633
9.7 636
9.7167 639
9.7333 642
9.75 646
9.7667 649
9.7833 652
9.8 655
9.8167 658
9.8333 661
9.85 664
9.8667 667
9.8833 670
9.9 673
9.9167 676
9.9333 679
9.95 682
9.9667 685
9.9833 688
10.0 691
10.0167 694
10.0333 697
10.05 700
10.0667 703
10.0833 706
10.1 709
10.1167 712
10.1333 715
10.15 717
10.1667 720
10.1833 723
10.2 726
10.2167 729
10.2333 731
10.25 734
10.2667 737
10.2833 740
10.3 742
10.3167 745
10.3333 748
10.35 750
10.3667 753
10.3833 756
10.4 758
10.4167 761
10.4333 763
10.45 766
10.4667 768
10.4833 771
10.5 773
10.5167 776
10.5333 778
10.55 781
10.5667 783
10.5833 786
10.6 788
10.6167 791
10.6333 793
10.65 795
10.6667 798
10.6833 800
10.7 802
10.7167 805
10.7333 807
10.75 809
10.7667 811
10.7833 814
10.8 816
10.8167 818
10.8333 820
10.85 822
10.8667 824
10.8833 827
10.9 829
10.9167 831
10.9333 833
10.95 835
10.9667 837
10.9833 839
11.0 841
11.0167 843
11.0333 845
11.05 847
11.0667 849
11.0833 851
11.1 853
11.1167 854
11.1333 856
11.15 858
11.1667 860
11.1833 862
11.2 864
11.2167 865
11.2333 867
11.25 869
11.2667 871
11.2833 872
11.3 874
11.3167 876
11.3333 877
11.35 879
11.3667 880
11.3833 882
11.4 884
11.4167 885
11.4333 887
11.45 888
11.4667 890
11.4833 891
11.5 893
11.5167 894
11.5333 895
11.55 897
11.5667 898
11.5833 899
11.6 901
11.6167 902
11.6333 903
11.65 905
11.6667 906
11.6833 907
11.7 908
11.7167 910
11.7333 911
11.75 912
11.7667 913
11.7833 914
11.8 915
11.8167 916
11.8333 917
11.85 919
11.8667 920
11.8833 921
11.9 922
11.9167 922
11.9333 923
11.95 924
11.9667 925
11.9833 926
12.0 927
12.0167 928
12.0333 929
12.05 929
12.0667 930
12.0833 931
12.1 932
12.1167 932
12.1333 933
12.15 934
12.1667 935
12.1833 935
12.2 936
12.2167 936
12.2333 937
12.25 938
12.2667 938
12.2833 939
12.3 939
12.3167 940
12.3333 940
12.35 941
12.3667 941
12.3833 941
12.4 942
12.4167 942
12.4333 942
12.45 943
12.4667 943
12.4833 943
12.5 944
12.5167 944
12.5333 944
12.55 944
12.5667 945
12.5833 945
12.6 945
12.6167 945
12.6333 945
12.65 945
12.6667 945
12.6833 945
12.7 945
12.7167 945
12.7333 945
12.75 945
12.7667 945
12.7833 945
12.8 945
12.8167 945
12.8333 945
12.85 944
12.8667 944
12.8833 944
12.9 944
12.9167 944
12.9333 943
12.95 943
12.9667 943
12.9833 942
13.0 942
13.0167 942
13.0333 941
13.05 941
13.0667 941
13.0833 940
13.1 940
13.1167 939
13.1333 939
13.15 938
13.1667 938
13.1833 937
13.2 936
13.2167 936
13.2333 935
13.25 935
13.2667 934
13.2833 933
13.3 932
13.3167 932
13.3333 931
13.35 930
13.3667 929
13.3833 929
13.4 928
13.4167 927
13.4333 926
13.45 925
13.4667 924
13.4833 923
13.5 922
13.5167 921
13.5333 920
13.55 919
13.5667 918
13.5833 917
13.6 916
13.6167 915
13.6333 914
13.65 913
13.6667 912
13.6833 911
13.7 910
13.7167 908
13.7333 907
13.75 906
13.7667 905
13.7833 903
13.8 902
13.8167 901
13.8333 899
13.85 898
13.8667 897
13.8833 895
13.9 894
13.9167 892
13.9333 891
13.95 890
13.9667 888
13.9833 887
14.0 885
14.0167 883
14.0333 882
14.05 880
14.0667 879
14.0833 877
14.1 875
14.1167 874
14.1333 872
14.15 870
14.1667 869
14.1833 867
14.2 865
14.2167 863
14.2333 862
14.25 860
14.2667 858
14.2833 856
14.3 854
14.3167 852
14.3333 851
14.35 849
14.3667 847
14.3833 845
14.4 843
14.4167 841
14.4333 839
14.45 837
14.4667 835
14.4833 833
14.5 831
14.5167 829
14.5333 826
14.55 824
14.5667 822
14.5833 820
14.6 818
14.6167 816
14.6333 813
14.65 811
14.6667 809
14.6833 807
14.7 804
14.7167 802
14.7333 800
14.75 797
14.7667 795
14.7833 793
14.8 790
14.8167 788
14.8333 786
14.85 783
14.8667 781
14.8833 778
14.9 776
14.9167 773
14.9333 771
14.95 768
14.9667 766
14.9833 763
15.0 761
15.0167 758
15.0333 756
15.05 753
15.0667 750
15.0833 748
15.1 745
15.1167 742
15.1333 740
15.15 737
15.1667 734
15.1833 732
15.2 729
15.2167 726
15.2333 723
15.25 720
15.2667 718
15.2833 715
15.3 712
15.3167 709
15.3333 706
15.35 703
15.3667 700
15.3833 697
15.4 695
15.4167 692
15.4333 689
15.45 686
15.4667 683
15.4833 680
15.5 677
15.5167 674
15.5333 671
15.55 667
15.5667 664
15.5833 661
15.6 658
15.6167 655
15.6333 652
15.65 649
15.6667 646
15.6833 643
15.7 639
15.7167 636
15.7333 633
15.75 630
15.7667 627
15.7833 623
15.8 620
15.8167 617
15.8333 614
15.85 610
15.8667 607
15.8833 604
15.9 600
15.9167 597
15.9333 594
15.95 590
15.9667 587
15.9833 584
16.0 580
16.0167 577
16.0333 573
16.05 570
16.0667 567
16.0833 563
16.1 560
16.1167 556
16.1333 553
16.15 549
16.1667 546
16.1833 542
16.2 539
16.2167 535
16.2333 532
16.25 528
16.2667 525
16.2833 521
16.3 518
16.3167 514
16.3333 510
16.35 507
16.3667 503
16.3833 500
16.4 496
16.4167 492
16.4333 489
16.45 485
16.4667 482
16.4833 478
16.5 474
16.5167 471
16.5333 467
16.55 463
16.5667 460
16.5833 456
16.6 452
16.6167 448
16.6333 445
16.65 441
16.6667 437
16.6833 434
16.7 430
16.7167 426
16.7333 422
16.75 419
16.7667 415
16.7833 411
16.8 407
16.8167 404
16.8333 400
16.85 396
16.8667 392
16.8833 389
16.9 385
16.9167 381
16.9333 377
16.95 373
16.9667 370
16.9833 366
