8.0 309
8.0167 313
8.0333 317
8.05 320
8.0667 324
8.0833 328
8.1 332
8.1167 336
8.1333 339
8.15 343
8.1667 347
8.1833 351
8.2 355
8.2167 359
8.2333 362
8.25 366
8.2667 370
8.2833 374
8.3 378
8.3167 381
8.3333 385
8.35 389
8.3667 393
8.3833 397
8.4 400
8.4167 404
8.4333 408
8.45 412
8.4667 415
8.4833 419
8.5 423
8.5167 427
8.5333 430
8.55 434
8.5667 438
8.5833 442
8.6 445
8.6167 449
8.6333 453
8.65 457
8.6667 460
8.6833 464
8.7 468
8.7167 471
8.7333 475
8.75 479
8.7667 483
8.7833 486
8.8 490
8.8167 494
8.8333 497
8.85 501
8.8667 504
8.8833 508
8.9 512
8.9167 515
8.9333 519
8.95 523
8.9667 526
8.9833 530
9.0 533
9.0167 537
9.0333 541
9.05 545
9.0667 548
9.0833 552
9.1 555
9.1167 559
9.1333 562
9.15 566
9.1667 569
9.1833 573
9.2 576
9.2167 580
9.2333 583
9.25 586
9.2667 590
9.2833 593
9.3 597
9.3167 600
9.3333 603
9.35 607
9.3667 610
9.3833 614
9.4 617
9.4167 620
9.4333 623
9.45 627
9.4667 630
9.4833 633
9.5 637
9.5167 640
9.5333 643
9.55 646
9.5667 650
9.5833 653
9.6 656
9.6167 659
9.6333 662
9.65 666
9.6667 669
9.6833 672
9.7 675
9.7167 678
9.7333 681
9.75 684
9.7667 687
9.7833 690
9.8 693
9.8167 696
9.8333 699
9.85 703
9.8667 706
9.8833 708
9.9 711
9.9167 714
9.9333 717
9.95 720
9.9667 723
9.9833 726
10.0 729
10.0167 732
10.0333 735
10.05 738
10.0667 740
10.0833 743
10.1 746
10.1167 749
10.1333 752
10.15 754
10.1667 757
10.1833 760
10.2 762
10.2167 765
10.2333 768
10.25 770
10.2667 773
10.2833 776
10.3 778
10.3167 781
10.3333 784
10.35 786
10.3667 789
10.3833 791
10.4 794
10.4167 796
10.4333 799
10.45 801
10.4667 804
10.4833 806
10.5 809
10.5167 811
10.5333 813
10.55 816
10.5667 818
10.5833 821
10.6 823
10.6167 825
10.6333 827
10.65 830
10.6667 832
10.6833 834
10.7 836
10.7167 839
10.7333 841
10.75 843
10.7667 845
10.7833 847
10.8 850
10.8167 852
10.8333 854
10.85 856
10.8667 858
10.8833 860
10.9 862
10.9167 864
10.9333 866
10.95 868
10.9667 870
10.9833 872
11.0 874
11.0167 876
11.0333 878
11.05 879
11.0667 881
11.0833 883
11.1 885
11.1167 887
11.1333 888
11.15 890
11.1667 892
11.1833 894
11.2 895
11.2167 897
11.2333 899
11.25 900
11.2667 902
11.2833 904
11.3 905
11.3167 907
11.3333 908
11.35 910
11.3667 911
11.3833 913
11.4 914
11.4167 916
11.4333 917
11.45 919
11.4667 920
11.4833 922
11.5 923
11.5167 924
11.5333 926
11.55 927
11.5667 928
11.5833 930
11.6 931
11.6167 932
11.6333 933
11.65 935
11.6667 936
11.6833 937
11.7 938
11.7167 939
11.7333 940
11.75 941
11.7667 942
11.7833 943
11.8 945
11.8167 946
11.8333 947
11.85 947
11.8667 948
11.8833 949
11.9 950
11.9167 951
11.9333 952
11.95 953
11.9667 954
11.9833 955
12.0 955
12.0167 956
12.0333 957
12.05 958
12.0667 958
12.0833 959
12.1 960
12.1167 960
12.1333 961
12.15 962
12.1667 962
12.1833 963
12.2 963
12.2167 964
12.2333 964
12.25 965
12.2667 965
12.2833 966
12.3 966
12.3167 967
12.3333 967
12.35 968
12.3667 968
12.3833 968
12.4 969
12.4167 969
12.4333 969
12.45 969
12.4667 970
12.4833 970
12.5 970
12.5167 970
12.5333 970
12.55 971
12.5667 971
12.5833 971
12.6 971
12.6167 971
12.6333 971
12.65 971
12.6667 971
12.6833 971
12.7 971
12.7167 971
12.7333 971
12.75 971
12.7667 971
12.7833 971
12.8 970
12.8167 970
12.8333 970
12.85 970
12.8667 970
12.8833 969
12.9 969
12.9167 969
12.9333 968
12.95 968
12.9667 968
12.9833 967
13.0 967
13.0167 967
13.0333 966
13.05 966
13.0667 965
13.0833 965
13.1 964
13.1167 964
13.1333 963
13.15 963
13.1667 962
13.1833 961
13.2 961
13.2167 960
13.2333 959
13.25 959
13.2667 958
13.2833 957
13.3 956
13.3167 956
13.3333 955
13.35 954
13.3667 953
13.3833 952
13.4 952
13.4167 951
13.4333 950
13.45 949
13.4667 948
13.4833 947
13.5 946
13.5167 945
13.5333 944
13.55 943
13.5667 942
13.5833 941
13.6 940
13.6167 939
13.6333 937
13.65 936
13.6667 935
13.6833 934
13.7 933
13.7167 931
13.7333 930
13.75 929
13.7667 928
13.7833 926
13.8 925
13.8167 924
13.8333 922
13.85 921
13.8667 919
13.8833 918
13.9 917
13.9167 915
13.9333 914
13.95 912
13.9667 911
13.9833 909
14.0 908
14.0167 906
14.0333 904
14.05 903
14.0667 901
14.0833 900
14.1 898
14.1167 896
14.1333 894
14.15 893
14.1667 891
14.1833 889
14.2 887
14.2167 886
14.2333 884
14.25 882
14.2667 880
14.2833 878
14.3 876
14.3167 875
14.3333 873
14.35 871
14.3667 869
14.3833 867
14.4 865
14.4167 863
14.4333 861
14.45 859
14.4667 857
14.4833 855
14.5 853
14.5167 850
14.5333 848
14.55 846
14.5667 844
14.5833 842
14.6 840
14.6167 837
14.6333 835
14.65 833
14.6667 831
14.6833 828
14.7 826
14.7167 824
14.7333 822
14.75 819
14.7667 817
14.7833 814
14.8 812
14.8167 810
14.8333 807
14.85 805
14.8667 802
14.8833 800
14.9 797
14.9167 795
14.9333 792
14.95 790
14.9667 787
14.9833 785
15.0 782
15.0167 780
15.0333 777
15.05 775
15.0667 772
15.0833 769
15.1 767
15.1167 764
15.1333 761
15.15 758
15.1667 756
15.1833 753
15.2 750
15.2167 747
15.2333 745
15.25 742
15.2667 739
15.2833 736
15.3 733
15.3167 730
15.3333 728
15.35 725
15.3667 722
15.3833 719
15.4 716
15.4167 713
15.4333 710
15.45 707
15.4667 704
15.4833 701
15.5 698
15.5167 695
15.5333 692
15.55 689
15.5667 686
15.5833 683
15.6 680
15.6167 677
15.6333 673
15.65 670
15.6667 667
15.6833 664
15.7 661
15.7167 658
15.7333 655
15.75 651
15.7667 648
15.7833 645
15.8 642
15.8167 638
15.8333 635
15.85 632
15.8667 629
15.8833 625
15.9 622
15.9167 619
15.9333 615
15.95 612
15.9667 609
15.9833 605
16.0 602
16.0167 598
16.0333 595
16.05 592
16.0667 588
16.0833 585
16.1 581
16.1167 578
16.1333 574
16.15 571
16.1667 567
16.1833 564
16.2 561
16.2167 557
16.2333 553
16.25 550
16.2667 546
16.2833 543
16.3 539
16.3167 536
16.3333 532
16.35 529
16.3667 525
16.3833 521
16.4 518
16.4167 514
16.4333 511
16.45 507
16.4667 503
16.4833 500
16.5 496
16.5167 492
16.5333 489
16.55 485
16.5667 481
16.5833 478
16.6 474
16.6167 470
16.6333 467
16.65 463
16.6667 459
16.6833 456
16.7 452
16.7167 448
16.7333 444
16.75 441
16.7667 437
16.7833 433
16.8 429
16.8167 426
16.8333 422
16.85 418
16.8667 414
16.8833 411
16.9 407
16.9167 403
16.9333 399
16.95 395
16.9667 392
16.9833 388
