8.0 366
8.0167 369
8.0333 373
8.05 377
8.0667 381
8.0833 384
8.1 388
8.1167 392
8.1333 396
8.15 399
8.1667 403
8.1833 407
8.2 411
8.2167 414
8.2333 418
8.25 422
8.2667 426
8.2833 429
8.3 433
8.3167 437
8.3333 440
8.35 444
8.3667 448
8.3833 451
8.4 455
8.4167 459
8.4333 463
8.45 466
8.4667 470
8.4833 474
8.5 477
8.5167 481
8.5333 485
8.55 488
8.5667 492
8.5833 496
8.6 499
8.6167 503
8.6333 506
8.65 510
8.6667 514
8.6833 517
8.7 521
8.7167 524
8.7333 528
8.75 532
8.7667 535
8.7833 539
8.8 542
8.8167 546
8.8333 549
8.85 553
8.8667 556
8.8833 560
8.9 563
8.9167 567
8.9333 570
8.95 574
8.9667 577
8.9833 581
9.0 584
9.0167 588
9.0333 591
9.05 595
9.0667 598
9.0833 601
9.1 605
9.1167 608
9.1333 612
9.15 615
9.1667 618
9.1833 622
9.2 625
9.2167 628
9.2333 632
9.25 635
9.2667 638
9.2833 641
9.3 645
9.3167 648
9.3333 651
9.35 654
9.3667 658
9.3833 661
9.4 664
9.4167 667
9.4333 671
9.45 674
9.4667 677
9.4833 680
9.5 683
9.5167 686
9.5333 689
9.55 692
9.5667 696
9.5833 699
9.6 702
9.6167 705
9.6333 708
9.65 711
9.6667 714
9.6833 717
9.7 720
9.7167 723
9.7333 726
9.75 729
9.7667 732
9.7833 735
9.8 737
9.8167 740
9.8333 743
9.85 746
9.8667 749
9.8833 752
9.9 755
9.9167 758
9.9333 760
9.95 763
9.9667 766
9.9833 769
10.0 771
10.0167 774
10.0333 777
10.05 780
10.0667 782
10.0833 785
10.1 788
10.1167 790
10.1333 793
10.15 796
10.1667 798
10.1833 801
10.2 803
10.2167 806
10.2333 808
10.25 811
10.2667 813
10.2833 816
10.3 818
10.3167 821
10.3333 823
10.35 826
10.3667 828
10.3833 831
10.4 833
10.4167 835
10.4333 838
10.45 840
10.4667 843
10.4833 845
10.5 847
10.5167 849
10.5333 852
10.55 854
10.5667 856
10.5833 858
10.6 861
10.6167 863
10.6333 865
10.65 867
10.6667 869
10.6833 872
10.7 874
10.7167 876
10.7333 878
10.75 880
10.7667 882
10.7833 884
10.8 886
10.8167 888
10.8333 890
10.85 892
10.8667 894
10.8833 896
10.9 898
10.9167 900
10.9333 901
10.95 903
10.9667 905
10.9833 907
11.0 909
11.0167 911
11.0333 912
11.05 914
11.0667 916
11.0833 918
11.1 919
11.1167 921
11.1333 923
11.15 924
11.1667 926
11.1833 928
11.2 929
11.2167 931
11.2333 932
11.25 934
11.2667 936
11.2833 937
11.3 939
11.3167 940
11.3333 942
11.35 943
11.3667 944
11.3833 946
11.4 947
11.4167 949
11.4333 950
11.45 951
11.4667 953
11.4833 954
11.5 955
11.5167 956
11.5333 958
11.55 959
11.5667 960
11.5833 961
11.6 963
11.6167 964
11.6333 965
11.65 966
11.6667 967
11.6833 968
11.7 969
11.7167 970
11.7333 971
11.75 972
11.7667 973
11.7833 974
11.8 975
11.8167 976
11.8333 977
11.85 978
11.8667 979
11.8833 980
11.9 981
11.9167 981
11.9333 982
11.95 983
11.9667 984
11.9833 984
12.0 985
12.0167 986
12.0333 987
12.05 987
12.0667 988
12.0833 989
12.1 989
12.1167 990
12.1333 990
12.15 991
12.1667 991
12.1833 992
12.2 992
12.2167 993
12.2333 993
12.25 994
12.2667 994
12.2833 995
12.3 995
12.3167 995
12.3333 996
12.35 996
12.3667 996
12.3833 997
12.4 997
12.4167 997
12.4333 998
12.45 998
12.4667 998
12.4833 998
12.5 998
12.5167 998
12.5333 999
12.55 999
12.5667 999
12.5833 999
12.6 999
12.6167 999
12.6333 999
12.65 999
12.6667 999
12.6833 999
12.7 999
12.7167 999
12.7333 998
12.75 998
12.7667 998
12.7833 998
12.8 998
12.8167 998
12.8333 997
12.85 997
12.8667 997
12.8833 997
12.9 996
12.9167 996
12.9333 996
12.95 995
12.9667 995
12.9833 994
13.0 994
13.0167 994
13.0333 993
13.05 993
13.0667 992
13.0833 992
13.1 991
13.1167 991
13.1333 990
13.15 989
13.1667 989
13.1833 988
13.2 988
13.2167 987
13.2333 986
13.25 986
13.2667 985
13.2833 984
13.3 983
13.3167 983
13.3333 982
13.35 981
13.3667 980
13.3833 979
13.4 978
13.4167 977
13.4333 977
13.45 976
13.4667 975
13.4833 974
13.5 973
13.5167 972
13.5333 971
13.55 970
13.5667 969
13.5833 968
13.6 966
13.6167 965
13.6333 964
13.65 963
13.6667 962
13.6833 961
13.7 959
13.7167 958
13.7333 957
13.75 956
13.7667 954
13.7833 953
13.8 952
13.8167 951
13.8333 949
13.85 948
13.8667 946
13.8833 945
13.9 944
13.9167 942
13.9333 941
13.95 939
13.9667 938
13.9833 936
14.0 935
14.0167 933
14.0333 932
14.05 930
14.0667 928
14.0833 927
14.1 925
14.1167 924
14.1333 922
14.15 920
14.1667 918
14.1833 917
14.2 915
14.2167 913
14.2333 911
14.25 910
14.2667 908
14.2833 906
14.3 904
14.3167 902
14.3333 900
14.35 899
14.3667 897
14.3833 895
14.4 893
14.4167 891
14.4333 889
14.45 887
14.4667 885
14.4833 883
14.5 881
14.5167 879
14.5333 877
14.55 875
14.5667 872
14.5833 870
14.6 868
14.6167 866
14.6333 864
14.65 862
14.6667 859
14.6833 857
14.7 855
14.7167 853
14.7333 851
14.75 848
14.7667 846
14.7833 844
14.8 841
14.8167 839
14.8333 837
14.85 834
14.8667 832
14.8833 829
14.9 827
14.9167 825
14.9333 822
14.95 820
14.9667 817
14.9833 815
15.0 812
15.0167 810
15.0333 807
15.05 805
15.0667 802
15.0833 799
15.1 797
15.1167 794
15.1333 792
15.15 789
15.1667 786
15.1833 784
15.2 781
15.2167 778
15.2333 776
15.25 773
15.2667 770
15.2833 767
15.3 765
15.3167 762
15.3333 759
15.35 756
15.3667 753
15.3833 750
15.4 748
15.4167 745
15.4333 742
15.45 739
15.4667 736
15.4833 733
15.5 730
15.5167 727
15.5333 724
15.55 721
15.5667 718
15.5833 715
15.6 712
15.6167 709
15.6333 706
15.65 703
15.6667 700
15.6833 697
15.7 694
15.7167 691
15.7333 688
15.75 685
15.7667 682
15.7833 678
15.8 675
15.8167 672
15.8333 669
15.85 666
15.8667 663
15.8833 659
15.9 656
15.9167 653
15.9333 650
15.95 646
15.9667 643
15.9833 640
16.0 637
16.0167 633
16.0333 630
16.05 627
16.0667 623
16.0833 620
16.1 617
16.1167 613
16.1333 610
16.15 607
16.1667 603
16.1833 600
16.2 596
16.2167 593
16.2333 590
16.25 586
16.2667 583
16.2833 579
16.3 576
16.3167 572
16.3333 569
16.35 565
16.3667 562
16.3833 558
16.4 555
16.4167 551
16.4333 548
16.45 544
16.4667 541
16.4833 537
16.5 534
16.5167 530
16.5333 526
16.55 523
16.5667 519
16.5833 516
16.6 512
16.6167 509
16.6333 505
16.65 501
16.6667 498
16.6833 494
16.7 490
16.7167 487
16.7333 483
16.75 479
16.7667 476
16.7833 472
16.8 468
16.8167 465
16.8333 461
16.85 457
16.8667 454
16.8833 450
16.9 446
16.9167 443
16.9333 439
16.95 435
16.9667 431
16.9833 428
