8.0 371
8.0167 375
8.0333 379
8.05 382
8.0667 386
8.0833 390
8.1 393
8.1167 397
8.1333 401
8.15 405
8.1667 408
8.1833 412
8.2 416
8.2167 419
8.2333 423
8.25 427
8.2667 431
8.2833 434
8.3 438
8.3167 442
8.3333 445
8.35 449
8.3667 453
8.3833 456
8.4 460
8.4167 464
8.4333 467
8.45 471
8.4667 475
8.4833 478
8.5 482
8.5167 485
8.5333 489
8.55 493
8.5667 496
8.5833 500
8.6 504
8.6167 507
8.6333 511
8.65 514
8.6667 518
8.6833 521
8.7 525
8.7167 528
8.7333 532
8.75 536
8.7667 539
8.7833 543
8.8 546
8.8167 550
8.8333 553
8.85 557
8.8667 560
8.8833 564
8.9 567
8.9167 571
8.9333 574
8.95 577
8.9667 581
8.9833 584
9.0 588
9.0167 591
9.0333 595
9.05 598
9.0667 601
9.0833 605
9.1 608
9.1167 611
9.1333 615
9.15 618
9.1667 621
9.1833 625
9.2 628
9.2167 631
9.2333 635
9.25 638
9.2667 641
9.2833 644
9.3 648
9.3167 651
9.3333 654
9.35 657
9.3667 660
9.3833 664
9.4 667
9.4167 670
9.4333 673
9.45 676
9.4667 679
9.4833 682
9.5 686
9.5167 689
9.5333 692
9.55 695
9.5667 698
9.5833 701
9.6 704
9.6167 707
9.6333 710
9.65 713
9.6667 716
9.6833 719
9.7 722
9.7167 725
9.7333 728
9.75 731
9.7667 734
9.7833 737
9.8 739
9.8167 742
9.8333 745
9.85 748
9.8667 751
9.8833 754
9.9 756
9.9167 759
9.9333 762
9.95 765
9.9667 768
9.9833 770
10.0 773
10.0167 776
10.0333 778
10.05 781
10.0667 784
10.0833 786
10.1 789
10.1167 792
10.1333 794
10.15 797
10.1667 799
10.1833 802
10.2 805
10.2167 807
10.2333 810
10.25 812
10.2667 815
10.2833 817
10.3 820
10.3167 822
10.3333 825
10.35 827
10.3667 829
10.3833 832
10.4 834
10.4167 837
10.4333 839
10.45 841
10.4667 843
10.4833 846
10.5 848
10.5167 850
10.5333 853
10.55 855
10.5667 857
10.5833 859
10.6 861
10.6167 864
10.6333 866
10.65 868
10.6667 870
10.6833 872
10.7 874
10.7167 876
10.7333 878
10.75 881
10.7667 883
10.7833 885
10.8 887
10.8167 889
10.8333 891
10.85 892
10.8667 894
10.8833 896
10.9 898
10.9167 900
10.9333 902
10.95 904
10.9667 906
10.9833 907
11.0 909
11.0167 911
11.0333 913
11.05 915
11.0667 916
11.0833 918
11.1 920
11.1167 921
11.1333 923
11.15 925
11.1667 926
11.1833 928
11.2 930
11.2167 931
11.2333 933
11.25 934
11.2667 936
11.2833 937
11.3 939
11.3167 940
11.3333 942
11.35 943
11.3667 945
11.3833 946
11.4 947
11.4167 949
11.4333 950
11.45 951
11.4667 953
11.4833 954
11.5 955
11.5167 957
11.5333 958
11.55 959
11.5667 960
11.5833 961
11.6 963
11.6167 964
11.6333 965
11.65 966
11.6667 967
11.6833 968
11.7 969
11.7167 970
11.7333 971
11.75 972
11.7667 973
11.7833 974
11.8 975
11.8167 976
11.8333 977
11.85 978
11.8667 979
11.8833 980
11.9 980
11.9167 981
11.9333 982
11.95 983
11.9667 984
11.9833 984
12.0 985
12.0167 986
12.0333 987
12.05 987
12.0667 988
12.0833 989
12.1 989
12.1167 990
12.1333 990
12.15 991
12.1667 991
12.1833 992
12.2 992
12.2167 993
12.2333 993
12.25 994
12.2667 994
12.2833 995
12.3 995
12.3167 995
12.3333 996
12.35 996
12.3667 996
12.3833 997
12.4 997
12.4167 997
12.4333 998
12.45 998
12.4667 998
12.4833 998
12.5 998
12.5167 998
12.5333 999
12.55 999
12.5667 999
12.5833 999
12.6 999
12.6167 999
12.6333 999
12.65 999
12.6667 999
12.6833 999
12.7 999
12.7167 999
12.7333 999
12.75 999
12.7667 998
12.7833 998
12.8 998
12.8167 998
12.8333 998
12.85 997
12.8667 997
12.8833 997
12.9 997
12.9167 996
12.9333 996
12.95 996
12.9667 995
12.9833 995
13.0 994
13.0167 994
13.0333 994
13.05 993
13.0667 993
13.0833 992
13.1 992
13.1167 991
13.1333 990
13.15 990
13.1667 989
13.1833 989
13.2 988
13.2167 987
13.2333 987
13.25 986
13.2667 985
13.2833 985
13.3 984
13.3167 983
13.3333 982
13.35 982
13.3667 981
13.3833 980
13.4 979
13.4167 978
13.4333 977
13.45 976
13.4667 975
13.4833 975
13.5 974
13.5167 973
13.5333 972
13.55 971
13.5667 970
13.5833 968
13.6 967
13.6167 966
13.6333 965
13.65 964
13.6667 963
13.6833 962
13.7 961
13.7167 959
13.7333 958
13.75 957
13.7667 956
13.7833 954
13.8 953
13.8167 952
13.8333 950
13.85 949
13.8667 948
13.8833 946
13.9 945
13.9167 944
13.9333 942
13.95 941
13.9667 939
13.9833 938
14.0 936
14.0167 935
14.0333 933
14.05 932
14.0667 930
14.0833 928
14.1 927
14.1167 925
14.1333 924
14.15 922
14.1667 920
14.1833 919
14.2 917
14.2167 915
14.2333 913
14.25 912
14.2667 910
14.2833 908
14.3 906
14.3167 904
14.3333 903
14.35 901
14.3667 899
14.3833 897
14.4 895
14.4167 893
14.4333 891
14.45 889
14.4667 887
14.4833 885
14.5 883
14.5167 881
14.5333 879
14.55 877
14.5667 875
14.5833 873
14.6 871
14.6167 869
14.6333 866
14.65 864
14.6667 862
14.6833 860
14.7 858
14.7167 856
14.7333 853
14.75 851
14.7667 849
14.7833 847
14.8 844
14.8167 842
14.8333 840
14.85 837
14.8667 835
14.8833 832
14.9 830
14.9167 828
14.9333 825
14.95 823
14.9667 820
14.9833 818
15.0 816
15.0167 813
15.0333 811
15.05 808
15.0667 805
15.0833 803
15.1 800
15.1167 798
15.1333 795
15.15 793
15.1667 790
15.1833 787
15.2 785
15.2167 782
15.2333 779
15.25 777
15.2667 774
15.2833 771
15.3 769
15.3167 766
15.3333 763
15.35 760
15.3667 757
15.3833 755
15.4 752
15.4167 749
15.4333 746
15.45 743
15.4667 740
15.4833 738
15.5 735
15.5167 732
15.5333 729
15.55 726
15.5667 723
15.5833 720
15.6 717
15.6167 714
15.6333 711
15.65 708
15.6667 705
15.6833 702
15.7 699
15.7167 696
15.7333 693
15.75 690
15.7667 687
15.7833 684
15.8 680
15.8167 677
15.8333 674
15.85 671
15.8667 668
15.8833 665
15.9 662
15.9167 658
15.9333 655
15.95 652
15.9667 649
15.9833 646
16.0 642
16.0167 639
16.0333 636
16.05 632
16.0667 629
16.0833 626
16.1 623
16.1167 619
16.1333 616
16.15 613
16.1667 609
16.1833 606
16.2 603
16.2167 599
16.2333 596
16.25 592
16.2667 589
16.2833 586
16.3 582
16.3167 579
16.3333 575
16.35 572
16.3667 568
16.3833 565
16.4 561
16.4167 558
16.4333 555
16.45 551
16.4667 548
16.4833 544
16.5 541
16.5167 537
16.5333 533
16.55 530
16.5667 526
16.5833 523
16.6 519
16.6167 516
16.6333 512
16.65 509
16.6667 505
16.6833 501
16.7 498
16.7167 494
16.7333 491
16.75 487
16.7667 483
16.7833 480
16.8 476
16.8167 472
16.8333 469
16.85 465
16.8667 461
16.8833 458
16.9 454
16.9167 450
16.9333 447
16.95 443
16.9667 439
16.9833 436
