8.0 305
8.0167 309
8.0333 312
8.05 315
8.0667 319
8.0833 322
8.1 325
8.1167 329
8.1333 332
8.15 335
8.1667 339
8.1833 342
8.2 345
8.2167 348
8.2333 352
8.25 355
8.2667 358
8.2833 362
8.3 365
8.3167 368
8.3333 372
8.35 375
8.3667 378
8.3833 382
8.4 385
8.4167 388
8.4333 392
8.45 395
8.4667 398
8.4833 402
8.5 405
8.5167 408
8.5333 412
8.55 415
8.5667 418
8.5833 421
8.6 425
8.6167 428
8.6333 431
8.65 435
8.6667 438
8.6833 441
8.7 444
8.7167 448
8.7333 451
8.75 454
8.7667 458
8.7833 461
8.8 464
8.8167 467
8.8333 471
8.85 474
8.8667 477
8.8833 480
8.9 483
8.9167 487
8.9333 490
8.95 493
8.9667 496
8.9833 499
9.0 503
9.0167 506
9.0333 509
9.05 512
9.0667 515
9.0833 518
9.1 521
9.1167 524
9.1333 528
9.15 531
9.1667 534
9.1833 537
9.2 540
9.2167 543
9.2333 546
9.25 549
9.2667 552
9.2833 555
9.3 558
9.3167 561
9.3333 564
9.35 567
9.3667 570
9.3833 573
9.4 576
9.4167 579
9.4333 582
9.45 585
9.4667 588
9.4833 591
9.5 594
9.5167 597
9.5333 600
9.55 603
9.5667 606
9.5833 609
9.6 612
9.6167 614
9.6333 617
9.65 620
9.6667 623
9.6833 626
9.7 629
9.7167 631
9.7333 634
9.75 637
9.7667 640
9.7833 643
9.8 645
9.8167 648
9.8333 651
9.85 653
9.8667 656
9.8833 659
9.9 662
9.9167 664
9.9333 667
9.95 670
9.9667 672
9.9833 675
10.0 677
10.0167 680
10.0333 683
10.05 685
10.0667 688
10.0833 690
10.1 693
10.1167 695
10.1333 698
10.15 700
10.1667 703
10.1833 705
10.2 708
10.2167 710
10.2333 713
10.25 715
10.2667 717
10.2833 720
10.3 722
10.3167 725
10.3333 727
10.35 729
10.3667 732
10.3833 734
10.4 736
10.4167 739
10.4333 741
10.45 743
10.4667 745
10.4833 748
10.5 750
10.5167 752
10.5333 754
10.55 756
10.5667 759
10.5833 761
10.6 763
10.6167 765
10.6333 767
10.65 769
10.6667 771
10.6833 773
10.7 775
10.7167 777
10.7333 779
10.75 781
10.7667 783
10.7833 785
10.8 787
10.8167 789
10.8333 791
10.85 793
10.8667 795
10.8833 797
10.9 799
10.9167 801
10.9333 802
10.95 804
10.9667 806
10.9833 808
11.0 810
11.0167 811
11.0333 813
11.05 815
11.0667 817
11.0833 818
11.1 820
11.1167 822
11.1333 823
11.15 825
11.1667 826
11.1833 828
11.2 830
11.2167 831
11.2333 833
11.25 834
11.2667 836
11.2833 837
11.3 839
11.3167 840
11.3333 842
11.35 843
11.3667 845
11.3833 846
11.4 847
11.4167 849
11.4333 850
11.45 851
11.4667 853
11.4833 854
11.5 855
11.5167 857
11.5333 858
11.55 859
11.5667 860
11.5833 861
11.6 863
11.6167 864
11.6333 865
11.65 866
11.6667 867
11.6833 868
11.7 869
11.7167 871
11.7333 872
11.75 873
11.7667 874
11.7833 875
11.8 876
11.8167 877
11.8333 878
11.85 878
11.8667 879
11.8833 880
11.9 881
11.9167 882
11.9333 883
11.95 884
11.9667 884
11.9833 885
12.0 886
12.0167 887
12.0333 888
12.05 888
12.0667 889
12.0833 890
12.1 890
12.1167 891
12.1333 892
12.15 892
12.1667 893
12.1833 893
12.2 894
12.2167 894
12.2333 895
12.25 896
12.2667 896
12.2833 896
12.3 897
12.3167 897
12.3333 898
12.35 898
12.3667 899
12.3833 899
12.4 899
12.4167 900
12.4333 900
12.45 900
12.4667 901
12.4833 901
12.5 901
12.5167 901
12.5333 901
12.55 902
12.5667 902
12.5833 902
12.6 902
12.6167 902
12.6333 902
12.65 902
12.6667 902
12.6833 902
12.7 903
12.7167 903
12.7333 903
12.75 902
12.7667 902
12.7833 902
12.8 902
12.8167 902
12.8333 902
12.85 902
12.8667 902
12.8833 902
12.9 901
12.9167 901
12.9333 901
12.95 901
12.9667 900
12.9833 900
13.0 900
13.0167 900
13.0333 899
13.05 899
13.0667 898
13.0833 898
13.1 898
13.1167 897
13.1333 897
13.15 896
13.1667 896
13.1833 895
13.2 895
13.2167 894
13.2333 894
13.25 893
13.2667 893
13.2833 892
13.3 891
13.3167 891
13.3333 890
13.35 889
13.3667 889
13.3833 888
13.4 887
13.4167 887
13.4333 886
13.45 885
13.4667 884
13.4833 883
13.5 883
13.5167 882
13.5333 881
13.55 880
13.5667 879
13.5833 878
13.6 877
13.6167 876
13.6333 875
13.65 874
13.6667 873
13.6833 872
13.7 871
13.7167 870
13.7333 869
13.75 868
13.7667 867
13.7833 866
13.8 865
13.8167 864
13.8333 862
13.85 861
13.8667 860
13.8833 859
13.9 857
13.9167 856
13.9333 855
13.95 854
13.9667 852
13.9833 851
14.0 850
14.0167 848
14.0333 847
14.05 846
14.0667 844
14.0833 843
14.1 841
14.1167 840
14.1333 838
14.15 837
14.1667 835
14.1833 834
14.2 832
14.2167 831
14.2333 829
14.25 828
14.2667 826
14.2833 824
14.3 823
14.3167 821
14.3333 819
14.35 818
14.3667 816
14.3833 814
14.4 813
14.4167 811
14.4333 809
14.45 807
14.4667 805
14.4833 804
14.5 802
14.5167 800
14.5333 798
14.55 796
14.5667 794
14.5833 792
14.6 791
14.6167 789
14.6333 787
14.65 785
14.6667 783
14.6833 781
14.7 779
14.7167 777
14.7333 775
14.75 773
14.7667 771
14.7833 769
14.8 766
14.8167 764
14.8333 762
14.85 760
14.8667 758
14.8833 756
14.9 754
14.9167 751
14.9333 749
14.95 747
14.9667 745
14.9833 742
15.0 740
15.0167 738
15.0333 736
15.05 733
15.0667 731
15.0833 729
15.1 726
15.1167 724
15.1333 722
15.15 719
15.1667 717
15.1833 714
15.2 712
15.2167 710
15.2333 707
15.25 705
15.2667 702
15.2833 700
15.3 697
15.3167 695
15.3333 692
15.35 690
15.3667 687
15.3833 685
15.4 682
15.4167 679
15.4333 677
15.45 674
15.4667 672
15.4833 669
15.5 666
15.5167 664
15.5333 661
15.55 658
15.5667 656
15.5833 653
15.6 650
15.6167 647
15.6333 645
15.65 642
15.6667 639
15.6833 636
15.7 634
15.7167 631
15.7333 628
15.75 625
15.7667 622
15.7833 619
15.8 617
15.8167 614
15.8333 611
15.85 608
15.8667 605
15.8833 602
15.9 599
15.9167 596
15.9333 593
15.95 591
15.9667 588
15.9833 585
16.0 582
16.0167 579
16.0333 576
16.05 573
16.0667 570
16.0833 567
16.1 564
16.1167 561
16.1333 558
16.15 555
16.1667 551
16.1833 548
16.2 545
16.2167 542
16.2333 539
16.25 536
16.2667 533
16.2833 530
16.3 527
16.3167 524
16.3333 521
16.35 517
16.3667 514
16.3833 511
16.4 508
16.4167 505
16.4333 502
16.45 498
16.4667 495
16.4833 492
16.5 489
16.5167 486
16.5333 482
16.55 479
16.5667 476
16.5833 473
16.6 470
16.6167 466
16.6333 463
16.65 460
16.6667 457
16.6833 453
16.7 450
16.7167 447
16.7333 444
16.75 440
16.7667 437
16.7833 434
16.8 430
16.8167 427
16.8333 424
16.85 421
16.8667 417
16.8833 414
16.9 411
16.9167 407
16.9333 404
16.95 401
16.9667 397
16.9833 394
