8.0 363
8.0167 366
8.0333 370
8.05 374
8.0667 377
8.0833 381
8.1 384
8.1167 388
8.1333 392
8.15 395
8.1667 399
8.1833 402
8.2 406
8.2167 410
8.2333 413
8.25 417
8.2667 421
8.2833 424
8.3 428
8.3167 431
8.3333 435
8.35 438
8.3667 442
8.3833 446
8.4 449
8.4167 453
8.4333 456
8.45 460
8.4667 463
8.4833 467
8.5 471
8.5167 474
8.5333 478
8.55 481
8.5667 485
8.5833 488
8.6 492
8.6167 495
8.6333 499
8.65 502
8.6667 506
8.6833 509
8.7 513
8.7167 516
8.7333 520
8.75 523
8.7667 527
8.7833 530
8.8 533
8.8167 537
8.8333 540
8.85 544
8.8667 547
8.8833 551
8.9 554
8.9167 557
8.9333 561
8.95 564
8.9667 567
8.9833 571
9.0 574
9.0167 577
9.0333 581
9.05 584
9.0667 587
9.0833 591
9.1 594
9.1167 597
9.1333 600
9.15 604
9.1667 607
9.1833 610
9.2 613
9.2167 617
9.2333 620
9.25 623
9.2667 626
9.2833 630
9.3 633
9.3167 636
9.3333 639
9.35 642
9.3667 645
9.3833 648
9.4 652
9.4167 655
9.4333 658
9.45 661
9.4667 664
9.4833 667
9.5 670
9.5167 673
9.5333 676
9.55 679
9.5667 682
9.5833 685
9.6 688
9.6167 691
9.6333 694
9.65 697
9.6667 700
9.6833 703
9.7 706
9.7167 709
9.7333 712
9.75 715
9.7667 717
9.7833 720
9.8 723
9.8167 726
9.8333 729
9.85 732
9.8667 734
9.8833 737
9.9 740
9.9167 743
9.9333 746
9.95 748
9.9667 751
9.9833 754
10.0 756
10.0167 759
10.0333 762
10.05 764
10.0667 767
10.0833 770
10.1 772
10.1167 775
10.1333 777
10.15 780
10.1667 783
10.1833 785
10.2 788
10.2167 790
10.2333 793
10.25 795
10.2667 798
10.2833 800
10.3 803
10.3167 805
10.3333 807
10.35 810
10.3667 812
10.3833 815
10.4 817
10.4167 819
10.4333 822
10.45 824
10.4667 826
10.4833 829
10.5 831
10.5167 833
10.5333 835
10.55 838
10.5667 840
10.5833 842
10.6 844
10.6167 846
10.6333 848
10.65 851
10.6667 853
10.6833 855
10.7 857
10.7167 859
10.7333 861
10.75 863
10.7667 865
10.7833 867
10.8 869
10.8167 871
10.8333 873
10.85 875
10.8667 877
10.8833 879
10.9 881
10.9167 883
10.9333 884
10.95 886
10.9667 888
10.9833 890
11.0 892
11.0167 894
11.0333 895
11.05 897
11.0667 899
11.0833 901
11.1 902
11.1167 904
11.1333 906
11.15 907
11.1667 909
11.1833 911
11.2 912
11.2167 914
11.2333 915
11.25 917
11.2667 918
11.2833 920
11.3 921
11.3167 923
11.3333 924
11.35 926
11.3667 927
11.3833 929
11.4 930
11.4167 931
11.4333 933
11.45 934
11.4667 935
11.4833 937
11.5 938
11.5167 939
11.5333 941
11.55 942
11.5667 943
11.5833 944
11.6 946
11.6167 947
11.6333 948
11.65 949
11.6667 950
11.6833 951
11.7 952
11.7167 953
11.7333 954
11.75 955
11.7667 956
11.7833 957
11.8 958
11.8167 959
11.8333 960
11.85 961
11.8667 962
11.8833 963
11.9 964
11.9167 965
11.9333 966
11.95 966
11.9667 967
11.9833 968
12.0 969
12.0167 970
12.0333 970
12.05 971
12.0667 972
12.0833 972
12.1 973
12.1167 974
12.1333 974
12.15 975
12.1667 975
12.1833 976
12.2 977
12.2167 977
12.2333 978
12.25 978
12.2667 979
12.2833 979
12.3 979
12.3167 980
12.3333 980
12.35 981
12.3667 981
12.3833 981
12.4 982
12.4167 982
12.4333 982
12.45 982
12.4667 983
12.4833 983
12.5 983
12.5167 983
12.5333 984
12.55 984
12.5667 984
12.5833 984
12.6 984
12.6167 984
12.6333 984
12.65 984
12.6667 984
12.6833 984
12.7 984
12.7167 984
12.7333 984
12.75 984
12.7667 984
12.7833 984
12.8 984
12.8167 984
12.8333 984
12.85 983
12.8667 983
12.8833 983
12.9 983
12.9167 982
12.9333 982
12.95 982
12.9667 982
12.9833 981
13.0 981
13.0167 981
13.0333 980
13.05 980
13.0667 979
13.0833 979
13.1 978
13.1167 978
13.1333 977
13.15 977
13.1667 976
13.1833 976
13.2 975
13.2167 975
13.2333 974
13.25 974
13.2667 973
13.2833 972
13.3 972
13.3167 971
13.3333 970
13.35 969
13.3667 969
13.3833 968
13.4 967
13.4167 966
13.4333 966
13.45 965
13.4667 964
13.4833 963
13.5 962
13.5167 961
13.5333 960
13.55 959
13.5667 958
13.5833 957
13.6 956
13.6167 955
13.6333 954
13.65 953
13.6667 952
13.6833 951
13.7 950
13.7167 949
13.7333 948
13.75 947
13.7667 945
13.7833 944
13.8 943
13.8167 942
13.8333 940
13.85 939
13.8667 938
13.8833 937
13.9 935
13.9167 934
13.9333 933
13.95 931
13.9667 930
13.9833 928
14.0 927
14.0167 926
14.0333 924
14.05 923
14.0667 921
14.0833 920
14.1 918
14.1167 917
14.1333 915
14.15 914
14.1667 912
14.1833 910
14.2 909
14.2167 907
14.2333 905
14.25 904
14.2667 902
14.2833 900
14.3 899
14.3167 897
14.3333 895
14.35 893
14.3667 892
14.3833 890
14.4 888
14.4167 886
14.4333 884
14.45 882
14.4667 880
14.4833 879
14.5 877
14.5167 875
14.5333 873
14.55 871
14.5667 869
14.5833 867
14.6 865
14.6167 863
14.6333 861
14.65 859
14.6667 857
14.6833 855
14.7 852
14.7167 850
14.7333 848
14.75 846
14.7667 844
14.7833 842
14.8 839
14.8167 837
14.8333 835
14.85 833
14.8667 831
14.8833 828
14.9 826
14.9167 824
14.9333 821
14.95 819
14.9667 817
14.9833 814
15.0 812
15.0167 810
15.0333 807
15.05 805
15.0667 802
15.0833 800
15.1 797
15.1167 795
15.1333 792
15.15 790
15.1667 787
15.1833 785
15.2 782
15.2167 780
15.2333 777
15.25 775
15.2667 772
15.2833 769
15.3 767
15.3167 764
15.3333 762
15.35 759
15.3667 756
15.3833 753
15.4 751
15.4167 748
15.4333 745
15.45 743
15.4667 740
15.4833 737
15.5 734
15.5167 731
15.5333 729
15.55 726
15.5667 723
15.5833 720
15.6 717
15.6167 714
15.6333 712
15.65 709
15.6667 706
15.6833 703
15.7 700
15.7167 697
15.7333 694
15.75 691
15.7667 688
15.7833 685
15.8 682
15.8167 679
15.8333 676
15.85 673
15.8667 670
15.8833 667
15.9 664
15.9167 661
15.9333 658
15.95 654
15.9667 651
15.9833 648
16.0 645
16.0167 642
16.0333 639
16.05 636
16.0667 632
16.0833 629
16.1 626
16.1167 623
16.1333 620
16.15 616
16.1667 613
16.1833 610
16.2 607
16.2167 603
16.2333 600
16.25 597
16.2667 594
16.2833 590
16.3 587
16.3167 584
16.3333 580
16.35 577
16.3667 574
16.3833 570
16.4 567
16.4167 564
16.4333 560
16.45 557
16.4667 554
16.4833 550
16.5 547
16.5167 543
16.5333 540
16.55 537
16.5667 533
16.5833 530
16.6 526
16.6167 523
16.6333 519
16.65 516
16.6667 512
16.6833 509
16.7 505
16.7167 502
16.7333 498
16.75 495
16.7667 491
16.7833 488
16.8 484
16.8167 481
16.8333 477
16.85 474
16.8667 470
16.8833 467
16.9 463
16.9167 460
16.9333 456
16.95 452
16.9667 449
16.9833 445
