8.0 356
8.0167 360
8.0333 363
8.05 367
8.0667 371
8.0833 374
8.1 378
8.1167 381
8.1333 385
8.15 389
8.1667 392
8.1833 396
8.2 399
8.2167 403
8.2333 407
8.25 410
8.2667 414
8.2833 417
8.3 421
8.3167 425
8.3333 428
8.35 432
8.3667 435
8.3833 439
8.4 442
8.4167 446
8.4333 450
8.45 453
8.4667 457
8.4833 460
8.5 464
8.5167 467
8.5333 471
8.55 474
8.5667 478
8.5833 481
8.6 485
8.6167 488
8.6333 492
8.65 495
8.6667 499
8.6833 502
8.7 506
8.7167 509
8.7333 513
8.75 516
8.7667 520
8.7833 523
8.8 527
8.8167 530
8.8333 533
8.85 537
8.8667 540
8.8833 544
8.9 547
8.9167 550
8.9333 554
8.95 557
8.9667 561
8.9833 564
9.0 567
9.0167 570
9.0333 574
9.05 577
9.0667 580
9.0833 584
9.1 587
9.1167 590
9.1333 594
9.15 597
9.1667 600
9.1833 603
9.2 607
9.2167 610
9.2333 613
9.25 616
9.2667 620
9.2833 623
9.3 626
9.3167 629
9.3333 632
9.35 635
9.3667 639
9.3833 642
9.4 645
9.4167 648
9.4333 651
9.45 654
9.4667 657
9.4833 660
9.5 663
9.5167 666
9.5333 670
9.55 673
9.5667 676
9.5833 679
9.6 682
9.6167 685
9.6333 688
9.65 691
9.6667 693
9.6833 696
9.7 699
9.7167 702
9.7333 705
9.75 708
9.7667 711
9.7833 714
9.8 717
9.8167 720
9.8333 722
9.85 725
9.8667 728
9.8833 731
9.9 734
9.9167 736
9.9333 739
9.95 742
9.9667 745
9.9833 747
10.0 750
10.0167 753
10.0333 755
10.05 758
10.0667 761
10.0833 763
10.1 766
10.1167 769
10.1333 771
10.15 774
10.1667 776
10.1833 779
10.2 782
10.2167 784
10.2333 787
10.25 789
10.2667 792
10.2833 794
10.3 797
10.3167 799
10.3333 801
10.35 804
10.3667 806
10.3833 809
10.4 811
10.4167 813
10.4333 816
10.45 818
10.4667 820
10.4833 823
10.5 825
10.5167 827
10.5333 830
10.55 832
10.5667 834
10.5833 836
10.6 839
10.6167 841
10.6333 843
10.65 845
10.6667 847
10.6833 849
10.7 851
10.7167 854
10.7333 856
10.75 858
10.7667 860
10.7833 862
10.8 864
10.8167 866
10.8333 868
10.85 870
10.8667 872
10.8833 874
10.9 876
10.9167 877
10.9333 879
10.95 881
10.9667 883
10.9833 885
11.0 887
11.0167 889
11.0333 890
11.05 892
11.0667 894
11.0833 896
11.1 897
11.1167 899
11.1333 901
11.15 903
11.1667 904
11.1833 906
11.2 907
11.2167 909
11.2333 911
11.25 912
11.2667 914
11.2833 915
11.3 917
11.3167 918
11.3333 920
11.35 921
11.3667 923
11.3833 924
11.4 926
11.4167 927
11.4333 929
11.45 930
11.4667 931
11.4833 933
11.5 934
11.5167 935
11.5333 937
11.55 938
11.5667 939
11.5833 940
11.6 942
11.6167 943
11.6333 944
11.65 945
11.6667 946
11.6833 947
11.7 949
11.7167 950
11.7333 951
11.75 952
11.7667 953
11.7833 954
11.8 955
11.8167 956
11.8333 957
11.85 958
11.8667 959
11.8833 960
11.9 961
11.9167 961
11.9333 962
11.95 963
11.9667 964
11.9833 965
12.0 966
12.0167 966
12.0333 967
12.05 968
12.0667 969
12.0833 969
12.1 970
12.1167 971
12.1333 971
12.15 972
12.1667 973
12.1833 973
12.2 974
12.2167 974
12.2333 975
12.25 975
12.2667 976
12.2833 976
12.3 977
12.3167 977
12.3333 978
12.35 978
12.3667 979
12.3833 979
12.4 979
12.4167 980
12.4333 980
12.45 980
12.4667 981
12.4833 981
12.5 981
12.5167 981
12.5333 982
12.55 982
12.5667 982
12.5833 982
12.6 982
12.6167 982
12.6333 983
12.65 983
12.6667 983
12.6833 983
12.7 983
12.7167 983
12.7333 983
12.75 983
12.7667 983
12.7833 983
12.8 983
12.8167 982
12.8333 982
12.85 982
12.8667 982
12.8833 982
12.9 982
12.9167 981
12.9333 981
12.95 981
12.9667 981
12.9833 980
13.0 980
13.0167 980
13.0333 979
13.05 979
13.0667 979
13.0833 978
13.1 978
13.1167 977
13.1333 977
13.15 977
13.1667 976
13.1833 976
13.2 975
13.2167 974
13.2333 974
13.25 973
13.2667 973
13.2833 972
13.3 971
13.3167 971
13.3333 970
13.35 969
13.3667 969
13.3833 968
13.4 967
13.4167 967
13.4333 966
13.45 965
13.4667 964
13.4833 963
13.5 962
13.5167 962
13.5333 961
13.55 960
13.5667 959
13.5833 958
13.6 957
13.6167 956
13.6333 955
13.65 954
13.6667 953
13.6833 952
13.7 951
13.7167 950
13.7333 949
13.75 948
13.7667 946
13.7833 945
13.8 944
13.8167 943
13.8333 942
13.85 941
13.8667 939
13.8833 938
13.9 937
13.9167 935
13.9333 934
13.95 933
13.9667 931
13.9833 930
14.0 929
14.0167 927
14.0333 926
14.05 925
14.0667 923
14.0833 922
14.1 920
14.1167 919
14.1333 917
14.15 916
14.1667 914
14.1833 912
14.2 911
14.2167 909
14.2333 908
14.25 906
14.2667 904
14.2833 903
14.3 901
14.3167 899
14.3333 898
14.35 896
14.3667 894
14.3833 892
14.4 891
14.4167 889
14.4333 887
14.45 885
14.4667 883
14.4833 882
14.5 880
14.5167 878
14.5333 876
14.55 874
14.5667 872
14.5833 870
14.6 868
14.6167 866
14.6333 864
14.65 862
14.6667 860
14.6833 858
14.7 856
14.7167 854
14.7333 852
14.75 850
14.7667 847
14.7833 845
14.8 843
14.8167 841
14.8333 839
14.85 837
14.8667 834
14.8833 832
14.9 830
14.9167 828
14.9333 825
14.95 823
14.9667 821
14.9833 818
15.0 816
15.0167 814
15.0333 812
15.05 809
15.0667 807
15.0833 804
15.1 802
15.1167 799
15.1333 797
15.15 795
15.1667 792
15.1833 790
15.2 787
15.2167 785
15.2333 782
15.25 779
15.2667 777
15.2833 774
15.3 772
15.3167 769
15.3333 767
15.35 764
15.3667 761
15.3833 759
15.4 756
15.4167 753
15.4333 751
15.45 748
15.4667 745
15.4833 742
15.5 740
15.5167 737
15.5333 734
15.55 731
15.5667 729
15.5833 726
15.6 723
15.6167 720
15.6333 717
15.65 714
15.6667 712
15.6833 709
15.7 706
15.7167 703
15.7333 700
15.75 697
15.7667 694
15.7833 691
15.8 688
15.8167 685
15.8333 682
15.85 679
15.8667 676
15.8833 673
15.9 670
15.9167 667
15.9333 664
15.95 661
15.9667 658
15.9833 655
16.0 652
16.0167 649
16.0333 645
16.05 642
16.0667 639
16.0833 636
16.1 633
16.1167 630
16.1333 627
16.15 623
16.1667 620
16.1833 617
16.2 614
16.2167 610
16.2333 607
16.25 604
16.2667 601
16.2833 597
16.3 594
16.3167 591
16.3333 588
16.35 584
16.3667 581
16.3833 578
16.4 574
16.4167 571
16.4333 568
16.45 564
16.4667 561
16.4833 558
16.5 554
16.5167 551
16.5333 548
16.55 544
16.5667 541
16.5833 537
16.6 534
16.6167 530
16.6333 527
16.65 524
16.6667 520
16.6833 517
16.7 513
16.7167 510
16.7333 506
16.75 503
16.7667 499
16.7833 496
16.8 492
16.8167 489
16.8333 485
16.85 482
16.8667 478
16.8833 475
16.9 471
16.9167 468
16.9333 464
16.95 461
16.9667 457
16.9833 454
