8.0 361
8.0167 364
8.0333 368
8.05 371
8.0667 375
8.0833 379
8.1 382
8.1167 386
8.1333 389
8.15 393
8.1667 397
8.1833 400
8.2 404
8.2167 408
8.2333 411
8.25 415
8.2667 418
8.2833 422
8.3 426
8.3167 429
8.3333 433
8.35 436
8.3667 440
8.3833 443
8.4 447
8.4167 451
8.4333 454
8.45 458
8.4667 461
8.4833 465
8.5 468
8.5167 472
8.5333 475
8.55 479
8.5667 482
8.5833 486
8.6 489
8.6167 493
8.6333 496
8.65 500
8.6667 503
8.6833 507
8.7 510
8.7167 514
8.7333 517
8.75 521
8.7667 524
8.7833 528
8.8 531
8.8167 535
8.8333 538
8.85 541
8.8667 545
8.8833 548
8.9 552
8.9167 555
8.9333 558
8.95 562
8.9667 565
8.9833 568
9.0 572
9.0167 575
9.0333 578
9.05 582
9.0667 585
9.0833 588
9.1 592
9.1167 595
9.1333 598
9.15 601
9.1667 605
9.1833 608
9.2 611
9.2167 614
9.2333 618
9.25 621
9.2667 624
9.2833 627
9.3 630
9.3167 634
9.3333 637
9.35 640
9.3667 643
9.3833 646
9.4 649
9.4167 652
9.4333 655
9.45 659
9.4667 662
9.4833 665
9.5 668
9.5167 671
9.5333 674
9.55 677
9.5667 680
9.5833 683
9.6 686
9.6167 689
9.6333 692
9.65 695
9.6667 698
9.6833 701
9.7 704
9.7167 706
9.7333 709
9.75 712
9.7667 715
9.7833 718
9.8 721
9.8167 724
9.8333 727
9.85 729
9.8667 732
9.8833 735
9.9 738
9.9167 740
9.9333 743
9.95 746
9.9667 749
9.9833 751
10.0 754
10.0167 757
10.0333 759
10.05 762
10.0667 765
10.0833 767
10.1 770
10.1167 773
10.1333 775
10.15 778
10.1667 780
10.1833 783
10.2 785
10.2167 788
10.2333 790
10.25 793
10.2667 795
10.2833 798
10.3 800
10.3167 803
10.3333 805
10.35 808
10.3667 810
10.3833 812
10.4 815
10.4167 817
10.4333 819
10.45 822
10.4667 824
10.4833 826
10.5 829
10.5167 831
10.5333 833
10.55 835
10.5667 838
10.5833 840
10.6 842
10.6167 844
10.6333 846
10.65 849
10.6667 851
10.6833 853
10.7 855
10.7167 857
10.7333 859
10.75 861
10.7667 863
10.7833 865
10.8 867
10.8167 869
10.8333 871
10.85 873
10.8667 875
10.8833 877
10.9 879
10.9167 881
10.9333 883
10.95 884
10.9667 886
10.9833 888
11.0 890
11.0167 892
11.0333 893
11.05 895
11.0667 897
11.0833 899
11.1 900
11.1167 902
11.1333 904
11.15 905
11.1667 907
11.1833 909
11.2 910
11.2167 912
11.2333 914
11.25 915
11.2667 917
11.2833 918
11.3 920
11.3167 921
11.3333 923
11.35 924
11.3667 926
11.3833 927
11.4 928
11.4167 930
11.4333 931
11.45 933
11.4667 934
11.4833 935
11.5 937
11.5167 938
11.5333 939
11.55 940
11.5667 942
11.5833 943
11.6 944
11.6167 945
11.6333 946
11.65 948
11.6667 949
11.6833 950
11.7 951
11.7167 952
11.7333 953
11.75 954
11.7667 955
11.7833 956
11.8 957
11.8167 958
11.8333 959
11.85 960
11.8667 961
11.8833 962
11.9 963
11.9167 964
11.9333 964
11.95 965
11.9667 966
11.9833 967
12.0 968
12.0167 968
12.0333 969
12.05 970
12.0667 971
12.0833 971
12.1 972
12.1167 973
12.1333 973
12.15 974
12.1667 974
12.1833 975
12.2 975
12.2167 976
12.2333 977
12.25 977
12.2667 978
12.2833 978
12.3 978
12.3167 979
12.3333 979
12.35 980
12.3667 980
12.3833 980
12.4 981
12.4167 981
12.4333 981
12.45 982
12.4667 982
12.4833 982
12.5 982
12.5167 983
12.5333 983
12.55 983
12.5667 983
12.5833 983
12.6 983
12.6167 984
12.6333 984
12.65 984
12.6667 984
12.6833 984
12.7 984
12.7167 984
12.7333 984
12.75 984
12.7667 984
12.7833 983
12.8 983
12.8167 983
12.8333 983
12.85 983
12.8667 983
12.8833 983
12.9 982
12.9167 982
12.9333 982
12.95 982
12.9667 981
12.9833 981
13.0 981
13.0167 980
13.0333 980
13.05 980
13.0667 979
13.0833 979
13.1 978
13.1167 978
13.1333 977
13.15 977
13.1667 976
13.1833 976
13.2 975
13.2167 975
13.2333 974
13.25 973
13.2667 973
13.2833 972
13.3 972
13.3167 971
13.3333 970
13.35 969
13.3667 969
13.3833 968
13.4 967
13.4167 966
13.4333 966
13.45 965
13.4667 964
13.4833 963
13.5 962
13.5167 961
13.5333 960
13.55 960
13.5667 959
13.5833 958
13.6 957
13.6167 956
13.6333 955
13.65 954
13.6667 953
13.6833 951
13.7 950
13.7167 949
13.7333 948
13.75 947
13.7667 946
13.7833 945
13.8 943
13.8167 942
13.8333 941
13.85 940
13.8667 939
13.8833 937
13.9 936
13.9167 935
13.9333 933
13.95 932
13.9667 931
13.9833 929
14.0 928
14.0167 926
14.0333 925
14.05 923
14.0667 922
14.0833 921
14.1 919
14.1167 917
14.1333 916
14.15 914
14.1667 913
14.1833 911
14.2 910
14.2167 908
14.2333 906
14.25 905
14.2667 903
14.2833 901
14.3 900
14.3167 898
14.3333 896
14.35 894
14.3667 893
14.3833 891
14.4 889
14.4167 887
14.4333 885
14.45 884
14.4667 882
14.4833 880
14.5 878
14.5167 876
14.5333 874
14.55 872
14.5667 870
14.5833 868
14.6 866
14.6167 864
14.6333 862
14.65 860
14.6667 858
14.6833 856
14.7 854
14.7167 852
14.7333 850
14.75 848
14.7667 845
14.7833 843
14.8 841
14.8167 839
14.8333 837
14.85 834
14.8667 832
14.8833 830
14.9 828
14.9167 825
14.9333 823
14.95 821
14.9667 818
14.9833 816
15.0 814
15.0167 811
15.0333 809
15.05 807
15.0667 804
15.0833 802
15.1 799
15.1167 797
15.1333 794
15.15 792
15.1667 789
15.1833 787
15.2 784
15.2167 782
15.2333 779
15.25 777
15.2667 774
15.2833 772
15.3 769
15.3167 766
15.3333 764
15.35 761
15.3667 758
15.3833 756
15.4 753
15.4167 750
15.4333 748
15.45 745
15.4667 742
15.4833 739
15.5 737
15.5167 734
15.5333 731
15.55 728
15.5667 725
15.5833 723
15.6 720
15.6167 717
15.6333 714
15.65 711
15.6667 708
15.6833 705
15.7 702
15.7167 699
15.7333 697
15.75 694
15.7667 691
15.7833 688
15.8 685
15.8167 682
15.8333 679
15.85 676
15.8667 673
15.8833 670
15.9 666
15.9167 663
15.9333 660
15.95 657
15.9667 654
15.9833 651
16.0 648
16.0167 645
16.0333 642
16.05 639
16.0667 635
16.0833 632
16.1 629
16.1167 626
16.1333 623
16.15 619
16.1667 616
16.1833 613
16.2 610
16.2167 607
16.2333 603
16.25 600
16.2667 597
16.2833 593
16.3 590
16.3167 587
16.3333 584
16.35 580
16.3667 577
16.3833 574
16.4 570
16.4167 567
16.4333 564
16.45 560
16.4667 557
16.4833 553
16.5 550
16.5167 547
16.5333 543
16.55 540
16.5667 536
16.5833 533
16.6 530
16.6167 526
16.6333 523
16.65 519
16.6667 516
16.6833 512
16.7 509
16.7167 505
16.7333 502
16.75 498
16.7667 495
16.7833 491
16.8 488
16.8167 484
16.8333 481
16.85 477
16.8667 474
16.8833 470
16.9 467
16.9167 463
16.9333 460
16.95 456
16.9667 453
16.9833 449
