8.0 308
8.0167 311
8.0333 315
8.05 318
8.0667 322
8.0833 325
8.1 329
8.1167 332
8.1333 336
8.15 340
8.1667 343
8.1833 347
8.2 350
8.2167 354
8.2333 357
8.25 361
8.2667 364
8.2833 368
8.3 371
8.3167 375
8.3333 378
8.35 382
8.3667 386
8.3833 389
8.4 393
8.4167 396
8.4333 400
8.45 403
8.4667 407
8.4833 410
8.5 414
8.5167 417
8.5333 421
8.55 424
8.5667 428
8.5833 431
8.6 435
8.6167 438
8.6333 442
8.65 445
8.6667 449
8.6833 452
8.7 456
8.7167 459
8.7333 463
8.75 466
8.7667 470
8.7833 473
8.8 477
8.8167 480
8.8333 483
8.85 487
8.8667 490
8.8833 494
8.9 497
8.9167 501
8.9333 504
8.95 507
8.9667 511
8.9833 514
9.0 517
9.0167 521
9.0333 524
9.05 527
9.0667 531
9.0833 534
9.1 537
9.1167 541
9.1333 544
9.15 547
9.1667 551
9.1833 554
9.2 557
9.2167 560
9.2333 564
9.25 567
9.2667 570
9.2833 573
9.3 577
9.3167 580
9.3333 583
9.35 586
9.3667 590
9.3833 593
9.4 596
9.4167 599
9.4333 602
9.45 605
9.4667 608
9.4833 612
9.5 615
9.5167 618
9.5333 621
9.55 624
9.5667 627
9.5833 630
9.6 633
9.6167 636
9.6333 639
9.65 642
9.6667 645
9.6833 648
9.7 651
9.7167 654
9.7333 657
9.75 660
9.7667 663
9.7833 666
9.8 669
9.8167 672
9.8333 675
9.85 678
9.8667 681
9.8833 683
9.9 686
9.9167 689
9.9333 692
9.95 695
9.9667 698
9.9833 700
10.0 703
10.0167 706
10.0333 709
10.05 711
10.0667 714
10.0833 717
10.1 720
10.1167 722
10.1333 725
10.15 728
10.1667 730
10.1833 733
10.2 736
10.2167 738
10.2333 741
10.25 743
10.2667 746
10.2833 748
10.3 751
10.3167 754
10.3333 756
10.35 759
10.3667 761
10.3833 764
10.4 766
10.4167 768
10.4333 771
10.45 773
10.4667 776
10.4833 778
10.5 780
10.5167 783
10.5333 785
10.55 787
10.5667 790
10.5833 792
10.6 794
10.6167 797
10.6333 799
10.65 801
10.6667 803
10.6833 806
10.7 808
10.7167 810
10.7333 812
10.75 814
10.7667 816
10.7833 819
10.8 821
10.8167 823
10.8333 825
10.85 827
10.8667 829
10.8833 831
10.9 833
10.9167 835
10.9333 837
10.95 839
10.9667 841
10.9833 843
11.0 845
11.0167 847
11.0333 848
11.05 850
11.0667 852
11.0833 854
11.1 856
11.1167 858
11.1333 859
11.15 861
11.1667 863
11.1833 865
11.2 866
11.2167 868
11.2333 870
11.25 871
11.2667 873
11.2833 875
11.3 876
11.3167 878
11.3333 880
11.35 881
11.3667 883
11.3833 884
11.4 886
11.4167 887
11.4333 889
11.45 890
11.4667 892
11.4833 893
11.5 894
11.5167 896
11.5333 897
11.55 899
11.5667 900
11.5833 901
11.6 903
11.6167 904
11.6333 905
11.65 906
11.6667 908
11.6833 909
11.7 910
11.7167 911
11.7333 912
11.75 914
11.7667 915
11.7833 916
11.8 917
11.8167 918
11.8333 919
11.85 920
11.8667 921
11.8833 922
11.9 923
11.9167 924
11.9333 925
11.95 926
11.9667 927
11.9833 928
12.0 929
12.0167 930
12.0333 930
12.05 931
12.0667 932
12.0833 933
12.1 934
12.1167 934
12.1333 935
12.15 936
12.1667 937
12.1833 937
12.2 938
12.2167 939
12.2333 939
12.25 940
12.2667 940
12.2833 941
12.3 942
12.3167 942
12.3333 943
12.35 943
12.3667 944
12.3833 944
12.4 945
12.4167 945
12.4333 945
12.45 946
12.4667 946
12.4833 947
12.5 947
12.5167 947
12.5333 947
12.55 948
12.5667 948
12.5833 948
12.6 949
12.6167 949
12.6333 949
12.65 949
12.6667 949
12.6833 949
12.7 949
12.7167 950
12.7333 950
12.75 950
12.7667 950
12.7833 950
12.8 950
12.8167 950
12.8333 950
12.85 950
12.8667 950
12.8833 949
12.9 949
12.9167 949
12.9333 949
12.95 949
12.9667 949
12.9833 949
13.0 948
13.0167 948
13.0333 948
13.05 948
13.0667 947
13.0833 947
13.1 947
13.1167 946
13.1333 946
13.15 945
13.1667 945
13.1833 945
13.2 944
13.2167 944
13.2333 943
13.25 943
13.2667 942
13.2833 942
13.3 941
13.3167 941
13.3333 940
13.35 939
13.3667 939
13.3833 938
13.4 937
13.4167 937
13.4333 936
13.45 935
13.4667 935
13.4833 934
13.5 933
13.5167 932
13.5333 931
13.55 931
13.5667 930
13.5833 929
13.6 928
13.6167 927
13.6333 926
13.65 925
13.6667 924
13.6833 923
13.7 922
13.7167 921
13.7333 920
13.75 919
13.7667 918
13.7833 917
13.8 916
13.8167 915
13.8333 914
13.85 913
13.8667 911
13.8833 910
13.9 909
13.9167 908
13.9333 907
13.95 905
13.9667 904
13.9833 903
14.0 901
14.0167 900
14.0333 899
14.05 897
14.0667 896
14.0833 895
14.1 893
14.1167 892
14.1333 890
14.15 889
14.1667 887
14.1833 886
14.2 884
14.2167 883
14.2333 881
14.25 880
14.2667 878
14.2833 877
14.3 875
14.3167 873
14.3333 872
14.35 870
14.3667 868
14.3833 867
14.4 865
14.4167 863
14.4333 861
14.45 860
14.4667 858
14.4833 856
14.5 854
14.5167 852
14.5333 851
14.55 849
14.5667 847
14.5833 845
14.6 843
14.6167 841
14.6333 839
14.65 837
14.6667 835
14.6833 833
14.7 831
14.7167 829
14.7333 827
14.75 825
14.7667 823
14.7833 821
14.8 819
14.8167 817
14.8333 815
14.85 812
14.8667 810
14.8833 808
14.9 806
14.9167 804
14.9333 801
14.95 799
14.9667 797
14.9833 795
15.0 792
15.0167 790
15.0333 788
15.05 785
15.0667 783
15.0833 781
15.1 778
15.1167 776
15.1333 774
15.15 771
15.1667 769
15.1833 766
15.2 764
15.2167 761
15.2333 759
15.25 756
15.2667 754
15.2833 751
15.3 749
15.3167 746
15.3333 744
15.35 741
15.3667 738
15.3833 736
15.4 733
15.4167 731
15.4333 728
15.45 725
15.4667 723
15.4833 720
15.5 717
15.5167 714
15.5333 712
15.55 709
15.5667 706
15.5833 704
15.6 701
15.6167 698
15.6333 695
15.65 692
15.6667 689
15.6833 687
15.7 684
15.7167 681
15.7333 678
15.75 675
15.7667 672
15.7833 669
15.8 666
15.8167 663
15.8333 661
15.85 658
15.8667 655
15.8833 652
15.9 649
15.9167 646
15.9333 643
15.95 640
15.9667 637
15.9833 634
16.0 630
16.0167 627
16.0333 624
16.05 621
16.0667 618
16.0833 615
16.1 612
16.1167 609
16.1333 606
16.15 603
16.1667 599
16.1833 596
16.2 593
16.2167 590
16.2333 587
16.25 583
16.2667 580
16.2833 577
16.3 574
16.3167 571
16.3333 567
16.35 564
16.3667 561
16.3833 557
16.4 554
16.4167 551
16.4333 548
16.45 544
16.4667 541
16.4833 538
16.5 534
16.5167 531
16.5333 528
16.55 524
16.5667 521
16.5833 518
16.6 514
16.6167 511
16.6333 507
16.65 504
16.6667 501
16.6833 497
16.7 494
16.7167 490
16.7333 487
16.75 484
16.7667 480
16.7833 477
16.8 473
16.8167 470
16.8333 466
16.85 463
16.8667 459
16.8833 456
16.9 452
16.9167 449
16.9333 445
16.95 442
16.9667 438
16.9833 435
