8.0 347
8.0167 351
8.0333 355
8.05 358
8.0667 362
8.0833 365
8.1 369
8.1167 373
8.1333 376
8.15 380
8.1667 384
8.1833 387
8.2 391
8.2167 395
8.2333 398
8.25 402
8.2667 405
8.2833 409
8.3 413
8.3167 416
8.3333 420
8.35 424
8.3667 427
8.3833 431
8.4 434
8.4167 438
8.4333 441
8.45 445
8.4667 449
8.4833 452
8.5 456
8.5167 459
8.5333 463
8.55 467
8.5667 470
8.5833 474
8.6 477
8.6167 481
8.6333 484
8.65 488
8.6667 491
8.6833 495
8.7 498
8.7167 502
8.7333 505
8.75 509
8.7667 512
8.7833 516
8.8 519
8.8167 523
8.8333 526
8.85 530
8.8667 533
8.8833 537
8.9 540
8.9167 543
8.9333 547
8.95 550
8.9667 554
8.9833 557
9.0 560
9.0167 564
9.0333 567
9.05 570
9.0667 574
9.0833 577
9.1 580
9.1167 584
9.1333 587
9.15 590
9.1667 594
9.1833 597
9.2 600
9.2167 604
9.2333 607
9.25 610
9.2667 613
9.2833 617
9.3 620
9.3167 623
9.3333 626
9.35 629
9.3667 633
9.3833 636
9.4 639
9.4167 642
9.4333 645
9.45 649
9.4667 652
9.4833 655
9.5 658
9.5167 661
9.5333 664
9.55 667
9.5667 670
9.5833 673
9.6 676
9.6167 679
9.6333 682
9.65 685
9.6667 688
9.6833 691
9.7 694
9.7167 697
9.7333 700
9.75 703
9.7667 706
9.7833 709
9.8 712
9.8167 715
9.8333 718
9.85 721
9.8667 724
9.8833 726
9.9 729
9.9167 732
9.9333 735
9.95 738
9.9667 740
9.9833 743
10.0 746
10.0167 749
10.0333 751
10.05 754
10.0667 757
10.0833 760
10.1 762
10.1167 765
10.1333 768
10.15 770
10.1667 773
10.1833 775
10.2 778
10.2167 781
10.2333 783
10.25 786
10.2667 788
10.2833 791
10.3 793
10.3167 796
10.3333 798
10.35 801
10.3667 803
10.3833 806
10.4 808
10.4167 811
10.4333 813
10.45 815
10.4667 818
10.4833 820
10.5 822
10.5167 825
10.5333 827
10.55 829
10.5667 832
10.5833 834
10.6 836
10.6167 838
10.6333 841
10.65 843
10.6667 845
10.6833 847
10.7 849
10.7167 852
10.7333 854
10.75 856
10.7667 858
10.7833 860
10.8 862
10.8167 864
10.8333 866
10.85 868
10.8667 870
10.8833 872
10.9 874
10.9167 876
10.9333 878
10.95 880
10.9667 882
10.9833 884
11.0 886
11.0167 888
11.0333 889
11.05 891
11.0667 893
11.0833 895
11.1 897
11.1167 898
11.1333 900
11.15 902
11.1667 904
11.1833 905
11.2 907
11.2167 909
11.2333 910
11.25 912
11.2667 914
11.2833 915
11.3 917
11.3167 918
11.3333 920
11.35 921
11.3667 923
11.3833 924
11.4 926
11.4167 927
11.4333 929
11.45 930
11.4667 932
11.4833 933
11.5 934
11.5167 936
11.5333 937
11.55 938
11.5667 940
11.5833 941
11.6 942
11.6167 944
11.6333 945
11.65 946
11.6667 947
11.6833 948
11.7 950
11.7167 951
11.7333 952
11.75 953
11.7667 954
11.7833 955
11.8 956
11.8167 957
11.8333 958
11.85 959
11.8667 960
11.8833 961
11.9 962
11.9167 963
11.9333 964
11.95 965
11.9667 966
11.9833 967
12.0 968
12.0167 968
12.0333 969
12.05 970
12.0667 971
12.0833 972
12.1 972
12.1167 973
12.1333 974
12.15 974
12.1667 975
12.1833 976
12.2 976
12.2167 977
12.2333 978
12.25 978
12.2667 979
12.2833 979
12.3 980
12.3167 980
12.3333 981
12.35 981
12.3667 982
12.3833 982
12.4 983
12.4167 983
12.4333 983
12.45 984
12.4667 984
12.4833 984
12.5 985
12.5167 985
12.5333 985
12.55 985
12.5667 986
12.5833 986
12.6 986
12.6167 986
12.6333 986
12.65 987
12.6667 987
12.6833 987
12.7 987
12.7167 987
12.7333 987
12.75 987
12.7667 987
12.7833 987
12.8 987
12.8167 987
12.8333 987
12.85 987
12.8667 987
12.8833 986
12.9 986
12.9167 986
12.9333 986
12.95 986
12.9667 986
12.9833 985
13.0 985
13.0167 985
13.0333 984
13.05 984
13.0667 984
13.0833 983
13.1 983
13.1167 983
13.1333 982
13.15 982
13.1667 981
13.1833 981
13.2 981
13.2167 980
13.2333 980
13.25 979
13.2667 978
13.2833 978
13.3 977
13.3167 977
13.3333 976
13.35 975
13.3667 975
13.3833 974
13.4 973
13.4167 973
13.4333 972
13.45 971
13.4667 970
13.4833 970
13.5 969
13.5167 968
13.5333 967
13.55 966
13.5667 965
13.5833 965
13.6 964
13.6167 963
13.6333 962
13.65 961
13.6667 960
13.6833 959
13.7 958
13.7167 957
13.7333 956
13.75 955
13.7667 953
13.7833 952
13.8 951
13.8167 950
13.8333 949
13.85 948
13.8667 947
13.8833 945
13.9 944
13.9167 943
13.9333 942
13.95 940
13.9667 939
13.9833 938
14.0 936
14.0167 935
14.0333 934
14.05 932
14.0667 931
14.0833 929
14.1 928
14.1167 926
14.1333 925
14.15 924
14.1667 922
14.1833 921
14.2 919
14.2167 917
14.2333 916
14.25 914
14.2667 913
14.2833 911
14.3 909
14.3167 908
14.3333 906
14.35 904
14.3667 903
14.3833 901
14.4 899
14.4167 897
14.4333 896
14.45 894
14.4667 892
14.4833 890
14.5 888
14.5167 886
14.5333 885
14.55 883
14.5667 881
14.5833 879
14.6 877
14.6167 875
14.6333 873
14.65 871
14.6667 869
14.6833 867
14.7 865
14.7167 863
14.7333 861
14.75 859
14.7667 857
14.7833 855
14.8 852
14.8167 850
14.8333 848
14.85 846
14.8667 844
14.8833 842
14.9 839
14.9167 837
14.9333 835
14.95 833
14.9667 830
14.9833 828
15.0 826
15.0167 823
15.0333 821
15.05 819
15.0667 816
15.0833 814
15.1 812
15.1167 809
15.1333 807
15.15 804
15.1667 802
15.1833 799
15.2 797
15.2167 794
15.2333 792
15.25 789
15.2667 787
15.2833 784
15.3 782
15.3167 779
15.3333 777
15.35 774
15.3667 771
15.3833 769
15.4 766
15.4167 763
15.4333 761
15.45 758
15.4667 755
15.4833 753
15.5 750
15.5167 747
15.5333 744
15.55 742
15.5667 739
15.5833 736
15.6 733
15.6167 730
15.6333 728
15.65 725
15.6667 722
15.6833 719
15.7 716
15.7167 713
15.7333 710
15.75 708
15.7667 705
15.7833 702
15.8 699
15.8167 696
15.8333 693
15.85 690
15.8667 687
15.8833 684
15.9 681
15.9167 678
15.9333 675
15.95 672
15.9667 669
15.9833 665
16.0 662
16.0167 659
16.0333 656
16.05 653
16.0667 650
16.0833 647
16.1 644
16.1167 640
16.1333 637
16.15 634
16.1667 631
16.1833 628
16.2 625
16.2167 621
16.2333 618
16.25 615
16.2667 612
16.2833 608
16.3 605
16.3167 602
16.3333 599
16.35 595
16.3667 592
16.3833 589
16.4 585
16.4167 582
16.4333 579
16.45 575
16.4667 572
16.4833 569
16.5 565
16.5167 562
16.5333 558
16.55 555
16.5667 552
16.5833 548
16.6 545
16.6167 541
16.6333 538
16.65 534
16.6667 531
16.6833 528
16.7 524
16.7167 521
16.7333 517
16.75 514
16.7667 510
16.7833 507
16.8 503
16.8167 500
16.8333 496
16.85 493
16.8667 489
16.8833 486
16.9 482
16.9167 479
16.9333 475
16.95 471
16.9667 468
16.9833 464
