8.0 321
8.0167 325
8.0333 329
8.05 333
8.0667 337
8.0833 340
8.1 344
8.1167 348
8.1333 352
8.15 356
8.1667 360
8.1833 364
8.2 367
8.2167 371
8.2333 375
8.25 379
8.2667 383
8.2833 387
8.3 390
8.3167 394
8.3333 398
8.35 402
8.3667 406
8.3833 410
8.4 413
8.4167 417
8.4333 421
8.45 425
8.4667 429
8.4833 432
8.5 436
8.5167 440
8.5333 444
8.55 448
8.5667 451
8.5833 455
8.6 459
8.6167 463
8.6333 466
8.65 470
8.6667 474
8.6833 478
8.7 481
8.7167 485
8.7333 489
8.75 493
8.7667 496
8.7833 500
8.8 504
8.8167 507
8.8333 511
8.85 515
8.8667 518
8.8833 522
8.9 526
8.9167 529
8.9333 533
8.95 537
8.9667 540
8.9833 544
9.0 547
9.0167 551
9.0333 554
9.05 558
9.0667 562
9.0833 565
9.1 569
9.1167 572
9.1333 576
9.15 579
9.1667 583
9.1833 586
9.2 590
9.2167 593
9.2333 597
9.25 600
9.2667 604
9.2833 607
9.3 611
9.3167 614
9.3333 617
9.35 621
9.3667 624
9.3833 628
9.4 631
9.4167 634
9.4333 638
9.45 641
9.4667 644
9.4833 648
9.5 651
9.5167 654
9.5333 658
9.55 661
9.5667 664
9.5833 667
9.6 671
9.6167 674
9.6333 677
9.65 680
9.6667 683
9.6833 687
9.7 690
9.7167 693
9.7333 696
9.75 699
9.7667 702
9.7833 705
9.8 709
9.8167 712
9.8333 715
9.85 718
9.8667 721
9.8833 724
9.9 727
9.9167 730
9.9333 733
9.95 736
9.9667 739
9.9833 742
10.0 745
10.0167 748
10.0333 750
10.05 753
10.0667 756
10.0833 759
10.1 762
10.1167 765
10.1333 768
10.15 770
10.1667 773
10.1833 776
10.2 779
10.2167 781
10.2333 784
10.25 787
10.2667 790
10.2833 792
10.3 795
10.3167 798
10.3333 800
10.35 803
10.3667 806
10.3833 808
10.4 811
10.4167 813
10.4333 816
10.45 818
10.4667 821
10.4833 823
10.5 826
10.5167 828
10.5333 831
10.55 833
10.5667 836
10.5833 838
10.6 841
10.6167 843
10.6333 845
10.65 848
10.6667 850
10.6833 852
10.7 855
10.7167 857
10.7333 859
10.75 861
10.7667 864
10.7833 866
10.8 868
10.8167 870
10.8333 873
10.85 875
10.8667 877
10.8833 879
10.9 881
10.9167 883
10.9333 885
10.95 887
10.9667 889
10.9833 891
11.0 893
11.0167 895
11.0333 897
11.05 899
11.0667 901
11.0833 903
11.1 905
11.1167 907
11.1333 909
11.15 911
11.1667 912
11.1833 914
11.2 916
11.2167 918
11.2333 920
11.25 921
11.2667 923
11.2833 925
11.3 926
11.3167 928
11.3333 930
11.35 931
11.3667 933
11.3833 935
11.4 936
11.4167 938
11.4333 939
11.45 941
11.4667 942
11.4833 944
11.5 945
11.5167 947
11.5333 948
11.55 950
11.5667 951
11.5833 952
11.6 954
11.6167 955
11.6333 957
11.65 958
11.6667 959
11.6833 960
11.7 962
11.7167 963
11.7333 964
11.75 965
11.7667 966
11.7833 968
11.8 969
11.8167 970
11.8333 971
11.85 972
11.8667 973
11.8833 974
11.9 975
11.9167 976
11.9333 977
11.95 978
11.9667 979
11.9833 980
12.0 981
12.0167 982
12.0333 983
12.05 984
12.0667 985
12.0833 985
12.1 986
12.1167 987
12.1333 988
12.15 988
12.1667 989
12.1833 990
12.2 991
12.2167 991
12.2333 992
12.25 992
12.2667 993
12.2833 994
12.3 994
12.3167 995
12.3333 995
12.35 996
12.3667 996
12.3833 997
12.4 997
12.4167 998
12.4333 998
12.45 998
12.4667 999
12.4833 999
12.5 1000
12.5167 1000
12.5333 1000
12.55 1000
12.5667 1001
12.5833 1001
12.6 1001
12.6167 1001
12.6333 1002
12.65 1002
12.6667 1002
12.6833 1002
12.7 1002
12.7167 1002
12.7333 1002
12.75 1002
12.7667 1002
12.7833 1002
12.8 1002
12.8167 1002
12.8333 1002
12.85 1002
12.8667 1002
12.8833 1002
12.9 1002
12.9167 1002
12.9333 1001
12.95 1001
12.9667 1001
12.9833 1001
13.0 1001
13.0167 1000
13.0333 1000
13.05 1000
13.0667 999
13.0833 999
13.1 999
13.1167 998
13.1333 998
13.15 997
13.1667 997
13.1833 997
13.2 996
13.2167 996
13.2333 995
13.25 995
13.2667 994
13.2833 993
13.3 993
13.3167 992
13.3333 992
13.35 991
13.3667 990
13.3833 989
13.4 989
13.4167 988
13.4333 987
13.45 987
13.4667 986
13.4833 985
13.5 984
13.5167 983
13.5333 982
13.55 981
13.5667 981
13.5833 980
13.6 979
13.6167 978
13.6333 977
13.65 976
13.6667 975
13.6833 974
13.7 973
13.7167 972
13.7333 970
13.75 969
13.7667 968
13.7833 967
13.8 966
13.8167 965
13.8333 963
13.85 962
13.8667 961
13.8833 960
13.9 958
13.9167 957
13.9333 956
13.95 955
13.9667 953
13.9833 952
14.0 950
14.0167 949
14.0333 948
14.05 946
14.0667 945
14.0833 943
14.1 942
14.1167 940
14.1333 939
14.15 937
14.1667 935
14.1833 934
14.2 932
14.2167 931
14.2333 929
14.25 927
14.2667 926
14.2833 924
14.3 922
14.3167 920
14.3333 919
14.35 917
14.3667 915
14.3833 913
14.4 912
14.4167 910
14.4333 908
14.45 906
14.4667 904
14.4833 902
14.5 900
14.5167 898
14.5333 896
14.55 894
14.5667 892
14.5833 890
14.6 888
14.6167 886
14.6333 884
14.65 882
14.6667 880
14.6833 878
14.7 876
14.7167 874
14.7333 871
14.75 869
14.7667 867
14.7833 865
14.8 863
14.8167 860
14.8333 858
14.85 856
14.8667 854
14.8833 851
14.9 849
14.9167 847
14.9333 844
14.95 842
14.9667 839
14.9833 837
15.0 834
15.0167 832
15.0333 829
15.05 827
15.0667 824
15.0833 822
15.1 819
15.1167 817
15.1333 814
15.15 812
15.1667 809
15.1833 807
15.2 804
15.2167 801
15.2333 799
15.25 796
15.2667 793
15.2833 791
15.3 788
15.3167 785
15.3333 782
15.35 780
15.3667 777
15.3833 774
15.4 771
15.4167 769
15.4333 766
15.45 763
15.4667 760
15.4833 757
15.5 754
15.5167 751
15.5333 749
15.55 746
15.5667 743
15.5833 740
15.6 737
15.6167 734
15.6333 731
15.65 728
15.6667 725
15.6833 722
15.7 719
15.7167 716
15.7333 713
15.75 710
15.7667 707
15.7833 703
15.8 700
15.8167 697
15.8333 694
15.85 691
15.8667 688
15.8833 685
15.9 681
15.9167 678
15.9333 675
15.95 672
15.9667 669
15.9833 665
16.0 662
16.0167 659
16.0333 655
16.05 652
16.0667 649
16.0833 646
16.1 642
16.1167 639
16.1333 636
16.15 632
16.1667 629
16.1833 625
16.2 622
16.2167 619
16.2333 615
16.25 612
16.2667 608
16.2833 605
16.3 601
16.3167 598
16.3333 595
16.35 591
16.3667 588
16.3833 584
16.4 581
16.4167 577
16.4333 573
16.45 570
16.4667 566
16.4833 563
16.5 559
16.5167 556
16.5333 552
16.55 549
16.5667 545
16.5833 541
16.6 538
16.6167 534
16.6333 530
16.65 527
16.6667 523
16.6833 519
16.7 516
16.7167 512
16.7333 508
16.75 505
16.7667 501
16.7833 497
16.8 494
16.8167 490
16.8333 486
16.85 483
16.8667 479
16.8833 475
16.9 471
16.9167 468
16.9333 464
16.95 460
16.9667 456
16.9833 453
