8.0 244
8.0167 247
8.0333 251
8.05 254
8.0667 257
8.0833 261
8.1 264
8.1167 267
8.1333 271
8.15 274
8.1667 277
8.1833 281
8.2 284
8.2167 287
8.2333 291
8.25 294
8.2667 298
8.2833 301
8.3 304
8.3167 308
8.3333 311
8.35 314
8.3667 318
8.3833 321
8.4 325
8.4167 328
8.4333 331
8.45 335
8.4667 338
8.4833 342
8.5 345
8.5167 349
8.5333 352
8.55 355
8.5667 359
8.5833 362
8.6 366
8.6167 369
8.6333 372
8.65 376
8.6667 379
8.6833 382
8.7 386
8.7167 389
8.7333 393
8.75 396
8.7667 399
8.7833 403
8.8 406
8.8167 410
8.8333 413
8.85 416
8.8667 420
8.8833 423
8.9 426
8.9167 430
8.9333 433
8.95 436
8.9667 440
8.9833 443
9.0 446
9.0167 449
9.0333 453
9.05 456
9.0667 459
9.0833 463
9.1 466
9.1167 469
9.1333 472
9.15 476
9.1667 479
9.1833 482
9.2 485
9.2167 489
9.2333 492
9.25 495
9.2667 498
9.2833 502
9.3 505
9.3167 508
9.3333 511
9.35 514
9.3667 518
9.3833 521
9.4 524
9.4167 527
9.4333 530
9.45 533
9.4667 536
9.4833 539
9.5 543
9.5167 546
9.5333 549
9.55 552
9.5667 555
9.5833 558
9.6 561
9.6167 564
9.6333 567
9.65 570
9.6667 573
9.6833 576
9.7 579
9.7167 582
9.7333 585
9.75 588
9.7667 591
9.7833 594
9.8 597
9.8167 600
9.8333 603
9.85 605
9.8667 608
9.8833 611
9.9 614
9.9167 617
9.9333 620
9.95 622
9.9667 625
9.9833 628
10.0 631
10.0167 634
10.0333 636
10.05 639
10.0667 642
10.0833 645
10.1 647
10.1167 650
10.1333 653
10.15 655
10.1667 658
10.1833 661
10.2 663
10.2167 666
10.2333 668
10.25 671
10.2667 674
10.2833 676
10.3 679
10.3167 681
10.3333 684
10.35 686
10.3667 689
10.3833 691
10.4 694
10.4167 696
10.4333 699
10.45 701
10.4667 703
10.4833 706
10.5 708
10.5167 711
10.5333 713
10.55 715
10.5667 718
10.5833 720
10.6 722
10.6167 725
10.6333 727
10.65 729
10.6667 731
10.6833 733
10.7 736
10.7167 738
10.7333 740
10.75 742
10.7667 744
10.7833 746
10.8 749
10.8167 751
10.8333 753
10.85 755
10.8667 757
10.8833 759
10.9 761
10.9167 763
10.9333 765
10.95 767
10.9667 769
10.9833 771
11.0 773
11.0167 775
11.0333 776
11.05 778
11.0667 780
11.0833 782
11.1 784
11.1167 786
11.1333 787
11.15 789
11.1667 791
11.1833 793
11.2 794
11.2167 796
11.2333 798
11.25 800
11.2667 801
11.2833 803
11.3 804
11.3167 806
11.3333 808
11.35 809
11.3667 811
11.3833 812
11.4 814
11.4167 815
11.4333 817
11.45 818
11.4667 820
11.4833 821
11.5 823
11.5167 824
11.5333 825
11.55 827
11.5667 828
11.5833 829
11.6 831
11.6167 832
11.6333 833
11.65 834
11.6667 836
11.6833 837
11.7 838
11.7167 839
11.7333 841
11.75 842
11.7667 843
11.7833 844
11.8 845
11.8167 846
11.8333 847
11.85 848
11.8667 849
11.8833 850
11.9 851
11.9167 852
11.9333 853
11.95 854
11.9667 855
11.9833 856
12.0 857
12.0167 858
12.0333 858
12.05 859
12.0667 860
12.0833 861
12.1 862
12.1167 862
12.1333 863
12.15 864
12.1667 864
12.1833 865
12.2 866
12.2167 866
12.2333 867
12.25 868
12.2667 868
12.2833 869
12.3 869
12.3167 870
12.3333 870
12.35 871
12.3667 871
12.3833 872
12.4 872
12.4167 872
12.4333 873
12.45 873
12.4667 874
12.4833 874
12.5 874
12.5167 875
12.5333 875
12.55 875
12.5667 875
12.5833 876
12.6 876
12.6167 876
12.6333 876
12.65 876
12.6667 876
12.6833 876
12.7 877
12.7167 877
12.7333 877
12.75 877
12.7667 877
12.7833 877
12.8 877
12.8167 877
12.8333 877
12.85 876
12.8667 876
12.8833 876
12.9 876
12.9167 876
12.9333 876
12.95 876
12.9667 875
12.9833 875
13.0 875
13.0167 875
13.0333 874
13.05 874
13.0667 874
13.0833 873
13.1 873
13.1167 873
13.1333 872
13.15 872
13.1667 871
13.1833 871
13.2 870
13.2167 870
13.2333 869
13.25 869
13.2667 868
13.2833 868
13.3 867
13.3167 866
13.3333 866
13.35 865
13.3667 864
13.3833 864
13.4 863
13.4167 862
13.4333 862
13.45 861
13.4667 860
13.4833 859
13.5 858
13.5167 858
13.5333 857
13.55 856
13.5667 855
13.5833 854
13.6 853
13.6167 852
13.6333 851
13.65 850
13.6667 849
13.6833 848
13.7 847
13.7167 846
13.7333 845
13.75 844
13.7667 843
13.7833 842
13.8 841
13.8167 839
13.8333 838
13.85 837
13.8667 836
13.8833 835
13.9 833
13.9167 832
13.9333 831
13.95 830
13.9667 828
13.9833 827
14.0 826
14.0167 824
14.0333 823
14.05 821
14.0667 820
14.0833 818
14.1 817
14.1167 816
14.1333 814
14.15 813
14.1667 811
14.1833 809
14.2 808
14.2167 806
14.2333 805
14.25 803
14.2667 801
14.2833 800
14.3 798
14.3167 796
14.3333 795
14.35 793
14.3667 791
14.3833 790
14.4 788
14.4167 786
14.4333 784
14.45 782
14.4667 780
14.4833 779
14.5 777
14.5167 775
14.5333 773
14.55 771
14.5667 769
14.5833 767
14.6 765
14.6167 763
14.6333 761
14.65 759
14.6667 757
14.6833 755
14.7 753
14.7167 751
14.7333 749
14.75 747
14.7667 745
14.7833 743
14.8 740
14.8167 738
14.8333 736
14.85 734
14.8667 732
14.8833 729
14.9 727
14.9167 725
14.9333 723
14.95 720
14.9667 718
14.9833 716
15.0 713
15.0167 711
15.0333 708
15.05 706
15.0667 703
15.0833 701
15.1 699
15.1167 696
15.1333 694
15.15 691
15.1667 689
15.1833 686
15.2 684
15.2167 681
15.2333 679
15.25 676
15.2667 674
15.2833 671
15.3 668
15.3167 666
15.3333 663
15.35 661
15.3667 658
15.3833 655
15.4 653
15.4167 650
15.4333 647
15.45 645
15.4667 642
15.4833 639
15.5 636
15.5167 634
15.5333 631
15.55 628
15.5667 625
15.5833 622
15.6 620
15.6167 617
15.6333 614
15.65 611
15.6667 608
15.6833 605
15.7 603
15.7167 600
15.7333 597
15.75 594
15.7667 591
15.7833 588
15.8 585
15.8167 582
15.8333 579
15.85 576
15.8667 573
15.8833 570
15.9 567
15.9167 564
15.9333 561
15.95 558
15.9667 555
15.9833 552
16.0 549
16.0167 546
16.0333 543
16.05 539
16.0667 536
16.0833 533
16.1 530
16.1167 527
16.1333 524
16.15 521
16.1667 517
16.1833 514
16.2 511
16.2167 508
16.2333 505
16.25 502
16.2667 498
16.2833 495
16.3 492
16.3167 489
16.3333 485
16.35 482
16.3667 479
16.3833 476
16.4 472
16.4167 469
16.4333 466
16.45 463
16.4667 459
16.4833 456
16.5 453
16.5167 449
16.5333 446
16.55 443
16.5667 439
16.5833 436
16.6 433
16.6167 429
16.6333 426
16.65 423
16.6667 419
16.6833 416
16.7 413
16.7167 409
16.7333 406
16.75 403
16.7667 399
16.7833 396
16.8 392
16.8167 389
16.8333 386
16.85 382
16.8667 379
16.8833 375
16.9 372
16.9167 369
16.9333 365
16.95 362
16.9667 358
16.9833 355
