8.0 234
8.0167 237
8.0333 240
8.05 243
8.0667 246
8.0833 250
8.1 253
8.1167 256
8.1333 259
8.15 262
8.1667 265
8.1833 269
8.2 272
8.2167 275
8.2333 278
8.25 282
8.2667 285
8.2833 288
8.3 291
8.3167 294
8.3333 298
8.35 301
8.3667 304
8.3833 307
8.4 311
8.4167 314
8.4333 317
8.45 320
8.4667 324
8.4833 327
8.5 330
8.5167 333
8.5333 337
8.55 340
8.5667 343
8.5833 346
8.6 350
8.6167 353
8.6333 356
8.65 359
8.6667 363
8.6833 366
8.7 369
8.7167 372
8.7333 376
8.75 379
8.7667 382
8.7833 385
8.8 389
8.8167 392
8.8333 395
8.85 398
8.8667 401
8.8833 405
8.9 408
8.9167 411
8.9333 414
8.95 418
8.9667 421
8.9833 424
9.0 427
9.0167 430
9.0333 433
9.05 436
9.0667 440
9.0833 443
9.1 446
9.1167 449
9.1333 452
9.15 455
9.1667 459
9.1833 462
9.2 465
9.2167 468
9.2333 471
9.25 474
9.2667 477
9.2833 480
9.3 484
9.3167 487
9.3333 490
9.35 493
9.3667 496
9.3833 499
9.4 502
9.4167 505
9.4333 508
9.45 511
9.4667 514
9.4833 517
9.5 520
9.5167 523
9.5333 526
9.55 529
9.5667 532
9.5833 535
9.6 538
9.6167 541
9.6333 544
9.65 547
9.6667 550
9.6833 552
9.7 555
9.7167 558
9.7333 561
9.75 564
9.7667 567
9.7833 570
9.8 573
9.8167 575
9.8333 578
9.85 581
9.8667 584
9.8833 587
9.9 589
9.9167 592
9.9333 595
9.95 598
9.9667 600
9.9833 603
10.0 606
10.0167 608
10.0333 611
10.05 614
10.0667 616
10.0833 619
10.1 622
10.1167 624
10.1333 627
10.15 629
10.1667 632
10.1833 635
10.2 637
10.2167 640
10.2333 642
10.25 645
10.2667 647
10.2833 650
10.3 652
10.3167 655
10.3333 657
10.35 660
10.3667 662
10.3833 665
10.4 667
10.4167 669
10.4333 672
10.45 674
10.4667 676
10.4833 679
10.5 681
10.5167 683
10.5333 686
10.55 688
10.5667 690
10.5833 692
10.6 695
10.6167 697
10.6333 699
10.65 701
10.6667 704
10.6833 706
10.7 708
10.7167 710
10.7333 712
10.75 714
10.7667 716
10.7833 718
10.8 720
10.8167 723
10.8333 725
10.85 727
10.8667 729
10.8833 731
10.9 733
10.9167 734
10.9333 736
10.95 738
10.9667 740
10.9833 742
11.0 744
11.0167 746
11.0333 748
11.05 750
11.0667 751
11.0833 753
11.1 755
11.1167 757
11.1333 759
11.15 760
11.1667 762
11.1833 764
11.2 765
11.2167 767
11.2333 769
11.25 770
11.2667 772
11.2833 774
11.3 775
11.3167 777
11.3333 778
11.35 780
11.3667 781
11.3833 783
11.4 784
11.4167 786
11.4333 787
11.45 789
11.4667 790
11.4833 792
11.5 793
11.5167 794
11.5333 796
11.55 797
11.5667 798
11.5833 800
11.6 801
11.6167 802
11.6333 804
11.65 805
11.6667 806
11.6833 807
11.7 808
11.7167 810
11.7333 811
11.75 812
11.7667 813
11.7833 814
11.8 815
11.8167 816
11.8333 817
11.85 818
11.8667 819
11.8833 820
11.9 821
11.9167 822
11.9333 823
11.95 824
11.9667 825
11.9833 826
12.0 827
12.0167 828
12.0333 828
12.05 829
12.0667 830
12.0833 831
12.1 832
12.1167 832
12.1333 833
12.15 834
12.1667 834
12.1833 835
12.2 836
12.2167 836
12.2333 837
12.25 838
12.2667 838
12.2833 839
12.3 839
12.3167 840
12.3333 840
12.35 841
12.3667 841
12.3833 842
12.4 842
12.4167 843
12.4333 843
12.45 843
12.4667 844
12.4833 844
12.5 844
12.5167 845
12.5333 845
12.55 845
12.5667 846
12.5833 846
12.6 846
12.6167 846
12.6333 846
12.65 846
12.6667 847
12.6833 847
12.7 847
12.7167 847
12.7333 847
12.75 847
12.7667 847
12.7833 847
12.8 847
12.8167 847
12.8333 847
12.85 847
12.8667 847
12.8833 847
12.9 847
12.9167 847
12.9333 846
12.95 846
12.9667 846
12.9833 846
13.0 846
13.0167 845
13.0333 845
13.05 845
13.0667 844
13.0833 844
13.1 844
13.1167 843
13.1333 843
13.15 843
13.1667 842
13.1833 842
13.2 841
13.2167 841
13.2333 840
13.25 840
13.2667 839
13.2833 839
13.3 838
13.3167 838
13.3333 837
13.35 837
13.3667 836
13.3833 835
13.4 835
13.4167 834
13.4333 833
13.45 833
13.4667 832
13.4833 831
13.5 830
13.5167 829
13.5333 829
13.55 828
13.5667 827
13.5833 826
13.6 825
13.6167 824
13.6333 823
13.65 823
13.6667 822
13.6833 821
13.7 820
13.7167 819
13.7333 818
13.75 817
13.7667 815
13.7833 814
13.8 813
13.8167 812
13.8333 811
13.85 810
13.8667 809
13.8833 808
13.9 806
13.9167 805
13.9333 804
13.95 803
13.9667 801
13.9833 800
14.0 799
14.0167 798
14.0333 796
14.05 795
14.0667 793
14.0833 792
14.1 791
14.1167 789
14.1333 788
14.15 786
14.1667 785
14.1833 783
14.2 782
14.2167 780
14.2333 779
14.25 777
14.2667 776
14.2833 774
14.3 773
14.3167 771
14.3333 769
14.35 768
14.3667 766
14.3833 764
14.4 763
14.4167 761
14.4333 759
14.45 757
14.4667 756
14.4833 754
14.5 752
14.5167 750
14.5333 748
14.55 747
14.5667 745
14.5833 743
14.6 741
14.6167 739
14.6333 737
14.65 735
14.6667 733
14.6833 731
14.7 729
14.7167 727
14.7333 725
14.75 723
14.7667 721
14.7833 719
14.8 717
14.8167 715
14.8333 713
14.85 711
14.8667 709
14.8833 706
14.9 704
14.9167 702
14.9333 700
14.95 698
14.9667 695
14.9833 693
15.0 691
15.0167 688
15.0333 686
15.05 684
15.0667 681
15.0833 679
15.1 677
15.1167 674
15.1333 672
15.15 670
15.1667 667
15.1833 665
15.2 663
15.2167 660
15.2333 658
15.25 655
15.2667 653
15.2833 650
15.3 648
15.3167 645
15.3333 643
15.35 640
15.3667 638
15.3833 635
15.4 633
15.4167 630
15.4333 627
15.45 625
15.4667 622
15.4833 620
15.5 617
15.5167 614
15.5333 612
15.55 609
15.5667 606
15.5833 604
15.6 601
15.6167 598
15.6333 595
15.65 593
15.6667 590
15.6833 587
15.7 584
15.7167 581
15.7333 579
15.75 576
15.7667 573
15.7833 570
15.8 567
15.8167 565
15.8333 562
15.85 559
15.8667 556
15.8833 553
15.9 550
15.9167 547
15.9333 544
15.95 541
15.9667 538
15.9833 535
16.0 533
16.0167 530
16.0333 527
16.05 524
16.0667 521
16.0833 518
16.1 515
16.1167 512
16.1333 509
16.15 506
16.1667 502
16.1833 499
16.2 496
16.2167 493
16.2333 490
16.25 487
16.2667 484
16.2833 481
16.3 478
16.3167 475
16.3333 472
16.35 469
16.3667 465
16.3833 462
16.4 459
16.4167 456
16.4333 453
16.45 450
16.4667 447
16.4833 443
16.5 440
16.5167 437
16.5333 434
16.55 431
16.5667 427
16.5833 424
16.6 421
16.6167 418
16.6333 415
16.65 411
16.6667 408
16.6833 405
16.7 402
16.7167 399
16.7333 395
16.75 392
16.7667 389
16.7833 386
16.8 382
16.8167 379
16.8333 376
16.85 373
16.8667 369
16.8833 366
16.9 363
16.9167 360
16.9333 356
16.95 353
16.9667 350
16.9833 347
