8.0 312
8.0167 316
8.0333 320
8.05 324
8.0667 328
8.0833 332
8.1 336
8.1167 340
8.1333 344
8.15 348
8.1667 352
8.1833 356
8.2 360
8.2167 364
8.2333 368
8.25 372
8.2667 376
8.2833 380
8.3 384
8.3167 388
8.3333 392
8.35 396
8.3667 400
8.3833 404
8.4 408
8.4167 412
8.4333 415
8.45 419
8.4667 423
8.4833 427
8.5 431
8.5167 435
8.5333 439
8.55 443
8.5667 447
8.5833 451
8.6 454
8.6167 458
8.6333 462
8.65 466
8.6667 470
8.6833 474
8.7 478
8.7167 481
8.7333 485
8.75 489
8.7667 493
8.7833 497
8.8 500
8.8167 504
8.8333 508
8.85 512
8.8667 516
8.8833 519
8.9 523
8.9167 527
8.9333 530
8.95 534
8.9667 538
8.9833 542
9.0 545
9.0167 549
9.0333 552
9.05 556
9.0667 560
9.0833 563
9.1 567
9.1167 571
9.1333 574
9.15 578
9.1667 581
9.1833 585
9.2 589
9.2167 592
9.2333 596
9.25 599
9.2667 603
9.2833 606
9.3 610
9.3167 613
9.3333 617
9.35 620
9.3667 624
9.3833 627
9.4 631
9.4167 634
9.4333 637
9.45 641
9.4667 644
9.4833 648
9.5 651
9.5167 654
9.5333 658
9.55 661
9.5667 664
9.5833 668
9.6 671
9.6167 674
9.6333 678
9.65 681
9.6667 684
9.6833 687
9.7 690
9.7167 694
9.7333 697
9.75 700
9.7667 703
9.7833 706
9.8 710
9.8167 713
9.8333 716
9.85 719
9.8667 722
9.8833 725
9.9 728
9.9167 731
9.9333 734
9.95 737
9.9667 740
9.9833 743
10.0 746
10.0167 749
10.0333 752
10.05 755
10.0667 758
10.0833 761
10.1 764
10.1167 767
10.1333 769
10.15 772
10.1667 775
10.1833 778
10.2 781
10.2167 783
10.2333 786
10.25 789
10.2667 792
10.2833 794
10.3 797
10.3167 800
10.3333 802
10.35 805
10.3667 808
10.3833 810
10.4 813
10.4167 816
10.4333 818
10.45 821
10.4667 823
10.4833 826
10.5 828
10.5167 831
10.5333 833
10.55 836
10.5667 838
10.5833 841
10.6 843
10.6167 845
10.6333 848
10.65 850
10.6667 852
10.6833 855
10.7 857
10.7167 859
10.7333 862
10.75 864
10.7667 866
10.7833 868
10.8 871
10.8167 873
10.8333 875
10.85 877
10.8667 879
10.8833 881
10.9 883
10.9167 886
10.9333 888
10.95 890
10.9667 892
10.9833 894
11.0 896
11.0167 898
11.0333 900
11.05 902
11.0667 904
11.0833 905
11.1 907
11.1167 909
11.1333 911
11.15 913
11.1667 915
11.1833 916
11.2 918
11.2167 920
11.2333 922
11.25 923
11.2667 925
11.2833 927
11.3 929
11.3167 930
11.3333 932
11.35 933
11.3667 935
11.3833 937
11.4 938
11.4167 940
11.4333 941
11.45 943
11.4667 944
11.4833 946
11.5 947
11.5167 948
11.5333 950
11.55 951
11.5667 953
11.5833 954
11.6 955
11.6167 957
11.6333 958
11.65 959
11.6667 960
11.6833 962
11.7 963
11.7167 964
11.7333 965
11.75 966
11.7667 968
11.7833 969
11.8 970
11.8167 971
11.8333 972
11.85 973
11.8667 974
11.8833 975
11.9 976
11.9167 977
11.9333 978
11.95 979
11.9667 980
11.9833 980
12.0 981
12.0167 982
12.0333 983
12.05 984
12.0667 985
12.0833 985
12.1 986
12.1167 987
12.1333 987
12.15 988
12.1667 989
12.1833 989
12.2 990
12.2167 991
12.2333 991
12.25 992
12.2667 992
12.2833 993
12.3 993
12.3167 994
12.3333 994
12.35 995
12.3667 995
12.3833 996
12.4 996
12.4167 996
12.4333 997
12.45 997
12.4667 997
12.4833 998
12.5 998
12.5167 998
12.5333 998
12.55 999
12.5667 999
12.5833 999
12.6 999
12.6167 999
12.6333 999
12.65 999
12.6667 999
12.6833 999
12.7 999
12.7167 999
12.7333 999
12.75 999
12.7667 999
12.7833 999
12.8 999
12.8167 999
12.8333 999
12.85 999
12.8667 998
12.8833 998
12.9 998
12.9167 998
12.9333 998
12.95 997
12.9667 997
12.9833 997
13.0 996
13.0167 996
13.0333 995
13.05 995
13.0667 995
13.0833 994
13.1 994
13.1167 993
13.1333 993
13.15 992
13.1667 992
13.1833 991
13.2 991
13.2167 990
13.2333 989
13.25 989
13.2667 988
13.2833 987
13.3 987
13.3167 986
13.3333 985
13.35 984
13.3667 984
13.3833 983
13.4 982
13.4167 981
13.4333 980
13.45 979
13.4667 978
13.4833 978
13.5 977
13.5167 976
13.5333 975
13.55 974
13.5667 973
13.5833 972
13.6 971
13.6167 969
13.6333 968
13.65 967
13.6667 966
13.6833 965
13.7 964
13.7167 963
13.7333 961
13.75 960
13.7667 959
13.7833 958
13.8 956
13.8167 955
13.8333 954
13.85 952
13.8667 951
13.8833 949
13.9 948
13.9167 947
13.9333 945
13.95 944
13.9667 942
13.9833 941
14.0 939
14.0167 938
14.0333 936
14.05 935
14.0667 933
14.0833 931
14.1 930
14.1167 928
14.1333 926
14.15 925
14.1667 923
14.1833 921
14.2 920
14.2167 918
14.2333 916
14.25 914
14.2667 912
14.2833 910
14.3 909
14.3167 907
14.3333 905
14.35 903
14.3667 901
14.3833 899
14.4 897
14.4167 895
14.4333 893
14.45 891
14.4667 889
14.4833 887
14.5 885
14.5167 883
14.5333 881
14.55 879
14.5667 876
14.5833 874
14.6 872
14.6167 870
14.6333 868
14.65 866
14.6667 863
14.6833 861
14.7 859
14.7167 856
14.7333 854
14.75 852
14.7667 849
14.7833 847
14.8 845
14.8167 842
14.8333 840
14.85 837
14.8667 835
14.8833 833
14.9 830
14.9167 828
14.9333 825
14.95 823
14.9667 820
14.9833 817
15.0 814
15.0167 812
15.0333 809
15.05 806
15.0667 804
15.0833 801
15.1 798
15.1167 796
15.1333 793
15.15 790
15.1667 787
15.1833 785
15.2 782
15.2167 779
15.2333 776
15.25 774
15.2667 771
15.2833 768
15.3 765
15.3167 762
15.3333 759
15.35 756
15.3667 753
15.3833 750
15.4 748
15.4167 745
15.4333 742
15.45 739
15.4667 736
15.4833 733
15.5 730
15.5167 726
15.5333 723
15.55 720
15.5667 717
15.5833 714
15.6 711
15.6167 708
15.6333 705
15.65 702
15.6667 698
15.6833 695
15.7 692
15.7167 689
15.7333 686
15.75 682
15.7667 679
15.7833 676
15.8 673
15.8167 669
15.8333 666
15.85 663
15.8667 659
15.8833 656
15.9 653
15.9167 649
15.9333 646
15.95 642
15.9667 639
15.9833 636
16.0 632
16.0167 629
16.0333 625
16.05 622
16.0667 618
16.0833 615
16.1 611
16.1167 608
16.1333 604
16.15 601
16.1667 597
16.1833 594
16.2 590
16.2167 587
16.2333 583
16.25 580
16.2667 576
16.2833 572
16.3 569
16.3167 565
16.3333 561
16.35 558
16.3667 554
16.3833 550
16.4 547
16.4167 543
16.4333 539
16.45 536
16.4667 532
16.4833 528
16.5 525
16.5167 521
16.5333 517
16.55 513
16.5667 510
16.5833 506
16.6 502
16.6167 498
16.6333 494
16.65 491
16.6667 487
16.6833 483
16.7 479
16.7167 475
16.7333 471
16.75 468
16.7667 464
16.7833 460
16.8 456
16.8167 452
16.8333 448
16.85 444
16.8667 441
16.8833 437
16.9 433
16.9167 429
16.9333 425
16.95 421
16.9667 417
16.9833 413
