8.0 308
8.0167 312
8.0333 316
8.05 320
8.0667 323
8.0833 327
8.1 331
8.1167 335
8.1333 338
8.15 342
8.1667 346
8.1833 349
8.2 353
8.2167 357
8.2333 361
8.25 364
8.2667 368
8.2833 372
8.3 376
8.3167 379
8.3333 383
8.35 387
8.3667 391
8.3833 394
8.4 398
8.4167 402
8.4333 405
8.45 409
8.4667 413
8.4833 417
8.5 420
8.5167 424
8.5333 428
8.55 431
8.5667 435
8.5833 439
8.6 442
8.6167 446
8.6333 450
8.65 453
8.6667 457
8.6833 461
8.7 464
8.7167 468
8.7333 472
8.75 475
8.7667 479
8.7833 482
8.8 486
8.8167 490
8.8333 493
8.85 497
8.8667 500
8.8833 504
8.9 508
8.9167 511
8.9333 515
8.95 518
8.9667 522
8.9833 525
9.0 529
9.0167 532
9.0333 536
9.05 539
9.0667 543
9.0833 546
9.1 550
9.1167 553
9.1333 557
9.15 560
9.1667 564
9.1833 567
9.2 570
9.2167 574
9.2333 577
9.25 581
9.2667 584
9.2833 587
9.3 591
9.3167 594
9.3333 597
9.35 601
9.3667 604
9.3833 607
9.4 611
9.4167 614
9.4333 617
9.45 621
9.4667 624
9.4833 627
9.5 630
9.5167 634
9.5333 637
9.55 640
9.5667 643
9.5833 647
9.6 650
9.6167 653
9.6333 656
9.65 659
9.6667 662
9.6833 666
9.7 669
9.7167 672
9.7333 675
9.75 678
9.7667 681
9.7833 684
9.8 687
9.8167 690
9.8333 693
9.85 696
9.8667 699
9.8833 702
9.9 705
9.9167 708
9.9333 711
9.95 714
9.9667 717
9.9833 720
10.0 723
10.0167 726
10.0333 728
10.05 731
10.0667 734
10.0833 737
10.1 740
10.1167 743
10.1333 745
10.15 748
10.1667 751
10.1833 754
10.2 756
10.2167 759
10.2333 762
10.25 764
10.2667 767
10.2833 770
10.3 772
10.3167 775
10.3333 778
10.35 780
10.3667 783
10.3833 785
10.4 788
10.4167 790
10.4333 793
10.45 795
10.4667 798
10.4833 800
10.5 803
10.5167 805
10.5333 808
10.55 810
10.5667 813
10.5833 815
10.6 817
10.6167 820
10.6333 822
10.65 824
10.6667 827
10.6833 829
10.7 831
10.7167 834
10.7333 836
10.75 838
10.7667 840
10.7833 842
10.8 845
10.8167 847
10.8333 849
10.85 851
10.8667 853
10.8833 855
10.9 857
10.9167 859
10.9333 862
10.95 864
10.9667 866
10.9833 868
11.0 870
11.0167 872
11.0333 873
11.05 875
11.0667 877
11.0833 879
11.1 881
11.1167 883
11.1333 885
11.15 887
11.1667 889
11.1833 890
11.2 892
11.2167 894
11.2333 896
11.25 897
11.2667 899
11.2833 901
11.3 902
11.3167 904
11.3333 906
11.35 907
11.3667 909
11.3833 911
11.4 912
11.4167 914
11.4333 915
11.45 917
11.4667 918
11.4833 920
11.5 921
11.5167 923
11.5333 924
11.55 925
11.5667 927
11.5833 928
11.6 930
11.6167 931
11.6333 932
11.65 934
11.6667 935
11.6833 936
11.7 937
11.7167 939
11.7333 940
11.75 941
11.7667 942
11.7833 943
11.8 944
11.8167 946
11.8333 947
11.85 948
11.8667 949
11.8833 950
11.9 951
11.9167 952
11.9333 953
11.95 954
11.9667 955
11.9833 956
12.0 957
12.0167 958
12.0333 958
12.05 959
12.0667 960
12.0833 961
12.1 962
12.1167 963
12.1333 963
12.15 964
12.1667 965
12.1833 965
12.2 966
12.2167 967
12.2333 967
12.25 968
12.2667 969
12.2833 969
12.3 970
12.3167 970
12.3333 971
12.35 972
12.3667 972
12.3833 973
12.4 973
12.4167 973
12.4333 974
12.45 974
12.4667 975
12.4833 975
12.5 975
12.5167 976
12.5333 976
12.55 976
12.5667 977
12.5833 977
12.6 977
12.6167 977
12.6333 977
12.65 978
12.6667 978
12.6833 978
12.7 978
12.7167 978
12.7333 978
12.75 978
12.7667 978
12.7833 978
12.8 978
12.8167 978
12.8333 978
12.85 978
12.8667 978
12.8833 978
12.9 978
12.9167 978
12.9333 978
12.95 977
12.9667 977
12.9833 977
13.0 977
13.0167 976
13.0333 976
13.05 976
13.0667 976
13.0833 975
13.1 975
13.1167 975
13.1333 974
13.15 974
13.1667 973
13.1833 973
13.2 972
13.2167 972
13.2333 971
13.25 971
13.2667 970
13.2833 970
13.3 969
13.3167 969
13.3333 968
13.35 967
13.3667 967
13.3833 966
13.4 965
13.4167 965
13.4333 964
13.45 963
13.4667 962
13.4833 962
13.5 961
13.5167 960
13.5333 959
13.55 958
13.5667 957
13.5833 956
13.6 956
13.6167 955
13.6333 954
13.65 953
13.6667 952
13.6833 951
13.7 950
13.7167 949
13.7333 947
13.75 946
13.7667 945
13.7833 944
13.8 943
13.8167 942
13.8333 941
13.85 939
13.8667 938
13.8833 937
13.9 936
13.9167 935
13.9333 933
13.95 932
13.9667 931
13.9833 929
14.0 928
14.0167 927
14.0333 925
14.05 924
14.0667 922
14.0833 921
14.1 919
14.1167 918
14.1333 916
14.15 915
14.1667 913
14.1833 912
14.2 910
14.2167 909
14.2333 907
14.25 905
14.2667 904
14.2833 902
14.3 900
14.3167 899
14.3333 897
14.35 895
14.3667 893
14.3833 892
14.4 890
14.4167 888
14.4333 886
14.45 884
14.4667 883
14.4833 881
14.5 879
14.5167 877
14.5333 875
14.55 873
14.5667 871
14.5833 869
14.6 867
14.6167 865
14.6333 863
14.65 861
14.6667 859
14.6833 857
14.7 855
14.7167 853
14.7333 851
14.75 848
14.7667 846
14.7833 844
14.8 842
14.8167 840
14.8333 838
14.85 835
14.8667 833
14.8833 831
14.9 828
14.9167 826
14.9333 824
14.95 822
14.9667 819
14.9833 817
15.0 814
15.0167 812
15.0333 809
15.05 807
15.0667 804
15.0833 802
15.1 800
15.1167 797
15.1333 795
15.15 792
15.1667 790
15.1833 787
15.2 784
15.2167 782
15.2333 779
15.25 777
15.2667 774
15.2833 771
15.3 769
15.3167 766
15.3333 763
15.35 761
15.3667 758
15.3833 755
15.4 753
15.4167 750
15.4333 747
15.45 744
15.4667 741
15.4833 739
15.5 736
15.5167 733
15.5333 730
15.55 727
15.5667 724
15.5833 722
15.6 719
15.6167 716
15.6333 713
15.65 710
15.6667 707
15.6833 704
15.7 701
15.7167 698
15.7333 695
15.75 692
15.7667 689
15.7833 686
15.8 683
15.8167 680
15.8333 677
15.85 674
15.8667 671
15.8833 668
15.9 664
15.9167 661
15.9333 658
15.95 655
15.9667 652
15.9833 649
16.0 645
16.0167 642
16.0333 639
16.05 636
16.0667 633
16.0833 629
16.1 626
16.1167 623
16.1333 620
16.15 616
16.1667 613
16.1833 610
16.2 606
16.2167 603
16.2333 600
16.25 596
16.2667 593
16.2833 590
16.3 586
16.3167 583
16.3333 579
16.35 576
16.3667 573
16.3833 569
16.4 566
16.4167 562
16.4333 559
16.45 555
16.4667 552
16.4833 548
16.5 545
16.5167 541
16.5333 538
16.55 534
16.5667 531
16.5833 527
16.6 524
16.6167 520
16.6333 517
16.65 513
16.6667 510
16.6833 506
16.7 502
16.7167 499
16.7333 495
16.75 492
16.7667 488
16.7833 485
16.8 481
16.8167 477
16.8333 474
16.85 470
16.8667 466
16.8833 463
16.9 459
16.9167 455
16.9333 452
16.95 448
16.9667 444
16.9833 441
