8.0 246
8.0167 249
8.0333 253
8.05 256
8.0667 260
8.0833 264
8.1 267
8.1167 271
8.1333 275
8.15 278
8.1667 282
8.1833 286
8.2 289
8.2167 293
8.2333 297
8.25 300
8.2667 304
8.2833 308
8.3 311
8.3167 315
8.3333 319
8.35 322
8.3667 326
8.3833 330
8.4 333
8.4167 337
8.4333 341
8.45 345
8.4667 348
8.4833 352
8.5 356
8.5167 359
8.5333 363
8.55 367
8.5667 370
8.5833 374
8.6 377
8.6167 381
8.6333 385
8.65 388
8.6667 392
8.6833 396
8.7 399
8.7167 403
8.7333 407
8.75 410
8.7667 414
8.7833 417
8.8 421
8.8167 425
8.8333 428
8.85 432
8.8667 435
8.8833 439
8.9 442
8.9167 446
8.9333 450
8.95 453
8.9667 457
8.9833 460
9.0 464
9.0167 467
9.0333 470
9.05 474
9.0667 477
9.0833 481
9.1 484
9.1167 488
9.1333 491
9.15 495
9.1667 498
9.1833 502
9.2 505
9.2167 508
9.2333 512
9.25 515
9.2667 519
9.2833 522
9.3 525
9.3167 529
9.3333 532
9.35 535
9.3667 539
9.3833 542
9.4 545
9.4167 549
9.4333 552
9.45 555
9.4667 558
9.4833 562
9.5 565
9.5167 568
9.5333 571
9.55 575
9.5667 578
9.5833 581
9.6 584
9.6167 587
9.6333 590
9.65 594
9.6667 597
9.6833 600
9.7 603
9.7167 606
9.7333 609
9.75 612
9.7667 615
9.7833 618
9.8 621
9.8167 624
9.8333 627
9.85 630
9.8667 633
9.8833 636
9.9 639
9.9167 642
9.9333 645
9.95 648
9.9667 651
9.9833 654
10.0 656
10.0167 659
10.0333 662
10.05 665
10.0667 668
10.0833 670
10.1 673
10.1167 676
10.1333 679
10.15 682
10.1667 684
10.1833 687
10.2 690
10.2167 692
10.2333 695
10.25 698
10.2667 700
10.2833 703
10.3 705
10.3167 708
10.3333 711
10.35 713
10.3667 716
10.3833 718
10.4 721
10.4167 723
10.4333 726
10.45 728
10.4667 731
10.4833 733
10.5 735
10.5167 738
10.5333 740
10.55 742
10.5667 745
10.5833 747
10.6 749
10.6167 752
10.6333 754
10.65 756
10.6667 759
10.6833 761
10.7 763
10.7167 765
10.7333 767
10.75 769
10.7667 772
10.7833 774
10.8 776
10.8167 778
10.8333 780
10.85 782
10.8667 784
10.8833 786
10.9 788
10.9167 790
10.9333 792
10.95 794
10.9667 796
10.9833 798
11.0 800
11.0167 802
11.0333 803
11.05 805
11.0667 807
11.0833 809
11.1 811
11.1167 813
11.1333 814
11.15 816
11.1667 818
11.1833 819
11.2 821
11.2167 823
11.2333 824
11.25 826
11.2667 828
11.2833 829
11.3 831
11.3167 832
11.3333 834
11.35 835
11.3667 837
11.3833 838
11.4 840
11.4167 841
11.4333 843
11.45 844
11.4667 845
11.4833 847
11.5 848
11.5167 849
11.5333 851
11.55 852
11.5667 853
11.5833 855
11.6 856
11.6167 857
11.6333 858
11.65 859
11.6667 860
11.6833 862
11.7 863
11.7167 864
11.7333 865
11.75 866
11.7667 867
11.7833 868
11.8 869
11.8167 870
11.8333 871
11.85 872
11.8667 873
11.8833 874
11.9 875
11.9167 875
11.9333 876
11.95 877
11.9667 878
11.9833 879
12.0 879
12.0167 880
12.0333 881
12.05 882
12.0667 882
12.0833 883
12.1 884
12.1167 884
12.1333 885
12.15 885
12.1667 886
12.1833 886
12.2 887
12.2167 887
12.2333 888
12.25 888
12.2667 889
12.2833 889
12.3 890
12.3167 890
12.3333 890
12.35 891
12.3667 891
12.3833 891
12.4 892
12.4167 892
12.4333 892
12.45 892
12.4667 893
12.4833 893
12.5 893
12.5167 893
12.5333 893
12.55 893
12.5667 893
12.5833 893
12.6 893
12.6167 893
12.6333 893
12.65 893
12.6667 893
12.6833 893
12.7 893
12.7167 893
12.7333 893
12.75 893
12.7667 893
12.7833 892
12.8 892
12.8167 892
12.8333 892
12.85 892
12.8667 891
12.8833 891
12.9 891
12.9167 890
12.9333 890
12.95 890
12.9667 889
12.9833 889
13.0 888
13.0167 888
13.0333 887
13.05 887
13.0667 886
13.0833 886
13.1 885
13.1167 885
13.1333 884
13.15 883
13.1667 883
13.1833 882
13.2 881
13.2167 881
13.2333 880
13.25 879
13.2667 878
13.2833 878
13.3 877
13.3167 876
13.3333 875
13.35 874
13.3667 873
13.3833 873
13.4 872
13.4167 871
13.4333 870
13.45 869
13.4667 868
13.4833 867
13.5 866
13.5167 865
13.5333 864
13.55 862
13.5667 861
13.5833 860
13.6 859
13.6167 858
13.6333 857
13.65 855
13.6667 854
13.6833 853
13.7 852
13.7167 850
13.7333 849
13.75 848
13.7667 846
13.7833 845
13.8 844
13.8167 842
13.8333 841
13.85 839
13.8667 838
13.8833 836
13.9 835
13.9167 833
13.9333 832
13.95 830
13.9667 829
13.9833 827
14.0 826
14.0167 824
14.0333 822
14.05 821
14.0667 819
14.0833 817
14.1 816
14.1167 814
14.1333 812
14.15 810
14.1667 808
14.1833 807
14.2 805
14.2167 803
14.2333 801
14.25 799
14.2667 797
14.2833 795
14.3 793
14.3167 792
14.3333 790
14.35 788
14.3667 786
14.3833 784
14.4 781
14.4167 779
14.4333 777
14.45 775
14.4667 773
14.4833 771
14.5 769
14.5167 767
14.5333 765
14.55 762
14.5667 760
14.5833 758
14.6 756
14.6167 753
14.6333 751
14.65 749
14.6667 746
14.6833 744
14.7 742
14.7167 739
14.7333 737
14.75 735
14.7667 732
14.7833 730
14.8 727
14.8167 725
14.8333 722
14.85 720
14.8667 717
14.8833 715
14.9 712
14.9167 710
14.9333 707
14.95 705
14.9667 702
14.9833 699
15.0 696
15.0167 693
15.0333 691
15.05 688
15.0667 685
15.0833 683
15.1 680
15.1167 677
15.1333 674
15.15 672
15.1667 669
15.1833 666
15.2 663
15.2167 660
15.2333 658
15.25 655
15.2667 652
15.2833 649
15.3 646
15.3167 643
15.3333 640
15.35 637
15.3667 634
15.3833 631
15.4 628
15.4167 625
15.4333 622
15.45 619
15.4667 616
15.4833 613
15.5 610
15.5167 607
15.5333 604
15.55 601
15.5667 598
15.5833 595
15.6 592
15.6167 589
15.6333 585
15.65 582
15.6667 579
15.6833 576
15.7 573
15.7167 569
15.7333 566
15.75 563
15.7667 560
15.7833 557
15.8 553
15.8167 550
15.8333 547
15.85 543
15.8667 540
15.8833 537
15.9 533
15.9167 530
15.9333 527
15.95 523
15.9667 520
15.9833 517
16.0 513
16.0167 510
16.0333 506
16.05 503
16.0667 500
16.0833 496
16.1 493
16.1167 489
16.1333 486
16.15 482
16.1667 479
16.1833 475
16.2 472
16.2167 468
16.2333 465
16.25 461
16.2667 458
16.2833 454
16.3 451
16.3167 447
16.3333 444
16.35 440
16.3667 437
16.3833 433
16.4 429
16.4167 426
16.4333 422
16.45 419
16.4667 415
16.4833 411
16.5 408
16.5167 404
16.5333 401
16.55 397
16.5667 393
16.5833 390
16.6 386
16.6167 382
16.6333 379
16.65 375
16.6667 371
16.6833 368
16.7 364
16.7167 360
16.7333 357
16.75 353
16.7667 349
16.7833 346
16.8 342
16.8167 338
16.8333 335
16.85 331
16.8667 327
16.8833 324
16.9 320
16.9167 316
16.9333 313
16.95 309
16.9667 305
16.9833 302
