8.0 242
8.0167 245
8.0333 249
8.05 253
8.0667 257
8.0833 260
8.1 264
8.1167 268
8.1333 272
8.15 275
8.1667 279
8.1833 283
8.2 287
8.2167 290
8.2333 294
8.25 298
8.2667 302
8.2833 305
8.3 309
8.3167 313
8.3333 317
8.35 320
8.3667 324
8.3833 328
8.4 332
8.4167 335
8.4333 339
8.45 343
8.4667 347
8.4833 350
8.5 354
8.5167 358
8.5333 362
8.55 365
8.5667 369
8.5833 373
8.6 376
8.6167 380
8.6333 384
8.65 388
8.6667 391
8.6833 395
8.7 399
8.7167 402
8.7333 406
8.75 410
8.7667 413
8.7833 417
8.8 421
8.8167 424
8.8333 428
8.85 431
8.8667 435
8.8833 439
8.9 442
8.9167 446
8.9333 449
8.95 453
8.9667 457
8.9833 460
9.0 464
9.0167 467
9.0333 470
9.05 474
9.0667 477
9.0833 481
9.1 484
9.1167 488
9.1333 491
9.15 495
9.1667 498
9.1833 502
9.2 505
9.2167 509
9.2333 512
9.25 515
9.2667 519
9.2833 522
9.3 526
9.3167 529
9.3333 532
9.35 536
9.3667 539
9.3833 542
9.4 546
9.4167 549
9.4333 552
9.45 555
9.4667 559
9.4833 562
9.5 565
9.5167 568
9.5333 572
9.55 575
9.5667 578
9.5833 581
9.6 584
9.6167 588
9.6333 591
9.65 594
9.6667 597
9.6833 600
9.7 603
9.7167 606
9.7333 609
9.75 612
9.7667 615
9.7833 618
9.8 621
9.8167 624
9.8333 627
9.85 630
9.8667 633
9.8833 636
9.9 639
9.9167 642
9.9333 645
9.95 648
9.9667 651
9.9833 654
10.0 656
10.0167 659
10.0333 662
10.05 665
10.0667 668
10.0833 670
10.1 673
10.1167 676
10.1333 679
10.15 681
10.1667 684
10.1833 687
10.2 689
10.2167 692
10.2333 694
10.25 697
10.2667 700
10.2833 702
10.3 705
10.3167 707
10.3333 710
10.35 712
10.3667 715
10.3833 717
10.4 720
10.4167 722
10.4333 725
10.45 727
10.4667 730
10.4833 732
10.5 734
10.5167 737
10.5333 739
10.55 741
10.5667 744
10.5833 746
10.6 748
10.6167 750
10.6333 753
10.65 755
10.6667 757
10.6833 759
10.7 761
10.7167 763
10.7333 766
10.75 768
10.7667 770
10.7833 772
10.8 774
10.8167 776
10.8333 778
10.85 780
10.8667 782
10.8833 784
10.9 786
10.9167 788
10.9333 790
10.95 791
10.9667 793
10.9833 795
11.0 797
11.0167 799
11.0333 801
11.05 802
11.0667 804
11.0833 806
11.1 808
11.1167 809
11.1333 811
11.15 813
11.1667 814
11.1833 816
11.2 817
11.2167 819
11.2333 821
11.25 822
11.2667 824
11.2833 825
11.3 827
11.3167 828
11.3333 830
11.35 831
11.3667 833
11.3833 834
11.4 835
11.4167 837
11.4333 838
11.45 839
11.4667 841
11.4833 842
11.5 843
11.5167 844
11.5333 846
11.55 847
11.5667 848
11.5833 849
11.6 850
11.6167 851
11.6333 853
11.65 854
11.6667 855
11.6833 856
11.7 857
11.7167 858
11.7333 859
11.75 860
11.7667 861
11.7833 862
11.8 862
11.8167 863
11.8333 864
11.85 865
11.8667 866
11.8833 867
11.9 867
11.9167 868
11.9333 869
11.95 870
11.9667 870
11.9833 871
12.0 872
12.0167 872
12.0333 873
12.05 874
12.0667 874
12.0833 875
12.1 875
12.1167 876
12.1333 876
12.15 877
12.1667 877
12.1833 878
12.2 878
12.2167 879
12.2333 879
12.25 879
12.2667 880
12.2833 880
12.3 880
12.3167 881
12.3333 881
12.35 881
12.3667 881
12.3833 881
12.4 882
12.4167 882
12.4333 882
12.45 882
12.4667 882
12.4833 882
12.5 882
12.5167 882
12.5333 882
12.55 882
12.5667 882
12.5833 882
12.6 882
12.6167 882
12.6333 882
12.65 882
12.6667 882
12.6833 881
12.7 881
12.7167 881
12.7333 881
12.75 881
12.7667 880
12.7833 880
12.8 880
12.8167 879
12.8333 879
12.85 879
12.8667 878
12.8833 878
12.9 877
12.9167 877
12.9333 876
12.95 876
12.9667 875
12.9833 875
13.0 874
13.0167 874
13.0333 873
13.05 873
13.0667 872
13.0833 871
13.1 871
13.1167 870
13.1333 869
13.15 868
13.1667 868
13.1833 867
13.2 866
13.2167 865
13.2333 864
13.25 864
13.2667 863
13.2833 862
13.3 861
13.3167 860
13.3333 859
13.35 858
13.3667 857
13.3833 856
13.4 855
13.4167 854
13.4333 853
13.45 852
13.4667 851
13.4833 849
13.5 848
13.5167 847
13.5333 846
13.55 845
13.5667 843
13.5833 842
13.6 841
13.6167 840
13.6333 838
13.65 837
13.6667 836
13.6833 834
13.7 833
13.7167 831
13.7333 830
13.75 828
13.7667 827
13.7833 825
13.8 824
13.8167 822
13.8333 821
13.85 819
13.8667 818
13.8833 816
13.9 815
13.9167 813
13.9333 811
13.95 810
13.9667 808
13.9833 806
14.0 804
14.0167 803
14.0333 801
14.05 799
14.0667 797
14.0833 795
14.1 794
14.1167 792
14.1333 790
14.15 788
14.1667 786
14.1833 784
14.2 782
14.2167 780
14.2333 778
14.25 776
14.2667 774
14.2833 772
14.3 770
14.3167 768
14.3333 766
14.35 764
14.3667 762
14.3833 759
14.4 757
14.4167 755
14.4333 753
14.45 751
14.4667 748
14.4833 746
14.5 744
14.5167 742
14.5333 739
14.55 737
14.5667 735
14.5833 732
14.6 730
14.6167 728
14.6333 725
14.65 723
14.6667 720
14.6833 718
14.7 715
14.7167 713
14.7333 710
14.75 708
14.7667 705
14.7833 703
14.8 700
14.8167 698
14.8333 695
14.85 692
14.8667 690
14.8833 687
14.9 684
14.9167 682
14.9333 679
14.95 676
14.9667 674
14.9833 671
15.0 667
15.0167 664
15.0333 661
15.05 659
15.0667 656
15.0833 653
15.1 650
15.1167 647
15.1333 644
15.15 641
15.1667 639
15.1833 636
15.2 633
15.2167 630
15.2333 627
15.25 624
15.2667 621
15.2833 618
15.3 615
15.3167 612
15.3333 609
15.35 606
15.3667 603
15.3833 599
15.4 596
15.4167 593
15.4333 590
15.45 587
15.4667 584
15.4833 581
15.5 578
15.5167 574
15.5333 571
15.55 568
15.5667 565
15.5833 561
15.6 558
15.6167 555
15.6333 552
15.65 548
15.6667 545
15.6833 542
15.7 538
15.7167 535
15.7333 532
15.75 528
15.7667 525
15.7833 522
15.8 518
15.8167 515
15.8333 511
15.85 508
15.8667 505
15.8833 501
15.9 498
15.9167 494
15.9333 491
15.95 487
15.9667 484
15.9833 480
16.0 477
16.0167 473
16.0333 470
16.05 466
16.0667 463
16.0833 459
16.1 456
16.1167 452
16.1333 448
16.15 445
16.1667 441
16.1833 438
16.2 434
16.2167 430
16.2333 427
16.25 423
16.2667 420
16.2833 416
16.3 412
16.3167 409
16.3333 405
16.35 401
16.3667 398
16.3833 394
16.4 390
16.4167 387
16.4333 383
16.45 379
16.4667 375
16.4833 372
16.5 368
16.5167 364
16.5333 361
16.55 357
16.5667 353
16.5833 349
16.6 346
16.6167 342
16.6333 338
16.65 334
16.6667 331
16.6833 327
16.7 323
16.7167 319
16.7333 316
16.75 312
16.7667 308
16.7833 305
16.8 301
16.8167 297
16.8333 293
16.85 289
16.8667 286
16.8833 282
16.9 278
16.9167 274
16.9333 271
16.95 267
16.9667 263
16.9833 260
