8.0 265
8.0167 269
8.0333 272
8.05 276
8.0667 280
8.0833 284
8.1 288
8.1167 292
8.1333 295
8.15 299
8.1667 303
8.1833 307
8.2 311
8.2167 315
8.2333 319
8.25 323
8.2667 326
8.2833 330
8.3 334
8.3167 338
8.3333 342
8.35 346
8.3667 349
8.3833 353
8.4 357
8.4167 361
8.4333 365
8.45 369
8.4667 372
8.4833 376
8.5 380
8.5167 384
8.5333 388
8.55 392
8.5667 395
8.5833 399
8.6 403
8.6167 407
8.6333 411
8.65 414
8.6667 418
8.6833 422
8.7 426
8.7167 429
8.7333 433
8.75 437
8.7667 441
8.7833 444
8.8 448
8.8167 452
8.8333 455
8.85 459
8.8667 463
8.8833 466
8.9 470
8.9167 474
8.9333 477
8.95 481
8.9667 485
8.9833 488
9.0 492
9.0167 495
9.0333 499
9.05 502
9.0667 506
9.0833 510
9.1 513
9.1167 517
9.1333 520
9.15 524
9.1667 527
9.1833 531
9.2 534
9.2167 538
9.2333 541
9.25 545
9.2667 548
9.2833 552
9.3 555
9.3167 559
9.3333 562
9.35 565
9.3667 569
9.3833 572
9.4 576
9.4167 579
9.4333 582
9.45 586
9.4667 589
9.4833 592
9.5 596
9.5167 599
9.5333 602
9.55 605
9.5667 609
9.5833 612
9.6 615
9.6167 618
9.6333 622
9.65 625
9.6667 628
9.6833 631
9.7 634
9.7167 637
9.7333 640
9.75 644
9.7667 647
9.7833 650
9.8 653
9.8167 656
9.8333 659
9.85 662
9.8667 665
9.8833 668
9.9 671
9.9167 674
9.9333 677
9.95 680
9.9667 683
9.9833 686
10.0 689
10.0167 691
10.0333 694
10.05 697
10.0667 700
10.0833 703
10.1 706
10.1167 708
10.1333 711
10.15 714
10.1667 717
10.1833 719
10.2 722
10.2167 725
10.2333 727
10.25 730
10.2667 733
10.2833 735
10.3 738
10.3167 741
10.3333 743
10.35 746
10.3667 748
10.3833 751
10.4 753
10.4167 756
10.4333 758
10.45 761
10.4667 763
10.4833 766
10.5 768
10.5167 771
10.5333 773
10.55 775
10.5667 778
10.5833 780
10.6 782
10.6167 785
10.6333 787
10.65 789
10.6667 791
10.6833 794
10.7 796
10.7167 798
10.7333 800
10.75 802
10.7667 805
10.7833 807
10.8 809
10.8167 811
10.8333 813
10.85 815
10.8667 817
10.8833 819
10.9 821
10.9167 823
10.9333 825
10.95 827
10.9667 829
10.9833 831
11.0 833
11.0167 835
11.0333 836
11.05 838
11.0667 840
11.0833 842
11.1 844
11.1167 845
11.1333 847
11.15 849
11.1667 851
11.1833 852
11.2 854
11.2167 856
11.2333 857
11.25 859
11.2667 861
11.2833 862
11.3 864
11.3167 865
11.3333 867
11.35 868
11.3667 870
11.3833 871
11.4 873
11.4167 874
11.4333 875
11.45 877
11.4667 878
11.4833 879
11.5 881
11.5167 882
11.5333 883
11.55 885
11.5667 886
11.5833 887
11.6 888
11.6167 890
11.6333 891
11.65 892
11.6667 893
11.6833 894
11.7 895
11.7167 896
11.7333 897
11.75 898
11.7667 899
11.7833 900
11.8 901
11.8167 902
11.8333 903
11.85 904
11.8667 905
11.8833 906
11.9 907
11.9167 908
11.9333 908
11.95 909
11.9667 910
11.9833 911
12.0 911
12.0167 912
12.0333 913
12.05 913
12.0667 914
12.0833 915
12.1 915
12.1167 916
12.1333 916
12.15 917
12.1667 918
12.1833 918
12.2 919
12.2167 919
12.2333 919
12.25 920
12.2667 920
12.2833 921
12.3 921
12.3167 921
12.3333 922
12.35 922
12.3667 922
12.3833 922
12.4 923
12.4167 923
12.4333 923
12.45 923
12.4667 923
12.4833 924
12.5 924
12.5167 924
12.5333 924
12.55 924
12.5667 924
12.5833 924
12.6 924
12.6167 924
12.6333 924
12.65 924
12.6667 924
12.6833 924
12.7 924
12.7167 923
12.7333 923
12.75 923
12.7667 923
12.7833 923
12.8 922
12.8167 922
12.8333 922
12.85 921
12.8667 921
12.8833 921
12.9 920
12.9167 920
12.9333 920
12.95 919
12.9667 919
12.9833 918
13.0 918
13.0167 917
13.0333 917
13.05 916
13.0667 916
13.0833 915
13.1 914
13.1167 914
13.1333 913
13.15 912
13.1667 912
13.1833 911
13.2 910
13.2167 909
13.2333 909
13.25 908
13.2667 907
13.2833 906
13.3 905
13.3167 904
13.3333 904
13.35 903
13.3667 902
13.3833 901
13.4 900
13.4167 899
13.4333 898
13.45 897
13.4667 896
13.4833 895
13.5 893
13.5167 892
13.5333 891
13.55 890
13.5667 889
13.5833 888
13.6 886
13.6167 885
13.6333 884
13.65 883
13.6667 881
13.6833 880
13.7 879
13.7167 877
13.7333 876
13.75 875
13.7667 873
13.7833 872
13.8 870
13.8167 869
13.8333 867
13.85 866
13.8667 864
13.8833 863
13.9 861
13.9167 860
13.9333 858
13.95 856
13.9667 855
13.9833 853
14.0 851
14.0167 850
14.0333 848
14.05 846
14.0667 845
14.0833 843
14.1 841
14.1167 839
14.1333 837
14.15 835
14.1667 834
14.1833 832
14.2 830
14.2167 828
14.2333 826
14.25 824
14.2667 822
14.2833 820
14.3 818
14.3167 816
14.3333 814
14.35 812
14.3667 810
14.3833 808
14.4 806
14.4167 803
14.4333 801
14.45 799
14.4667 797
14.4833 795
14.5 792
14.5167 790
14.5333 788
14.55 786
14.5667 783
14.5833 781
14.6 779
14.6167 776
14.6333 774
14.65 772
14.6667 769
14.6833 767
14.7 764
14.7167 762
14.7333 760
14.75 757
14.7667 755
14.7833 752
14.8 749
14.8167 747
14.8333 744
14.85 742
14.8667 739
14.8833 737
14.9 734
14.9167 731
14.9333 729
14.95 726
14.9667 723
14.9833 721
15.0 717
15.0167 714
15.0333 711
15.05 709
15.0667 706
15.0833 703
15.1 700
15.1167 697
15.1333 695
15.15 692
15.1667 689
15.1833 686
15.2 683
15.2167 680
15.2333 677
15.25 674
15.2667 671
15.2833 668
15.3 665
15.3167 662
15.3333 659
15.35 656
15.3667 653
15.3833 650
15.4 647
15.4167 644
15.4333 641
15.45 638
15.4667 635
15.4833 631
15.5 628
15.5167 625
15.5333 622
15.55 619
15.5667 616
15.5833 612
15.6 609
15.6167 606
15.6333 603
15.65 599
15.6667 596
15.6833 593
15.7 589
15.7167 586
15.7333 583
15.75 579
15.7667 576
15.7833 573
15.8 569
15.8167 566
15.8333 562
15.85 559
15.8667 556
15.8833 552
15.9 549
15.9167 545
15.9333 542
15.95 538
15.9667 535
15.9833 531
16.0 528
16.0167 524
16.0333 521
16.05 517
16.0667 514
16.0833 510
16.1 507
16.1167 503
16.1333 499
16.15 496
16.1667 492
16.1833 489
16.2 485
16.2167 481
16.2333 478
16.25 474
16.2667 470
16.2833 467
16.3 463
16.3167 459
16.3333 456
16.35 452
16.3667 448
16.3833 444
16.4 441
16.4167 437
16.4333 433
16.45 430
16.4667 426
16.4833 422
16.5 418
16.5167 414
16.5333 411
16.55 407
16.5667 403
16.5833 399
16.6 396
16.6167 392
16.6333 388
16.65 384
16.6667 380
16.6833 377
16.7 373
16.7167 369
16.7333 365
16.75 361
16.7667 357
16.7833 354
16.8 350
16.8167 346
16.8333 342
16.85 338
16.8667 334
16.8833 330
16.9 327
16.9167 323
16.9333 319
16.95 315
16.9667 311
16.9833 307
