8.0 263
8.0167 266
8.0333 270
8.05 274
8.0667 278
8.0833 281
8.1 285
8.1167 289
8.1333 293
8.15 297
8.1667 300
8.1833 304
8.2 308
8.2167 312
8.2333 316
8.25 320
8.2667 323
8.2833 327
8.3 331
8.3167 335
8.3333 339
8.35 342
8.3667 346
8.3833 350
8.4 354
8.4167 358
8.4333 361
8.45 365
8.4667 369
8.4833 373
8.5 376
8.5167 380
8.5333 384
8.55 388
8.5667 392
8.5833 395
8.6 399
8.6167 403
8.6333 407
8.65 410
8.6667 414
8.6833 418
8.7 422
8.7167 425
8.7333 429
8.75 433
8.7667 436
8.7833 440
8.8 444
8.8167 447
8.8333 451
8.85 455
8.8667 458
8.8833 462
8.9 466
8.9167 469
8.9333 473
8.95 477
8.9667 480
8.9833 484
9.0 487
9.0167 491
9.0333 494
9.05 498
9.0667 501
9.0833 505
9.1 509
9.1167 512
9.1333 516
9.15 519
9.1667 523
9.1833 526
9.2 530
9.2167 533
9.2333 537
9.25 540
9.2667 543
9.2833 547
9.3 550
9.3167 554
9.3333 557
9.35 561
9.3667 564
9.3833 567
9.4 571
9.4167 574
9.4333 577
9.45 581
9.4667 584
9.4833 587
9.5 591
9.5167 594
9.5333 597
9.55 600
9.5667 604
9.5833 607
9.6 610
9.6167 613
9.6333 617
9.65 620
9.6667 623
9.6833 626
9.7 629
9.7167 632
9.7333 635
9.75 639
9.7667 642
9.7833 645
9.8 648
9.8167 651
9.8333 654
9.85 657
9.8667 660
9.8833 663
9.9 666
9.9167 669
9.9333 672
9.95 675
9.9667 678
9.9833 681
10.0 683
10.0167 686
10.0333 689
10.05 692
10.0667 695
10.0833 698
10.1 701
10.1167 703
10.1333 706
10.15 709
10.1667 712
10.1833 714
10.2 717
10.2167 720
10.2333 723
10.25 725
10.2667 728
10.2833 730
10.3 733
10.3167 736
10.3333 738
10.35 741
10.3667 743
10.3833 746
10.4 749
10.4167 751
10.4333 754
10.45 756
10.4667 758
10.4833 761
10.5 763
10.5167 766
10.5333 768
10.55 771
10.5667 773
10.5833 775
10.6 778
10.6167 780
10.6333 782
10.65 785
10.6667 787
10.6833 789
10.7 791
10.7167 793
10.7333 796
10.75 798
10.7667 800
10.7833 802
10.8 804
10.8167 806
10.8333 808
10.85 811
10.8667 813
10.8833 815
10.9 817
10.9167 819
10.9333 821
10.95 823
10.9667 825
10.9833 826
11.0 828
11.0167 830
11.0333 832
11.05 834
11.0667 836
11.0833 838
11.1 839
11.1167 841
11.1333 843
11.15 845
11.1667 846
11.1833 848
11.2 850
11.2167 852
11.2333 853
11.25 855
11.2667 856
11.2833 858
11.3 860
11.3167 861
11.3333 863
11.35 864
11.3667 866
11.3833 867
11.4 869
11.4167 870
11.4333 872
11.45 873
11.4667 874
11.4833 876
11.5 877
11.5167 878
11.5333 880
11.55 881
11.5667 882
11.5833 884
11.6 885
11.6167 886
11.6333 887
11.65 888
11.6667 890
11.6833 891
11.7 892
11.7167 893
11.7333 894
11.75 895
11.7667 896
11.7833 897
11.8 898
11.8167 899
11.8333 900
11.85 901
11.8667 902
11.8833 903
11.9 904
11.9167 904
11.9333 905
11.95 906
11.9667 907
11.9833 908
12.0 908
12.0167 909
12.0333 910
12.05 911
12.0667 911
12.0833 912
12.1 913
12.1167 913
12.1333 914
12.15 914
12.1667 915
12.1833 916
12.2 916
12.2167 917
12.2333 917
12.25 917
12.2667 918
12.2833 918
12.3 919
12.3167 919
12.3333 919
12.35 920
12.3667 920
12.3833 920
12.4 921
12.4167 921
12.4333 921
12.45 921
12.4667 922
12.4833 922
12.5 922
12.5167 922
12.5333 922
12.55 922
12.5667 922
12.5833 922
12.6 922
12.6167 922
12.6333 922
12.65 922
12.6667 922
12.6833 922
12.7 922
12.7167 922
12.7333 922
12.75 922
12.7667 922
12.7833 921
12.8 921
12.8167 921
12.8333 921
12.85 920
12.8667 920
12.8833 920
12.9 919
12.9167 919
12.9333 919
12.95 918
12.9667 918
12.9833 917
13.0 917
13.0167 917
13.0333 916
13.05 916
13.0667 915
13.0833 914
13.1 914
13.1167 913
13.1333 913
13.15 912
13.1667 911
13.1833 911
13.2 910
13.2167 909
13.2333 908
13.25 908
13.2667 907
13.2833 906
13.3 905
13.3167 904
13.3333 904
13.35 903
13.3667 902
13.3833 901
13.4 900
13.4167 899
13.4333 898
13.45 897
13.4667 896
13.4833 895
13.5 894
13.5167 893
13.5333 892
13.55 891
13.5667 890
13.5833 888
13.6 887
13.6167 886
13.6333 885
13.65 884
13.6667 882
13.6833 881
13.7 880
13.7167 878
13.7333 877
13.75 876
13.7667 874
13.7833 873
13.8 872
13.8167 870
13.8333 869
13.85 867
13.8667 866
13.8833 864
13.9 863
13.9167 861
13.9333 860
13.95 858
13.9667 856
13.9833 855
14.0 853
14.0167 852
14.0333 850
14.05 848
14.0667 846
14.0833 845
14.1 843
14.1167 841
14.1333 839
14.15 838
14.1667 836
14.1833 834
14.2 832
14.2167 830
14.2333 828
14.25 826
14.2667 825
14.2833 823
14.3 821
14.3167 819
14.3333 817
14.35 815
14.3667 813
14.3833 811
14.4 808
14.4167 806
14.4333 804
14.45 802
14.4667 800
14.4833 798
14.5 796
14.5167 793
14.5333 791
14.55 789
14.5667 787
14.5833 785
14.6 782
14.6167 780
14.6333 778
14.65 775
14.6667 773
14.6833 771
14.7 768
14.7167 766
14.7333 763
14.75 761
14.7667 759
14.7833 756
14.8 754
14.8167 751
14.8333 749
14.85 746
14.8667 743
14.8833 741
14.9 738
14.9167 736
14.9333 733
14.95 731
14.9667 728
14.9833 725
15.0 722
15.0167 719
15.0333 716
15.05 714
15.0667 711
15.0833 708
15.1 705
15.1167 702
15.1333 700
15.15 697
15.1667 694
15.1833 691
15.2 688
15.2167 685
15.2333 683
15.25 680
15.2667 677
15.2833 674
15.3 671
15.3167 668
15.3333 665
15.35 662
15.3667 659
15.3833 656
15.4 653
15.4167 650
15.4333 647
15.45 644
15.4667 641
15.4833 638
15.5 635
15.5167 631
15.5333 628
15.55 625
15.5667 622
15.5833 619
15.6 616
15.6167 612
15.6333 609
15.65 606
15.6667 603
15.6833 599
15.7 596
15.7167 593
15.7333 590
15.75 586
15.7667 583
15.7833 580
15.8 576
15.8167 573
15.8333 570
15.85 566
15.8667 563
15.8833 560
15.9 556
15.9167 553
15.9333 549
15.95 546
15.9667 542
15.9833 539
16.0 536
16.0167 532
16.0333 529
16.05 525
16.0667 522
16.0833 518
16.1 515
16.1167 511
16.1333 508
16.15 504
16.1667 500
16.1833 497
16.2 493
16.2167 490
16.2333 486
16.25 483
16.2667 479
16.2833 475
16.3 472
16.3167 468
16.3333 464
16.35 461
16.3667 457
16.3833 453
16.4 450
16.4167 446
16.4333 442
16.45 439
16.4667 435
16.4833 431
16.5 428
16.5167 424
16.5333 420
16.55 416
16.5667 413
16.5833 409
16.6 405
16.6167 401
16.6333 398
16.65 394
16.6667 390
16.6833 386
16.7 383
16.7167 379
16.7333 375
16.75 371
16.7667 368
16.7833 364
16.8 360
16.8167 356
16.8333 352
16.85 349
16.8667 345
16.8833 341
16.9 337
16.9167 333
16.9333 330
16.95 326
16.9667 322
16.9833 318
