8.0 260
8.0167 264
8.0333 268
8.05 272
8.0667 275
8.0833 279
8.1 283
8.1167 287
8.1333 290
8.15 294
8.1667 298
8.1833 302
8.2 306
8.2167 309
8.2333 313
8.25 317
8.2667 321
8.2833 325
8.3 329
8.3167 332
8.3333 336
8.35 340
8.3667 344
8.3833 348
8.4 351
8.4167 355
8.4333 359
8.45 363
8.4667 366
8.4833 370
8.5 374
8.5167 378
8.5333 382
8.55 385
8.5667 389
8.5833 393
8.6 397
8.6167 400
8.6333 404
8.65 408
8.6667 412
8.6833 415
8.7 419
8.7167 423
8.7333 426
8.75 430
8.7667 434
8.7833 438
8.8 441
8.8167 445
8.8333 449
8.85 452
8.8667 456
8.8833 460
8.9 463
8.9167 467
8.9333 470
8.95 474
8.9667 478
8.9833 481
9.0 485
9.0167 488
9.0333 492
9.05 495
9.0667 499
9.0833 502
9.1 506
9.1167 509
9.1333 513
9.15 516
9.1667 520
9.1833 523
9.2 527
9.2167 530
9.2333 534
9.25 537
9.2667 541
9.2833 544
9.3 548
9.3167 551
9.3333 554
9.35 558
9.3667 561
9.3833 565
9.4 568
9.4167 571
9.4333 575
9.45 578
9.4667 581
9.4833 585
9.5 588
9.5167 591
9.5333 594
9.55 598
9.5667 601
9.5833 604
9.6 607
9.6167 611
9.6333 614
9.65 617
9.6667 620
9.6833 623
9.7 626
9.7167 630
9.7333 633
9.75 636
9.7667 639
9.7833 642
9.8 645
9.8167 648
9.8333 651
9.85 654
9.8667 657
9.8833 660
9.9 663
9.9167 666
9.9333 669
9.95 672
9.9667 675
9.9833 678
10.0 681
10.0167 683
10.0333 686
10.05 689
10.0667 692
10.0833 695
10.1 698
10.1167 700
10.1333 703
10.15 706
10.1667 709
10.1833 711
10.2 714
10.2167 717
10.2333 720
10.25 722
10.2667 725
10.2833 727
10.3 730
10.3167 733
10.3333 735
10.35 738
10.3667 740
10.3833 743
10.4 745
10.4167 748
10.4333 750
10.45 753
10.4667 755
10.4833 758
10.5 760
10.5167 763
10.5333 765
10.55 767
10.5667 770
10.5833 772
10.6 774
10.6167 777
10.6333 779
10.65 781
10.6667 784
10.6833 786
10.7 788
10.7167 790
10.7333 792
10.75 795
10.7667 797
10.7833 799
10.8 801
10.8167 803
10.8333 805
10.85 807
10.8667 809
10.8833 811
10.9 813
10.9167 815
10.9333 817
10.95 819
10.9667 821
10.9833 823
11.0 825
11.0167 827
11.0333 829
11.05 831
11.0667 832
11.0833 834
11.1 836
11.1167 838
11.1333 840
11.15 841
11.1667 843
11.1833 845
11.2 846
11.2167 848
11.2333 850
11.25 851
11.2667 853
11.2833 854
11.3 856
11.3167 858
11.3333 859
11.35 861
11.3667 862
11.3833 864
11.4 865
11.4167 866
11.4333 868
11.45 869
11.4667 871
11.4833 872
11.5 873
11.5167 875
11.5333 876
11.55 877
11.5667 879
11.5833 880
11.6 881
11.6167 882
11.6333 883
11.65 885
11.6667 886
11.6833 887
11.7 888
11.7167 889
11.7333 890
11.75 891
11.7667 892
11.7833 893
11.8 894
11.8167 895
11.8333 896
11.85 897
11.8667 898
11.8833 899
11.9 900
11.9167 900
11.9333 901
11.95 902
11.9667 903
11.9833 904
12.0 904
12.0167 905
12.0333 906
12.05 906
12.0667 907
12.0833 908
12.1 908
12.1167 909
12.1333 910
12.15 910
12.1667 911
12.1833 911
12.2 912
12.2167 912
12.2333 913
12.25 913
12.2667 914
12.2833 914
12.3 914
12.3167 915
12.3333 915
12.35 915
12.3667 916
12.3833 916
12.4 916
12.4167 916
12.4333 917
12.45 917
12.4667 917
12.4833 917
12.5 917
12.5167 917
12.5333 918
12.55 918
12.5667 918
12.5833 918
12.6 918
12.6167 918
12.6333 918
12.65 918
12.6667 918
12.6833 918
12.7 917
12.7167 917
12.7333 917
12.75 917
12.7667 917
12.7833 917
12.8 916
12.8167 916
12.8333 916
12.85 916
12.8667 915
12.8833 915
12.9 915
12.9167 914
12.9333 914
12.95 913
12.9667 913
12.9833 912
13.0 912
13.0167 912
13.0333 911
13.05 910
13.0667 910
13.0833 909
13.1 909
13.1167 908
13.1333 908
13.15 907
13.1667 906
13.1833 906
13.2 905
13.2167 904
13.2333 903
13.25 903
13.2667 902
13.2833 901
13.3 900
13.3167 899
13.3333 898
13.35 897
13.3667 897
13.3833 896
13.4 895
13.4167 894
13.4333 893
13.45 892
13.4667 891
13.4833 890
13.5 889
13.5167 887
13.5333 886
13.55 885
13.5667 884
13.5833 883
13.6 882
13.6167 880
13.6333 879
13.65 878
13.6667 877
13.6833 875
13.7 874
13.7167 873
13.7333 871
13.75 870
13.7667 869
13.7833 867
13.8 866
13.8167 864
13.8333 863
13.85 861
13.8667 860
13.8833 858
13.9 857
13.9167 855
13.9333 854
13.95 852
13.9667 851
13.9833 849
14.0 847
14.0167 846
14.0333 844
14.05 842
14.0667 841
14.0833 839
14.1 837
14.1167 835
14.1333 833
14.15 832
14.1667 830
14.1833 828
14.2 826
14.2167 824
14.2333 822
14.25 820
14.2667 818
14.2833 816
14.3 814
14.3167 812
14.3333 810
14.35 808
14.3667 806
14.3833 804
14.4 802
14.4167 800
14.4333 798
14.45 796
14.4667 794
14.4833 792
14.5 789
14.5167 787
14.5333 785
14.55 783
14.5667 780
14.5833 778
14.6 776
14.6167 773
14.6333 771
14.65 769
14.6667 766
14.6833 764
14.7 762
14.7167 759
14.7333 757
14.75 754
14.7667 752
14.7833 749
14.8 747
14.8167 744
14.8333 742
14.85 739
14.8667 737
14.8833 734
14.9 732
14.9167 729
14.9333 726
14.95 724
14.9667 721
14.9833 718
15.0 715
15.0167 712
15.0333 709
15.05 707
15.0667 704
15.0833 701
15.1 698
15.1167 696
15.1333 693
15.15 690
15.1667 687
15.1833 684
15.2 681
15.2167 678
15.2333 676
15.25 673
15.2667 670
15.2833 667
15.3 664
15.3167 661
15.3333 658
15.35 655
15.3667 652
15.3833 649
15.4 646
15.4167 643
15.4333 640
15.45 637
15.4667 633
15.4833 630
15.5 627
15.5167 624
15.5333 621
15.55 618
15.5667 615
15.5833 611
15.6 608
15.6167 605
15.6333 602
15.65 599
15.6667 595
15.6833 592
15.7 589
15.7167 586
15.7333 582
15.75 579
15.7667 576
15.7833 572
15.8 569
15.8167 566
15.8333 562
15.85 559
15.8667 555
15.8833 552
15.9 549
15.9167 545
15.9333 542
15.95 538
15.9667 535
15.9833 531
16.0 528
16.0167 525
16.0333 521
16.05 518
16.0667 514
16.0833 510
16.1 507
16.1167 503
16.1333 500
16.15 496
16.1667 493
16.1833 489
16.2 486
16.2167 482
16.2333 478
16.25 475
16.2667 471
16.2833 468
16.3 464
16.3167 460
16.3333 457
16.35 453
16.3667 449
16.3833 446
16.4 442
16.4167 438
16.4333 435
16.45 431
16.4667 427
16.4833 424
16.5 420
16.5167 416
16.5333 412
16.55 409
16.5667 405
16.5833 401
16.6 397
16.6167 394
16.6333 390
16.65 386
16.6667 382
16.6833 379
16.7 375
16.7167 371
16.7333 367
16.75 363
16.7667 360
16.7833 356
16.8 352
16.8167 348
16.8333 345
16.85 341
16.8667 337
16.8833 333
16.9 329
16.9167 326
16.9333 322
16.95 318
16.9667 314
16.9833 310
