8.0 249
8.0167 253
8.0333 257
8.05 261
8.0667 265
8.0833 268
8.1 272
8.1167 276
8.1333 280
8.15 284
8.1667 287
8.1833 291
8.2 295
8.2167 299
8.2333 302
8.25 306
8.2667 310
8.2833 314
8.3 318
8.3167 321
8.3333 325
8.35 329
8.3667 333
8.3833 337
8.4 340
8.4167 344
8.4333 348
8.45 352
8.4667 356
8.4833 359
8.5 363
8.5167 367
8.5333 371
8.55 374
8.5667 378
8.5833 382
8.6 386
8.6167 389
8.6333 393
8.65 397
8.6667 401
8.6833 404
8.7 408
8.7167 412
8.7333 415
8.75 419
8.7667 423
8.7833 426
8.8 430
8.8167 434
8.8333 437
8.85 441
8.8667 445
8.8833 448
8.9 452
8.9167 456
8.9333 459
8.95 463
8.9667 466
8.9833 470
9.0 474
9.0167 477
9.0333 480
9.05 484
9.0667 487
9.0833 491
9.1 494
9.1167 498
9.1333 501
9.15 505
9.1667 508
9.1833 512
9.2 515
9.2167 519
9.2333 522
9.25 526
9.2667 529
9.2833 533
9.3 536
9.3167 539
9.3333 543
9.35 546
9.3667 549
9.3833 553
9.4 556
9.4167 559
9.4333 563
9.45 566
9.4667 569
9.4833 573
9.5 576
9.5167 579
9.5333 582
9.55 586
9.5667 589
9.5833 592
9.6 595
9.6167 598
9.6333 602
9.65 605
9.6667 608
9.6833 611
9.7 614
9.7167 617
9.7333 620
9.75 623
9.7667 626
9.7833 629
9.8 632
9.8167 635
9.8333 638
9.85 641
9.8667 644
9.8833 647
9.9 650
9.9167 653
9.9333 656
9.95 659
9.9667 662
9.9833 665
10.0 668
10.0167 670
10.0333 673
10.05 676
10.0667 679
10.0833 682
10.1 684
10.1167 687
10.1333 690
10.15 693
10.1667 695
10.1833 698
10.2 701
10.2167 703
10.2333 706
10.25 709
10.2667 711
10.2833 714
10.3 716
10.3167 719
10.3333 722
10.35 724
10.3667 727
10.3833 729
10.4 732
10.4167 734
10.4333 736
10.45 739
10.4667 741
10.4833 744
10.5 746
10.5167 748
10.5333 751
10.55 753
10.5667 755
10.5833 758
10.6 760
10.6167 762
10.6333 764
10.65 767
10.6667 769
10.6833 771
10.7 773
10.7167 775
10.7333 778
10.75 780
10.7667 782
10.7833 784
10.8 786
10.8167 788
10.8333 790
10.85 792
10.8667 794
10.8833 796
10.9 798
10.9167 800
10.9333 802
10.95 804
10.9667 806
10.9833 807
11.0 809
11.0167 811
11.0333 813
11.05 815
11.0667 817
11.0833 818
11.1 820
11.1167 822
11.1333 823
11.15 825
11.1667 827
11.1833 828
11.2 830
11.2167 832
11.2333 833
11.25 835
11.2667 836
11.2833 838
11.3 839
11.3167 841
11.3333 842
11.35 844
11.3667 845
11.3833 847
11.4 848
11.4167 849
11.4333 851
11.45 852
11.4667 853
11.4833 855
11.5 856
11.5167 857
11.5333 858
11.55 860
11.5667 861
11.5833 862
11.6 863
11.6167 864
11.6333 865
11.65 867
11.6667 868
11.6833 869
11.7 870
11.7167 871
11.7333 872
11.75 873
11.7667 874
11.7833 875
11.8 876
11.8167 876
11.8333 877
11.85 878
11.8667 879
11.8833 880
11.9 881
11.9167 881
11.9333 882
11.95 883
11.9667 884
11.9833 884
12.0 885
12.0167 886
12.0333 886
12.05 887
12.0667 888
12.0833 888
12.1 889
12.1167 889
12.1333 890
12.15 890
12.1667 891
12.1833 891
12.2 892
12.2167 892
12.2333 892
12.25 893
12.2667 893
12.2833 893
12.3 894
12.3167 894
12.3333 894
12.35 895
12.3667 895
12.3833 895
12.4 895
12.4167 895
12.4333 896
12.45 896
12.4667 896
12.4833 896
12.5 896
12.5167 896
12.5333 896
12.55 896
12.5667 896
12.5833 896
12.6 896
12.6167 896
12.6333 896
12.65 896
12.6667 895
12.6833 895
12.7 895
12.7167 895
12.7333 895
12.75 894
12.7667 894
12.7833 894
12.8 894
12.8167 893
12.8333 893
12.85 893
12.8667 892
12.8833 892
12.9 891
12.9167 891
12.9333 891
12.95 890
12.9667 890
12.9833 889
13.0 888
13.0167 888
13.0333 887
13.05 887
13.0667 886
13.0833 885
13.1 885
13.1167 884
13.1333 883
13.15 883
13.1667 882
13.1833 881
13.2 880
13.2167 879
13.2333 879
13.25 878
13.2667 877
13.2833 876
13.3 875
13.3167 874
13.3333 873
13.35 872
13.3667 871
13.3833 870
13.4 869
13.4167 868
13.4333 867
13.45 866
13.4667 865
13.4833 864
13.5 863
13.5167 861
13.5333 860
13.55 859
13.5667 858
13.5833 857
13.6 855
13.6167 854
13.6333 853
13.65 851
13.6667 850
13.6833 849
13.7 847
13.7167 846
13.7333 845
13.75 843
13.7667 842
13.7833 840
13.8 839
13.8167 837
13.8333 836
13.85 834
13.8667 832
13.8833 831
13.9 829
13.9167 828
13.9333 826
13.95 824
13.9667 823
13.9833 821
14.0 819
14.0167 817
14.0333 816
14.05 814
14.0667 812
14.0833 810
14.1 808
14.1167 807
14.1333 805
14.15 803
14.1667 801
14.1833 799
14.2 797
14.2167 795
14.2333 793
14.25 791
14.2667 789
14.2833 787
14.3 785
14.3167 783
14.3333 781
14.35 779
14.3667 777
14.3833 774
14.4 772
14.4167 770
14.4333 768
14.45 766
14.4667 763
14.4833 761
14.5 759
14.5167 757
14.5333 754
14.55 752
14.5667 750
14.5833 747
14.6 745
14.6167 743
14.6333 740
14.65 738
14.6667 735
14.6833 733
14.7 730
14.7167 728
14.7333 725
14.75 723
14.7667 720
14.7833 718
14.8 715
14.8167 713
14.8333 710
14.85 707
14.8667 705
14.8833 702
14.9 699
14.9167 697
14.9333 694
14.95 691
14.9667 689
14.9833 686
15.0 682
15.0167 679
15.0333 677
15.05 674
15.0667 671
15.0833 668
15.1 665
15.1167 662
15.1333 660
15.15 657
15.1667 654
15.1833 651
15.2 648
15.2167 645
15.2333 642
15.25 639
15.2667 636
15.2833 633
15.3 630
15.3167 627
15.3333 624
15.35 621
15.3667 618
15.3833 615
15.4 612
15.4167 608
15.4333 605
15.45 602
15.4667 599
15.4833 596
15.5 593
15.5167 589
15.5333 586
15.55 583
15.5667 580
15.5833 577
15.6 573
15.6167 570
15.6333 567
15.65 563
15.6667 560
15.6833 557
15.7 553
15.7167 550
15.7333 547
15.75 543
15.7667 540
15.7833 537
15.8 533
15.8167 530
15.8333 526
15.85 523
15.8667 520
15.8833 516
15.9 513
15.9167 509
15.9333 506
15.95 502
15.9667 499
15.9833 495
16.0 492
16.0167 488
16.0333 485
16.05 481
16.0667 477
16.0833 474
16.1 470
16.1167 467
16.1333 463
16.15 460
16.1667 456
16.1833 452
16.2 449
16.2167 445
16.2333 441
16.25 438
16.2667 434
16.2833 430
16.3 427
16.3167 423
16.3333 419
16.35 416
16.3667 412
16.3833 408
16.4 405
16.4167 401
16.4333 397
16.45 394
16.4667 390
16.4833 386
16.5 382
16.5167 379
16.5333 375
16.55 371
16.5667 367
16.5833 364
16.6 360
16.6167 356
16.6333 352
16.65 348
16.6667 345
16.6833 341
16.7 337
16.7167 333
16.7333 330
16.75 326
16.7667 322
16.7833 318
16.8 314
16.8167 311
16.8333 307
16.85 303
16.8667 299
16.8833 295
16.9 292
16.9167 288
16.9333 284
16.95 280
16.9667 276
16.9833 273
