8.0 240
8.0167 244
8.0333 247
8.05 251
8.0667 255
8.0833 259
8.1 262
8.1167 266
8.1333 270
8.15 274
8.1667 277
8.1833 281
8.2 285
8.2167 288
8.2333 292
8.25 296
8.2667 300
8.2833 303
8.3 307
8.3167 311
8.3333 315
8.35 318
8.3667 322
8.3833 326
8.4 330
8.4167 333
8.4333 337
8.45 341
8.4667 345
8.4833 348
8.5 352
8.5167 356
8.5333 360
8.55 363
8.5667 367
8.5833 371
8.6 374
8.6167 378
8.6333 382
8.65 386
8.6667 389
8.6833 393
8.7 397
8.7167 400
8.7333 404
8.75 408
8.7667 411
8.7833 415
8.8 418
8.8167 422
8.8333 426
8.85 429
8.8667 433
8.8833 437
8.9 440
8.9167 444
8.9333 447
8.95 451
8.9667 454
8.9833 458
9.0 462
9.0167 465
9.0333 468
9.05 472
9.0667 475
9.0833 479
9.1 482
9.1167 486
9.1333 489
9.15 493
9.1667 496
9.1833 499
9.2 503
9.2167 506
9.2333 510
9.25 513
9.2667 517
9.2833 520
9.3 523
9.3167 527
9.3333 530
9.35 533
9.3667 537
9.3833 540
9.4 543
9.4167 547
9.4333 550
9.45 553
9.4667 556
9.4833 560
9.5 563
9.5167 566
9.5333 569
9.55 573
9.5667 576
9.5833 579
9.6 582
9.6167 585
9.6333 588
9.65 591
9.6667 595
9.6833 598
9.7 601
9.7167 604
9.7333 607
9.75 610
9.7667 613
9.7833 616
9.8 619
9.8167 622
9.8333 625
9.85 628
9.8667 631
9.8833 634
9.9 637
9.9167 640
9.9333 642
9.95 645
9.9667 648
9.9833 651
10.0 654
10.0167 657
10.0333 660
10.05 662
10.0667 665
10.0833 668
10.1 671
10.1167 673
10.1333 676
10.15 679
10.1667 681
10.1833 684
10.2 687
10.2167 689
10.2333 692
10.25 695
10.2667 697
10.2833 700
10.3 702
10.3167 705
10.3333 707
10.35 710
10.3667 712
10.3833 715
10.4 717
10.4167 720
10.4333 722
10.45 725
10.4667 727
10.4833 729
10.5 732
10.5167 734
10.5333 736
10.55 739
10.5667 741
10.5833 743
10.6 745
10.6167 748
10.6333 750
10.65 752
10.6667 754
10.6833 756
10.7 759
10.7167 761
10.7333 763
10.75 765
10.7667 767
10.7833 769
10.8 771
10.8167 773
10.8333 775
10.85 777
10.8667 779
10.8833 781
10.9 783
10.9167 785
10.9333 787
10.95 789
10.9667 790
10.9833 792
11.0 794
11.0167 796
11.0333 798
11.05 800
11.0667 801
11.0833 803
11.1 805
11.1167 806
11.1333 808
11.15 810
11.1667 811
11.1833 813
11.2 815
11.2167 816
11.2333 818
11.25 819
11.2667 821
11.2833 822
11.3 824
11.3167 825
11.3333 827
11.35 828
11.3667 830
11.3833 831
11.4 832
11.4167 834
11.4333 835
11.45 836
11.4667 838
11.4833 839
11.5 840
11.5167 841
11.5333 843
11.55 844
11.5667 845
11.5833 846
11.6 847
11.6167 848
11.6333 849
11.65 851
11.6667 852
11.6833 853
11.7 854
11.7167 855
11.7333 856
11.75 857
11.7667 858
11.7833 858
11.8 859
11.8167 860
11.8333 861
11.85 862
11.8667 863
11.8833 864
11.9 864
11.9167 865
11.9333 866
11.95 867
11.9667 867
11.9833 868
12.0 869
12.0167 869
12.0333 870
12.05 870
12.0667 871
12.0833 872
12.1 872
12.1167 873
12.1333 873
12.15 874
12.1667 874
12.1833 874
12.2 875
12.2167 875
12.2333 876
12.25 876
12.2667 876
12.2833 877
12.3 877
12.3167 877
12.3333 877
12.35 878
12.3667 878
12.3833 878
12.4 878
12.4167 878
12.4333 879
12.45 879
12.4667 879
12.4833 879
12.5 879
12.5167 879
12.5333 879
12.55 879
12.5667 879
12.5833 879
12.6 879
12.6167 879
12.6333 878
12.65 878
12.6667 878
12.6833 878
12.7 878
12.7167 878
12.7333 877
12.75 877
12.7667 877
12.7833 876
12.8 876
12.8167 876
12.8333 875
12.85 875
12.8667 875
12.8833 874
12.9 874
12.9167 873
12.9333 873
12.95 872
12.9667 872
12.9833 871
13.0 871
13.0167 870
13.0333 870
13.05 869
13.0667 868
13.0833 868
13.1 867
13.1167 866
13.1333 865
13.15 865
13.1667 864
13.1833 863
13.2 862
13.2167 862
13.2333 861
13.25 860
13.2667 859
13.2833 858
13.3 857
13.3167 856
13.3333 855
13.35 854
13.3667 853
13.3833 852
13.4 851
13.4167 850
13.4333 849
13.45 848
13.4667 847
13.4833 846
13.5 844
13.5167 843
13.5333 842
13.55 841
13.5667 840
13.5833 838
13.6 837
13.6167 836
13.6333 834
13.65 833
13.6667 832
13.6833 830
13.7 829
13.7167 827
13.7333 826
13.75 825
13.7667 823
13.7833 822
13.8 820
13.8167 819
13.8333 817
13.85 815
13.8667 814
13.8833 812
13.9 811
13.9167 809
13.9333 807
13.95 806
13.9667 804
13.9833 802
14.0 800
14.0167 799
14.0333 797
14.05 795
14.0667 793
14.0833 791
14.1 790
14.1167 788
14.1333 786
14.15 784
14.1667 782
14.1833 780
14.2 778
14.2167 776
14.2333 774
14.25 772
14.2667 770
14.2833 768
14.3 766
14.3167 764
14.3333 762
14.35 760
14.3667 757
14.3833 755
14.4 753
14.4167 751
14.4333 749
14.45 747
14.4667 744
14.4833 742
14.5 740
14.5167 737
14.5333 735
14.55 733
14.5667 730
14.5833 728
14.6 726
14.6167 723
14.6333 721
14.65 718
14.6667 716
14.6833 714
14.7 711
14.7167 709
14.7333 706
14.75 704
14.7667 701
14.7833 698
14.8 696
14.8167 693
14.8333 691
14.85 688
14.8667 685
14.8833 683
14.9 680
14.9167 677
14.9333 675
14.95 672
14.9667 669
14.9833 666
15.0 663
15.0167 660
15.0333 657
15.05 654
15.0667 651
15.0833 649
15.1 646
15.1167 643
15.1333 640
15.15 637
15.1667 634
15.1833 631
15.2 628
15.2167 625
15.2333 622
15.25 619
15.2667 616
15.2833 613
15.3 610
15.3167 607
15.3333 604
15.35 601
15.3667 598
15.3833 595
15.4 592
15.4167 589
15.4333 586
15.45 583
15.4667 579
15.4833 576
15.5 573
15.5167 570
15.5333 567
15.55 563
15.5667 560
15.5833 557
15.6 554
15.6167 550
15.6333 547
15.65 544
15.6667 541
15.6833 537
15.7 534
15.7167 531
15.7333 527
15.75 524
15.7667 521
15.7833 517
15.8 514
15.8167 510
15.8333 507
15.85 504
15.8667 500
15.8833 497
15.9 493
15.9167 490
15.9333 486
15.95 483
15.9667 479
15.9833 476
16.0 472
16.0167 469
16.0333 465
16.05 462
16.0667 458
16.0833 455
16.1 451
16.1167 447
16.1333 444
16.15 440
16.1667 437
16.1833 433
16.2 430
16.2167 426
16.2333 422
16.25 419
16.2667 415
16.2833 411
16.3 408
16.3167 404
16.3333 400
16.35 397
16.3667 393
16.3833 389
16.4 386
16.4167 382
16.4333 378
16.45 375
16.4667 371
16.4833 367
16.5 364
16.5167 360
16.5333 356
16.55 352
16.5667 349
16.5833 345
16.6 341
16.6167 337
16.6333 334
16.65 330
16.6667 326
16.6833 323
16.7 319
16.7167 315
16.7333 311
16.75 308
16.7667 304
16.7833 300
16.8 296
16.8167 293
16.8333 289
16.85 285
16.8667 281
16.8833 278
16.9 274
16.9167 270
16.9333 266
16.95 263
16.9667 259
16.9833 255
