8.0 245
8.0167 249
8.0333 253
8.05 257
8.0667 261
8.0833 265
8.1 268
8.1167 272
8.1333 276
8.15 280
8.1667 284
8.1833 288
8.2 292
8.2167 296
8.2333 299
8.25 303
8.2667 307
8.2833 311
8.3 315
8.3167 319
8.3333 323
8.35 327
8.3667 330
8.3833 334
8.4 338
8.4167 342
8.4333 346
8.45 350
8.4667 353
8.4833 357
8.5 361
8.5167 365
8.5333 369
8.55 373
8.5667 376
8.5833 380
8.6 384
8.6167 388
8.6333 391
8.65 395
8.6667 399
8.6833 403
8.7 406
8.7167 410
8.7333 414
8.75 418
8.7667 421
8.7833 425
8.8 429
8.8167 432
8.8333 436
8.85 440
8.8667 443
8.8833 447
8.9 451
8.9167 454
8.9333 458
8.95 462
8.9667 465
8.9833 469
9.0 472
9.0167 475
9.0333 479
9.05 482
9.0667 486
9.0833 490
9.1 493
9.1167 497
9.1333 500
9.15 504
9.1667 507
9.1833 511
9.2 514
9.2167 517
9.2333 521
9.25 524
9.2667 528
9.2833 531
9.3 534
9.3167 538
9.3333 541
9.35 545
9.3667 548
9.3833 551
9.4 555
9.4167 558
9.4333 561
9.45 564
9.4667 568
9.4833 571
9.5 574
9.5167 577
9.5333 581
9.55 584
9.5667 587
9.5833 590
9.6 593
9.6167 596
9.6333 600
9.65 603
9.6667 606
9.6833 609
9.7 612
9.7167 615
9.7333 618
9.75 621
9.7667 624
9.7833 627
9.8 630
9.8167 633
9.8333 636
9.85 639
9.8667 642
9.8833 645
9.9 648
9.9167 651
9.9333 654
9.95 656
9.9667 659
9.9833 662
10.0 665
10.0167 668
10.0333 670
10.05 673
10.0667 676
10.0833 679
10.1 681
10.1167 684
10.1333 687
10.15 689
10.1667 692
10.1833 695
10.2 697
10.2167 700
10.2333 702
10.25 705
10.2667 708
10.2833 710
10.3 713
10.3167 715
10.3333 718
10.35 720
10.3667 723
10.3833 725
10.4 727
10.4167 730
10.4333 732
10.45 735
10.4667 737
10.4833 739
10.5 741
10.5167 744
10.5333 746
10.55 748
10.5667 751
10.5833 753
10.6 755
10.6167 757
10.6333 759
10.65 762
10.6667 764
10.6833 766
10.7 768
10.7167 770
10.7333 772
10.75 774
10.7667 776
10.7833 778
10.8 780
10.8167 782
10.8333 784
10.85 786
10.8667 788
10.8833 790
10.9 792
10.9167 793
10.9333 795
10.95 797
10.9667 799
10.9833 801
11.0 802
11.0167 804
11.0333 806
11.05 808
11.0667 809
11.0833 811
11.1 813
11.1167 814
11.1333 816
11.15 818
11.1667 819
11.1833 821
11.2 822
11.2167 824
11.2333 825
11.25 827
11.2667 828
11.2833 830
11.3 831
11.3167 832
11.3333 834
11.35 835
11.3667 837
11.3833 838
11.4 839
11.4167 840
11.4333 842
11.45 843
11.4667 844
11.4833 845
11.5 847
11.5167 848
11.5333 849
11.55 850
11.5667 851
11.5833 852
11.6 853
11.6167 854
11.6333 855
11.65 856
11.6667 857
11.6833 858
11.7 859
11.7167 860
11.7333 861
11.75 862
11.7667 863
11.7833 864
11.8 864
11.8167 865
11.8333 866
11.85 867
11.8667 868
11.8833 868
11.9 869
11.9167 870
11.9333 870
11.95 871
11.9667 872
11.9833 872
12.0 873
12.0167 873
12.0333 874
12.05 874
12.0667 875
12.0833 875
12.1 876
12.1167 876
12.1333 877
12.15 877
12.1667 877
12.1833 878
12.2 878
12.2167 878
12.2333 879
12.25 879
12.2667 879
12.2833 879
12.3 880
12.3167 880
12.3333 880
12.35 880
12.3667 880
12.3833 880
12.4 880
12.4167 881
12.4333 881
12.45 881
12.4667 881
12.4833 881
12.5 881
12.5167 881
12.5333 880
12.55 880
12.5667 880
12.5833 880
12.6 880
12.6167 880
12.6333 880
12.65 879
12.6667 879
12.6833 879
12.7 878
12.7167 878
12.7333 878
12.75 878
12.7667 877
12.7833 877
12.8 876
12.8167 876
12.8333 875
12.85 875
12.8667 875
12.8833 874
12.9 873
12.9167 873
12.9333 872
12.95 872
12.9667 871
12.9833 870
13.0 870
13.0167 869
13.0333 868
13.05 868
13.0667 867
13.0833 866
13.1 865
13.1167 865
13.1333 864
13.15 863
13.1667 862
13.1833 861
13.2 860
13.2167 859
13.2333 859
13.25 858
13.2667 857
13.2833 856
13.3 855
13.3167 854
13.3333 852
13.35 851
13.3667 850
13.3833 849
13.4 848
13.4167 847
13.4333 846
13.45 845
13.4667 843
13.4833 842
13.5 841
13.5167 840
13.5333 838
13.55 837
13.5667 836
13.5833 834
13.6 833
13.6167 831
13.6333 830
13.65 829
13.6667 827
13.6833 826
13.7 824
13.7167 823
13.7333 821
13.75 820
13.7667 818
13.7833 816
13.8 815
13.8167 813
13.8333 812
13.85 810
13.8667 808
13.8833 806
13.9 805
13.9167 803
13.9333 801
13.95 799
13.9667 798
13.9833 796
14.0 794
14.0167 792
14.0333 790
14.05 788
14.0667 786
14.0833 785
14.1 783
14.1167 781
14.1333 779
14.15 777
14.1667 775
14.1833 773
14.2 771
14.2167 768
14.2333 766
14.25 764
14.2667 762
14.2833 760
14.3 758
14.3167 756
14.3333 753
14.35 751
14.3667 749
14.3833 747
14.4 744
14.4167 742
14.4333 740
14.45 738
14.4667 735
14.4833 733
14.5 730
14.5167 728
14.5333 726
14.55 723
14.5667 721
14.5833 718
14.6 716
14.6167 713
14.6333 711
14.65 708
14.6667 706
14.6833 703
14.7 701
14.7167 698
14.7333 695
14.75 693
14.7667 690
14.7833 688
14.8 685
14.8167 682
14.8333 679
14.85 677
14.8667 674
14.8833 671
14.9 668
14.9167 666
14.9333 663
14.95 660
14.9667 657
14.9833 654
15.0 650
15.0167 648
15.0333 645
15.05 642
15.0667 639
15.0833 636
15.1 633
15.1167 630
15.1333 627
15.15 624
15.1667 621
15.1833 618
15.2 615
15.2167 612
15.2333 609
15.25 606
15.2667 603
15.2833 599
15.3 596
15.3167 593
15.3333 590
15.35 587
15.3667 584
15.3833 580
15.4 577
15.4167 574
15.4333 571
15.45 568
15.4667 564
15.4833 561
15.5 558
15.5167 554
15.5333 551
15.55 548
15.5667 544
15.5833 541
15.6 538
15.6167 534
15.6333 531
15.65 528
15.6667 524
15.6833 521
15.7 517
15.7167 514
15.7333 510
15.75 507
15.7667 504
15.7833 500
15.8 497
15.8167 493
15.8333 490
15.85 486
15.8667 482
15.8833 479
15.9 475
15.9167 472
15.9333 468
15.95 465
15.9667 461
15.9833 457
16.0 454
16.0167 450
16.0333 446
16.05 443
16.0667 439
16.0833 435
16.1 432
16.1167 428
16.1333 424
16.15 421
16.1667 417
16.1833 413
16.2 410
16.2167 406
16.2333 402
16.25 398
16.2667 395
16.2833 391
16.3 387
16.3167 383
16.3333 380
16.35 376
16.3667 372
16.3833 368
16.4 364
16.4167 361
16.4333 357
16.45 353
16.4667 349
16.4833 345
16.5 341
16.5167 338
16.5333 334
16.55 330
16.5667 326
16.5833 322
16.6 318
16.6167 314
16.6333 311
16.65 307
16.6667 303
16.6833 299
16.7 295
16.7167 291
16.7333 287
16.75 283
16.7667 280
16.7833 276
16.8 272
16.8167 268
16.8333 264
16.85 260
16.8667 256
16.8833 252
16.9 249
16.9167 245
16.9333 241
16.95 237
16.9667 233
16.9833 229
