8.0 181
8.0167 185
8.0333 188
8.05 191
8.0667 195
8.0833 198
8.1 202
8.1167 205
8.1333 208
8.15 212
8.1667 215
8.1833 219
8.2 222
8.2167 226
8.2333 229
8.25 233
8.2667 236
8.2833 240
8.3 243
8.3167 247
8.3333 250
8.35 254
8.3667 257
8.3833 261
8.4 264
8.4167 268
8.4333 271
8.45 274
8.4667 278
8.4833 281
8.5 285
8.5167 288
8.5333 292
8.55 295
8.5667 299
8.5833 302
8.6 306
8.6167 309
8.6333 313
8.65 316
8.6667 320
8.6833 323
8.7 327
8.7167 330
8.7333 334
8.75 337
8.7667 340
8.7833 344
8.8 347
8.8167 351
8.8333 354
8.85 358
8.8667 361
8.8833 364
8.9 368
8.9167 371
8.9333 374
8.95 378
8.9667 381
8.9833 385
9.0 388
9.0167 391
9.0333 394
9.05 397
9.0667 401
9.0833 404
9.1 407
9.1167 410
9.1333 414
9.15 417
9.1667 420
9.1833 423
9.2 427
9.2167 430
9.2333 433
9.25 436
9.2667 440
9.2833 443
9.3 446
9.3167 449
9.3333 452
9.35 456
9.3667 459
9.3833 462
9.4 465
9.4167 468
9.4333 471
9.45 474
9.4667 477
9.4833 480
9.5 483
9.5167 487
9.5333 490
9.55 493
9.5667 496
9.5833 499
9.6 502
9.6167 505
9.6333 508
9.65 510
9.6667 513
9.6833 516
9.7 519
9.7167 522
9.7333 525
9.75 528
9.7667 531
9.7833 534
9.8 536
9.8167 539
9.8333 542
9.85 545
9.8667 548
9.8833 550
9.9 553
9.9167 556
9.9333 559
9.95 561
9.9667 564
9.9833 567
10.0 569
10.0167 572
10.0333 575
10.05 577
10.0667 580
10.0833 583
10.1 585
10.1167 588
10.1333 590
10.15 593
10.1667 595
10.1833 598
10.2 600
10.2167 603
10.2333 605
10.25 608
10.2667 610
10.2833 612
10.3 615
10.3167 617
10.3333 620
10.35 622
10.3667 624
10.3833 627
10.4 629
10.4167 631
10.4333 633
10.45 636
10.4667 638
10.4833 640
10.5 642
10.5167 644
10.5333 647
10.55 649
10.5667 651
10.5833 653
10.6 655
10.6167 657
10.6333 659
10.65 661
10.6667 663
10.6833 665
10.7 667
10.7167 669
10.7333 671
10.75 673
10.7667 675
10.7833 677
10.8 679
10.8167 681
10.8333 683
10.85 684
10.8667 686
10.8833 688
10.9 690
10.9167 692
10.9333 693
10.95 695
10.9667 697
10.9833 698
11.0 700
11.0167 702
11.0333 703
11.05 705
11.0667 707
11.0833 708
11.1 710
11.1167 711
11.1333 713
11.15 714
11.1667 716
11.1833 717
11.2 719
11.2167 720
11.2333 722
11.25 723
11.2667 724
11.2833 726
11.3 727
11.3167 728
11.3333 730
11.35 731
11.3667 732
11.3833 733
11.4 735
11.4167 736
11.4333 737
11.45 738
11.4667 739
11.4833 741
11.5 742
11.5167 743
11.5333 744
11.55 745
11.5667 746
11.5833 747
11.6 748
11.6167 749
11.6333 750
11.65 751
11.6667 752
11.6833 753
11.7 753
11.7167 754
11.7333 755
11.75 756
11.7667 757
11.7833 757
11.8 758
11.8167 759
11.8333 760
11.85 760
11.8667 761
11.8833 762
11.9 762
11.9167 763
11.9333 764
11.95 764
11.9667 765
11.9833 765
12.0 766
12.0167 766
12.0333 767
12.05 767
12.0667 768
12.0833 768
12.1 768
12.1167 769
12.1333 769
12.15 769
12.1667 770
12.1833 770
12.2 770
12.2167 771
12.2333 771
12.25 771
12.2667 771
12.2833 771
12.3 772
12.3167 772
12.3333 772
12.35 772
12.3667 772
12.3833 772
12.4 772
12.4167 772
12.4333 772
12.45 772
12.4667 772
12.4833 772
12.5 772
12.5167 772
12.5333 772
12.55 772
12.5667 771
12.5833 771
12.6 771
12.6167 771
12.6333 771
12.65 770
12.6667 770
12.6833 770
12.7 769
12.7167 769
12.7333 769
12.75 768
12.7667 768
12.7833 767
12.8 767
12.8167 767
12.8333 766
12.85 766
12.8667 765
12.8833 765
12.9 764
12.9167 763
12.9333 763
12.95 762
12.9667 761
12.9833 761
13.0 760
13.0167 759
13.0333 759
13.05 758
13.0667 757
13.0833 756
13.1 756
13.1167 755
13.1333 754
13.15 753
13.1667 752
13.1833 751
13.2 750
13.2167 749
13.2333 749
13.25 748
13.2667 747
13.2833 746
13.3 744
13.3167 743
13.3333 742
13.35 741
13.3667 740
13.3833 739
13.4 738
13.4167 737
13.4333 736
13.45 734
13.4667 733
13.4833 732
13.5 731
13.5167 729
13.5333 728
13.55 727
13.5667 725
13.5833 724
13.6 723
13.6167 721
13.6333 720
13.65 718
13.6667 717
13.6833 715
13.7 714
13.7167 712
13.7333 711
13.75 709
13.7667 708
13.7833 706
13.8 705
13.8167 703
13.8333 701
13.85 700
13.8667 698
13.8833 696
13.9 695
13.9167 693
13.9333 691
13.95 689
13.9667 687
13.9833 686
14.0 684
14.0167 682
14.0333 680
14.05 678
14.0667 676
14.0833 674
14.1 673
14.1167 671
14.1333 669
14.15 667
14.1667 665
14.1833 663
14.2 661
14.2167 659
14.2333 656
14.25 654
14.2667 652
14.2833 650
14.3 648
14.3167 646
14.3333 644
14.35 642
14.3667 639
14.3833 637
14.4 635
14.4167 633
14.4333 630
14.45 628
14.4667 626
14.4833 623
14.5 621
14.5167 619
14.5333 616
14.55 614
14.5667 612
14.5833 609
14.6 607
14.6167 604
14.6333 602
14.65 599
14.6667 597
14.6833 594
14.7 592
14.7167 589
14.7333 587
14.75 584
14.7667 582
14.7833 579
14.8 576
14.8167 574
14.8333 571
14.85 569
14.8667 566
14.8833 563
14.9 560
14.9167 558
14.9333 555
14.95 552
14.9667 550
14.9833 547
15.0 543
15.0167 540
15.0333 537
15.05 535
15.0667 532
15.0833 529
15.1 526
15.1167 523
15.1333 520
15.15 517
15.1667 514
15.1833 512
15.2 509
15.2167 506
15.2333 503
15.25 500
15.2667 497
15.2833 494
15.3 491
15.3167 488
15.3333 485
15.35 482
15.3667 478
15.3833 475
15.4 472
15.4167 469
15.4333 466
15.45 463
15.4667 460
15.4833 457
15.5 454
15.5167 450
15.5333 447
15.55 444
15.5667 441
15.5833 438
15.6 434
15.6167 431
15.6333 428
15.65 425
15.6667 421
15.6833 418
15.7 415
15.7167 412
15.7333 408
15.75 405
15.7667 402
15.7833 398
15.8 395
15.8167 392
15.8333 389
15.85 385
15.8667 382
15.8833 378
15.9 375
15.9167 372
15.9333 368
15.95 365
15.9667 362
15.9833 358
16.0 355
16.0167 351
16.0333 348
16.05 345
16.0667 341
16.0833 338
16.1 334
16.1167 331
16.1333 327
16.15 324
16.1667 320
16.1833 317
16.2 314
16.2167 310
16.2333 307
16.25 303
16.2667 300
16.2833 296
16.3 293
16.3167 289
16.3333 286
16.35 282
16.3667 279
16.3833 275
16.4 272
16.4167 268
16.4333 265
16.45 261
16.4667 258
16.4833 254
16.5 251
16.5167 247
16.5333 244
16.55 240
16.5667 237
16.5833 234
16.6 230
16.6167 227
16.6333 223
16.65 220
16.6667 216
16.6833 213
16.7 209
16.7167 206
16.7333 202
16.75 199
16.7667 196
16.7833 192
16.8 189
16.8167 185
16.8333 182
16.85 179
16.8667 175
16.8833 172
16.9 169
16.9167 165
16.9333 162
16.95 159
16.9667 155
16.9833 152
