8.0 262
8.0167 266
8.0333 270
8.05 274
8.0667 278
8.0833 282
8.1 286
8.1167 290
8.1333 294
8.15 298
8.1667 302
8.1833 306
8.2 309
8.2167 313
8.2333 317
8.25 321
8.2667 325
8.2833 329
8.3 333
8.3167 337
8.3333 341
8.35 345
8.3667 349
8.3833 353
8.4 357
8.4167 361
8.4333 365
8.45 368
8.4667 372
8.4833 376
8.5 380
8.5167 384
8.5333 388
8.55 392
8.5667 396
8.5833 399
8.6 403
8.6167 407
8.6333 411
8.65 415
8.6667 419
8.6833 422
8.7 426
8.7167 430
8.7333 434
8.75 437
8.7667 441
8.7833 445
8.8 449
8.8167 452
8.8333 456
8.85 460
8.8667 464
8.8833 467
8.9 471
8.9167 475
8.9333 478
8.95 482
8.9667 486
8.9833 489
9.0 493
9.0167 496
9.0333 499
9.05 503
9.0667 506
9.0833 510
9.1 514
9.1167 517
9.1333 521
9.15 524
9.1667 528
9.1833 531
9.2 535
9.2167 538
9.2333 542
9.25 545
9.2667 548
9.2833 552
9.3 555
9.3167 559
9.3333 562
9.35 565
9.3667 569
9.3833 572
9.4 575
9.4167 579
9.4333 582
9.45 585
9.4667 589
9.4833 592
9.5 595
9.5167 598
9.5333 602
9.55 605
9.5667 608
9.5833 611
9.6 614
9.6167 618
9.6333 621
9.65 624
9.6667 627
9.6833 630
9.7 633
9.7167 636
9.7333 639
9.75 642
9.7667 645
9.7833 648
9.8 651
9.8167 654
9.8333 657
9.85 660
9.8667 663
9.8833 666
9.9 669
9.9167 672
9.9333 675
9.95 678
9.9667 681
9.9833 683
10.0 686
10.0167 689
10.0333 692
10.05 695
10.0667 697
10.0833 700
10.1 703
10.1167 706
10.1333 708
10.15 711
10.1667 714
10.1833 716
10.2 719
10.2167 721
10.2333 724
10.25 727
10.2667 729
10.2833 732
10.3 734
10.3167 737
10.3333 739
10.35 742
10.3667 744
10.3833 747
10.4 749
10.4167 751
10.4333 754
10.45 756
10.4667 759
10.4833 761
10.5 763
10.5167 766
10.5333 768
10.55 770
10.5667 772
10.5833 775
10.6 777
10.6167 779
10.6333 781
10.65 783
10.6667 785
10.6833 788
10.7 790
10.7167 792
10.7333 794
10.75 796
10.7667 798
10.7833 800
10.8 802
10.8167 804
10.8333 806
10.85 808
10.8667 810
10.8833 812
10.9 813
10.9167 815
10.9333 817
10.95 819
10.9667 821
10.9833 823
11.0 824
11.0167 826
11.0333 828
11.05 829
11.0667 831
11.0833 833
11.1 835
11.1167 836
11.1333 838
11.15 839
11.1667 841
11.1833 842
11.2 844
11.2167 846
11.2333 847
11.25 849
11.2667 850
11.2833 851
11.3 853
11.3167 854
11.3333 856
11.35 857
11.3667 858
11.3833 860
11.4 861
11.4167 862
11.4333 863
11.45 865
11.4667 866
11.4833 867
11.5 868
11.5167 870
11.5333 871
11.55 872
11.5667 873
11.5833 874
11.6 875
11.6167 876
11.6333 877
11.65 878
11.6667 879
11.6833 880
11.7 881
11.7167 882
11.7333 883
11.75 884
11.7667 885
11.7833 885
11.8 886
11.8167 887
11.8333 888
11.85 889
11.8667 889
11.8833 890
11.9 891
11.9167 891
11.9333 892
11.95 893
11.9667 893
11.9833 894
12.0 894
12.0167 895
12.0333 896
12.05 896
12.0667 897
12.0833 897
12.1 897
12.1167 898
12.1333 898
12.15 899
12.1667 899
12.1833 899
12.2 900
12.2167 900
12.2333 900
12.25 901
12.2667 901
12.2833 901
12.3 901
12.3167 902
12.3333 902
12.35 902
12.3667 902
12.3833 902
12.4 902
12.4167 902
12.4333 902
12.45 902
12.4667 902
12.4833 902
12.5 902
12.5167 902
12.5333 902
12.55 902
12.5667 902
12.5833 902
12.6 901
12.6167 901
12.6333 901
12.65 901
12.6667 901
12.6833 900
12.7 900
12.7167 900
12.7333 899
12.75 899
12.7667 899
12.7833 898
12.8 898
12.8167 897
12.8333 897
12.85 896
12.8667 896
12.8833 895
12.9 895
12.9167 894
12.9333 894
12.95 893
12.9667 893
12.9833 892
13.0 891
13.0167 891
13.0333 890
13.05 889
13.0667 888
13.0833 888
13.1 887
13.1167 886
13.1333 885
13.15 884
13.1667 884
13.1833 883
13.2 882
13.2167 881
13.2333 880
13.25 879
13.2667 878
13.2833 877
13.3 876
13.3167 875
13.3333 874
13.35 873
13.3667 872
13.3833 870
13.4 869
13.4167 868
13.4333 867
13.45 866
13.4667 864
13.4833 863
13.5 862
13.5167 861
13.5333 859
13.55 858
13.5667 857
13.5833 855
13.6 854
13.6167 853
13.6333 851
13.65 850
13.6667 848
13.6833 847
13.7 845
13.7167 844
13.7333 842
13.75 841
13.7667 839
13.7833 837
13.8 836
13.8167 834
13.8333 833
13.85 831
13.8667 829
13.8833 827
13.9 826
13.9167 824
13.9333 822
13.95 820
13.9667 819
13.9833 817
14.0 815
14.0167 813
14.0333 811
14.05 809
14.0667 807
14.0833 805
14.1 803
14.1167 801
14.1333 799
14.15 797
14.1667 795
14.1833 793
14.2 791
14.2167 789
14.2333 787
14.25 785
14.2667 783
14.2833 781
14.3 779
14.3167 776
14.3333 774
14.35 772
14.3667 770
14.3833 767
14.4 765
14.4167 763
14.4333 760
14.45 758
14.4667 756
14.4833 753
14.5 751
14.5167 749
14.5333 746
14.55 744
14.5667 741
14.5833 739
14.6 736
14.6167 734
14.6333 731
14.65 729
14.6667 726
14.6833 724
14.7 721
14.7167 718
14.7333 716
14.75 713
14.7667 710
14.7833 708
14.8 705
14.8167 702
14.8333 700
14.85 697
14.8667 694
14.8833 691
14.9 689
14.9167 686
14.9333 683
14.95 680
14.9667 677
14.9833 674
15.0 670
15.0167 668
15.0333 665
15.05 662
15.0667 659
15.0833 656
15.1 653
15.1167 650
15.1333 647
15.15 644
15.1667 641
15.1833 638
15.2 635
15.2167 632
15.2333 628
15.25 625
15.2667 622
15.2833 619
15.3 616
15.3167 613
15.3333 610
15.35 606
15.3667 603
15.3833 600
15.4 597
15.4167 594
15.4333 590
15.45 587
15.4667 584
15.4833 580
15.5 577
15.5167 574
15.5333 570
15.55 567
15.5667 564
15.5833 560
15.6 557
15.6167 554
15.6333 550
15.65 547
15.6667 543
15.6833 540
15.7 536
15.7167 533
15.7333 529
15.75 526
15.7667 522
15.7833 519
15.8 515
15.8167 512
15.8333 508
15.85 505
15.8667 501
15.8833 498
15.9 494
15.9167 490
15.9333 487
15.95 483
15.9667 479
15.9833 476
16.0 472
16.0167 468
16.0333 465
16.05 461
16.0667 457
16.0833 454
16.1 450
16.1167 446
16.1333 442
16.15 439
16.1667 435
16.1833 431
16.2 427
16.2167 424
16.2333 420
16.25 416
16.2667 412
16.2833 408
16.3 405
16.3167 401
16.3333 397
16.35 393
16.3667 389
16.3833 385
16.4 382
16.4167 378
16.4333 374
16.45 370
16.4667 366
16.4833 362
16.5 358
16.5167 354
16.5333 350
16.55 347
16.5667 343
16.5833 339
16.6 335
16.6167 331
16.6333 327
16.65 323
16.6667 319
16.6833 315
16.7 311
16.7167 307
16.7333 303
16.75 299
16.7667 295
16.7833 291
16.8 287
16.8167 283
16.8333 279
16.85 275
16.8667 271
16.8833 267
16.9 263
16.9167 259
16.9333 255
16.95 252
16.9667 248
16.9833 244
