8.0 207
8.0167 210
8.0333 214
8.05 218
8.0667 221
8.0833 225
8.1 229
8.1167 233
8.1333 236
8.15 240
8.1667 244
8.1833 247
8.2 251
8.2167 255
8.2333 259
8.25 262
8.2667 266
8.2833 270
8.3 274
8.3167 277
8.3333 281
8.35 285
8.3667 288
8.3833 292
8.4 296
8.4167 300
8.4333 303
8.45 307
8.4667 311
8.4833 314
8.5 318
8.5167 322
8.5333 325
8.55 329
8.5667 333
8.5833 336
8.6 340
8.6167 344
8.6333 347
8.65 351
8.6667 355
8.6833 358
8.7 362
8.7167 366
8.7333 369
8.75 373
8.7667 376
8.7833 380
8.8 384
8.8167 387
8.8333 391
8.85 394
8.8667 398
8.8833 401
8.9 405
8.9167 408
8.9333 412
8.95 415
8.9667 419
8.9833 422
9.0 426
9.0167 429
9.0333 432
9.05 436
9.0667 439
9.0833 442
9.1 446
9.1167 449
9.1333 453
9.15 456
9.1667 459
9.1833 463
9.2 466
9.2167 470
9.2333 473
9.25 476
9.2667 480
9.2833 483
9.3 486
9.3167 489
9.3333 493
9.35 496
9.3667 499
9.3833 502
9.4 506
9.4167 509
9.4333 512
9.45 515
9.4667 518
9.4833 522
9.5 525
9.5167 528
9.5333 531
9.55 534
9.5667 537
9.5833 540
9.6 543
9.6167 546
9.6333 549
9.65 552
9.6667 556
9.6833 559
9.7 562
9.7167 564
9.7333 567
9.75 570
9.7667 573
9.7833 576
9.8 579
9.8167 582
9.8333 585
9.85 588
9.8667 591
9.8833 593
9.9 596
9.9167 599
9.9333 602
9.95 605
9.9667 607
9.9833 610
10.0 613
10.0167 616
10.0333 618
10.05 621
10.0667 624
10.0833 626
10.1 629
10.1167 632
10.1333 634
10.15 637
10.1667 639
10.1833 642
10.2 644
10.2167 647
10.2333 649
10.25 652
10.2667 654
10.2833 657
10.3 659
10.3167 662
10.3333 664
10.35 666
10.3667 669
10.3833 671
10.4 674
10.4167 676
10.4333 678
10.45 680
10.4667 683
10.4833 685
10.5 687
10.5167 689
10.5333 692
10.55 694
10.5667 696
10.5833 698
10.6 700
10.6167 702
10.6333 704
10.65 707
10.6667 709
10.6833 711
10.7 713
10.7167 715
10.7333 717
10.75 719
10.7667 721
10.7833 723
10.8 724
10.8167 726
10.8333 728
10.85 730
10.8667 732
10.8833 734
10.9 736
10.9167 737
10.9333 739
10.95 741
10.9667 743
10.9833 744
11.0 746
11.0167 748
11.0333 749
11.05 751
11.0667 753
11.0833 754
11.1 756
11.1167 757
11.1333 759
11.15 761
11.1667 762
11.1833 764
11.2 765
11.2167 766
11.2333 768
11.25 769
11.2667 771
11.2833 772
11.3 773
11.3167 775
11.3333 776
11.35 777
11.3667 779
11.3833 780
11.4 781
11.4167 782
11.4333 784
11.45 785
11.4667 786
11.4833 787
11.5 788
11.5167 789
11.5333 790
11.55 791
11.5667 792
11.5833 793
11.6 794
11.6167 795
11.6333 796
11.65 797
11.6667 798
11.6833 799
11.7 800
11.7167 801
11.7333 802
11.75 803
11.7667 803
11.7833 804
11.8 805
11.8167 806
11.8333 806
11.85 807
11.8667 808
11.8833 808
11.9 809
11.9167 810
11.9333 810
11.95 811
11.9667 812
11.9833 812
12.0 813
12.0167 813
12.0333 814
12.05 814
12.0667 814
12.0833 815
12.1 815
12.1167 816
12.1333 816
12.15 816
12.1667 817
12.1833 817
12.2 817
12.2167 818
12.2333 818
12.25 818
12.2667 818
12.2833 818
12.3 819
12.3167 819
12.3333 819
12.35 819
12.3667 819
12.3833 819
12.4 819
12.4167 819
12.4333 819
12.45 819
12.4667 819
12.4833 819
12.5 819
12.5167 819
12.5333 819
12.55 818
12.5667 818
12.5833 818
12.6 818
12.6167 818
12.6333 817
12.65 817
12.6667 817
12.6833 817
12.7 816
12.7167 816
12.7333 815
12.75 815
12.7667 815
12.7833 814
12.8 814
12.8167 813
12.8333 813
12.85 812
12.8667 812
12.8833 811
12.9 811
12.9167 810
12.9333 809
12.95 809
12.9667 808
12.9833 807
13.0 807
13.0167 806
13.0333 805
13.05 805
13.0667 804
13.0833 803
13.1 802
13.1167 801
13.1333 800
13.15 800
13.1667 799
13.1833 798
13.2 797
13.2167 796
13.2333 795
13.25 794
13.2667 793
13.2833 792
13.3 791
13.3167 790
13.3333 789
13.35 788
13.3667 786
13.3833 785
13.4 784
13.4167 783
13.4333 782
13.45 780
13.4667 779
13.4833 778
13.5 777
13.5167 775
13.5333 774
13.55 773
13.5667 771
13.5833 770
13.6 769
13.6167 767
13.6333 766
13.65 764
13.6667 763
13.6833 761
13.7 760
13.7167 758
13.7333 757
13.75 755
13.7667 753
13.7833 752
13.8 750
13.8167 749
13.8333 747
13.85 745
13.8667 743
13.8833 742
13.9 740
13.9167 738
13.9333 736
13.95 735
13.9667 733
13.9833 731
14.0 729
14.0167 727
14.0333 725
14.05 723
14.0667 722
14.0833 720
14.1 718
14.1167 716
14.1333 714
14.15 712
14.1667 710
14.1833 708
14.2 705
14.2167 703
14.2333 701
14.25 699
14.2667 697
14.2833 695
14.3 693
14.3167 690
14.3333 688
14.35 686
14.3667 684
14.3833 682
14.4 679
14.4167 677
14.4333 675
14.45 672
14.4667 670
14.4833 668
14.5 665
14.5167 663
14.5333 660
14.55 658
14.5667 656
14.5833 653
14.6 651
14.6167 648
14.6333 646
14.65 643
14.6667 640
14.6833 638
14.7 635
14.7167 633
14.7333 630
14.75 628
14.7667 625
14.7833 622
14.8 620
14.8167 617
14.8333 614
14.85 611
14.8667 609
14.8833 606
14.9 603
14.9167 600
14.9333 598
14.95 595
14.9667 592
14.9833 589
15.0 585
15.0167 582
15.0333 580
15.05 577
15.0667 574
15.0833 571
15.1 568
15.1167 565
15.1333 562
15.15 559
15.1667 556
15.1833 553
15.2 550
15.2167 547
15.2333 544
15.25 541
15.2667 538
15.2833 535
15.3 531
15.3167 528
15.3333 525
15.35 522
15.3667 519
15.3833 516
15.4 513
15.4167 509
15.4333 506
15.45 503
15.4667 500
15.4833 497
15.5 493
15.5167 490
15.5333 487
15.55 483
15.5667 480
15.5833 477
15.6 473
15.6167 470
15.6333 467
15.65 463
15.6667 460
15.6833 457
15.7 453
15.7167 450
15.7333 447
15.75 443
15.7667 440
15.7833 436
15.8 433
15.8167 429
15.8333 426
15.85 422
15.8667 419
15.8833 415
15.9 412
15.9167 408
15.9333 405
15.95 401
15.9667 398
15.9833 394
16.0 391
16.0167 387
16.0333 384
16.05 380
16.0667 376
16.0833 373
16.1 369
16.1167 366
16.1333 362
16.15 358
16.1667 355
16.1833 351
16.2 347
16.2167 344
16.2333 340
16.25 336
16.2667 333
16.2833 329
16.3 325
16.3167 322
16.3333 318
16.35 314
16.3667 311
16.3833 307
16.4 303
16.4167 300
16.4333 296
16.45 292
16.4667 289
16.4833 285
16.5 281
16.5167 277
16.5333 274
16.55 270
16.5667 266
16.5833 263
16.6 259
16.6167 255
16.6333 251
16.65 248
16.6667 244
16.6833 240
16.7 237
16.7167 233
16.7333 229
16.75 225
16.7667 222
16.7833 218
16.8 214
16.8167 211
16.8333 207
16.85 203
16.8667 200
16.8833 196
16.9 192
16.9167 189
16.9333 185
16.95 181
16.9667 178
16.9833 174
