8.0 268
8.0167 272
8.0333 276
8.05 280
8.0667 284
8.0833 288
8.1 292
8.1167 296
8.1333 300
8.15 304
8.1667 308
8.1833 312
8.2 316
8.2167 320
8.2333 324
8.25 328
8.2667 332
8.2833 336
8.3 340
8.3167 344
8.3333 348
8.35 351
8.3667 355
8.3833 359
8.4 363
8.4167 367
8.4333 371
8.45 375
8.4667 379
8.4833 383
8.5 387
8.5167 391
8.5333 394
8.55 398
8.5667 402
8.5833 406
8.6 410
8.6167 414
8.6333 418
8.65 421
8.6667 425
8.6833 429
8.7 433
8.7167 437
8.7333 440
8.75 444
8.7667 448
8.7833 452
8.8 455
8.8167 459
8.8333 463
8.85 467
8.8667 470
8.8833 474
8.9 478
8.9167 482
8.9333 485
8.95 489
8.9667 493
8.9833 496
9.0 500
9.0167 503
9.0333 507
9.05 510
9.0667 514
9.0833 517
9.1 521
9.1167 524
9.1333 528
9.15 532
9.1667 535
9.1833 539
9.2 542
9.2167 546
9.2333 549
9.25 553
9.2667 556
9.2833 560
9.3 563
9.3167 566
9.3333 570
9.35 573
9.3667 577
9.3833 580
9.4 583
9.4167 587
9.4333 590
9.45 593
9.4667 597
9.4833 600
9.5 603
9.5167 607
9.5333 610
9.55 613
9.5667 616
9.5833 620
9.6 623
9.6167 626
9.6333 629
9.65 632
9.6667 636
9.6833 639
9.7 642
9.7167 645
9.7333 648
9.75 651
9.7667 654
9.7833 657
9.8 660
9.8167 663
9.8333 666
9.85 669
9.8667 672
9.8833 675
9.9 678
9.9167 681
9.9333 684
9.95 687
9.9667 690
9.9833 693
10.0 696
10.0167 698
10.0333 701
10.05 704
10.0667 707
10.0833 710
10.1 712
10.1167 715
10.1333 718
10.15 721
10.1667 723
10.1833 726
10.2 729
10.2167 731
10.2333 734
10.25 736
10.2667 739
10.2833 742
10.3 744
10.3167 747
10.3333 749
10.35 752
10.3667 754
10.3833 757
10.4 759
10.4167 762
10.4333 764
10.45 767
10.4667 769
10.4833 771
10.5 774
10.5167 776
10.5333 778
10.55 781
10.5667 783
10.5833 785
10.6 788
10.6167 790
10.6333 792
10.65 794
10.6667 796
10.6833 799
10.7 801
10.7167 803
10.7333 805
10.75 807
10.7667 809
10.7833 811
10.8 813
10.8167 815
10.8333 817
10.85 819
10.8667 821
10.8833 823
10.9 825
10.9167 827
10.9333 829
10.95 831
10.9667 833
10.9833 834
11.0 836
11.0167 838
11.0333 840
11.05 842
11.0667 843
11.0833 845
11.1 847
11.1167 848
11.1333 850
11.15 852
11.1667 853
11.1833 855
11.2 856
11.2167 858
11.2333 860
11.25 861
11.2667 863
11.2833 864
11.3 866
11.3167 867
11.3333 868
11.35 870
11.3667 871
11.3833 873
11.4 874
11.4167 875
11.4333 877
11.45 878
11.4667 879
11.4833 880
11.5 882
11.5167 883
11.5333 884
11.55 885
11.5667 886
11.5833 888
11.6 889
11.6167 890
11.6333 891
11.65 892
11.6667 893
11.6833 894
11.7 895
11.7167 896
11.7333 897
11.75 898
11.7667 899
11.7833 900
11.8 900
11.8167 901
11.8333 902
11.85 903
11.8667 904
11.8833 905
11.9 905
11.9167 906
11.9333 907
11.95 907
11.9667 908
11.9833 909
12.0 909
12.0167 910
12.0333 911
12.05 911
12.0667 912
12.0833 912
12.1 913
12.1167 913
12.1333 914
12.15 914
12.1667 914
12.1833 915
12.2 915
12.2167 916
12.2333 916
12.25 916
12.2667 917
12.2833 917
12.3 917
12.3167 917
12.3333 918
12.35 918
12.3667 918
12.3833 918
12.4 918
12.4167 918
12.4333 918
12.45 918
12.4667 919
12.4833 919
12.5 919
12.5167 919
12.5333 919
12.55 918
12.5667 918
12.5833 918
12.6 918
12.6167 918
12.6333 918
12.65 918
12.6667 917
12.6833 917
12.7 917
12.7167 917
12.7333 916
12.75 916
12.7667 916
12.7833 916
12.8 915
12.8167 915
12.8333 914
12.85 914
12.8667 913
12.8833 913
12.9 913
12.9167 912
12.9333 911
12.95 911
12.9667 910
12.9833 910
13.0 909
13.0167 909
13.0333 908
13.05 907
13.0667 907
13.0833 906
13.1 905
13.1167 904
13.1333 904
13.15 903
13.1667 902
13.1833 901
13.2 900
13.2167 899
13.2333 898
13.25 898
13.2667 897
13.2833 896
13.3 895
13.3167 894
13.3333 893
13.35 892
13.3667 891
13.3833 889
13.4 888
13.4167 887
13.4333 886
13.45 885
13.4667 884
13.4833 883
13.5 881
13.5167 880
13.5333 879
13.55 878
13.5667 876
13.5833 875
13.6 874
13.6167 872
13.6333 871
13.65 869
13.6667 868
13.6833 867
13.7 865
13.7167 864
13.7333 862
13.75 861
13.7667 859
13.7833 858
13.8 856
13.8167 854
13.8333 853
13.85 851
13.8667 850
13.8833 848
13.9 846
13.9167 844
13.9333 843
13.95 841
13.9667 839
13.9833 837
14.0 836
14.0167 834
14.0333 832
14.05 830
14.0667 828
14.0833 826
14.1 824
14.1167 822
14.1333 821
14.15 819
14.1667 817
14.1833 815
14.2 813
14.2167 810
14.2333 808
14.25 806
14.2667 804
14.2833 802
14.3 800
14.3167 798
14.3333 796
14.35 793
14.3667 791
14.3833 789
14.4 787
14.4167 785
14.4333 782
14.45 780
14.4667 778
14.4833 775
14.5 773
14.5167 771
14.5333 768
14.55 766
14.5667 763
14.5833 761
14.6 758
14.6167 756
14.6333 754
14.65 751
14.6667 748
14.6833 746
14.7 743
14.7167 741
14.7333 738
14.75 736
14.7667 733
14.7833 730
14.8 728
14.8167 725
14.8333 722
14.85 720
14.8667 717
14.8833 714
14.9 711
14.9167 709
14.9333 706
14.95 703
14.9667 700
14.9833 697
15.0 694
15.0167 691
15.0333 688
15.05 685
15.0667 682
15.0833 679
15.1 676
15.1167 673
15.1333 670
15.15 667
15.1667 664
15.1833 661
15.2 658
15.2167 655
15.2333 652
15.25 649
15.2667 646
15.2833 643
15.3 640
15.3167 637
15.3333 633
15.35 630
15.3667 627
15.3833 624
15.4 621
15.4167 617
15.4333 614
15.45 611
15.4667 608
15.4833 604
15.5 601
15.5167 598
15.5333 595
15.55 591
15.5667 588
15.5833 585
15.6 581
15.6167 578
15.6333 574
15.65 571
15.6667 568
15.6833 564
15.7 561
15.7167 557
15.7333 554
15.75 550
15.7667 547
15.7833 543
15.8 540
15.8167 536
15.8333 533
15.85 529
15.8667 526
15.8833 522
15.9 519
15.9167 515
15.9333 511
15.95 508
15.9667 504
15.9833 501
16.0 497
16.0167 493
16.0333 490
16.05 486
16.0667 482
16.0833 479
16.1 475
16.1167 471
16.1333 468
16.15 464
16.1667 460
16.1833 456
16.2 453
16.2167 449
16.2333 445
16.25 441
16.2667 437
16.2833 434
16.3 430
16.3167 426
16.3333 422
16.35 418
16.3667 415
16.3833 411
16.4 407
16.4167 403
16.4333 399
16.45 395
16.4667 391
16.4833 388
16.5 384
16.5167 380
16.5333 376
16.55 372
16.5667 368
16.5833 364
16.6 360
16.6167 356
16.6333 352
16.65 349
16.6667 345
16.6833 341
16.7 337
16.7167 333
16.7333 329
16.75 325
16.7667 321
16.7833 317
16.8 313
16.8167 309
16.8333 305
16.85 301
16.8667 297
16.8833 293
16.9 289
16.9167 285
16.9333 281
16.95 277
16.9667 273
16.9833 269
