8.0 245
8.0167 249
8.0333 253
8.05 257
8.0667 260
8.0833 264
8.1 268
8.1167 272
8.1333 276
8.15 280
8.1667 284
8.1833 288
8.2 291
8.2167 295
8.2333 299
8.25 303
8.2667 307
8.2833 311
8.3 315
8.3167 318
8.3333 322
8.35 326
8.3667 330
8.3833 334
8.4 338
8.4167 342
8.4333 345
8.45 349
8.4667 353
8.4833 357
8.5 361
8.5167 364
8.5333 368
8.55 372
8.5667 376
8.5833 380
8.6 383
8.6167 387
8.6333 391
8.65 395
8.6667 398
8.6833 402
8.7 406
8.7167 410
8.7333 413
8.75 417
8.7667 421
8.7833 425
8.8 428
8.8167 432
8.8333 436
8.85 439
8.8667 443
8.8833 447
8.9 450
8.9167 454
8.9333 457
8.95 461
8.9667 465
8.9833 468
9.0 472
9.0167 475
9.0333 478
9.05 482
9.0667 485
9.0833 489
9.1 492
9.1167 496
9.1333 500
9.15 503
9.1667 506
9.1833 510
9.2 513
9.2167 517
9.2333 520
9.25 524
9.2667 527
9.2833 531
9.3 534
9.3167 537
9.3333 541
9.35 544
9.3667 547
9.3833 551
9.4 554
9.4167 557
9.4333 561
9.45 564
9.4667 567
9.4833 570
9.5 574
9.5167 577
9.5333 580
9.55 583
9.5667 587
9.5833 590
9.6 593
9.6167 596
9.6333 599
9.65 602
9.6667 605
9.6833 608
9.7 612
9.7167 615
9.7333 618
9.75 621
9.7667 624
9.7833 627
9.8 630
9.8167 633
9.8333 636
9.85 639
9.8667 642
9.8833 644
9.9 647
9.9167 650
9.9333 653
9.95 656
9.9667 659
9.9833 662
10.0 664
10.0167 667
10.0333 670
10.05 673
10.0667 676
10.0833 678
10.1 681
10.1167 684
10.1333 686
10.15 689
10.1667 692
10.1833 694
10.2 697
10.2167 700
10.2333 702
10.25 705
10.2667 707
10.2833 710
10.3 712
10.3167 715
10.3333 717
10.35 720
10.3667 722
10.3833 725
10.4 727
10.4167 730
10.4333 732
10.45 734
10.4667 737
10.4833 739
10.5 741
10.5167 744
10.5333 746
10.55 748
10.5667 750
10.5833 753
10.6 755
10.6167 757
10.6333 759
10.65 761
10.6667 764
10.6833 766
10.7 768
10.7167 770
10.7333 772
10.75 774
10.7667 776
10.7833 778
10.8 780
10.8167 782
10.8333 784
10.85 786
10.8667 788
10.8833 790
10.9 792
10.9167 793
10.9333 795
10.95 797
10.9667 799
10.9833 801
11.0 803
11.0167 804
11.0333 806
11.05 808
11.0667 809
11.0833 811
11.1 813
11.1167 814
11.1333 816
11.15 818
11.1667 819
11.1833 821
11.2 822
11.2167 824
11.2333 825
11.25 827
11.2667 828
11.2833 830
11.3 831
11.3167 833
11.3333 834
11.35 835
11.3667 837
11.3833 838
11.4 839
11.4167 841
11.4333 842
11.45 843
11.4667 844
11.4833 846
11.5 847
11.5167 848
11.5333 849
11.55 850
11.5667 851
11.5833 853
11.6 854
11.6167 855
11.6333 856
11.65 857
11.6667 858
11.6833 859
11.7 860
11.7167 861
11.7333 861
11.75 862
11.7667 863
11.7833 864
11.8 865
11.8167 866
11.8333 867
11.85 867
11.8667 868
11.8833 869
11.9 870
11.9167 870
11.9333 871
11.95 872
11.9667 872
11.9833 873
12.0 873
12.0167 874
12.0333 874
12.05 875
12.0667 876
12.0833 876
12.1 876
12.1167 877
12.1333 877
12.15 878
12.1667 878
12.1833 879
12.2 879
12.2167 879
12.2333 879
12.25 880
12.2667 880
12.2833 880
12.3 880
12.3167 881
12.3333 881
12.35 881
12.3667 881
12.3833 881
12.4 881
12.4167 881
12.4333 881
12.45 882
12.4667 882
12.4833 882
12.5 881
12.5167 881
12.5333 881
12.55 881
12.5667 881
12.5833 881
12.6 881
12.6167 881
12.6333 881
12.65 880
12.6667 880
12.6833 880
12.7 880
12.7167 879
12.7333 879
12.75 879
12.7667 878
12.7833 878
12.8 877
12.8167 877
12.8333 877
12.85 876
12.8667 876
12.8833 875
12.9 875
12.9167 874
12.9333 874
12.95 873
12.9667 872
12.9833 872
13.0 871
13.0167 870
13.0333 870
13.05 869
13.0667 868
13.0833 868
13.1 867
13.1167 866
13.1333 865
13.15 864
13.1667 864
13.1833 863
13.2 862
13.2167 861
13.2333 860
13.25 859
13.2667 858
13.2833 857
13.3 856
13.3167 855
13.3333 854
13.35 853
13.3667 852
13.3833 851
13.4 850
13.4167 848
13.4333 847
13.45 846
13.4667 845
13.4833 844
13.5 842
13.5167 841
13.5333 840
13.55 839
13.5667 837
13.5833 836
13.6 834
13.6167 833
13.6333 832
13.65 830
13.6667 829
13.6833 827
13.7 826
13.7167 824
13.7333 823
13.75 821
13.7667 820
13.7833 818
13.8 817
13.8167 815
13.8333 813
13.85 812
13.8667 810
13.8833 808
13.9 807
13.9167 805
13.9333 803
13.95 801
13.9667 800
13.9833 798
14.0 796
14.0167 794
14.0333 792
14.05 790
14.0667 788
14.0833 786
14.1 785
14.1167 783
14.1333 781
14.15 779
14.1667 777
14.1833 775
14.2 773
14.2167 770
14.2333 768
14.25 766
14.2667 764
14.2833 762
14.3 760
14.3167 758
14.3333 756
14.35 753
14.3667 751
14.3833 749
14.4 747
14.4167 744
14.4333 742
14.45 740
14.4667 737
14.4833 735
14.5 733
14.5167 730
14.5333 728
14.55 725
14.5667 723
14.5833 721
14.6 718
14.6167 716
14.6333 713
14.65 711
14.6667 708
14.6833 706
14.7 703
14.7167 700
14.7333 698
14.75 695
14.7667 692
14.7833 690
14.8 687
14.8167 684
14.8333 682
14.85 679
14.8667 676
14.8833 674
14.9 671
14.9167 668
14.9333 665
14.95 662
14.9667 660
14.9833 657
15.0 653
15.0167 650
15.0333 647
15.05 644
15.0667 641
15.0833 638
15.1 635
15.1167 632
15.1333 629
15.15 626
15.1667 623
15.1833 620
15.2 617
15.2167 614
15.2333 611
15.25 608
15.2667 605
15.2833 602
15.3 599
15.3167 596
15.3333 593
15.35 590
15.3667 586
15.3833 583
15.4 580
15.4167 577
15.4333 574
15.45 570
15.4667 567
15.4833 564
15.5 560
15.5167 557
15.5333 554
15.55 551
15.5667 547
15.5833 544
15.6 541
15.6167 537
15.6333 534
15.65 530
15.6667 527
15.6833 524
15.7 520
15.7167 517
15.7333 513
15.75 510
15.7667 506
15.7833 503
15.8 499
15.8167 496
15.8333 492
15.85 489
15.8667 485
15.8833 482
15.9 478
15.9167 475
15.9333 471
15.95 468
15.9667 464
15.9833 460
16.0 457
16.0167 453
16.0333 450
16.05 446
16.0667 442
16.0833 439
16.1 435
16.1167 431
16.1333 428
16.15 424
16.1667 420
16.1833 416
16.2 413
16.2167 409
16.2333 405
16.25 402
16.2667 398
16.2833 394
16.3 390
16.3167 387
16.3333 383
16.35 379
16.3667 375
16.3833 371
16.4 368
16.4167 364
16.4333 360
16.45 356
16.4667 352
16.4833 349
16.5 345
16.5167 341
16.5333 337
16.55 333
16.5667 329
16.5833 326
16.6 322
16.6167 318
16.6333 314
16.65 310
16.6667 306
16.6833 303
16.7 299
16.7167 295
16.7333 291
16.75 287
16.7667 283
16.7833 279
16.8 275
16.8167 272
16.8333 268
16.85 264
16.8667 260
16.8833 256
16.9 252
16.9167 248
16.9333 245
16.95 241
16.9667 237
16.9833 233
