8.0 198
8.0167 202
8.0333 205
8.05 209
8.0667 213
8.0833 217
8.1 220
8.1167 224
8.1333 228
8.15 232
8.1667 235
8.1833 239
8.2 243
8.2167 246
8.2333 250
8.25 254
8.2667 258
8.2833 261
8.3 265
8.3167 269
8.3333 272
8.35 276
8.3667 280
8.3833 284
8.4 287
8.4167 291
8.4333 295
8.45 298
8.4667 302
8.4833 306
8.5 310
8.5167 313
8.5333 317
8.55 321
8.5667 324
8.5833 328
8.6 332
8.6167 335
8.6333 339
8.65 342
8.6667 346
8.6833 350
8.7 353
8.7167 357
8.7333 361
8.75 364
8.7667 368
8.7833 371
8.8 375
8.8167 379
8.8333 382
8.85 386
8.8667 389
8.8833 393
8.9 396
8.9167 400
8.9333 403
8.95 407
8.9667 410
8.9833 414
9.0 417
9.0167 420
9.0333 423
9.05 427
9.0667 430
9.0833 434
9.1 437
9.1167 440
9.1333 444
9.15 447
9.1667 451
9.1833 454
9.2 457
9.2167 461
9.2333 464
9.25 467
9.2667 471
9.2833 474
9.3 477
9.3167 480
9.3333 484
9.35 487
9.3667 490
9.3833 493
9.4 497
9.4167 500
9.4333 503
9.45 506
9.4667 509
9.4833 512
9.5 516
9.5167 519
9.5333 522
9.55 525
9.5667 528
9.5833 531
9.6 534
9.6167 537
9.6333 540
9.65 543
9.6667 546
9.6833 549
9.7 552
9.7167 555
9.7333 558
9.75 561
9.7667 564
9.7833 567
9.8 570
9.8167 573
9.8333 575
9.85 578
9.8667 581
9.8833 584
9.9 587
9.9167 590
9.9333 592
9.95 595
9.9667 598
9.9833 601
10.0 603
10.0167 606
10.0333 609
10.05 611
10.0667 614
10.0833 617
10.1 619
10.1167 622
10.1333 624
10.15 627
10.1667 630
10.1833 632
10.2 635
10.2167 637
10.2333 640
10.25 642
10.2667 645
10.2833 647
10.3 649
10.3167 652
10.3333 654
10.35 657
10.3667 659
10.3833 661
10.4 664
10.4167 666
10.4333 668
10.45 670
10.4667 673
10.4833 675
10.5 677
10.5167 679
10.5333 682
10.55 684
10.5667 686
10.5833 688
10.6 690
10.6167 692
10.6333 694
10.65 696
10.6667 698
10.6833 700
10.7 702
10.7167 704
10.7333 706
10.75 708
10.7667 710
10.7833 712
10.8 714
10.8167 716
10.8333 718
10.85 720
10.8667 722
10.8833 723
10.9 725
10.9167 727
10.9333 729
10.95 730
10.9667 732
10.9833 734
11.0 736
11.0167 737
11.0333 739
11.05 741
11.0667 742
11.0833 744
11.1 745
11.1167 747
11.1333 748
11.15 750
11.1667 751
11.1833 753
11.2 754
11.2167 756
11.2333 757
11.25 759
11.2667 760
11.2833 761
11.3 763
11.3167 764
11.3333 765
11.35 767
11.3667 768
11.3833 769
11.4 770
11.4167 772
11.4333 773
11.45 774
11.4667 775
11.4833 776
11.5 777
11.5167 778
11.5333 779
11.55 781
11.5667 782
11.5833 783
11.6 784
11.6167 785
11.6333 785
11.65 786
11.6667 787
11.6833 788
11.7 789
11.7167 790
11.7333 791
11.75 792
11.7667 792
11.7833 793
11.8 794
11.8167 795
11.8333 795
11.85 796
11.8667 797
11.8833 797
11.9 798
11.9167 799
11.9333 799
11.95 800
11.9667 800
11.9833 801
12.0 801
12.0167 802
12.0333 802
12.05 803
12.0667 803
12.0833 804
12.1 804
12.1167 804
12.1333 805
12.15 805
12.1667 805
12.1833 806
12.2 806
12.2167 806
12.2333 806
12.25 807
12.2667 807
12.2833 807
12.3 807
12.3167 807
12.3333 807
12.35 808
12.3667 808
12.3833 808
12.4 808
12.4167 808
12.4333 808
12.45 808
12.4667 808
12.4833 808
12.5 807
12.5167 807
12.5333 807
12.55 807
12.5667 807
12.5833 807
12.6 806
12.6167 806
12.6333 806
12.65 806
12.6667 805
12.6833 805
12.7 805
12.7167 804
12.7333 804
12.75 804
12.7667 803
12.7833 803
12.8 802
12.8167 802
12.8333 801
12.85 801
12.8667 800
12.8833 800
12.9 799
12.9167 799
12.9333 798
12.95 797
12.9667 797
12.9833 796
13.0 795
13.0167 795
13.0333 794
13.05 793
13.0667 792
13.0833 791
13.1 791
13.1167 790
13.1333 789
13.15 788
13.1667 787
13.1833 786
13.2 785
13.2167 784
13.2333 783
13.25 782
13.2667 781
13.2833 780
13.3 779
13.3167 778
13.3333 777
13.35 776
13.3667 775
13.3833 774
13.4 773
13.4167 771
13.4333 770
13.45 769
13.4667 768
13.4833 766
13.5 765
13.5167 764
13.5333 762
13.55 761
13.5667 760
13.5833 758
13.6 757
13.6167 756
13.6333 754
13.65 753
13.6667 751
13.6833 750
13.7 748
13.7167 747
13.7333 745
13.75 743
13.7667 742
13.7833 740
13.8 739
13.8167 737
13.8333 735
13.85 734
13.8667 732
13.8833 730
13.9 728
13.9167 727
13.9333 725
13.95 723
13.9667 721
13.9833 719
14.0 718
14.0167 716
14.0333 714
14.05 712
14.0667 710
14.0833 708
14.1 706
14.1167 704
14.1333 702
14.15 700
14.1667 698
14.1833 696
14.2 694
14.2167 692
14.2333 690
14.25 688
14.2667 685
14.2833 683
14.3 681
14.3167 679
14.3333 677
14.35 675
14.3667 672
14.3833 670
14.4 668
14.4167 665
14.4333 663
14.45 661
14.4667 658
14.4833 656
14.5 654
14.5167 651
14.5333 649
14.55 646
14.5667 644
14.5833 642
14.6 639
14.6167 637
14.6333 634
14.65 632
14.6667 629
14.6833 626
14.7 624
14.7167 621
14.7333 619
14.75 616
14.7667 613
14.7833 611
14.8 608
14.8167 605
14.8333 603
14.85 600
14.8667 597
14.8833 595
14.9 592
14.9167 589
14.9333 586
14.95 583
14.9667 581
14.9833 578
15.0 574
15.0167 571
15.0333 568
15.05 565
15.0667 562
15.0833 560
15.1 557
15.1167 554
15.1333 551
15.15 548
15.1667 545
15.1833 542
15.2 539
15.2167 536
15.2333 533
15.25 530
15.2667 527
15.2833 523
15.3 520
15.3167 517
15.3333 514
15.35 511
15.3667 508
15.3833 505
15.4 501
15.4167 498
15.4333 495
15.45 492
15.4667 489
15.4833 485
15.5 482
15.5167 479
15.5333 476
15.55 472
15.5667 469
15.5833 466
15.6 462
15.6167 459
15.6333 456
15.65 452
15.6667 449
15.6833 446
15.7 442
15.7167 439
15.7333 436
15.75 432
15.7667 429
15.7833 425
15.8 422
15.8167 418
15.8333 415
15.85 411
15.8667 408
15.8833 404
15.9 401
15.9167 397
15.9333 394
15.95 390
15.9667 387
15.9833 383
16.0 380
16.0167 376
16.0333 373
16.05 369
16.0667 365
16.0833 362
16.1 358
16.1167 355
16.1333 351
16.15 347
16.1667 344
16.1833 340
16.2 337
16.2167 333
16.2333 329
16.25 326
16.2667 322
16.2833 318
16.3 315
16.3167 311
16.3333 307
16.35 304
16.3667 300
16.3833 296
16.4 292
16.4167 289
16.4333 285
16.45 281
16.4667 278
16.4833 274
16.5 270
16.5167 266
16.5333 263
16.55 259
16.5667 255
16.5833 252
16.6 248
16.6167 244
16.6333 240
16.65 237
16.6667 233
16.6833 229
16.7 226
16.7167 222
16.7333 218
16.75 214
16.7667 211
16.7833 207
16.8 203
16.8167 200
16.8333 196
16.85 192
16.8667 189
16.8833 185
16.9 181
16.9167 178
16.9333 174
16.95 170
16.9667 167
16.9833 163
