8.0 156
8.0167 160
8.0333 163
8.05 167
8.0667 170
8.0833 174
8.1 177
8.1167 181
8.1333 184
8.15 188
8.1667 192
8.1833 195
8.2 199
8.2167 202
8.2333 206
8.25 210
8.2667 213
8.2833 217
8.3 220
8.3167 224
8.3333 228
8.35 231
8.3667 235
8.3833 238
8.4 242
8.4167 246
8.4333 249
8.45 253
8.4667 256
8.4833 260
8.5 263
8.5167 267
8.5333 271
8.55 274
8.5667 278
8.5833 281
8.6 285
8.6167 288
8.6333 292
8.65 296
8.6667 299
8.6833 303
8.7 306
8.7167 310
8.7333 313
8.75 317
8.7667 320
8.7833 324
8.8 327
8.8167 331
8.8333 334
8.85 338
8.8667 341
8.8833 345
8.9 348
8.9167 352
8.9333 355
8.95 358
8.9667 362
8.9833 365
9.0 369
9.0167 371
9.0333 375
9.05 378
9.0667 381
9.0833 385
9.1 388
9.1167 391
9.1333 395
9.15 398
9.1667 401
9.1833 405
9.2 408
9.2167 411
9.2333 415
9.25 418
9.2667 421
9.2833 424
9.3 428
9.3167 431
9.3333 434
9.35 437
9.3667 440
9.3833 443
9.4 447
9.4167 450
9.4333 453
9.45 456
9.4667 459
9.4833 462
9.5 465
9.5167 468
9.5333 472
9.55 475
9.5667 478
9.5833 481
9.6 484
9.6167 487
9.6333 490
9.65 493
9.6667 496
9.6833 499
9.7 501
9.7167 504
9.7333 507
9.75 510
9.7667 513
9.7833 516
9.8 519
9.8167 522
9.8333 524
9.85 527
9.8667 530
9.8833 533
9.9 536
9.9167 538
9.9333 541
9.95 544
9.9667 547
9.9833 549
10.0 552
10.0167 555
10.0333 557
10.05 560
10.0667 563
10.0833 565
10.1 568
10.1167 570
10.1333 573
10.15 575
10.1667 578
10.1833 580
10.2 583
10.2167 585
10.2333 588
10.25 590
10.2667 593
10.2833 595
10.3 598
10.3167 600
10.3333 602
10.35 605
10.3667 607
10.3833 609
10.4 612
10.4167 614
10.4333 616
10.45 619
10.4667 621
10.4833 623
10.5 625
10.5167 627
10.5333 630
10.55 632
10.5667 634
10.5833 636
10.6 638
10.6167 640
10.6333 642
10.65 644
10.6667 646
10.6833 648
10.7 650
10.7167 652
10.7333 654
10.75 656
10.7667 658
10.7833 660
10.8 662
10.8167 664
10.8333 666
10.85 668
10.8667 669
10.8833 671
10.9 673
10.9167 675
10.9333 677
10.95 678
10.9667 680
10.9833 682
11.0 683
11.0167 685
11.0333 687
11.05 688
11.0667 690
11.0833 692
11.1 693
11.1167 695
11.1333 696
11.15 698
11.1667 699
11.1833 701
11.2 702
11.2167 704
11.2333 705
11.25 706
11.2667 708
11.2833 709
11.3 711
11.3167 712
11.3333 713
11.35 715
11.3667 716
11.3833 717
11.4 718
11.4167 720
11.4333 721
11.45 722
11.4667 723
11.4833 724
11.5 725
11.5167 726
11.5333 728
11.55 729
11.5667 730
11.5833 731
11.6 732
11.6167 733
11.6333 734
11.65 735
11.6667 736
11.6833 736
11.7 737
11.7167 738
11.7333 739
11.75 740
11.7667 741
11.7833 741
11.8 742
11.8167 743
11.8333 744
11.85 744
11.8667 745
11.8833 746
11.9 746
11.9167 747
11.9333 748
11.95 748
11.9667 749
11.9833 749
12.0 750
12.0167 751
12.0333 751
12.05 752
12.0667 752
12.0833 752
12.1 753
12.1167 753
12.1333 754
12.15 754
12.1667 754
12.1833 755
12.2 755
12.2167 755
12.2333 755
12.25 756
12.2667 756
12.2833 756
12.3 756
12.3167 756
12.3333 757
12.35 757
12.3667 757
12.3833 757
12.4 757
12.4167 757
12.4333 757
12.45 757
12.4667 757
12.4833 757
12.5 757
12.5167 757
12.5333 757
12.55 757
12.5667 757
12.5833 756
12.6 756
12.6167 756
12.6333 756
12.65 756
12.6667 755
12.6833 755
12.7 755
12.7167 754
12.7333 754
12.75 754
12.7667 753
12.7833 753
12.8 753
12.8167 752
12.8333 752
12.85 751
12.8667 751
12.8833 750
12.9 750
12.9167 749
12.9333 749
12.95 748
12.9667 747
12.9833 747
13.0 746
13.0167 745
13.0333 745
13.05 744
13.0667 743
13.0833 742
13.1 742
13.1167 741
13.1333 740
13.15 739
13.1667 738
13.1833 738
13.2 737
13.2167 736
13.2333 735
13.25 734
13.2667 733
13.2833 732
13.3 731
13.3167 730
13.3333 729
13.35 728
13.3667 727
13.3833 726
13.4 725
13.4167 723
13.4333 722
13.45 721
13.4667 720
13.4833 719
13.5 717
13.5167 716
13.5333 715
13.55 714
13.5667 712
13.5833 711
13.6 710
13.6167 708
13.6333 707
13.65 706
13.6667 704
13.6833 703
13.7 701
13.7167 700
13.7333 698
13.75 697
13.7667 695
13.7833 694
13.8 692
13.8167 690
13.8333 689
13.85 687
13.8667 686
13.8833 684
13.9 682
13.9167 681
13.9333 679
13.95 677
13.9667 675
13.9833 674
14.0 672
14.0167 670
14.0333 668
14.05 666
14.0667 665
14.0833 663
14.1 661
14.1167 659
14.1333 657
14.15 655
14.1667 653
14.1833 651
14.2 649
14.2167 647
14.2333 645
14.25 643
14.2667 641
14.2833 639
14.3 637
14.3167 635
14.3333 632
14.35 630
14.3667 628
14.3833 626
14.4 624
14.4167 621
14.4333 619
14.45 617
14.4667 615
14.4833 612
14.5 610
14.5167 608
14.5333 605
14.55 603
14.5667 601
14.5833 598
14.6 596
14.6167 594
14.6333 591
14.65 589
14.6667 586
14.6833 584
14.7 581
14.7167 579
14.7333 576
14.75 574
14.7667 571
14.7833 569
14.8 566
14.8167 563
14.8333 561
14.85 558
14.8667 555
14.8833 553
14.9 550
14.9167 547
14.9333 545
14.95 542
14.9667 539
14.9833 536
15.0 533
15.0167 530
15.0333 528
15.05 525
15.0667 522
15.0833 519
15.1 516
15.1167 513
15.1333 511
15.15 508
15.1667 505
15.1833 502
15.2 499
15.2167 496
15.2333 493
15.25 490
15.2667 487
15.2833 484
15.3 481
15.3167 478
15.3333 475
15.35 472
15.3667 469
15.3833 466
15.4 463
15.4167 460
15.4333 457
15.45 453
15.4667 450
15.4833 447
15.5 444
15.5167 441
15.5333 438
15.55 434
15.5667 431
15.5833 428
15.6 425
15.6167 422
15.6333 418
15.65 415
15.6667 412
15.6833 409
15.7 405
15.7167 402
15.7333 399
15.75 395
15.7667 392
15.7833 389
15.8 385
15.8167 382
15.8333 379
15.85 375
15.8667 372
15.8833 368
15.9 365
15.9167 362
15.9333 358
15.95 355
15.9667 351
15.9833 348
16.0 344
16.0167 341
16.0333 338
16.05 334
16.0667 331
16.0833 327
16.1 324
16.1167 320
16.1333 317
16.15 313
16.1667 310
16.1833 306
16.2 303
16.2167 299
16.2333 295
16.25 292
16.2667 288
16.2833 285
16.3 281
16.3167 278
16.3333 274
16.35 271
16.3667 267
16.3833 263
16.4 260
16.4167 256
16.4333 253
16.45 249
16.4667 245
16.4833 242
16.5 238
16.5167 235
16.5333 231
16.55 228
16.5667 224
16.5833 220
16.6 217
16.6167 213
16.6333 210
16.65 206
16.6667 202
16.6833 199
16.7 195
16.7167 192
16.7333 188
16.75 185
16.7667 181
16.7833 177
16.8 174
16.8167 170
16.8333 167
16.85 163
16.8667 160
16.8833 156
16.9 153
16.9167 149
16.9333 146
16.95 142
16.9667 139
16.9833 135
