8.0 109
8.0167 111
8.0333 114
8.05 117
8.0667 120
8.0833 123
8.1 127
8.1167 130
8.1333 133
8.15 136
8.1667 139
8.1833 142
8.2 145
8.2167 148
8.2333 151
8.25 154
8.2667 158
8.2833 161
8.3 164
8.3167 167
8.3333 170
8.35 174
8.3667 177
8.3833 180
8.4 183
8.4167 186
8.4333 190
8.45 193
8.4667 196
8.4833 199
8.5 203
8.5167 206
8.5333 209
8.55 212
8.5667 216
8.5833 219
8.6 222
8.6167 225
8.6333 229
8.65 232
8.6667 235
8.6833 238
8.7 242
8.7167 245
8.7333 248
8.75 251
8.7667 255
8.7833 258
8.8 261
8.8167 264
8.8333 268
8.85 271
8.8667 274
8.8833 277
8.9 280
8.9167 284
8.9333 287
8.95 290
8.9667 293
8.9833 297
9.0 300
9.0167 302
9.0333 305
9.05 309
9.0667 312
9.0833 315
9.1 318
9.1167 321
9.1333 324
9.15 327
9.1667 331
9.1833 334
9.2 337
9.2167 340
9.2333 343
9.25 346
9.2667 349
9.2833 352
9.3 355
9.3167 359
9.3333 362
9.35 365
9.3667 368
9.3833 371
9.4 374
9.4167 377
9.4333 380
9.45 383
9.4667 386
9.4833 389
9.5 392
9.5167 395
9.5333 398
9.55 401
9.5667 403
9.5833 406
9.6 409
9.6167 412
9.6333 415
9.65 418
9.6667 421
9.6833 424
9.7 426
9.7167 429
9.7333 432
9.75 435
9.7667 438
9.7833 440
9.8 443
9.8167 446
9.8333 449
9.85 451
9.8667 454
9.8833 457
9.9 460
9.9167 462
9.9333 465
9.95 468
9.9667 470
9.9833 473
10.0 475
10.0167 478
10.0333 481
10.05 483
10.0667 486
10.0833 488
10.1 491
10.1167 493
10.1333 496
10.15 498
10.1667 501
10.1833 503
10.2 506
10.2167 508
10.2333 510
10.25 513
10.2667 515
10.2833 518
10.3 520
10.3167 522
10.3333 525
10.35 527
10.3667 529
10.3833 532
10.4 534
10.4167 536
10.4333 538
10.45 541
10.4667 543
10.4833 545
10.5 547
10.5167 549
10.5333 551
10.55 554
10.5667 556
10.5833 558
10.6 560
10.6167 562
10.6333 564
10.65 566
10.6667 568
10.6833 570
10.7 572
10.7167 574
10.7333 576
10.75 578
10.7667 580
10.7833 582
10.8 583
10.8167 585
10.8333 587
10.85 589
10.8667 591
10.8833 593
10.9 594
10.9167 596
10.9333 598
10.95 600
10.9667 601
10.9833 603
11.0 605
11.0167 606
11.0333 608
11.05 610
11.0667 611
11.0833 613
11.1 614
11.1167 616
11.1333 617
11.15 619
11.1667 620
11.1833 622
11.2 623
11.2167 625
11.2333 626
11.25 628
11.2667 629
11.2833 630
11.3 632
11.3167 633
11.3333 634
11.35 636
11.3667 637
11.3833 638
11.4 639
11.4167 641
11.4333 642
11.45 643
11.4667 644
11.4833 645
11.5 647
11.5167 648
11.5333 649
11.55 650
11.5667 651
11.5833 652
11.6 653
11.6167 654
11.6333 655
11.65 656
11.6667 657
11.6833 658
11.7 659
11.7167 660
11.7333 660
11.75 661
11.7667 662
11.7833 663
11.8 664
11.8167 665
11.8333 665
11.85 666
11.8667 667
11.8833 667
11.9 668
11.9167 669
11.9333 669
11.95 670
11.9667 671
11.9833 671
12.0 672
12.0167 672
12.0333 673
12.05 673
12.0667 674
12.0833 674
12.1 675
12.1167 675
12.1333 676
12.15 676
12.1667 676
12.1833 677
12.2 677
12.2167 677
12.2333 678
12.25 678
12.2667 678
12.2833 679
12.3 679
12.3167 679
12.3333 679
12.35 679
12.3667 679
12.3833 680
12.4 680
12.4167 680
12.4333 680
12.45 680
12.4667 680
12.4833 680
12.5 680
12.5167 680
12.5333 680
12.55 680
12.5667 680
12.5833 680
12.6 679
12.6167 679
12.6333 679
12.65 679
12.6667 679
12.6833 678
12.7 678
12.7167 678
12.7333 678
12.75 677
12.7667 677
12.7833 677
12.8 676
12.8167 676
12.8333 676
12.85 675
12.8667 675
12.8833 674
12.9 674
12.9167 673
12.9333 673
12.95 672
12.9667 672
12.9833 671
13.0 671
13.0167 670
13.0333 669
13.05 669
13.0667 668
13.0833 667
13.1 667
13.1167 666
13.1333 665
13.15 664
13.1667 664
13.1833 663
13.2 662
13.2167 661
13.2333 660
13.25 659
13.2667 658
13.2833 658
13.3 657
13.3167 656
13.3333 655
13.35 654
13.3667 653
13.3833 652
13.4 651
13.4167 650
13.4333 648
13.45 647
13.4667 646
13.4833 645
13.5 644
13.5167 643
13.5333 642
13.55 640
13.5667 639
13.5833 638
13.6 637
13.6167 635
13.6333 634
13.65 633
13.6667 631
13.6833 630
13.7 629
13.7167 627
13.7333 626
13.75 624
13.7667 623
13.7833 621
13.8 620
13.8167 618
13.8333 617
13.85 615
13.8667 614
13.8833 612
13.9 611
13.9167 609
13.9333 607
13.95 606
13.9667 604
13.9833 602
14.0 601
14.0167 599
14.0333 597
14.05 596
14.0667 594
14.0833 592
14.1 590
14.1167 588
14.1333 587
14.15 585
14.1667 583
14.1833 581
14.2 579
14.2167 577
14.2333 575
14.25 573
14.2667 571
14.2833 569
14.3 567
14.3167 565
14.3333 563
14.35 561
14.3667 559
14.3833 557
14.4 555
14.4167 553
14.4333 551
14.45 549
14.4667 546
14.4833 544
14.5 542
14.5167 540
14.5333 538
14.55 535
14.5667 533
14.5833 531
14.6 529
14.6167 526
14.6333 524
14.65 522
14.6667 519
14.6833 517
14.7 515
14.7167 512
14.7333 510
14.75 507
14.7667 505
14.7833 502
14.8 500
14.8167 498
14.8333 495
14.85 493
14.8667 490
14.8833 488
14.9 485
14.9167 482
14.9333 480
14.95 477
14.9667 475
14.9833 472
15.0 469
15.0167 466
15.0333 464
15.05 461
15.0667 458
15.0833 456
15.1 453
15.1167 450
15.1333 448
15.15 445
15.1667 442
15.1833 439
15.2 437
15.2167 434
15.2333 431
15.25 428
15.2667 425
15.2833 422
15.3 420
15.3167 417
15.3333 414
15.35 411
15.3667 408
15.3833 405
15.4 402
15.4167 399
15.4333 396
15.45 393
15.4667 391
15.4833 388
15.5 385
15.5167 382
15.5333 379
15.55 376
15.5667 373
15.5833 370
15.6 367
15.6167 363
15.6333 360
15.65 357
15.6667 354
15.6833 351
15.7 348
15.7167 345
15.7333 342
15.75 339
15.7667 336
15.7833 333
15.8 329
15.8167 326
15.8333 323
15.85 320
15.8667 317
15.8833 314
15.9 311
15.9167 307
15.9333 304
15.95 301
15.9667 298
15.9833 295
16.0 291
16.0167 288
16.0333 285
16.05 282
16.0667 279
16.0833 275
16.1 272
16.1167 269
16.1333 266
16.15 262
16.1667 259
16.1833 256
16.2 253
16.2167 249
16.2333 246
16.25 243
16.2667 240
16.2833 236
16.3 233
16.3167 230
16.3333 227
16.35 223
16.3667 220
16.3833 217
16.4 214
16.4167 210
16.4333 207
16.45 204
16.4667 201
16.4833 197
16.5 194
16.5167 191
16.5333 188
16.55 185
16.5667 181
16.5833 178
16.6 175
16.6167 172
16.6333 169
16.65 165
16.6667 162
16.6833 159
16.7 156
16.7167 153
16.7333 150
16.75 146
16.7667 143
16.7833 140
16.8 137
16.8167 134
16.8333 131
16.85 128
16.8667 125
16.8833 122
16.9 119
16.9167 116
16.9333 113
16.95 110
16.9667 107
16.9833 104
