8.0 93
8.0167 97
8.0333 100
8.05 103
8.0667 106
8.0833 109
8.1 113
8.1167 116
8.1333 119
8.15 122
8.1667 126
8.1833 129
8.2 132
8.2167 136
8.2333 139
8.25 143
8.2667 146
8.2833 149
8.3 153
8.3167 156
8.3333 160
8.35 163
8.3667 166
8.3833 170
8.4 173
8.4167 177
8.4333 180
8.45 183
8.4667 187
8.4833 190
8.5 194
8.5167 197
8.5333 201
8.55 204
8.5667 208
8.5833 211
8.6 214
8.6167 218
8.6333 221
8.65 225
8.6667 228
8.6833 232
8.7 235
8.7167 239
8.7333 242
8.75 245
8.7667 249
8.7833 252
8.8 256
8.8167 259
8.8333 263
8.85 266
8.8667 269
8.8833 273
8.9 276
8.9167 280
8.9333 283
8.95 286
8.9667 290
8.9833 293
9.0 297
9.0167 299
9.0333 303
9.05 306
9.0667 309
9.0833 313
9.1 316
9.1167 319
9.1333 323
9.15 326
9.1667 329
9.1833 333
9.2 336
9.2167 339
9.2333 342
9.25 346
9.2667 349
9.2833 352
9.3 355
9.3167 359
9.3333 362
9.35 365
9.3667 368
9.3833 371
9.4 375
9.4167 378
9.4333 381
9.45 384
9.4667 387
9.4833 390
9.5 393
9.5167 397
9.5333 400
9.55 403
9.5667 406
9.5833 409
9.6 412
9.6167 415
9.6333 418
9.65 421
9.6667 424
9.6833 427
9.7 430
9.7167 433
9.7333 436
9.75 439
9.7667 442
9.7833 445
9.8 448
9.8167 450
9.8333 453
9.85 456
9.8667 459
9.8833 462
9.9 465
9.9167 468
9.9333 470
9.95 473
9.9667 476
9.9833 479
10.0 481
10.0167 484
10.0333 487
10.05 490
10.0667 492
10.0833 495
10.1 498
10.1167 500
10.1333 503
10.15 506
10.1667 508
10.1833 511
10.2 513
10.2167 516
10.2333 518
10.25 521
10.2667 523
10.2833 526
10.3 528
10.3167 531
10.3333 533
10.35 536
10.3667 538
10.3833 541
10.4 543
10.4167 545
10.4333 548
10.45 550
10.4667 553
10.4833 555
10.5 557
10.5167 559
10.5333 562
10.55 564
10.5667 566
10.5833 568
10.6 571
10.6167 573
10.6333 575
10.65 577
10.6667 579
10.6833 581
10.7 584
10.7167 586
10.7333 588
10.75 590
10.7667 592
10.7833 594
10.8 596
10.8167 598
10.8333 600
10.85 602
10.8667 604
10.8833 606
10.9 608
10.9167 610
10.9333 611
10.95 613
10.9667 615
10.9833 617
11.0 619
11.0167 621
11.0333 622
11.05 624
11.0667 626
11.0833 628
11.1 629
11.1167 631
11.1333 633
11.15 634
11.1667 636
11.1833 638
11.2 639
11.2167 641
11.2333 642
11.25 644
11.2667 645
11.2833 647
11.3 648
11.3167 650
11.3333 651
11.35 653
11.3667 654
11.3833 656
11.4 657
11.4167 658
11.4333 660
11.45 661
11.4667 662
11.4833 664
11.5 665
11.5167 666
11.5333 667
11.55 669
11.5667 670
11.5833 671
11.6 672
11.6167 673
11.6333 674
11.65 675
11.6667 676
11.6833 678
11.7 679
11.7167 680
11.7333 681
11.75 682
11.7667 683
11.7833 684
11.8 684
11.8167 685
11.8333 686
11.85 687
11.8667 688
11.8833 689
11.9 690
11.9167 690
11.9333 691
11.95 692
11.9667 693
11.9833 693
12.0 694
12.0167 695
12.0333 696
12.05 696
12.0667 697
12.0833 697
12.1 698
12.1167 699
12.1333 699
12.15 700
12.1667 700
12.1833 701
12.2 701
12.2167 702
12.2333 702
12.25 702
12.2667 703
12.2833 703
12.3 704
12.3167 704
12.3333 704
12.35 705
12.3667 705
12.3833 705
12.4 705
12.4167 706
12.4333 706
12.45 706
12.4667 706
12.4833 706
12.5 706
12.5167 706
12.5333 707
12.55 707
12.5667 707
12.5833 707
12.6 707
12.6167 707
12.6333 707
12.65 707
12.6667 707
12.6833 706
12.7 706
12.7167 706
12.7333 706
12.75 706
12.7667 706
12.7833 705
12.8 705
12.8167 705
12.8333 705
12.85 704
12.8667 704
12.8833 704
12.9 703
12.9167 703
12.9333 703
12.95 702
12.9667 702
12.9833 701
13.0 701
13.0167 701
13.0333 700
13.05 700
13.0667 699
13.0833 698
13.1 698
13.1167 697
13.1333 697
13.15 696
13.1667 695
13.1833 695
13.2 694
13.2167 693
13.2333 693
13.25 692
13.2667 691
13.2833 690
13.3 689
13.3167 689
13.3333 688
13.35 687
13.3667 686
13.3833 685
13.4 684
13.4167 683
13.4333 682
13.45 681
13.4667 680
13.4833 679
13.5 678
13.5167 677
13.5333 676
13.55 675
13.5667 674
13.5833 673
13.6 672
13.6167 671
13.6333 669
13.65 668
13.6667 667
13.6833 666
13.7 664
13.7167 663
13.7333 662
13.75 661
13.7667 659
13.7833 658
13.8 656
13.8167 655
13.8333 654
13.85 652
13.8667 651
13.8833 649
13.9 648
13.9167 646
13.9333 645
13.95 643
13.9667 642
13.9833 640
14.0 639
14.0167 637
14.0333 635
14.05 634
14.0667 632
14.0833 630
14.1 629
14.1167 627
14.1333 625
14.15 624
14.1667 622
14.1833 620
14.2 618
14.2167 616
14.2333 615
14.25 613
14.2667 611
14.2833 609
14.3 607
14.3167 605
14.3333 603
14.35 601
14.3667 599
14.3833 597
14.4 595
14.4167 593
14.4333 591
14.45 589
14.4667 587
14.4833 585
14.5 583
14.5167 581
14.5333 579
14.55 577
14.5667 574
14.5833 572
14.6 570
14.6167 568
14.6333 566
14.65 563
14.6667 561
14.6833 559
14.7 556
14.7167 554
14.7333 552
14.75 549
14.7667 547
14.7833 545
14.8 542
14.8167 540
14.8333 538
14.85 535
14.8667 533
14.8833 530
14.9 528
14.9167 525
14.9333 523
14.95 520
14.9667 518
14.9833 515
15.0 513
15.0167 510
15.0333 507
15.05 505
15.0667 502
15.0833 500
15.1 497
15.1167 494
15.1333 492
15.15 489
15.1667 486
15.1833 483
15.2 481
15.2167 478
15.2333 475
15.25 472
15.2667 470
15.2833 467
15.3 464
15.3167 461
15.3333 458
15.35 455
15.3667 453
15.3833 450
15.4 447
15.4167 444
15.4333 441
15.45 438
15.4667 435
15.4833 432
15.5 429
15.5167 426
15.5333 423
15.55 420
15.5667 417
15.5833 414
15.6 411
15.6167 408
15.6333 405
15.65 402
15.6667 399
15.6833 396
15.7 393
15.7167 390
15.7333 386
15.75 383
15.7667 380
15.7833 377
15.8 374
15.8167 371
15.8333 367
15.85 364
15.8667 361
15.8833 358
15.9 355
15.9167 351
15.9333 348
15.95 345
15.9667 342
15.9833 338
16.0 335
16.0167 332
16.0333 328
16.05 325
16.0667 322
16.0833 319
16.1 315
16.1167 312
16.1333 309
16.15 305
16.1667 302
16.1833 299
16.2 295
16.2167 292
16.2333 288
16.25 285
16.2667 282
16.2833 278
16.3 275
16.3167 271
16.3333 268
16.35 265
16.3667 261
16.3833 258
16.4 254
16.4167 251
16.4333 248
16.45 244
16.4667 241
16.4833 237
16.5 234
16.5167 230
16.5333 227
16.55 223
16.5667 220
16.5833 217
16.6 213
16.6167 210
16.6333 206
16.65 203
16.6667 199
16.6833 196
16.7 192
16.7167 189
16.7333 186
16.75 182
16.7667 179
16.7833 175
16.8 172
16.8167 168
16.8333 165
16.85 162
16.8667 158
16.8833 155
16.9 151
16.9167 148
16.9333 145
16.95 141
16.9667 138
16.9833 134
