8.0 93
8.0167 96
8.0333 100
8.05 103
8.0667 106
8.0833 109
8.1 112
8.1167 115
8.1333 119
8.15 122
8.1667 125
8.1833 128
8.2 132
8.2167 135
8.2333 138
8.25 142
8.2667 145
8.2833 148
8.3 152
8.3167 155
8.3333 158
8.35 162
8.3667 165
8.3833 169
8.4 172
8.4167 175
8.4333 179
8.45 182
8.4667 185
8.4833 189
8.5 192
8.5167 196
8.5333 199
8.55 202
8.5667 206
8.5833 209
8.6 213
8.6167 216
8.6333 219
8.65 223
8.6667 226
8.6833 230
8.7 233
8.7167 237
8.7333 240
8.75 243
8.7667 247
8.7833 250
8.8 253
8.8167 257
8.8333 260
8.85 264
8.8667 267
8.8833 270
8.9 274
8.9167 277
8.9333 280
8.95 284
8.9667 287
8.9833 291
9.0 294
9.0167 297
9.0333 300
9.05 303
9.0667 307
9.0833 310
9.1 313
9.1167 316
9.1333 320
9.15 323
9.1667 326
9.1833 330
9.2 333
9.2167 336
9.2333 339
9.25 343
9.2667 346
9.2833 349
9.3 352
9.3167 355
9.3333 359
9.35 362
9.3667 365
9.3833 368
9.4 371
9.4167 374
9.4333 378
9.45 381
9.4667 384
9.4833 387
9.5 390
9.5167 393
9.5333 396
9.55 399
9.5667 402
9.5833 405
9.6 408
9.6167 411
9.6333 414
9.65 417
9.6667 420
9.6833 423
9.7 426
9.7167 429
9.7333 432
9.75 435
9.7667 438
9.7833 441
9.8 444
9.8167 447
9.8333 449
9.85 452
9.8667 455
9.8833 458
9.9 461
9.9167 464
9.9333 466
9.95 469
9.9667 472
9.9833 475
10.0 477
10.0167 480
10.0333 483
10.05 485
10.0667 488
10.0833 491
10.1 493
10.1167 496
10.1333 499
10.15 501
10.1667 504
10.1833 506
10.2 509
10.2167 511
10.2333 514
10.25 517
10.2667 519
10.2833 522
10.3 524
10.3167 526
10.3333 529
10.35 531
10.3667 534
10.3833 536
10.4 538
10.4167 541
10.4333 543
10.45 546
10.4667 548
10.4833 550
10.5 552
10.5167 555
10.5333 557
10.55 559
10.5667 561
10.5833 564
10.6 566
10.6167 568
10.6333 570
10.65 572
10.6667 574
10.6833 577
10.7 579
10.7167 581
10.7333 583
10.75 585
10.7667 587
10.7833 589
10.8 591
10.8167 593
10.8333 595
10.85 597
10.8667 599
10.8833 601
10.9 602
10.9167 604
10.9333 606
10.95 608
10.9667 610
10.9833 612
11.0 613
11.0167 615
11.0333 617
11.05 619
11.0667 620
11.0833 622
11.1 624
11.1167 626
11.1333 627
11.15 629
11.1667 630
11.1833 632
11.2 634
11.2167 635
11.2333 637
11.25 638
11.2667 640
11.2833 641
11.3 643
11.3167 644
11.3333 646
11.35 647
11.3667 648
11.3833 650
11.4 651
11.4167 652
11.4333 654
11.45 655
11.4667 656
11.4833 658
11.5 659
11.5167 660
11.5333 661
11.55 663
11.5667 664
11.5833 665
11.6 666
11.6167 667
11.6333 668
11.65 669
11.6667 670
11.6833 671
11.7 672
11.7167 673
11.7333 674
11.75 675
11.7667 676
11.7833 677
11.8 678
11.8167 679
11.8333 680
11.85 681
11.8667 682
11.8833 683
11.9 683
11.9167 684
11.9333 685
11.95 686
11.9667 686
11.9833 687
12.0 688
12.0167 688
12.0333 689
12.05 690
12.0667 690
12.0833 691
12.1 691
12.1167 692
12.1333 693
12.15 693
12.1667 694
12.1833 694
12.2 694
12.2167 695
12.2333 695
12.25 696
12.2667 696
12.2833 696
12.3 697
12.3167 697
12.3333 697
12.35 698
12.3667 698
12.3833 698
12.4 698
12.4167 699
12.4333 699
12.45 699
12.4667 699
12.4833 699
12.5 699
12.5167 699
12.5333 699
12.55 700
12.5667 700
12.5833 700
12.6 700
12.6167 700
12.6333 699
12.65 699
12.6667 699
12.6833 699
12.7 699
12.7167 699
12.7333 699
12.75 699
12.7667 698
12.7833 698
12.8 698
12.8167 698
12.8333 697
12.85 697
12.8667 697
12.8833 696
12.9 696
12.9167 696
12.9333 695
12.95 695
12.9667 694
12.9833 694
13.0 693
13.0167 693
13.0333 692
13.05 692
13.0667 691
13.0833 691
13.1 690
13.1167 690
13.1333 689
13.15 688
13.1667 688
13.1833 687
13.2 686
13.2167 685
13.2333 685
13.25 684
13.2667 683
13.2833 682
13.3 682
13.3167 681
13.3333 680
13.35 679
13.3667 678
13.3833 677
13.4 676
13.4167 675
13.4333 674
13.45 673
13.4667 672
13.4833 671
13.5 670
13.5167 669
13.5333 668
13.55 667
13.5667 666
13.5833 665
13.6 663
13.6167 662
13.6333 661
13.65 660
13.6667 659
13.6833 657
13.7 656
13.7167 655
13.7333 654
13.75 652
13.7667 651
13.7833 649
13.8 648
13.8167 647
13.8333 645
13.85 644
13.8667 642
13.8833 641
13.9 639
13.9167 638
13.9333 636
13.95 635
13.9667 633
13.9833 632
14.0 630
14.0167 628
14.0333 627
14.05 625
14.0667 624
14.0833 622
14.1 620
14.1167 618
14.1333 617
14.15 615
14.1667 613
14.1833 611
14.2 610
14.2167 608
14.2333 606
14.25 604
14.2667 602
14.2833 600
14.3 598
14.3167 596
14.3333 594
14.35 592
14.3667 590
14.3833 588
14.4 586
14.4167 584
14.4333 582
14.45 580
14.4667 578
14.4833 576
14.5 574
14.5167 572
14.5333 570
14.55 568
14.5667 565
14.5833 563
14.6 561
14.6167 559
14.6333 557
14.65 554
14.6667 552
14.6833 550
14.7 547
14.7167 545
14.7333 543
14.75 540
14.7667 538
14.7833 536
14.8 533
14.8167 531
14.8333 528
14.85 526
14.8667 523
14.8833 521
14.9 519
14.9167 516
14.9333 514
14.95 511
14.9667 508
14.9833 506
15.0 503
15.0167 501
15.0333 498
15.05 496
15.0667 493
15.0833 490
15.1 488
15.1167 485
15.1333 482
15.15 480
15.1667 477
15.1833 474
15.2 471
15.2167 469
15.2333 466
15.25 463
15.2667 460
15.2833 457
15.3 455
15.3167 452
15.3333 449
15.35 446
15.3667 443
15.3833 440
15.4 437
15.4167 435
15.4333 432
15.45 429
15.4667 426
15.4833 423
15.5 420
15.5167 417
15.5333 414
15.55 411
15.5667 408
15.5833 405
15.6 402
15.6167 399
15.6333 396
15.65 393
15.6667 389
15.6833 386
15.7 383
15.7167 380
15.7333 377
15.75 374
15.7667 371
15.7833 368
15.8 364
15.8167 361
15.8333 358
15.85 355
15.8667 352
15.8833 349
15.9 345
15.9167 342
15.9333 339
15.95 336
15.9667 332
15.9833 329
16.0 326
16.0167 323
16.0333 319
16.05 316
16.0667 313
16.0833 309
16.1 306
16.1167 303
16.1333 299
16.15 296
16.1667 293
16.1833 289
16.2 286
16.2167 283
16.2333 279
16.25 276
16.2667 273
16.2833 269
16.3 266
16.3167 263
16.3333 259
16.35 256
16.3667 252
16.3833 249
16.4 246
16.4167 242
16.4333 239
16.45 235
16.4667 232
16.4833 229
16.5 225
16.5167 222
16.5333 218
16.55 215
16.5667 212
16.5833 208
16.6 205
16.6167 201
16.6333 198
16.65 195
16.6667 191
16.6833 188
16.7 184
16.7167 181
16.7333 178
16.75 174
16.7667 171
16.7833 167
16.8 164
16.8167 161
16.8333 157
16.85 154
16.8667 151
16.8833 147
16.9 144
16.9167 141
16.9333 137
16.95 134
16.9667 131
16.9833 127
