8.0 111
8.0167 114
8.0333 117
8.05 120
8.0667 124
8.0833 127
8.1 130
8.1167 134
8.1333 137
8.15 140
8.1667 144
8.1833 147
8.2 150
8.2167 154
8.2333 157
8.25 160
8.2667 164
8.2833 167
8.3 170
8.3167 174
8.3333 177
8.35 181
8.3667 184
8.3833 188
8.4 191
8.4167 194
8.4333 198
8.45 201
8.4667 205
8.4833 208
8.5 212
8.5167 215
8.5333 218
8.55 222
8.5667 225
8.5833 229
8.6 232
8.6167 236
8.6333 239
8.65 242
8.6667 246
8.6833 249
8.7 253
8.7167 256
8.7333 260
8.75 263
8.7667 266
8.7833 270
8.8 273
8.8167 277
8.8333 280
8.85 283
8.8667 287
8.8833 290
8.9 294
8.9167 297
8.9333 300
8.95 304
8.9667 307
8.9833 310
9.0 314
9.0167 316
9.0333 320
9.05 323
9.0667 326
9.0833 330
9.1 333
9.1167 336
9.1333 339
9.15 343
9.1667 346
9.1833 349
9.2 352
9.2167 356
9.2333 359
9.25 362
9.2667 365
9.2833 369
9.3 372
9.3167 375
9.3333 378
9.35 381
9.3667 384
9.3833 388
9.4 391
9.4167 394
9.4333 397
9.45 400
9.4667 403
9.4833 406
9.5 409
9.5167 412
9.5333 415
9.55 418
9.5667 421
9.5833 424
9.6 427
9.6167 430
9.6333 433
9.65 436
9.6667 439
9.6833 442
9.7 445
9.7167 448
9.7333 451
9.75 454
9.7667 457
9.7833 460
9.8 463
9.8167 465
9.8333 468
9.85 471
9.8667 474
9.8833 477
9.9 479
9.9167 482
9.9333 485
9.95 488
9.9667 490
9.9833 493
10.0 496
10.0167 498
10.0333 501
10.05 504
10.0667 506
10.0833 509
10.1 512
10.1167 514
10.1333 517
10.15 519
10.1667 522
10.1833 524
10.2 527
10.2167 529
10.2333 532
10.25 534
10.2667 537
10.2833 539
10.3 542
10.3167 544
10.3333 547
10.35 549
10.3667 551
10.3833 554
10.4 556
10.4167 558
10.4333 561
10.45 563
10.4667 565
10.4833 567
10.5 570
10.5167 572
10.5333 574
10.55 576
10.5667 579
10.5833 581
10.6 583
10.6167 585
10.6333 587
10.65 589
10.6667 591
10.6833 593
10.7 595
10.7167 597
10.7333 599
10.75 601
10.7667 603
10.7833 605
10.8 607
10.8167 609
10.8333 611
10.85 613
10.8667 615
10.8833 617
10.9 619
10.9167 620
10.9333 622
10.95 624
10.9667 626
10.9833 628
11.0 629
11.0167 631
11.0333 633
11.05 634
11.0667 636
11.0833 638
11.1 639
11.1167 641
11.1333 643
11.15 644
11.1667 646
11.1833 647
11.2 649
11.2167 650
11.2333 652
11.25 653
11.2667 655
11.2833 656
11.3 658
11.3167 659
11.3333 660
11.35 662
11.3667 663
11.3833 664
11.4 666
11.4167 667
11.4333 668
11.45 669
11.4667 671
11.4833 672
11.5 673
11.5167 674
11.5333 675
11.55 677
11.5667 678
11.5833 679
11.6 680
11.6167 681
11.6333 682
11.65 683
11.6667 684
11.6833 685
11.7 686
11.7167 687
11.7333 688
11.75 689
11.7667 690
11.7833 690
11.8 691
11.8167 692
11.8333 693
11.85 694
11.8667 694
11.8833 695
11.9 696
11.9167 697
11.9333 697
11.95 698
11.9667 699
11.9833 699
12.0 700
12.0167 701
12.0333 701
12.05 702
12.0667 702
12.0833 703
12.1 703
12.1167 704
12.1333 704
12.15 705
12.1667 705
12.1833 706
12.2 706
12.2167 706
12.2333 707
12.25 707
12.2667 707
12.2833 708
12.3 708
12.3167 708
12.3333 708
12.35 709
12.3667 709
12.3833 709
12.4 709
12.4167 709
12.4333 709
12.45 709
12.4667 710
12.4833 710
12.5 710
12.5167 710
12.5333 710
12.55 710
12.5667 710
12.5833 709
12.6 709
12.6167 709
12.6333 709
12.65 709
12.6667 709
12.6833 709
12.7 709
12.7167 708
12.7333 708
12.75 708
12.7667 708
12.7833 707
12.8 707
12.8167 707
12.8333 706
12.85 706
12.8667 705
12.8833 705
12.9 705
12.9167 704
12.9333 704
12.95 703
12.9667 703
12.9833 702
13.0 702
13.0167 701
13.0333 700
13.05 700
13.0667 699
13.0833 699
13.1 698
13.1167 697
13.1333 697
13.15 696
13.1667 695
13.1833 694
13.2 694
13.2167 693
13.2333 692
13.25 691
13.2667 690
13.2833 689
13.3 689
13.3167 688
13.3333 687
13.35 686
13.3667 685
13.3833 684
13.4 683
13.4167 682
13.4333 681
13.45 680
13.4667 679
13.4833 677
13.5 676
13.5167 675
13.5333 674
13.55 673
13.5667 672
13.5833 670
13.6 669
13.6167 668
13.6333 667
13.65 665
13.6667 664
13.6833 663
13.7 661
13.7167 660
13.7333 659
13.75 657
13.7667 656
13.7833 654
13.8 653
13.8167 651
13.8333 650
13.85 648
13.8667 647
13.8833 645
13.9 644
13.9167 642
13.9333 641
13.95 639
13.9667 637
13.9833 636
14.0 634
14.0167 632
14.0333 631
14.05 629
14.0667 627
14.0833 625
14.1 624
14.1167 622
14.1333 620
14.15 618
14.1667 616
14.1833 615
14.2 613
14.2167 611
14.2333 609
14.25 607
14.2667 605
14.2833 603
14.3 601
14.3167 599
14.3333 597
14.35 595
14.3667 593
14.3833 591
14.4 589
14.4167 587
14.4333 585
14.45 582
14.4667 580
14.4833 578
14.5 576
14.5167 574
14.5333 572
14.55 569
14.5667 567
14.5833 565
14.6 563
14.6167 560
14.6333 558
14.65 556
14.6667 553
14.6833 551
14.7 549
14.7167 546
14.7333 544
14.75 541
14.7667 539
14.7833 536
14.8 534
14.8167 532
14.8333 529
14.85 527
14.8667 524
14.8833 521
14.9 519
14.9167 516
14.9333 514
14.95 511
14.9667 509
14.9833 506
15.0 503
15.0167 500
15.0333 498
15.05 495
15.0667 492
15.0833 490
15.1 487
15.1167 484
15.1333 482
15.15 479
15.1667 476
15.1833 473
15.2 470
15.2167 468
15.2333 465
15.25 462
15.2667 459
15.2833 456
15.3 453
15.3167 450
15.3333 447
15.35 445
15.3667 442
15.3833 439
15.4 436
15.4167 433
15.4333 430
15.45 427
15.4667 424
15.4833 421
15.5 418
15.5167 415
15.5333 412
15.55 409
15.5667 406
15.5833 402
15.6 399
15.6167 396
15.6333 393
15.65 390
15.6667 387
15.6833 384
15.7 381
15.7167 377
15.7333 374
15.75 371
15.7667 368
15.7833 365
15.8 361
15.8167 358
15.8333 355
15.85 352
15.8667 349
15.8833 345
15.9 342
15.9167 339
15.9333 335
15.95 332
15.9667 329
15.9833 326
16.0 322
16.0167 319
16.0333 316
16.05 312
16.0667 309
16.0833 306
16.1 302
16.1167 299
16.1333 296
16.15 292
16.1667 289
16.1833 285
16.2 282
16.2167 279
16.2333 275
16.25 272
16.2667 268
16.2833 265
16.3 262
16.3167 258
16.3333 255
16.35 251
16.3667 248
16.3833 245
16.4 241
16.4167 238
16.4333 234
16.45 231
16.4667 227
16.4833 224
16.5 221
16.5167 217
16.5333 214
16.55 210
16.5667 207
16.5833 203
16.6 200
16.6167 196
16.6333 193
16.65 190
16.6667 186
16.6833 183
16.7 179
16.7167 176
16.7333 173
16.75 169
16.7667 166
16.7833 162
16.8 159
16.8167 156
16.8333 152
16.85 149
16.8667 146
16.8833 142
16.9 139
16.9167 136
16.9333 132
16.95 129
16.9667 126
16.9833 122
