8.0 64
8.0167 67
8.0333 70
8.05 73
8.0667 76
8.0833 79
8.1 82
8.1167 85
8.1333 88
8.15 91
8.1667 94
8.1833 97
8.2 101
8.2167 104
8.2333 107
8.25 110
8.2667 114
8.2833 117
8.3 120
8.3167 124
8.3333 127
8.35 130
8.3667 134
8.3833 137
8.4 140
8.4167 144
8.4333 147
8.45 151
8.4667 154
8.4833 158
8.5 161
8.5167 165
8.5333 168
8.55 172
8.5667 175
8.5833 179
8.6 182
8.6167 186
8.6333 189
8.65 193
8.6667 196
8.6833 200
8.7 203
8.7167 207
8.7333 211
8.75 214
8.7667 218
8.7833 221
8.8 225
8.8167 228
8.8333 232
8.85 236
8.8667 239
8.8833 243
8.9 246
8.9167 250
8.9333 253
8.95 257
8.9667 260
8.9833 264
9.0 268
9.0167 271
9.0333 275
9.05 279
9.0667 282
9.0833 286
9.1 289
9.1167 293
9.1333 296
9.15 300
9.1667 303
9.1833 307
9.2 310
9.2167 314
9.2333 317
9.25 321
9.2667 324
9.2833 328
9.3 331
9.3167 335
9.3333 338
9.35 341
9.3667 345
9.3833 348
9.4 352
9.4167 355
9.4333 359
9.45 362
9.4667 365
9.4833 369
9.5 372
9.5167 376
9.5333 379
9.55 382
9.5667 386
9.5833 389
9.6 392
9.6167 395
9.6333 399
9.65 402
9.6667 405
9.6833 409
9.7 412
9.7167 415
9.7333 418
9.75 422
9.7667 425
9.7833 428
9.8 431
9.8167 434
9.8333 438
9.85 441
9.8667 444
9.8833 447
9.9 450
9.9167 453
9.9333 456
9.95 459
9.9667 463
9.9833 466
10.0 469
10.0167 472
10.0333 475
10.05 478
10.0667 481
10.0833 484
10.1 487
10.1167 490
10.1333 493
10.15 496
10.1667 498
10.1833 501
10.2 504
10.2167 507
10.2333 510
10.25 513
10.2667 516
10.2833 519
10.3 521
10.3167 524
10.3333 527
10.35 530
10.3667 532
10.3833 535
10.4 538
10.4167 541
10.4333 543
10.45 546
10.4667 549
10.4833 551
10.5 554
10.5167 557
10.5333 559
10.55 562
10.5667 564
10.5833 567
10.6 569
10.6167 572
10.6333 575
10.65 577
10.6667 580
10.6833 582
10.7 584
10.7167 587
10.7333 589
10.75 592
10.7667 594
10.7833 596
10.8 599
10.8167 601
10.8333 603
10.85 606
10.8667 608
10.8833 610
10.9 613
10.9167 615
10.9333 617
10.95 619
10.9667 621
10.9833 624
11.0 626
11.0167 628
11.0333 630
11.05 632
11.0667 634
11.0833 636
11.1 638
11.1167 640
11.1333 642
11.15 644
11.1667 646
11.1833 648
11.2 650
11.2167 652
11.2333 654
11.25 656
11.2667 658
11.2833 660
11.3 662
11.3167 664
11.3333 665
11.35 667
11.3667 669
11.3833 671
11.4 672
11.4167 674
11.4333 676
11.45 677
11.4667 679
11.4833 681
11.5 682
11.5167 684
11.5333 686
11.55 687
11.5667 689
11.5833 690
11.6 692
11.6167 693
11.6333 695
11.65 696
11.6667 698
11.6833 699
11.7 700
11.7167 702
11.7333 703
11.75 705
11.7667 706
11.7833 707
11.8 708
11.8167 710
11.8333 711
11.85 712
11.8667 713
11.8833 715
11.9 716
11.9167 717
11.9333 718
11.95 719
11.9667 720
11.9833 721
12.0 722
12.0167 724
12.0333 725
12.05 726
12.0667 727
12.0833 727
12.1 728
12.1167 729
12.1333 730
12.15 731
12.1667 732
12.1833 733
12.2 734
12.2167 734
12.2333 735
12.25 736
12.2667 737
12.2833 737
12.3 738
12.3167 739
12.3333 740
12.35 740
12.3667 741
12.3833 741
12.4 742
12.4167 743
12.4333 743
12.45 744
12.4667 744
12.4833 745
12.5 745
12.5167 746
12.5333 746
12.55 746
12.5667 747
12.5833 747
12.6 748
12.6167 748
12.6333 748
12.65 748
12.6667 749
12.6833 749
12.7 749
12.7167 749
12.7333 750
12.75 750
12.7667 750
12.7833 750
12.8 750
12.8167 750
12.8333 750
12.85 750
12.8667 750
12.8833 750
12.9 750
12.9167 750
12.9333 750
12.95 750
12.9667 750
12.9833 750
13.0 750
13.0167 750
13.0333 750
13.05 749
13.0667 749
13.0833 749
13.1 749
13.1167 749
13.1333 748
13.15 748
13.1667 748
13.1833 747
13.2 747
13.2167 746
13.2333 746
13.25 746
13.2667 745
13.2833 745
13.3 744
13.3167 744
13.3333 743
13.35 743
13.3667 742
13.3833 741
13.4 741
13.4167 740
13.4333 740
13.45 739
13.4667 738
13.4833 738
13.5 737
13.5167 736
13.5333 735
13.55 735
13.5667 734
13.5833 733
13.6 732
13.6167 731
13.6333 730
13.65 729
13.6667 728
13.6833 728
13.7 727
13.7167 726
13.7333 725
13.75 724
13.7667 723
13.7833 721
13.8 720
13.8167 719
13.8333 718
13.85 717
13.8667 716
13.8833 715
13.9 714
13.9167 712
13.9333 711
13.95 710
13.9667 709
13.9833 707
14.0 706
14.0167 705
14.0333 703
14.05 702
14.0667 701
14.0833 699
14.1 698
14.1167 696
14.1333 695
14.15 693
14.1667 692
14.1833 690
14.2 689
14.2167 687
14.2333 686
14.25 684
14.2667 683
14.2833 681
14.3 679
14.3167 678
14.3333 676
14.35 674
14.3667 673
14.3833 671
14.4 669
14.4167 667
14.4333 665
14.45 664
14.4667 662
14.4833 660
14.5 658
14.5167 656
14.5333 654
14.55 652
14.5667 651
14.5833 649
14.6 647
14.6167 645
14.6333 643
14.65 641
14.6667 639
14.6833 637
14.7 634
14.7167 632
14.7333 630
14.75 628
14.7667 626
14.7833 624
14.8 622
14.8167 619
14.8333 617
14.85 615
14.8667 613
14.8833 611
14.9 608
14.9167 606
14.9333 604
14.95 601
14.9667 599
14.9833 597
15.0 595
15.0167 593
15.0333 590
15.05 588
15.0667 586
15.0833 583
15.1 581
15.1167 578
15.1333 576
15.15 573
15.1667 571
15.1833 568
15.2 566
15.2167 563
15.2333 560
15.25 558
15.2667 555
15.2833 552
15.3 550
15.3167 547
15.3333 544
15.35 542
15.3667 539
15.3833 536
15.4 534
15.4167 531
15.4333 528
15.45 525
15.4667 522
15.4833 520
15.5 517
15.5167 514
15.5333 511
15.55 508
15.5667 505
15.5833 503
15.6 500
15.6167 497
15.6333 494
15.65 491
15.6667 488
15.6833 485
15.7 482
15.7167 479
15.7333 476
15.75 473
15.7667 470
15.7833 467
15.8 464
15.8167 461
15.8333 458
15.85 454
15.8667 451
15.8833 448
15.9 445
15.9167 442
15.9333 439
15.95 436
15.9667 432
15.9833 429
16.0 426
16.0167 423
16.0333 420
16.05 416
16.0667 413
16.0833 410
16.1 407
16.1167 403
16.1333 400
16.15 397
16.1667 393
16.1833 390
16.2 387
16.2167 383
16.2333 380
16.25 377
16.2667 373
16.2833 370
16.3 367
16.3167 363
16.3333 360
16.35 356
16.3667 353
16.3833 350
16.4 346
16.4167 343
16.4333 339
16.45 336
16.4667 332
16.4833 329
16.5 325
16.5167 322
16.5333 318
16.55 315
16.5667 311
16.5833 308
16.6 304
16.6167 301
16.6333 297
16.65 294
16.6667 290
16.6833 287
16.7 283
16.7167 280
16.7333 276
16.75 273
16.7667 269
16.7833 266
16.8 262
16.8167 258
16.8333 255
16.85 251
16.8667 248
16.8833 244
16.9 241
16.9167 237
16.9333 233
16.95 230
16.9667 226
16.9833 223
