8.0 58
8.0167 61
8.0333 63
8.05 66
8.0667 69
8.0833 71
8.1 74
8.1167 77
8.1333 80
8.15 83
8.1667 86
8.1833 89
8.2 92
8.2167 95
8.2333 98
8.25 101
8.2667 104
8.2833 107
8.3 110
8.3167 113
8.3333 117
8.35 120
8.3667 123
8.3833 126
8.4 129
8.4167 132
8.4333 136
8.45 139
8.4667 142
8.4833 146
8.5 149
8.5167 152
8.5333 156
8.55 159
8.5667 162
8.5833 166
8.6 169
8.6167 172
8.6333 176
8.65 179
8.6667 183
8.6833 186
8.7 190
8.7167 193
8.7333 196
8.75 200
8.7667 203
8.7833 207
8.8 210
8.8167 214
8.8333 217
8.85 220
8.8667 224
8.8833 227
8.9 231
8.9167 234
8.9333 238
8.95 241
8.9667 245
8.9833 248
9.0 252
9.0167 255
9.0333 259
9.05 262
9.0667 266
9.0833 269
9.1 273
9.1167 276
9.1333 279
9.15 283
9.1667 286
9.1833 290
9.2 293
9.2167 297
9.2333 300
9.25 303
9.2667 307
9.2833 310
9.3 314
9.3167 317
9.3333 320
9.35 324
9.3667 327
9.3833 330
9.4 334
9.4167 337
9.4333 340
9.45 344
9.4667 347
9.4833 350
9.5 354
9.5167 357
9.5333 360
9.55 364
9.5667 367
9.5833 370
9.6 373
9.6167 377
9.6333 380
9.65 383
9.6667 386
9.6833 389
9.7 393
9.7167 396
9.7333 399
9.75 402
9.7667 405
9.7833 409
9.8 412
9.8167 415
9.8333 418
9.85 421
9.8667 424
9.8833 427
9.9 430
9.9167 433
9.9333 436
9.95 439
9.9667 442
9.9833 445
10.0 448
10.0167 451
10.0333 454
10.05 457
10.0667 460
10.0833 463
10.1 466
10.1167 469
10.1333 472
10.15 475
10.1667 478
10.1833 481
10.2 484
10.2167 486
10.2333 489
10.25 492
10.2667 495
10.2833 498
10.3 500
10.3167 503
10.3333 506
10.35 509
10.3667 511
10.3833 514
10.4 517
10.4167 519
10.4333 522
10.45 525
10.4667 527
10.4833 530
10.5 533
10.5167 535
10.5333 538
10.55 540
10.5667 543
10.5833 545
10.6 548
10.6167 550
10.6333 553
10.65 555
10.6667 558
10.6833 560
10.7 563
10.7167 565
10.7333 567
10.75 570
10.7667 572
10.7833 574
10.8 577
10.8167 579
10.8333 581
10.85 584
10.8667 586
10.8833 588
10.9 590
10.9167 593
10.9333 595
10.95 597
10.9667 599
10.9833 601
11.0 603
11.0167 606
11.0333 608
11.05 610
11.0667 612
11.0833 614
11.1 616
11.1167 618
11.1333 620
11.15 622
11.1667 624
11.1833 626
11.2 628
11.2167 630
11.2333 631
11.25 633
11.2667 635
11.2833 637
11.3 639
11.3167 641
11.3333 642
11.35 644
11.3667 646
11.3833 648
11.4 649
11.4167 651
11.4333 653
11.45 654
11.4667 656
11.4833 658
11.5 659
11.5167 661
11.5333 662
11.55 664
11.5667 665
11.5833 667
11.6 668
11.6167 670
11.6333 671
11.65 673
11.6667 674
11.6833 676
11.7 677
11.7167 678
11.7333 680
11.75 681
11.7667 682
11.7833 684
11.8 685
11.8167 686
11.8333 687
11.85 689
11.8667 690
11.8833 691
11.9 692
11.9167 693
11.9333 694
11.95 695
11.9667 697
11.9833 698
12.0 699
12.0167 700
12.0333 701
12.05 702
12.0667 703
12.0833 704
12.1 704
12.1167 705
12.1333 706
12.15 707
12.1667 708
12.1833 709
12.2 710
12.2167 710
12.2333 711
12.25 712
12.2667 713
12.2833 713
12.3 714
12.3167 715
12.3333 715
12.35 716
12.3667 717
12.3833 717
12.4 718
12.4167 718
12.4333 719
12.45 719
12.4667 720
12.4833 720
12.5 721
12.5167 721
12.5333 722
12.55 722
12.5667 722
12.5833 723
12.6 723
12.6167 723
12.6333 724
12.65 724
12.6667 724
12.6833 725
12.7 725
12.7167 725
12.7333 725
12.75 725
12.7667 725
12.7833 726
12.8 726
12.8167 726
12.8333 726
12.85 726
12.8667 726
12.8833 726
12.9 726
12.9167 726
12.9333 726
12.95 726
12.9667 726
12.9833 725
13.0 725
13.0167 725
13.0333 725
13.05 725
13.0667 725
13.0833 724
13.1 724
13.1167 724
13.1333 723
13.15 723
13.1667 723
13.1833 722
13.2 722
13.2167 722
13.2333 721
13.25 721
13.2667 720
13.2833 720
13.3 719
13.3167 719
13.3333 718
13.35 718
13.3667 717
13.3833 717
13.4 716
13.4167 715
13.4333 715
13.45 714
13.4667 713
13.4833 713
13.5 712
13.5167 711
13.5333 710
13.55 710
13.5667 709
13.5833 708
13.6 707
13.6167 706
13.6333 705
13.65 704
13.6667 704
13.6833 703
13.7 702
13.7167 701
13.7333 700
13.75 699
13.7667 698
13.7833 697
13.8 695
13.8167 694
13.8333 693
13.85 692
13.8667 691
13.8833 690
13.9 689
13.9167 687
13.9333 686
13.95 685
13.9667 684
13.9833 682
14.0 681
14.0167 680
14.0333 678
14.05 677
14.0667 676
14.0833 674
14.1 673
14.1167 671
14.1333 670
14.15 668
14.1667 667
14.1833 665
14.2 664
14.2167 662
14.2333 661
14.25 659
14.2667 658
14.2833 656
14.3 654
14.3167 653
14.3333 651
14.35 649
14.3667 648
14.3833 646
14.4 644
14.4167 642
14.4333 641
14.45 639
14.4667 637
14.4833 635
14.5 633
14.5167 631
14.5333 630
14.55 628
14.5667 626
14.5833 624
14.6 622
14.6167 620
14.6333 618
14.65 616
14.6667 614
14.6833 612
14.7 610
14.7167 608
14.7333 606
14.75 603
14.7667 601
14.7833 599
14.8 597
14.8167 595
14.8333 593
14.85 590
14.8667 588
14.8833 586
14.9 584
14.9167 581
14.9333 579
14.95 577
14.9667 574
14.9833 572
15.0 571
15.0167 568
15.0333 566
15.05 564
15.0667 561
15.0833 559
15.1 556
15.1167 554
15.1333 551
15.15 549
15.1667 546
15.1833 544
15.2 541
15.2167 539
15.2333 536
15.25 533
15.2667 531
15.2833 528
15.3 526
15.3167 523
15.3333 520
15.35 518
15.3667 515
15.3833 512
15.4 510
15.4167 507
15.4333 504
15.45 501
15.4667 499
15.4833 496
15.5 493
15.5167 490
15.5333 487
15.55 484
15.5667 482
15.5833 479
15.6 476
15.6167 473
15.6333 470
15.65 467
15.6667 464
15.6833 461
15.7 458
15.7167 455
15.7333 452
15.75 449
15.7667 446
15.7833 443
15.8 440
15.8167 437
15.8333 434
15.85 431
15.8667 428
15.8833 425
15.9 422
15.9167 419
15.9333 416
15.95 413
15.9667 409
15.9833 406
16.0 403
16.0167 400
16.0333 397
16.05 394
16.0667 390
16.0833 387
16.1 384
16.1167 381
16.1333 377
16.15 374
16.1667 371
16.1833 368
16.2 364
16.2167 361
16.2333 358
16.25 355
16.2667 351
16.2833 348
16.3 345
16.3167 341
16.3333 338
16.35 335
16.3667 331
16.3833 328
16.4 325
16.4167 321
16.4333 318
16.45 314
16.4667 311
16.4833 308
16.5 304
16.5167 301
16.5333 297
16.55 294
16.5667 291
16.5833 287
16.6 284
16.6167 280
16.6333 277
16.65 273
16.6667 270
16.6833 267
16.7 263
16.7167 260
16.7333 256
16.75 253
16.7667 249
16.7833 246
16.8 242
16.8167 239
16.8333 235
16.85 232
16.8667 228
16.8833 225
16.9 222
16.9167 218
16.9333 215
16.95 211
16.9667 208
16.9833 204
