8.0 72
8.0167 75
8.0333 78
8.05 81
8.0667 84
8.0833 87
8.1 90
8.1167 93
8.1333 96
8.15 99
8.1667 103
8.1833 106
8.2 109
8.2167 113
8.2333 116
8.25 119
8.2667 123
8.2833 126
8.3 129
8.3167 133
8.3333 136
8.35 140
8.3667 143
8.3833 147
8.4 150
8.4167 154
8.4333 157
8.45 161
8.4667 164
8.4833 168
8.5 171
8.5167 175
8.5333 178
8.55 182
8.5667 185
8.5833 189
8.6 193
8.6167 196
8.6333 200
8.65 203
8.6667 207
8.6833 211
8.7 214
8.7167 218
8.7333 221
8.75 225
8.7667 229
8.7833 232
8.8 236
8.8167 240
8.8333 243
8.85 247
8.8667 250
8.8833 254
8.9 258
8.9167 261
8.9333 265
8.95 269
8.9667 272
8.9833 276
9.0 279
9.0167 284
9.0333 287
9.05 291
9.0667 294
9.0833 298
9.1 302
9.1167 305
9.1333 309
9.15 312
9.1667 316
9.1833 319
9.2 323
9.2167 327
9.2333 330
9.25 334
9.2667 337
9.2833 341
9.3 344
9.3167 348
9.3333 351
9.35 355
9.3667 358
9.3833 362
9.4 365
9.4167 369
9.4333 372
9.45 376
9.4667 379
9.4833 383
9.5 386
9.5167 389
9.5333 393
9.55 396
9.5667 400
9.5833 403
9.6 406
9.6167 410
9.6333 413
9.65 416
9.6667 420
9.6833 423
9.7 426
9.7167 430
9.7333 433
9.75 436
9.7667 440
9.7833 443
9.8 446
9.8167 449
9.8333 453
9.85 456
9.8667 459
9.8833 462
9.9 465
9.9167 469
9.9333 472
9.95 475
9.9667 478
9.9833 481
10.0 484
10.0167 487
10.0333 490
10.05 494
10.0667 497
10.0833 500
10.1 503
10.1167 506
10.1333 509
10.15 512
10.1667 515
10.1833 518
10.2 521
10.2167 524
10.2333 526
10.25 529
10.2667 532
10.2833 535
10.3 538
10.3167 541
10.3333 544
10.35 547
10.3667 549
10.3833 552
10.4 555
10.4167 558
10.4333 560
10.45 563
10.4667 566
10.4833 569
10.5 571
10.5167 574
10.5333 577
10.55 579
10.5667 582
10.5833 585
10.6 587
10.6167 590
10.6333 592
10.65 595
10.6667 597
10.6833 600
10.7 602
10.7167 605
10.7333 607
10.75 610
10.7667 612
10.7833 615
10.8 617
10.8167 620
10.8333 622
10.85 624
10.8667 627
10.8833 629
10.9 631
10.9167 634
10.9333 636
10.95 638
10.9667 640
10.9833 643
11.0 645
11.0167 647
11.0333 649
11.05 651
11.0667 653
11.0833 656
11.1 658
11.1167 660
11.1333 662
11.15 664
11.1667 666
11.1833 668
11.2 670
11.2167 672
11.2333 674
11.25 676
11.2667 678
11.2833 680
11.3 682
11.3167 683
11.3333 685
11.35 687
11.3667 689
11.3833 691
11.4 693
11.4167 694
11.4333 696
11.45 698
11.4667 700
11.4833 701
11.5 703
11.5167 705
11.5333 706
11.55 708
11.5667 709
11.5833 711
11.6 713
11.6167 714
11.6333 716
11.65 717
11.6667 719
11.6833 720
11.7 722
11.7167 723
11.7333 724
11.75 726
11.7667 727
11.7833 728
11.8 730
11.8167 731
11.8333 732
11.85 734
11.8667 735
11.8833 736
11.9 737
11.9167 739
11.9333 740
11.95 741
11.9667 742
11.9833 743
12.0 744
12.0167 745
12.0333 746
12.05 748
12.0667 749
12.0833 750
12.1 751
12.1167 752
12.1333 752
12.15 753
12.1667 754
12.1833 755
12.2 756
12.2167 757
12.2333 758
12.25 759
12.2667 759
12.2833 760
12.3 761
12.3167 762
12.3333 762
12.35 763
12.3667 764
12.3833 764
12.4 765
12.4167 766
12.4333 766
12.45 767
12.4667 767
12.4833 768
12.5 768
12.5167 769
12.5333 769
12.55 770
12.5667 770
12.5833 770
12.6 771
12.6167 771
12.6333 772
12.65 772
12.6667 772
12.6833 773
12.7 773
12.7167 773
12.7333 773
12.75 773
12.7667 774
12.7833 774
12.8 774
12.8167 774
12.8333 774
12.85 774
12.8667 774
12.8833 774
12.9 774
12.9167 774
12.9333 774
12.95 774
12.9667 774
12.9833 774
13.0 774
13.0167 774
13.0333 774
13.05 774
13.0667 774
13.0833 773
13.1 773
13.1167 773
13.1333 773
13.15 772
13.1667 772
13.1833 772
13.2 771
13.2167 771
13.2333 771
13.25 770
13.2667 770
13.2833 769
13.3 769
13.3167 768
13.3333 768
13.35 767
13.3667 767
13.3833 766
13.4 766
13.4167 765
13.4333 765
13.45 764
13.4667 763
13.4833 763
13.5 762
13.5167 761
13.5333 760
13.55 760
13.5667 759
13.5833 758
13.6 757
13.6167 756
13.6333 756
13.65 755
13.6667 754
13.6833 753
13.7 752
13.7167 751
13.7333 750
13.75 749
13.7667 748
13.7833 747
13.8 746
13.8167 745
13.8333 744
13.85 743
13.8667 741
13.8833 740
13.9 739
13.9167 738
13.9333 737
13.95 735
13.9667 734
13.9833 733
14.0 732
14.0167 730
14.0333 729
14.05 728
14.0667 726
14.0833 725
14.1 723
14.1167 722
14.1333 721
14.15 719
14.1667 718
14.1833 716
14.2 715
14.2167 713
14.2333 712
14.25 710
14.2667 708
14.2833 707
14.3 705
14.3167 704
14.3333 702
14.35 700
14.3667 698
14.3833 697
14.4 695
14.4167 693
14.4333 691
14.45 690
14.4667 688
14.4833 686
14.5 684
14.5167 682
14.5333 680
14.55 678
14.5667 677
14.5833 675
14.6 673
14.6167 671
14.6333 669
14.65 667
14.6667 665
14.6833 663
14.7 661
14.7167 658
14.7333 656
14.75 654
14.7667 652
14.7833 650
14.8 648
14.8167 646
14.8333 643
14.85 641
14.8667 639
14.8833 637
14.9 634
14.9167 632
14.9333 630
14.95 627
14.9667 625
14.9833 623
15.0 621
15.0167 619
15.0333 617
15.05 614
15.0667 612
15.0833 609
15.1 607
15.1167 604
15.1333 602
15.15 599
15.1667 597
15.1833 594
15.2 592
15.2167 589
15.2333 587
15.25 584
15.2667 581
15.2833 579
15.3 576
15.3167 573
15.3333 571
15.35 568
15.3667 565
15.3833 562
15.4 560
15.4167 557
15.4333 554
15.45 551
15.4667 549
15.4833 546
15.5 543
15.5167 540
15.5333 537
15.55 534
15.5667 531
15.5833 529
15.6 526
15.6167 523
15.6333 520
15.65 517
15.6667 514
15.6833 511
15.7 508
15.7167 505
15.7333 502
15.75 499
15.7667 496
15.7833 493
15.8 489
15.8167 486
15.8333 483
15.85 480
15.8667 477
15.8833 474
15.9 471
15.9167 468
15.9333 464
15.95 461
15.9667 458
15.9833 455
16.0 452
16.0167 448
16.0333 445
16.05 442
16.0667 439
16.0833 435
16.1 432
16.1167 429
16.1333 425
16.15 422
16.1667 419
16.1833 415
16.2 412
16.2167 409
16.2333 405
16.25 402
16.2667 398
16.2833 395
16.3 392
16.3167 388
16.3333 385
16.35 381
16.3667 378
16.3833 374
16.4 371
16.4167 368
16.4333 364
16.45 361
16.4667 357
16.4833 354
16.5 350
16.5167 347
16.5333 343
16.55 339
16.5667 336
16.5833 332
16.6 329
16.6167 325
16.6333 322
16.65 318
16.6667 315
16.6833 311
16.7 307
16.7167 304
16.7333 300
16.75 297
16.7667 293
16.7833 289
16.8 286
16.8167 282
16.8333 279
16.85 275
16.8667 271
16.8833 268
16.9 264
16.9167 261
16.9333 257
16.95 253
16.9667 250
16.9833 246
