8.0 60
8.0167 63
8.0333 65
8.05 68
8.0667 71
8.0833 74
8.1 77
8.1167 80
8.1333 83
8.15 86
8.1667 89
8.1833 92
8.2 95
8.2167 98
8.2333 101
8.25 105
8.2667 108
8.2833 111
8.3 114
8.3167 118
8.3333 121
8.35 124
8.3667 127
8.3833 131
8.4 134
8.4167 137
8.4333 141
8.45 144
8.4667 148
8.4833 151
8.5 154
8.5167 158
8.5333 161
8.55 165
8.5667 168
8.5833 171
8.6 175
8.6167 178
8.6333 182
8.65 185
8.6667 189
8.6833 192
8.7 196
8.7167 199
8.7333 203
8.75 206
8.7667 210
8.7833 213
8.8 217
8.8167 220
8.8333 224
8.85 227
8.8667 231
8.8833 234
8.9 237
8.9167 241
8.9333 244
8.95 248
8.9667 251
8.9833 255
9.0 258
9.0167 262
9.0333 265
9.05 269
9.0667 272
9.0833 276
9.1 279
9.1167 283
9.1333 286
9.15 290
9.1667 293
9.1833 297
9.2 300
9.2167 303
9.2333 307
9.25 310
9.2667 314
9.2833 317
9.3 320
9.3167 324
9.3333 327
9.35 331
9.3667 334
9.3833 337
9.4 341
9.4167 344
9.4333 347
9.45 351
9.4667 354
9.4833 357
9.5 361
9.5167 364
9.5333 367
9.55 370
9.5667 374
9.5833 377
9.6 380
9.6167 383
9.6333 387
9.65 390
9.6667 393
9.6833 396
9.7 399
9.7167 403
9.7333 406
9.75 409
9.7667 412
9.7833 415
9.8 418
9.8167 421
9.8333 425
9.85 428
9.8667 431
9.8833 434
9.9 437
9.9167 440
9.9333 443
9.95 446
9.9667 449
9.9833 452
10.0 455
10.0167 458
10.0333 461
10.05 464
10.0667 467
10.0833 470
10.1 472
10.1167 475
10.1333 478
10.15 481
10.1667 484
10.1833 487
10.2 490
10.2167 492
10.2333 495
10.25 498
10.2667 501
10.2833 504
10.3 506
10.3167 509
10.3333 512
10.35 514
10.3667 517
10.3833 520
10.4 522
10.4167 525
10.4333 528
10.45 530
10.4667 533
10.4833 536
10.5 538
10.5167 541
10.5333 543
10.55 546
10.5667 548
10.5833 551
10.6 553
10.6167 556
10.6333 558
10.65 561
10.6667 563
10.6833 565
10.7 568
10.7167 570
10.7333 572
10.75 575
10.7667 577
10.7833 579
10.8 582
10.8167 584
10.8333 586
10.85 588
10.8667 591
10.8833 593
10.9 595
10.9167 597
10.9333 599
10.95 602
10.9667 604
10.9833 606
11.0 608
11.0167 610
11.0333 612
11.05 614
11.0667 616
11.0833 618
11.1 620
11.1167 622
11.1333 624
11.15 626
11.1667 628
11.1833 630
11.2 632
11.2167 634
11.2333 635
11.25 637
11.2667 639
11.2833 641
11.3 643
11.3167 644
11.3333 646
11.35 648
11.3667 650
11.3833 651
11.4 653
11.4167 655
11.4333 656
11.45 658
11.4667 659
11.4833 661
11.5 663
11.5167 664
11.5333 666
11.55 667
11.5667 669
11.5833 670
11.6 672
11.6167 673
11.6333 674
11.65 676
11.6667 677
11.6833 679
11.7 680
11.7167 681
11.7333 682
11.75 684
11.7667 685
11.7833 686
11.8 687
11.8167 689
11.8333 690
11.85 691
11.8667 692
11.8833 693
11.9 694
11.9167 696
11.9333 697
11.95 698
11.9667 699
11.9833 700
12.0 701
12.0167 702
12.0333 703
12.05 704
12.0667 705
12.0833 705
12.1 706
12.1167 707
12.1333 708
12.15 709
12.1667 710
12.1833 710
12.2 711
12.2167 712
12.2333 713
12.25 713
12.2667 714
12.2833 715
12.3 715
12.3167 716
12.3333 717
12.35 717
12.3667 718
12.3833 718
12.4 719
12.4167 719
12.4333 720
12.45 720
12.4667 721
12.4833 721
12.5 722
12.5167 722
12.5333 723
12.55 723
12.5667 723
12.5833 724
12.6 724
12.6167 724
12.6333 724
12.65 725
12.6667 725
12.6833 725
12.7 725
12.7167 725
12.7333 725
12.75 726
12.7667 726
12.7833 726
12.8 726
12.8167 726
12.8333 726
12.85 726
12.8667 726
12.8833 726
12.9 726
12.9167 726
12.9333 726
12.95 726
12.9667 725
12.9833 725
13.0 725
13.0167 725
13.0333 725
13.05 724
13.0667 724
13.0833 724
13.1 724
13.1167 723
13.1333 723
13.15 723
13.1667 722
13.1833 722
13.2 721
13.2167 721
13.2333 720
13.25 720
13.2667 720
13.2833 719
13.3 718
13.3167 718
13.3333 717
13.35 717
13.3667 716
13.3833 716
13.4 715
13.4167 714
13.4333 714
13.45 713
13.4667 712
13.4833 711
13.5 711
13.5167 710
13.5333 709
13.55 708
13.5667 707
13.5833 706
13.6 706
13.6167 705
13.6333 704
13.65 703
13.6667 702
13.6833 701
13.7 700
13.7167 699
13.7333 698
13.75 697
13.7667 696
13.7833 695
13.8 694
13.8167 692
13.8333 691
13.85 690
13.8667 689
13.8833 688
13.9 686
13.9167 685
13.9333 684
13.95 683
13.9667 681
13.9833 680
14.0 679
14.0167 677
14.0333 676
14.05 675
14.0667 673
14.0833 672
14.1 670
14.1167 669
14.1333 667
14.15 666
14.1667 664
14.1833 663
14.2 661
14.2167 660
14.2333 658
14.25 656
14.2667 655
14.2833 653
14.3 651
14.3167 650
14.3333 648
14.35 646
14.3667 645
14.3833 643
14.4 641
14.4167 639
14.4333 637
14.45 636
14.4667 634
14.4833 632
14.5 630
14.5167 628
14.5333 626
14.55 624
14.5667 622
14.5833 620
14.6 618
14.6167 616
14.6333 614
14.65 612
14.6667 610
14.6833 608
14.7 606
14.7167 604
14.7333 602
14.75 600
14.7667 598
14.7833 595
14.8 593
14.8167 591
14.8333 589
14.85 587
14.8667 584
14.8833 582
14.9 580
14.9167 577
14.9333 575
14.95 573
14.9667 570
14.9833 568
15.0 567
15.0167 564
15.0333 562
15.05 559
15.0667 557
15.0833 554
15.1 552
15.1167 549
15.1333 547
15.15 544
15.1667 542
15.1833 539
15.2 537
15.2167 534
15.2333 532
15.25 529
15.2667 526
15.2833 524
15.3 521
15.3167 518
15.3333 516
15.35 513
15.3667 510
15.3833 508
15.4 505
15.4167 502
15.4333 499
15.45 496
15.4667 494
15.4833 491
15.5 488
15.5167 485
15.5333 482
15.55 480
15.5667 477
15.5833 474
15.6 471
15.6167 468
15.6333 465
15.65 462
15.6667 459
15.6833 456
15.7 453
15.7167 450
15.7333 447
15.75 444
15.7667 441
15.7833 438
15.8 435
15.8167 432
15.8333 429
15.85 426
15.8667 423
15.8833 420
15.9 416
15.9167 413
15.9333 410
15.95 407
15.9667 404
15.9833 401
16.0 398
16.0167 394
16.0333 391
16.05 388
16.0667 385
16.0833 381
16.1 378
16.1167 375
16.1333 372
16.15 368
16.1667 365
16.1833 362
16.2 359
16.2167 355
16.2333 352
16.25 349
16.2667 345
16.2833 342
16.3 339
16.3167 335
16.3333 332
16.35 328
16.3667 325
16.3833 322
16.4 318
16.4167 315
16.4333 312
16.45 308
16.4667 305
16.4833 301
16.5 298
16.5167 294
16.5333 291
16.55 288
16.5667 284
16.5833 281
16.6 277
16.6167 274
16.6333 270
16.65 267
16.6667 263
16.6833 260
16.7 256
16.7167 253
16.7333 249
16.75 246
16.7667 242
16.7833 239
16.8 235
16.8167 232
16.8333 228
16.85 225
16.8667 221
16.8833 218
16.9 214
16.9167 211
16.9333 208
16.95 204
16.9667 201
16.9833 197
