8.0 71
8.0167 74
8.0333 78
8.05 81
8.0667 84
8.0833 87
8.1 91
8.1167 94
8.1333 97
8.15 101
8.1667 104
8.1833 107
8.2 111
8.2167 114
8.2333 118
8.25 121
8.2667 125
8.2833 128
8.3 131
8.3167 135
8.3333 138
8.35 142
8.3667 145
8.3833 149
8.4 153
8.4167 156
8.4333 160
8.45 163
8.4667 167
8.4833 170
8.5 174
8.5167 178
8.5333 181
8.55 185
8.5667 188
8.5833 192
8.6 195
8.6167 199
8.6333 203
8.65 206
8.6667 210
8.6833 213
8.7 217
8.7167 221
8.7333 224
8.75 228
8.7667 232
8.7833 235
8.8 239
8.8167 242
8.8333 246
8.85 249
8.8667 253
8.8833 257
8.9 260
8.9167 264
8.9333 267
8.95 271
8.9667 274
8.9833 278
9.0 282
9.0167 285
9.0333 289
9.05 292
9.0667 296
9.0833 299
9.1 303
9.1167 306
9.1333 310
9.15 313
9.1667 317
9.1833 320
9.2 324
9.2167 327
9.2333 331
9.25 334
9.2667 338
9.2833 341
9.3 345
9.3167 348
9.3333 351
9.35 355
9.3667 358
9.3833 362
9.4 365
9.4167 368
9.4333 372
9.45 375
9.4667 378
9.4833 382
9.5 385
9.5167 388
9.5333 392
9.55 395
9.5667 398
9.5833 401
9.6 405
9.6167 408
9.6333 411
9.65 414
9.6667 418
9.6833 421
9.7 424
9.7167 427
9.7333 430
9.75 434
9.7667 437
9.7833 440
9.8 443
9.8167 446
9.8333 449
9.85 452
9.8667 455
9.8833 458
9.9 461
9.9167 465
9.9333 468
9.95 471
9.9667 474
9.9833 477
10.0 480
10.0167 483
10.0333 485
10.05 488
10.0667 491
10.0833 494
10.1 497
10.1167 500
10.1333 503
10.15 506
10.1667 509
10.1833 511
10.2 514
10.2167 517
10.2333 520
10.25 523
10.2667 525
10.2833 528
10.3 531
10.3167 534
10.3333 536
10.35 539
10.3667 542
10.3833 544
10.4 547
10.4167 549
10.4333 552
10.45 555
10.4667 557
10.4833 560
10.5 562
10.5167 565
10.5333 567
10.55 570
10.5667 572
10.5833 575
10.6 577
10.6167 580
10.6333 582
10.65 585
10.6667 587
10.6833 589
10.7 592
10.7167 594
10.7333 596
10.75 599
10.7667 601
10.7833 603
10.8 606
10.8167 608
10.8333 610
10.85 612
10.8667 614
10.8833 617
10.9 619
10.9167 621
10.9333 623
10.95 625
10.9667 627
10.9833 629
11.0 631
11.0167 633
11.0333 635
11.05 637
11.0667 639
11.0833 641
11.1 643
11.1167 645
11.1333 647
11.15 649
11.1667 651
11.1833 653
11.2 655
11.2167 657
11.2333 658
11.25 660
11.2667 662
11.2833 664
11.3 666
11.3167 667
11.3333 669
11.35 671
11.3667 672
11.3833 674
11.4 676
11.4167 677
11.4333 679
11.45 680
11.4667 682
11.4833 684
11.5 685
11.5167 687
11.5333 688
11.55 690
11.5667 691
11.5833 692
11.6 694
11.6167 695
11.6333 697
11.65 698
11.6667 699
11.6833 701
11.7 702
11.7167 703
11.7333 705
11.75 706
11.7667 707
11.7833 708
11.8 709
11.8167 711
11.8333 712
11.85 713
11.8667 714
11.8833 715
11.9 716
11.9167 717
11.9333 718
11.95 719
11.9667 720
11.9833 721
12.0 722
12.0167 723
12.0333 724
12.05 725
12.0667 726
12.0833 727
12.1 728
12.1167 728
12.1333 729
12.15 730
12.1667 731
12.1833 732
12.2 732
12.2167 733
12.2333 734
12.25 734
12.2667 735
12.2833 736
12.3 736
12.3167 737
12.3333 737
12.35 738
12.3667 739
12.3833 739
12.4 740
12.4167 740
12.4333 740
12.45 741
12.4667 741
12.4833 742
12.5 742
12.5167 742
12.5333 743
12.55 743
12.5667 743
12.5833 744
12.6 744
12.6167 744
12.6333 744
12.65 745
12.6667 745
12.6833 745
12.7 745
12.7167 745
12.7333 745
12.75 745
12.7667 745
12.7833 746
12.8 746
12.8167 746
12.8333 746
12.85 745
12.8667 745
12.8833 745
12.9 745
12.9167 745
12.9333 745
12.95 745
12.9667 745
12.9833 744
13.0 744
13.0167 744
13.0333 744
13.05 743
13.0667 743
13.0833 743
13.1 743
13.1167 742
13.1333 742
13.15 741
13.1667 741
13.1833 741
13.2 740
13.2167 740
13.2333 739
13.25 739
13.2667 738
13.2833 738
13.3 737
13.3167 736
13.3333 736
13.35 735
13.3667 735
13.3833 734
13.4 733
13.4167 732
13.4333 732
13.45 731
13.4667 730
13.4833 729
13.5 729
13.5167 728
13.5333 727
13.55 726
13.5667 725
13.5833 724
13.6 723
13.6167 723
13.6333 722
13.65 721
13.6667 720
13.6833 719
13.7 718
13.7167 716
13.7333 715
13.75 714
13.7667 713
13.7833 712
13.8 711
13.8167 710
13.8333 709
13.85 707
13.8667 706
13.8833 705
13.9 704
13.9167 702
13.9333 701
13.95 700
13.9667 698
13.9833 697
14.0 696
14.0167 694
14.0333 693
14.05 691
14.0667 690
14.0833 689
14.1 687
14.1167 686
14.1333 684
14.15 682
14.1667 681
14.1833 679
14.2 678
14.2167 676
14.2333 674
14.25 673
14.2667 671
14.2833 669
14.3 668
14.3167 666
14.3333 664
14.35 663
14.3667 661
14.3833 659
14.4 657
14.4167 655
14.4333 654
14.45 652
14.4667 650
14.4833 648
14.5 646
14.5167 644
14.5333 642
14.55 640
14.5667 638
14.5833 636
14.6 634
14.6167 632
14.6333 630
14.65 628
14.6667 626
14.6833 624
14.7 622
14.7167 619
14.7333 617
14.75 615
14.7667 613
14.7833 611
14.8 608
14.8167 606
14.8333 604
14.85 602
14.8667 599
14.8833 597
14.9 595
14.9167 592
14.9333 590
14.95 588
14.9667 585
14.9833 583
15.0 581
15.0167 579
15.0333 576
15.05 574
15.0667 571
15.0833 569
15.1 566
15.1167 564
15.1333 561
15.15 559
15.1667 556
15.1833 554
15.2 551
15.2167 548
15.2333 546
15.25 543
15.2667 540
15.2833 538
15.3 535
15.3167 532
15.3333 530
15.35 527
15.3667 524
15.3833 521
15.4 519
15.4167 516
15.4333 513
15.45 510
15.4667 507
15.4833 505
15.5 502
15.5167 499
15.5333 496
15.55 493
15.5667 490
15.5833 487
15.6 484
15.6167 481
15.6333 478
15.65 475
15.6667 472
15.6833 469
15.7 466
15.7167 463
15.7333 460
15.75 457
15.7667 454
15.7833 451
15.8 448
15.8167 445
15.8333 442
15.85 438
15.8667 435
15.8833 432
15.9 429
15.9167 426
15.9333 423
15.95 419
15.9667 416
15.9833 413
16.0 410
16.0167 407
16.0333 403
16.05 400
16.0667 397
16.0833 393
16.1 390
16.1167 387
16.1333 384
16.15 380
16.1667 377
16.1833 374
16.2 370
16.2167 367
16.2333 363
16.25 360
16.2667 357
16.2833 353
16.3 350
16.3167 346
16.3333 343
16.35 340
16.3667 336
16.3833 333
16.4 329
16.4167 326
16.4333 322
16.45 319
16.4667 315
16.4833 312
16.5 308
16.5167 305
16.5333 301
16.55 298
16.5667 294
16.5833 291
16.6 287
16.6167 284
16.6333 280
16.65 276
16.6667 273
16.6833 269
16.7 266
16.7167 262
16.7333 259
16.75 255
16.7667 251
16.7833 248
16.8 244
16.8167 241
16.8333 237
16.85 233
16.8667 230
16.8833 226
16.9 223
16.9167 219
16.9333 215
16.95 212
16.9667 208
16.9833 205
