8.0 81
8.0167 84
8.0333 87
8.05 90
8.0667 94
8.0833 97
8.1 100
8.1167 103
8.1333 107
8.15 110
8.1667 114
8.1833 117
8.2 120
8.2167 124
8.2333 127
8.25 131
8.2667 134
8.2833 138
8.3 141
8.3167 145
8.3333 149
8.35 152
8.3667 156
8.3833 159
8.4 163
8.4167 167
8.4333 170
8.45 174
8.4667 177
8.4833 181
8.5 185
8.5167 188
8.5333 192
8.55 196
8.5667 199
8.5833 203
8.6 207
8.6167 210
8.6333 214
8.65 218
8.6667 222
8.6833 225
8.7 229
8.7167 233
8.7333 236
8.75 240
8.7667 244
8.7833 247
8.8 251
8.8167 255
8.8333 259
8.85 262
8.8667 266
8.8833 270
8.9 273
8.9167 277
8.9333 281
8.95 284
8.9667 288
8.9833 292
9.0 295
9.0167 300
9.0333 304
9.05 307
9.0667 311
9.0833 315
9.1 318
9.1167 322
9.1333 325
9.15 329
9.1667 333
9.1833 336
9.2 340
9.2167 344
9.2333 347
9.25 351
9.2667 354
9.2833 358
9.3 362
9.3167 365
9.3333 369
9.35 372
9.3667 376
9.3833 379
9.4 383
9.4167 386
9.4333 390
9.45 393
9.4667 397
9.4833 400
9.5 404
9.5167 407
9.5333 411
9.55 414
9.5667 418
9.5833 421
9.6 425
9.6167 428
9.6333 431
9.65 435
9.6667 438
9.6833 442
9.7 445
9.7167 448
9.7333 452
9.75 455
9.7667 458
9.7833 462
9.8 465
9.8167 468
9.8333 471
9.85 475
9.8667 478
9.8833 481
9.9 484
9.9167 488
9.9333 491
9.95 494
9.9667 497
9.9833 500
10.0 504
10.0167 507
10.0333 510
10.05 513
10.0667 516
10.0833 519
10.1 522
10.1167 525
10.1333 528
10.15 531
10.1667 534
10.1833 537
10.2 540
10.2167 543
10.2333 546
10.25 549
10.2667 552
10.2833 555
10.3 558
10.3167 561
10.3333 564
10.35 567
10.3667 569
10.3833 572
10.4 575
10.4167 578
10.4333 581
10.45 583
10.4667 586
10.4833 589
10.5 592
10.5167 594
10.5333 597
10.55 600
10.5667 602
10.5833 605
10.6 608
10.6167 610
10.6333 613
10.65 616
10.6667 618
10.6833 621
10.7 623
10.7167 626
10.7333 628
10.75 631
10.7667 633
10.7833 636
10.8 638
10.8167 640
10.8333 643
10.85 645
10.8667 648
10.8833 650
10.9 652
10.9167 655
10.9333 657
10.95 659
10.9667 662
10.9833 664
11.0 666
11.0167 668
11.0333 670
11.05 673
11.0667 675
11.0833 677
11.1 679
11.1167 681
11.1333 683
11.15 685
11.1667 687
11.1833 689
11.2 692
11.2167 694
11.2333 696
11.25 697
11.2667 699
11.2833 701
11.3 703
11.3167 705
11.3333 707
11.35 709
11.3667 711
11.3833 713
11.4 714
11.4167 716
11.4333 718
11.45 720
11.4667 721
11.4833 723
11.5 725
11.5167 727
11.5333 728
11.55 730
11.5667 732
11.5833 733
11.6 735
11.6167 736
11.6333 738
11.65 739
11.6667 741
11.6833 742
11.7 744
11.7167 745
11.7333 747
11.75 748
11.7667 749
11.7833 751
11.8 752
11.8167 754
11.8333 755
11.85 756
11.8667 757
11.8833 759
11.9 760
11.9167 761
11.9333 762
11.95 764
11.9667 765
11.9833 766
12.0 767
12.0167 768
12.0333 769
12.05 770
12.0667 771
12.0833 772
12.1 773
12.1167 774
12.1333 775
12.15 776
12.1667 777
12.1833 778
12.2 779
12.2167 780
12.2333 781
12.25 781
12.2667 782
12.2833 783
12.3 784
12.3167 785
12.3333 785
12.35 786
12.3667 787
12.3833 787
12.4 788
12.4167 789
12.4333 789
12.45 790
12.4667 790
12.4833 791
12.5 791
12.5167 792
12.5333 792
12.55 793
12.5667 793
12.5833 794
12.6 794
12.6167 794
12.6333 795
12.65 795
12.6667 795
12.6833 796
12.7 796
12.7167 796
12.7333 797
12.75 797
12.7667 797
12.7833 797
12.8 797
12.8167 797
12.8333 798
12.85 798
12.8667 798
12.8833 798
12.9 798
12.9167 798
12.9333 798
12.95 798
12.9667 798
12.9833 798
13.0 798
13.0167 798
13.0333 797
13.05 797
13.0667 797
13.0833 797
13.1 797
13.1167 796
13.1333 796
13.15 796
13.1667 796
13.1833 795
13.2 795
13.2167 795
13.2333 794
13.25 794
13.2667 793
13.2833 793
13.3 793
13.3167 792
13.3333 792
13.35 791
13.3667 791
13.3833 790
13.4 789
13.4167 789
13.4333 788
13.45 788
13.4667 787
13.4833 786
13.5 786
13.5167 785
13.5333 784
13.55 783
13.5667 783
13.5833 782
13.6 781
13.6167 780
13.6333 779
13.65 778
13.6667 777
13.6833 777
13.7 776
13.7167 775
13.7333 774
13.75 773
13.7667 772
13.7833 771
13.8 770
13.8167 768
13.8333 767
13.85 766
13.8667 765
13.8833 764
13.9 763
13.9167 762
13.9333 760
13.95 759
13.9667 758
13.9833 757
14.0 755
14.0167 754
14.0333 753
14.05 751
14.0667 750
14.0833 749
14.1 747
14.1167 746
14.1333 744
14.15 743
14.1667 741
14.1833 740
14.2 738
14.2167 737
14.2333 735
14.25 734
14.2667 732
14.2833 731
14.3 729
14.3167 727
14.3333 726
14.35 724
14.3667 722
14.3833 720
14.4 719
14.4167 717
14.4333 715
14.45 713
14.4667 711
14.4833 710
14.5 708
14.5167 706
14.5333 704
14.55 702
14.5667 700
14.5833 698
14.6 696
14.6167 694
14.6333 692
14.65 690
14.6667 688
14.6833 686
14.7 684
14.7167 682
14.7333 680
14.75 678
14.7667 676
14.7833 673
14.8 671
14.8167 669
14.8333 667
14.85 665
14.8667 662
14.8833 660
14.9 658
14.9167 656
14.9333 653
14.95 651
14.9667 649
14.9833 646
15.0 645
15.0167 642
15.0333 640
15.05 638
15.0667 635
15.0833 633
15.1 630
15.1167 628
15.1333 625
15.15 623
15.1667 620
15.1833 618
15.2 615
15.2167 612
15.2333 610
15.25 607
15.2667 604
15.2833 602
15.3 599
15.3167 596
15.3333 594
15.35 591
15.3667 588
15.3833 585
15.4 583
15.4167 580
15.4333 577
15.45 574
15.4667 571
15.4833 569
15.5 566
15.5167 563
15.5333 560
15.55 557
15.5667 554
15.5833 551
15.6 548
15.6167 545
15.6333 542
15.65 539
15.6667 536
15.6833 533
15.7 530
15.7167 527
15.7333 524
15.75 521
15.7667 518
15.7833 515
15.8 512
15.8167 509
15.8333 506
15.85 503
15.8667 499
15.8833 496
15.9 493
15.9167 490
15.9333 487
15.95 483
15.9667 480
15.9833 477
16.0 474
16.0167 470
16.0333 467
16.05 464
16.0667 461
16.0833 457
16.1 454
16.1167 451
16.1333 447
16.15 444
16.1667 440
16.1833 437
16.2 434
16.2167 430
16.2333 427
16.25 423
16.2667 420
16.2833 417
16.3 413
16.3167 410
16.3333 406
16.35 403
16.3667 399
16.3833 396
16.4 392
16.4167 389
16.4333 385
16.45 382
16.4667 378
16.4833 375
16.5 371
16.5167 367
16.5333 364
16.55 360
16.5667 357
16.5833 353
16.6 350
16.6167 346
16.6333 342
16.65 339
16.6667 335
16.6833 331
16.7 328
16.7167 324
16.7333 320
16.75 317
16.7667 313
16.7833 309
16.8 306
16.8167 302
16.8333 298
16.85 295
16.8667 291
16.8833 287
16.9 284
16.9167 280
16.9333 276
16.95 273
16.9667 269
16.9833 265
