8.0 76
8.0167 79
8.0333 82
8.05 85
8.0667 88
8.0833 91
8.1 94
8.1167 97
8.1333 100
8.15 104
8.1667 107
8.1833 110
8.2 114
8.2167 117
8.2333 120
8.25 124
8.2667 127
8.2833 130
8.3 134
8.3167 137
8.3333 141
8.35 144
8.3667 148
8.3833 151
8.4 155
8.4167 158
8.4333 162
8.45 165
8.4667 169
8.4833 172
8.5 176
8.5167 180
8.5333 183
8.55 187
8.5667 190
8.5833 194
8.6 198
8.6167 201
8.6333 205
8.65 208
8.6667 212
8.6833 216
8.7 219
8.7167 223
8.7333 227
8.75 230
8.7667 234
8.7833 238
8.8 241
8.8167 245
8.8333 249
8.85 252
8.8667 256
8.8833 259
8.9 263
8.9167 267
8.9333 270
8.95 274
8.9667 278
8.9833 281
9.0 285
9.0167 289
9.0333 293
9.05 297
9.0667 300
9.0833 304
9.1 307
9.1167 311
9.1333 315
9.15 318
9.1667 322
9.1833 325
9.2 329
9.2167 333
9.2333 336
9.25 340
9.2667 343
9.2833 347
9.3 350
9.3167 354
9.3333 357
9.35 361
9.3667 364
9.3833 368
9.4 371
9.4167 375
9.4333 378
9.45 382
9.4667 385
9.4833 389
9.5 392
9.5167 396
9.5333 399
9.55 403
9.5667 406
9.5833 409
9.6 413
9.6167 416
9.6333 420
9.65 423
9.6667 426
9.6833 430
9.7 433
9.7167 436
9.7333 440
9.75 443
9.7667 446
9.7833 449
9.8 453
9.8167 456
9.8333 459
9.85 462
9.8667 466
9.8833 469
9.9 472
9.9167 475
9.9333 478
9.95 482
9.9667 485
9.9833 488
10.0 491
10.0167 494
10.0333 497
10.05 500
10.0667 503
10.0833 507
10.1 510
10.1167 513
10.1333 516
10.15 519
10.1667 522
10.1833 525
10.2 528
10.2167 531
10.2333 533
10.25 536
10.2667 539
10.2833 542
10.3 545
10.3167 548
10.3333 551
10.35 554
10.3667 557
10.3833 559
10.4 562
10.4167 565
10.4333 568
10.45 570
10.4667 573
10.4833 576
10.5 579
10.5167 581
10.5333 584
10.55 587
10.5667 589
10.5833 592
10.6 595
10.6167 597
10.6333 600
10.65 602
10.6667 605
10.6833 607
10.7 610
10.7167 612
10.7333 615
10.75 617
10.7667 620
10.7833 622
10.8 625
10.8167 627
10.8333 630
10.85 632
10.8667 634
10.8833 637
10.9 639
10.9167 641
10.9333 644
10.95 646
10.9667 648
10.9833 650
11.0 653
11.0167 655
11.0333 657
11.05 659
11.0667 661
11.0833 663
11.1 666
11.1167 668
11.1333 670
11.15 672
11.1667 674
11.1833 676
11.2 678
11.2167 680
11.2333 682
11.25 684
11.2667 686
11.2833 688
11.3 690
11.3167 692
11.3333 693
11.35 695
11.3667 697
11.3833 699
11.4 701
11.4167 703
11.4333 704
11.45 706
11.4667 708
11.4833 709
11.5 711
11.5167 713
11.5333 714
11.55 716
11.5667 718
11.5833 719
11.6 721
11.6167 722
11.6333 724
11.65 726
11.6667 727
11.6833 729
11.7 730
11.7167 731
11.7333 733
11.75 734
11.7667 736
11.7833 737
11.8 738
11.8167 740
11.8333 741
11.85 742
11.8667 744
11.8833 745
11.9 746
11.9167 747
11.9333 748
11.95 750
11.9667 751
11.9833 752
12.0 753
12.0167 754
12.0333 755
12.05 756
12.0667 757
12.0833 758
12.1 759
12.1167 760
12.1333 761
12.15 762
12.1667 763
12.1833 764
12.2 765
12.2167 766
12.2333 767
12.25 767
12.2667 768
12.2833 769
12.3 770
12.3167 770
12.3333 771
12.35 772
12.3667 773
12.3833 773
12.4 774
12.4167 774
12.4333 775
12.45 776
12.4667 776
12.4833 777
12.5 777
12.5167 778
12.5333 778
12.55 779
12.5667 779
12.5833 780
12.6 780
12.6167 780
12.6333 781
12.65 781
12.6667 781
12.6833 782
12.7 782
12.7167 782
12.7333 782
12.75 783
12.7667 783
12.7833 783
12.8 783
12.8167 783
12.8333 783
12.85 783
12.8667 784
12.8833 784
12.9 784
12.9167 784
12.9333 784
12.95 784
12.9667 784
12.9833 783
13.0 783
13.0167 783
13.0333 783
13.05 783
13.0667 783
13.0833 783
13.1 782
13.1167 782
13.1333 782
13.15 782
13.1667 781
13.1833 781
13.2 781
13.2167 780
13.2333 780
13.25 780
13.2667 779
13.2833 779
13.3 778
13.3167 778
13.3333 777
13.35 777
13.3667 776
13.3833 776
13.4 775
13.4167 775
13.4333 774
13.45 773
13.4667 773
13.4833 772
13.5 771
13.5167 771
13.5333 770
13.55 769
13.5667 768
13.5833 768
13.6 767
13.6167 766
13.6333 765
13.65 764
13.6667 763
13.6833 762
13.7 761
13.7167 760
13.7333 759
13.75 758
13.7667 757
13.7833 756
13.8 755
13.8167 754
13.8333 753
13.85 752
13.8667 751
13.8833 750
13.9 749
13.9167 747
13.9333 746
13.95 745
13.9667 744
13.9833 743
14.0 741
14.0167 740
14.0333 739
14.05 737
14.0667 736
14.0833 734
14.1 733
14.1167 732
14.1333 730
14.15 729
14.1667 727
14.1833 726
14.2 724
14.2167 723
14.2333 721
14.25 720
14.2667 718
14.2833 716
14.3 715
14.3167 713
14.3333 711
14.35 710
14.3667 708
14.3833 706
14.4 705
14.4167 703
14.4333 701
14.45 699
14.4667 697
14.4833 696
14.5 694
14.5167 692
14.5333 690
14.55 688
14.5667 686
14.5833 684
14.6 682
14.6167 680
14.6333 678
14.65 676
14.6667 674
14.6833 672
14.7 670
14.7167 668
14.7333 666
14.75 664
14.7667 662
14.7833 660
14.8 657
14.8167 655
14.8333 653
14.85 651
14.8667 649
14.8833 646
14.9 644
14.9167 642
14.9333 639
14.95 637
14.9667 635
14.9833 632
15.0 631
15.0167 629
15.0333 626
15.05 624
15.0667 621
15.0833 619
15.1 616
15.1167 614
15.1333 611
15.15 609
15.1667 606
15.1833 604
15.2 601
15.2167 599
15.2333 596
15.25 593
15.2667 591
15.2833 588
15.3 585
15.3167 583
15.3333 580
15.35 577
15.3667 575
15.3833 572
15.4 569
15.4167 566
15.4333 564
15.45 561
15.4667 558
15.4833 555
15.5 552
15.5167 549
15.5333 547
15.55 544
15.5667 541
15.5833 538
15.6 535
15.6167 532
15.6333 529
15.65 526
15.6667 523
15.6833 520
15.7 517
15.7167 514
15.7333 511
15.75 508
15.7667 505
15.7833 502
15.8 499
15.8167 496
15.8333 493
15.85 489
15.8667 486
15.8833 483
15.9 480
15.9167 477
15.9333 474
15.95 470
15.9667 467
15.9833 464
16.0 461
16.0167 458
16.0333 454
16.05 451
16.0667 448
16.0833 444
16.1 441
16.1167 438
16.1333 434
16.15 431
16.1667 428
16.1833 424
16.2 421
16.2167 418
16.2333 414
16.25 411
16.2667 407
16.2833 404
16.3 401
16.3167 397
16.3333 394
16.35 390
16.3667 387
16.3833 383
16.4 380
16.4167 376
16.4333 373
16.45 369
16.4667 366
16.4833 362
16.5 359
16.5167 355
16.5333 352
16.55 348
16.5667 345
16.5833 341
16.6 338
16.6167 334
16.6333 330
16.65 327
16.6667 323
16.6833 320
16.7 316
16.7167 312
16.7333 309
16.75 305
16.7667 302
16.7833 298
16.8 294
16.8167 291
16.8333 287
16.85 283
16.8667 280
16.8833 276
16.9 273
16.9167 269
16.9333 265
16.95 262
16.9667 258
16.9833 254
