8.0 94
8.0167 97
8.0333 101
8.05 104
8.0667 107
8.0833 111
8.1 114
8.1167 117
8.1333 121
8.15 124
8.1667 128
8.1833 131
8.2 135
8.2167 138
8.2333 142
8.25 145
8.2667 149
8.2833 152
8.3 156
8.3167 160
8.3333 163
8.35 167
8.3667 171
8.3833 174
8.4 178
8.4167 182
8.4333 185
8.45 189
8.4667 193
8.4833 196
8.5 200
8.5167 204
8.5333 207
8.55 211
8.5667 215
8.5833 219
8.6 222
8.6167 226
8.6333 230
8.65 234
8.6667 237
8.6833 241
8.7 245
8.7167 249
8.7333 252
8.75 256
8.7667 260
8.7833 264
8.8 267
8.8167 271
8.8333 275
8.85 279
8.8667 282
8.8833 286
8.9 290
8.9167 294
8.9333 297
8.95 301
8.9667 305
8.9833 309
9.0 312
9.0167 317
9.0333 321
9.05 324
9.0667 328
9.0833 332
9.1 335
9.1167 339
9.1333 343
9.15 346
9.1667 350
9.1833 354
9.2 357
9.2167 361
9.2333 365
9.25 368
9.2667 372
9.2833 376
9.3 379
9.3167 383
9.3333 386
9.35 390
9.3667 394
9.3833 397
9.4 401
9.4167 404
9.4333 408
9.45 412
9.4667 415
9.4833 419
9.5 422
9.5167 426
9.5333 429
9.55 433
9.5667 436
9.5833 440
9.6 443
9.6167 446
9.6333 450
9.65 453
9.6667 457
9.6833 460
9.7 464
9.7167 467
9.7333 470
9.75 474
9.7667 477
9.7833 480
9.8 484
9.8167 487
9.8333 490
9.85 494
9.8667 497
9.8833 500
9.9 503
9.9167 507
9.9333 510
9.95 513
9.9667 516
9.9833 520
10.0 523
10.0167 526
10.0333 529
10.05 532
10.0667 535
10.0833 538
10.1 542
10.1167 545
10.1333 548
10.15 551
10.1667 554
10.1833 557
10.2 560
10.2167 563
10.2333 566
10.25 569
10.2667 572
10.2833 575
10.3 578
10.3167 581
10.3333 584
10.35 586
10.3667 589
10.3833 592
10.4 595
10.4167 598
10.4333 601
10.45 604
10.4667 606
10.4833 609
10.5 612
10.5167 615
10.5333 617
10.55 620
10.5667 623
10.5833 625
10.6 628
10.6167 631
10.6333 633
10.65 636
10.6667 639
10.6833 641
10.7 644
10.7167 646
10.7333 649
10.75 651
10.7667 654
10.7833 656
10.8 659
10.8167 661
10.8333 664
10.85 666
10.8667 669
10.8833 671
10.9 673
10.9167 676
10.9333 678
10.95 680
10.9667 683
10.9833 685
11.0 687
11.0167 689
11.0333 692
11.05 694
11.0667 696
11.0833 698
11.1 700
11.1167 702
11.1333 705
11.15 707
11.1667 709
11.1833 711
11.2 713
11.2167 715
11.2333 717
11.25 719
11.2667 721
11.2833 723
11.3 725
11.3167 727
11.3333 729
11.35 731
11.3667 732
11.3833 734
11.4 736
11.4167 738
11.4333 740
11.45 741
11.4667 743
11.4833 745
11.5 747
11.5167 748
11.5333 750
11.55 752
11.5667 753
11.5833 755
11.6 757
11.6167 758
11.6333 760
11.65 761
11.6667 763
11.6833 764
11.7 766
11.7167 767
11.7333 769
11.75 770
11.7667 772
11.7833 773
11.8 774
11.8167 776
11.8333 777
11.85 778
11.8667 780
11.8833 781
11.9 782
11.9167 783
11.9333 785
11.95 786
11.9667 787
11.9833 788
12.0 789
12.0167 791
12.0333 792
12.05 793
12.0667 794
12.0833 795
12.1 796
12.1167 797
12.1333 798
12.15 799
12.1667 800
12.1833 801
12.2 802
12.2167 802
12.2333 803
12.25 804
12.2667 805
12.2833 806
12.3 806
12.3167 807
12.3333 808
12.35 809
12.3667 809
12.3833 810
12.4 811
12.4167 811
12.4333 812
12.45 813
12.4667 813
12.4833 814
12.5 814
12.5167 815
12.5333 815
12.55 816
12.5667 816
12.5833 817
12.6 817
12.6167 817
12.6333 818
12.65 818
12.6667 818
12.6833 819
12.7 819
12.7167 819
12.7333 820
12.75 820
12.7667 820
12.7833 820
12.8 820
12.8167 820
12.8333 821
12.85 821
12.8667 821
12.8833 821
12.9 821
12.9167 821
12.9333 821
12.95 821
12.9667 821
12.9833 821
13.0 821
13.0167 821
13.0333 821
13.05 820
13.0667 820
13.0833 820
13.1 820
13.1167 820
13.1333 819
13.15 819
13.1667 819
13.1833 818
13.2 818
13.2167 818
13.2333 817
13.25 817
13.2667 817
13.2833 816
13.3 816
13.3167 815
13.3333 815
13.35 814
13.3667 814
13.3833 813
13.4 813
13.4167 812
13.4333 811
13.45 811
13.4667 810
13.4833 809
13.5 809
13.5167 808
13.5333 807
13.55 807
13.5667 806
13.5833 805
13.6 804
13.6167 803
13.6333 802
13.65 802
13.6667 801
13.6833 800
13.7 799
13.7167 798
13.7333 797
13.75 796
13.7667 795
13.7833 794
13.8 793
13.8167 792
13.8333 791
13.85 790
13.8667 788
13.8833 787
13.9 786
13.9167 785
13.9333 784
13.95 782
13.9667 781
13.9833 780
14.0 779
14.0167 777
14.0333 776
14.05 775
14.0667 773
14.0833 772
14.1 770
14.1167 769
14.1333 767
14.15 766
14.1667 765
14.1833 763
14.2 762
14.2167 760
14.2333 758
14.25 757
14.2667 755
14.2833 754
14.3 752
14.3167 750
14.3333 749
14.35 747
14.3667 745
14.3833 743
14.4 742
14.4167 740
14.4333 738
14.45 736
14.4667 734
14.4833 733
14.5 731
14.5167 729
14.5333 727
14.55 725
14.5667 723
14.5833 721
14.6 719
14.6167 717
14.6333 715
14.65 713
14.6667 711
14.6833 709
14.7 707
14.7167 705
14.7333 703
14.75 701
14.7667 698
14.7833 696
14.8 694
14.8167 692
14.8333 690
14.85 687
14.8667 685
14.8833 683
14.9 680
14.9167 678
14.9333 676
14.95 673
14.9667 671
14.9833 669
15.0 667
15.0167 665
15.0333 662
15.05 660
15.0667 658
15.0833 655
15.1 653
15.1167 650
15.1333 648
15.15 645
15.1667 642
15.1833 640
15.2 637
15.2167 635
15.2333 632
15.25 629
15.2667 627
15.2833 624
15.3 621
15.3167 619
15.3333 616
15.35 613
15.3667 610
15.3833 608
15.4 605
15.4167 602
15.4333 599
15.45 596
15.4667 593
15.4833 591
15.5 588
15.5167 585
15.5333 582
15.55 579
15.5667 576
15.5833 573
15.6 570
15.6167 567
15.6333 564
15.65 561
15.6667 558
15.6833 555
15.7 552
15.7167 549
15.7333 546
15.75 543
15.7667 540
15.7833 537
15.8 533
15.8167 530
15.8333 527
15.85 524
15.8667 521
15.8833 518
15.9 514
15.9167 511
15.9333 508
15.95 505
15.9667 501
15.9833 498
16.0 495
16.0167 492
16.0333 488
16.05 485
16.0667 482
16.0833 478
16.1 475
16.1167 472
16.1333 468
16.15 465
16.1667 461
16.1833 458
16.2 455
16.2167 451
16.2333 448
16.25 444
16.2667 441
16.2833 437
16.3 434
16.3167 430
16.3333 427
16.35 423
16.3667 420
16.3833 416
16.4 413
16.4167 409
16.4333 406
16.45 402
16.4667 399
16.4833 395
16.5 391
16.5167 388
16.5333 384
16.55 381
16.5667 377
16.5833 373
16.6 370
16.6167 366
16.6333 362
16.65 359
16.6667 355
16.6833 351
16.7 348
16.7167 344
16.7333 340
16.75 337
16.7667 333
16.7833 329
16.8 325
16.8167 322
16.8333 318
16.85 314
16.8667 311
16.8833 307
16.9 303
16.9167 299
16.9333 296
16.95 292
16.9667 288
16.9833 284
