8.0 144
8.0167 147
8.0333 151
8.05 154
8.0667 158
8.0833 161
8.1 165
8.1167 169
8.1333 172
8.15 176
8.1667 180
8.1833 183
8.2 187
8.2167 191
8.2333 194
8.25 198
8.2667 202
8.2833 206
8.3 209
8.3167 213
8.3333 217
8.35 221
8.3667 225
8.3833 228
8.4 232
8.4167 236
8.4333 240
8.45 243
8.4667 247
8.4833 251
8.5 255
8.5167 259
8.5333 263
8.55 266
8.5667 270
8.5833 274
8.6 278
8.6167 282
8.6333 285
8.65 289
8.6667 293
8.6833 297
8.7 301
8.7167 305
8.7333 308
8.75 312
8.7667 316
8.7833 320
8.8 324
8.8167 328
8.8333 331
8.85 335
8.8667 339
8.8833 343
8.9 347
8.9167 350
8.9333 354
8.95 358
8.9667 362
8.9833 365
9.0 369
9.0167 374
9.0333 378
9.05 382
9.0667 385
9.0833 389
9.1 393
9.1167 397
9.1333 400
9.15 404
9.1667 408
9.1833 411
9.2 415
9.2167 419
9.2333 422
9.25 426
9.2667 430
9.2833 433
9.3 437
9.3167 441
9.3333 444
9.35 448
9.3667 452
9.3833 455
9.4 459
9.4167 462
9.4333 466
9.45 470
9.4667 473
9.4833 477
9.5 480
9.5167 484
9.5333 487
9.55 491
9.5667 494
9.5833 498
9.6 501
9.6167 505
9.6333 508
9.65 512
9.6667 515
9.6833 519
9.7 522
9.7167 525
9.7333 529
9.75 532
9.7667 535
9.7833 539
9.8 542
9.8167 546
9.8333 549
9.85 552
9.8667 555
9.8833 559
9.9 562
9.9167 565
9.9333 568
9.95 572
9.9667 575
9.9833 578
10.0 581
10.0167 585
10.0333 588
10.05 591
10.0667 594
10.0833 597
10.1 600
10.1167 603
10.1333 606
10.15 609
10.1667 613
10.1833 616
10.2 619
10.2167 622
10.2333 625
10.25 628
10.2667 631
10.2833 633
10.3 636
10.3167 639
10.3333 642
10.35 645
10.3667 648
10.3833 651
10.4 654
10.4167 657
10.4333 659
10.45 662
10.4667 665
10.4833 668
10.5 671
10.5167 673
10.5333 676
10.55 679
10.5667 681
10.5833 684
10.6 687
10.6167 689
10.6333 692
10.65 695
10.6667 697
10.6833 700
10.7 702
10.7167 705
10.7333 707
10.75 710
10.7667 712
10.7833 715
10.8 717
10.8167 720
10.8333 722
10.85 725
10.8667 727
10.8833 729
10.9 732
10.9167 734
10.9333 736
10.95 739
10.9667 741
10.9833 743
11.0 745
11.0167 748
11.0333 750
11.05 752
11.0667 754
11.0833 756
11.1 759
11.1167 761
11.1333 763
11.15 765
11.1667 767
11.1833 769
11.2 771
11.2167 773
11.2333 775
11.25 777
11.2667 779
11.2833 781
11.3 783
11.3167 785
11.3333 787
11.35 789
11.3667 790
11.3833 792
11.4 794
11.4167 796
11.4333 798
11.45 799
11.4667 801
11.4833 803
11.5 805
11.5167 806
11.5333 808
11.55 809
11.5667 811
11.5833 813
11.6 814
11.6167 816
11.6333 817
11.65 819
11.6667 820
11.6833 822
11.7 823
11.7167 825
11.7333 826
11.75 828
11.7667 829
11.7833 830
11.8 832
11.8167 833
11.8333 834
11.85 836
11.8667 837
11.8833 838
11.9 839
11.9167 841
11.9333 842
11.95 843
11.9667 844
11.9833 845
12.0 846
12.0167 847
12.0333 848
12.05 850
12.0667 851
12.0833 852
12.1 853
12.1167 853
12.1333 854
12.15 855
12.1667 856
12.1833 857
12.2 858
12.2167 859
12.2333 860
12.25 860
12.2667 861
12.2833 862
12.3 863
12.3167 863
12.3333 864
12.35 865
12.3667 865
12.3833 866
12.4 867
12.4167 867
12.4333 868
12.45 868
12.4667 869
12.4833 870
12.5 870
12.5167 870
12.5333 871
12.55 871
12.5667 872
12.5833 872
12.6 873
12.6167 873
12.6333 873
12.65 874
12.6667 874
12.6833 874
12.7 874
12.7167 875
12.7333 875
12.75 875
12.7667 875
12.7833 875
12.8 875
12.8167 875
12.8333 876
12.85 876
12.8667 876
12.8833 876
12.9 876
12.9167 876
12.9333 876
12.95 875
12.9667 875
12.9833 875
13.0 875
13.0167 875
13.0333 875
13.05 875
13.0667 874
13.0833 874
13.1 874
13.1167 874
13.1333 873
13.15 873
13.1667 873
13.1833 872
13.2 872
13.2167 872
13.2333 871
13.25 871
13.2667 870
13.2833 870
13.3 869
13.3167 869
13.3333 868
13.35 868
13.3667 867
13.3833 866
13.4 866
13.4167 865
13.4333 864
13.45 864
13.4667 863
13.4833 862
13.5 861
13.5167 861
13.5333 860
13.55 859
13.5667 858
13.5833 857
13.6 857
13.6167 856
13.6333 855
13.65 854
13.6667 853
13.6833 852
13.7 851
13.7167 850
13.7333 849
13.75 848
13.7667 847
13.7833 846
13.8 844
13.8167 843
13.8333 842
13.85 841
13.8667 840
13.8833 839
13.9 837
13.9167 836
13.9333 835
13.95 833
13.9667 832
13.9833 831
14.0 829
14.0167 828
14.0333 827
14.05 825
14.0667 824
14.0833 822
14.1 821
14.1167 819
14.1333 818
14.15 816
14.1667 815
14.1833 813
14.2 812
14.2167 810
14.2333 808
14.25 807
14.2667 805
14.2833 803
14.3 802
14.3167 800
14.3333 798
14.35 796
14.3667 795
14.3833 793
14.4 791
14.4167 789
14.4333 787
14.45 785
14.4667 784
14.4833 782
14.5 780
14.5167 778
14.5333 776
14.55 774
14.5667 772
14.5833 770
14.6 768
14.6167 766
14.6333 764
14.65 761
14.6667 759
14.6833 757
14.7 755
14.7167 753
14.7333 751
14.75 748
14.7667 746
14.7833 744
14.8 742
14.8167 739
14.8333 737
14.85 735
14.8667 732
14.8833 730
14.9 728
14.9167 725
14.9333 723
14.95 721
14.9667 718
14.9833 716
15.0 714
15.0167 712
15.0333 709
15.05 707
15.0667 704
15.0833 701
15.1 699
15.1167 696
15.1333 694
15.15 691
15.1667 688
15.1833 686
15.2 683
15.2167 680
15.2333 678
15.25 675
15.2667 672
15.2833 669
15.3 667
15.3167 664
15.3333 661
15.35 658
15.3667 655
15.3833 653
15.4 650
15.4167 647
15.4333 644
15.45 641
15.4667 638
15.4833 635
15.5 632
15.5167 629
15.5333 626
15.55 623
15.5667 620
15.5833 617
15.6 614
15.6167 611
15.6333 608
15.65 605
15.6667 602
15.6833 599
15.7 596
15.7167 593
15.7333 589
15.75 586
15.7667 583
15.7833 580
15.8 577
15.8167 574
15.8333 570
15.85 567
15.8667 564
15.8833 561
15.9 557
15.9167 554
15.9333 551
15.95 547
15.9667 544
15.9833 541
16.0 537
16.0167 534
16.0333 531
16.05 527
16.0667 524
16.0833 520
16.1 517
16.1167 514
16.1333 510
16.15 507
16.1667 503
16.1833 500
16.2 496
16.2167 493
16.2333 489
16.25 486
16.2667 482
16.2833 479
16.3 475
16.3167 471
16.3333 468
16.35 464
16.3667 461
16.3833 457
16.4 454
16.4167 450
16.4333 446
16.45 443
16.4667 439
16.4833 435
16.5 432
16.5167 428
16.5333 424
16.55 421
16.5667 417
16.5833 413
16.6 410
16.6167 406
16.6333 402
16.65 398
16.6667 395
16.6833 391
16.7 387
16.7167 383
16.7333 380
16.75 376
16.7667 372
16.7833 368
16.8 365
16.8167 361
16.8333 357
16.85 353
16.8667 349
16.8833 346
16.9 342
16.9167 338
16.9333 334
16.95 330
16.9667 327
16.9833 323
