8.0 158
8.0167 162
8.0333 166
8.05 169
8.0667 173
8.0833 177
8.1 180
8.1167 184
8.1333 188
8.15 191
8.1667 195
8.1833 199
8.2 203
8.2167 206
8.2333 210
8.25 214
8.2667 218
8.2833 222
8.3 225
8.3167 229
8.3333 233
8.35 237
8.3667 241
8.3833 244
8.4 248
8.4167 252
8.4333 256
8.45 260
8.4667 264
8.4833 268
8.5 271
8.5167 275
8.5333 279
8.55 283
8.5667 287
8.5833 291
8.6 295
8.6167 298
8.6333 302
8.65 306
8.6667 310
8.6833 314
8.7 318
8.7167 322
8.7333 325
8.75 329
8.7667 333
8.7833 337
8.8 341
8.8167 345
8.8333 348
8.85 352
8.8667 356
8.8833 360
8.9 364
8.9167 368
8.9333 371
8.95 375
8.9667 379
8.9833 383
9.0 386
9.0167 391
9.0333 395
9.05 399
9.0667 403
9.0833 406
9.1 410
9.1167 414
9.1333 418
9.15 421
9.1667 425
9.1833 429
9.2 433
9.2167 436
9.2333 440
9.25 444
9.2667 447
9.2833 451
9.3 455
9.3167 458
9.3333 462
9.35 466
9.3667 469
9.3833 473
9.4 476
9.4167 480
9.4333 484
9.45 487
9.4667 491
9.4833 494
9.5 498
9.5167 501
9.5333 505
9.55 508
9.5667 512
9.5833 515
9.6 519
9.6167 522
9.6333 526
9.65 529
9.6667 533
9.6833 536
9.7 540
9.7167 543
9.7333 546
9.75 550
9.7667 553
9.7833 556
9.8 560
9.8167 563
9.8333 566
9.85 570
9.8667 573
9.8833 576
9.9 580
9.9167 583
9.9333 586
9.95 589
9.9667 593
9.9833 596
10.0 599
10.0167 602
10.0333 605
10.05 608
10.0667 612
10.0833 615
10.1 618
10.1167 621
10.1333 624
10.15 627
10.1667 630
10.1833 633
10.2 636
10.2167 639
10.2333 642
10.25 645
10.2667 648
10.2833 651
10.3 654
10.3167 657
10.3333 660
10.35 663
10.3667 666
10.3833 668
10.4 671
10.4167 674
10.4333 677
10.45 680
10.4667 682
10.4833 685
10.5 688
10.5167 691
10.5333 693
10.55 696
10.5667 699
10.5833 701
10.6 704
10.6167 707
10.6333 709
10.65 712
10.6667 715
10.6833 717
10.7 720
10.7167 722
10.7333 725
10.75 727
10.7667 730
10.7833 732
10.8 735
10.8167 737
10.8333 739
10.85 742
10.8667 744
10.8833 747
10.9 749
10.9167 751
10.9333 754
10.95 756
10.9667 758
10.9833 760
11.0 763
11.0167 765
11.0333 767
11.05 769
11.0667 771
11.0833 774
11.1 776
11.1167 778
11.1333 780
11.15 782
11.1667 784
11.1833 786
11.2 788
11.2167 790
11.2333 792
11.25 794
11.2667 796
11.2833 798
11.3 800
11.3167 802
11.3333 804
11.35 805
11.3667 807
11.3833 809
11.4 811
11.4167 813
11.4333 814
11.45 816
11.4667 818
11.4833 820
11.5 821
11.5167 823
11.5333 825
11.55 826
11.5667 828
11.5833 829
11.6 831
11.6167 832
11.6333 834
11.65 835
11.6667 837
11.6833 838
11.7 840
11.7167 841
11.7333 843
11.75 844
11.7667 845
11.7833 847
11.8 848
11.8167 849
11.8333 851
11.85 852
11.8667 853
11.8833 855
11.9 856
11.9167 857
11.9333 858
11.95 859
11.9667 860
11.9833 861
12.0 863
12.0167 864
12.0333 865
12.05 866
12.0667 867
12.0833 868
12.1 869
12.1167 870
12.1333 871
12.15 871
12.1667 872
12.1833 873
12.2 874
12.2167 875
12.2333 876
12.25 876
12.2667 877
12.2833 878
12.3 879
12.3167 879
12.3333 880
12.35 881
12.3667 881
12.3833 882
12.4 883
12.4167 883
12.4333 884
12.45 884
12.4667 885
12.4833 885
12.5 886
12.5167 886
12.5333 887
12.55 887
12.5667 887
12.5833 888
12.6 888
12.6167 888
12.6333 889
12.65 889
12.6667 889
12.6833 890
12.7 890
12.7167 890
12.7333 890
12.75 890
12.7667 890
12.7833 891
12.8 891
12.8167 891
12.8333 891
12.85 891
12.8667 891
12.8833 891
12.9 891
12.9167 891
12.9333 891
12.95 891
12.9667 891
12.9833 890
13.0 890
13.0167 890
13.0333 890
13.05 890
13.0667 889
13.0833 889
13.1 889
13.1167 889
13.1333 888
13.15 888
13.1667 888
13.1833 887
13.2 887
13.2167 886
13.2333 886
13.25 885
13.2667 885
13.2833 885
13.3 884
13.3167 883
13.3333 883
13.35 882
13.3667 882
13.3833 881
13.4 880
13.4167 880
13.4333 879
13.45 878
13.4667 878
13.4833 877
13.5 876
13.5167 875
13.5333 874
13.55 874
13.5667 873
13.5833 872
13.6 871
13.6167 870
13.6333 869
13.65 868
13.6667 867
13.6833 866
13.7 865
13.7167 864
13.7333 863
13.75 862
13.7667 861
13.7833 860
13.8 859
13.8167 858
13.8333 856
13.85 855
13.8667 854
13.8833 853
13.9 851
13.9167 850
13.9333 849
13.95 847
13.9667 846
13.9833 845
14.0 843
14.0167 842
14.0333 841
14.05 839
14.0667 838
14.0833 836
14.1 835
14.1167 833
14.1333 832
14.15 830
14.1667 829
14.1833 827
14.2 825
14.2167 824
14.2333 822
14.25 820
14.2667 819
14.2833 817
14.3 815
14.3167 813
14.3333 812
14.35 810
14.3667 808
14.3833 806
14.4 804
14.4167 803
14.4333 801
14.45 799
14.4667 797
14.4833 795
14.5 793
14.5167 791
14.5333 789
14.55 787
14.5667 785
14.5833 783
14.6 781
14.6167 779
14.6333 777
14.65 775
14.6667 772
14.6833 770
14.7 768
14.7167 766
14.7333 764
14.75 761
14.7667 759
14.7833 757
14.8 755
14.8167 752
14.8333 750
14.85 748
14.8667 745
14.8833 743
14.9 741
14.9167 738
14.9333 736
14.95 733
14.9667 731
14.9833 728
15.0 727
15.0167 724
15.0333 722
15.05 719
15.0667 717
15.0833 714
15.1 711
15.1167 709
15.1333 706
15.15 703
15.1667 701
15.1833 698
15.2 695
15.2167 693
15.2333 690
15.25 687
15.2667 685
15.2833 682
15.3 679
15.3167 676
15.3333 673
15.35 671
15.3667 668
15.3833 665
15.4 662
15.4167 659
15.4333 656
15.45 653
15.4667 650
15.4833 647
15.5 644
15.5167 641
15.5333 638
15.55 635
15.5667 632
15.5833 629
15.6 626
15.6167 623
15.6333 620
15.65 617
15.6667 614
15.6833 611
15.7 608
15.7167 604
15.7333 601
15.75 598
15.7667 595
15.7833 592
15.8 588
15.8167 585
15.8333 582
15.85 579
15.8667 575
15.8833 572
15.9 569
15.9167 565
15.9333 562
15.95 559
15.9667 555
15.9833 552
16.0 549
16.0167 545
16.0333 542
16.05 539
16.0667 535
16.0833 532
16.1 528
16.1167 525
16.1333 521
16.15 518
16.1667 514
16.1833 511
16.2 507
16.2167 504
16.2333 500
16.25 497
16.2667 493
16.2833 490
16.3 486
16.3167 482
16.3333 479
16.35 475
16.3667 472
16.3833 468
16.4 464
16.4167 461
16.4333 457
16.45 453
16.4667 450
16.4833 446
16.5 442
16.5167 439
16.5333 435
16.55 431
16.5667 428
16.5833 424
16.6 420
16.6167 416
16.6333 413
16.65 409
16.6667 405
16.6833 401
16.7 398
16.7167 394
16.7333 390
16.75 386
16.7667 382
16.7833 379
16.8 375
16.8167 371
16.8333 367
16.85 363
16.8667 360
16.8833 356
16.9 352
16.9167 348
16.9333 344
16.95 340
16.9667 337
16.9833 333
