8.0 233
8.0167 237
8.0333 241
8.05 245
8.0667 249
8.0833 253
8.1 257
8.1167 261
8.1333 264
8.15 268
8.1667 272
8.1833 276
8.2 280
8.2167 284
8.2333 288
8.25 292
8.2667 296
8.2833 300
8.3 304
8.3167 308
8.3333 311
8.35 315
8.3667 319
8.3833 323
8.4 327
8.4167 331
8.4333 335
8.45 339
8.4667 343
8.4833 347
8.5 351
8.5167 355
8.5333 359
8.55 362
8.5667 366
8.5833 370
8.6 374
8.6167 378
8.6333 382
8.65 386
8.6667 390
8.6833 394
8.7 397
8.7167 401
8.7333 405
8.75 409
8.7667 413
8.7833 417
8.8 421
8.8167 424
8.8333 428
8.85 432
8.8667 436
8.8833 440
8.9 444
8.9167 447
8.9333 451
8.95 455
8.9667 459
8.9833 463
9.0 466
9.0167 471
9.0333 475
9.05 479
9.0667 482
9.0833 486
9.1 490
9.1167 494
9.1333 497
9.15 501
9.1667 505
9.1833 508
9.2 512
9.2167 516
9.2333 519
9.25 523
9.2667 527
9.2833 530
9.3 534
9.3167 537
9.3333 541
9.35 545
9.3667 548
9.3833 552
9.4 555
9.4167 559
9.4333 562
9.45 566
9.4667 569
9.4833 573
9.5 576
9.5167 580
9.5333 583
9.55 587
9.5667 590
9.5833 594
9.6 597
9.6167 600
9.6333 604
9.65 607
9.6667 610
9.6833 614
9.7 617
9.7167 621
9.7333 624
9.75 627
9.7667 630
9.7833 634
9.8 637
9.8167 640
9.8333 643
9.85 647
9.8667 650
9.8833 653
9.9 656
9.9167 659
9.9333 663
9.95 666
9.9667 669
9.9833 672
10.0 675
10.0167 678
10.0333 681
10.05 684
10.0667 687
10.0833 690
10.1 693
10.1167 696
10.1333 699
10.15 702
10.1667 705
10.1833 708
10.2 711
10.2167 714
10.2333 717
10.25 720
10.2667 723
10.2833 726
10.3 728
10.3167 731
10.3333 734
10.35 737
10.3667 740
10.3833 742
10.4 745
10.4167 748
10.4333 751
10.45 753
10.4667 756
10.4833 759
10.5 761
10.5167 764
10.5333 766
10.55 769
10.5667 772
10.5833 774
10.6 777
10.6167 779
10.6333 782
10.65 784
10.6667 787
10.6833 789
10.7 792
10.7167 794
10.7333 796
10.75 799
10.7667 801
10.7833 804
10.8 806
10.8167 808
10.8333 811
10.85 813
10.8667 815
10.8833 817
10.9 820
10.9167 822
10.9333 824
10.95 826
10.9667 828
10.9833 830
11.0 833
11.0167 835
11.0333 837
11.05 839
11.0667 841
11.0833 843
11.1 845
11.1167 847
11.1333 849
11.15 851
11.1667 853
11.1833 855
11.2 857
11.2167 859
11.2333 860
11.25 862
11.2667 864
11.2833 866
11.3 868
11.3167 869
11.3333 871
11.35 873
11.3667 875
11.3833 876
11.4 878
11.4167 880
11.4333 881
11.45 883
11.4667 885
11.4833 886
11.5 888
11.5167 889
11.5333 891
11.55 892
11.5667 894
11.5833 895
11.6 897
11.6167 898
11.6333 900
11.65 901
11.6667 902
11.6833 904
11.7 905
11.7167 906
11.7333 908
11.75 909
11.7667 910
11.7833 911
11.8 913
11.8167 914
11.8333 915
11.85 916
11.8667 917
11.8833 918
11.9 919
11.9167 920
11.9333 921
11.95 923
11.9667 924
11.9833 925
12.0 925
12.0167 926
12.0333 927
12.05 928
12.0667 929
12.0833 930
12.1 931
12.1167 932
12.1333 933
12.15 933
12.1667 934
12.1833 935
12.2 936
12.2167 936
12.2333 937
12.25 938
12.2667 938
12.2833 939
12.3 939
12.3167 940
12.3333 941
12.35 941
12.3667 942
12.3833 942
12.4 943
12.4167 943
12.4333 944
12.45 944
12.4667 944
12.4833 945
12.5 945
12.5167 945
12.5333 946
12.55 946
12.5667 946
12.5833 947
12.6 947
12.6167 947
12.6333 947
12.65 947
12.6667 947
12.6833 948
12.7 948
12.7167 948
12.7333 948
12.75 948
12.7667 948
12.7833 948
12.8 948
12.8167 948
12.8333 948
12.85 948
12.8667 948
12.8833 947
12.9 947
12.9167 947
12.9333 947
12.95 947
12.9667 947
12.9833 946
13.0 946
13.0167 946
13.0333 945
13.05 945
13.0667 945
13.0833 944
13.1 944
13.1167 944
13.1333 943
13.15 943
13.1667 942
13.1833 942
13.2 941
13.2167 941
13.2333 940
13.25 940
13.2667 939
13.2833 938
13.3 938
13.3167 937
13.3333 936
13.35 936
13.3667 935
13.3833 934
13.4 933
13.4167 933
13.4333 932
13.45 931
13.4667 930
13.4833 929
13.5 928
13.5167 927
13.5333 927
13.55 926
13.5667 925
13.5833 924
13.6 923
13.6167 922
13.6333 921
13.65 920
13.6667 918
13.6833 917
13.7 916
13.7167 915
13.7333 914
13.75 913
13.7667 911
13.7833 910
13.8 909
13.8167 908
13.8333 906
13.85 905
13.8667 904
13.8833 903
13.9 901
13.9167 900
13.9333 898
13.95 897
13.9667 895
13.9833 894
14.0 893
14.0167 891
14.0333 890
14.05 888
14.0667 886
14.0833 885
14.1 883
14.1167 882
14.1333 880
14.15 878
14.1667 877
14.1833 875
14.2 873
14.2167 871
14.2333 870
14.25 868
14.2667 866
14.2833 864
14.3 863
14.3167 861
14.3333 859
14.35 857
14.3667 855
14.3833 853
14.4 851
14.4167 849
14.4333 847
14.45 845
14.4667 843
14.4833 841
14.5 839
14.5167 837
14.5333 835
14.55 833
14.5667 831
14.5833 829
14.6 826
14.6167 824
14.6333 822
14.65 820
14.6667 818
14.6833 815
14.7 813
14.7167 811
14.7333 809
14.75 806
14.7667 804
14.7833 802
14.8 799
14.8167 797
14.8333 794
14.85 792
14.8667 790
14.8833 787
14.9 785
14.9167 782
14.9333 780
14.95 777
14.9667 775
14.9833 772
15.0 770
15.0167 767
15.0333 765
15.05 762
15.0667 759
15.0833 757
15.1 754
15.1167 751
15.1333 749
15.15 746
15.1667 743
15.1833 740
15.2 738
15.2167 735
15.2333 732
15.25 729
15.2667 726
15.2833 724
15.3 721
15.3167 718
15.3333 715
15.35 712
15.3667 709
15.3833 706
15.4 703
15.4167 700
15.4333 697
15.45 694
15.4667 691
15.4833 688
15.5 685
15.5167 682
15.5333 679
15.55 676
15.5667 673
15.5833 670
15.6 667
15.6167 664
15.6333 660
15.65 657
15.6667 654
15.6833 651
15.7 648
15.7167 644
15.7333 641
15.75 638
15.7667 635
15.7833 631
15.8 628
15.8167 625
15.8333 621
15.85 618
15.8667 615
15.8833 611
15.9 608
15.9167 605
15.9333 601
15.95 598
15.9667 594
15.9833 591
16.0 588
16.0167 584
16.0333 581
16.05 577
16.0667 574
16.0833 570
16.1 567
16.1167 563
16.1333 560
16.15 556
16.1667 553
16.1833 549
16.2 546
16.2167 542
16.2333 538
16.25 535
16.2667 531
16.2833 528
16.3 524
16.3167 520
16.3333 517
16.35 513
16.3667 509
16.3833 506
16.4 502
16.4167 498
16.4333 495
16.45 491
16.4667 487
16.4833 483
16.5 480
16.5167 476
16.5333 472
16.55 468
16.5667 465
16.5833 461
16.6 457
16.6167 453
16.6333 449
16.65 446
16.6667 442
16.6833 438
16.7 434
16.7167 430
16.7333 427
16.75 423
16.7667 419
16.7833 415
16.8 411
16.8167 407
16.8333 403
16.85 400
16.8667 396
16.8833 392
16.9 388
16.9167 384
16.9333 380
16.95 376
16.9667 372
16.9833 368
