8.0 212
8.0167 216
8.0333 220
8.05 223
8.0667 227
8.0833 231
8.1 235
8.1167 239
8.1333 243
8.15 247
8.1667 251
8.1833 255
8.2 259
8.2167 263
8.2333 267
8.25 271
8.2667 275
8.2833 279
8.3 283
8.3167 287
8.3333 291
8.35 295
8.3667 299
8.3833 303
8.4 307
8.4167 311
8.4333 315
8.45 319
8.4667 323
8.4833 327
8.5 331
8.5167 335
8.5333 339
8.55 343
8.5667 347
8.5833 351
8.6 355
8.6167 359
8.6333 363
8.65 367
8.6667 371
8.6833 375
8.7 379
8.7167 383
8.7333 387
8.75 391
8.7667 395
8.7833 399
8.8 403
8.8167 406
8.8333 410
8.85 414
8.8667 418
8.8833 422
8.9 426
8.9167 430
8.9333 434
8.95 438
8.9667 442
8.9833 445
9.0 449
9.0167 454
9.0333 458
9.05 462
9.0667 466
9.0833 469
9.1 473
9.1167 477
9.1333 481
9.15 485
9.1667 488
9.1833 492
9.2 496
9.2167 500
9.2333 503
9.25 507
9.2667 511
9.2833 514
9.3 518
9.3167 522
9.3333 525
9.35 529
9.3667 533
9.3833 536
9.4 540
9.4167 544
9.4333 547
9.45 551
9.4667 555
9.4833 558
9.5 562
9.5167 565
9.5333 569
9.55 572
9.5667 576
9.5833 579
9.6 583
9.6167 586
9.6333 590
9.65 593
9.6667 597
9.6833 600
9.7 603
9.7167 607
9.7333 610
9.75 614
9.7667 617
9.7833 620
9.8 624
9.8167 627
9.8333 630
9.85 634
9.8667 637
9.8833 640
9.9 643
9.9167 647
9.9333 650
9.95 653
9.9667 656
9.9833 660
10.0 663
10.0167 666
10.0333 669
10.05 672
10.0667 675
10.0833 678
10.1 682
10.1167 685
10.1333 688
10.15 691
10.1667 694
10.1833 697
10.2 700
10.2167 703
10.2333 706
10.25 709
10.2667 712
10.2833 715
10.3 717
10.3167 720
10.3333 723
10.35 726
10.3667 729
10.3833 732
10.4 735
10.4167 737
10.4333 740
10.45 743
10.4667 746
10.4833 748
10.5 751
10.5167 754
10.5333 757
10.55 759
10.5667 762
10.5833 764
10.6 767
10.6167 770
10.6333 772
10.65 775
10.6667 777
10.6833 780
10.7 782
10.7167 785
10.7333 787
10.75 790
10.7667 792
10.7833 795
10.8 797
10.8167 800
10.8333 802
10.85 804
10.8667 807
10.8833 809
10.9 811
10.9167 814
10.9333 816
10.95 818
10.9667 820
10.9833 823
11.0 825
11.0167 827
11.0333 829
11.05 831
11.0667 833
11.0833 835
11.1 838
11.1167 840
11.1333 842
11.15 844
11.1667 846
11.1833 848
11.2 850
11.2167 852
11.2333 854
11.25 855
11.2667 857
11.2833 859
11.3 861
11.3167 863
11.3333 865
11.35 867
11.3667 868
11.3833 870
11.4 872
11.4167 874
11.4333 875
11.45 877
11.4667 879
11.4833 880
11.5 882
11.5167 884
11.5333 885
11.55 887
11.5667 888
11.5833 890
11.6 891
11.6167 893
11.6333 894
11.65 896
11.6667 897
11.6833 899
11.7 900
11.7167 901
11.7333 903
11.75 904
11.7667 905
11.7833 907
11.8 908
11.8167 909
11.8333 910
11.85 912
11.8667 913
11.8833 914
11.9 915
11.9167 916
11.9333 917
11.95 919
11.9667 920
11.9833 921
12.0 922
12.0167 923
12.0333 924
12.05 925
12.0667 926
12.0833 927
12.1 928
12.1167 928
12.1333 929
12.15 930
12.1667 931
12.1833 932
12.2 933
12.2167 933
12.2333 934
12.25 935
12.2667 935
12.2833 936
12.3 937
12.3167 937
12.3333 938
12.35 939
12.3667 939
12.3833 940
12.4 940
12.4167 941
12.4333 941
12.45 942
12.4667 942
12.4833 943
12.5 943
12.5167 944
12.5333 944
12.55 944
12.5667 945
12.5833 945
12.6 945
12.6167 945
12.6333 946
12.65 946
12.6667 946
12.6833 946
12.7 947
12.7167 947
12.7333 947
12.75 947
12.7667 947
12.7833 947
12.8 947
12.8167 947
12.8333 947
12.85 947
12.8667 947
12.8833 947
12.9 947
12.9167 947
12.9333 947
12.95 946
12.9667 946
12.9833 946
13.0 946
13.0167 946
13.0333 945
13.05 945
13.0667 945
13.0833 944
13.1 944
13.1167 944
13.1333 943
13.15 943
13.1667 943
13.1833 942
13.2 942
13.2167 941
13.2333 941
13.25 940
13.2667 940
13.2833 939
13.3 938
13.3167 938
13.3333 937
13.35 937
13.3667 936
13.3833 935
13.4 934
13.4167 934
13.4333 933
13.45 932
13.4667 931
13.4833 931
13.5 930
13.5167 929
13.5333 928
13.55 927
13.5667 926
13.5833 925
13.6 924
13.6167 923
13.6333 922
13.65 921
13.6667 920
13.6833 919
13.7 918
13.7167 917
13.7333 916
13.75 915
13.7667 914
13.7833 912
13.8 911
13.8167 910
13.8333 909
13.85 907
13.8667 906
13.8833 905
13.9 903
13.9167 902
13.9333 901
13.95 899
13.9667 898
13.9833 897
14.0 895
14.0167 894
14.0333 892
14.05 891
14.0667 889
14.0833 888
14.1 886
14.1167 884
14.1333 883
14.15 881
14.1667 880
14.1833 878
14.2 876
14.2167 875
14.2333 873
14.25 871
14.2667 869
14.2833 868
14.3 866
14.3167 864
14.3333 862
14.35 860
14.3667 858
14.3833 857
14.4 855
14.4167 853
14.4333 851
14.45 849
14.4667 847
14.4833 845
14.5 843
14.5167 841
14.5333 839
14.55 837
14.5667 834
14.5833 832
14.6 830
14.6167 828
14.6333 826
14.65 824
14.6667 822
14.6833 819
14.7 817
14.7167 815
14.7333 813
14.75 810
14.7667 808
14.7833 806
14.8 803
14.8167 801
14.8333 798
14.85 796
14.8667 794
14.8833 791
14.9 789
14.9167 786
14.9333 784
14.95 781
14.9667 779
14.9833 776
15.0 774
15.0167 772
15.0333 769
15.05 767
15.0667 764
15.0833 761
15.1 759
15.1167 756
15.1333 753
15.15 750
15.1667 748
15.1833 745
15.2 742
15.2167 739
15.2333 737
15.25 734
15.2667 731
15.2833 728
15.3 725
15.3167 722
15.3333 720
15.35 717
15.3667 714
15.3833 711
15.4 708
15.4167 705
15.4333 702
15.45 699
15.4667 696
15.4833 693
15.5 690
15.5167 687
15.5333 684
15.55 681
15.5667 678
15.5833 674
15.6 671
15.6167 668
15.6333 665
15.65 662
15.6667 659
15.6833 655
15.7 652
15.7167 649
15.7333 646
15.75 643
15.7667 639
15.7833 636
15.8 633
15.8167 629
15.8333 626
15.85 623
15.8667 619
15.8833 616
15.9 613
15.9167 609
15.9333 606
15.95 602
15.9667 599
15.9833 596
16.0 592
16.0167 589
16.0333 585
16.05 582
16.0667 578
16.0833 575
16.1 571
16.1167 568
16.1333 564
16.15 561
16.1667 557
16.1833 553
16.2 550
16.2167 546
16.2333 543
16.25 539
16.2667 535
16.2833 532
16.3 528
16.3167 524
16.3333 521
16.35 517
16.3667 513
16.3833 510
16.4 506
16.4167 502
16.4333 498
16.45 495
16.4667 491
16.4833 487
16.5 483
16.5167 480
16.5333 476
16.55 472
16.5667 468
16.5833 464
16.6 461
16.6167 457
16.6333 453
16.65 449
16.6667 445
16.6833 441
16.7 437
16.7167 434
16.7333 430
16.75 426
16.7667 422
16.7833 418
16.8 414
16.8167 410
16.8333 406
16.85 402
16.8667 398
16.8833 394
16.9 391
16.9167 387
16.9333 383
16.95 379
16.9667 375
16.9833 371
