8.0 275
8.0167 279
8.0333 283
8.05 287
8.0667 291
8.0833 295
8.1 300
8.1167 304
8.1333 308
8.15 312
8.1667 316
8.1833 320
8.2 324
8.2167 328
8.2333 332
8.25 336
8.2667 340
8.2833 344
8.3 348
8.3167 352
8.3333 356
8.35 360
8.3667 365
8.3833 369
8.4 373
8.4167 377
8.4333 381
8.45 385
8.4667 389
8.4833 393
8.5 397
8.5167 401
8.5333 405
8.55 409
8.5667 413
8.5833 417
8.6 421
8.6167 425
8.6333 429
8.65 433
8.6667 437
8.6833 441
8.7 445
8.7167 449
8.7333 453
8.75 457
8.7667 460
8.7833 464
8.8 468
8.8167 472
8.8333 476
8.85 480
8.8667 484
8.8833 488
8.9 492
8.9167 495
8.9333 499
8.95 503
8.9667 507
8.9833 511
9.0 515
9.0167 519
9.0333 523
9.05 527
9.0667 531
9.0833 535
9.1 538
9.1167 542
9.1333 546
9.15 550
9.1667 553
9.1833 557
9.2 561
9.2167 564
9.2333 568
9.25 572
9.2667 575
9.2833 579
9.3 583
9.3167 586
9.3333 590
9.35 594
9.3667 597
9.3833 601
9.4 604
9.4167 608
9.4333 611
9.45 615
9.4667 619
9.4833 622
9.5 626
9.5167 629
9.5333 633
9.55 636
9.5667 639
9.5833 643
9.6 646
9.6167 650
9.6333 653
9.65 657
9.6667 660
9.6833 663
9.7 667
9.7167 670
9.7333 673
9.75 677
9.7667 680
9.7833 683
9.8 686
9.8167 690
9.8333 693
9.85 696
9.8667 699
9.8833 703
9.9 706
9.9167 709
9.9333 712
9.95 715
9.9667 718
9.9833 722
10.0 725
10.0167 728
10.0333 731
10.05 734
10.0667 737
10.0833 740
10.1 743
10.1167 746
10.1333 749
10.15 752
10.1667 755
10.1833 758
10.2 761
10.2167 764
10.2333 766
10.25 769
10.2667 772
10.2833 775
10.3 778
10.3167 781
10.3333 783
10.35 786
10.3667 789
10.3833 792
10.4 795
10.4167 797
10.4333 800
10.45 803
10.4667 805
10.4833 808
10.5 811
10.5167 813
10.5333 816
10.55 818
10.5667 821
10.5833 823
10.6 826
10.6167 829
10.6333 831
10.65 833
10.6667 836
10.6833 838
10.7 841
10.7167 843
10.7333 846
10.75 848
10.7667 850
10.7833 853
10.8 855
10.8167 857
10.8333 860
10.85 862
10.8667 864
10.8833 866
10.9 869
10.9167 871
10.9333 873
10.95 875
10.9667 877
10.9833 879
11.0 881
11.0167 884
11.0333 886
11.05 888
11.0667 890
11.0833 892
11.1 894
11.1167 896
11.1333 898
11.15 900
11.1667 901
11.1833 903
11.2 905
11.2167 907
11.2333 909
11.25 911
11.2667 913
11.2833 914
11.3 916
11.3167 918
11.3333 920
11.35 921
11.3667 923
11.3833 925
11.4 926
11.4167 928
11.4333 930
11.45 931
11.4667 933
11.4833 934
11.5 936
11.5167 937
11.5333 939
11.55 940
11.5667 942
11.5833 943
11.6 945
11.6167 946
11.6333 948
11.65 949
11.6667 950
11.6833 952
11.7 953
11.7167 954
11.7333 955
11.75 957
11.7667 958
11.7833 959
11.8 960
11.8167 961
11.8333 963
11.85 964
11.8667 965
11.8833 966
11.9 967
11.9167 968
11.9333 969
11.95 970
11.9667 971
11.9833 972
12.0 973
12.0167 974
12.0333 975
12.05 976
12.0667 976
12.0833 977
12.1 978
12.1167 979
12.1333 980
12.15 980
12.1667 981
12.1833 982
12.2 983
12.2167 983
12.2333 984
12.25 985
12.2667 985
12.2833 986
12.3 986
12.3167 987
12.3333 987
12.35 988
12.3667 988
12.3833 989
12.4 989
12.4167 990
12.4333 990
12.45 991
12.4667 991
12.4833 991
12.5 992
12.5167 992
12.5333 992
12.55 992
12.5667 993
12.5833 993
12.6 993
12.6167 993
12.6333 993
12.65 994
12.6667 994
12.6833 994
12.7 994
12.7167 994
12.7333 994
12.75 994
12.7667 994
12.7833 994
12.8 994
12.8167 994
12.8333 994
12.85 994
12.8667 993
12.8833 993
12.9 993
12.9167 993
12.9333 993
12.95 992
12.9667 992
12.9833 992
13.0 992
13.0167 991
13.0333 991
13.05 991
13.0667 990
13.0833 990
13.1 989
13.1167 989
13.1333 988
13.15 988
13.1667 987
13.1833 987
13.2 986
13.2167 986
13.2333 985
13.25 985
13.2667 984
13.2833 983
13.3 983
13.3167 982
13.3333 981
13.35 981
13.3667 980
13.3833 979
13.4 978
13.4167 977
13.4333 977
13.45 976
13.4667 975
13.4833 974
13.5 973
13.5167 972
13.5333 971
13.55 970
13.5667 969
13.5833 968
13.6 967
13.6167 966
13.6333 965
13.65 964
13.6667 963
13.6833 962
13.7 960
13.7167 959
13.7333 958
13.75 957
13.7667 956
13.7833 954
13.8 953
13.8167 952
13.8333 950
13.85 949
13.8667 948
13.8833 946
13.9 945
13.9167 944
13.9333 942
13.95 941
13.9667 939
13.9833 938
14.0 936
14.0167 935
14.0333 933
14.05 931
14.0667 930
14.0833 928
14.1 927
14.1167 925
14.1333 923
14.15 922
14.1667 920
14.1833 918
14.2 916
14.2167 915
14.2333 913
14.25 911
14.2667 909
14.2833 907
14.3 906
14.3167 904
14.3333 902
14.35 900
14.3667 898
14.3833 896
14.4 894
14.4167 892
14.4333 890
14.45 888
14.4667 886
14.4833 884
14.5 882
14.5167 880
14.5333 878
14.55 875
14.5667 873
14.5833 871
14.6 869
14.6167 867
14.6333 864
14.65 862
14.6667 860
14.6833 858
14.7 855
14.7167 853
14.7333 851
14.75 848
14.7667 846
14.7833 844
14.8 841
14.8167 839
14.8333 836
14.85 834
14.8667 831
14.8833 829
14.9 826
14.9167 824
14.9333 821
14.95 819
14.9667 816
14.9833 814
15.0 811
15.0167 809
15.0333 806
15.05 803
15.0667 801
15.0833 798
15.1 795
15.1167 793
15.1333 790
15.15 787
15.1667 784
15.1833 782
15.2 779
15.2167 776
15.2333 773
15.25 770
15.2667 767
15.2833 764
15.3 762
15.3167 759
15.3333 756
15.35 753
15.3667 750
15.3833 747
15.4 744
15.4167 741
15.4333 738
15.45 735
15.4667 732
15.4833 729
15.5 726
15.5167 722
15.5333 719
15.55 716
15.5667 713
15.5833 710
15.6 707
15.6167 704
15.6333 700
15.65 697
15.6667 694
15.6833 691
15.7 687
15.7167 684
15.7333 681
15.75 678
15.7667 674
15.7833 671
15.8 668
15.8167 664
15.8333 661
15.85 657
15.8667 654
15.8833 651
15.9 647
15.9167 644
15.9333 640
15.95 637
15.9667 633
15.9833 630
16.0 627
16.0167 623
16.0333 620
16.05 616
16.0667 612
16.0833 609
16.1 605
16.1167 602
16.1333 598
16.15 595
16.1667 591
16.1833 587
16.2 584
16.2167 580
16.2333 576
16.25 573
16.2667 569
16.2833 565
16.3 562
16.3167 558
16.3333 554
16.35 551
16.3667 547
16.3833 543
16.4 539
16.4167 536
16.4333 532
16.45 528
16.4667 524
16.4833 520
16.5 517
16.5167 513
16.5333 509
16.55 505
16.5667 501
16.5833 497
16.6 494
16.6167 490
16.6333 486
16.65 482
16.6667 478
16.6833 474
16.7 470
16.7167 466
16.7333 462
16.75 459
16.7667 455
16.7833 451
16.8 447
16.8167 443
16.8333 439
16.85 435
16.8667 431
16.8833 427
16.9 423
16.9167 419
16.9333 415
16.95 411
16.9667 407
16.9833 403
