8.0 239
8.0167 242
8.0333 245
8.05 248
8.0667 252
8.0833 255
8.1 258
8.1167 261
8.1333 264
8.15 268
8.1667 271
8.1833 274
8.2 277
8.2167 281
8.2333 284
8.25 287
8.2667 290
8.2833 293
8.3 297
8.3167 300
8.3333 303
8.35 306
8.3667 310
8.3833 313
8.4 316
8.4167 319
8.4333 323
8.45 326
8.4667 329
8.4833 332
8.5 336
8.5167 339
8.5333 342
8.55 345
8.5667 349
8.5833 352
8.6 355
8.6167 359
8.6333 362
8.65 365
8.6667 368
8.6833 372
8.7 375
8.7167 378
8.7333 381
8.75 385
8.7667 388
8.7833 391
8.8 394
8.8167 397
8.8333 401
8.85 404
8.8667 407
8.8833 410
8.9 414
8.9167 417
8.9333 420
8.95 423
8.9667 426
8.9833 430
9.0 433
9.0167 436
9.0333 440
9.05 443
9.0667 446
9.0833 449
9.1 452
9.1167 455
9.1333 459
9.15 462
9.1667 465
9.1833 468
9.2 471
9.2167 474
9.2333 477
9.25 480
9.2667 483
9.2833 487
9.3 490
9.3167 493
9.3333 496
9.35 499
9.3667 502
9.3833 505
9.4 508
9.4167 511
9.4333 514
9.45 517
9.4667 520
9.4833 523
9.5 526
9.5167 529
9.5333 532
9.55 535
9.5667 538
9.5833 541
9.6 543
9.6167 546
9.6333 549
9.65 552
9.6667 555
9.6833 558
9.7 561
9.7167 564
9.7333 566
9.75 569
9.7667 572
9.7833 575
9.8 578
9.8167 580
9.8333 583
9.85 586
9.8667 589
9.8833 591
9.9 594
9.9167 597
9.9333 600
9.95 602
9.9667 605
9.9833 608
10.0 610
10.0167 613
10.0333 616
10.05 618
10.0667 621
10.0833 623
10.1 626
10.1167 629
10.1333 631
10.15 634
10.1667 636
10.1833 639
10.2 641
10.2167 644
10.2333 646
10.25 649
10.2667 651
10.2833 653
10.3 656
10.3167 658
10.3333 661
10.35 663
10.3667 665
10.3833 668
10.4 670
10.4167 672
10.4333 675
10.45 677
10.4667 679
10.4833 682
10.5 684
10.5167 686
10.5333 688
10.55 691
10.5667 693
10.5833 695
10.6 697
10.6167 699
10.6333 701
10.65 704
10.6667 706
10.6833 708
10.7 710
10.7167 712
10.7333 714
10.75 716
10.7667 718
10.7833 720
10.8 722
10.8167 724
10.8333 726
10.85 728
10.8667 730
10.8833 732
10.9 733
10.9167 735
10.9333 737
10.95 739
10.9667 741
10.9833 743
11.0 744
11.0167 746
11.0333 748
11.05 750
11.0667 751
11.0833 753
11.1 755
11.1167 757
11.1333 758
11.15 760
11.1667 761
11.1833 763
11.2 765
11.2167 766
11.2333 768
11.25 769
11.2667 771
11.2833 772
11.3 774
11.3167 775
11.3333 777
11.35 778
11.3667 780
11.3833 781
11.4 782
11.4167 784
11.4333 785
11.45 787
11.4667 788
11.4833 789
11.5 790
11.5167 792
11.5333 793
11.55 794
11.5667 795
11.5833 797
11.6 798
11.6167 799
11.6333 800
11.65 801
11.6667 802
11.6833 803
11.7 804
11.7167 805
11.7333 807
11.75 808
11.7667 809
11.7833 809
11.8 810
11.8167 811
11.8333 812
11.85 813
11.8667 814
11.8833 815
11.9 816
11.9167 817
11.9333 817
11.95 818
11.9667 819
11.9833 820
12.0 821
12.0167 821
12.0333 822
12.05 823
12.0667 823
12.0833 824
12.1 825
12.1167 825
12.1333 826
12.15 826
12.1667 827
12.1833 828
12.2 828
12.2167 829
12.2333 829
12.25 829
12.2667 830
12.2833 830
12.3 831
12.3167 831
12.3333 832
12.35 832
12.3667 832
12.3833 832
12.4 833
12.4167 833
12.4333 833
12.45 834
12.4667 834
12.4833 834
12.5 834
12.5167 834
12.5333 834
12.55 835
12.5667 835
12.5833 835
12.6 835
12.6167 835
12.6333 835
12.65 835
12.6667 835
12.6833 835
12.7 835
12.7167 835
12.7333 835
12.75 835
12.7667 835
12.7833 834
12.8 834
12.8167 834
12.8333 834
12.85 834
12.8667 833
12.8833 833
12.9 833
12.9167 833
12.9333 832
12.95 832
12.9667 832
12.9833 831
13.0 831
13.0167 831
13.0333 830
13.05 830
13.0667 829
13.0833 829
13.1 828
13.1167 828
13.1333 827
13.15 827
13.1667 826
13.1833 826
13.2 825
13.2167 824
13.2333 824
13.25 823
13.2667 822
13.2833 822
13.3 821
13.3167 820
13.3333 819
13.35 819
13.3667 818
13.3833 817
13.4 816
13.4167 815
13.4333 815
13.45 814
13.4667 813
13.4833 812
13.5 811
13.5167 810
13.5333 809
13.55 808
13.5667 807
13.5833 806
13.6 805
13.6167 804
13.6333 803
13.65 802
13.6667 801
13.6833 799
13.7 798
13.7167 797
13.7333 796
13.75 795
13.7667 793
13.7833 792
13.8 791
13.8167 790
13.8333 788
13.85 787
13.8667 786
13.8833 784
13.9 783
13.9167 782
13.9333 780
13.95 779
13.9667 777
13.9833 776
14.0 775
14.0167 773
14.0333 772
14.05 770
14.0667 769
14.0833 767
14.1 765
14.1167 764
14.1333 762
14.15 761
14.1667 759
14.1833 757
14.2 756
14.2167 754
14.2333 752
14.25 751
14.2667 749
14.2833 747
14.3 745
14.3167 744
14.3333 742
14.35 740
14.3667 738
14.3833 736
14.4 734
14.4167 732
14.4333 731
14.45 729
14.4667 727
14.4833 725
14.5 723
14.5167 721
14.5333 719
14.55 717
14.5667 715
14.5833 713
14.6 711
14.6167 709
14.6333 707
14.65 704
14.6667 702
14.6833 700
14.7 698
14.7167 696
14.7333 694
14.75 692
14.7667 689
14.7833 687
14.8 685
14.8167 683
14.8333 680
14.85 678
14.8667 676
14.8833 674
14.9 671
14.9167 669
14.9333 667
14.95 664
14.9667 662
14.9833 659
15.0 657
15.0167 655
15.0333 652
15.05 650
15.0667 647
15.0833 645
15.1 643
15.1167 640
15.1333 638
15.15 635
15.1667 632
15.1833 630
15.2 627
15.2167 625
15.2333 622
15.25 620
15.2667 617
15.2833 614
15.3 612
15.3167 609
15.3333 606
15.35 604
15.3667 601
15.3833 598
15.4 596
15.4167 593
15.4333 590
15.45 587
15.4667 585
15.4833 582
15.5 579
15.5167 576
15.5333 574
15.55 571
15.5667 568
15.5833 565
15.6 562
15.6167 559
15.6333 557
15.65 554
15.6667 551
15.6833 548
15.7 545
15.7167 542
15.7333 539
15.75 536
15.7667 533
15.7833 530
15.8 527
15.8167 524
15.8333 522
15.85 519
15.8667 516
15.8833 513
15.9 510
15.9167 506
15.9333 503
15.95 500
15.9667 497
15.9833 494
16.0 491
16.0167 488
16.0333 485
16.05 482
16.0667 479
16.0833 476
16.1 473
16.1167 470
16.1333 467
16.15 463
16.1667 460
16.1833 457
16.2 454
16.2167 451
16.2333 448
16.25 445
16.2667 441
16.2833 438
16.3 435
16.3167 432
16.3333 429
16.35 425
16.3667 422
16.3833 419
16.4 416
16.4167 413
16.4333 409
16.45 406
16.4667 403
16.4833 400
16.5 397
16.5167 393
16.5333 390
16.55 387
16.5667 384
16.5833 380
16.6 377
16.6167 374
16.6333 371
16.65 367
16.6667 364
16.6833 361
16.7 358
16.7167 354
16.7333 351
16.75 348
16.7667 345
16.7833 341
16.8 338
16.8167 335
16.8333 332
16.85 328
16.8667 325
16.8833 322
16.9 318
16.9167 315
16.9333 312
16.95 309
16.9667 305
16.9833 302
