8.0 297
8.0167 301
8.0333 305
8.05 308
8.0667 312
8.0833 316
8.1 320
8.1167 324
8.1333 328
8.15 332
8.1667 336
8.1833 339
8.2 343
8.2167 347
8.2333 351
8.25 355
8.2667 359
8.2833 363
8.3 367
8.3167 371
8.3333 374
8.35 378
8.3667 382
8.3833 386
8.4 390
8.4167 394
8.4333 398
8.45 401
8.4667 405
8.4833 409
8.5 413
8.5167 417
8.5333 421
8.55 424
8.5667 428
8.5833 432
8.6 436
8.6167 440
8.6333 444
8.65 447
8.6667 451
8.6833 455
8.7 459
8.7167 462
8.7333 466
8.75 470
8.7667 474
8.7833 478
8.8 481
8.8167 485
8.8333 489
8.85 492
8.8667 496
8.8833 500
8.9 504
8.9167 507
8.9333 511
8.95 515
8.9667 518
8.9833 522
9.0 526
9.0167 530
9.0333 534
9.05 537
9.0667 541
9.0833 544
9.1 548
9.1167 552
9.1333 555
9.15 559
9.1667 562
9.1833 566
9.2 569
9.2167 573
9.2333 577
9.25 580
9.2667 584
9.2833 587
9.3 590
9.3167 594
9.3333 597
9.35 601
9.3667 604
9.3833 608
9.4 611
9.4167 615
9.4333 618
9.45 621
9.4667 625
9.4833 628
9.5 631
9.5167 635
9.5333 638
9.55 641
9.5667 645
9.5833 648
9.6 651
9.6167 654
9.6333 658
9.65 661
9.6667 664
9.6833 667
9.7 671
9.7167 674
9.7333 677
9.75 680
9.7667 683
9.7833 686
9.8 689
9.8167 693
9.8333 696
9.85 699
9.8667 702
9.8833 705
9.9 708
9.9167 711
9.9333 714
9.95 717
9.9667 720
9.9833 723
10.0 726
10.0167 729
10.0333 732
10.05 735
10.0667 738
10.0833 740
10.1 743
10.1167 746
10.1333 749
10.15 752
10.1667 755
10.1833 757
10.2 760
10.2167 763
10.2333 766
10.25 768
10.2667 771
10.2833 774
10.3 777
10.3167 779
10.3333 782
10.35 784
10.3667 787
10.3833 790
10.4 792
10.4167 795
10.4333 797
10.45 800
10.4667 803
10.4833 805
10.5 808
10.5167 810
10.5333 812
10.55 815
10.5667 817
10.5833 820
10.6 822
10.6167 825
10.6333 827
10.65 829
10.6667 832
10.6833 834
10.7 836
10.7167 838
10.7333 841
10.75 843
10.7667 845
10.7833 847
10.8 850
10.8167 852
10.8333 854
10.85 856
10.8667 858
10.8833 860
10.9 862
10.9167 864
10.9333 866
10.95 869
10.9667 871
10.9833 873
11.0 874
11.0167 876
11.0333 878
11.05 880
11.0667 882
11.0833 884
11.1 886
11.1167 888
11.1333 890
11.15 892
11.1667 893
11.1833 895
11.2 897
11.2167 899
11.2333 900
11.25 902
11.2667 904
11.2833 905
11.3 907
11.3167 909
11.3333 910
11.35 912
11.3667 913
11.3833 915
11.4 917
11.4167 918
11.4333 920
11.45 921
11.4667 923
11.4833 924
11.5 925
11.5167 927
11.5333 928
11.55 930
11.5667 931
11.5833 932
11.6 934
11.6167 935
11.6333 936
11.65 937
11.6667 939
11.6833 940
11.7 941
11.7167 942
11.7333 943
11.75 944
11.7667 946
11.7833 947
11.8 948
11.8167 949
11.8333 950
11.85 951
11.8667 952
11.8833 953
11.9 954
11.9167 955
11.9333 956
11.95 957
11.9667 957
11.9833 958
12.0 959
12.0167 960
12.0333 961
12.05 962
12.0667 962
12.0833 963
12.1 964
12.1167 964
12.1333 965
12.15 966
12.1667 966
12.1833 967
12.2 968
12.2167 968
12.2333 969
12.25 969
12.2667 970
12.2833 970
12.3 971
12.3167 971
12.3333 972
12.35 972
12.3667 973
12.3833 973
12.4 973
12.4167 974
12.4333 974
12.45 974
12.4667 975
12.4833 975
12.5 975
12.5167 975
12.5333 976
12.55 976
12.5667 976
12.5833 976
12.6 976
12.6167 976
12.6333 976
12.65 976
12.6667 976
12.6833 976
12.7 976
12.7167 976
12.7333 976
12.75 976
12.7667 976
12.7833 976
12.8 976
12.8167 976
12.8333 976
12.85 975
12.8667 975
12.8833 975
12.9 975
12.9167 974
12.9333 974
12.95 974
12.9667 974
12.9833 973
13.0 973
13.0167 972
13.0333 972
13.05 972
13.0667 971
13.0833 971
13.1 970
13.1167 970
13.1333 969
13.15 969
13.1667 968
13.1833 967
13.2 967
13.2167 966
13.2333 966
13.25 965
13.2667 964
13.2833 963
13.3 963
13.3167 962
13.3333 961
13.35 960
13.3667 960
13.3833 959
13.4 958
13.4167 957
13.4333 956
13.45 955
13.4667 954
13.4833 953
13.5 952
13.5167 951
13.5333 950
13.55 949
13.5667 948
13.5833 947
13.6 946
13.6167 945
13.6333 944
13.65 943
13.6667 942
13.6833 940
13.7 939
13.7167 938
13.7333 937
13.75 936
13.7667 934
13.7833 933
13.8 932
13.8167 930
13.8333 929
13.85 928
13.8667 926
13.8833 925
13.9 923
13.9167 922
13.9333 920
13.95 919
13.9667 917
13.9833 916
14.0 914
14.0167 913
14.0333 911
14.05 910
14.0667 908
14.0833 906
14.1 905
14.1167 903
14.1333 901
14.15 900
14.1667 898
14.1833 896
14.2 894
14.2167 892
14.2333 891
14.25 889
14.2667 887
14.2833 885
14.3 883
14.3167 881
14.3333 879
14.35 878
14.3667 876
14.3833 874
14.4 872
14.4167 870
14.4333 868
14.45 866
14.4667 863
14.4833 861
14.5 859
14.5167 857
14.5333 855
14.55 853
14.5667 851
14.5833 849
14.6 846
14.6167 844
14.6333 842
14.65 840
14.6667 837
14.6833 835
14.7 833
14.7167 830
14.7333 828
14.75 826
14.7667 823
14.7833 821
14.8 819
14.8167 816
14.8333 814
14.85 811
14.8667 809
14.8833 806
14.9 804
14.9167 801
14.9333 799
14.95 796
14.9667 794
14.9833 791
15.0 789
15.0167 786
15.0333 784
15.05 781
15.0667 778
15.0833 776
15.1 773
15.1167 770
15.1333 767
15.15 765
15.1667 762
15.1833 759
15.2 756
15.2167 754
15.2333 751
15.25 748
15.2667 745
15.2833 742
15.3 739
15.3167 737
15.3333 734
15.35 731
15.3667 728
15.3833 725
15.4 722
15.4167 719
15.4333 716
15.45 713
15.4667 710
15.4833 707
15.5 704
15.5167 701
15.5333 698
15.55 695
15.5667 691
15.5833 688
15.6 685
15.6167 682
15.6333 679
15.65 676
15.6667 673
15.6833 669
15.7 666
15.7167 663
15.7333 660
15.75 657
15.7667 653
15.7833 650
15.8 647
15.8167 643
15.8333 640
15.85 637
15.8667 633
15.8833 630
15.9 627
15.9167 623
15.9333 620
15.95 617
15.9667 613
15.9833 610
16.0 606
16.0167 603
16.0333 600
16.05 596
16.0667 593
16.0833 589
16.1 586
16.1167 582
16.1333 579
16.15 575
16.1667 572
16.1833 568
16.2 565
16.2167 561
16.2333 557
16.25 554
16.2667 550
16.2833 547
16.3 543
16.3167 540
16.3333 536
16.35 532
16.3667 529
16.3833 525
16.4 521
16.4167 518
16.4333 514
16.45 510
16.4667 507
16.4833 503
16.5 499
16.5167 496
16.5333 492
16.55 488
16.5667 484
16.5833 481
16.6 477
16.6167 473
16.6333 469
16.65 466
16.6667 462
16.6833 458
16.7 454
16.7167 450
16.7333 447
16.75 443
16.7667 439
16.7833 435
16.8 431
16.8167 428
16.8333 424
16.85 420
16.8667 416
16.8833 412
16.9 408
16.9167 405
16.9333 401
16.95 397
16.9667 393
16.9833 389
