8.0 276
8.0167 280
8.0333 284
8.05 288
8.0667 291
8.0833 295
8.1 299
8.1167 303
8.1333 307
8.15 310
8.1667 314
8.1833 318
8.2 322
8.2167 326
8.2333 329
8.25 333
8.2667 337
8.2833 341
8.3 345
8.3167 349
8.3333 352
8.35 356
8.3667 360
8.3833 364
8.4 368
8.4167 371
8.4333 375
8.45 379
8.4667 383
8.4833 387
8.5 390
8.5167 394
8.5333 398
8.55 402
8.5667 406
8.5833 409
8.6 413
8.6167 417
8.6333 421
8.65 425
8.6667 428
8.6833 432
8.7 436
8.7167 440
8.7333 443
8.75 447
8.7667 451
8.7833 454
8.8 458
8.8167 462
8.8333 466
8.85 469
8.8667 473
8.8833 477
8.9 480
8.9167 484
8.9333 488
8.95 491
8.9667 495
8.9833 499
9.0 502
9.0167 507
9.0333 510
9.05 514
9.0667 517
9.0833 521
9.1 525
9.1167 528
9.1333 532
9.15 535
9.1667 539
9.1833 542
9.2 546
9.2167 549
9.2333 553
9.25 556
9.2667 560
9.2833 563
9.3 567
9.3167 570
9.3333 574
9.35 577
9.3667 581
9.3833 584
9.4 587
9.4167 591
9.4333 594
9.45 598
9.4667 601
9.4833 604
9.5 608
9.5167 611
9.5333 614
9.55 618
9.5667 621
9.5833 624
9.6 627
9.6167 631
9.6333 634
9.65 637
9.6667 640
9.6833 644
9.7 647
9.7167 650
9.7333 653
9.75 656
9.7667 659
9.7833 663
9.8 666
9.8167 669
9.8333 672
9.85 675
9.8667 678
9.8833 681
9.9 684
9.9167 687
9.9333 690
9.95 693
9.9667 696
9.9833 699
10.0 702
10.0167 705
10.0333 708
10.05 711
10.0667 714
10.0833 717
10.1 720
10.1167 722
10.1333 725
10.15 728
10.1667 731
10.1833 734
10.2 736
10.2167 739
10.2333 742
10.25 745
10.2667 747
10.2833 750
10.3 753
10.3167 756
10.3333 758
10.35 761
10.3667 763
10.3833 766
10.4 769
10.4167 771
10.4333 774
10.45 776
10.4667 779
10.4833 781
10.5 784
10.5167 786
10.5333 789
10.55 791
10.5667 794
10.5833 796
10.6 799
10.6167 801
10.6333 803
10.65 806
10.6667 808
10.6833 810
10.7 813
10.7167 815
10.7333 817
10.75 819
10.7667 822
10.7833 824
10.8 826
10.8167 828
10.8333 830
10.85 833
10.8667 835
10.8833 837
10.9 839
10.9167 841
10.9333 843
10.95 845
10.9667 847
10.9833 849
11.0 851
11.0167 853
11.0333 855
11.05 857
11.0667 859
11.0833 861
11.1 863
11.1167 865
11.1333 867
11.15 868
11.1667 870
11.1833 872
11.2 874
11.2167 875
11.2333 877
11.25 879
11.2667 881
11.2833 882
11.3 884
11.3167 886
11.3333 887
11.35 889
11.3667 890
11.3833 892
11.4 894
11.4167 895
11.4333 897
11.45 898
11.4667 900
11.4833 901
11.5 903
11.5167 904
11.5333 905
11.55 907
11.5667 908
11.5833 909
11.6 911
11.6167 912
11.6333 913
11.65 915
11.6667 916
11.6833 917
11.7 918
11.7167 919
11.7333 921
11.75 922
11.7667 923
11.7833 924
11.8 925
11.8167 926
11.8333 927
11.85 928
11.8667 929
11.8833 930
11.9 931
11.9167 932
11.9333 933
11.95 934
11.9667 935
11.9833 936
12.0 937
12.0167 938
12.0333 938
12.05 939
12.0667 940
12.0833 941
12.1 941
12.1167 942
12.1333 943
12.15 944
12.1667 944
12.1833 945
12.2 945
12.2167 946
12.2333 947
12.25 947
12.2667 948
12.2833 948
12.3 949
12.3167 949
12.3333 950
12.35 950
12.3667 950
12.3833 951
12.4 951
12.4167 952
12.4333 952
12.45 952
12.4667 953
12.4833 953
12.5 953
12.5167 953
12.5333 954
12.55 954
12.5667 954
12.5833 954
12.6 954
12.6167 954
12.6333 954
12.65 954
12.6667 954
12.6833 955
12.7 955
12.7167 955
12.7333 954
12.75 954
12.7667 954
12.7833 954
12.8 954
12.8167 954
12.8333 954
12.85 954
12.8667 954
12.8833 953
12.9 953
12.9167 953
12.9333 953
12.95 952
12.9667 952
12.9833 952
13.0 951
13.0167 951
13.0333 950
13.05 950
13.0667 950
13.0833 949
13.1 949
13.1167 948
13.1333 948
13.15 947
13.1667 947
13.1833 946
13.2 945
13.2167 945
13.2333 944
13.25 944
13.2667 943
13.2833 942
13.3 941
13.3167 941
13.3333 940
13.35 939
13.3667 938
13.3833 938
13.4 937
13.4167 936
13.4333 935
13.45 934
13.4667 933
13.4833 932
13.5 931
13.5167 930
13.5333 929
13.55 928
13.5667 927
13.5833 926
13.6 925
13.6167 924
13.6333 923
13.65 922
13.6667 921
13.6833 920
13.7 918
13.7167 917
13.7333 916
13.75 915
13.7667 913
13.7833 912
13.8 911
13.8167 909
13.8333 908
13.85 907
13.8667 905
13.8833 904
13.9 903
13.9167 901
13.9333 900
13.95 898
13.9667 897
13.9833 895
14.0 894
14.0167 892
14.0333 891
14.05 889
14.0667 887
14.0833 886
14.1 884
14.1167 882
14.1333 881
14.15 879
14.1667 877
14.1833 876
14.2 874
14.2167 872
14.2333 870
14.25 868
14.2667 867
14.2833 865
14.3 863
14.3167 861
14.3333 859
14.35 857
14.3667 855
14.3833 853
14.4 851
14.4167 849
14.4333 847
14.45 845
14.4667 843
14.4833 841
14.5 839
14.5167 837
14.5333 835
14.55 833
14.5667 831
14.5833 828
14.6 826
14.6167 824
14.6333 822
14.65 820
14.6667 817
14.6833 815
14.7 813
14.7167 810
14.7333 808
14.75 806
14.7667 803
14.7833 801
14.8 799
14.8167 796
14.8333 794
14.85 791
14.8667 789
14.8833 786
14.9 784
14.9167 781
14.9333 779
14.95 776
14.9667 774
14.9833 771
15.0 769
15.0167 766
15.0333 764
15.05 761
15.0667 759
15.0833 756
15.1 753
15.1167 751
15.1333 748
15.15 745
15.1667 742
15.1833 740
15.2 737
15.2167 734
15.2333 731
15.25 728
15.2667 726
15.2833 723
15.3 720
15.3167 717
15.3333 714
15.35 711
15.3667 708
15.3833 705
15.4 702
15.4167 700
15.4333 697
15.45 694
15.4667 691
15.4833 688
15.5 685
15.5167 681
15.5333 678
15.55 675
15.5667 672
15.5833 669
15.6 666
15.6167 663
15.6333 660
15.65 657
15.6667 654
15.6833 650
15.7 647
15.7167 644
15.7333 641
15.75 638
15.7667 634
15.7833 631
15.8 628
15.8167 625
15.8333 621
15.85 618
15.8667 615
15.8833 611
15.9 608
15.9167 605
15.9333 601
15.95 598
15.9667 595
15.9833 591
16.0 588
16.0167 584
16.0333 581
16.05 578
16.0667 574
16.0833 571
16.1 567
16.1167 564
16.1333 560
16.15 557
16.1667 553
16.1833 550
16.2 546
16.2167 543
16.2333 539
16.25 536
16.2667 532
16.2833 529
16.3 525
16.3167 521
16.3333 518
16.35 514
16.3667 511
16.3833 507
16.4 503
16.4167 500
16.4333 496
16.45 493
16.4667 489
16.4833 485
16.5 482
16.5167 478
16.5333 474
16.55 470
16.5667 467
16.5833 463
16.6 459
16.6167 456
16.6333 452
16.65 448
16.6667 444
16.6833 441
16.7 437
16.7167 433
16.7333 430
16.75 426
16.7667 422
16.7833 418
16.8 414
16.8167 411
16.8333 407
16.85 403
16.8667 399
16.8833 396
16.9 392
16.9167 388
16.9333 384
16.95 380
16.9667 377
16.9833 373
