8.0 300
8.0167 303
8.0333 307
8.05 311
8.0667 315
8.0833 319
8.1 323
8.1167 327
8.1333 331
8.15 334
8.1667 338
8.1833 342
8.2 346
8.2167 350
8.2333 354
8.25 358
8.2667 362
8.2833 365
8.3 369
8.3167 373
8.3333 377
8.35 381
8.3667 385
8.3833 389
8.4 392
8.4167 396
8.4333 400
8.45 404
8.4667 408
8.4833 412
8.5 416
8.5167 419
8.5333 423
8.55 427
8.5667 431
8.5833 435
8.6 438
8.6167 442
8.6333 446
8.65 450
8.6667 454
8.6833 457
8.7 461
8.7167 465
8.7333 469
8.75 473
8.7667 476
8.7833 480
8.8 484
8.8167 487
8.8333 491
8.85 495
8.8667 499
8.8833 502
8.9 506
8.9167 510
8.9333 513
8.95 517
8.9667 521
8.9833 524
9.0 528
9.0167 532
9.0333 536
9.05 540
9.0667 543
9.0833 547
9.1 550
9.1167 554
9.1333 558
9.15 561
9.1667 565
9.1833 568
9.2 572
9.2167 575
9.2333 579
9.25 582
9.2667 586
9.2833 589
9.3 593
9.3167 596
9.3333 600
9.35 603
9.3667 607
9.3833 610
9.4 613
9.4167 617
9.4333 620
9.45 623
9.4667 627
9.4833 630
9.5 634
9.5167 637
9.5333 640
9.55 643
9.5667 647
9.5833 650
9.6 653
9.6167 657
9.6333 660
9.65 663
9.6667 666
9.6833 669
9.7 673
9.7167 676
9.7333 679
9.75 682
9.7667 685
9.7833 688
9.8 691
9.8167 695
9.8333 698
9.85 701
9.8667 704
9.8833 707
9.9 710
9.9167 713
9.9333 716
9.95 719
9.9667 722
9.9833 725
10.0 728
10.0167 731
10.0333 734
10.05 737
10.0667 739
10.0833 742
10.1 745
10.1167 748
10.1333 751
10.15 754
10.1667 756
10.1833 759
10.2 762
10.2167 765
10.2333 767
10.25 770
10.2667 773
10.2833 776
10.3 778
10.3167 781
10.3333 784
10.35 786
10.3667 789
10.3833 791
10.4 794
10.4167 797
10.4333 799
10.45 802
10.4667 804
10.4833 807
10.5 809
10.5167 812
10.5333 814
10.55 817
10.5667 819
10.5833 821
10.6 824
10.6167 826
10.6333 828
10.65 831
10.6667 833
10.6833 835
10.7 838
10.7167 840
10.7333 842
10.75 844
10.7667 847
10.7833 849
10.8 851
10.8167 853
10.8333 855
10.85 858
10.8667 860
10.8833 862
10.9 864
10.9167 866
10.9333 868
10.95 870
10.9667 872
10.9833 874
11.0 876
11.0167 878
11.0333 880
11.05 882
11.0667 884
11.0833 886
11.1 887
11.1167 889
11.1333 891
11.15 893
11.1667 895
11.1833 896
11.2 898
11.2167 900
11.2333 902
11.25 903
11.2667 905
11.2833 907
11.3 908
11.3167 910
11.3333 912
11.35 913
11.3667 915
11.3833 916
11.4 918
11.4167 919
11.4333 921
11.45 922
11.4667 924
11.4833 925
11.5 927
11.5167 928
11.5333 929
11.55 931
11.5667 932
11.5833 933
11.6 935
11.6167 936
11.6333 937
11.65 939
11.6667 940
11.6833 941
11.7 942
11.7167 943
11.7333 944
11.75 946
11.7667 947
11.7833 948
11.8 949
11.8167 950
11.8333 951
11.85 952
11.8667 953
11.8833 954
11.9 955
11.9167 956
11.9333 957
11.95 958
11.9667 959
11.9833 959
12.0 960
12.0167 961
12.0333 962
12.05 963
12.0667 963
12.0833 964
12.1 965
12.1167 965
12.1333 966
12.15 967
12.1667 967
12.1833 968
12.2 969
12.2167 969
12.2333 970
12.25 970
12.2667 971
12.2833 971
12.3 972
12.3167 972
12.3333 973
12.35 973
12.3667 974
12.3833 974
12.4 974
12.4167 975
12.4333 975
12.45 975
12.4667 975
12.4833 976
12.5 976
12.5167 976
12.5333 976
12.55 977
12.5667 977
12.5833 977
12.6 977
12.6167 977
12.6333 977
12.65 977
12.6667 977
12.6833 977
12.7 977
12.7167 977
12.7333 977
12.75 977
12.7667 977
12.7833 977
12.8 977
12.8167 977
12.8333 976
12.85 976
12.8667 976
12.8833 976
12.9 975
12.9167 975
12.9333 975
12.95 975
12.9667 974
12.9833 974
13.0 974
13.0167 973
13.0333 973
13.05 972
13.0667 972
13.0833 971
13.1 971
13.1167 970
13.1333 970
13.15 969
13.1667 969
13.1833 968
13.2 967
13.2167 967
13.2333 966
13.25 966
13.2667 965
13.2833 964
13.3 963
13.3167 963
13.3333 962
13.35 961
13.3667 960
13.3833 959
13.4 959
13.4167 958
13.4333 957
13.45 956
13.4667 955
13.4833 954
13.5 953
13.5167 952
13.5333 951
13.55 950
13.5667 949
13.5833 948
13.6 947
13.6167 946
13.6333 945
13.65 943
13.6667 942
13.6833 941
13.7 940
13.7167 939
13.7333 937
13.75 936
13.7667 935
13.7833 934
13.8 932
13.8167 931
13.8333 930
13.85 928
13.8667 927
13.8833 925
13.9 924
13.9167 922
13.9333 921
13.95 919
13.9667 918
13.9833 916
14.0 915
14.0167 913
14.0333 912
14.05 910
14.0667 908
14.0833 907
14.1 905
14.1167 903
14.1333 902
14.15 900
14.1667 898
14.1833 897
14.2 895
14.2167 893
14.2333 891
14.25 889
14.2667 888
14.2833 886
14.3 884
14.3167 882
14.3333 880
14.35 878
14.3667 876
14.3833 874
14.4 872
14.4167 870
14.4333 868
14.45 866
14.4667 864
14.4833 862
14.5 860
14.5167 858
14.5333 856
14.55 853
14.5667 851
14.5833 849
14.6 847
14.6167 845
14.6333 842
14.65 840
14.6667 838
14.6833 836
14.7 833
14.7167 831
14.7333 829
14.75 826
14.7667 824
14.7833 822
14.8 819
14.8167 817
14.8333 814
14.85 812
14.8667 809
14.8833 807
14.9 804
14.9167 802
14.9333 799
14.95 797
14.9667 794
14.9833 792
15.0 789
15.0167 787
15.0333 784
15.05 781
15.0667 779
15.0833 776
15.1 773
15.1167 771
15.1333 768
15.15 765
15.1667 762
15.1833 760
15.2 757
15.2167 754
15.2333 751
15.25 748
15.2667 746
15.2833 743
15.3 740
15.3167 737
15.3333 734
15.35 731
15.3667 728
15.3833 725
15.4 722
15.4167 719
15.4333 716
15.45 713
15.4667 710
15.4833 707
15.5 704
15.5167 701
15.5333 698
15.55 695
15.5667 692
15.5833 689
15.6 686
15.6167 683
15.6333 680
15.65 676
15.6667 673
15.6833 670
15.7 667
15.7167 664
15.7333 660
15.75 657
15.7667 654
15.7833 651
15.8 647
15.8167 644
15.8333 641
15.85 637
15.8667 634
15.8833 631
15.9 627
15.9167 624
15.9333 621
15.95 617
15.9667 614
15.9833 610
16.0 607
16.0167 604
16.0333 600
16.05 597
16.0667 593
16.0833 590
16.1 586
16.1167 583
16.1333 579
16.15 576
16.1667 572
16.1833 569
16.2 565
16.2167 562
16.2333 558
16.25 555
16.2667 551
16.2833 547
16.3 544
16.3167 540
16.3333 537
16.35 533
16.3667 529
16.3833 526
16.4 522
16.4167 518
16.4333 515
16.45 511
16.4667 507
16.4833 504
16.5 500
16.5167 496
16.5333 493
16.55 489
16.5667 485
16.5833 481
16.6 478
16.6167 474
16.6333 470
16.65 466
16.6667 463
16.6833 459
16.7 455
16.7167 451
16.7333 447
16.75 444
16.7667 440
16.7833 436
16.8 432
16.8167 428
16.8333 425
16.85 421
16.8667 417
16.8833 413
16.9 409
16.9167 405
16.9333 402
16.95 398
16.9667 394
16.9833 390
