8.0 355
8.0167 359
8.0333 363
8.05 367
8.0667 371
8.0833 375
8.1 379
8.1167 383
8.1333 387
8.15 391
8.1667 395
8.1833 399
8.2 403
8.2167 407
8.2333 411
8.25 415
8.2667 419
8.2833 423
8.3 427
8.3167 431
8.3333 435
8.35 439
8.3667 443
8.3833 447
8.4 451
8.4167 455
8.4333 459
8.45 463
8.4667 467
8.4833 471
8.5 474
8.5167 478
8.5333 482
8.55 486
8.5667 490
8.5833 494
8.6 498
8.6167 502
8.6333 506
8.65 510
8.6667 513
8.6833 517
8.7 521
8.7167 525
8.7333 529
8.75 533
8.7667 536
8.7833 540
8.8 544
8.8167 548
8.8333 552
8.85 555
8.8667 559
8.8833 563
8.9 567
8.9167 570
8.9333 574
8.95 578
8.9667 581
8.9833 585
9.0 589
9.0167 593
9.0333 597
9.05 601
9.0667 604
9.0833 608
9.1 611
9.1167 615
9.1333 619
9.15 622
9.1667 626
9.1833 629
9.2 633
9.2167 636
9.2333 640
9.25 644
9.2667 647
9.2833 651
9.3 654
9.3167 658
9.3333 661
9.35 664
9.3667 668
9.3833 671
9.4 675
9.4167 678
9.4333 682
9.45 685
9.4667 688
9.4833 692
9.5 695
9.5167 698
9.5333 702
9.55 705
9.5667 708
9.5833 712
9.6 715
9.6167 718
9.6333 721
9.65 725
9.6667 728
9.6833 731
9.7 734
9.7167 737
9.7333 741
9.75 744
9.7667 747
9.7833 750
9.8 753
9.8167 756
9.8333 759
9.85 762
9.8667 765
9.8833 769
9.9 772
9.9167 775
9.9333 778
9.95 781
9.9667 784
9.9833 786
10.0 789
10.0167 792
10.0333 795
10.05 798
10.0667 801
10.0833 804
10.1 807
10.1167 810
10.1333 812
10.15 815
10.1667 818
10.1833 821
10.2 824
10.2167 826
10.2333 829
10.25 832
10.2667 834
10.2833 837
10.3 840
10.3167 842
10.3333 845
10.35 848
10.3667 850
10.3833 853
10.4 855
10.4167 858
10.4333 861
10.45 863
10.4667 866
10.4833 868
10.5 871
10.5167 873
10.5333 875
10.55 878
10.5667 880
10.5833 883
10.6 885
10.6167 887
10.6333 890
10.65 892
10.6667 894
10.6833 897
10.7 899
10.7167 901
10.7333 903
10.75 906
10.7667 908
10.7833 910
10.8 912
10.8167 914
10.8333 916
10.85 918
10.8667 921
10.8833 923
10.9 925
10.9167 927
10.9333 929
10.95 931
10.9667 933
10.9833 935
11.0 937
11.0167 939
11.0333 941
11.05 942
11.0667 944
11.0833 946
11.1 948
11.1167 950
11.1333 952
11.15 953
11.1667 955
11.1833 957
11.2 959
11.2167 960
11.2333 962
11.25 964
11.2667 965
11.2833 967
11.3 969
11.3167 970
11.3333 972
11.35 973
11.3667 975
11.3833 977
11.4 978
11.4167 980
11.4333 981
11.45 982
11.4667 984
11.4833 985
11.5 987
11.5167 988
11.5333 989
11.55 991
11.5667 992
11.5833 993
11.6 995
11.6167 996
11.6333 997
11.65 998
11.6667 1000
11.6833 1001
11.7 1002
11.7167 1003
11.7333 1004
11.75 1005
11.7667 1006
11.7833 1007
11.8 1008
11.8167 1009
11.8333 1010
11.85 1011
11.8667 1012
11.8833 1013
11.9 1014
11.9167 1015
11.9333 1016
11.95 1017
11.9667 1018
11.9833 1019
12.0 1019
12.0167 1020
12.0333 1021
12.05 1022
12.0667 1023
12.0833 1023
12.1 1024
12.1167 1025
12.1333 1025
12.15 1026
12.1667 1026
12.1833 1027
12.2 1028
12.2167 1028
12.2333 1029
12.25 1029
12.2667 1030
12.2833 1030
12.3 1031
12.3167 1031
12.3333 1031
12.35 1032
12.3667 1032
12.3833 1033
12.4 1033
12.4167 1033
12.4333 1033
12.45 1034
12.4667 1034
12.4833 1034
12.5 1034
12.5167 1035
12.5333 1035
12.55 1035
12.5667 1035
12.5833 1035
12.6 1035
12.6167 1035
12.6333 1035
12.65 1035
12.6667 1035
12.6833 1035
12.7 1035
12.7167 1035
12.7333 1035
12.75 1035
12.7667 1035
12.7833 1035
12.8 1035
12.8167 1035
12.8333 1034
12.85 1034
12.8667 1034
12.8833 1034
12.9 1033
12.9167 1033
12.9333 1033
12.95 1032
12.9667 1032
12.9833 1032
13.0 1031
13.0167 1031
13.0333 1030
13.05 1030
13.0667 1029
13.0833 1029
13.1 1028
13.1167 1028
13.1333 1027
13.15 1027
13.1667 1026
13.1833 1026
13.2 1025
13.2167 1024
13.2333 1024
13.25 1023
13.2667 1022
13.2833 1021
13.3 1021
13.3167 1020
13.3333 1019
13.35 1018
13.3667 1017
13.3833 1017
13.4 1016
13.4167 1015
13.4333 1014
13.45 1013
13.4667 1012
13.4833 1011
13.5 1010
13.5167 1009
13.5333 1008
13.55 1007
13.5667 1006
13.5833 1005
13.6 1004
13.6167 1003
13.6333 1001
13.65 1000
13.6667 999
13.6833 998
13.7 997
13.7167 995
13.7333 994
13.75 993
13.7667 991
13.7833 990
13.8 989
13.8167 987
13.8333 986
13.85 985
13.8667 983
13.8833 982
13.9 980
13.9167 979
13.9333 977
13.95 976
13.9667 974
13.9833 973
14.0 971
14.0167 970
14.0333 968
14.05 966
14.0667 965
14.0833 963
14.1 961
14.1167 960
14.1333 958
14.15 956
14.1667 954
14.1833 953
14.2 951
14.2167 949
14.2333 947
14.25 945
14.2667 943
14.2833 942
14.3 940
14.3167 938
14.3333 936
14.35 934
14.3667 932
14.3833 930
14.4 928
14.4167 926
14.4333 924
14.45 922
14.4667 920
14.4833 918
14.5 915
14.5167 913
14.5333 911
14.55 909
14.5667 907
14.5833 905
14.6 902
14.6167 900
14.6333 898
14.65 896
14.6667 893
14.6833 891
14.7 889
14.7167 886
14.7333 884
14.75 882
14.7667 879
14.7833 877
14.8 874
14.8167 872
14.8333 869
14.85 867
14.8667 864
14.8833 862
14.9 859
14.9167 857
14.9333 854
14.95 852
14.9667 849
14.9833 846
15.0 844
15.0167 841
15.0333 839
15.05 836
15.0667 833
15.0833 831
15.1 828
15.1167 825
15.1333 823
15.15 820
15.1667 817
15.1833 814
15.2 811
15.2167 809
15.2333 806
15.25 803
15.2667 800
15.2833 797
15.3 794
15.3167 791
15.3333 788
15.35 785
15.3667 782
15.3833 779
15.4 776
15.4167 773
15.4333 770
15.45 767
15.4667 764
15.4833 761
15.5 758
15.5167 755
15.5333 752
15.55 749
15.5667 746
15.5833 743
15.6 739
15.6167 736
15.6333 733
15.65 730
15.6667 727
15.6833 723
15.7 720
15.7167 717
15.7333 714
15.75 710
15.7667 707
15.7833 704
15.8 700
15.8167 697
15.8333 694
15.85 690
15.8667 687
15.8833 684
15.9 680
15.9167 677
15.9333 673
15.95 670
15.9667 667
15.9833 663
16.0 660
16.0167 656
16.0333 653
16.05 649
16.0667 646
16.0833 642
16.1 639
16.1167 635
16.1333 632
16.15 628
16.1667 624
16.1833 621
16.2 617
16.2167 614
16.2333 610
16.25 606
16.2667 603
16.2833 599
16.3 595
16.3167 592
16.3333 588
16.35 584
16.3667 581
16.3833 577
16.4 573
16.4167 570
16.4333 566
16.45 562
16.4667 558
16.4833 555
16.5 551
16.5167 547
16.5333 543
16.55 539
16.5667 536
16.5833 532
16.6 528
16.6167 524
16.6333 520
16.65 516
16.6667 513
16.6833 509
16.7 505
16.7167 501
16.7333 497
16.75 493
16.7667 489
16.7833 485
16.8 481
16.8167 478
16.8333 474
16.85 470
16.8667 466
16.8833 462
16.9 458
16.9167 454
16.9333 450
16.95 446
16.9667 442
16.9833 438
