8.0 387
8.0167 390
8.0333 394
8.05 398
8.0667 402
8.0833 405
8.1 409
8.1167 413
8.1333 417
8.15 420
8.1667 424
8.1833 428
8.2 432
8.2167 435
8.2333 439
8.25 443
8.2667 447
8.2833 450
8.3 454
8.3167 458
8.3333 462
8.35 465
8.3667 469
8.3833 473
8.4 476
8.4167 480
8.4333 484
8.45 487
8.4667 491
8.4833 495
8.5 498
8.5167 502
8.5333 506
8.55 509
8.5667 513
8.5833 517
8.6 520
8.6167 524
8.6333 527
8.65 531
8.6667 535
8.6833 538
8.7 542
8.7167 545
8.7333 549
8.75 552
8.7667 556
8.7833 560
8.8 563
8.8167 567
8.8333 570
8.85 574
8.8667 577
8.8833 581
8.9 584
8.9167 588
8.9333 591
8.95 595
8.9667 598
8.9833 601
9.0 605
9.0167 608
9.0333 612
9.05 615
9.0667 619
9.0833 622
9.1 625
9.1167 629
9.1333 632
9.15 635
9.1667 639
9.1833 642
9.2 645
9.2167 649
9.2333 652
9.25 655
9.2667 659
9.2833 662
9.3 665
9.3167 668
9.3333 671
9.35 675
9.3667 678
9.3833 681
9.4 684
9.4167 687
9.4333 691
9.45 694
9.4667 697
9.4833 700
9.5 703
9.5167 706
9.5333 709
9.55 712
9.5667 716
9.5833 719
9.6 722
9.6167 725
9.6333 728
9.65 731
9.6667 734
9.6833 737
9.7 740
9.7167 743
9.7333 746
9.75 748
9.7667 751
9.7833 754
9.8 757
9.8167 760
9.8333 763
9.85 766
9.8667 769
9.8833 771
9.9 774
9.9167 777
9.9333 780
9.95 783
9.9667 785
9.9833 788
10.0 791
10.0167 794
10.0333 796
10.05 799
10.0667 802
10.0833 804
10.1 807
10.1167 810
10.1333 812
10.15 815
10.1667 817
10.1833 820
10.2 823
10.2167 825
10.2333 828
10.25 830
10.2667 833
10.2833 835
10.3 838
10.3167 840
10.3333 843
10.35 845
10.3667 847
10.3833 850
10.4 852
10.4167 855
10.4333 857
10.45 859
10.4667 862
10.4833 864
10.5 866
10.5167 868
10.5333 871
10.55 873
10.5667 875
10.5833 877
10.6 880
10.6167 882
10.6333 884
10.65 886
10.6667 888
10.6833 890
10.7 892
10.7167 895
10.7333 897
10.75 899
10.7667 901
10.7833 903
10.8 905
10.8167 907
10.8333 909
10.85 911
10.8667 913
10.8833 915
10.9 916
10.9167 918
10.9333 920
10.95 922
10.9667 924
10.9833 926
11.0 928
11.0167 929
11.0333 931
11.05 933
11.0667 935
11.0833 936
11.1 938
11.1167 940
11.1333 941
11.15 943
11.1667 945
11.1833 946
11.2 948
11.2167 949
11.2333 951
11.25 953
11.2667 954
11.2833 956
11.3 957
11.3167 959
11.3333 960
11.35 962
11.3667 963
11.3833 964
11.4 966
11.4167 967
11.4333 968
11.45 970
11.4667 971
11.4833 972
11.5 974
11.5167 975
11.5333 976
11.55 977
11.5667 979
11.5833 980
11.6 981
11.6167 982
11.6333 983
11.65 984
11.6667 986
11.6833 987
11.7 988
11.7167 989
11.7333 990
11.75 991
11.7667 992
11.7833 993
11.8 994
11.8167 995
11.8333 996
11.85 996
11.8667 997
11.8833 998
11.9 999
11.9167 1000
11.9333 1001
11.95 1001
11.9667 1002
11.9833 1003
12.0 1004
12.0167 1004
12.0333 1005
12.05 1006
12.0667 1006
12.0833 1007
12.1 1008
12.1167 1008
12.1333 1009
12.15 1009
12.1667 1010
12.1833 1011
12.2 1011
12.2167 1012
12.2333 1012
12.25 1013
12.2667 1013
12.2833 1013
12.3 1014
12.3167 1014
12.3333 1014
12.35 1015
12.3667 1015
12.3833 1015
12.4 1016
12.4167 1016
12.4333 1016
12.45 1016
12.4667 1017
12.4833 1017
12.5 1017
12.5167 1017
12.5333 1017
12.55 1017
12.5667 1018
12.5833 1018
12.6 1018
12.6167 1018
12.6333 1018
12.65 1018
12.6667 1018
12.6833 1018
12.7 1018
12.7167 1018
12.7333 1017
12.75 1017
12.7667 1017
12.7833 1017
12.8 1017
12.8167 1017
12.8333 1016
12.85 1016
12.8667 1016
12.8833 1016
12.9 1015
12.9167 1015
12.9333 1015
12.95 1014
12.9667 1014
12.9833 1014
13.0 1013
13.0167 1013
13.0333 1012
13.05 1012
13.0667 1012
13.0833 1011
13.1 1011
13.1167 1010
13.1333 1009
13.15 1009
13.1667 1008
13.1833 1008
13.2 1007
13.2167 1006
13.2333 1006
13.25 1005
13.2667 1004
13.2833 1004
13.3 1003
13.3167 1002
13.3333 1001
13.35 1001
13.3667 1000
13.3833 999
13.4 998
13.4167 997
13.4333 996
13.45 995
13.4667 995
13.4833 994
13.5 993
13.5167 992
13.5333 991
13.55 990
13.5667 989
13.5833 988
13.6 986
13.6167 985
13.6333 984
13.65 983
13.6667 982
13.6833 981
13.7 980
13.7167 978
13.7333 977
13.75 976
13.7667 975
13.7833 974
13.8 972
13.8167 971
13.8333 970
13.85 968
13.8667 967
13.8833 966
13.9 964
13.9167 963
13.9333 961
13.95 960
13.9667 958
13.9833 957
14.0 955
14.0167 954
14.0333 952
14.05 951
14.0667 949
14.0833 948
14.1 946
14.1167 944
14.1333 943
14.15 941
14.1667 939
14.1833 938
14.2 936
14.2167 934
14.2333 933
14.25 931
14.2667 929
14.2833 927
14.3 926
14.3167 924
14.3333 922
14.35 920
14.3667 918
14.3833 916
14.4 914
14.4167 912
14.4333 910
14.45 908
14.4667 907
14.4833 905
14.5 903
14.5167 900
14.5333 898
14.55 896
14.5667 894
14.5833 892
14.6 890
14.6167 888
14.6333 886
14.65 884
14.6667 882
14.6833 879
14.7 877
14.7167 875
14.7333 873
14.75 870
14.7667 868
14.7833 866
14.8 864
14.8167 861
14.8333 859
14.85 857
14.8667 854
14.8833 852
14.9 850
14.9167 847
14.9333 845
14.95 842
14.9667 840
14.9833 837
15.0 835
15.0167 833
15.0333 830
15.05 828
15.0667 825
15.0833 822
15.1 820
15.1167 817
15.1333 815
15.15 812
15.1667 809
15.1833 807
15.2 804
15.2167 801
15.2333 799
15.25 796
15.2667 793
15.2833 791
15.3 788
15.3167 785
15.3333 782
15.35 780
15.3667 777
15.3833 774
15.4 771
15.4167 768
15.4333 766
15.45 763
15.4667 760
15.4833 757
15.5 754
15.5167 751
15.5333 748
15.55 745
15.5667 742
15.5833 739
15.6 736
15.6167 733
15.6333 730
15.65 727
15.6667 724
15.6833 721
15.7 718
15.7167 715
15.7333 712
15.75 709
15.7667 706
15.7833 703
15.8 700
15.8167 697
15.8333 694
15.85 690
15.8667 687
15.8833 684
15.9 681
15.9167 678
15.9333 675
15.95 671
15.9667 668
15.9833 665
16.0 662
16.0167 658
16.0333 655
16.05 652
16.0667 648
16.0833 645
16.1 642
16.1167 638
16.1333 635
16.15 632
16.1667 628
16.1833 625
16.2 622
16.2167 618
16.2333 615
16.25 612
16.2667 608
16.2833 605
16.3 601
16.3167 598
16.3333 594
16.35 591
16.3667 587
16.3833 584
16.4 580
16.4167 577
16.4333 574
16.45 570
16.4667 566
16.4833 563
16.5 559
16.5167 556
16.5333 552
16.55 549
16.5667 545
16.5833 542
16.6 538
16.6167 534
16.6333 531
16.65 527
16.6667 524
16.6833 520
16.7 516
16.7167 513
16.7333 509
16.75 506
16.7667 502
16.7833 498
16.8 495
16.8167 491
16.8333 487
16.85 484
16.8667 480
16.8833 476
16.9 472
16.9167 469
16.9333 465
16.95 461
16.9667 458
16.9833 454
