8.0 281
8.0167 284
8.0333 287
8.05 290
8.0667 293
8.0833 296
8.1 299
8.1167 303
8.1333 306
8.15 309
8.1667 312
8.1833 315
8.2 318
8.2167 322
8.2333 325
8.25 328
8.2667 331
8.2833 334
8.3 338
8.3167 341
8.3333 344
8.35 347
8.3667 350
8.3833 353
8.4 357
8.4167 360
8.4333 363
8.45 366
8.4667 369
8.4833 372
8.5 376
8.5167 379
8.5333 382
8.55 385
8.5667 388
8.5833 392
8.6 395
8.6167 398
8.6333 401
8.65 404
8.6667 407
8.6833 410
8.7 414
8.7167 417
8.7333 420
8.75 423
8.7667 426
8.7833 429
8.8 432
8.8167 436
8.8333 439
8.85 442
8.8667 445
8.8833 448
8.9 451
8.9167 454
8.9333 457
8.95 460
8.9667 463
8.9833 467
9.0 470
9.0167 473
9.0333 476
9.05 479
9.0667 482
9.0833 485
9.1 488
9.1167 491
9.1333 494
9.15 497
9.1667 500
9.1833 503
9.2 506
9.2167 509
9.2333 512
9.25 515
9.2667 518
9.2833 521
9.3 524
9.3167 527
9.3333 530
9.35 532
9.3667 535
9.3833 538
9.4 541
9.4167 544
9.4333 547
9.45 550
9.4667 553
9.4833 556
9.5 558
9.5167 561
9.5333 564
9.55 567
9.5667 570
9.5833 572
9.6 575
9.6167 578
9.6333 581
9.65 583
9.6667 586
9.6833 589
9.7 592
9.7167 594
9.7333 597
9.75 600
9.7667 602
9.7833 605
9.8 608
9.8167 610
9.8333 613
9.85 616
9.8667 618
9.8833 621
9.9 624
9.9167 626
9.9333 629
9.95 631
9.9667 634
9.9833 636
10.0 639
10.0167 641
10.0333 644
10.05 646
10.0667 649
10.0833 651
10.1 654
10.1167 656
10.1333 659
10.15 661
10.1667 663
10.1833 666
10.2 668
10.2167 671
10.2333 673
10.25 675
10.2667 678
10.2833 680
10.3 682
10.3167 684
10.3333 687
10.35 689
10.3667 691
10.3833 693
10.4 696
10.4167 698
10.4333 700
10.45 702
10.4667 704
10.4833 707
10.5 709
10.5167 711
10.5333 713
10.55 715
10.5667 717
10.5833 719
10.6 721
10.6167 723
10.6333 725
10.65 727
10.6667 729
10.6833 731
10.7 733
10.7167 735
10.7333 737
10.75 739
10.7667 741
10.7833 743
10.8 745
10.8167 747
10.8333 748
10.85 750
10.8667 752
10.8833 754
10.9 756
10.9167 757
10.9333 759
10.95 761
10.9667 763
10.9833 764
11.0 766
11.0167 768
11.0333 769
11.05 771
11.0667 773
11.0833 774
11.1 776
11.1167 777
11.1333 779
11.15 781
11.1667 782
11.1833 784
11.2 785
11.2167 787
11.2333 788
11.25 790
11.2667 791
11.2833 792
11.3 794
11.3167 795
11.3333 797
11.35 798
11.3667 799
11.3833 801
11.4 802
11.4167 803
11.4333 804
11.45 806
11.4667 807
11.4833 808
11.5 809
11.5167 811
11.5333 812
11.55 813
11.5667 814
11.5833 815
11.6 816
11.6167 817
11.6333 818
11.65 819
11.6667 820
11.6833 822
11.7 823
11.7167 824
11.7333 824
11.75 825
11.7667 826
11.7833 827
11.8 828
11.8167 829
11.8333 830
11.85 831
11.8667 832
11.8833 832
11.9 833
11.9167 834
11.9333 835
11.95 836
11.9667 836
11.9833 837
12.0 838
12.0167 838
12.0333 839
12.05 840
12.0667 840
12.0833 841
12.1 841
12.1167 842
12.1333 843
12.15 843
12.1667 844
12.1833 844
12.2 845
12.2167 845
12.2333 845
12.25 846
12.2667 846
12.2833 847
12.3 847
12.3167 847
12.3333 848
12.35 848
12.3667 848
12.3833 849
12.4 849
12.4167 849
12.4333 849
12.45 850
12.4667 850
12.4833 850
12.5 850
12.5167 850
12.5333 850
12.55 851
12.5667 851
12.5833 851
12.6 851
12.6167 851
12.6333 851
12.65 851
12.6667 851
12.6833 851
12.7 851
12.7167 851
12.7333 851
12.75 851
12.7667 850
12.7833 850
12.8 850
12.8167 850
12.8333 850
12.85 849
12.8667 849
12.8833 849
12.9 849
12.9167 848
12.9333 848
12.95 848
12.9667 847
12.9833 847
13.0 847
13.0167 846
13.0333 846
13.05 846
13.0667 845
13.0833 845
13.1 844
13.1167 844
13.1333 843
13.15 843
13.1667 842
13.1833 841
13.2 841
13.2167 840
13.2333 840
13.25 839
13.2667 838
13.2833 838
13.3 837
13.3167 836
13.3333 836
13.35 835
13.3667 834
13.3833 833
13.4 833
13.4167 832
13.4333 831
13.45 830
13.4667 829
13.4833 828
13.5 827
13.5167 826
13.5333 826
13.55 825
13.5667 824
13.5833 823
13.6 822
13.6167 821
13.6333 820
13.65 819
13.6667 817
13.6833 816
13.7 815
13.7167 814
13.7333 813
13.75 812
13.7667 811
13.7833 809
13.8 808
13.8167 807
13.8333 806
13.85 805
13.8667 803
13.8833 802
13.9 801
13.9167 799
13.9333 798
13.95 797
13.9667 795
13.9833 794
14.0 793
14.0167 791
14.0333 790
14.05 788
14.0667 787
14.0833 785
14.1 784
14.1167 782
14.1333 781
14.15 779
14.1667 778
14.1833 776
14.2 774
14.2167 773
14.2333 771
14.25 770
14.2667 768
14.2833 766
14.3 765
14.3167 763
14.3333 761
14.35 759
14.3667 758
14.3833 756
14.4 754
14.4167 752
14.4333 750
14.45 749
14.4667 747
14.4833 745
14.5 743
14.5167 741
14.5333 739
14.55 737
14.5667 735
14.5833 733
14.6 731
14.6167 729
14.6333 728
14.65 726
14.6667 723
14.6833 721
14.7 719
14.7167 717
14.7333 715
14.75 713
14.7667 711
14.7833 709
14.8 707
14.8167 705
14.8333 702
14.85 700
14.8667 698
14.8833 696
14.9 694
14.9167 691
14.9333 689
14.95 687
14.9667 685
14.9833 682
15.0 680
15.0167 678
15.0333 676
15.05 673
15.0667 671
15.0833 669
15.1 666
15.1167 664
15.1333 661
15.15 659
15.1667 657
15.1833 654
15.2 652
15.2167 649
15.2333 647
15.25 644
15.2667 642
15.2833 639
15.3 637
15.3167 634
15.3333 632
15.35 629
15.3667 627
15.3833 624
15.4 621
15.4167 619
15.4333 616
15.45 614
15.4667 611
15.4833 608
15.5 606
15.5167 603
15.5333 600
15.55 598
15.5667 595
15.5833 592
15.6 589
15.6167 587
15.6333 584
15.65 581
15.6667 578
15.6833 576
15.7 573
15.7167 570
15.7333 567
15.75 564
15.7667 562
15.7833 559
15.8 556
15.8167 553
15.8333 550
15.85 547
15.8667 545
15.8833 542
15.9 539
15.9167 536
15.9333 533
15.95 530
15.9667 527
15.9833 524
16.0 521
16.0167 518
16.0333 515
16.05 512
16.0667 509
16.0833 506
16.1 503
16.1167 500
16.1333 497
16.15 494
16.1667 491
16.1833 488
16.2 485
16.2167 482
16.2333 479
16.25 476
16.2667 473
16.2833 470
16.3 467
16.3167 464
16.3333 461
16.35 458
16.3667 455
16.3833 452
16.4 449
16.4167 445
16.4333 442
16.45 439
16.4667 436
16.4833 433
16.5 430
16.5167 427
16.5333 424
16.55 421
16.5667 417
16.5833 414
16.6 411
16.6167 408
16.6333 405
16.65 402
16.6667 398
16.6833 395
16.7 392
16.7167 389
16.7333 386
16.75 383
16.7667 379
16.7833 376
16.8 373
16.8167 370
16.8333 367
16.85 364
16.8667 360
16.8833 357
16.9 354
16.9167 351
16.9333 348
16.95 345
16.9667 341
16.9833 338
