8.0 365
8.0167 369
8.0333 373
8.05 376
8.0667 380
8.0833 384
8.1 387
8.1167 391
8.1333 395
8.15 398
8.1667 402
8.1833 406
8.2 409
8.2167 413
8.2333 416
8.25 420
8.2667 424
8.2833 427
8.3 431
8.3167 435
8.3333 438
8.35 442
8.3667 446
8.3833 449
8.4 453
8.4167 456
8.4333 460
8.45 464
8.4667 467
8.4833 471
8.5 474
8.5167 478
8.5333 481
8.55 485
8.5667 489
8.5833 492
8.6 496
8.6167 499
8.6333 503
8.65 506
8.6667 510
8.6833 513
8.7 517
8.7167 520
8.7333 524
8.75 527
8.7667 531
8.7833 534
8.8 538
8.8167 541
8.8333 545
8.85 548
8.8667 552
8.8833 555
8.9 559
8.9167 562
8.9333 565
8.95 569
8.9667 572
8.9833 576
9.0 579
9.0167 582
9.0333 586
9.05 589
9.0667 592
9.0833 596
9.1 599
9.1167 602
9.1333 606
9.15 609
9.1667 612
9.1833 615
9.2 619
9.2167 622
9.2333 625
9.25 628
9.2667 632
9.2833 635
9.3 638
9.3167 641
9.3333 644
9.35 648
9.3667 651
9.3833 654
9.4 657
9.4167 660
9.4333 663
9.45 667
9.4667 670
9.4833 673
9.5 676
9.5167 679
9.5333 682
9.55 685
9.5667 688
9.5833 691
9.6 694
9.6167 697
9.6333 700
9.65 703
9.6667 706
9.6833 709
9.7 712
9.7167 715
9.7333 718
9.75 721
9.7667 723
9.7833 726
9.8 729
9.8167 732
9.8333 735
9.85 738
9.8667 740
9.8833 743
9.9 746
9.9167 749
9.9333 752
9.95 754
9.9667 757
9.9833 760
10.0 762
10.0167 765
10.0333 768
10.05 770
10.0667 773
10.0833 776
10.1 778
10.1167 781
10.1333 784
10.15 786
10.1667 789
10.1833 791
10.2 794
10.2167 796
10.2333 799
10.25 801
10.2667 804
10.2833 806
10.3 809
10.3167 811
10.3333 814
10.35 816
10.3667 818
10.3833 821
10.4 823
10.4167 825
10.4333 828
10.45 830
10.4667 832
10.4833 835
10.5 837
10.5167 839
10.5333 841
10.55 844
10.5667 846
10.5833 848
10.6 850
10.6167 852
10.6333 855
10.65 857
10.6667 859
10.6833 861
10.7 863
10.7167 865
10.7333 867
10.75 869
10.7667 871
10.7833 873
10.8 875
10.8167 877
10.8333 879
10.85 881
10.8667 883
10.8833 885
10.9 887
10.9167 889
10.9333 891
10.95 892
10.9667 894
10.9833 896
11.0 898
11.0167 900
11.0333 901
11.05 903
11.0667 905
11.0833 907
11.1 908
11.1167 910
11.1333 912
11.15 913
11.1667 915
11.1833 916
11.2 918
11.2167 920
11.2333 921
11.25 923
11.2667 924
11.2833 926
11.3 927
11.3167 929
11.3333 930
11.35 932
11.3667 933
11.3833 934
11.4 936
11.4167 937
11.4333 938
11.45 940
11.4667 941
11.4833 942
11.5 944
11.5167 945
11.5333 946
11.55 947
11.5667 949
11.5833 950
11.6 951
11.6167 952
11.6333 953
11.65 954
11.6667 955
11.6833 956
11.7 958
11.7167 959
11.7333 960
11.75 961
11.7667 962
11.7833 963
11.8 964
11.8167 964
11.8333 965
11.85 966
11.8667 967
11.8833 968
11.9 969
11.9167 970
11.9333 970
11.95 971
11.9667 972
11.9833 973
12.0 974
12.0167 974
12.0333 975
12.05 976
12.0667 976
12.0833 977
12.1 978
12.1167 978
12.1333 979
12.15 979
12.1667 980
12.1833 980
12.2 981
12.2167 981
12.2333 982
12.25 982
12.2667 983
12.2833 983
12.3 984
12.3167 984
12.3333 984
12.35 985
12.3667 985
12.3833 985
12.4 986
12.4167 986
12.4333 986
12.45 986
12.4667 987
12.4833 987
12.5 987
12.5167 987
12.5333 987
12.55 987
12.5667 987
12.5833 987
12.6 988
12.6167 988
12.6333 988
12.65 988
12.6667 988
12.6833 988
12.7 987
12.7167 987
12.7333 987
12.75 987
12.7667 987
12.7833 987
12.8 987
12.8167 987
12.8333 986
12.85 986
12.8667 986
12.8833 986
12.9 985
12.9167 985
12.9333 985
12.95 984
12.9667 984
12.9833 984
13.0 983
13.0167 983
13.0333 982
13.05 982
13.0667 982
13.0833 981
13.1 981
13.1167 980
13.1333 979
13.15 979
13.1667 978
13.1833 978
13.2 977
13.2167 977
13.2333 976
13.25 975
13.2667 974
13.2833 974
13.3 973
13.3167 972
13.3333 972
13.35 971
13.3667 970
13.3833 969
13.4 968
13.4167 967
13.4333 967
13.45 966
13.4667 965
13.4833 964
13.5 963
13.5167 962
13.5333 961
13.55 960
13.5667 959
13.5833 958
13.6 957
13.6167 956
13.6333 955
13.65 954
13.6667 952
13.6833 951
13.7 950
13.7167 949
13.7333 948
13.75 947
13.7667 945
13.7833 944
13.8 943
13.8167 942
13.8333 940
13.85 939
13.8667 938
13.8833 936
13.9 935
13.9167 933
13.9333 932
13.95 931
13.9667 929
13.9833 928
14.0 926
14.0167 925
14.0333 923
14.05 922
14.0667 920
14.0833 919
14.1 917
14.1167 915
14.1333 914
14.15 912
14.1667 910
14.1833 909
14.2 907
14.2167 905
14.2333 904
14.25 902
14.2667 900
14.2833 898
14.3 897
14.3167 895
14.3333 893
14.35 891
14.3667 889
14.3833 887
14.4 886
14.4167 884
14.4333 882
14.45 880
14.4667 878
14.4833 876
14.5 874
14.5167 872
14.5333 870
14.55 868
14.5667 866
14.5833 864
14.6 862
14.6167 860
14.6333 857
14.65 855
14.6667 853
14.6833 851
14.7 849
14.7167 847
14.7333 845
14.75 842
14.7667 840
14.7833 838
14.8 836
14.8167 833
14.8333 831
14.85 829
14.8667 826
14.8833 824
14.9 822
14.9167 819
14.9333 817
14.95 814
14.9667 812
14.9833 810
15.0 807
15.0167 805
15.0333 802
15.05 800
15.0667 797
15.0833 795
15.1 792
15.1167 790
15.1333 787
15.15 785
15.1667 782
15.1833 779
15.2 777
15.2167 774
15.2333 772
15.25 769
15.2667 766
15.2833 764
15.3 761
15.3167 758
15.3333 755
15.35 753
15.3667 750
15.3833 747
15.4 744
15.4167 742
15.4333 739
15.45 736
15.4667 733
15.4833 730
15.5 727
15.5167 725
15.5333 722
15.55 719
15.5667 716
15.5833 713
15.6 710
15.6167 707
15.6333 704
15.65 701
15.6667 698
15.6833 695
15.7 692
15.7167 689
15.7333 686
15.75 683
15.7667 680
15.7833 677
15.8 674
15.8167 671
15.8333 668
15.85 665
15.8667 662
15.8833 658
15.9 655
15.9167 652
15.9333 649
15.95 646
15.9667 643
15.9833 639
16.0 636
16.0167 633
16.0333 630
16.05 627
16.0667 623
16.0833 620
16.1 617
16.1167 614
16.1333 610
16.15 607
16.1667 604
16.1833 600
16.2 597
16.2167 594
16.2333 590
16.25 587
16.2667 584
16.2833 580
16.3 577
16.3167 574
16.3333 570
16.35 567
16.3667 563
16.3833 560
16.4 557
16.4167 553
16.4333 550
16.45 546
16.4667 543
16.4833 539
16.5 536
16.5167 532
16.5333 529
16.55 525
16.5667 522
16.5833 518
16.6 515
16.6167 511
16.6333 508
16.65 504
16.6667 501
16.6833 497
16.7 494
16.7167 490
16.7333 487
16.75 483
16.7667 479
16.7833 476
16.8 472
16.8167 469
16.8333 465
16.85 462
16.8667 458
16.8833 454
16.9 451
16.9167 447
16.9333 444
16.95 440
16.9667 436
16.9833 433
