8.0 371
8.0167 374
8.0333 378
8.05 382
8.0667 385
8.0833 389
8.1 393
8.1167 396
8.1333 400
8.15 404
8.1667 407
8.1833 411
8.2 415
8.2167 418
8.2333 422
8.25 426
8.2667 429
8.2833 433
8.3 437
8.3167 440
8.3333 444
8.35 448
8.3667 451
8.3833 455
8.4 459
8.4167 462
8.4333 466
8.45 469
8.4667 473
8.4833 477
8.5 480
8.5167 484
8.5333 487
8.55 491
8.5667 495
8.5833 498
8.6 502
8.6167 505
8.6333 509
8.65 512
8.6667 516
8.6833 519
8.7 523
8.7167 527
8.7333 530
8.75 534
8.7667 537
8.7833 541
8.8 544
8.8167 547
8.8333 551
8.85 554
8.8667 558
8.8833 561
8.9 565
8.9167 568
8.9333 572
8.95 575
8.9667 578
8.9833 582
9.0 585
9.0167 589
9.0333 592
9.05 595
9.0667 599
9.0833 602
9.1 605
9.1167 609
9.1333 612
9.15 615
9.1667 619
9.1833 622
9.2 625
9.2167 628
9.2333 632
9.25 635
9.2667 638
9.2833 641
9.3 645
9.3167 648
9.3333 651
9.35 654
9.3667 657
9.3833 660
9.4 664
9.4167 667
9.4333 670
9.45 673
9.4667 676
9.4833 679
9.5 682
9.5167 685
9.5333 688
9.55 691
9.5667 694
9.5833 697
9.6 701
9.6167 704
9.6333 707
9.65 709
9.6667 712
9.6833 715
9.7 718
9.7167 721
9.7333 724
9.75 727
9.7667 730
9.7833 733
9.8 736
9.8167 739
9.8333 741
9.85 744
9.8667 747
9.8833 750
9.9 753
9.9167 755
9.9333 758
9.95 761
9.9667 764
9.9833 766
10.0 769
10.0167 772
10.0333 774
10.05 777
10.0667 780
10.0833 782
10.1 785
10.1167 788
10.1333 790
10.15 793
10.1667 795
10.1833 798
10.2 801
10.2167 803
10.2333 806
10.25 808
10.2667 811
10.2833 813
10.3 815
10.3167 818
10.3333 820
10.35 823
10.3667 825
10.3833 828
10.4 830
10.4167 832
10.4333 835
10.45 837
10.4667 839
10.4833 842
10.5 844
10.5167 846
10.5333 848
10.55 851
10.5667 853
10.5833 855
10.6 857
10.6167 859
10.6333 861
10.65 864
10.6667 866
10.6833 868
10.7 870
10.7167 872
10.7333 874
10.75 876
10.7667 878
10.7833 880
10.8 882
10.8167 884
10.8333 886
10.85 888
10.8667 890
10.8833 892
10.9 894
10.9167 896
10.9333 897
10.95 899
10.9667 901
10.9833 903
11.0 905
11.0167 906
11.0333 908
11.05 910
11.0667 912
11.0833 913
11.1 915
11.1167 917
11.1333 918
11.15 920
11.1667 922
11.1833 923
11.2 925
11.2167 927
11.2333 928
11.25 930
11.2667 931
11.2833 933
11.3 934
11.3167 936
11.3333 937
11.35 938
11.3667 940
11.3833 941
11.4 943
11.4167 944
11.4333 945
11.45 947
11.4667 948
11.4833 949
11.5 951
11.5167 952
11.5333 953
11.55 954
11.5667 956
11.5833 957
11.6 958
11.6167 959
11.6333 960
11.65 961
11.6667 962
11.6833 964
11.7 965
11.7167 966
11.7333 967
11.75 968
11.7667 969
11.7833 970
11.8 971
11.8167 972
11.8333 972
11.85 973
11.8667 974
11.8833 975
11.9 976
11.9167 977
11.9333 978
11.95 978
11.9667 979
11.9833 980
12.0 981
12.0167 981
12.0333 982
12.05 983
12.0667 983
12.0833 984
12.1 985
12.1167 985
12.1333 986
12.15 986
12.1667 987
12.1833 987
12.2 988
12.2167 988
12.2333 989
12.25 989
12.2667 990
12.2833 990
12.3 991
12.3167 991
12.3333 991
12.35 992
12.3667 992
12.3833 992
12.4 993
12.4167 993
12.4333 993
12.45 993
12.4667 994
12.4833 994
12.5 994
12.5167 994
12.5333 994
12.55 994
12.5667 995
12.5833 995
12.6 995
12.6167 995
12.6333 995
12.65 995
12.6667 995
12.6833 995
12.7 995
12.7167 995
12.7333 995
12.75 994
12.7667 994
12.7833 994
12.8 994
12.8167 994
12.8333 994
12.85 993
12.8667 993
12.8833 993
12.9 993
12.9167 992
12.9333 992
12.95 992
12.9667 991
12.9833 991
13.0 991
13.0167 990
13.0333 990
13.05 989
13.0667 989
13.0833 988
13.1 988
13.1167 987
13.1333 987
13.15 986
13.1667 986
13.1833 985
13.2 984
13.2167 984
13.2333 983
13.25 982
13.2667 982
13.2833 981
13.3 980
13.3167 980
13.3333 979
13.35 978
13.3667 977
13.3833 976
13.4 976
13.4167 975
13.4333 974
13.45 973
13.4667 972
13.4833 971
13.5 970
13.5167 969
13.5333 968
13.55 967
13.5667 966
13.5833 965
13.6 964
13.6167 963
13.6333 962
13.65 961
13.6667 960
13.6833 959
13.7 957
13.7167 956
13.7333 955
13.75 954
13.7667 953
13.7833 951
13.8 950
13.8167 949
13.8333 948
13.85 946
13.8667 945
13.8833 944
13.9 942
13.9167 941
13.9333 939
13.95 938
13.9667 937
13.9833 935
14.0 934
14.0167 932
14.0333 931
14.05 929
14.0667 927
14.0833 926
14.1 924
14.1167 923
14.1333 921
14.15 919
14.1667 918
14.1833 916
14.2 914
14.2167 913
14.2333 911
14.25 909
14.2667 908
14.2833 906
14.3 904
14.3167 902
14.3333 900
14.35 899
14.3667 897
14.3833 895
14.4 893
14.4167 891
14.4333 889
14.45 887
14.4667 885
14.4833 883
14.5 881
14.5167 879
14.5333 877
14.55 875
14.5667 873
14.5833 871
14.6 869
14.6167 867
14.6333 865
14.65 863
14.6667 861
14.6833 858
14.7 856
14.7167 854
14.7333 852
14.75 850
14.7667 847
14.7833 845
14.8 843
14.8167 841
14.8333 838
14.85 836
14.8667 834
14.8833 831
14.9 829
14.9167 827
14.9333 824
14.95 822
14.9667 819
14.9833 817
15.0 815
15.0167 812
15.0333 810
15.05 807
15.0667 805
15.0833 802
15.1 800
15.1167 797
15.1333 795
15.15 792
15.1667 789
15.1833 787
15.2 784
15.2167 782
15.2333 779
15.25 776
15.2667 774
15.2833 771
15.3 768
15.3167 766
15.3333 763
15.35 760
15.3667 757
15.3833 755
15.4 752
15.4167 749
15.4333 746
15.45 743
15.4667 741
15.4833 738
15.5 735
15.5167 732
15.5333 729
15.55 726
15.5667 723
15.5833 720
15.6 717
15.6167 714
15.6333 712
15.65 709
15.6667 706
15.6833 703
15.7 700
15.7167 697
15.7333 694
15.75 690
15.7667 687
15.7833 684
15.8 681
15.8167 678
15.8333 675
15.85 672
15.8667 669
15.8833 666
15.9 663
15.9167 659
15.9333 656
15.95 653
15.9667 650
15.9833 647
16.0 644
16.0167 640
16.0333 637
16.05 634
16.0667 631
16.0833 627
16.1 624
16.1167 621
16.1333 618
16.15 614
16.1667 611
16.1833 608
16.2 604
16.2167 601
16.2333 598
16.25 594
16.2667 591
16.2833 588
16.3 584
16.3167 581
16.3333 577
16.35 574
16.3667 571
16.3833 567
16.4 564
16.4167 560
16.4333 557
16.45 553
16.4667 550
16.4833 546
16.5 543
16.5167 539
16.5333 536
16.55 532
16.5667 529
16.5833 525
16.6 522
16.6167 518
16.6333 515
16.65 511
16.6667 508
16.6833 504
16.7 501
16.7167 497
16.7333 494
16.75 490
16.7667 486
16.7833 483
16.8 479
16.8167 476
16.8333 472
16.85 468
16.8667 465
16.8833 461
16.9 458
16.9167 454
16.9333 450
16.95 447
16.9667 443
16.9833 439
