8.0 352
8.0167 355
8.0333 359
8.05 363
8.0667 367
8.0833 370
8.1 374
8.1167 378
8.1333 382
8.15 386
8.1667 389
8.1833 393
8.2 397
8.2167 401
8.2333 404
8.25 408
8.2667 412
8.2833 416
8.3 419
8.3167 423
8.3333 427
8.35 431
8.3667 434
8.3833 438
8.4 442
8.4167 446
8.4333 449
8.45 453
8.4667 457
8.4833 461
8.5 464
8.5167 468
8.5333 472
8.55 475
8.5667 479
8.5833 483
8.6 486
8.6167 490
8.6333 494
8.65 497
8.6667 501
8.6833 505
8.7 508
8.7167 512
8.7333 515
8.75 519
8.7667 523
8.7833 526
8.8 530
8.8167 533
8.8333 537
8.85 541
8.8667 544
8.8833 548
8.9 551
8.9167 555
8.9333 558
8.95 562
8.9667 565
8.9833 569
9.0 572
9.0167 576
9.0333 580
9.05 583
9.0667 587
9.0833 590
9.1 593
9.1167 597
9.1333 600
9.15 604
9.1667 607
9.1833 610
9.2 614
9.2167 617
9.2333 621
9.25 624
9.2667 627
9.2833 631
9.3 634
9.3167 637
9.3333 640
9.35 644
9.3667 647
9.3833 650
9.4 653
9.4167 657
9.4333 660
9.45 663
9.4667 666
9.4833 670
9.5 673
9.5167 676
9.5333 679
9.55 682
9.5667 685
9.5833 688
9.6 692
9.6167 695
9.6333 698
9.65 701
9.6667 704
9.6833 707
9.7 710
9.7167 713
9.7333 716
9.75 719
9.7667 722
9.7833 725
9.8 728
9.8167 731
9.8333 734
9.85 737
9.8667 739
9.8833 742
9.9 745
9.9167 748
9.9333 751
9.95 754
9.9667 757
9.9833 759
10.0 762
10.0167 765
10.0333 768
10.05 770
10.0667 773
10.0833 776
10.1 779
10.1167 781
10.1333 784
10.15 787
10.1667 789
10.1833 792
10.2 795
10.2167 797
10.2333 800
10.25 802
10.2667 805
10.2833 807
10.3 810
10.3167 812
10.3333 815
10.35 817
10.3667 820
10.3833 822
10.4 825
10.4167 827
10.4333 830
10.45 832
10.4667 834
10.4833 837
10.5 839
10.5167 841
10.5333 844
10.55 846
10.5667 848
10.5833 851
10.6 853
10.6167 855
10.6333 857
10.65 859
10.6667 862
10.6833 864
10.7 866
10.7167 868
10.7333 870
10.75 872
10.7667 874
10.7833 876
10.8 878
10.8167 880
10.8333 882
10.85 884
10.8667 886
10.8833 888
10.9 890
10.9167 892
10.9333 894
10.95 896
10.9667 898
10.9833 900
11.0 902
11.0167 903
11.0333 905
11.05 907
11.0667 909
11.0833 911
11.1 912
11.1167 914
11.1333 916
11.15 917
11.1667 919
11.1833 921
11.2 922
11.2167 924
11.2333 926
11.25 927
11.2667 929
11.2833 930
11.3 932
11.3167 933
11.3333 935
11.35 936
11.3667 938
11.3833 939
11.4 941
11.4167 942
11.4333 943
11.45 945
11.4667 946
11.4833 947
11.5 949
11.5167 950
11.5333 951
11.55 952
11.5667 954
11.5833 955
11.6 956
11.6167 957
11.6333 958
11.65 960
11.6667 961
11.6833 962
11.7 963
11.7167 964
11.7333 965
11.75 966
11.7667 967
11.7833 968
11.8 969
11.8167 970
11.8333 971
11.85 972
11.8667 973
11.8833 974
11.9 974
11.9167 975
11.9333 976
11.95 977
11.9667 978
11.9833 978
12.0 979
12.0167 980
12.0333 981
12.05 981
12.0667 982
12.0833 983
12.1 983
12.1167 984
12.1333 984
12.15 985
12.1667 985
12.1833 986
12.2 987
12.2167 987
12.2333 987
12.25 988
12.2667 988
12.2833 989
12.3 989
12.3167 990
12.3333 990
12.35 990
12.3667 991
12.3833 991
12.4 991
12.4167 991
12.4333 992
12.45 992
12.4667 992
12.4833 992
12.5 992
12.5167 993
12.5333 993
12.55 993
12.5667 993
12.5833 993
12.6 993
12.6167 993
12.6333 993
12.65 993
12.6667 993
12.6833 993
12.7 993
12.7167 993
12.7333 993
12.75 993
12.7667 992
12.7833 992
12.8 992
12.8167 992
12.8333 992
12.85 991
12.8667 991
12.8833 991
12.9 990
12.9167 990
12.9333 990
12.95 989
12.9667 989
12.9833 989
13.0 988
13.0167 988
13.0333 987
13.05 987
13.0667 986
13.0833 986
13.1 985
13.1167 985
13.1333 984
13.15 984
13.1667 983
13.1833 982
13.2 982
13.2167 981
13.2333 980
13.25 980
13.2667 979
13.2833 978
13.3 977
13.3167 977
13.3333 976
13.35 975
13.3667 974
13.3833 973
13.4 972
13.4167 971
13.4333 970
13.45 970
13.4667 969
13.4833 968
13.5 967
13.5167 966
13.5333 965
13.55 964
13.5667 962
13.5833 961
13.6 960
13.6167 959
13.6333 958
13.65 957
13.6667 956
13.6833 954
13.7 953
13.7167 952
13.7333 951
13.75 949
13.7667 948
13.7833 947
13.8 946
13.8167 944
13.8333 943
13.85 941
13.8667 940
13.8833 939
13.9 937
13.9167 936
13.9333 934
13.95 933
13.9667 931
13.9833 930
14.0 928
14.0167 927
14.0333 925
14.05 923
14.0667 922
14.0833 920
14.1 918
14.1167 917
14.1333 915
14.15 913
14.1667 912
14.1833 910
14.2 908
14.2167 906
14.2333 905
14.25 903
14.2667 901
14.2833 899
14.3 897
14.3167 895
14.3333 893
14.35 892
14.3667 890
14.3833 888
14.4 886
14.4167 884
14.4333 882
14.45 880
14.4667 878
14.4833 876
14.5 874
14.5167 871
14.5333 869
14.55 867
14.5667 865
14.5833 863
14.6 861
14.6167 859
14.6333 856
14.65 854
14.6667 852
14.6833 850
14.7 847
14.7167 845
14.7333 843
14.75 841
14.7667 838
14.7833 836
14.8 833
14.8167 831
14.8333 829
14.85 826
14.8667 824
14.8833 821
14.9 819
14.9167 817
14.9333 814
14.95 812
14.9667 809
14.9833 806
15.0 804
15.0167 801
15.0333 799
15.05 796
15.0667 794
15.0833 791
15.1 788
15.1167 786
15.1333 783
15.15 780
15.1667 778
15.1833 775
15.2 772
15.2167 770
15.2333 767
15.25 764
15.2667 761
15.2833 759
15.3 756
15.3167 753
15.3333 750
15.35 747
15.3667 744
15.3833 741
15.4 739
15.4167 736
15.4333 733
15.45 730
15.4667 727
15.4833 724
15.5 721
15.5167 718
15.5333 715
15.55 712
15.5667 709
15.5833 706
15.6 703
15.6167 700
15.6333 697
15.65 694
15.6667 691
15.6833 687
15.7 684
15.7167 681
15.7333 678
15.75 675
15.7667 672
15.7833 669
15.8 665
15.8167 662
15.8333 659
15.85 656
15.8667 652
15.8833 649
15.9 646
15.9167 643
15.9333 639
15.95 636
15.9667 633
15.9833 629
16.0 626
16.0167 623
16.0333 619
16.05 616
16.0667 613
16.0833 609
16.1 606
16.1167 603
16.1333 599
16.15 596
16.1667 592
16.1833 589
16.2 585
16.2167 582
16.2333 579
16.25 575
16.2667 572
16.2833 568
16.3 565
16.3167 561
16.3333 558
16.35 554
16.3667 551
16.3833 547
16.4 543
16.4167 540
16.4333 536
16.45 533
16.4667 529
16.4833 526
16.5 522
16.5167 518
16.5333 515
16.55 511
16.5667 507
16.5833 504
16.6 500
16.6167 497
16.6333 493
16.65 489
16.6667 486
16.6833 482
16.7 478
16.7167 475
16.7333 471
16.75 467
16.7667 464
16.7833 460
16.8 456
16.8167 452
16.8333 449
16.85 445
16.8667 441
16.8833 437
16.9 434
16.9167 430
16.9333 426
16.95 423
16.9667 419
16.9833 415
