8.0 340
8.0167 344
8.0333 348
8.05 352
8.0667 356
8.0833 359
8.1 363
8.1167 367
8.1333 371
8.15 375
8.1667 379
8.1833 382
8.2 386
8.2167 390
8.2333 394
8.25 398
8.2667 401
8.2833 405
8.3 409
8.3167 413
8.3333 417
8.35 420
8.3667 424
8.3833 428
8.4 432
8.4167 435
8.4333 439
8.45 443
8.4667 447
8.4833 450
8.5 454
8.5167 458
8.5333 462
8.55 465
8.5667 469
8.5833 473
8.6 476
8.6167 480
8.6333 484
8.65 488
8.6667 491
8.6833 495
8.7 499
8.7167 502
8.7333 506
8.75 510
8.7667 513
8.7833 517
8.8 520
8.8167 524
8.8333 528
8.85 531
8.8667 535
8.8833 539
8.9 542
8.9167 546
8.9333 549
8.95 553
8.9667 556
8.9833 560
9.0 563
9.0167 567
9.0333 571
9.05 574
9.0667 578
9.0833 581
9.1 585
9.1167 588
9.1333 592
9.15 595
9.1667 599
9.1833 602
9.2 605
9.2167 609
9.2333 612
9.25 616
9.2667 619
9.2833 622
9.3 626
9.3167 629
9.3333 632
9.35 636
9.3667 639
9.3833 642
9.4 646
9.4167 649
9.4333 652
9.45 655
9.4667 659
9.4833 662
9.5 665
9.5167 668
9.5333 671
9.55 675
9.5667 678
9.5833 681
9.6 684
9.6167 687
9.6333 690
9.65 693
9.6667 697
9.6833 700
9.7 703
9.7167 706
9.7333 709
9.75 712
9.7667 715
9.7833 718
9.8 721
9.8167 724
9.8333 727
9.85 730
9.8667 733
9.8833 736
9.9 739
9.9167 741
9.9333 744
9.95 747
9.9667 750
9.9833 753
10.0 756
10.0167 759
10.0333 761
10.05 764
10.0667 767
10.0833 770
10.1 772
10.1167 775
10.1333 778
10.15 781
10.1667 783
10.1833 786
10.2 789
10.2167 791
10.2333 794
10.25 796
10.2667 799
10.2833 802
10.3 804
10.3167 807
10.3333 809
10.35 812
10.3667 814
10.3833 817
10.4 819
10.4167 822
10.4333 824
10.45 826
10.4667 829
10.4833 831
10.5 834
10.5167 836
10.5333 838
10.55 841
10.5667 843
10.5833 845
10.6 848
10.6167 850
10.6333 852
10.65 854
10.6667 856
10.6833 859
10.7 861
10.7167 863
10.7333 865
10.75 867
10.7667 869
10.7833 871
10.8 874
10.8167 876
10.8333 878
10.85 880
10.8667 882
10.8833 884
10.9 886
10.9167 888
10.9333 890
10.95 891
10.9667 893
10.9833 895
11.0 897
11.0167 899
11.0333 901
11.05 903
11.0667 904
11.0833 906
11.1 908
11.1167 910
11.1333 911
11.15 913
11.1667 915
11.1833 917
11.2 918
11.2167 920
11.2333 921
11.25 923
11.2667 925
11.2833 926
11.3 928
11.3167 929
11.3333 931
11.35 932
11.3667 934
11.3833 935
11.4 937
11.4167 938
11.4333 940
11.45 941
11.4667 942
11.4833 944
11.5 945
11.5167 946
11.5333 948
11.55 949
11.5667 950
11.5833 951
11.6 953
11.6167 954
11.6333 955
11.65 956
11.6667 957
11.6833 958
11.7 959
11.7167 961
11.7333 962
11.75 963
11.7667 964
11.7833 965
11.8 966
11.8167 967
11.8333 968
11.85 969
11.8667 969
11.8833 970
11.9 971
11.9167 972
11.9333 973
11.95 974
11.9667 974
11.9833 975
12.0 976
12.0167 977
12.0333 977
12.05 978
12.0667 979
12.0833 980
12.1 980
12.1167 981
12.1333 981
12.15 982
12.1667 983
12.1833 983
12.2 984
12.2167 984
12.2333 985
12.25 985
12.2667 986
12.2833 986
12.3 986
12.3167 987
12.3333 987
12.35 987
12.3667 988
12.3833 988
12.4 988
12.4167 989
12.4333 989
12.45 989
12.4667 989
12.4833 990
12.5 990
12.5167 990
12.5333 990
12.55 990
12.5667 990
12.5833 990
12.6 990
12.6167 990
12.6333 990
12.65 990
12.6667 990
12.6833 990
12.7 990
12.7167 990
12.7333 990
12.75 990
12.7667 990
12.7833 990
12.8 989
12.8167 989
12.8333 989
12.85 989
12.8667 989
12.8833 988
12.9 988
12.9167 988
12.9333 987
12.95 987
12.9667 987
12.9833 986
13.0 986
13.0167 985
13.0333 985
13.05 984
13.0667 984
13.0833 983
13.1 983
13.1167 982
13.1333 982
13.15 981
13.1667 981
13.1833 980
13.2 979
13.2167 979
13.2333 978
13.25 977
13.2667 976
13.2833 976
13.3 975
13.3167 974
13.3333 973
13.35 972
13.3667 972
13.3833 971
13.4 970
13.4167 969
13.4333 968
13.45 967
13.4667 966
13.4833 965
13.5 964
13.5167 963
13.5333 962
13.55 961
13.5667 960
13.5833 959
13.6 958
13.6167 957
13.6333 956
13.65 954
13.6667 953
13.6833 952
13.7 951
13.7167 950
13.7333 948
13.75 947
13.7667 946
13.7833 944
13.8 943
13.8167 942
13.8333 940
13.85 939
13.8667 937
13.8833 936
13.9 935
13.9167 933
13.9333 932
13.95 930
13.9667 929
13.9833 927
14.0 926
14.0167 924
14.0333 922
14.05 921
14.0667 919
14.0833 917
14.1 916
14.1167 914
14.1333 912
14.15 911
14.1667 909
14.1833 907
14.2 905
14.2167 904
14.2333 902
14.25 900
14.2667 898
14.2833 896
14.3 894
14.3167 893
14.3333 891
14.35 889
14.3667 887
14.3833 885
14.4 883
14.4167 881
14.4333 879
14.45 877
14.4667 875
14.4833 873
14.5 871
14.5167 868
14.5333 866
14.55 864
14.5667 862
14.5833 860
14.6 858
14.6167 855
14.6333 853
14.65 851
14.6667 849
14.6833 847
14.7 844
14.7167 842
14.7333 840
14.75 837
14.7667 835
14.7833 833
14.8 830
14.8167 828
14.8333 825
14.85 823
14.8667 821
14.8833 818
14.9 816
14.9167 813
14.9333 811
14.95 808
14.9667 806
14.9833 803
15.0 801
15.0167 798
15.0333 795
15.05 793
15.0667 790
15.0833 788
15.1 785
15.1167 782
15.1333 779
15.15 777
15.1667 774
15.1833 771
15.2 769
15.2167 766
15.2333 763
15.25 760
15.2667 757
15.2833 755
15.3 752
15.3167 749
15.3333 746
15.35 743
15.3667 740
15.3833 737
15.4 735
15.4167 732
15.4333 729
15.45 726
15.4667 723
15.4833 720
15.5 717
15.5167 714
15.5333 711
15.55 708
15.5667 705
15.5833 702
15.6 699
15.6167 695
15.6333 692
15.65 689
15.6667 686
15.6833 683
15.7 680
15.7167 677
15.7333 673
15.75 670
15.7667 667
15.7833 664
15.8 661
15.8167 657
15.8333 654
15.85 651
15.8667 648
15.8833 644
15.9 641
15.9167 638
15.9333 634
15.95 631
15.9667 628
15.9833 624
16.0 621
16.0167 618
16.0333 614
16.05 611
16.0667 608
16.0833 604
16.1 601
16.1167 597
16.1333 594
16.15 590
16.1667 587
16.1833 584
16.2 580
16.2167 577
16.2333 573
16.25 570
16.2667 566
16.2833 563
16.3 559
16.3167 555
16.3333 552
16.35 548
16.3667 545
16.3833 541
16.4 538
16.4167 534
16.4333 530
16.45 527
16.4667 523
16.4833 520
16.5 516
16.5167 512
16.5333 509
16.55 505
16.5667 501
16.5833 498
16.6 494
16.6167 490
16.6333 487
16.65 483
16.6667 479
16.6833 476
16.7 472
16.7167 468
16.7333 464
16.75 461
16.7667 457
16.7833 453
16.8 450
16.8167 446
16.8333 442
16.85 438
16.8667 434
16.8833 431
16.9 427
16.9167 423
16.9333 419
16.95 416
16.9667 412
16.9833 408
