8.0 366
8.0167 370
8.0333 374
8.05 378
8.0667 381
8.0833 385
8.1 389
8.1167 392
8.1333 396
8.15 400
8.1667 404
8.1833 407
8.2 411
8.2167 415
8.2333 418
8.25 422
8.2667 426
8.2833 430
8.3 433
8.3167 437
8.3333 441
8.35 444
8.3667 448
8.3833 452
8.4 455
8.4167 459
8.4333 463
8.45 466
8.4667 470
8.4833 474
8.5 477
8.5167 481
8.5333 484
8.55 488
8.5667 492
8.5833 495
8.6 499
8.6167 503
8.6333 506
8.65 510
8.6667 513
8.6833 517
8.7 520
8.7167 524
8.7333 528
8.75 531
8.7667 535
8.7833 538
8.8 542
8.8167 545
8.8333 549
8.85 552
8.8667 556
8.8833 559
8.9 563
8.9167 566
8.9333 570
8.95 573
8.9667 576
8.9833 580
9.0 583
9.0167 587
9.0333 590
9.05 594
9.0667 597
9.0833 600
9.1 604
9.1167 607
9.1333 610
9.15 614
9.1667 617
9.1833 620
9.2 624
9.2167 627
9.2333 630
9.25 634
9.2667 637
9.2833 640
9.3 643
9.3167 647
9.3333 650
9.35 653
9.3667 656
9.3833 659
9.4 663
9.4167 666
9.4333 669
9.45 672
9.4667 675
9.4833 678
9.5 682
9.5167 685
9.5333 688
9.55 691
9.5667 694
9.5833 697
9.6 700
9.6167 703
9.6333 706
9.65 709
9.6667 712
9.6833 715
9.7 718
9.7167 721
9.7333 724
9.75 727
9.7667 730
9.7833 733
9.8 736
9.8167 738
9.8333 741
9.85 744
9.8667 747
9.8833 750
9.9 753
9.9167 755
9.9333 758
9.95 761
9.9667 764
9.9833 766
10.0 769
10.0167 772
10.0333 775
10.05 777
10.0667 780
10.0833 783
10.1 785
10.1167 788
10.1333 791
10.15 793
10.1667 796
10.1833 798
10.2 801
10.2167 803
10.2333 806
10.25 809
10.2667 811
10.2833 813
10.3 816
10.3167 818
10.3333 821
10.35 823
10.3667 826
10.3833 828
10.4 831
10.4167 833
10.4333 835
10.45 838
10.4667 840
10.4833 842
10.5 844
10.5167 847
10.5333 849
10.55 851
10.5667 854
10.5833 856
10.6 858
10.6167 860
10.6333 862
10.65 864
10.6667 867
10.6833 869
10.7 871
10.7167 873
10.7333 875
10.75 877
10.7667 879
10.7833 881
10.8 883
10.8167 885
10.8333 887
10.85 889
10.8667 891
10.8833 893
10.9 895
10.9167 897
10.9333 898
10.95 900
10.9667 902
10.9833 904
11.0 906
11.0167 908
11.0333 909
11.05 911
11.0667 913
11.0833 915
11.1 916
11.1167 918
11.1333 920
11.15 921
11.1667 923
11.1833 925
11.2 926
11.2167 928
11.2333 929
11.25 931
11.2667 932
11.2833 934
11.3 935
11.3167 937
11.3333 938
11.35 940
11.3667 941
11.3833 943
11.4 944
11.4167 945
11.4333 947
11.45 948
11.4667 949
11.4833 951
11.5 952
11.5167 953
11.5333 954
11.55 956
11.5667 957
11.5833 958
11.6 959
11.6167 960
11.6333 961
11.65 963
11.6667 964
11.6833 965
11.7 966
11.7167 967
11.7333 968
11.75 969
11.7667 970
11.7833 971
11.8 972
11.8167 973
11.8333 974
11.85 975
11.8667 975
11.8833 976
11.9 977
11.9167 978
11.9333 979
11.95 980
11.9667 980
11.9833 981
12.0 982
12.0167 982
12.0333 983
12.05 984
12.0667 984
12.0833 985
12.1 986
12.1167 986
12.1333 987
12.15 987
12.1667 988
12.1833 989
12.2 989
12.2167 990
12.2333 990
12.25 990
12.2667 991
12.2833 991
12.3 992
12.3167 992
12.3333 992
12.35 993
12.3667 993
12.3833 993
12.4 994
12.4167 994
12.4333 994
12.45 994
12.4667 995
12.4833 995
12.5 995
12.5167 995
12.5333 995
12.55 995
12.5667 995
12.5833 995
12.6 995
12.6167 995
12.6333 995
12.65 995
12.6667 995
12.6833 995
12.7 995
12.7167 995
12.7333 995
12.75 995
12.7667 995
12.7833 995
12.8 994
12.8167 994
12.8333 994
12.85 994
12.8667 994
12.8833 993
12.9 993
12.9167 993
12.9333 992
12.95 992
12.9667 992
12.9833 991
13.0 991
13.0167 990
13.0333 990
13.05 989
13.0667 989
13.0833 988
13.1 988
13.1167 987
13.1333 987
13.15 986
13.1667 986
13.1833 985
13.2 984
13.2167 984
13.2333 983
13.25 982
13.2667 982
13.2833 981
13.3 980
13.3167 979
13.3333 979
13.35 978
13.3667 977
13.3833 976
13.4 975
13.4167 974
13.4333 973
13.45 973
13.4667 972
13.4833 971
13.5 970
13.5167 969
13.5333 968
13.55 967
13.5667 966
13.5833 965
13.6 963
13.6167 962
13.6333 961
13.65 960
13.6667 959
13.6833 958
13.7 957
13.7167 955
13.7333 954
13.75 953
13.7667 952
13.7833 950
13.8 949
13.8167 948
13.8333 946
13.85 945
13.8667 944
13.8833 942
13.9 941
13.9167 939
13.9333 938
13.95 937
13.9667 935
13.9833 934
14.0 932
14.0167 931
14.0333 929
14.05 927
14.0667 926
14.0833 924
14.1 923
14.1167 921
14.1333 919
14.15 918
14.1667 916
14.1833 914
14.2 913
14.2167 911
14.2333 909
14.25 907
14.2667 905
14.2833 904
14.3 902
14.3167 900
14.3333 898
14.35 896
14.3667 894
14.3833 892
14.4 891
14.4167 889
14.4333 887
14.45 885
14.4667 883
14.4833 881
14.5 879
14.5167 877
14.5333 875
14.55 872
14.5667 870
14.5833 868
14.6 866
14.6167 864
14.6333 862
14.65 860
14.6667 857
14.6833 855
14.7 853
14.7167 851
14.7333 849
14.75 846
14.7667 844
14.7833 842
14.8 839
14.8167 837
14.8333 835
14.85 832
14.8667 830
14.8833 828
14.9 825
14.9167 823
14.9333 820
14.95 818
14.9667 815
14.9833 813
15.0 811
15.0167 808
15.0333 806
15.05 803
15.0667 801
15.0833 798
15.1 795
15.1167 793
15.1333 790
15.15 788
15.1667 785
15.1833 782
15.2 780
15.2167 777
15.2333 774
15.25 772
15.2667 769
15.2833 766
15.3 763
15.3167 761
15.3333 758
15.35 755
15.3667 752
15.3833 749
15.4 747
15.4167 744
15.4333 741
15.45 738
15.4667 735
15.4833 732
15.5 729
15.5167 726
15.5333 723
15.55 720
15.5667 718
15.5833 715
15.6 712
15.6167 709
15.6333 706
15.65 703
15.6667 700
15.6833 696
15.7 693
15.7167 690
15.7333 687
15.75 684
15.7667 681
15.7833 678
15.8 675
15.8167 672
15.8333 669
15.85 665
15.8667 662
15.8833 659
15.9 656
15.9167 653
15.9333 649
15.95 646
15.9667 643
15.9833 640
16.0 636
16.0167 633
16.0333 630
16.05 627
16.0667 623
16.0833 620
16.1 617
16.1167 613
16.1333 610
16.15 607
16.1667 603
16.1833 600
16.2 597
16.2167 593
16.2333 590
16.25 586
16.2667 583
16.2833 580
16.3 576
16.3167 573
16.3333 569
16.35 566
16.3667 562
16.3833 559
16.4 555
16.4167 552
16.4333 548
16.45 545
16.4667 541
16.4833 538
16.5 534
16.5167 531
16.5333 527
16.55 524
16.5667 520
16.5833 517
16.6 513
16.6167 509
16.6333 506
16.65 502
16.6667 499
16.6833 495
16.7 491
16.7167 488
16.7333 484
16.75 481
16.7667 477
16.7833 473
16.8 470
16.8167 466
16.8333 462
16.85 459
16.8667 455
16.8833 451
16.9 448
16.9167 444
16.9333 440
16.95 437
16.9667 433
16.9833 429
