8.0 346
8.0167 350
8.0333 353
8.05 357
8.0667 361
8.0833 365
8.1 368
8.1167 372
8.1333 376
8.15 380
8.1667 384
8.1833 387
8.2 391
8.2167 395
8.2333 399
8.25 402
8.2667 406
8.2833 410
8.3 414
8.3167 417
8.3333 421
8.35 425
8.3667 429
8.3833 432
8.4 436
8.4167 440
8.4333 444
8.45 447
8.4667 451
8.4833 455
8.5 459
8.5167 462
8.5333 466
8.55 470
8.5667 473
8.5833 477
8.6 481
8.6167 484
8.6333 488
8.65 492
8.6667 495
8.6833 499
8.7 503
8.7167 506
8.7333 510
8.75 513
8.7667 517
8.7833 521
8.8 524
8.8167 528
8.8333 531
8.85 535
8.8667 539
8.8833 542
8.9 546
8.9167 549
8.9333 553
8.95 556
8.9667 560
8.9833 563
9.0 567
9.0167 571
9.0333 574
9.05 578
9.0667 581
9.0833 584
9.1 588
9.1167 591
9.1333 595
9.15 598
9.1667 602
9.1833 605
9.2 608
9.2167 612
9.2333 615
9.25 618
9.2667 622
9.2833 625
9.3 628
9.3167 632
9.3333 635
9.35 638
9.3667 642
9.3833 645
9.4 648
9.4167 651
9.4333 655
9.45 658
9.4667 661
9.4833 664
9.5 667
9.5167 671
9.5333 674
9.55 677
9.5667 680
9.5833 683
9.6 686
9.6167 689
9.6333 692
9.65 696
9.6667 699
9.6833 702
9.7 705
9.7167 708
9.7333 711
9.75 714
9.7667 717
9.7833 720
9.8 723
9.8167 726
9.8333 729
9.85 731
9.8667 734
9.8833 737
9.9 740
9.9167 743
9.9333 746
9.95 749
9.9667 752
9.9833 754
10.0 757
10.0167 760
10.0333 763
10.05 765
10.0667 768
10.0833 771
10.1 774
10.1167 776
10.1333 779
10.15 782
10.1667 784
10.1833 787
10.2 790
10.2167 792
10.2333 795
10.25 797
10.2667 800
10.2833 803
10.3 805
10.3167 808
10.3333 810
10.35 813
10.3667 815
10.3833 817
10.4 820
10.4167 822
10.4333 825
10.45 827
10.4667 830
10.4833 832
10.5 834
10.5167 837
10.5333 839
10.55 841
10.5667 843
10.5833 846
10.6 848
10.6167 850
10.6333 852
10.65 855
10.6667 857
10.6833 859
10.7 861
10.7167 863
10.7333 865
10.75 868
10.7667 870
10.7833 872
10.8 874
10.8167 876
10.8333 878
10.85 880
10.8667 882
10.8833 884
10.9 886
10.9167 888
10.9333 890
10.95 891
10.9667 893
10.9833 895
11.0 897
11.0167 899
11.0333 901
11.05 903
11.0667 904
11.0833 906
11.1 908
11.1167 910
11.1333 911
11.15 913
11.1667 915
11.1833 916
11.2 918
11.2167 920
11.2333 921
11.25 923
11.2667 924
11.2833 926
11.3 927
11.3167 929
11.3333 930
11.35 932
11.3667 933
11.3833 935
11.4 936
11.4167 938
11.4333 939
11.45 940
11.4667 942
11.4833 943
11.5 944
11.5167 946
11.5333 947
11.55 948
11.5667 949
11.5833 951
11.6 952
11.6167 953
11.6333 954
11.65 955
11.6667 956
11.6833 957
11.7 959
11.7167 960
11.7333 961
11.75 962
11.7667 963
11.7833 964
11.8 965
11.8167 966
11.8333 967
11.85 967
11.8667 968
11.8833 969
11.9 970
11.9167 971
11.9333 972
11.95 973
11.9667 973
11.9833 974
12.0 975
12.0167 976
12.0333 976
12.05 977
12.0667 978
12.0833 978
12.1 979
12.1167 980
12.1333 980
12.15 981
12.1667 981
12.1833 982
12.2 982
12.2167 983
12.2333 983
12.25 984
12.2667 984
12.2833 985
12.3 985
12.3167 985
12.3333 986
12.35 986
12.3667 986
12.3833 987
12.4 987
12.4167 987
12.4333 988
12.45 988
12.4667 988
12.4833 988
12.5 988
12.5167 988
12.5333 989
12.55 989
12.5667 989
12.5833 989
12.6 989
12.6167 989
12.6333 989
12.65 989
12.6667 989
12.6833 989
12.7 989
12.7167 989
12.7333 989
12.75 988
12.7667 988
12.7833 988
12.8 988
12.8167 988
12.8333 987
12.85 987
12.8667 987
12.8833 987
12.9 986
12.9167 986
12.9333 986
12.95 985
12.9667 985
12.9833 985
13.0 984
13.0167 984
13.0333 983
13.05 983
13.0667 982
13.0833 982
13.1 981
13.1167 981
13.1333 980
13.15 980
13.1667 979
13.1833 978
13.2 978
13.2167 977
13.2333 976
13.25 976
13.2667 975
13.2833 974
13.3 973
13.3167 972
13.3333 972
13.35 971
13.3667 970
13.3833 969
13.4 968
13.4167 967
13.4333 966
13.45 966
13.4667 965
13.4833 964
13.5 963
13.5167 962
13.5333 961
13.55 959
13.5667 958
13.5833 957
13.6 956
13.6167 955
13.6333 954
13.65 953
13.6667 952
13.6833 950
13.7 949
13.7167 948
13.7333 947
13.75 945
13.7667 944
13.7833 943
13.8 941
13.8167 940
13.8333 939
13.85 937
13.8667 936
13.8833 935
13.9 933
13.9167 932
13.9333 930
13.95 929
13.9667 927
13.9833 926
14.0 924
14.0167 922
14.0333 921
14.05 919
14.0667 918
14.0833 916
14.1 914
14.1167 913
14.1333 911
14.15 909
14.1667 908
14.1833 906
14.2 904
14.2167 902
14.2333 900
14.25 899
14.2667 897
14.2833 895
14.3 893
14.3167 891
14.3333 889
14.35 887
14.3667 885
14.3833 883
14.4 882
14.4167 880
14.4333 878
14.45 876
14.4667 873
14.4833 871
14.5 869
14.5167 867
14.5333 865
14.55 863
14.5667 861
14.5833 859
14.6 857
14.6167 854
14.6333 852
14.65 850
14.6667 848
14.6833 845
14.7 843
14.7167 841
14.7333 839
14.75 836
14.7667 834
14.7833 832
14.8 829
14.8167 827
14.8333 824
14.85 822
14.8667 820
14.8833 817
14.9 815
14.9167 812
14.9333 810
14.95 807
14.9667 805
14.9833 802
15.0 800
15.0167 797
15.0333 795
15.05 792
15.0667 789
15.0833 787
15.1 784
15.1167 781
15.1333 779
15.15 776
15.1667 773
15.1833 771
15.2 768
15.2167 765
15.2333 762
15.25 760
15.2667 757
15.2833 754
15.3 751
15.3167 748
15.3333 746
15.35 743
15.3667 740
15.3833 737
15.4 734
15.4167 731
15.4333 728
15.45 725
15.4667 722
15.4833 719
15.5 716
15.5167 713
15.5333 711
15.55 707
15.5667 704
15.5833 701
15.6 698
15.6167 695
15.6333 692
15.65 689
15.6667 686
15.6833 683
15.7 680
15.7167 677
15.7333 674
15.75 670
15.7667 667
15.7833 664
15.8 661
15.8167 658
15.8333 654
15.85 651
15.8667 648
15.8833 645
15.9 641
15.9167 638
15.9333 635
15.95 631
15.9667 628
15.9833 625
16.0 622
16.0167 618
16.0333 615
16.05 611
16.0667 608
16.0833 605
16.1 601
16.1167 598
16.1333 595
16.15 591
16.1667 588
16.1833 584
16.2 581
16.2167 577
16.2333 574
16.25 570
16.2667 567
16.2833 563
16.3 560
16.3167 556
16.3333 553
16.35 549
16.3667 546
16.3833 542
16.4 539
16.4167 535
16.4333 532
16.45 528
16.4667 524
16.4833 521
16.5 517
16.5167 514
16.5333 510
16.55 506
16.5667 503
16.5833 499
16.6 495
16.6167 492
16.6333 488
16.65 484
16.6667 481
16.6833 477
16.7 473
16.7167 470
16.7333 466
16.75 462
16.7667 459
16.7833 455
16.8 451
16.8167 448
16.8333 444
16.85 440
16.8667 436
16.8833 433
16.9 429
16.9167 425
16.9333 421
16.95 418
16.9667 414
16.9833 410
