8.0 370
8.0167 373
8.0333 377
8.05 381
8.0667 385
8.0833 388
8.1 392
8.1167 396
8.1333 400
8.15 403
8.1667 407
8.1833 411
8.2 415
8.2167 418
8.2333 422
8.25 426
8.2667 429
8.2833 433
8.3 437
8.3167 441
8.3333 444
8.35 448
8.3667 452
8.3833 455
8.4 459
8.4167 463
8.4333 466
8.45 470
8.4667 474
8.4833 477
8.5 481
8.5167 485
8.5333 488
8.55 492
8.5667 496
8.5833 499
8.6 503
8.6167 507
8.6333 510
8.65 514
8.6667 517
8.6833 521
8.7 525
8.7167 528
8.7333 532
8.75 535
8.7667 539
8.7833 542
8.8 546
8.8167 549
8.8333 553
8.85 556
8.8667 560
8.8833 563
8.9 567
8.9167 570
8.9333 574
8.95 577
8.9667 581
8.9833 584
9.0 588
9.0167 591
9.0333 595
9.05 598
9.0667 601
9.0833 605
9.1 608
9.1167 612
9.1333 615
9.15 618
9.1667 622
9.1833 625
9.2 628
9.2167 632
9.2333 635
9.25 638
9.2667 641
9.2833 645
9.3 648
9.3167 651
9.3333 654
9.35 658
9.3667 661
9.3833 664
9.4 667
9.4167 671
9.4333 674
9.45 677
9.4667 680
9.4833 683
9.5 686
9.5167 689
9.5333 692
9.55 696
9.5667 699
9.5833 702
9.6 705
9.6167 708
9.6333 711
9.65 714
9.6667 717
9.6833 720
9.7 723
9.7167 726
9.7333 729
9.75 732
9.7667 735
9.7833 738
9.8 740
9.8167 743
9.8333 746
9.85 749
9.8667 752
9.8833 755
9.9 758
9.9167 760
9.9333 763
9.95 766
9.9667 769
9.9833 771
10.0 774
10.0167 777
10.0333 780
10.05 782
10.0667 785
10.0833 788
10.1 790
10.1167 793
10.1333 796
10.15 798
10.1667 801
10.1833 803
10.2 806
10.2167 809
10.2333 811
10.25 814
10.2667 816
10.2833 819
10.3 821
10.3167 824
10.3333 826
10.35 829
10.3667 831
10.3833 833
10.4 836
10.4167 838
10.4333 840
10.45 843
10.4667 845
10.4833 847
10.5 850
10.5167 852
10.5333 854
10.55 857
10.5667 859
10.5833 861
10.6 863
10.6167 865
10.6333 868
10.65 870
10.6667 872
10.6833 874
10.7 876
10.7167 878
10.7333 880
10.75 882
10.7667 884
10.7833 886
10.8 888
10.8167 890
10.8333 892
10.85 894
10.8667 896
10.8833 898
10.9 900
10.9167 902
10.9333 904
10.95 906
10.9667 908
10.9833 909
11.0 911
11.0167 913
11.0333 915
11.05 917
11.0667 918
11.0833 920
11.1 922
11.1167 923
11.1333 925
11.15 927
11.1667 928
11.1833 930
11.2 932
11.2167 933
11.2333 935
11.25 936
11.2667 938
11.2833 939
11.3 941
11.3167 942
11.3333 944
11.35 945
11.3667 947
11.3833 948
11.4 949
11.4167 951
11.4333 952
11.45 954
11.4667 955
11.4833 956
11.5 957
11.5167 959
11.5333 960
11.55 961
11.5667 962
11.5833 964
11.6 965
11.6167 966
11.6333 967
11.65 968
11.6667 969
11.6833 970
11.7 971
11.7167 972
11.7333 973
11.75 974
11.7667 975
11.7833 976
11.8 977
11.8167 978
11.8333 979
11.85 980
11.8667 981
11.8833 982
11.9 983
11.9167 984
11.9333 984
11.95 985
11.9667 986
11.9833 987
12.0 987
12.0167 988
12.0333 989
12.05 989
12.0667 990
12.0833 991
12.1 991
12.1167 992
12.1333 993
12.15 993
12.1667 994
12.1833 994
12.2 995
12.2167 995
12.2333 996
12.25 996
12.2667 996
12.2833 997
12.3 997
12.3167 998
12.3333 998
12.35 998
12.3667 999
12.3833 999
12.4 999
12.4167 999
12.4333 1000
12.45 1000
12.4667 1000
12.4833 1000
12.5 1000
12.5167 1001
12.5333 1001
12.55 1001
12.5667 1001
12.5833 1001
12.6 1001
12.6167 1001
12.6333 1001
12.65 1001
12.6667 1001
12.6833 1001
12.7 1001
12.7167 1001
12.7333 1001
12.75 1001
12.7667 1000
12.7833 1000
12.8 1000
12.8167 1000
12.8333 1000
12.85 999
12.8667 999
12.8833 999
12.9 999
12.9167 998
12.9333 998
12.95 998
12.9667 997
12.9833 997
13.0 996
13.0167 996
13.0333 995
13.05 995
13.0667 994
13.0833 994
13.1 993
13.1167 993
13.1333 992
13.15 992
13.1667 991
13.1833 991
13.2 990
13.2167 989
13.2333 989
13.25 988
13.2667 987
13.2833 986
13.3 986
13.3167 985
13.3333 984
13.35 983
13.3667 982
13.3833 982
13.4 981
13.4167 980
13.4333 979
13.45 978
13.4667 977
13.4833 976
13.5 975
13.5167 974
13.5333 973
13.55 972
13.5667 971
13.5833 970
13.6 969
13.6167 968
13.6333 967
13.65 966
13.6667 964
13.6833 963
13.7 962
13.7167 961
13.7333 960
13.75 958
13.7667 957
13.7833 956
13.8 954
13.8167 953
13.8333 952
13.85 950
13.8667 949
13.8833 948
13.9 946
13.9167 945
13.9333 943
13.95 942
13.9667 940
13.9833 939
14.0 937
14.0167 936
14.0333 934
14.05 933
14.0667 931
14.0833 930
14.1 928
14.1167 926
14.1333 925
14.15 923
14.1667 921
14.1833 920
14.2 918
14.2167 916
14.2333 914
14.25 912
14.2667 911
14.2833 909
14.3 907
14.3167 905
14.3333 903
14.35 901
14.3667 900
14.3833 898
14.4 896
14.4167 894
14.4333 892
14.45 890
14.4667 888
14.4833 886
14.5 884
14.5167 882
14.5333 880
14.55 878
14.5667 875
14.5833 873
14.6 871
14.6167 869
14.6333 867
14.65 865
14.6667 863
14.6833 860
14.7 858
14.7167 856
14.7333 854
14.75 851
14.7667 849
14.7833 847
14.8 844
14.8167 842
14.8333 840
14.85 837
14.8667 835
14.8833 833
14.9 830
14.9167 828
14.9333 825
14.95 823
14.9667 820
14.9833 818
15.0 816
15.0167 813
15.0333 810
15.05 808
15.0667 805
15.0833 803
15.1 800
15.1167 798
15.1333 795
15.15 792
15.1667 790
15.1833 787
15.2 784
15.2167 782
15.2333 779
15.25 776
15.2667 774
15.2833 771
15.3 768
15.3167 765
15.3333 762
15.35 760
15.3667 757
15.3833 754
15.4 751
15.4167 748
15.4333 745
15.45 743
15.4667 740
15.4833 737
15.5 734
15.5167 731
15.5333 728
15.55 725
15.5667 722
15.5833 719
15.6 716
15.6167 713
15.6333 710
15.65 707
15.6667 704
15.6833 701
15.7 698
15.7167 695
15.7333 692
15.75 689
15.7667 685
15.7833 682
15.8 679
15.8167 676
15.8333 673
15.85 670
15.8667 667
15.8833 663
15.9 660
15.9167 657
15.9333 654
15.95 650
15.9667 647
15.9833 644
16.0 641
16.0167 637
16.0333 634
16.05 631
16.0667 627
16.0833 624
16.1 621
16.1167 617
16.1333 614
16.15 611
16.1667 607
16.1833 604
16.2 601
16.2167 597
16.2333 594
16.25 590
16.2667 587
16.2833 584
16.3 580
16.3167 577
16.3333 573
16.35 570
16.3667 566
16.3833 563
16.4 559
16.4167 556
16.4333 552
16.45 549
16.4667 545
16.4833 542
16.5 538
16.5167 535
16.5333 531
16.55 527
16.5667 524
16.5833 520
16.6 517
16.6167 513
16.6333 509
16.65 506
16.6667 502
16.6833 499
16.7 495
16.7167 491
16.7333 488
16.75 484
16.7667 480
16.7833 477
16.8 473
16.8167 469
16.8333 466
16.85 462
16.8667 458
16.8833 455
16.9 451
16.9167 447
16.9333 444
16.95 440
16.9667 436
16.9833 433
