8.0 396
8.0167 400
8.0333 404
8.05 408
8.0667 412
8.0833 415
8.1 419
8.1167 423
8.1333 427
8.15 430
8.1667 434
8.1833 438
8.2 441
8.2167 445
8.2333 449
8.25 453
8.2667 456
8.2833 460
8.3 464
8.3167 467
8.3333 471
8.35 475
8.3667 479
8.3833 482
8.4 486
8.4167 490
8.4333 493
8.45 497
8.4667 501
8.4833 504
8.5 508
8.5167 512
8.5333 515
8.55 519
8.5667 522
8.5833 526
8.6 530
8.6167 533
8.6333 537
8.65 540
8.6667 544
8.6833 548
8.7 551
8.7167 555
8.7333 558
8.75 562
8.7667 565
8.7833 569
8.8 572
8.8167 576
8.8333 579
8.85 583
8.8667 586
8.8833 590
8.9 593
8.9167 597
8.9333 600
8.95 604
8.9667 607
8.9833 610
9.0 614
9.0167 617
9.0333 621
9.05 624
9.0667 627
9.0833 631
9.1 634
9.1167 637
9.1333 641
9.15 644
9.1667 647
9.1833 651
9.2 654
9.2167 657
9.2333 661
9.25 664
9.2667 667
9.2833 670
9.3 674
9.3167 677
9.3333 680
9.35 683
9.3667 686
9.3833 690
9.4 693
9.4167 696
9.4333 699
9.45 702
9.4667 705
9.4833 709
9.5 712
9.5167 715
9.5333 718
9.55 721
9.5667 724
9.5833 727
9.6 730
9.6167 733
9.6333 736
9.65 739
9.6667 742
9.6833 745
9.7 748
9.7167 751
9.7333 754
9.75 757
9.7667 760
9.7833 763
9.8 766
9.8167 768
9.8333 771
9.85 774
9.8667 777
9.8833 780
9.9 783
9.9167 785
9.9333 788
9.95 791
9.9667 794
9.9833 796
10.0 799
10.0167 802
10.0333 805
10.05 807
10.0667 810
10.0833 813
10.1 815
10.1167 818
10.1333 821
10.15 823
10.1667 826
10.1833 828
10.2 831
10.2167 833
10.2333 836
10.25 839
10.2667 841
10.2833 844
10.3 846
10.3167 848
10.3333 851
10.35 853
10.3667 856
10.3833 858
10.4 861
10.4167 863
10.4333 865
10.45 868
10.4667 870
10.4833 872
10.5 875
10.5167 877
10.5333 879
10.55 881
10.5667 884
10.5833 886
10.6 888
10.6167 890
10.6333 892
10.65 895
10.6667 897
10.6833 899
10.7 901
10.7167 903
10.7333 905
10.75 907
10.7667 909
10.7833 911
10.8 913
10.8167 915
10.8333 917
10.85 919
10.8667 921
10.8833 923
10.9 925
10.9167 927
10.9333 929
10.95 931
10.9667 933
10.9833 934
11.0 936
11.0167 938
11.0333 940
11.05 942
11.0667 943
11.0833 945
11.1 947
11.1167 949
11.1333 950
11.15 952
11.1667 954
11.1833 955
11.2 957
11.2167 958
11.2333 960
11.25 962
11.2667 963
11.2833 965
11.3 966
11.3167 968
11.3333 969
11.35 971
11.3667 972
11.3833 974
11.4 975
11.4167 976
11.4333 978
11.45 979
11.4667 980
11.4833 982
11.5 983
11.5167 984
11.5333 986
11.55 987
11.5667 988
11.5833 989
11.6 991
11.6167 992
11.6333 993
11.65 994
11.6667 995
11.6833 996
11.7 997
11.7167 999
11.7333 1000
11.75 1001
11.7667 1002
11.7833 1003
11.8 1004
11.8167 1005
11.8333 1006
11.85 1007
11.8667 1007
11.8833 1008
11.9 1009
11.9167 1010
11.9333 1011
11.95 1012
11.9667 1013
11.9833 1013
12.0 1014
12.0167 1015
12.0333 1016
12.05 1016
12.0667 1017
12.0833 1018
12.1 1018
12.1167 1019
12.1333 1020
12.15 1020
12.1667 1021
12.1833 1021
12.2 1022
12.2167 1022
12.2333 1023
12.25 1023
12.2667 1024
12.2833 1024
12.3 1025
12.3167 1025
12.3333 1026
12.35 1026
12.3667 1026
12.3833 1027
12.4 1027
12.4167 1027
12.4333 1028
12.45 1028
12.4667 1028
12.4833 1028
12.5 1029
12.5167 1029
12.5333 1029
12.55 1029
12.5667 1029
12.5833 1029
12.6 1030
12.6167 1030
12.6333 1030
12.65 1030
12.6667 1030
12.6833 1030
12.7 1030
12.7167 1030
12.7333 1030
12.75 1030
12.7667 1030
12.7833 1030
12.8 1029
12.8167 1029
12.8333 1029
12.85 1029
12.8667 1029
12.8833 1029
12.9 1028
12.9167 1028
12.9333 1028
12.95 1027
12.9667 1027
12.9833 1027
13.0 1026
13.0167 1026
13.0333 1026
13.05 1025
13.0667 1025
13.0833 1024
13.1 1024
13.1167 1024
13.1333 1023
13.15 1023
13.1667 1022
13.1833 1021
13.2 1021
13.2167 1020
13.2333 1020
13.25 1019
13.2667 1018
13.2833 1018
13.3 1017
13.3167 1016
13.3333 1016
13.35 1015
13.3667 1014
13.3833 1013
13.4 1013
13.4167 1012
13.4333 1011
13.45 1010
13.4667 1009
13.4833 1008
13.5 1008
13.5167 1007
13.5333 1006
13.55 1005
13.5667 1004
13.5833 1003
13.6 1002
13.6167 1001
13.6333 1000
13.65 999
13.6667 998
13.6833 997
13.7 995
13.7167 994
13.7333 993
13.75 992
13.7667 991
13.7833 990
13.8 988
13.8167 987
13.8333 986
13.85 985
13.8667 983
13.8833 982
13.9 981
13.9167 979
13.9333 978
13.95 977
13.9667 975
13.9833 974
14.0 972
14.0167 971
14.0333 969
14.05 968
14.0667 967
14.0833 965
14.1 963
14.1167 962
14.1333 960
14.15 959
14.1667 957
14.1833 956
14.2 954
14.2167 952
14.2333 951
14.25 949
14.2667 947
14.2833 945
14.3 944
14.3167 942
14.3333 940
14.35 938
14.3667 937
14.3833 935
14.4 933
14.4167 931
14.4333 929
14.45 927
14.4667 925
14.4833 924
14.5 922
14.5167 920
14.5333 918
14.55 916
14.5667 914
14.5833 912
14.6 910
14.6167 908
14.6333 906
14.65 903
14.6667 901
14.6833 899
14.7 897
14.7167 895
14.7333 893
14.75 891
14.7667 888
14.7833 886
14.8 884
14.8167 882
14.8333 880
14.85 877
14.8667 875
14.8833 873
14.9 870
14.9167 868
14.9333 866
14.95 863
14.9667 861
14.9833 859
15.0 856
15.0167 854
15.0333 851
15.05 849
15.0667 847
15.0833 844
15.1 842
15.1167 839
15.1333 837
15.15 834
15.1667 831
15.1833 829
15.2 826
15.2167 824
15.2333 821
15.25 819
15.2667 816
15.2833 813
15.3 811
15.3167 808
15.3333 805
15.35 803
15.3667 800
15.3833 797
15.4 794
15.4167 792
15.4333 789
15.45 786
15.4667 783
15.4833 780
15.5 778
15.5167 775
15.5333 772
15.55 769
15.5667 766
15.5833 763
15.6 760
15.6167 758
15.6333 755
15.65 752
15.6667 749
15.6833 746
15.7 743
15.7167 740
15.7333 737
15.75 734
15.7667 731
15.7833 728
15.8 725
15.8167 722
15.8333 719
15.85 715
15.8667 712
15.8833 709
15.9 706
15.9167 703
15.9333 700
15.95 697
15.9667 694
15.9833 690
16.0 687
16.0167 684
16.0333 681
16.05 678
16.0667 674
16.0833 671
16.1 668
16.1167 665
16.1333 661
16.15 658
16.1667 655
16.1833 652
16.2 648
16.2167 645
16.2333 642
16.25 638
16.2667 635
16.2833 632
16.3 628
16.3167 625
16.3333 621
16.35 618
16.3667 615
16.3833 611
16.4 608
16.4167 604
16.4333 601
16.45 597
16.4667 594
16.4833 590
16.5 587
16.5167 584
16.5333 580
16.55 577
16.5667 573
16.5833 570
16.6 566
16.6167 562
16.6333 559
16.65 555
16.6667 552
16.6833 548
16.7 545
16.7167 541
16.7333 538
16.75 534
16.7667 530
16.7833 527
16.8 523
16.8167 520
16.8333 516
16.85 512
16.8667 509
16.8833 505
16.9 501
16.9167 498
16.9333 494
16.95 490
16.9667 487
16.9833 483
