8.0 381
8.0167 385
8.0333 389
8.05 392
8.0667 396
8.0833 400
8.1 403
8.1167 407
8.1333 411
8.15 414
8.1667 418
8.1833 422
8.2 426
8.2167 429
8.2333 433
8.25 437
8.2667 440
8.2833 444
8.3 448
8.3167 451
8.3333 455
8.35 459
8.3667 462
8.3833 466
8.4 469
8.4167 473
8.4333 477
8.45 480
8.4667 484
8.4833 488
8.5 491
8.5167 495
8.5333 498
8.55 502
8.5667 506
8.5833 509
8.6 513
8.6167 516
8.6333 520
8.65 523
8.6667 527
8.6833 530
8.7 534
8.7167 538
8.7333 541
8.75 545
8.7667 548
8.7833 552
8.8 555
8.8167 559
8.8333 562
8.85 566
8.8667 569
8.8833 572
8.9 576
8.9167 579
8.9333 583
8.95 586
8.9667 590
8.9833 593
9.0 596
9.0167 600
9.0333 603
9.05 606
9.0667 610
9.0833 613
9.1 616
9.1167 620
9.1333 623
9.15 626
9.1667 630
9.1833 633
9.2 636
9.2167 639
9.2333 643
9.25 646
9.2667 649
9.2833 652
9.3 656
9.3167 659
9.3333 662
9.35 665
9.3667 668
9.3833 672
9.4 675
9.4167 678
9.4333 681
9.45 684
9.4667 687
9.4833 690
9.5 694
9.5167 697
9.5333 700
9.55 703
9.5667 706
9.5833 709
9.6 712
9.6167 715
9.6333 718
9.65 721
9.6667 724
9.6833 727
9.7 730
9.7167 733
9.7333 736
9.75 739
9.7667 741
9.7833 744
9.8 747
9.8167 750
9.8333 753
9.85 756
9.8667 759
9.8833 761
9.9 764
9.9167 767
9.9333 770
9.95 773
9.9667 775
9.9833 778
10.0 781
10.0167 784
10.0333 786
10.05 789
10.0667 792
10.0833 794
10.1 797
10.1167 800
10.1333 802
10.15 805
10.1667 807
10.1833 810
10.2 812
10.2167 815
10.2333 818
10.25 820
10.2667 823
10.2833 825
10.3 828
10.3167 830
10.3333 832
10.35 835
10.3667 837
10.3833 840
10.4 842
10.4167 844
10.4333 847
10.45 849
10.4667 851
10.4833 854
10.5 856
10.5167 858
10.5333 861
10.55 863
10.5667 865
10.5833 867
10.6 870
10.6167 872
10.6333 874
10.65 876
10.6667 878
10.6833 880
10.7 882
10.7167 885
10.7333 887
10.75 889
10.7667 891
10.7833 893
10.8 895
10.8167 897
10.8333 899
10.85 901
10.8667 903
10.8833 905
10.9 907
10.9167 909
10.9333 910
10.95 912
10.9667 914
10.9833 916
11.0 918
11.0167 920
11.0333 921
11.05 923
11.0667 925
11.0833 927
11.1 928
11.1167 930
11.1333 932
11.15 934
11.1667 935
11.1833 937
11.2 938
11.2167 940
11.2333 942
11.25 943
11.2667 945
11.2833 946
11.3 948
11.3167 949
11.3333 951
11.35 952
11.3667 954
11.3833 955
11.4 957
11.4167 958
11.4333 959
11.45 961
11.4667 962
11.4833 964
11.5 965
11.5167 966
11.5333 967
11.55 969
11.5667 970
11.5833 971
11.6 972
11.6167 974
11.6333 975
11.65 976
11.6667 977
11.6833 978
11.7 979
11.7167 980
11.7333 981
11.75 982
11.7667 984
11.7833 985
11.8 986
11.8167 987
11.8333 987
11.85 988
11.8667 989
11.8833 990
11.9 991
11.9167 992
11.9333 993
11.95 994
11.9667 995
11.9833 995
12.0 996
12.0167 997
12.0333 998
12.05 998
12.0667 999
12.0833 1000
12.1 1000
12.1167 1001
12.1333 1002
12.15 1002
12.1667 1003
12.1833 1004
12.2 1004
12.2167 1005
12.2333 1005
12.25 1006
12.2667 1006
12.2833 1007
12.3 1007
12.3167 1008
12.3333 1008
12.35 1008
12.3667 1009
12.3833 1009
12.4 1009
12.4167 1010
12.4333 1010
12.45 1010
12.4667 1011
12.4833 1011
12.5 1011
12.5167 1011
12.5333 1012
12.55 1012
12.5667 1012
12.5833 1012
12.6 1012
12.6167 1012
12.6333 1012
12.65 1012
12.6667 1012
12.6833 1012
12.7 1012
12.7167 1012
12.7333 1012
12.75 1012
12.7667 1012
12.7833 1012
12.8 1012
12.8167 1012
12.8333 1012
12.85 1012
12.8667 1012
12.8833 1011
12.9 1011
12.9167 1011
12.9333 1011
12.95 1010
12.9667 1010
12.9833 1010
13.0 1009
13.0167 1009
13.0333 1009
13.05 1008
13.0667 1008
13.0833 1007
13.1 1007
13.1167 1007
13.1333 1006
13.15 1006
13.1667 1005
13.1833 1005
13.2 1004
13.2167 1003
13.2333 1003
13.25 1002
13.2667 1002
13.2833 1001
13.3 1000
13.3167 1000
13.3333 999
13.35 998
13.3667 998
13.3833 997
13.4 996
13.4167 995
13.4333 994
13.45 994
13.4667 993
13.4833 992
13.5 991
13.5167 990
13.5333 989
13.55 988
13.5667 987
13.5833 986
13.6 985
13.6167 984
13.6333 983
13.65 982
13.6667 981
13.6833 980
13.7 979
13.7167 978
13.7333 977
13.75 976
13.7667 975
13.7833 973
13.8 972
13.8167 971
13.8333 970
13.85 969
13.8667 967
13.8833 966
13.9 965
13.9167 963
13.9333 962
13.95 961
13.9667 959
13.9833 958
14.0 956
14.0167 955
14.0333 954
14.05 952
14.0667 951
14.0833 949
14.1 948
14.1167 946
14.1333 945
14.15 943
14.1667 941
14.1833 940
14.2 938
14.2167 937
14.2333 935
14.25 933
14.2667 932
14.2833 930
14.3 928
14.3167 926
14.3333 925
14.35 923
14.3667 921
14.3833 919
14.4 918
14.4167 916
14.4333 914
14.45 912
14.4667 910
14.4833 908
14.5 906
14.5167 904
14.5333 903
14.55 901
14.5667 899
14.5833 897
14.6 895
14.6167 893
14.6333 891
14.65 888
14.6667 886
14.6833 884
14.7 882
14.7167 880
14.7333 878
14.75 876
14.7667 874
14.7833 871
14.8 869
14.8167 867
14.8333 865
14.85 863
14.8667 860
14.8833 858
14.9 856
14.9167 853
14.9333 851
14.95 849
14.9667 846
14.9833 844
15.0 842
15.0167 839
15.0333 837
15.05 835
15.0667 832
15.0833 830
15.1 827
15.1167 825
15.1333 822
15.15 820
15.1667 817
15.1833 815
15.2 812
15.2167 810
15.2333 807
15.25 804
15.2667 802
15.2833 799
15.3 797
15.3167 794
15.3333 791
15.35 789
15.3667 786
15.3833 783
15.4 781
15.4167 778
15.4333 775
15.45 772
15.4667 770
15.4833 767
15.5 764
15.5167 761
15.5333 758
15.55 756
15.5667 753
15.5833 750
15.6 747
15.6167 744
15.6333 741
15.65 738
15.6667 735
15.6833 732
15.7 730
15.7167 727
15.7333 724
15.75 721
15.7667 718
15.7833 715
15.8 712
15.8167 709
15.8333 706
15.85 703
15.8667 699
15.8833 696
15.9 693
15.9167 690
15.9333 687
15.95 684
15.9667 681
15.9833 678
16.0 675
16.0167 671
16.0333 668
16.05 665
16.0667 662
16.0833 659
16.1 655
16.1167 652
16.1333 649
16.15 646
16.1667 642
16.1833 639
16.2 636
16.2167 633
16.2333 629
16.25 626
16.2667 623
16.2833 619
16.3 616
16.3167 613
16.3333 609
16.35 606
16.3667 603
16.3833 599
16.4 596
16.4167 593
16.4333 589
16.45 586
16.4667 582
16.4833 579
16.5 575
16.5167 572
16.5333 569
16.55 565
16.5667 562
16.5833 558
16.6 555
16.6167 551
16.6333 548
16.65 544
16.6667 541
16.6833 537
16.7 534
16.7167 530
16.7333 527
16.75 523
16.7667 519
16.7833 516
16.8 512
16.8167 509
16.8333 505
16.85 502
16.8667 498
16.8833 494
16.9 491
16.9167 487
16.9333 484
16.95 480
16.9667 476
16.9833 473
