8.0 373
8.0167 377
8.0333 380
8.05 384
8.0667 388
8.0833 391
8.1 395
8.1167 399
8.1333 402
8.15 406
8.1667 410
8.1833 413
8.2 417
8.2167 421
8.2333 424
8.25 428
8.2667 432
8.2833 435
8.3 439
8.3167 443
8.3333 446
8.35 450
8.3667 454
8.3833 457
8.4 461
8.4167 465
8.4333 468
8.45 472
8.4667 475
8.4833 479
8.5 483
8.5167 486
8.5333 490
8.55 493
8.5667 497
8.5833 501
8.6 504
8.6167 508
8.6333 511
8.65 515
8.6667 518
8.6833 522
8.7 526
8.7167 529
8.7333 533
8.75 536
8.7667 540
8.7833 543
8.8 547
8.8167 550
8.8333 554
8.85 557
8.8667 560
8.8833 564
8.9 567
8.9167 571
8.9333 574
8.95 578
8.9667 581
8.9833 584
9.0 588
9.0167 591
9.0333 594
9.05 598
9.0667 601
9.0833 605
9.1 608
9.1167 611
9.1333 615
9.15 618
9.1667 621
9.1833 624
9.2 628
9.2167 631
9.2333 634
9.25 638
9.2667 641
9.2833 644
9.3 647
9.3167 651
9.3333 654
9.35 657
9.3667 660
9.3833 663
9.4 666
9.4167 670
9.4333 673
9.45 676
9.4667 679
9.4833 682
9.5 685
9.5167 688
9.5333 691
9.55 695
9.5667 698
9.5833 701
9.6 704
9.6167 707
9.6333 710
9.65 713
9.6667 716
9.6833 719
9.7 722
9.7167 725
9.7333 728
9.75 731
9.7667 733
9.7833 736
9.8 739
9.8167 742
9.8333 745
9.85 748
9.8667 751
9.8833 754
9.9 756
9.9167 759
9.9333 762
9.95 765
9.9667 767
9.9833 770
10.0 773
10.0167 776
10.0333 778
10.05 781
10.0667 784
10.0833 786
10.1 789
10.1167 792
10.1333 794
10.15 797
10.1667 800
10.1833 802
10.2 805
10.2167 807
10.2333 810
10.25 812
10.2667 815
10.2833 818
10.3 820
10.3167 822
10.3333 825
10.35 827
10.3667 830
10.3833 832
10.4 835
10.4167 837
10.4333 839
10.45 842
10.4667 844
10.4833 846
10.5 849
10.5167 851
10.5333 853
10.55 856
10.5667 858
10.5833 860
10.6 862
10.6167 865
10.6333 867
10.65 869
10.6667 871
10.6833 873
10.7 875
10.7167 878
10.7333 880
10.75 882
10.7667 884
10.7833 886
10.8 888
10.8167 890
10.8333 892
10.85 894
10.8667 896
10.8833 898
10.9 900
10.9167 902
10.9333 904
10.95 906
10.9667 908
10.9833 909
11.0 911
11.0167 913
11.0333 915
11.05 917
11.0667 918
11.0833 920
11.1 922
11.1167 924
11.1333 925
11.15 927
11.1667 929
11.1833 931
11.2 932
11.2167 934
11.2333 935
11.25 937
11.2667 939
11.2833 940
11.3 942
11.3167 943
11.3333 945
11.35 946
11.3667 948
11.3833 949
11.4 951
11.4167 952
11.4333 954
11.45 955
11.4667 956
11.4833 958
11.5 959
11.5167 960
11.5333 962
11.55 963
11.5667 964
11.5833 965
11.6 967
11.6167 968
11.6333 969
11.65 970
11.6667 971
11.6833 973
11.7 974
11.7167 975
11.7333 976
11.75 977
11.7667 978
11.7833 979
11.8 980
11.8167 981
11.8333 982
11.85 983
11.8667 984
11.8833 985
11.9 986
11.9167 987
11.9333 988
11.95 989
11.9667 990
11.9833 990
12.0 991
12.0167 992
12.0333 993
12.05 994
12.0667 994
12.0833 995
12.1 996
12.1167 996
12.1333 997
12.15 998
12.1667 998
12.1833 999
12.2 1000
12.2167 1000
12.2333 1001
12.25 1001
12.2667 1002
12.2833 1002
12.3 1003
12.3167 1003
12.3333 1004
12.35 1004
12.3667 1004
12.3833 1005
12.4 1005
12.4167 1006
12.4333 1006
12.45 1006
12.4667 1007
12.4833 1007
12.5 1007
12.5167 1007
12.5333 1008
12.55 1008
12.5667 1008
12.5833 1008
12.6 1008
12.6167 1008
12.6333 1009
12.65 1009
12.6667 1009
12.6833 1009
12.7 1009
12.7167 1009
12.7333 1009
12.75 1009
12.7667 1009
12.7833 1009
12.8 1009
12.8167 1009
12.8333 1008
12.85 1008
12.8667 1008
12.8833 1008
12.9 1008
12.9167 1008
12.9333 1007
12.95 1007
12.9667 1007
12.9833 1007
13.0 1006
13.0167 1006
13.0333 1006
13.05 1005
13.0667 1005
13.0833 1005
13.1 1004
13.1167 1004
13.1333 1003
13.15 1003
13.1667 1002
13.1833 1002
13.2 1001
13.2167 1001
13.2333 1000
13.25 1000
13.2667 999
13.2833 999
13.3 998
13.3167 997
13.3333 997
13.35 996
13.3667 995
13.3833 994
13.4 994
13.4167 993
13.4333 992
13.45 991
13.4667 991
13.4833 990
13.5 989
13.5167 988
13.5333 987
13.55 986
13.5667 985
13.5833 984
13.6 984
13.6167 983
13.6333 982
13.65 981
13.6667 980
13.6833 979
13.7 977
13.7167 976
13.7333 975
13.75 974
13.7667 973
13.7833 972
13.8 971
13.8167 970
13.8333 968
13.85 967
13.8667 966
13.8833 965
13.9 963
13.9167 962
13.9333 961
13.95 959
13.9667 958
13.9833 957
14.0 955
14.0167 954
14.0333 953
14.05 951
14.0667 950
14.0833 948
14.1 947
14.1167 945
14.1333 944
14.15 942
14.1667 941
14.1833 939
14.2 938
14.2167 936
14.2333 934
14.25 933
14.2667 931
14.2833 929
14.3 928
14.3167 926
14.3333 924
14.35 923
14.3667 921
14.3833 919
14.4 917
14.4167 915
14.4333 914
14.45 912
14.4667 910
14.4833 908
14.5 906
14.5167 904
14.5333 902
14.55 901
14.5667 899
14.5833 897
14.6 895
14.6167 893
14.6333 891
14.65 889
14.6667 887
14.6833 885
14.7 882
14.7167 880
14.7333 878
14.75 876
14.7667 874
14.7833 872
14.8 870
14.8167 868
14.8333 865
14.85 863
14.8667 861
14.8833 859
14.9 856
14.9167 854
14.9333 852
14.95 850
14.9667 847
14.9833 845
15.0 843
15.0167 840
15.0333 838
15.05 836
15.0667 833
15.0833 831
15.1 828
15.1167 826
15.1333 823
15.15 821
15.1667 818
15.1833 816
15.2 813
15.2167 811
15.2333 808
15.25 806
15.2667 803
15.2833 801
15.3 798
15.3167 795
15.3333 793
15.35 790
15.3667 787
15.3833 785
15.4 782
15.4167 779
15.4333 777
15.45 774
15.4667 771
15.4833 769
15.5 766
15.5167 763
15.5333 760
15.55 757
15.5667 755
15.5833 752
15.6 749
15.6167 746
15.6333 743
15.65 740
15.6667 737
15.6833 735
15.7 732
15.7167 729
15.7333 726
15.75 723
15.7667 720
15.7833 717
15.8 714
15.8167 711
15.8333 708
15.85 705
15.8667 702
15.8833 699
15.9 696
15.9167 693
15.9333 690
15.95 686
15.9667 683
15.9833 680
16.0 677
16.0167 674
16.0333 671
16.05 668
16.0667 665
16.0833 661
16.1 658
16.1167 655
16.1333 652
16.15 649
16.1667 645
16.1833 642
16.2 639
16.2167 636
16.2333 632
16.25 629
16.2667 626
16.2833 622
16.3 619
16.3167 616
16.3333 613
16.35 609
16.3667 606
16.3833 602
16.4 599
16.4167 596
16.4333 592
16.45 589
16.4667 586
16.4833 582
16.5 579
16.5167 575
16.5333 572
16.55 568
16.5667 565
16.5833 562
16.6 558
16.6167 555
16.6333 551
16.65 548
16.6667 544
16.6833 541
16.7 537
16.7167 534
16.7333 530
16.75 527
16.7667 523
16.7833 520
16.8 516
16.8167 512
16.8333 509
16.85 505
16.8667 502
16.8833 498
16.9 495
16.9167 491
16.9333 487
16.95 484
16.9667 480
16.9833 477
