8.0 383
8.0167 387
8.0333 390
8.05 394
8.0667 398
8.0833 402
8.1 405
8.1167 409
8.1333 413
8.15 416
8.1667 420
8.1833 424
8.2 427
8.2167 431
8.2333 435
8.25 439
8.2667 442
8.2833 446
8.3 450
8.3167 453
8.3333 457
8.35 461
8.3667 464
8.3833 468
8.4 471
8.4167 475
8.4333 479
8.45 482
8.4667 486
8.4833 490
8.5 493
8.5167 497
8.5333 500
8.55 504
8.5667 508
8.5833 511
8.6 515
8.6167 518
8.6333 522
8.65 525
8.6667 529
8.6833 533
8.7 536
8.7167 540
8.7333 543
8.75 547
8.7667 550
8.7833 554
8.8 557
8.8167 561
8.8333 564
8.85 568
8.8667 571
8.8833 574
8.9 578
8.9167 581
8.9333 585
8.95 588
8.9667 592
8.9833 595
9.0 598
9.0167 602
9.0333 605
9.05 608
9.0667 612
9.0833 615
9.1 618
9.1167 622
9.1333 625
9.15 628
9.1667 632
9.1833 635
9.2 638
9.2167 642
9.2333 645
9.25 648
9.2667 651
9.2833 655
9.3 658
9.3167 661
9.3333 664
9.35 667
9.3667 671
9.3833 674
9.4 677
9.4167 680
9.4333 683
9.45 686
9.4667 689
9.4833 692
9.5 696
9.5167 699
9.5333 702
9.55 705
9.5667 708
9.5833 711
9.6 714
9.6167 717
9.6333 720
9.65 723
9.6667 726
9.6833 729
9.7 732
9.7167 735
9.7333 738
9.75 741
9.7667 743
9.7833 746
9.8 749
9.8167 752
9.8333 755
9.85 758
9.8667 761
9.8833 763
9.9 766
9.9167 769
9.9333 772
9.95 774
9.9667 777
9.9833 780
10.0 783
10.0167 785
10.0333 788
10.05 791
10.0667 793
10.0833 796
10.1 799
10.1167 801
10.1333 804
10.15 806
10.1667 809
10.1833 812
10.2 814
10.2167 817
10.2333 819
10.25 822
10.2667 824
10.2833 827
10.3 829
10.3167 832
10.3333 834
10.35 836
10.3667 839
10.3833 841
10.4 844
10.4167 846
10.4333 848
10.45 851
10.4667 853
10.4833 855
10.5 858
10.5167 860
10.5333 862
10.55 864
10.5667 867
10.5833 869
10.6 871
10.6167 873
10.6333 875
10.65 877
10.6667 880
10.6833 882
10.7 884
10.7167 886
10.7333 888
10.75 890
10.7667 892
10.7833 894
10.8 896
10.8167 898
10.8333 900
10.85 902
10.8667 904
10.8833 906
10.9 908
10.9167 910
10.9333 912
10.95 913
10.9667 915
10.9833 917
11.0 919
11.0167 921
11.0333 922
11.05 924
11.0667 926
11.0833 928
11.1 929
11.1167 931
11.1333 933
11.15 934
11.1667 936
11.1833 938
11.2 939
11.2167 941
11.2333 942
11.25 944
11.2667 946
11.2833 947
11.3 949
11.3167 950
11.3333 952
11.35 953
11.3667 954
11.3833 956
11.4 957
11.4167 959
11.4333 960
11.45 961
11.4667 963
11.4833 964
11.5 965
11.5167 967
11.5333 968
11.55 969
11.5667 970
11.5833 971
11.6 973
11.6167 974
11.6333 975
11.65 976
11.6667 977
11.6833 978
11.7 979
11.7167 980
11.7333 982
11.75 983
11.7667 984
11.7833 985
11.8 986
11.8167 987
11.8333 987
11.85 988
11.8667 989
11.8833 990
11.9 991
11.9167 992
11.9333 993
11.95 994
11.9667 994
11.9833 995
12.0 996
12.0167 997
12.0333 997
12.05 998
12.0667 999
12.0833 999
12.1 1000
12.1167 1001
12.1333 1001
12.15 1002
12.1667 1002
12.1833 1003
12.2 1003
12.2167 1004
12.2333 1005
12.25 1005
12.2667 1005
12.2833 1006
12.3 1006
12.3167 1007
12.3333 1007
12.35 1008
12.3667 1008
12.3833 1008
12.4 1009
12.4167 1009
12.4333 1009
12.45 1009
12.4667 1010
12.4833 1010
12.5 1010
12.5167 1010
12.5333 1010
12.55 1011
12.5667 1011
12.5833 1011
12.6 1011
12.6167 1011
12.6333 1011
12.65 1011
12.6667 1011
12.6833 1011
12.7 1011
12.7167 1011
12.7333 1011
12.75 1011
12.7667 1011
12.7833 1011
12.8 1010
12.8167 1010
12.8333 1010
12.85 1010
12.8667 1010
12.8833 1009
12.9 1009
12.9167 1009
12.9333 1009
12.95 1008
12.9667 1008
12.9833 1008
13.0 1007
13.0167 1007
13.0333 1007
13.05 1006
13.0667 1006
13.0833 1005
13.1 1005
13.1167 1004
13.1333 1004
13.15 1003
13.1667 1003
13.1833 1002
13.2 1002
13.2167 1001
13.2333 1000
13.25 1000
13.2667 999
13.2833 998
13.3 998
13.3167 997
13.3333 996
13.35 996
13.3667 995
13.3833 994
13.4 993
13.4167 992
13.4333 992
13.45 991
13.4667 990
13.4833 989
13.5 988
13.5167 987
13.5333 986
13.55 985
13.5667 984
13.5833 983
13.6 982
13.6167 981
13.6333 980
13.65 979
13.6667 978
13.6833 977
13.7 976
13.7167 975
13.7333 973
13.75 972
13.7667 971
13.7833 970
13.8 969
13.8167 967
13.8333 966
13.85 965
13.8667 963
13.8833 962
13.9 961
13.9167 959
13.9333 958
13.95 957
13.9667 955
13.9833 954
14.0 952
14.0167 951
14.0333 949
14.05 948
14.0667 946
14.0833 945
14.1 943
14.1167 942
14.1333 940
14.15 939
14.1667 937
14.1833 935
14.2 934
14.2167 932
14.2333 930
14.25 929
14.2667 927
14.2833 925
14.3 923
14.3167 922
14.3333 920
14.35 918
14.3667 916
14.3833 914
14.4 913
14.4167 911
14.4333 909
14.45 907
14.4667 905
14.4833 903
14.5 901
14.5167 899
14.5333 897
14.55 895
14.5667 893
14.5833 891
14.6 889
14.6167 887
14.6333 885
14.65 883
14.6667 881
14.6833 879
14.7 877
14.7167 874
14.7333 872
14.75 870
14.7667 868
14.7833 866
14.8 863
14.8167 861
14.8333 859
14.85 857
14.8667 854
14.8833 852
14.9 850
14.9167 847
14.9333 845
14.95 843
14.9667 840
14.9833 838
15.0 836
15.0167 833
15.0333 831
15.05 828
15.0667 826
15.0833 823
15.1 821
15.1167 818
15.1333 816
15.15 813
15.1667 811
15.1833 808
15.2 806
15.2167 803
15.2333 800
15.25 798
15.2667 795
15.2833 792
15.3 790
15.3167 787
15.3333 784
15.35 782
15.3667 779
15.3833 776
15.4 773
15.4167 771
15.4333 768
15.45 765
15.4667 762
15.4833 760
15.5 757
15.5167 754
15.5333 751
15.55 748
15.5667 745
15.5833 742
15.6 740
15.6167 737
15.6333 734
15.65 731
15.6667 728
15.6833 725
15.7 722
15.7167 719
15.7333 716
15.75 713
15.7667 710
15.7833 707
15.8 704
15.8167 701
15.8333 698
15.85 695
15.8667 691
15.8833 688
15.9 685
15.9167 682
15.9333 679
15.95 676
15.9667 673
15.9833 669
16.0 666
16.0167 663
16.0333 660
16.05 657
16.0667 653
16.0833 650
16.1 647
16.1167 644
16.1333 640
16.15 637
16.1667 634
16.1833 631
16.2 627
16.2167 624
16.2333 621
16.25 617
16.2667 614
16.2833 611
16.3 607
16.3167 604
16.3333 601
16.35 597
16.3667 594
16.3833 590
16.4 587
16.4167 584
16.4333 580
16.45 577
16.4667 573
16.4833 570
16.5 566
16.5167 563
16.5333 559
16.55 556
16.5667 552
16.5833 549
16.6 545
16.6167 542
16.6333 538
16.65 535
16.6667 531
16.6833 528
16.7 524
16.7167 521
16.7333 517
16.75 513
16.7667 510
16.7833 506
16.8 503
16.8167 499
16.8333 496
16.85 492
16.8667 488
16.8833 485
16.9 481
16.9167 477
16.9333 474
16.95 470
16.9667 467
16.9833 463
