8.0 372
8.0167 376
8.0333 379
8.05 383
8.0667 387
8.0833 390
8.1 394
8.1167 398
8.1333 401
8.15 405
8.1667 409
8.1833 412
8.2 416
8.2167 420
8.2333 423
8.25 427
8.2667 431
8.2833 434
8.3 438
8.3167 441
8.3333 445
8.35 449
8.3667 452
8.3833 456
8.4 459
8.4167 463
8.4333 467
8.45 470
8.4667 474
8.4833 477
8.5 481
8.5167 485
8.5333 488
8.55 492
8.5667 495
8.5833 499
8.6 502
8.6167 506
8.6333 509
8.65 513
8.6667 516
8.6833 520
8.7 524
8.7167 527
8.7333 530
8.75 534
8.7667 537
8.7833 541
8.8 544
8.8167 548
8.8333 551
8.85 555
8.8667 558
8.8833 562
8.9 565
8.9167 568
8.9333 572
8.95 575
8.9667 579
8.9833 582
9.0 585
9.0167 589
9.0333 592
9.05 595
9.0667 599
9.0833 602
9.1 605
9.1167 609
9.1333 612
9.15 615
9.1667 618
9.1833 622
9.2 625
9.2167 628
9.2333 631
9.25 635
9.2667 638
9.2833 641
9.3 644
9.3167 648
9.3333 651
9.35 654
9.3667 657
9.3833 660
9.4 663
9.4167 666
9.4333 670
9.45 673
9.4667 676
9.4833 679
9.5 682
9.5167 685
9.5333 688
9.55 691
9.5667 694
9.5833 697
9.6 700
9.6167 703
9.6333 706
9.65 709
9.6667 712
9.6833 715
9.7 718
9.7167 721
9.7333 724
9.75 727
9.7667 730
9.7833 732
9.8 735
9.8167 738
9.8333 741
9.85 744
9.8667 747
9.8833 749
9.9 752
9.9167 755
9.9333 758
9.95 760
9.9667 763
9.9833 766
10.0 769
10.0167 771
10.0333 774
10.05 777
10.0667 779
10.0833 782
10.1 785
10.1167 787
10.1333 790
10.15 792
10.1667 795
10.1833 798
10.2 800
10.2167 803
10.2333 805
10.25 808
10.2667 810
10.2833 813
10.3 815
10.3167 817
10.3333 820
10.35 822
10.3667 825
10.3833 827
10.4 829
10.4167 832
10.4333 834
10.45 836
10.4667 839
10.4833 841
10.5 843
10.5167 846
10.5333 848
10.55 850
10.5667 852
10.5833 855
10.6 857
10.6167 859
10.6333 861
10.65 863
10.6667 865
10.6833 867
10.7 870
10.7167 872
10.7333 874
10.75 876
10.7667 878
10.7833 880
10.8 882
10.8167 884
10.8333 886
10.85 888
10.8667 890
10.8833 892
10.9 893
10.9167 895
10.9333 897
10.95 899
10.9667 901
10.9833 903
11.0 905
11.0167 906
11.0333 908
11.05 910
11.0667 912
11.0833 913
11.1 915
11.1167 917
11.1333 918
11.15 920
11.1667 922
11.1833 923
11.2 925
11.2167 927
11.2333 928
11.25 930
11.2667 931
11.2833 933
11.3 934
11.3167 936
11.3333 937
11.35 939
11.3667 940
11.3833 942
11.4 943
11.4167 944
11.4333 946
11.45 947
11.4667 948
11.4833 950
11.5 951
11.5167 952
11.5333 954
11.55 955
11.5667 956
11.5833 957
11.6 958
11.6167 960
11.6333 961
11.65 962
11.6667 963
11.6833 964
11.7 965
11.7167 966
11.7333 967
11.75 968
11.7667 969
11.7833 970
11.8 971
11.8167 972
11.8333 973
11.85 974
11.8667 975
11.8833 976
11.9 977
11.9167 978
11.9333 979
11.95 979
11.9667 980
11.9833 981
12.0 982
12.0167 982
12.0333 983
12.05 984
12.0667 985
12.0833 985
12.1 986
12.1167 987
12.1333 987
12.15 988
12.1667 988
12.1833 989
12.2 989
12.2167 990
12.2333 991
12.25 991
12.2667 991
12.2833 992
12.3 992
12.3167 993
12.3333 993
12.35 994
12.3667 994
12.3833 994
12.4 995
12.4167 995
12.4333 995
12.45 995
12.4667 996
12.4833 996
12.5 996
12.5167 996
12.5333 997
12.55 997
12.5667 997
12.5833 997
12.6 997
12.6167 997
12.6333 997
12.65 997
12.6667 997
12.6833 997
12.7 997
12.7167 997
12.7333 997
12.75 997
12.7667 997
12.7833 997
12.8 997
12.8167 997
12.8333 997
12.85 996
12.8667 996
12.8833 996
12.9 996
12.9167 995
12.9333 995
12.95 995
12.9667 995
12.9833 994
13.0 994
13.0167 993
13.0333 993
13.05 993
13.0667 992
13.0833 992
13.1 991
13.1167 991
13.1333 990
13.15 990
13.1667 989
13.1833 989
13.2 988
13.2167 988
13.2333 987
13.25 986
13.2667 986
13.2833 985
13.3 984
13.3167 984
13.3333 983
13.35 982
13.3667 982
13.3833 981
13.4 980
13.4167 979
13.4333 978
13.45 978
13.4667 977
13.4833 976
13.5 975
13.5167 974
13.5333 973
13.55 972
13.5667 971
13.5833 970
13.6 969
13.6167 968
13.6333 967
13.65 966
13.6667 965
13.6833 964
13.7 963
13.7167 962
13.7333 961
13.75 959
13.7667 958
13.7833 957
13.8 956
13.8167 955
13.8333 953
13.85 952
13.8667 951
13.8833 949
13.9 948
13.9167 947
13.9333 945
13.95 944
13.9667 943
13.9833 941
14.0 940
14.0167 938
14.0333 937
14.05 935
14.0667 934
14.0833 932
14.1 931
14.1167 929
14.1333 928
14.15 926
14.1667 925
14.1833 923
14.2 921
14.2167 920
14.2333 918
14.25 916
14.2667 915
14.2833 913
14.3 911
14.3167 910
14.3333 908
14.35 906
14.3667 904
14.3833 902
14.4 901
14.4167 899
14.4333 897
14.45 895
14.4667 893
14.4833 891
14.5 889
14.5167 887
14.5333 885
14.55 883
14.5667 881
14.5833 879
14.6 877
14.6167 875
14.6333 873
14.65 871
14.6667 869
14.6833 867
14.7 865
14.7167 863
14.7333 861
14.75 858
14.7667 856
14.7833 854
14.8 852
14.8167 850
14.8333 847
14.85 845
14.8667 843
14.8833 841
14.9 838
14.9167 836
14.9333 834
14.95 831
14.9667 829
14.9833 827
15.0 824
15.0167 822
15.0333 819
15.05 817
15.0667 815
15.0833 812
15.1 810
15.1167 807
15.1333 805
15.15 802
15.1667 800
15.1833 797
15.2 795
15.2167 792
15.2333 789
15.25 787
15.2667 784
15.2833 782
15.3 779
15.3167 776
15.3333 774
15.35 771
15.3667 768
15.3833 765
15.4 763
15.4167 760
15.4333 757
15.45 755
15.4667 752
15.4833 749
15.5 746
15.5167 743
15.5333 741
15.55 738
15.5667 735
15.5833 732
15.6 729
15.6167 726
15.6333 723
15.65 720
15.6667 717
15.6833 715
15.7 712
15.7167 709
15.7333 706
15.75 703
15.7667 700
15.7833 697
15.8 694
15.8167 691
15.8333 688
15.85 685
15.8667 681
15.8833 678
15.9 675
15.9167 672
15.9333 669
15.95 666
15.9667 663
15.9833 660
16.0 657
16.0167 653
16.0333 650
16.05 647
16.0667 644
16.0833 641
16.1 637
16.1167 634
16.1333 631
16.15 628
16.1667 624
16.1833 621
16.2 618
16.2167 615
16.2333 611
16.25 608
16.2667 605
16.2833 601
16.3 598
16.3167 595
16.3333 591
16.35 588
16.3667 585
16.3833 581
16.4 578
16.4167 575
16.4333 571
16.45 568
16.4667 564
16.4833 561
16.5 557
16.5167 554
16.5333 551
16.55 547
16.5667 544
16.5833 540
16.6 537
16.6167 533
16.6333 530
16.65 526
16.6667 523
16.6833 519
16.7 516
16.7167 512
16.7333 509
16.75 505
16.7667 502
16.7833 498
16.8 495
16.8167 491
16.8333 487
16.85 484
16.8667 480
16.8833 477
16.9 473
16.9167 470
16.9333 466
16.95 462
16.9667 459
16.9833 455
