8.0 375
8.0167 379
8.0333 383
8.05 387
8.0667 390
8.0833 394
8.1 398
8.1167 401
8.1333 405
8.15 409
8.1667 412
8.1833 416
8.2 420
8.2167 423
8.2333 427
8.25 431
8.2667 434
8.2833 438
8.3 442
8.3167 445
8.3333 449
8.35 453
8.3667 456
8.3833 460
8.4 464
8.4167 467
8.4333 471
8.45 474
8.4667 478
8.4833 482
8.5 485
8.5167 489
8.5333 492
8.55 496
8.5667 500
8.5833 503
8.6 507
8.6167 510
8.6333 514
8.65 517
8.6667 521
8.6833 524
8.7 528
8.7167 532
8.7333 535
8.75 539
8.7667 542
8.7833 546
8.8 549
8.8167 553
8.8333 556
8.85 559
8.8667 563
8.8833 566
8.9 570
8.9167 573
8.9333 577
8.95 580
8.9667 583
8.9833 587
9.0 590
9.0167 594
9.0333 597
9.05 600
9.0667 604
9.0833 607
9.1 610
9.1167 614
9.1333 617
9.15 620
9.1667 624
9.1833 627
9.2 630
9.2167 633
9.2333 637
9.25 640
9.2667 643
9.2833 646
9.3 650
9.3167 653
9.3333 656
9.35 659
9.3667 662
9.3833 665
9.4 669
9.4167 672
9.4333 675
9.45 678
9.4667 681
9.4833 684
9.5 687
9.5167 690
9.5333 693
9.55 696
9.5667 699
9.5833 703
9.6 706
9.6167 709
9.6333 712
9.65 715
9.6667 717
9.6833 720
9.7 723
9.7167 726
9.7333 729
9.75 732
9.7667 735
9.7833 738
9.8 741
9.8167 744
9.8333 746
9.85 749
9.8667 752
9.8833 755
9.9 758
9.9167 760
9.9333 763
9.95 766
9.9667 769
9.9833 771
10.0 774
10.0167 777
10.0333 780
10.05 782
10.0667 785
10.0833 787
10.1 790
10.1167 793
10.1333 795
10.15 798
10.1667 800
10.1833 803
10.2 806
10.2167 808
10.2333 811
10.25 813
10.2667 816
10.2833 818
10.3 821
10.3167 823
10.3333 825
10.35 828
10.3667 830
10.3833 833
10.4 835
10.4167 837
10.4333 840
10.45 842
10.4667 844
10.4833 847
10.5 849
10.5167 851
10.5333 853
10.55 856
10.5667 858
10.5833 860
10.6 862
10.6167 864
10.6333 867
10.65 869
10.6667 871
10.6833 873
10.7 875
10.7167 877
10.7333 879
10.75 881
10.7667 883
10.7833 885
10.8 887
10.8167 889
10.8333 891
10.85 893
10.8667 895
10.8833 897
10.9 899
10.9167 901
10.9333 903
10.95 904
10.9667 906
10.9833 908
11.0 910
11.0167 912
11.0333 913
11.05 915
11.0667 917
11.0833 919
11.1 920
11.1167 922
11.1333 924
11.15 925
11.1667 927
11.1833 929
11.2 930
11.2167 932
11.2333 933
11.25 935
11.2667 936
11.2833 938
11.3 939
11.3167 941
11.3333 942
11.35 944
11.3667 945
11.3833 947
11.4 948
11.4167 949
11.4333 951
11.45 952
11.4667 953
11.4833 955
11.5 956
11.5167 957
11.5333 958
11.55 960
11.5667 961
11.5833 962
11.6 963
11.6167 964
11.6333 966
11.65 967
11.6667 968
11.6833 969
11.7 970
11.7167 971
11.7333 972
11.75 973
11.7667 974
11.7833 975
11.8 976
11.8167 977
11.8333 978
11.85 979
11.8667 980
11.8833 980
11.9 981
11.9167 982
11.9333 983
11.95 984
11.9667 985
11.9833 985
12.0 986
12.0167 987
12.0333 987
12.05 988
12.0667 989
12.0833 989
12.1 990
12.1167 991
12.1333 991
12.15 992
12.1667 992
12.1833 993
12.2 994
12.2167 994
12.2333 994
12.25 995
12.2667 995
12.2833 996
12.3 996
12.3167 997
12.3333 997
12.35 997
12.3667 998
12.3833 998
12.4 998
12.4167 999
12.4333 999
12.45 999
12.4667 999
12.4833 1000
12.5 1000
12.5167 1000
12.5333 1000
12.55 1000
12.5667 1000
12.5833 1000
12.6 1000
12.6167 1000
12.6333 1000
12.65 1000
12.6667 1000
12.6833 1000
12.7 1000
12.7167 1000
12.7333 1000
12.75 1000
12.7667 1000
12.7833 1000
12.8 1000
12.8167 1000
12.8333 999
12.85 999
12.8667 999
12.8833 999
12.9 998
12.9167 998
12.9333 998
12.95 998
12.9667 997
12.9833 997
13.0 996
13.0167 996
13.0333 996
13.05 995
13.0667 995
13.0833 994
13.1 994
13.1167 993
13.1333 993
13.15 992
13.1667 992
13.1833 991
13.2 990
13.2167 990
13.2333 989
13.25 988
13.2667 988
13.2833 987
13.3 986
13.3167 986
13.3333 985
13.35 984
13.3667 983
13.3833 983
13.4 982
13.4167 981
13.4333 980
13.45 979
13.4667 978
13.4833 977
13.5 976
13.5167 975
13.5333 974
13.55 973
13.5667 972
13.5833 971
13.6 970
13.6167 969
13.6333 968
13.65 967
13.6667 966
13.6833 965
13.7 964
13.7167 963
13.7333 961
13.75 960
13.7667 959
13.7833 958
13.8 957
13.8167 955
13.8333 954
13.85 953
13.8667 951
13.8833 950
13.9 949
13.9167 947
13.9333 946
13.95 944
13.9667 943
13.9833 942
14.0 940
14.0167 939
14.0333 937
14.05 936
14.0667 934
14.0833 932
14.1 931
14.1167 929
14.1333 928
14.15 926
14.1667 924
14.1833 923
14.2 921
14.2167 919
14.2333 918
14.25 916
14.2667 914
14.2833 913
14.3 911
14.3167 909
14.3333 907
14.35 905
14.3667 904
14.3833 902
14.4 900
14.4167 898
14.4333 896
14.45 894
14.4667 892
14.4833 890
14.5 888
14.5167 886
14.5333 884
14.55 882
14.5667 880
14.5833 878
14.6 876
14.6167 874
14.6333 872
14.65 870
14.6667 868
14.6833 865
14.7 863
14.7167 861
14.7333 859
14.75 857
14.7667 854
14.7833 852
14.8 850
14.8167 848
14.8333 845
14.85 843
14.8667 841
14.8833 839
14.9 836
14.9167 834
14.9333 831
14.95 829
14.9667 827
14.9833 824
15.0 822
15.0167 819
15.0333 817
15.05 815
15.0667 812
15.0833 810
15.1 807
15.1167 804
15.1333 802
15.15 799
15.1667 797
15.1833 794
15.2 792
15.2167 789
15.2333 786
15.25 784
15.2667 781
15.2833 778
15.3 776
15.3167 773
15.3333 770
15.35 767
15.3667 765
15.3833 762
15.4 759
15.4167 756
15.4333 754
15.45 751
15.4667 748
15.4833 745
15.5 742
15.5167 739
15.5333 737
15.55 734
15.5667 731
15.5833 728
15.6 725
15.6167 722
15.6333 719
15.65 716
15.6667 713
15.6833 710
15.7 707
15.7167 704
15.7333 701
15.75 698
15.7667 695
15.7833 692
15.8 689
15.8167 686
15.8333 683
15.85 680
15.8667 677
15.8833 674
15.9 670
15.9167 667
15.9333 664
15.95 661
15.9667 658
15.9833 655
16.0 651
16.0167 648
16.0333 645
16.05 642
16.0667 638
16.0833 635
16.1 632
16.1167 629
16.1333 625
16.15 622
16.1667 619
16.1833 616
16.2 612
16.2167 609
16.2333 606
16.25 602
16.2667 599
16.2833 595
16.3 592
16.3167 589
16.3333 585
16.35 582
16.3667 579
16.3833 575
16.4 572
16.4167 568
16.4333 565
16.45 561
16.4667 558
16.4833 554
16.5 551
16.5167 547
16.5333 544
16.55 541
16.5667 537
16.5833 534
16.6 530
16.6167 526
16.6333 523
16.65 519
16.6667 516
16.6833 512
16.7 509
16.7167 505
16.7333 502
16.75 498
16.7667 494
16.7833 491
16.8 487
16.8167 484
16.8333 480
16.85 476
16.8667 473
16.8833 469
16.9 466
16.9167 462
16.9333 458
16.95 455
16.9667 451
16.9833 447
