8.0 353
8.0167 357
8.0333 360
8.05 364
8.0667 368
8.0833 372
8.1 376
8.1167 379
8.1333 383
8.15 387
8.1667 391
8.1833 395
8.2 398
8.2167 402
8.2333 406
8.25 410
8.2667 414
8.2833 417
8.3 421
8.3167 425
8.3333 429
8.35 432
8.3667 436
8.3833 440
8.4 444
8.4167 447
8.4333 451
8.45 455
8.4667 459
8.4833 462
8.5 466
8.5167 470
8.5333 474
8.55 477
8.5667 481
8.5833 485
8.6 488
8.6167 492
8.6333 496
8.65 499
8.6667 503
8.6833 507
8.7 510
8.7167 514
8.7333 518
8.75 521
8.7667 525
8.7833 529
8.8 532
8.8167 536
8.8333 539
8.85 543
8.8667 547
8.8833 550
8.9 554
8.9167 557
8.9333 561
8.95 564
8.9667 568
8.9833 571
9.0 575
9.0167 578
9.0333 582
9.05 585
9.0667 589
9.0833 592
9.1 596
9.1167 599
9.1333 603
9.15 606
9.1667 609
9.1833 613
9.2 616
9.2167 620
9.2333 623
9.25 626
9.2667 630
9.2833 633
9.3 637
9.3167 640
9.3333 643
9.35 647
9.3667 650
9.3833 653
9.4 656
9.4167 660
9.4333 663
9.45 666
9.4667 670
9.4833 673
9.5 676
9.5167 679
9.5333 682
9.55 686
9.5667 689
9.5833 692
9.6 695
9.6167 698
9.6333 701
9.65 705
9.6667 708
9.6833 711
9.7 714
9.7167 717
9.7333 720
9.75 723
9.7667 726
9.7833 729
9.8 732
9.8167 735
9.8333 738
9.85 741
9.8667 744
9.8833 747
9.9 750
9.9167 753
9.9333 756
9.95 759
9.9667 762
9.9833 765
10.0 767
10.0167 770
10.0333 773
10.05 776
10.0667 779
10.0833 782
10.1 784
10.1167 787
10.1333 790
10.15 793
10.1667 795
10.1833 798
10.2 801
10.2167 803
10.2333 806
10.25 809
10.2667 811
10.2833 814
10.3 817
10.3167 819
10.3333 822
10.35 824
10.3667 827
10.3833 829
10.4 832
10.4167 835
10.4333 837
10.45 839
10.4667 842
10.4833 844
10.5 847
10.5167 849
10.5333 852
10.55 854
10.5667 856
10.5833 859
10.6 861
10.6167 863
10.6333 866
10.65 868
10.6667 870
10.6833 873
10.7 875
10.7167 877
10.7333 879
10.75 882
10.7667 884
10.7833 886
10.8 888
10.8167 890
10.8333 892
10.85 894
10.8667 897
10.8833 899
10.9 901
10.9167 903
10.9333 905
10.95 907
10.9667 909
10.9833 911
11.0 913
11.0167 915
11.0333 917
11.05 919
11.0667 920
11.0833 922
11.1 924
11.1167 926
11.1333 928
11.15 930
11.1667 931
11.1833 933
11.2 935
11.2167 937
11.2333 938
11.25 940
11.2667 942
11.2833 944
11.3 945
11.3167 947
11.3333 948
11.35 950
11.3667 952
11.3833 953
11.4 955
11.4167 956
11.4333 958
11.45 959
11.4667 961
11.4833 962
11.5 964
11.5167 965
11.5333 967
11.55 968
11.5667 969
11.5833 971
11.6 972
11.6167 973
11.6333 975
11.65 976
11.6667 977
11.6833 978
11.7 980
11.7167 981
11.7333 982
11.75 983
11.7667 985
11.7833 986
11.8 987
11.8167 988
11.8333 989
11.85 990
11.8667 991
11.8833 992
11.9 993
11.9167 994
11.9333 995
11.95 996
11.9667 997
11.9833 998
12.0 999
12.0167 1000
12.0333 1001
12.05 1001
12.0667 1002
12.0833 1003
12.1 1004
12.1167 1005
12.1333 1005
12.15 1006
12.1667 1007
12.1833 1008
12.2 1008
12.2167 1009
12.2333 1010
12.25 1010
12.2667 1011
12.2833 1011
12.3 1012
12.3167 1013
12.3333 1013
12.35 1014
12.3667 1014
12.3833 1015
12.4 1015
12.4167 1015
12.4333 1016
12.45 1016
12.4667 1017
12.4833 1017
12.5 1017
12.5167 1018
12.5333 1018
12.55 1018
12.5667 1019
12.5833 1019
12.6 1019
12.6167 1019
12.6333 1020
12.65 1020
12.6667 1020
12.6833 1020
12.7 1020
12.7167 1020
12.7333 1020
12.75 1020
12.7667 1020
12.7833 1020
12.8 1020
12.8167 1020
12.8333 1020
12.85 1020
12.8667 1020
12.8833 1020
12.9 1020
12.9167 1020
12.9333 1020
12.95 1020
12.9667 1019
12.9833 1019
13.0 1019
13.0167 1019
13.0333 1018
13.05 1018
13.0667 1018
13.0833 1018
13.1 1017
13.1167 1017
13.1333 1017
13.15 1016
13.1667 1016
13.1833 1015
13.2 1015
13.2167 1014
13.2333 1014
13.25 1013
13.2667 1013
13.2833 1012
13.3 1012
13.3167 1011
13.3333 1011
13.35 1010
13.3667 1009
13.3833 1009
13.4 1008
13.4167 1007
13.4333 1007
13.45 1006
13.4667 1005
13.4833 1004
13.5 1004
13.5167 1003
13.5333 1002
13.55 1001
13.5667 1000
13.5833 999
13.6 998
13.6167 997
13.6333 997
13.65 996
13.6667 995
13.6833 994
13.7 993
13.7167 992
13.7333 991
13.75 989
13.7667 988
13.7833 987
13.8 986
13.8167 985
13.8333 984
13.85 983
13.8667 982
13.8833 980
13.9 979
13.9167 978
13.9333 977
13.95 975
13.9667 974
13.9833 973
14.0 971
14.0167 970
14.0333 969
14.05 967
14.0667 966
14.0833 964
14.1 963
14.1167 962
14.1333 960
14.15 959
14.1667 957
14.1833 956
14.2 954
14.2167 952
14.2333 951
14.25 949
14.2667 948
14.2833 946
14.3 944
14.3167 943
14.3333 941
14.35 939
14.3667 938
14.3833 936
14.4 934
14.4167 932
14.4333 931
14.45 929
14.4667 927
14.4833 925
14.5 923
14.5167 921
14.5333 919
14.55 918
14.5667 916
14.5833 914
14.6 912
14.6167 910
14.6333 908
14.65 906
14.6667 904
14.6833 902
14.7 900
14.7167 898
14.7333 896
14.75 893
14.7667 891
14.7833 889
14.8 887
14.8167 885
14.8333 883
14.85 880
14.8667 878
14.8833 876
14.9 874
14.9167 872
14.9333 869
14.95 867
14.9667 865
14.9833 862
15.0 860
15.0167 858
15.0333 855
15.05 853
15.0667 850
15.0833 848
15.1 846
15.1167 843
15.1333 841
15.15 838
15.1667 836
15.1833 833
15.2 831
15.2167 828
15.2333 826
15.25 823
15.2667 820
15.2833 818
15.3 815
15.3167 813
15.3333 810
15.35 807
15.3667 805
15.3833 802
15.4 799
15.4167 797
15.4333 794
15.45 791
15.4667 788
15.4833 786
15.5 783
15.5167 780
15.5333 777
15.55 774
15.5667 772
15.5833 769
15.6 766
15.6167 763
15.6333 760
15.65 757
15.6667 754
15.6833 751
15.7 748
15.7167 745
15.7333 743
15.75 740
15.7667 737
15.7833 734
15.8 731
15.8167 728
15.8333 724
15.85 721
15.8667 718
15.8833 715
15.9 712
15.9167 709
15.9333 706
15.95 703
15.9667 700
15.9833 697
16.0 693
16.0167 690
16.0333 687
16.05 684
16.0667 681
16.0833 677
16.1 674
16.1167 671
16.1333 668
16.15 665
16.1667 661
16.1833 658
16.2 655
16.2167 651
16.2333 648
16.25 645
16.2667 641
16.2833 638
16.3 635
16.3167 631
16.3333 628
16.35 625
16.3667 621
16.3833 618
16.4 614
16.4167 611
16.4333 608
16.45 604
16.4667 601
16.4833 597
16.5 594
16.5167 590
16.5333 587
16.55 583
16.5667 580
16.5833 576
16.6 573
16.6167 569
16.6333 566
16.65 562
16.6667 559
16.6833 555
16.7 551
16.7167 548
16.7333 544
16.75 541
16.7667 537
16.7833 533
16.8 530
16.8167 526
16.8333 523
16.85 519
16.8667 515
16.8833 512
16.9 508
16.9167 504
16.9333 501
16.95 497
16.9667 493
16.9833 490
