8.0 334
8.0167 337
8.0333 341
8.05 345
8.0667 348
8.0833 352
8.1 355
8.1167 359
8.1333 363
8.15 366
8.1667 370
8.1833 373
8.2 377
8.2167 381
8.2333 384
8.25 388
8.2667 391
8.2833 395
8.3 399
8.3167 402
8.3333 406
8.35 409
8.3667 413
8.3833 417
8.4 420
8.4167 424
8.4333 427
8.45 431
8.4667 434
8.4833 438
8.5 442
8.5167 445
8.5333 449
8.55 452
8.5667 456
8.5833 459
8.6 463
8.6167 466
8.6333 470
8.65 473
8.6667 477
8.6833 480
8.7 484
8.7167 487
8.7333 491
8.75 494
8.7667 498
8.7833 501
8.8 505
8.8167 508
8.8333 512
8.85 515
8.8667 519
8.8833 522
8.9 525
8.9167 529
8.9333 532
8.95 536
8.9667 539
8.9833 542
9.0 546
9.0167 549
9.0333 552
9.05 556
9.0667 559
9.0833 562
9.1 566
9.1167 569
9.1333 572
9.15 576
9.1667 579
9.1833 582
9.2 586
9.2167 589
9.2333 592
9.25 595
9.2667 599
9.2833 602
9.3 605
9.3167 608
9.3333 612
9.35 615
9.3667 618
9.3833 621
9.4 624
9.4167 628
9.4333 631
9.45 634
9.4667 637
9.4833 640
9.5 643
9.5167 646
9.5333 649
9.55 652
9.5667 656
9.5833 659
9.6 662
9.6167 665
9.6333 668
9.65 671
9.6667 674
9.6833 677
9.7 680
9.7167 683
9.7333 686
9.75 689
9.7667 692
9.7833 694
9.8 697
9.8167 700
9.8333 703
9.85 706
9.8667 709
9.8833 712
9.9 715
9.9167 717
9.9333 720
9.95 723
9.9667 726
9.9833 729
10.0 731
10.0167 734
10.0333 737
10.05 740
10.0667 742
10.0833 745
10.1 748
10.1167 750
10.1333 753
10.15 756
10.1667 758
10.1833 761
10.2 764
10.2167 766
10.2333 769
10.25 771
10.2667 774
10.2833 776
10.3 779
10.3167 781
10.3333 784
10.35 786
10.3667 789
10.3833 791
10.4 794
10.4167 796
10.4333 799
10.45 801
10.4667 803
10.4833 806
10.5 808
10.5167 811
10.5333 813
10.55 815
10.5667 817
10.5833 820
10.6 822
10.6167 824
10.6333 826
10.65 829
10.6667 831
10.6833 833
10.7 835
10.7167 837
10.7333 840
10.75 842
10.7667 844
10.7833 846
10.8 848
10.8167 850
10.8333 852
10.85 854
10.8667 856
10.8833 858
10.9 860
10.9167 862
10.9333 864
10.95 866
10.9667 868
10.9833 870
11.0 872
11.0167 874
11.0333 876
11.05 877
11.0667 879
11.0833 881
11.1 883
11.1167 885
11.1333 886
11.15 888
11.1667 890
11.1833 892
11.2 893
11.2167 895
11.2333 897
11.25 898
11.2667 900
11.2833 901
11.3 903
11.3167 905
11.3333 906
11.35 908
11.3667 909
11.3833 911
11.4 912
11.4167 914
11.4333 915
11.45 917
11.4667 918
11.4833 920
11.5 921
11.5167 922
11.5333 924
11.55 925
11.5667 926
11.5833 928
11.6 929
11.6167 930
11.6333 931
11.65 933
11.6667 934
11.6833 935
11.7 936
11.7167 937
11.7333 939
11.75 940
11.7667 941
11.7833 942
11.8 943
11.8167 944
11.8333 945
11.85 946
11.8667 947
11.8833 948
11.9 949
11.9167 950
11.9333 951
11.95 952
11.9667 953
11.9833 954
12.0 955
12.0167 955
12.0333 956
12.05 957
12.0667 958
12.0833 959
12.1 959
12.1167 960
12.1333 961
12.15 962
12.1667 962
12.1833 963
12.2 964
12.2167 964
12.2333 965
12.25 965
12.2667 966
12.2833 967
12.3 967
12.3167 968
12.3333 968
12.35 969
12.3667 969
12.3833 969
12.4 970
12.4167 970
12.4333 971
12.45 971
12.4667 971
12.4833 972
12.5 972
12.5167 972
12.5333 973
12.55 973
12.5667 973
12.5833 973
12.6 974
12.6167 974
12.6333 974
12.65 974
12.6667 974
12.6833 974
12.7 974
12.7167 974
12.7333 975
12.75 975
12.7667 975
12.7833 975
12.8 975
12.8167 975
12.8333 974
12.85 974
12.8667 974
12.8833 974
12.9 974
12.9167 974
12.9333 974
12.95 974
12.9667 973
12.9833 973
13.0 973
13.0167 973
13.0333 972
13.05 972
13.0667 972
13.0833 971
13.1 971
13.1167 971
13.1333 970
13.15 970
13.1667 969
13.1833 969
13.2 969
13.2167 968
13.2333 968
13.25 967
13.2667 967
13.2833 966
13.3 965
13.3167 965
13.3333 964
13.35 964
13.3667 963
13.3833 962
13.4 962
13.4167 961
13.4333 960
13.45 959
13.4667 959
13.4833 958
13.5 957
13.5167 956
13.5333 955
13.55 955
13.5667 954
13.5833 953
13.6 952
13.6167 951
13.6333 950
13.65 949
13.6667 948
13.6833 947
13.7 946
13.7167 945
13.7333 944
13.75 943
13.7667 942
13.7833 941
13.8 940
13.8167 939
13.8333 937
13.85 936
13.8667 935
13.8833 934
13.9 933
13.9167 931
13.9333 930
13.95 929
13.9667 928
13.9833 926
14.0 925
14.0167 924
14.0333 922
14.05 921
14.0667 920
14.0833 918
14.1 917
14.1167 915
14.1333 914
14.15 912
14.1667 911
14.1833 909
14.2 908
14.2167 906
14.2333 905
14.25 903
14.2667 902
14.2833 900
14.3 898
14.3167 897
14.3333 895
14.35 893
14.3667 892
14.3833 890
14.4 888
14.4167 886
14.4333 885
14.45 883
14.4667 881
14.4833 879
14.5 877
14.5167 876
14.5333 874
14.55 872
14.5667 870
14.5833 868
14.6 866
14.6167 864
14.6333 862
14.65 860
14.6667 858
14.6833 856
14.7 854
14.7167 852
14.7333 850
14.75 848
14.7667 846
14.7833 844
14.8 842
14.8167 840
14.8333 837
14.85 835
14.8667 833
14.8833 831
14.9 829
14.9167 827
14.9333 824
14.95 822
14.9667 820
14.9833 817
15.0 815
15.0167 813
15.0333 811
15.05 808
15.0667 806
15.0833 804
15.1 801
15.1167 799
15.1333 796
15.15 794
15.1667 791
15.1833 789
15.2 787
15.2167 784
15.2333 782
15.25 779
15.2667 776
15.2833 774
15.3 771
15.3167 769
15.3333 766
15.35 764
15.3667 761
15.3833 758
15.4 756
15.4167 753
15.4333 750
15.45 748
15.4667 745
15.4833 742
15.5 740
15.5167 737
15.5333 734
15.55 731
15.5667 729
15.5833 726
15.6 723
15.6167 720
15.6333 718
15.65 715
15.6667 712
15.6833 709
15.7 706
15.7167 703
15.7333 700
15.75 697
15.7667 695
15.7833 692
15.8 689
15.8167 686
15.8333 683
15.85 680
15.8667 677
15.8833 674
15.9 671
15.9167 668
15.9333 665
15.95 662
15.9667 659
15.9833 656
16.0 653
16.0167 649
16.0333 646
16.05 643
16.0667 640
16.0833 637
16.1 634
16.1167 631
16.1333 628
16.15 624
16.1667 621
16.1833 618
16.2 615
16.2167 612
16.2333 608
16.25 605
16.2667 602
16.2833 599
16.3 595
16.3167 592
16.3333 589
16.35 586
16.3667 582
16.3833 579
16.4 576
16.4167 572
16.4333 569
16.45 566
16.4667 562
16.4833 559
16.5 556
16.5167 552
16.5333 549
16.55 546
16.5667 542
16.5833 539
16.6 535
16.6167 532
16.6333 529
16.65 525
16.6667 522
16.6833 518
16.7 515
16.7167 511
16.7333 508
16.75 505
16.7667 501
16.7833 498
16.8 494
16.8167 491
16.8333 487
16.85 484
16.8667 480
16.8833 477
16.9 473
16.9167 470
16.9333 466
16.95 463
16.9667 459
16.9833 456
