8.0 267
8.0167 270
8.0333 273
8.05 276
8.0667 280
8.0833 283
8.1 286
8.1167 289
8.1333 292
8.15 295
8.1667 299
8.1833 302
8.2 305
8.2167 308
8.2333 311
8.25 314
8.2667 318
8.2833 321
8.3 324
8.3167 327
8.3333 330
8.35 334
8.3667 337
8.3833 340
8.4 343
8.4167 346
8.4333 350
8.45 353
8.4667 356
8.4833 359
8.5 362
8.5167 366
8.5333 369
8.55 372
8.5667 375
8.5833 378
8.6 381
8.6167 385
8.6333 388
8.65 391
8.6667 394
8.6833 397
8.7 401
8.7167 404
8.7333 407
8.75 410
8.7667 413
8.7833 416
8.8 420
8.8167 423
8.8333 426
8.85 429
8.8667 432
8.8833 435
8.9 438
8.9167 442
8.9333 445
8.95 448
8.9667 451
8.9833 454
9.0 457
9.0167 460
9.0333 463
9.05 466
9.0667 469
9.0833 472
9.1 475
9.1167 479
9.1333 482
9.15 485
9.1667 488
9.1833 491
9.2 494
9.2167 497
9.2333 500
9.25 503
9.2667 506
9.2833 509
9.3 512
9.3167 515
9.3333 518
9.35 521
9.3667 524
9.3833 527
9.4 530
9.4167 533
9.4333 536
9.45 538
9.4667 541
9.4833 544
9.5 547
9.5167 550
9.5333 553
9.55 556
9.5667 559
9.5833 562
9.6 564
9.6167 567
9.6333 570
9.65 573
9.6667 576
9.6833 579
9.7 581
9.7167 584
9.7333 587
9.75 590
9.7667 592
9.7833 595
9.8 598
9.8167 601
9.8333 603
9.85 606
9.8667 609
9.8833 611
9.9 614
9.9167 617
9.9333 619
9.95 622
9.9667 625
9.9833 627
10.0 630
10.0167 632
10.0333 635
10.05 638
10.0667 640
10.0833 643
10.1 645
10.1167 648
10.1333 650
10.15 653
10.1667 655
10.1833 658
10.2 660
10.2167 663
10.2333 665
10.25 667
10.2667 670
10.2833 672
10.3 675
10.3167 677
10.3333 679
10.35 682
10.3667 684
10.3833 686
10.4 689
10.4167 691
10.4333 693
10.45 696
10.4667 698
10.4833 700
10.5 702
10.5167 704
10.5333 707
10.55 709
10.5667 711
10.5833 713
10.6 715
10.6167 718
10.6333 720
10.65 722
10.6667 724
10.6833 726
10.7 728
10.7167 730
10.7333 732
10.75 734
10.7667 736
10.7833 738
10.8 740
10.8167 742
10.8333 744
10.85 746
10.8667 748
10.8833 750
10.9 752
10.9167 753
10.9333 755
10.95 757
10.9667 759
10.9833 761
11.0 763
11.0167 764
11.0333 766
11.05 768
11.0667 770
11.0833 771
11.1 773
11.1167 775
11.1333 776
11.15 778
11.1667 780
11.1833 781
11.2 783
11.2167 785
11.2333 786
11.25 788
11.2667 789
11.2833 791
11.3 792
11.3167 794
11.3333 795
11.35 797
11.3667 798
11.3833 800
11.4 801
11.4167 803
11.4333 804
11.45 805
11.4667 807
11.4833 808
11.5 809
11.5167 811
11.5333 812
11.55 813
11.5667 815
11.5833 816
11.6 817
11.6167 818
11.6333 819
11.65 821
11.6667 822
11.6833 823
11.7 824
11.7167 825
11.7333 826
11.75 827
11.7667 828
11.7833 829
11.8 830
11.8167 831
11.8333 832
11.85 833
11.8667 834
11.8833 835
11.9 836
11.9167 837
11.9333 838
11.95 839
11.9667 840
11.9833 841
12.0 841
12.0167 842
12.0333 843
12.05 844
12.0667 845
12.0833 845
12.1 846
12.1167 847
12.1333 847
12.15 848
12.1667 849
12.1833 849
12.2 850
12.2167 851
12.2333 851
12.25 852
12.2667 852
12.2833 853
12.3 853
12.3167 854
12.3333 854
12.35 855
12.3667 855
12.3833 856
12.4 856
12.4167 856
12.4333 857
12.45 857
12.4667 857
12.4833 858
12.5 858
12.5167 858
12.5333 859
12.55 859
12.5667 859
12.5833 859
12.6 859
12.6167 860
12.6333 860
12.65 860
12.6667 860
12.6833 860
12.7 860
12.7167 860
12.7333 860
12.75 860
12.7667 860
12.7833 860
12.8 860
12.8167 860
12.8333 860
12.85 860
12.8667 860
12.8833 860
12.9 860
12.9167 860
12.9333 860
12.95 859
12.9667 859
12.9833 859
13.0 859
13.0167 859
13.0333 858
13.05 858
13.0667 858
13.0833 857
13.1 857
13.1167 857
13.1333 856
13.15 856
13.1667 855
13.1833 855
13.2 855
13.2167 854
13.2333 854
13.25 853
13.2667 853
13.2833 852
13.3 852
13.3167 851
13.3333 850
13.35 850
13.3667 849
13.3833 849
13.4 848
13.4167 847
13.4333 847
13.45 846
13.4667 845
13.4833 844
13.5 844
13.5167 843
13.5333 842
13.55 841
13.5667 840
13.5833 840
13.6 839
13.6167 838
13.6333 837
13.65 836
13.6667 835
13.6833 834
13.7 833
13.7167 832
13.7333 831
13.75 830
13.7667 829
13.7833 828
13.8 827
13.8167 826
13.8333 825
13.85 824
13.8667 823
13.8833 821
13.9 820
13.9167 819
13.9333 818
13.95 817
13.9667 815
13.9833 814
14.0 813
14.0167 812
14.0333 810
14.05 809
14.0667 808
14.0833 806
14.1 805
14.1167 804
14.1333 802
14.15 801
14.1667 799
14.1833 798
14.2 796
14.2167 795
14.2333 793
14.25 792
14.2667 790
14.2833 789
14.3 787
14.3167 786
14.3333 784
14.35 783
14.3667 781
14.3833 779
14.4 778
14.4167 776
14.4333 774
14.45 773
14.4667 771
14.4833 769
14.5 767
14.5167 766
14.5333 764
14.55 762
14.5667 760
14.5833 758
14.6 757
14.6167 755
14.6333 753
14.65 751
14.6667 749
14.6833 747
14.7 745
14.7167 743
14.7333 741
14.75 739
14.7667 737
14.7833 736
14.8 733
14.8167 731
14.8333 729
14.85 727
14.8667 725
14.8833 723
14.9 721
14.9167 719
14.9333 717
14.95 715
14.9667 713
14.9833 710
15.0 708
15.0167 706
15.0333 704
15.05 702
15.0667 699
15.0833 697
15.1 695
15.1167 693
15.1333 690
15.15 688
15.1667 686
15.1833 683
15.2 681
15.2167 679
15.2333 676
15.25 674
15.2667 672
15.2833 669
15.3 667
15.3167 664
15.3333 662
15.35 659
15.3667 657
15.3833 655
15.4 652
15.4167 650
15.4333 647
15.45 644
15.4667 642
15.4833 639
15.5 637
15.5167 634
15.5333 632
15.55 629
15.5667 626
15.5833 624
15.6 621
15.6167 619
15.6333 616
15.65 613
15.6667 611
15.6833 608
15.7 605
15.7167 603
15.7333 600
15.75 597
15.7667 594
15.7833 592
15.8 589
15.8167 586
15.8333 583
15.85 581
15.8667 578
15.8833 575
15.9 572
15.9167 569
15.9333 566
15.95 564
15.9667 561
15.9833 558
16.0 555
16.0167 552
16.0333 549
16.05 546
16.0667 543
16.0833 541
16.1 538
16.1167 535
16.1333 532
16.15 529
16.1667 526
16.1833 523
16.2 520
16.2167 517
16.2333 514
16.25 511
16.2667 508
16.2833 505
16.3 502
16.3167 499
16.3333 496
16.35 493
16.3667 490
16.3833 487
16.4 484
16.4167 481
16.4333 478
16.45 475
16.4667 471
16.4833 468
16.5 465
16.5167 462
16.5333 459
16.55 456
16.5667 453
16.5833 450
16.6 447
16.6167 444
16.6333 440
16.65 437
16.6667 434
16.6833 431
16.7 428
16.7167 425
16.7333 422
16.75 418
16.7667 415
16.7833 412
16.8 409
16.8167 406
16.8333 403
16.85 399
16.8667 396
16.8833 393
16.9 390
16.9167 387
16.9333 383
16.95 380
16.9667 377
16.9833 374
