8.0 357
8.0167 361
8.0333 365
8.05 368
8.0667 372
8.0833 376
8.1 379
8.1167 383
8.1333 387
8.15 390
8.1667 394
8.1833 398
8.2 401
8.2167 405
8.2333 409
8.25 412
8.2667 416
8.2833 420
8.3 423
8.3167 427
8.3333 431
8.35 434
8.3667 438
8.3833 442
8.4 445
8.4167 449
8.4333 452
8.45 456
8.4667 460
8.4833 463
8.5 467
8.5167 470
8.5333 474
8.55 478
8.5667 481
8.5833 485
8.6 488
8.6167 492
8.6333 496
8.65 499
8.6667 503
8.6833 506
8.7 510
8.7167 513
8.7333 517
8.75 520
8.7667 524
8.7833 527
8.8 531
8.8167 534
8.8333 538
8.85 541
8.8667 545
8.8833 548
8.9 552
8.9167 555
8.9333 559
8.95 562
8.9667 566
8.9833 569
9.0 572
9.0167 576
9.0333 579
9.05 582
9.0667 586
9.0833 589
9.1 592
9.1167 596
9.1333 599
9.15 602
9.1667 606
9.1833 609
9.2 612
9.2167 616
9.2333 619
9.25 622
9.2667 626
9.2833 629
9.3 632
9.3167 635
9.3333 639
9.35 642
9.3667 645
9.3833 648
9.4 651
9.4167 655
9.4333 658
9.45 661
9.4667 664
9.4833 667
9.5 670
9.5167 673
9.5333 677
9.55 680
9.5667 683
9.5833 686
9.6 689
9.6167 692
9.6333 695
9.65 698
9.6667 701
9.6833 704
9.7 707
9.7167 710
9.7333 713
9.75 716
9.7667 719
9.7833 722
9.8 725
9.8167 728
9.8333 731
9.85 733
9.8667 736
9.8833 739
9.9 742
9.9167 745
9.9333 748
9.95 750
9.9667 753
9.9833 756
10.0 759
10.0167 762
10.0333 764
10.05 767
10.0667 770
10.0833 772
10.1 775
10.1167 778
10.1333 780
10.15 783
10.1667 786
10.1833 788
10.2 791
10.2167 794
10.2333 796
10.25 799
10.2667 801
10.2833 804
10.3 806
10.3167 809
10.3333 811
10.35 814
10.3667 816
10.3833 819
10.4 821
10.4167 824
10.4333 826
10.45 828
10.4667 831
10.4833 833
10.5 836
10.5167 838
10.5333 840
10.55 843
10.5667 845
10.5833 847
10.6 849
10.6167 852
10.6333 854
10.65 856
10.6667 858
10.6833 860
10.7 863
10.7167 865
10.7333 867
10.75 869
10.7667 871
10.7833 873
10.8 875
10.8167 877
10.8333 879
10.85 881
10.8667 883
10.8833 885
10.9 887
10.9167 889
10.9333 891
10.95 893
10.9667 895
10.9833 897
11.0 899
11.0167 901
11.0333 903
11.05 905
11.0667 906
11.0833 908
11.1 910
11.1167 912
11.1333 914
11.15 915
11.1667 917
11.1833 919
11.2 920
11.2167 922
11.2333 924
11.25 925
11.2667 927
11.2833 929
11.3 930
11.3167 932
11.3333 933
11.35 935
11.3667 936
11.3833 938
11.4 939
11.4167 941
11.4333 942
11.45 944
11.4667 945
11.4833 946
11.5 948
11.5167 949
11.5333 951
11.55 952
11.5667 953
11.5833 955
11.6 956
11.6167 957
11.6333 958
11.65 960
11.6667 961
11.6833 962
11.7 963
11.7167 964
11.7333 965
11.75 967
11.7667 968
11.7833 969
11.8 970
11.8167 971
11.8333 972
11.85 973
11.8667 974
11.8833 975
11.9 976
11.9167 977
11.9333 978
11.95 979
11.9667 979
11.9833 980
12.0 981
12.0167 982
12.0333 983
12.05 984
12.0667 984
12.0833 985
12.1 986
12.1167 987
12.1333 987
12.15 988
12.1667 989
12.1833 989
12.2 990
12.2167 991
12.2333 991
12.25 992
12.2667 992
12.2833 993
12.3 993
12.3167 994
12.3333 994
12.35 995
12.3667 995
12.3833 996
12.4 996
12.4167 997
12.4333 997
12.45 997
12.4667 998
12.4833 998
12.5 998
12.5167 999
12.5333 999
12.55 999
12.5667 999
12.5833 999
12.6 1000
12.6167 1000
12.6333 1000
12.65 1000
12.6667 1000
12.6833 1000
12.7 1000
12.7167 1000
12.7333 1001
12.75 1001
12.7667 1001
12.7833 1001
12.8 1000
12.8167 1000
12.8333 1000
12.85 1000
12.8667 1000
12.8833 1000
12.9 1000
12.9167 1000
12.9333 1000
12.95 999
12.9667 999
12.9833 999
13.0 999
13.0167 998
13.0333 998
13.05 998
13.0667 997
13.0833 997
13.1 997
13.1167 996
13.1333 996
13.15 995
13.1667 995
13.1833 995
13.2 994
13.2167 994
13.2333 993
13.25 993
13.2667 992
13.2833 991
13.3 991
13.3167 990
13.3333 990
13.35 989
13.3667 988
13.3833 988
13.4 987
13.4167 986
13.4333 985
13.45 985
13.4667 984
13.4833 983
13.5 982
13.5167 981
13.5333 981
13.55 980
13.5667 979
13.5833 978
13.6 977
13.6167 976
13.6333 975
13.65 974
13.6667 973
13.6833 972
13.7 971
13.7167 970
13.7333 969
13.75 968
13.7667 967
13.7833 966
13.8 965
13.8167 964
13.8333 962
13.85 961
13.8667 960
13.8833 959
13.9 958
13.9167 956
13.9333 955
13.95 954
13.9667 952
13.9833 951
14.0 950
14.0167 948
14.0333 947
14.05 946
14.0667 944
14.0833 943
14.1 941
14.1167 940
14.1333 938
14.15 937
14.1667 935
14.1833 934
14.2 932
14.2167 931
14.2333 929
14.25 928
14.2667 926
14.2833 924
14.3 923
14.3167 921
14.3333 919
14.35 918
14.3667 916
14.3833 914
14.4 912
14.4167 911
14.4333 909
14.45 907
14.4667 905
14.4833 903
14.5 902
14.5167 900
14.5333 898
14.55 896
14.5667 894
14.5833 892
14.6 890
14.6167 888
14.6333 886
14.65 884
14.6667 882
14.6833 880
14.7 878
14.7167 876
14.7333 874
14.75 872
14.7667 870
14.7833 868
14.8 866
14.8167 863
14.8333 861
14.85 859
14.8667 857
14.8833 855
14.9 852
14.9167 850
14.9333 848
14.95 846
14.9667 843
14.9833 841
15.0 839
15.0167 836
15.0333 834
15.05 832
15.0667 829
15.0833 827
15.1 825
15.1167 822
15.1333 820
15.15 817
15.1667 815
15.1833 812
15.2 810
15.2167 807
15.2333 805
15.25 802
15.2667 800
15.2833 797
15.3 795
15.3167 792
15.3333 789
15.35 787
15.3667 784
15.3833 781
15.4 779
15.4167 776
15.4333 773
15.45 771
15.4667 768
15.4833 765
15.5 763
15.5167 760
15.5333 757
15.55 754
15.5667 751
15.5833 749
15.6 746
15.6167 743
15.6333 740
15.65 737
15.6667 734
15.6833 732
15.7 729
15.7167 726
15.7333 723
15.75 720
15.7667 717
15.7833 714
15.8 711
15.8167 708
15.8333 705
15.85 702
15.8667 699
15.8833 696
15.9 693
15.9167 690
15.9333 687
15.95 684
15.9667 681
15.9833 678
16.0 675
16.0167 671
16.0333 668
16.05 665
16.0667 662
16.0833 659
16.1 656
16.1167 653
16.1333 649
16.15 646
16.1667 643
16.1833 640
16.2 637
16.2167 633
16.2333 630
16.25 627
16.2667 624
16.2833 620
16.3 617
16.3167 614
16.3333 610
16.35 607
16.3667 604
16.3833 600
16.4 597
16.4167 594
16.4333 590
16.45 587
16.4667 584
16.4833 580
16.5 577
16.5167 573
16.5333 570
16.55 567
16.5667 563
16.5833 560
16.6 556
16.6167 553
16.6333 549
16.65 546
16.6667 542
16.6833 539
16.7 535
16.7167 532
16.7333 528
16.75 525
16.7667 521
16.7833 518
16.8 514
16.8167 511
16.8333 507
16.85 504
16.8667 500
16.8833 497
16.9 493
16.9167 489
16.9333 486
16.95 482
16.9667 479
16.9833 475
