8.0 318
8.0167 322
8.0333 325
8.05 329
8.0667 333
8.0833 336
8.1 340
8.1167 344
8.1333 347
8.15 351
8.1667 355
8.1833 358
8.2 362
8.2167 365
8.2333 369
8.25 373
8.2667 376
8.2833 380
8.3 384
8.3167 387
8.3333 391
8.35 395
8.3667 398
8.3833 402
8.4 405
8.4167 409
8.4333 413
8.45 416
8.4667 420
8.4833 424
8.5 427
8.5167 431
8.5333 434
8.55 438
8.5667 442
8.5833 445
8.6 449
8.6167 452
8.6333 456
8.65 459
8.6667 463
8.6833 467
8.7 470
8.7167 474
8.7333 477
8.75 481
8.7667 484
8.7833 488
8.8 491
8.8167 495
8.8333 498
8.85 502
8.8667 505
8.8833 509
8.9 512
8.9167 516
8.9333 519
8.95 523
8.9667 526
8.9833 530
9.0 533
9.0167 536
9.0333 540
9.05 543
9.0667 546
9.0833 550
9.1 553
9.1167 557
9.1333 560
9.15 563
9.1667 567
9.1833 570
9.2 573
9.2167 577
9.2333 580
9.25 583
9.2667 587
9.2833 590
9.3 593
9.3167 597
9.3333 600
9.35 603
9.3667 606
9.3833 610
9.4 613
9.4167 616
9.4333 619
9.45 623
9.4667 626
9.4833 629
9.5 632
9.5167 635
9.5333 638
9.55 642
9.5667 645
9.5833 648
9.6 651
9.6167 654
9.6333 657
9.65 660
9.6667 663
9.6833 666
9.7 669
9.7167 672
9.7333 675
9.75 678
9.7667 681
9.7833 684
9.8 687
9.8167 690
9.8333 693
9.85 696
9.8667 699
9.8833 702
9.9 705
9.9167 708
9.9333 711
9.95 714
9.9667 716
9.9833 719
10.0 722
10.0167 725
10.0333 728
10.05 730
10.0667 733
10.0833 736
10.1 739
10.1167 741
10.1333 744
10.15 747
10.1667 750
10.1833 752
10.2 755
10.2167 758
10.2333 760
10.25 763
10.2667 765
10.2833 768
10.3 771
10.3167 773
10.3333 776
10.35 778
10.3667 781
10.3833 783
10.4 786
10.4167 788
10.4333 791
10.45 793
10.4667 796
10.4833 798
10.5 800
10.5167 803
10.5333 805
10.55 808
10.5667 810
10.5833 812
10.6 815
10.6167 817
10.6333 819
10.65 821
10.6667 824
10.6833 826
10.7 828
10.7167 830
10.7333 833
10.75 835
10.7667 837
10.7833 839
10.8 841
10.8167 843
10.8333 845
10.85 848
10.8667 850
10.8833 852
10.9 854
10.9167 856
10.9333 858
10.95 860
10.9667 862
10.9833 864
11.0 866
11.0167 868
11.0333 869
11.05 871
11.0667 873
11.0833 875
11.1 877
11.1167 879
11.1333 881
11.15 882
11.1667 884
11.1833 886
11.2 888
11.2167 889
11.2333 891
11.25 893
11.2667 894
11.2833 896
11.3 898
11.3167 899
11.3333 901
11.35 903
11.3667 904
11.3833 906
11.4 907
11.4167 909
11.4333 910
11.45 912
11.4667 913
11.4833 915
11.5 916
11.5167 918
11.5333 919
11.55 920
11.5667 922
11.5833 923
11.6 924
11.6167 926
11.6333 927
11.65 928
11.6667 930
11.6833 931
11.7 932
11.7167 933
11.7333 934
11.75 936
11.7667 937
11.7833 938
11.8 939
11.8167 940
11.8333 941
11.85 942
11.8667 943
11.8833 944
11.9 945
11.9167 946
11.9333 947
11.95 948
11.9667 949
11.9833 950
12.0 951
12.0167 952
12.0333 953
12.05 954
12.0667 954
12.0833 955
12.1 956
12.1167 957
12.1333 958
12.15 958
12.1667 959
12.1833 960
12.2 960
12.2167 961
12.2333 962
12.25 962
12.2667 963
12.2833 964
12.3 964
12.3167 965
12.3333 965
12.35 966
12.3667 966
12.3833 967
12.4 967
12.4167 968
12.4333 968
12.45 968
12.4667 969
12.4833 969
12.5 969
12.5167 970
12.5333 970
12.55 970
12.5667 971
12.5833 971
12.6 971
12.6167 971
12.6333 972
12.65 972
12.6667 972
12.6833 972
12.7 972
12.7167 972
12.7333 972
12.75 972
12.7667 972
12.7833 972
12.8 972
12.8167 972
12.8333 972
12.85 972
12.8667 972
12.8833 972
12.9 972
12.9167 972
12.9333 972
12.95 972
12.9667 971
12.9833 971
13.0 971
13.0167 971
13.0333 971
13.05 970
13.0667 970
13.0833 970
13.1 969
13.1167 969
13.1333 969
13.15 968
13.1667 968
13.1833 967
13.2 967
13.2167 966
13.2333 966
13.25 965
13.2667 965
13.2833 964
13.3 964
13.3167 963
13.3333 963
13.35 962
13.3667 961
13.3833 961
13.4 960
13.4167 959
13.4333 959
13.45 958
13.4667 957
13.4833 956
13.5 956
13.5167 955
13.5333 954
13.55 953
13.5667 952
13.5833 952
13.6 951
13.6167 950
13.6333 949
13.65 948
13.6667 947
13.6833 946
13.7 945
13.7167 944
13.7333 943
13.75 942
13.7667 941
13.7833 940
13.8 939
13.8167 937
13.8333 936
13.85 935
13.8667 934
13.8833 933
13.9 932
13.9167 930
13.9333 929
13.95 928
13.9667 926
13.9833 925
14.0 924
14.0167 923
14.0333 921
14.05 920
14.0667 918
14.0833 917
14.1 916
14.1167 914
14.1333 913
14.15 911
14.1667 910
14.1833 908
14.2 907
14.2167 905
14.2333 904
14.25 902
14.2667 900
14.2833 899
14.3 897
14.3167 895
14.3333 894
14.35 892
14.3667 890
14.3833 889
14.4 887
14.4167 885
14.4333 883
14.45 882
14.4667 880
14.4833 878
14.5 876
14.5167 874
14.5333 872
14.55 871
14.5667 869
14.5833 867
14.6 865
14.6167 863
14.6333 861
14.65 859
14.6667 857
14.6833 855
14.7 853
14.7167 851
14.7333 849
14.75 847
14.7667 845
14.7833 842
14.8 840
14.8167 838
14.8333 836
14.85 834
14.8667 832
14.8833 830
14.9 827
14.9167 825
14.9333 823
14.95 821
14.9667 818
14.9833 816
15.0 814
15.0167 811
15.0333 809
15.05 807
15.0667 804
15.0833 802
15.1 799
15.1167 797
15.1333 795
15.15 792
15.1667 790
15.1833 787
15.2 785
15.2167 782
15.2333 780
15.25 777
15.2667 775
15.2833 772
15.3 769
15.3167 767
15.3333 764
15.35 762
15.3667 759
15.3833 756
15.4 754
15.4167 751
15.4333 748
15.45 746
15.4667 743
15.4833 740
15.5 737
15.5167 735
15.5333 732
15.55 729
15.5667 726
15.5833 724
15.6 721
15.6167 718
15.6333 715
15.65 712
15.6667 709
15.6833 706
15.7 704
15.7167 701
15.7333 698
15.75 695
15.7667 692
15.7833 689
15.8 686
15.8167 683
15.8333 680
15.85 677
15.8667 674
15.8833 671
15.9 668
15.9167 665
15.9333 662
15.95 659
15.9667 656
15.9833 653
16.0 649
16.0167 646
16.0333 643
16.05 640
16.0667 637
16.0833 634
16.1 631
16.1167 627
16.1333 624
16.15 621
16.1667 618
16.1833 615
16.2 611
16.2167 608
16.2333 605
16.25 602
16.2667 598
16.2833 595
16.3 592
16.3167 589
16.3333 585
16.35 582
16.3667 579
16.3833 575
16.4 572
16.4167 569
16.4333 565
16.45 562
16.4667 558
16.4833 555
16.5 552
16.5167 548
16.5333 545
16.55 541
16.5667 538
16.5833 535
16.6 531
16.6167 528
16.6333 524
16.65 521
16.6667 517
16.6833 514
16.7 510
16.7167 507
16.7333 503
16.75 500
16.7667 496
16.7833 493
16.8 489
16.8167 486
16.8333 482
16.85 479
16.8667 475
16.8833 472
16.9 468
16.9167 465
16.9333 461
16.95 457
16.9667 454
16.9833 450
