8.0 370
8.0167 373
8.0333 377
8.05 381
8.0667 385
8.0833 389
8.1 393
8.1167 397
8.1333 401
8.15 404
8.1667 408
8.1833 412
8.2 416
8.2167 420
8.2333 424
8.25 428
8.2667 431
8.2833 435
8.3 439
8.3167 443
8.3333 447
8.35 451
8.3667 454
8.3833 458
8.4 462
8.4167 466
8.4333 470
8.45 473
8.4667 477
8.4833 481
8.5 485
8.5167 489
8.5333 492
8.55 496
8.5667 500
8.5833 504
8.6 507
8.6167 511
8.6333 515
8.65 519
8.6667 522
8.6833 526
8.7 530
8.7167 533
8.7333 537
8.75 541
8.7667 544
8.7833 548
8.8 552
8.8167 555
8.8333 559
8.85 563
8.8667 566
8.8833 570
8.9 574
8.9167 577
8.9333 581
8.95 584
8.9667 588
8.9833 591
9.0 595
9.0167 598
9.0333 602
9.05 605
9.0667 609
9.0833 612
9.1 616
9.1167 619
9.1333 623
9.15 626
9.1667 630
9.1833 633
9.2 637
9.2167 640
9.2333 644
9.25 647
9.2667 651
9.2833 654
9.3 657
9.3167 661
9.3333 664
9.35 667
9.3667 671
9.3833 674
9.4 677
9.4167 681
9.4333 684
9.45 687
9.4667 691
9.4833 694
9.5 697
9.5167 700
9.5333 704
9.55 707
9.5667 710
9.5833 713
9.6 716
9.6167 720
9.6333 723
9.65 726
9.6667 729
9.6833 732
9.7 735
9.7167 739
9.7333 742
9.75 745
9.7667 748
9.7833 751
9.8 754
9.8167 757
9.8333 760
9.85 763
9.8667 766
9.8833 769
9.9 772
9.9167 775
9.9333 778
9.95 781
9.9667 784
9.9833 786
10.0 789
10.0167 792
10.0333 795
10.05 798
10.0667 801
10.0833 804
10.1 806
10.1167 809
10.1333 812
10.15 815
10.1667 818
10.1833 820
10.2 823
10.2167 826
10.2333 828
10.25 831
10.2667 834
10.2833 836
10.3 839
10.3167 842
10.3333 844
10.35 847
10.3667 849
10.3833 852
10.4 854
10.4167 857
10.4333 860
10.45 862
10.4667 865
10.4833 867
10.5 869
10.5167 872
10.5333 874
10.55 877
10.5667 879
10.5833 882
10.6 884
10.6167 886
10.6333 889
10.65 891
10.6667 893
10.6833 895
10.7 898
10.7167 900
10.7333 902
10.75 904
10.7667 907
10.7833 909
10.8 911
10.8167 913
10.8333 915
10.85 917
10.8667 920
10.8833 922
10.9 924
10.9167 926
10.9333 928
10.95 930
10.9667 932
10.9833 934
11.0 936
11.0167 938
11.0333 940
11.05 942
11.0667 944
11.0833 945
11.1 947
11.1167 949
11.1333 951
11.15 953
11.1667 955
11.1833 956
11.2 958
11.2167 960
11.2333 962
11.25 963
11.2667 965
11.2833 967
11.3 969
11.3167 970
11.3333 972
11.35 973
11.3667 975
11.3833 977
11.4 978
11.4167 980
11.4333 981
11.45 983
11.4667 984
11.4833 986
11.5 987
11.5167 989
11.5333 990
11.55 991
11.5667 993
11.5833 994
11.6 996
11.6167 997
11.6333 998
11.65 1000
11.6667 1001
11.6833 1002
11.7 1003
11.7167 1005
11.7333 1006
11.75 1007
11.7667 1008
11.7833 1009
11.8 1010
11.8167 1011
11.8333 1013
11.85 1014
11.8667 1015
11.8833 1016
11.9 1017
11.9167 1018
11.9333 1019
11.95 1020
11.9667 1021
11.9833 1022
12.0 1023
12.0167 1023
12.0333 1024
12.05 1025
12.0667 1026
12.0833 1027
12.1 1028
12.1167 1028
12.1333 1029
12.15 1030
12.1667 1031
12.1833 1031
12.2 1032
12.2167 1033
12.2333 1033
12.25 1034
12.2667 1035
12.2833 1035
12.3 1036
12.3167 1036
12.3333 1037
12.35 1037
12.3667 1038
12.3833 1038
12.4 1039
12.4167 1039
12.4333 1040
12.45 1040
12.4667 1041
12.4833 1041
12.5 1041
12.5167 1042
12.5333 1042
12.55 1042
12.5667 1042
12.5833 1043
12.6 1043
12.6167 1043
12.6333 1043
12.65 1044
12.6667 1044
12.6833 1044
12.7 1044
12.7167 1044
12.7333 1044
12.75 1044
12.7667 1044
12.7833 1044
12.8 1044
12.8167 1044
12.8333 1044
12.85 1044
12.8667 1044
12.8833 1044
12.9 1044
12.9167 1044
12.9333 1044
12.95 1043
12.9667 1043
12.9833 1043
13.0 1043
13.0167 1043
13.0333 1042
13.05 1042
13.0667 1042
13.0833 1041
13.1 1041
13.1167 1041
13.1333 1040
13.15 1040
13.1667 1040
13.1833 1039
13.2 1039
13.2167 1038
13.2333 1038
13.25 1037
13.2667 1037
13.2833 1036
13.3 1036
13.3167 1035
13.3333 1034
13.35 1034
13.3667 1033
13.3833 1033
13.4 1032
13.4167 1031
13.4333 1030
13.45 1030
13.4667 1029
13.4833 1028
13.5 1027
13.5167 1027
13.5333 1026
13.55 1025
13.5667 1024
13.5833 1023
13.6 1022
13.6167 1021
13.6333 1020
13.65 1019
13.6667 1018
13.6833 1017
13.7 1016
13.7167 1015
13.7333 1014
13.75 1013
13.7667 1012
13.7833 1011
13.8 1010
13.8167 1009
13.8333 1008
13.85 1007
13.8667 1005
13.8833 1004
13.9 1003
13.9167 1002
13.9333 1000
13.95 999
13.9667 998
13.9833 996
14.0 995
14.0167 994
14.0333 992
14.05 991
14.0667 990
14.0833 988
14.1 987
14.1167 985
14.1333 984
14.15 982
14.1667 981
14.1833 979
14.2 978
14.2167 976
14.2333 974
14.25 973
14.2667 971
14.2833 970
14.3 968
14.3167 966
14.3333 965
14.35 963
14.3667 961
14.3833 959
14.4 958
14.4167 956
14.4333 954
14.45 952
14.4667 950
14.4833 949
14.5 947
14.5167 945
14.5333 943
14.55 941
14.5667 939
14.5833 937
14.6 935
14.6167 933
14.6333 931
14.65 929
14.6667 927
14.6833 925
14.7 923
14.7167 921
14.7333 919
14.75 917
14.7667 915
14.7833 912
14.8 910
14.8167 908
14.8333 906
14.85 904
14.8667 901
14.8833 899
14.9 897
14.9167 895
14.9333 892
14.95 890
14.9667 888
14.9833 885
15.0 883
15.0167 881
15.0333 878
15.05 876
15.0667 873
15.0833 871
15.1 869
15.1167 866
15.1333 864
15.15 861
15.1667 859
15.1833 856
15.2 854
15.2167 851
15.2333 848
15.25 846
15.2667 843
15.2833 841
15.3 838
15.3167 835
15.3333 833
15.35 830
15.3667 827
15.3833 825
15.4 822
15.4167 819
15.4333 816
15.45 814
15.4667 811
15.4833 808
15.5 805
15.5167 803
15.5333 800
15.55 797
15.5667 794
15.5833 791
15.6 788
15.6167 785
15.6333 782
15.65 780
15.6667 777
15.6833 774
15.7 771
15.7167 768
15.7333 765
15.75 762
15.7667 759
15.7833 756
15.8 753
15.8167 750
15.8333 747
15.85 743
15.8667 740
15.8833 737
15.9 734
15.9167 731
15.9333 728
15.95 725
15.9667 722
15.9833 718
16.0 715
16.0167 712
16.0333 709
16.05 706
16.0667 702
16.0833 699
16.1 696
16.1167 693
16.1333 689
16.15 686
16.1667 683
16.1833 679
16.2 676
16.2167 673
16.2333 669
16.25 666
16.2667 663
16.2833 659
16.3 656
16.3167 653
16.3333 649
16.35 646
16.3667 642
16.3833 639
16.4 635
16.4167 632
16.4333 629
16.45 625
16.4667 622
16.4833 618
16.5 615
16.5167 611
16.5333 608
16.55 604
16.5667 600
16.5833 597
16.6 593
16.6167 590
16.6333 586
16.65 583
16.6667 579
16.6833 575
16.7 572
16.7167 568
16.7333 565
16.75 561
16.7667 557
16.7833 554
16.8 550
16.8167 546
16.8333 543
16.85 539
16.8667 535
16.8833 532
16.9 528
16.9167 524
16.9333 520
16.95 517
16.9667 513
16.9833 509
