8.0 329
8.0167 333
8.0333 336
8.05 340
8.0667 344
8.0833 347
8.1 351
8.1167 354
8.1333 358
8.15 362
8.1667 365
8.1833 369
8.2 373
8.2167 376
8.2333 380
8.25 383
8.2667 387
8.2833 391
8.3 394
8.3167 398
8.3333 401
8.35 405
8.3667 409
8.3833 412
8.4 416
8.4167 419
8.4333 423
8.45 426
8.4667 430
8.4833 434
8.5 437
8.5167 441
8.5333 444
8.55 448
8.5667 451
8.5833 455
8.6 458
8.6167 462
8.6333 465
8.65 469
8.6667 473
8.6833 476
8.7 480
8.7167 483
8.7333 487
8.75 490
8.7667 494
8.7833 497
8.8 500
8.8167 504
8.8333 507
8.85 511
8.8667 514
8.8833 518
8.9 521
8.9167 525
8.9333 528
8.95 531
8.9667 535
8.9833 538
9.0 542
9.0167 545
9.0333 548
9.05 552
9.0667 555
9.0833 558
9.1 562
9.1167 565
9.1333 568
9.15 572
9.1667 575
9.1833 578
9.2 582
9.2167 585
9.2333 588
9.25 591
9.2667 595
9.2833 598
9.3 601
9.3167 604
9.3333 608
9.35 611
9.3667 614
9.3833 617
9.4 620
9.4167 624
9.4333 627
9.45 630
9.4667 633
9.4833 636
9.5 639
9.5167 642
9.5333 646
9.55 649
9.5667 652
9.5833 655
9.6 658
9.6167 661
9.6333 664
9.65 667
9.6667 670
9.6833 673
9.7 676
9.7167 679
9.7333 682
9.75 685
9.7667 688
9.7833 691
9.8 694
9.8167 697
9.8333 700
9.85 702
9.8667 705
9.8833 708
9.9 711
9.9167 714
9.9333 717
9.95 719
9.9667 722
9.9833 725
10.0 728
10.0167 731
10.0333 733
10.05 736
10.0667 739
10.0833 742
10.1 744
10.1167 747
10.1333 750
10.15 752
10.1667 755
10.1833 758
10.2 760
10.2167 763
10.2333 765
10.25 768
10.2667 771
10.2833 773
10.3 776
10.3167 778
10.3333 781
10.35 783
10.3667 786
10.3833 788
10.4 791
10.4167 793
10.4333 795
10.45 798
10.4667 800
10.4833 803
10.5 805
10.5167 807
10.5333 810
10.55 812
10.5667 814
10.5833 817
10.6 819
10.6167 821
10.6333 823
10.65 826
10.6667 828
10.6833 830
10.7 832
10.7167 834
10.7333 837
10.75 839
10.7667 841
10.7833 843
10.8 845
10.8167 847
10.8333 849
10.85 851
10.8667 853
10.8833 855
10.9 857
10.9167 859
10.9333 861
10.95 863
10.9667 865
10.9833 867
11.0 869
11.0167 871
11.0333 873
11.05 875
11.0667 876
11.0833 878
11.1 880
11.1167 882
11.1333 884
11.15 885
11.1667 887
11.1833 889
11.2 891
11.2167 892
11.2333 894
11.25 896
11.2667 897
11.2833 899
11.3 900
11.3167 902
11.3333 904
11.35 905
11.3667 907
11.3833 908
11.4 910
11.4167 911
11.4333 913
11.45 914
11.4667 916
11.4833 917
11.5 918
11.5167 920
11.5333 921
11.55 922
11.5667 924
11.5833 925
11.6 926
11.6167 928
11.6333 929
11.65 930
11.6667 931
11.6833 933
11.7 934
11.7167 935
11.7333 936
11.75 937
11.7667 938
11.7833 940
11.8 941
11.8167 942
11.8333 943
11.85 944
11.8667 945
11.8833 946
11.9 947
11.9167 948
11.9333 949
11.95 950
11.9667 951
11.9833 951
12.0 952
12.0167 953
12.0333 954
12.05 955
12.0667 956
12.0833 956
12.1 957
12.1167 958
12.1333 959
12.15 959
12.1667 960
12.1833 961
12.2 961
12.2167 962
12.2333 963
12.25 963
12.2667 964
12.2833 964
12.3 965
12.3167 965
12.3333 966
12.35 966
12.3667 967
12.3833 967
12.4 968
12.4167 968
12.4333 969
12.45 969
12.4667 969
12.4833 970
12.5 970
12.5167 970
12.5333 971
12.55 971
12.5667 971
12.5833 971
12.6 972
12.6167 972
12.6333 972
12.65 972
12.6667 972
12.6833 972
12.7 973
12.7167 973
12.7333 973
12.75 973
12.7667 973
12.7833 973
12.8 973
12.8167 973
12.8333 973
12.85 973
12.8667 973
12.8833 972
12.9 972
12.9167 972
12.9333 972
12.95 972
12.9667 972
12.9833 971
13.0 971
13.0167 971
13.0333 971
13.05 970
13.0667 970
13.0833 970
13.1 969
13.1167 969
13.1333 969
13.15 968
13.1667 968
13.1833 967
13.2 967
13.2167 966
13.2333 966
13.25 965
13.2667 965
13.2833 964
13.3 964
13.3167 963
13.3333 963
13.35 962
13.3667 961
13.3833 961
13.4 960
13.4167 959
13.4333 959
13.45 958
13.4667 957
13.4833 956
13.5 956
13.5167 955
13.5333 954
13.55 953
13.5667 952
13.5833 951
13.6 950
13.6167 950
13.6333 949
13.65 948
13.6667 947
13.6833 946
13.7 945
13.7167 944
13.7333 943
13.75 942
13.7667 940
13.7833 939
13.8 938
13.8167 937
13.8333 936
13.85 935
13.8667 934
13.8833 932
13.9 931
13.9167 930
13.9333 929
13.95 928
13.9667 926
13.9833 925
14.0 924
14.0167 922
14.0333 921
14.05 920
14.0667 918
14.0833 917
14.1 915
14.1167 914
14.1333 912
14.15 911
14.1667 909
14.1833 908
14.2 906
14.2167 905
14.2333 903
14.25 902
14.2667 900
14.2833 899
14.3 897
14.3167 895
14.3333 894
14.35 892
14.3667 890
14.3833 889
14.4 887
14.4167 885
14.4333 883
14.45 882
14.4667 880
14.4833 878
14.5 876
14.5167 874
14.5333 872
14.55 871
14.5667 869
14.5833 867
14.6 865
14.6167 863
14.6333 861
14.65 859
14.6667 857
14.6833 855
14.7 853
14.7167 851
14.7333 849
14.75 847
14.7667 845
14.7833 843
14.8 840
14.8167 838
14.8333 836
14.85 834
14.8667 832
14.8833 830
14.9 827
14.9167 825
14.9333 823
14.95 821
14.9667 818
14.9833 816
15.0 814
15.0167 812
15.0333 809
15.05 807
15.0667 805
15.0833 802
15.1 800
15.1167 797
15.1333 795
15.15 793
15.1667 790
15.1833 788
15.2 785
15.2167 783
15.2333 780
15.25 778
15.2667 775
15.2833 773
15.3 770
15.3167 768
15.3333 765
15.35 762
15.3667 760
15.3833 757
15.4 755
15.4167 752
15.4333 749
15.45 747
15.4667 744
15.4833 741
15.5 738
15.5167 736
15.5333 733
15.55 730
15.5667 727
15.5833 725
15.6 722
15.6167 719
15.6333 716
15.65 713
15.6667 711
15.6833 708
15.7 705
15.7167 702
15.7333 699
15.75 696
15.7667 693
15.7833 690
15.8 687
15.8167 684
15.8333 681
15.85 679
15.8667 676
15.8833 673
15.9 670
15.9167 666
15.9333 663
15.95 660
15.9667 657
15.9833 654
16.0 651
16.0167 648
16.0333 645
16.05 642
16.0667 639
16.0833 636
16.1 633
16.1167 629
16.1333 626
16.15 623
16.1667 620
16.1833 617
16.2 614
16.2167 610
16.2333 607
16.25 604
16.2667 601
16.2833 597
16.3 594
16.3167 591
16.3333 588
16.35 584
16.3667 581
16.3833 578
16.4 574
16.4167 571
16.4333 568
16.45 564
16.4667 561
16.4833 558
16.5 554
16.5167 551
16.5333 548
16.55 544
16.5667 541
16.5833 537
16.6 534
16.6167 531
16.6333 527
16.65 524
16.6667 520
16.6833 517
16.7 514
16.7167 510
16.7333 507
16.75 503
16.7667 500
16.7833 496
16.8 493
16.8167 489
16.8333 486
16.85 482
16.8667 479
16.8833 475
16.9 472
16.9167 468
16.9333 465
16.95 461
16.9667 458
16.9833 454
