8.0 265
8.0167 269
8.0333 272
8.05 276
8.0667 279
8.0833 283
8.1 286
8.1167 290
8.1333 293
8.15 297
8.1667 300
8.1833 304
8.2 307
8.2167 311
8.2333 314
8.25 318
8.2667 321
8.2833 325
8.3 328
8.3167 332
8.3333 335
8.35 339
8.3667 342
8.3833 346
8.4 349
8.4167 353
8.4333 356
8.45 360
8.4667 363
8.4833 367
8.5 371
8.5167 374
8.5333 378
8.55 381
8.5667 385
8.5833 388
8.6 392
8.6167 395
8.6333 399
8.65 402
8.6667 406
8.6833 409
8.7 413
8.7167 416
8.7333 420
8.75 423
8.7667 427
8.7833 430
8.8 433
8.8167 437
8.8333 440
8.85 444
8.8667 447
8.8833 451
8.9 454
8.9167 458
8.9333 461
8.95 464
8.9667 468
8.9833 471
9.0 475
9.0167 478
9.0333 481
9.05 485
9.0667 488
9.0833 491
9.1 495
9.1167 498
9.1333 502
9.15 505
9.1667 508
9.1833 512
9.2 515
9.2167 518
9.2333 521
9.25 525
9.2667 528
9.2833 531
9.3 535
9.3167 538
9.3333 541
9.35 544
9.3667 548
9.3833 551
9.4 554
9.4167 557
9.4333 561
9.45 564
9.4667 567
9.4833 570
9.5 573
9.5167 576
9.5333 580
9.55 583
9.5667 586
9.5833 589
9.6 592
9.6167 595
9.6333 598
9.65 601
9.6667 604
9.6833 607
9.7 610
9.7167 613
9.7333 616
9.75 619
9.7667 622
9.7833 625
9.8 628
9.8167 631
9.8333 634
9.85 637
9.8667 640
9.8833 643
9.9 646
9.9167 649
9.9333 652
9.95 655
9.9667 658
9.9833 660
10.0 663
10.0167 666
10.0333 669
10.05 672
10.0667 674
10.0833 677
10.1 680
10.1167 683
10.1333 685
10.15 688
10.1667 691
10.1833 693
10.2 696
10.2167 699
10.2333 701
10.25 704
10.2667 707
10.2833 709
10.3 712
10.3167 714
10.3333 717
10.35 720
10.3667 722
10.3833 725
10.4 727
10.4167 730
10.4333 732
10.45 735
10.4667 737
10.4833 739
10.5 742
10.5167 744
10.5333 747
10.55 749
10.5667 751
10.5833 754
10.6 756
10.6167 758
10.6333 761
10.65 763
10.6667 765
10.6833 767
10.7 770
10.7167 772
10.7333 774
10.75 776
10.7667 778
10.7833 781
10.8 783
10.8167 785
10.8333 787
10.85 789
10.8667 791
10.8833 793
10.9 795
10.9167 797
10.9333 799
10.95 801
10.9667 803
10.9833 805
11.0 807
11.0167 809
11.0333 811
11.05 813
11.0667 815
11.0833 817
11.1 819
11.1167 820
11.1333 822
11.15 824
11.1667 826
11.1833 828
11.2 829
11.2167 831
11.2333 833
11.25 835
11.2667 836
11.2833 838
11.3 840
11.3167 841
11.3333 843
11.35 844
11.3667 846
11.3833 847
11.4 849
11.4167 851
11.4333 852
11.45 854
11.4667 855
11.4833 856
11.5 858
11.5167 859
11.5333 861
11.55 862
11.5667 863
11.5833 865
11.6 866
11.6167 867
11.6333 869
11.65 870
11.6667 871
11.6833 873
11.7 874
11.7167 875
11.7333 876
11.75 877
11.7667 878
11.7833 880
11.8 881
11.8167 882
11.8333 883
11.85 884
11.8667 885
11.8833 886
11.9 887
11.9167 888
11.9333 889
11.95 890
11.9667 891
11.9833 892
12.0 893
12.0167 894
12.0333 894
12.05 895
12.0667 896
12.0833 897
12.1 898
12.1167 898
12.1333 899
12.15 900
12.1667 901
12.1833 901
12.2 902
12.2167 903
12.2333 903
12.25 904
12.2667 904
12.2833 905
12.3 906
12.3167 906
12.3333 907
12.35 907
12.3667 908
12.3833 908
12.4 908
12.4167 909
12.4333 909
12.45 910
12.4667 910
12.4833 910
12.5 911
12.5167 911
12.5333 911
12.55 912
12.5667 912
12.5833 912
12.6 912
12.6167 912
12.6333 913
12.65 913
12.6667 913
12.6833 913
12.7 913
12.7167 913
12.7333 913
12.75 913
12.7667 913
12.7833 913
12.8 913
12.8167 913
12.8333 913
12.85 913
12.8667 913
12.8833 913
12.9 913
12.9167 913
12.9333 913
12.95 912
12.9667 912
12.9833 912
13.0 912
13.0167 911
13.0333 911
13.05 911
13.0667 910
13.0833 910
13.1 910
13.1167 909
13.1333 909
13.15 909
13.1667 908
13.1833 908
13.2 907
13.2167 907
13.2333 906
13.25 906
13.2667 905
13.2833 905
13.3 904
13.3167 903
13.3333 903
13.35 902
13.3667 901
13.3833 901
13.4 900
13.4167 899
13.4333 899
13.45 898
13.4667 897
13.4833 896
13.5 895
13.5167 895
13.5333 894
13.55 893
13.5667 892
13.5833 891
13.6 890
13.6167 889
13.6333 888
13.65 887
13.6667 886
13.6833 885
13.7 884
13.7167 883
13.7333 882
13.75 881
13.7667 880
13.7833 879
13.8 878
13.8167 876
13.8333 875
13.85 874
13.8667 873
13.8833 872
13.9 870
13.9167 869
13.9333 868
13.95 867
13.9667 865
13.9833 864
14.0 862
14.0167 861
14.0333 860
14.05 858
14.0667 857
14.0833 855
14.1 854
14.1167 852
14.1333 851
14.15 849
14.1667 848
14.1833 846
14.2 845
14.2167 843
14.2333 842
14.25 840
14.2667 838
14.2833 837
14.3 835
14.3167 833
14.3333 832
14.35 830
14.3667 828
14.3833 826
14.4 825
14.4167 823
14.4333 821
14.45 819
14.4667 817
14.4833 815
14.5 814
14.5167 812
14.5333 810
14.55 808
14.5667 806
14.5833 804
14.6 802
14.6167 800
14.6333 798
14.65 796
14.6667 794
14.6833 792
14.7 790
14.7167 788
14.7333 785
14.75 783
14.7667 781
14.7833 779
14.8 777
14.8167 775
14.8333 773
14.85 770
14.8667 768
14.8833 766
14.9 764
14.9167 761
14.9333 759
14.95 757
14.9667 754
14.9833 752
15.0 749
15.0167 747
15.0333 745
15.05 742
15.0667 740
15.0833 737
15.1 735
15.1167 732
15.1333 730
15.15 727
15.1667 725
15.1833 722
15.2 720
15.2167 717
15.2333 715
15.25 712
15.2667 710
15.2833 707
15.3 704
15.3167 702
15.3333 699
15.35 696
15.3667 694
15.3833 691
15.4 688
15.4167 686
15.4333 683
15.45 680
15.4667 677
15.4833 675
15.5 672
15.5167 669
15.5333 666
15.55 664
15.5667 661
15.5833 658
15.6 655
15.6167 652
15.6333 649
15.65 646
15.6667 643
15.6833 641
15.7 638
15.7167 635
15.7333 632
15.75 629
15.7667 626
15.7833 623
15.8 620
15.8167 617
15.8333 614
15.85 611
15.8667 608
15.8833 605
15.9 602
15.9167 599
15.9333 596
15.95 592
15.9667 589
15.9833 586
16.0 583
16.0167 580
16.0333 577
16.05 574
16.0667 570
16.0833 567
16.1 564
16.1167 561
16.1333 558
16.15 555
16.1667 551
16.1833 548
16.2 545
16.2167 542
16.2333 538
16.25 535
16.2667 532
16.2833 528
16.3 525
16.3167 522
16.3333 519
16.35 515
16.3667 512
16.3833 509
16.4 505
16.4167 502
16.4333 499
16.45 495
16.4667 492
16.4833 489
16.5 485
16.5167 482
16.5333 478
16.55 475
16.5667 472
16.5833 468
16.6 465
16.6167 461
16.6333 458
16.65 454
16.6667 451
16.6833 448
16.7 444
16.7167 441
16.7333 437
16.75 434
16.7667 430
16.7833 427
16.8 423
16.8167 420
16.8333 416
16.85 413
16.8667 409
16.8833 406
16.9 402
16.9167 399
16.9333 395
16.95 392
16.9667 388
16.9833 385
