8.0 297
8.0167 301
8.0333 305
8.05 309
8.0667 312
8.0833 316
8.1 320
8.1167 324
8.1333 327
8.15 331
8.1667 335
8.1833 338
8.2 342
8.2167 346
8.2333 350
8.25 353
8.2667 357
8.2833 361
8.3 365
8.3167 368
8.3333 372
8.35 376
8.3667 380
8.3833 383
8.4 387
8.4167 391
8.4333 395
8.45 398
8.4667 402
8.4833 406
8.5 409
8.5167 413
8.5333 417
8.55 420
8.5667 424
8.5833 428
8.6 432
8.6167 435
8.6333 439
8.65 443
8.6667 446
8.6833 450
8.7 454
8.7167 457
8.7333 461
8.75 465
8.7667 468
8.7833 472
8.8 475
8.8167 479
8.8333 483
8.85 486
8.8667 490
8.8833 493
8.9 497
8.9167 501
8.9333 504
8.95 508
8.9667 511
8.9833 515
9.0 518
9.0167 522
9.0333 525
9.05 529
9.0667 532
9.0833 536
9.1 539
9.1167 543
9.1333 546
9.15 550
9.1667 553
9.1833 557
9.2 560
9.2167 564
9.2333 567
9.25 570
9.2667 574
9.2833 577
9.3 581
9.3167 584
9.3333 587
9.35 591
9.3667 594
9.3833 597
9.4 601
9.4167 604
9.4333 607
9.45 611
9.4667 614
9.4833 617
9.5 621
9.5167 624
9.5333 627
9.55 630
9.5667 634
9.5833 637
9.6 640
9.6167 643
9.6333 646
9.65 649
9.6667 653
9.6833 656
9.7 659
9.7167 662
9.7333 665
9.75 668
9.7667 671
9.7833 674
9.8 677
9.8167 680
9.8333 684
9.85 687
9.8667 690
9.8833 693
9.9 696
9.9167 699
9.9333 701
9.95 704
9.9667 707
9.9833 710
10.0 713
10.0167 716
10.0333 719
10.05 722
10.0667 725
10.0833 727
10.1 730
10.1167 733
10.1333 736
10.15 739
10.1667 741
10.1833 744
10.2 747
10.2167 750
10.2333 752
10.25 755
10.2667 758
10.2833 760
10.3 763
10.3167 766
10.3333 768
10.35 771
10.3667 774
10.3833 776
10.4 779
10.4167 781
10.4333 784
10.45 786
10.4667 789
10.4833 791
10.5 794
10.5167 796
10.5333 799
10.55 801
10.5667 804
10.5833 806
10.6 808
10.6167 811
10.6333 813
10.65 815
10.6667 818
10.6833 820
10.7 822
10.7167 825
10.7333 827
10.75 829
10.7667 831
10.7833 833
10.8 836
10.8167 838
10.8333 840
10.85 842
10.8667 844
10.8833 846
10.9 848
10.9167 851
10.9333 853
10.95 855
10.9667 857
10.9833 859
11.0 861
11.0167 863
11.0333 865
11.05 867
11.0667 868
11.0833 870
11.1 872
11.1167 874
11.1333 876
11.15 878
11.1667 880
11.1833 881
11.2 883
11.2167 885
11.2333 887
11.25 888
11.2667 890
11.2833 892
11.3 894
11.3167 895
11.3333 897
11.35 898
11.3667 900
11.3833 902
11.4 903
11.4167 905
11.4333 906
11.45 908
11.4667 909
11.4833 911
11.5 912
11.5167 914
11.5333 915
11.55 917
11.5667 918
11.5833 919
11.6 921
11.6167 922
11.6333 923
11.65 925
11.6667 926
11.6833 927
11.7 928
11.7167 930
11.7333 931
11.75 932
11.7667 933
11.7833 934
11.8 935
11.8167 937
11.8333 938
11.85 939
11.8667 940
11.8833 941
11.9 942
11.9167 943
11.9333 944
11.95 945
11.9667 946
11.9833 947
12.0 948
12.0167 948
12.0333 949
12.05 950
12.0667 951
12.0833 952
12.1 953
12.1167 953
12.1333 954
12.15 955
12.1667 956
12.1833 956
12.2 957
12.2167 958
12.2333 958
12.25 959
12.2667 960
12.2833 960
12.3 961
12.3167 961
12.3333 962
12.35 962
12.3667 963
12.3833 963
12.4 964
12.4167 964
12.4333 964
12.45 965
12.4667 965
12.4833 966
12.5 966
12.5167 966
12.5333 967
12.55 967
12.5667 967
12.5833 967
12.6 967
12.6167 968
12.6333 968
12.65 968
12.6667 968
12.6833 968
12.7 968
12.7167 968
12.7333 968
12.75 969
12.7667 969
12.7833 969
12.8 969
12.8167 968
12.8333 968
12.85 968
12.8667 968
12.8833 968
12.9 968
12.9167 968
12.9333 968
12.95 967
12.9667 967
12.9833 967
13.0 967
13.0167 966
13.0333 966
13.05 966
13.0667 966
13.0833 965
13.1 965
13.1167 964
13.1333 964
13.15 964
13.1667 963
13.1833 963
13.2 962
13.2167 962
13.2333 961
13.25 961
13.2667 960
13.2833 959
13.3 959
13.3167 958
13.3333 958
13.35 957
13.3667 956
13.3833 956
13.4 955
13.4167 954
13.4333 953
13.45 953
13.4667 952
13.4833 951
13.5 950
13.5167 949
13.5333 948
13.55 948
13.5667 947
13.5833 946
13.6 945
13.6167 944
13.6333 943
13.65 942
13.6667 941
13.6833 940
13.7 939
13.7167 938
13.7333 937
13.75 935
13.7667 934
13.7833 933
13.8 932
13.8167 931
13.8333 930
13.85 928
13.8667 927
13.8833 926
13.9 925
13.9167 923
13.9333 922
13.95 921
13.9667 919
13.9833 918
14.0 916
14.0167 915
14.0333 914
14.05 912
14.0667 911
14.0833 909
14.1 908
14.1167 906
14.1333 905
14.15 903
14.1667 902
14.1833 900
14.2 898
14.2167 897
14.2333 895
14.25 893
14.2667 892
14.2833 890
14.3 888
14.3167 887
14.3333 885
14.35 883
14.3667 881
14.3833 879
14.4 878
14.4167 876
14.4333 874
14.45 872
14.4667 870
14.4833 868
14.5 866
14.5167 864
14.5333 863
14.55 861
14.5667 859
14.5833 857
14.6 855
14.6167 852
14.6333 850
14.65 848
14.6667 846
14.6833 844
14.7 842
14.7167 840
14.7333 838
14.75 836
14.7667 833
14.7833 831
14.8 829
14.8167 827
14.8333 824
14.85 822
14.8667 820
14.8833 818
14.9 815
14.9167 813
14.9333 811
14.95 808
14.9667 806
14.9833 803
15.0 801
15.0167 798
15.0333 796
15.05 793
15.0667 791
15.0833 788
15.1 786
15.1167 783
15.1333 781
15.15 778
15.1667 776
15.1833 773
15.2 770
15.2167 768
15.2333 765
15.25 763
15.2667 760
15.2833 757
15.3 755
15.3167 752
15.3333 749
15.35 746
15.3667 744
15.3833 741
15.4 738
15.4167 735
15.4333 733
15.45 730
15.4667 727
15.4833 724
15.5 721
15.5167 718
15.5333 715
15.55 713
15.5667 710
15.5833 707
15.6 704
15.6167 701
15.6333 698
15.65 695
15.6667 692
15.6833 689
15.7 686
15.7167 683
15.7333 680
15.75 677
15.7667 674
15.7833 671
15.8 668
15.8167 665
15.8333 661
15.85 658
15.8667 655
15.8833 652
15.9 649
15.9167 646
15.9333 642
15.95 639
15.9667 636
15.9833 633
16.0 630
16.0167 626
16.0333 623
16.05 620
16.0667 617
16.0833 613
16.1 610
16.1167 607
16.1333 603
16.15 600
16.1667 597
16.1833 593
16.2 590
16.2167 587
16.2333 583
16.25 580
16.2667 577
16.2833 573
16.3 570
16.3167 566
16.3333 563
16.35 559
16.3667 556
16.3833 553
16.4 549
16.4167 546
16.4333 542
16.45 539
16.4667 535
16.4833 532
16.5 528
16.5167 525
16.5333 521
16.55 518
16.5667 514
16.5833 510
16.6 507
16.6167 503
16.6333 500
16.65 496
16.6667 493
16.6833 489
16.7 485
16.7167 482
16.7333 478
16.75 474
16.7667 471
16.7833 467
16.8 464
16.8167 460
16.8333 456
16.85 453
16.8667 449
16.8833 445
16.9 442
16.9167 438
16.9333 434
16.95 431
16.9667 427
16.9833 423
