8.0 286
8.0167 290
8.0333 293
8.05 297
8.0667 301
8.0833 305
8.1 308
8.1167 312
8.1333 316
8.15 320
8.1667 323
8.1833 327
8.2 331
8.2167 335
8.2333 338
8.25 342
8.2667 346
8.2833 350
8.3 353
8.3167 357
8.3333 361
8.35 365
8.3667 368
8.3833 372
8.4 376
8.4167 380
8.4333 383
8.45 387
8.4667 391
8.4833 395
8.5 398
8.5167 402
8.5333 406
8.55 409
8.5667 413
8.5833 417
8.6 421
8.6167 424
8.6333 428
8.65 432
8.6667 435
8.6833 439
8.7 443
8.7167 446
8.7333 450
8.75 454
8.7667 457
8.7833 461
8.8 465
8.8167 468
8.8333 472
8.85 476
8.8667 479
8.8833 483
8.9 486
8.9167 490
8.9333 494
8.95 497
8.9667 501
8.9833 504
9.0 508
9.0167 511
9.0333 515
9.05 518
9.0667 522
9.0833 525
9.1 529
9.1167 532
9.1333 536
9.15 539
9.1667 543
9.1833 546
9.2 550
9.2167 553
9.2333 557
9.25 560
9.2667 564
9.2833 567
9.3 570
9.3167 574
9.3333 577
9.35 580
9.3667 584
9.3833 587
9.4 591
9.4167 594
9.4333 597
9.45 601
9.4667 604
9.4833 607
9.5 610
9.5167 614
9.5333 617
9.55 620
9.5667 623
9.5833 627
9.6 630
9.6167 633
9.6333 636
9.65 639
9.6667 643
9.6833 646
9.7 649
9.7167 652
9.7333 655
9.75 658
9.7667 661
9.7833 664
9.8 668
9.8167 671
9.8333 674
9.85 677
9.8667 680
9.8833 683
9.9 686
9.9167 689
9.9333 692
9.95 695
9.9667 698
9.9833 700
10.0 703
10.0167 706
10.0333 709
10.05 712
10.0667 715
10.0833 718
10.1 721
10.1167 723
10.1333 726
10.15 729
10.1667 732
10.1833 735
10.2 737
10.2167 740
10.2333 743
10.25 745
10.2667 748
10.2833 751
10.3 753
10.3167 756
10.3333 759
10.35 761
10.3667 764
10.3833 767
10.4 769
10.4167 772
10.4333 774
10.45 777
10.4667 779
10.4833 782
10.5 784
10.5167 787
10.5333 789
10.55 792
10.5667 794
10.5833 796
10.6 799
10.6167 801
10.6333 803
10.65 806
10.6667 808
10.6833 810
10.7 813
10.7167 815
10.7333 817
10.75 819
10.7667 822
10.7833 824
10.8 826
10.8167 828
10.8333 830
10.85 833
10.8667 835
10.8833 837
10.9 839
10.9167 841
10.9333 843
10.95 845
10.9667 847
10.9833 849
11.0 851
11.0167 853
11.0333 855
11.05 857
11.0667 859
11.0833 861
11.1 863
11.1167 864
11.1333 866
11.15 868
11.1667 870
11.1833 872
11.2 874
11.2167 875
11.2333 877
11.25 879
11.2667 880
11.2833 882
11.3 884
11.3167 885
11.3333 887
11.35 889
11.3667 890
11.3833 892
11.4 893
11.4167 895
11.4333 897
11.45 898
11.4667 900
11.4833 901
11.5 902
11.5167 904
11.5333 905
11.55 907
11.5667 908
11.5833 909
11.6 911
11.6167 912
11.6333 913
11.65 915
11.6667 916
11.6833 917
11.7 918
11.7167 920
11.7333 921
11.75 922
11.7667 923
11.7833 924
11.8 925
11.8167 926
11.8333 928
11.85 929
11.8667 930
11.8833 931
11.9 932
11.9167 933
11.9333 934
11.95 935
11.9667 935
11.9833 936
12.0 937
12.0167 938
12.0333 939
12.05 940
12.0667 941
12.0833 941
12.1 942
12.1167 943
12.1333 944
12.15 944
12.1667 945
12.1833 946
12.2 946
12.2167 947
12.2333 948
12.25 948
12.2667 949
12.2833 949
12.3 950
12.3167 950
12.3333 951
12.35 951
12.3667 952
12.3833 952
12.4 953
12.4167 953
12.4333 954
12.45 954
12.4667 954
12.4833 955
12.5 955
12.5167 955
12.5333 955
12.55 956
12.5667 956
12.5833 956
12.6 956
12.6167 956
12.6333 957
12.65 957
12.6667 957
12.6833 957
12.7 957
12.7167 957
12.7333 957
12.75 957
12.7667 957
12.7833 957
12.8 957
12.8167 957
12.8333 957
12.85 957
12.8667 957
12.8833 956
12.9 956
12.9167 956
12.9333 956
12.95 956
12.9667 955
12.9833 955
13.0 955
13.0167 954
13.0333 954
13.05 954
13.0667 953
13.0833 953
13.1 953
13.1167 952
13.1333 952
13.15 951
13.1667 951
13.1833 950
13.2 950
13.2167 949
13.2333 949
13.25 948
13.2667 947
13.2833 947
13.3 946
13.3167 946
13.3333 945
13.35 944
13.3667 943
13.3833 943
13.4 942
13.4167 941
13.4333 940
13.45 940
13.4667 939
13.4833 938
13.5 937
13.5167 936
13.5333 935
13.55 934
13.5667 933
13.5833 932
13.6 931
13.6167 930
13.6333 929
13.65 928
13.6667 927
13.6833 926
13.7 925
13.7167 924
13.7333 923
13.75 922
13.7667 920
13.7833 919
13.8 918
13.8167 917
13.8333 916
13.85 914
13.8667 913
13.8833 912
13.9 910
13.9167 909
13.9333 908
13.95 906
13.9667 905
13.9833 903
14.0 902
14.0167 901
14.0333 899
14.05 898
14.0667 896
14.0833 895
14.1 893
14.1167 891
14.1333 890
14.15 888
14.1667 887
14.1833 885
14.2 883
14.2167 882
14.2333 880
14.25 878
14.2667 877
14.2833 875
14.3 873
14.3167 871
14.3333 869
14.35 868
14.3667 866
14.3833 864
14.4 862
14.4167 860
14.4333 858
14.45 856
14.4667 854
14.4833 852
14.5 850
14.5167 848
14.5333 846
14.55 844
14.5667 842
14.5833 840
14.6 838
14.6167 836
14.6333 834
14.65 832
14.6667 830
14.6833 828
14.7 825
14.7167 823
14.7333 821
14.75 819
14.7667 817
14.7833 814
14.8 812
14.8167 810
14.8333 807
14.85 805
14.8667 803
14.8833 800
14.9 798
14.9167 796
14.9333 793
14.95 791
14.9667 788
14.9833 786
15.0 783
15.0167 781
15.0333 778
15.05 776
15.0667 773
15.0833 770
15.1 768
15.1167 765
15.1333 763
15.15 760
15.1667 757
15.1833 755
15.2 752
15.2167 750
15.2333 747
15.25 744
15.2667 741
15.2833 739
15.3 736
15.3167 733
15.3333 730
15.35 728
15.3667 725
15.3833 722
15.4 719
15.4167 716
15.4333 714
15.45 711
15.4667 708
15.4833 705
15.5 702
15.5167 699
15.5333 696
15.55 693
15.5667 690
15.5833 687
15.6 684
15.6167 681
15.6333 678
15.65 675
15.6667 672
15.6833 669
15.7 666
15.7167 663
15.7333 660
15.75 657
15.7667 654
15.7833 651
15.8 647
15.8167 644
15.8333 641
15.85 638
15.8667 635
15.8833 632
15.9 628
15.9167 625
15.9333 622
15.95 619
15.9667 615
15.9833 612
16.0 609
16.0167 606
16.0333 602
16.05 599
16.0667 596
16.0833 592
16.1 589
16.1167 586
16.1333 582
16.15 579
16.1667 576
16.1833 572
16.2 569
16.2167 565
16.2333 562
16.25 558
16.2667 555
16.2833 552
16.3 548
16.3167 545
16.3333 541
16.35 538
16.3667 534
16.3833 531
16.4 527
16.4167 524
16.4333 520
16.45 517
16.4667 513
16.4833 510
16.5 506
16.5167 502
16.5333 499
16.55 495
16.5667 492
16.5833 488
16.6 484
16.6167 481
16.6333 477
16.65 474
16.6667 470
16.6833 466
16.7 463
16.7167 459
16.7333 455
16.75 452
16.7667 448
16.7833 444
16.8 441
16.8167 437
16.8333 433
16.85 430
16.8667 426
16.8833 422
16.9 419
16.9167 415
16.9333 411
16.95 407
16.9667 404
16.9833 400
