8.0 338
8.0167 342
8.0333 346
8.05 350
8.0667 354
8.0833 357
8.1 361
8.1167 365
8.1333 369
8.15 373
8.1667 377
8.1833 381
8.2 385
8.2167 389
8.2333 393
8.25 397
8.2667 400
8.2833 404
8.3 408
8.3167 412
8.3333 416
8.35 420
8.3667 424
8.3833 428
8.4 431
8.4167 435
8.4333 439
8.45 443
8.4667 447
8.4833 451
8.5 454
8.5167 458
8.5333 462
8.55 466
8.5667 470
8.5833 474
8.6 477
8.6167 481
8.6333 485
8.65 489
8.6667 492
8.6833 496
8.7 500
8.7167 504
8.7333 508
8.75 511
8.7667 515
8.7833 519
8.8 522
8.8167 526
8.8333 530
8.85 534
8.8667 537
8.8833 541
8.9 545
8.9167 548
8.9333 552
8.95 556
8.9667 559
8.9833 563
9.0 566
9.0167 570
9.0333 573
9.05 577
9.0667 581
9.0833 584
9.1 588
9.1167 591
9.1333 595
9.15 598
9.1667 602
9.1833 605
9.2 609
9.2167 613
9.2333 616
9.25 619
9.2667 623
9.2833 626
9.3 630
9.3167 633
9.3333 637
9.35 640
9.3667 644
9.3833 647
9.4 650
9.4167 654
9.4333 657
9.45 660
9.4667 664
9.4833 667
9.5 670
9.5167 674
9.5333 677
9.55 680
9.5667 684
9.5833 687
9.6 690
9.6167 693
9.6333 697
9.65 700
9.6667 703
9.6833 706
9.7 709
9.7167 713
9.7333 716
9.75 719
9.7667 722
9.7833 725
9.8 728
9.8167 731
9.8333 734
9.85 737
9.8667 740
9.8833 744
9.9 747
9.9167 750
9.9333 753
9.95 756
9.9667 759
9.9833 761
10.0 764
10.0167 767
10.0333 770
10.05 773
10.0667 776
10.0833 779
10.1 782
10.1167 785
10.1333 787
10.15 790
10.1667 793
10.1833 796
10.2 799
10.2167 801
10.2333 804
10.25 807
10.2667 810
10.2833 812
10.3 815
10.3167 818
10.3333 820
10.35 823
10.3667 826
10.3833 828
10.4 831
10.4167 833
10.4333 836
10.45 838
10.4667 841
10.4833 843
10.5 846
10.5167 848
10.5333 851
10.55 853
10.5667 856
10.5833 858
10.6 861
10.6167 863
10.6333 865
10.65 868
10.6667 870
10.6833 872
10.7 875
10.7167 877
10.7333 879
10.75 882
10.7667 884
10.7833 886
10.8 888
10.8167 890
10.8333 893
10.85 895
10.8667 897
10.8833 899
10.9 901
10.9167 903
10.9333 905
10.95 907
10.9667 910
10.9833 912
11.0 914
11.0167 916
11.0333 917
11.05 919
11.0667 921
11.0833 923
11.1 925
11.1167 927
11.1333 929
11.15 931
11.1667 933
11.1833 935
11.2 936
11.2167 938
11.2333 940
11.25 942
11.2667 943
11.2833 945
11.3 947
11.3167 948
11.3333 950
11.35 952
11.3667 953
11.3833 955
11.4 957
11.4167 958
11.4333 960
11.45 961
11.4667 963
11.4833 964
11.5 966
11.5167 967
11.5333 969
11.55 970
11.5667 971
11.5833 973
11.6 974
11.6167 976
11.6333 977
11.65 978
11.6667 980
11.6833 981
11.7 982
11.7167 983
11.7333 985
11.75 986
11.7667 987
11.7833 988
11.8 989
11.8167 990
11.8333 991
11.85 993
11.8667 994
11.8833 995
11.9 996
11.9167 997
11.9333 998
11.95 999
11.9667 1000
11.9833 1001
12.0 1002
12.0167 1002
12.0333 1003
12.05 1004
12.0667 1005
12.0833 1006
12.1 1007
12.1167 1007
12.1333 1008
12.15 1009
12.1667 1010
12.1833 1010
12.2 1011
12.2167 1012
12.2333 1012
12.25 1013
12.2667 1014
12.2833 1014
12.3 1015
12.3167 1015
12.3333 1016
12.35 1016
12.3667 1017
12.3833 1017
12.4 1018
12.4167 1018
12.4333 1019
12.45 1019
12.4667 1020
12.4833 1020
12.5 1020
12.5167 1021
12.5333 1021
12.55 1021
12.5667 1021
12.5833 1022
12.6 1022
12.6167 1022
12.6333 1022
12.65 1022
12.6667 1023
12.6833 1023
12.7 1023
12.7167 1023
12.7333 1023
12.75 1023
12.7667 1023
12.7833 1023
12.8 1023
12.8167 1023
12.8333 1023
12.85 1023
12.8667 1023
12.8833 1023
12.9 1023
12.9167 1022
12.9333 1022
12.95 1022
12.9667 1022
12.9833 1022
13.0 1021
13.0167 1021
13.0333 1021
13.05 1021
13.0667 1020
13.0833 1020
13.1 1020
13.1167 1019
13.1333 1019
13.15 1018
13.1667 1018
13.1833 1017
13.2 1017
13.2167 1016
13.2333 1016
13.25 1015
13.2667 1015
13.2833 1014
13.3 1014
13.3167 1013
13.3333 1012
13.35 1012
13.3667 1011
13.3833 1010
13.4 1010
13.4167 1009
13.4333 1008
13.45 1008
13.4667 1007
13.4833 1006
13.5 1005
13.5167 1004
13.5333 1003
13.55 1003
13.5667 1002
13.5833 1001
13.6 1000
13.6167 999
13.6333 998
13.65 997
13.6667 996
13.6833 995
13.7 994
13.7167 993
13.7333 992
13.75 990
13.7667 989
13.7833 988
13.8 987
13.8167 986
13.8333 985
13.85 983
13.8667 982
13.8833 981
13.9 980
13.9167 978
13.9333 977
13.95 976
13.9667 974
13.9833 973
14.0 972
14.0167 970
14.0333 969
14.05 967
14.0667 966
14.0833 964
14.1 963
14.1167 961
14.1333 960
14.15 958
14.1667 957
14.1833 955
14.2 954
14.2167 952
14.2333 950
14.25 949
14.2667 947
14.2833 945
14.3 944
14.3167 942
14.3333 940
14.35 938
14.3667 937
14.3833 935
14.4 933
14.4167 931
14.4333 929
14.45 927
14.4667 925
14.4833 924
14.5 922
14.5167 920
14.5333 918
14.55 916
14.5667 914
14.5833 912
14.6 910
14.6167 908
14.6333 906
14.65 904
14.6667 901
14.6833 899
14.7 897
14.7167 895
14.7333 893
14.75 891
14.7667 889
14.7833 886
14.8 884
14.8167 882
14.8333 880
14.85 877
14.8667 875
14.8833 873
14.9 870
14.9167 868
14.9333 866
14.95 863
14.9667 861
14.9833 859
15.0 856
15.0167 853
15.0333 851
15.05 848
15.0667 846
15.0833 843
15.1 841
15.1167 838
15.1333 836
15.15 833
15.1667 831
15.1833 828
15.2 826
15.2167 823
15.2333 820
15.25 818
15.2667 815
15.2833 812
15.3 810
15.3167 807
15.3333 804
15.35 801
15.3667 799
15.3833 796
15.4 793
15.4167 790
15.4333 787
15.45 785
15.4667 782
15.4833 779
15.5 776
15.5167 773
15.5333 770
15.55 767
15.5667 764
15.5833 761
15.6 759
15.6167 756
15.6333 753
15.65 750
15.6667 747
15.6833 744
15.7 740
15.7167 737
15.7333 734
15.75 731
15.7667 728
15.7833 725
15.8 722
15.8167 719
15.8333 716
15.85 713
15.8667 709
15.8833 706
15.9 703
15.9167 700
15.9333 697
15.95 693
15.9667 690
15.9833 687
16.0 684
16.0167 680
16.0333 677
16.05 674
16.0667 670
16.0833 667
16.1 664
16.1167 660
16.1333 657
16.15 654
16.1667 650
16.1833 647
16.2 644
16.2167 640
16.2333 637
16.25 633
16.2667 630
16.2833 626
16.3 623
16.3167 619
16.3333 616
16.35 613
16.3667 609
16.3833 606
16.4 602
16.4167 598
16.4333 595
16.45 591
16.4667 588
16.4833 584
16.5 581
16.5167 577
16.5333 573
16.55 570
16.5667 566
16.5833 563
16.6 559
16.6167 555
16.6333 552
16.65 548
16.6667 544
16.6833 541
16.7 537
16.7167 533
16.7333 530
16.75 526
16.7667 522
16.7833 518
16.8 515
16.8167 511
16.8333 507
16.85 503
16.8667 500
16.8833 496
16.9 492
16.9167 488
16.9333 485
16.95 481
16.9667 477
16.9833 473
