8.0 282
8.0167 286
8.0333 290
8.05 294
8.0667 297
8.0833 301
8.1 305
8.1167 309
8.1333 313
8.15 316
8.1667 320
8.1833 324
8.2 328
8.2167 332
8.2333 335
8.25 339
8.2667 343
8.2833 347
8.3 350
8.3167 354
8.3333 358
8.35 362
8.3667 366
8.3833 369
8.4 373
8.4167 377
8.4333 381
8.45 385
8.4667 388
8.4833 392
8.5 396
8.5167 400
8.5333 403
8.55 407
8.5667 411
8.5833 415
8.6 418
8.6167 422
8.6333 426
8.65 430
8.6667 433
8.6833 437
8.7 441
8.7167 444
8.7333 448
8.75 452
8.7667 455
8.7833 459
8.8 463
8.8167 467
8.8333 470
8.85 474
8.8667 477
8.8833 481
8.9 485
8.9167 488
8.9333 492
8.95 496
8.9667 499
8.9833 503
9.0 506
9.0167 510
9.0333 513
9.05 517
9.0667 520
9.0833 524
9.1 528
9.1167 531
9.1333 535
9.15 538
9.1667 542
9.1833 545
9.2 549
9.2167 552
9.2333 556
9.25 559
9.2667 562
9.2833 566
9.3 569
9.3167 573
9.3333 576
9.35 580
9.3667 583
9.3833 586
9.4 590
9.4167 593
9.4333 596
9.45 600
9.4667 603
9.4833 606
9.5 610
9.5167 613
9.5333 616
9.55 620
9.5667 623
9.5833 626
9.6 629
9.6167 633
9.6333 636
9.65 639
9.6667 642
9.6833 645
9.7 648
9.7167 652
9.7333 655
9.75 658
9.7667 661
9.7833 664
9.8 667
9.8167 670
9.8333 673
9.85 676
9.8667 679
9.8833 682
9.9 685
9.9167 688
9.9333 691
9.95 694
9.9667 697
9.9833 700
10.0 703
10.0167 706
10.0333 709
10.05 712
10.0667 715
10.0833 718
10.1 720
10.1167 723
10.1333 726
10.15 729
10.1667 732
10.1833 734
10.2 737
10.2167 740
10.2333 743
10.25 745
10.2667 748
10.2833 751
10.3 753
10.3167 756
10.3333 759
10.35 761
10.3667 764
10.3833 767
10.4 769
10.4167 772
10.4333 774
10.45 777
10.4667 779
10.4833 782
10.5 784
10.5167 787
10.5333 789
10.55 792
10.5667 794
10.5833 796
10.6 799
10.6167 801
10.6333 803
10.65 806
10.6667 808
10.6833 810
10.7 813
10.7167 815
10.7333 817
10.75 819
10.7667 822
10.7833 824
10.8 826
10.8167 828
10.8333 830
10.85 833
10.8667 835
10.8833 837
10.9 839
10.9167 841
10.9333 843
10.95 845
10.9667 847
10.9833 849
11.0 851
11.0167 853
11.0333 855
11.05 857
11.0667 859
11.0833 861
11.1 862
11.1167 864
11.1333 866
11.15 868
11.1667 870
11.1833 872
11.2 873
11.2167 875
11.2333 877
11.25 878
11.2667 880
11.2833 882
11.3 883
11.3167 885
11.3333 887
11.35 888
11.3667 890
11.3833 891
11.4 893
11.4167 895
11.4333 896
11.45 898
11.4667 899
11.4833 901
11.5 902
11.5167 903
11.5333 905
11.55 906
11.5667 907
11.5833 909
11.6 910
11.6167 911
11.6333 913
11.65 914
11.6667 915
11.6833 916
11.7 918
11.7167 919
11.7333 920
11.75 921
11.7667 922
11.7833 923
11.8 925
11.8167 926
11.8333 927
11.85 928
11.8667 929
11.8833 930
11.9 931
11.9167 932
11.9333 933
11.95 933
11.9667 934
11.9833 935
12.0 936
12.0167 937
12.0333 938
12.05 939
12.0667 939
12.0833 940
12.1 941
12.1167 942
12.1333 942
12.15 943
12.1667 944
12.1833 944
12.2 945
12.2167 946
12.2333 946
12.25 947
12.2667 947
12.2833 948
12.3 948
12.3167 949
12.3333 949
12.35 950
12.3667 950
12.3833 951
12.4 951
12.4167 951
12.4333 952
12.45 952
12.4667 952
12.4833 953
12.5 953
12.5167 953
12.5333 953
12.55 954
12.5667 954
12.5833 954
12.6 954
12.6167 954
12.6333 954
12.65 954
12.6667 954
12.6833 954
12.7 955
12.7167 955
12.7333 955
12.75 954
12.7667 954
12.7833 954
12.8 954
12.8167 954
12.8333 954
12.85 954
12.8667 954
12.8833 954
12.9 953
12.9167 953
12.9333 953
12.95 953
12.9667 952
12.9833 952
13.0 952
13.0167 951
13.0333 951
13.05 951
13.0667 950
13.0833 950
13.1 949
13.1167 949
13.1333 948
13.15 948
13.1667 947
13.1833 947
13.2 946
13.2167 946
13.2333 945
13.25 944
13.2667 944
13.2833 943
13.3 942
13.3167 942
13.3333 941
13.35 940
13.3667 939
13.3833 939
13.4 938
13.4167 937
13.4333 936
13.45 935
13.4667 934
13.4833 934
13.5 933
13.5167 932
13.5333 931
13.55 930
13.5667 929
13.5833 928
13.6 927
13.6167 926
13.6333 925
13.65 923
13.6667 922
13.6833 921
13.7 920
13.7167 919
13.7333 918
13.75 917
13.7667 915
13.7833 914
13.8 913
13.8167 912
13.8333 910
13.85 909
13.8667 908
13.8833 906
13.9 905
13.9167 903
13.9333 902
13.95 901
13.9667 899
13.9833 898
14.0 896
14.0167 895
14.0333 893
14.05 892
14.0667 890
14.0833 888
14.1 887
14.1167 885
14.1333 884
14.15 882
14.1667 880
14.1833 879
14.2 877
14.2167 875
14.2333 873
14.25 872
14.2667 870
14.2833 868
14.3 866
14.3167 864
14.3333 862
14.35 861
14.3667 859
14.3833 857
14.4 855
14.4167 853
14.4333 851
14.45 849
14.4667 847
14.4833 845
14.5 843
14.5167 841
14.5333 839
14.55 837
14.5667 835
14.5833 833
14.6 830
14.6167 828
14.6333 826
14.65 824
14.6667 822
14.6833 820
14.7 817
14.7167 815
14.7333 813
14.75 811
14.7667 808
14.7833 806
14.8 804
14.8167 801
14.8333 799
14.85 796
14.8667 794
14.8833 792
14.9 789
14.9167 787
14.9333 784
14.95 782
14.9667 779
14.9833 777
15.0 774
15.0167 771
15.0333 769
15.05 766
15.0667 763
15.0833 761
15.1 758
15.1167 756
15.1333 753
15.15 750
15.1667 748
15.1833 745
15.2 742
15.2167 739
15.2333 737
15.25 734
15.2667 731
15.2833 728
15.3 726
15.3167 723
15.3333 720
15.35 717
15.3667 714
15.3833 711
15.4 708
15.4167 706
15.4333 703
15.45 700
15.4667 697
15.4833 694
15.5 691
15.5167 688
15.5333 685
15.55 682
15.5667 679
15.5833 676
15.6 673
15.6167 670
15.6333 667
15.65 664
15.6667 660
15.6833 657
15.7 654
15.7167 651
15.7333 648
15.75 645
15.7667 642
15.7833 638
15.8 635
15.8167 632
15.8333 629
15.85 625
15.8667 622
15.8833 619
15.9 616
15.9167 612
15.9333 609
15.95 606
15.9667 602
15.9833 599
16.0 596
16.0167 592
16.0333 589
16.05 586
16.0667 582
16.0833 579
16.1 576
16.1167 572
16.1333 569
16.15 565
16.1667 562
16.1833 558
16.2 555
16.2167 551
16.2333 548
16.25 545
16.2667 541
16.2833 538
16.3 534
16.3167 530
16.3333 527
16.35 523
16.3667 520
16.3833 516
16.4 513
16.4167 509
16.4333 506
16.45 502
16.4667 498
16.4833 495
16.5 491
16.5167 487
16.5333 484
16.55 480
16.5667 477
16.5833 473
16.6 469
16.6167 466
16.6333 462
16.65 458
16.6667 455
16.6833 451
16.7 447
16.7167 443
16.7333 440
16.75 436
16.7667 432
16.7833 429
16.8 425
16.8167 421
16.8333 417
16.85 414
16.8667 410
16.8833 406
16.9 402
16.9167 399
16.9333 395
16.95 391
16.9667 387
16.9833 384
