8.0 311
8.0167 315
8.0333 318
8.05 322
8.0667 326
8.0833 329
8.1 333
8.1167 337
8.1333 341
8.15 344
8.1667 348
8.1833 352
8.2 355
8.2167 359
8.2333 363
8.25 367
8.2667 370
8.2833 374
8.3 378
8.3167 381
8.3333 385
8.35 389
8.3667 393
8.3833 396
8.4 400
8.4167 404
8.4333 407
8.45 411
8.4667 415
8.4833 418
8.5 422
8.5167 426
8.5333 429
8.55 433
8.5667 437
8.5833 440
8.6 444
8.6167 448
8.6333 451
8.65 455
8.6667 459
8.6833 462
8.7 466
8.7167 469
8.7333 473
8.75 477
8.7667 480
8.7833 484
8.8 487
8.8167 491
8.8333 495
8.85 498
8.8667 502
8.8833 505
8.9 509
8.9167 512
8.9333 516
8.95 520
8.9667 523
8.9833 527
9.0 530
9.0167 533
9.0333 537
9.05 540
9.0667 544
9.0833 547
9.1 551
9.1167 554
9.1333 558
9.15 561
9.1667 565
9.1833 568
9.2 571
9.2167 575
9.2333 578
9.25 582
9.2667 585
9.2833 588
9.3 592
9.3167 595
9.3333 598
9.35 602
9.3667 605
9.3833 608
9.4 612
9.4167 615
9.4333 618
9.45 621
9.4667 625
9.4833 628
9.5 631
9.5167 634
9.5333 638
9.55 641
9.5667 644
9.5833 647
9.6 650
9.6167 653
9.6333 657
9.65 660
9.6667 663
9.6833 666
9.7 669
9.7167 672
9.7333 675
9.75 678
9.7667 681
9.7833 684
9.8 687
9.8167 690
9.8333 693
9.85 696
9.8667 699
9.8833 702
9.9 705
9.9167 708
9.9333 711
9.95 714
9.9667 717
9.9833 720
10.0 723
10.0167 726
10.0333 729
10.05 731
10.0667 734
10.0833 737
10.1 740
10.1167 743
10.1333 745
10.15 748
10.1667 751
10.1833 754
10.2 756
10.2167 759
10.2333 762
10.25 764
10.2667 767
10.2833 770
10.3 772
10.3167 775
10.3333 778
10.35 780
10.3667 783
10.3833 785
10.4 788
10.4167 790
10.4333 793
10.45 795
10.4667 798
10.4833 800
10.5 803
10.5167 805
10.5333 808
10.55 810
10.5667 812
10.5833 815
10.6 817
10.6167 820
10.6333 822
10.65 824
10.6667 826
10.6833 829
10.7 831
10.7167 833
10.7333 836
10.75 838
10.7667 840
10.7833 842
10.8 844
10.8167 846
10.8333 849
10.85 851
10.8667 853
10.8833 855
10.9 857
10.9167 859
10.9333 861
10.95 863
10.9667 865
10.9833 867
11.0 869
11.0167 871
11.0333 873
11.05 875
11.0667 877
11.0833 879
11.1 881
11.1167 883
11.1333 884
11.15 886
11.1667 888
11.1833 890
11.2 892
11.2167 893
11.2333 895
11.25 897
11.2667 899
11.2833 900
11.3 902
11.3167 904
11.3333 905
11.35 907
11.3667 908
11.3833 910
11.4 912
11.4167 913
11.4333 915
11.45 916
11.4667 918
11.4833 919
11.5 921
11.5167 922
11.5333 923
11.55 925
11.5667 926
11.5833 928
11.6 929
11.6167 930
11.6333 932
11.65 933
11.6667 934
11.6833 935
11.7 937
11.7167 938
11.7333 939
11.75 940
11.7667 942
11.7833 943
11.8 944
11.8167 945
11.8333 946
11.85 947
11.8667 948
11.8833 949
11.9 950
11.9167 951
11.9333 952
11.95 953
11.9667 954
11.9833 955
12.0 956
12.0167 957
12.0333 958
12.05 959
12.0667 960
12.0833 960
12.1 961
12.1167 962
12.1333 963
12.15 963
12.1667 964
12.1833 965
12.2 966
12.2167 966
12.2333 967
12.25 968
12.2667 968
12.2833 969
12.3 969
12.3167 970
12.3333 970
12.35 971
12.3667 971
12.3833 972
12.4 972
12.4167 973
12.4333 973
12.45 974
12.4667 974
12.4833 974
12.5 975
12.5167 975
12.5333 975
12.55 976
12.5667 976
12.5833 976
12.6 976
12.6167 977
12.6333 977
12.65 977
12.6667 977
12.6833 977
12.7 977
12.7167 978
12.7333 978
12.75 978
12.7667 978
12.7833 978
12.8 978
12.8167 978
12.8333 978
12.85 978
12.8667 978
12.8833 977
12.9 977
12.9167 977
12.9333 977
12.95 977
12.9667 977
12.9833 976
13.0 976
13.0167 976
13.0333 976
13.05 975
13.0667 975
13.0833 975
13.1 974
13.1167 974
13.1333 974
13.15 973
13.1667 973
13.1833 973
13.2 972
13.2167 972
13.2333 971
13.25 971
13.2667 970
13.2833 969
13.3 969
13.3167 968
13.3333 968
13.35 967
13.3667 966
13.3833 966
13.4 965
13.4167 964
13.4333 964
13.45 963
13.4667 962
13.4833 961
13.5 961
13.5167 960
13.5333 959
13.55 958
13.5667 957
13.5833 956
13.6 955
13.6167 954
13.6333 954
13.65 953
13.6667 952
13.6833 951
13.7 950
13.7167 949
13.7333 947
13.75 946
13.7667 945
13.7833 944
13.8 943
13.8167 942
13.8333 941
13.85 940
13.8667 938
13.8833 937
13.9 936
13.9167 935
13.9333 933
13.95 932
13.9667 931
13.9833 929
14.0 928
14.0167 927
14.0333 925
14.05 924
14.0667 922
14.0833 921
14.1 920
14.1167 918
14.1333 917
14.15 915
14.1667 914
14.1833 912
14.2 910
14.2167 909
14.2333 907
14.25 906
14.2667 904
14.2833 902
14.3 901
14.3167 899
14.3333 897
14.35 896
14.3667 894
14.3833 892
14.4 890
14.4167 889
14.4333 887
14.45 885
14.4667 883
14.4833 881
14.5 879
14.5167 877
14.5333 876
14.55 874
14.5667 872
14.5833 870
14.6 868
14.6167 866
14.6333 864
14.65 862
14.6667 860
14.6833 858
14.7 856
14.7167 853
14.7333 851
14.75 849
14.7667 847
14.7833 845
14.8 843
14.8167 841
14.8333 838
14.85 836
14.8667 834
14.8833 832
14.9 829
14.9167 827
14.9333 825
14.95 823
14.9667 820
14.9833 818
15.0 815
15.0167 813
15.0333 811
15.05 808
15.0667 806
15.0833 803
15.1 801
15.1167 798
15.1333 796
15.15 793
15.1667 791
15.1833 788
15.2 786
15.2167 783
15.2333 781
15.25 778
15.2667 775
15.2833 773
15.3 770
15.3167 768
15.3333 765
15.35 762
15.3667 760
15.3833 757
15.4 754
15.4167 751
15.4333 749
15.45 746
15.4667 743
15.4833 740
15.5 738
15.5167 735
15.5333 732
15.55 729
15.5667 726
15.5833 723
15.6 721
15.6167 718
15.6333 715
15.65 712
15.6667 709
15.6833 706
15.7 703
15.7167 700
15.7333 697
15.75 694
15.7667 691
15.7833 688
15.8 685
15.8167 682
15.8333 679
15.85 676
15.8667 673
15.8833 670
15.9 667
15.9167 664
15.9333 660
15.95 657
15.9667 654
15.9833 651
16.0 648
16.0167 645
16.0333 641
16.05 638
16.0667 635
16.0833 632
16.1 629
16.1167 625
16.1333 622
16.15 619
16.1667 616
16.1833 612
16.2 609
16.2167 606
16.2333 602
16.25 599
16.2667 596
16.2833 592
16.3 589
16.3167 586
16.3333 582
16.35 579
16.3667 575
16.3833 572
16.4 569
16.4167 565
16.4333 562
16.45 558
16.4667 555
16.4833 551
16.5 548
16.5167 545
16.5333 541
16.55 538
16.5667 534
16.5833 531
16.6 527
16.6167 524
16.6333 520
16.65 516
16.6667 513
16.6833 509
16.7 506
16.7167 502
16.7333 499
16.75 495
16.7667 492
16.7833 488
16.8 484
16.8167 481
16.8333 477
16.85 474
16.8667 470
16.8833 466
16.9 463
16.9167 459
16.9333 455
16.95 452
16.9667 448
16.9833 444
