8.0 265
8.0167 269
8.0333 272
8.05 276
8.0667 280
8.0833 284
8.1 288
8.1167 291
8.1333 295
8.15 299
8.1667 303
8.1833 306
8.2 310
8.2167 314
8.2333 318
8.25 322
8.2667 325
8.2833 329
8.3 333
8.3167 337
8.3333 341
8.35 344
8.3667 348
8.3833 352
8.4 356
8.4167 359
8.4333 363
8.45 367
8.4667 371
8.4833 375
8.5 378
8.5167 382
8.5333 386
8.55 390
8.5667 393
8.5833 397
8.6 401
8.6167 405
8.6333 408
8.65 412
8.6667 416
8.6833 420
8.7 423
8.7167 427
8.7333 431
8.75 434
8.7667 438
8.7833 442
8.8 445
8.8167 449
8.8333 453
8.85 456
8.8667 460
8.8833 464
8.9 467
8.9167 471
8.9333 475
8.95 478
8.9667 482
8.9833 485
9.0 489
9.0167 492
9.0333 496
9.05 499
9.0667 503
9.0833 507
9.1 510
9.1167 514
9.1333 517
9.15 521
9.1667 524
9.1833 528
9.2 531
9.2167 535
9.2333 538
9.25 542
9.2667 545
9.2833 548
9.3 552
9.3167 555
9.3333 559
9.35 562
9.3667 565
9.3833 569
9.4 572
9.4167 576
9.4333 579
9.45 582
9.4667 586
9.4833 589
9.5 592
9.5167 595
9.5333 599
9.55 602
9.5667 605
9.5833 608
9.6 612
9.6167 615
9.6333 618
9.65 621
9.6667 624
9.6833 628
9.7 631
9.7167 634
9.7333 637
9.75 640
9.7667 643
9.7833 646
9.8 649
9.8167 652
9.8333 655
9.85 658
9.8667 661
9.8833 664
9.9 667
9.9167 670
9.9333 673
9.95 676
9.9667 679
9.9833 682
10.0 685
10.0167 688
10.0333 691
10.05 694
10.0667 697
10.0833 699
10.1 702
10.1167 705
10.1333 708
10.15 711
10.1667 713
10.1833 716
10.2 719
10.2167 722
10.2333 724
10.25 727
10.2667 730
10.2833 732
10.3 735
10.3167 737
10.3333 740
10.35 743
10.3667 745
10.3833 748
10.4 750
10.4167 753
10.4333 755
10.45 758
10.4667 760
10.4833 763
10.5 765
10.5167 768
10.5333 770
10.55 772
10.5667 775
10.5833 777
10.6 780
10.6167 782
10.6333 784
10.65 786
10.6667 789
10.6833 791
10.7 793
10.7167 795
10.7333 798
10.75 800
10.7667 802
10.7833 804
10.8 806
10.8167 808
10.8333 811
10.85 813
10.8667 815
10.8833 817
10.9 819
10.9167 821
10.9333 823
10.95 825
10.9667 827
10.9833 829
11.0 831
11.0167 833
11.0333 834
11.05 836
11.0667 838
11.0833 840
11.1 842
11.1167 844
11.1333 845
11.15 847
11.1667 849
11.1833 851
11.2 852
11.2167 854
11.2333 856
11.25 857
11.2667 859
11.2833 861
11.3 862
11.3167 864
11.3333 865
11.35 867
11.3667 868
11.3833 870
11.4 871
11.4167 873
11.4333 874
11.45 876
11.4667 877
11.4833 879
11.5 880
11.5167 881
11.5333 883
11.55 884
11.5667 885
11.5833 887
11.6 888
11.6167 889
11.6333 890
11.65 891
11.6667 893
11.6833 894
11.7 895
11.7167 896
11.7333 897
11.75 898
11.7667 899
11.7833 900
11.8 901
11.8167 902
11.8333 903
11.85 904
11.8667 905
11.8833 906
11.9 907
11.9167 908
11.9333 909
11.95 910
11.9667 910
11.9833 911
12.0 912
12.0167 913
12.0333 914
12.05 914
12.0667 915
12.0833 916
12.1 916
12.1167 917
12.1333 918
12.15 918
12.1667 919
12.1833 919
12.2 920
12.2167 920
12.2333 921
12.25 921
12.2667 922
12.2833 922
12.3 923
12.3167 923
12.3333 924
12.35 924
12.3667 924
12.3833 925
12.4 925
12.4167 925
12.4333 925
12.45 926
12.4667 926
12.4833 926
12.5 926
12.5167 926
12.5333 927
12.55 927
12.5667 927
12.5833 927
12.6 927
12.6167 927
12.6333 927
12.65 927
12.6667 927
12.6833 927
12.7 927
12.7167 927
12.7333 927
12.75 927
12.7667 926
12.7833 926
12.8 926
12.8167 926
12.8333 926
12.85 925
12.8667 925
12.8833 925
12.9 925
12.9167 924
12.9333 924
12.95 924
12.9667 923
12.9833 923
13.0 922
13.0167 922
13.0333 921
13.05 921
13.0667 920
13.0833 920
13.1 919
13.1167 919
13.1333 918
13.15 918
13.1667 917
13.1833 916
13.2 916
13.2167 915
13.2333 914
13.25 914
13.2667 913
13.2833 912
13.3 911
13.3167 911
13.3333 910
13.35 909
13.3667 908
13.3833 907
13.4 906
13.4167 905
13.4333 904
13.45 903
13.4667 902
13.4833 901
13.5 900
13.5167 899
13.5333 898
13.55 897
13.5667 896
13.5833 895
13.6 894
13.6167 893
13.6333 891
13.65 890
13.6667 889
13.6833 888
13.7 887
13.7167 885
13.7333 884
13.75 883
13.7667 881
13.7833 880
13.8 879
13.8167 877
13.8333 876
13.85 874
13.8667 873
13.8833 871
13.9 870
13.9167 868
13.9333 867
13.95 865
13.9667 864
13.9833 862
14.0 861
14.0167 859
14.0333 857
14.05 856
14.0667 854
14.0833 852
14.1 851
14.1167 849
14.1333 847
14.15 845
14.1667 844
14.1833 842
14.2 840
14.2167 838
14.2333 836
14.25 834
14.2667 833
14.2833 831
14.3 829
14.3167 827
14.3333 825
14.35 823
14.3667 821
14.3833 819
14.4 817
14.4167 815
14.4333 813
14.45 811
14.4667 809
14.4833 806
14.5 804
14.5167 802
14.5333 800
14.55 798
14.5667 796
14.5833 793
14.6 791
14.6167 789
14.6333 787
14.65 784
14.6667 782
14.6833 780
14.7 777
14.7167 775
14.7333 772
14.75 770
14.7667 768
14.7833 765
14.8 763
14.8167 760
14.8333 758
14.85 755
14.8667 753
14.8833 750
14.9 748
14.9167 745
14.9333 743
14.95 740
14.9667 737
14.9833 735
15.0 731
15.0167 729
15.0333 726
15.05 723
15.0667 721
15.0833 718
15.1 715
15.1167 712
15.1333 710
15.15 707
15.1667 704
15.1833 701
15.2 699
15.2167 696
15.2333 693
15.25 690
15.2667 687
15.2833 684
15.3 681
15.3167 678
15.3333 675
15.35 673
15.3667 670
15.3833 667
15.4 664
15.4167 661
15.4333 658
15.45 655
15.4667 651
15.4833 648
15.5 645
15.5167 642
15.5333 639
15.55 636
15.5667 633
15.5833 630
15.6 627
15.6167 623
15.6333 620
15.65 617
15.6667 614
15.6833 611
15.7 607
15.7167 604
15.7333 601
15.75 598
15.7667 594
15.7833 591
15.8 588
15.8167 585
15.8333 581
15.85 578
15.8667 575
15.8833 571
15.9 568
15.9167 565
15.9333 561
15.95 558
15.9667 554
15.9833 551
16.0 547
16.0167 544
16.0333 541
16.05 537
16.0667 534
16.0833 530
16.1 527
16.1167 523
16.1333 520
16.15 516
16.1667 513
16.1833 509
16.2 506
16.2167 502
16.2333 498
16.25 495
16.2667 491
16.2833 488
16.3 484
16.3167 481
16.3333 477
16.35 473
16.3667 470
16.3833 466
16.4 462
16.4167 459
16.4333 455
16.45 451
16.4667 448
16.4833 444
16.5 440
16.5167 437
16.5333 433
16.55 429
16.5667 426
16.5833 422
16.6 418
16.6167 415
16.6333 411
16.65 407
16.6667 403
16.6833 400
16.7 396
16.7167 392
16.7333 388
16.75 385
16.7667 381
16.7833 377
16.8 373
16.8167 370
16.8333 366
16.85 362
16.8667 358
16.8833 354
16.9 351
16.9167 347
16.9333 343
16.95 339
16.9667 335
16.9833 332
