8.0 247
8.0167 251
8.0333 254
8.05 258
8.0667 262
8.0833 265
8.1 269
8.1167 273
8.1333 277
8.15 280
8.1667 284
8.1833 288
8.2 292
8.2167 295
8.2333 299
8.25 303
8.2667 307
8.2833 310
8.3 314
8.3167 318
8.3333 322
8.35 325
8.3667 329
8.3833 333
8.4 337
8.4167 340
8.4333 344
8.45 348
8.4667 352
8.4833 355
8.5 359
8.5167 363
8.5333 367
8.55 370
8.5667 374
8.5833 378
8.6 381
8.6167 385
8.6333 389
8.65 393
8.6667 396
8.6833 400
8.7 404
8.7167 407
8.7333 411
8.75 415
8.7667 418
8.7833 422
8.8 426
8.8167 429
8.8333 433
8.85 437
8.8667 440
8.8833 444
8.9 447
8.9167 451
8.9333 455
8.95 458
8.9667 462
8.9833 465
9.0 469
9.0167 472
9.0333 475
9.05 479
9.0667 483
9.0833 486
9.1 490
9.1167 493
9.1333 497
9.15 500
9.1667 504
9.1833 507
9.2 510
9.2167 514
9.2333 517
9.25 521
9.2667 524
9.2833 528
9.3 531
9.3167 534
9.3333 538
9.35 541
9.3667 544
9.3833 548
9.4 551
9.4167 554
9.4333 558
9.45 561
9.4667 564
9.4833 567
9.5 571
9.5167 574
9.5333 577
9.55 580
9.5667 584
9.5833 587
9.6 590
9.6167 593
9.6333 596
9.65 599
9.6667 603
9.6833 606
9.7 609
9.7167 612
9.7333 615
9.75 618
9.7667 621
9.7833 624
9.8 627
9.8167 630
9.8333 633
9.85 636
9.8667 639
9.8833 642
9.9 645
9.9167 648
9.9333 651
9.95 654
9.9667 657
9.9833 659
10.0 662
10.0167 665
10.0333 668
10.05 671
10.0667 674
10.0833 676
10.1 679
10.1167 682
10.1333 685
10.15 687
10.1667 690
10.1833 693
10.2 695
10.2167 698
10.2333 701
10.25 703
10.2667 706
10.2833 709
10.3 711
10.3167 714
10.3333 716
10.35 719
10.3667 721
10.3833 724
10.4 726
10.4167 729
10.4333 731
10.45 734
10.4667 736
10.4833 738
10.5 741
10.5167 743
10.5333 746
10.55 748
10.5667 750
10.5833 753
10.6 755
10.6167 757
10.6333 759
10.65 762
10.6667 764
10.6833 766
10.7 768
10.7167 770
10.7333 772
10.75 775
10.7667 777
10.7833 779
10.8 781
10.8167 783
10.8333 785
10.85 787
10.8667 789
10.8833 791
10.9 793
10.9167 795
10.9333 797
10.95 799
10.9667 801
10.9833 803
11.0 804
11.0167 806
11.0333 808
11.05 810
11.0667 812
11.0833 813
11.1 815
11.1167 817
11.1333 819
11.15 820
11.1667 822
11.1833 824
11.2 825
11.2167 827
11.2333 828
11.25 830
11.2667 832
11.2833 833
11.3 835
11.3167 836
11.3333 838
11.35 839
11.3667 841
11.3833 842
11.4 843
11.4167 845
11.4333 846
11.45 848
11.4667 849
11.4833 850
11.5 851
11.5167 853
11.5333 854
11.55 855
11.5667 856
11.5833 858
11.6 859
11.6167 860
11.6333 861
11.65 862
11.6667 863
11.6833 864
11.7 865
11.7167 866
11.7333 868
11.75 868
11.7667 869
11.7833 870
11.8 871
11.8167 872
11.8333 873
11.85 874
11.8667 875
11.8833 876
11.9 877
11.9167 877
11.9333 878
11.95 879
11.9667 880
11.9833 880
12.0 881
12.0167 882
12.0333 882
12.05 883
12.0667 884
12.0833 884
12.1 885
12.1167 885
12.1333 886
12.15 886
12.1667 887
12.1833 887
12.2 888
12.2167 888
12.2333 889
12.25 889
12.2667 890
12.2833 890
12.3 890
12.3167 891
12.3333 891
12.35 891
12.3667 891
12.3833 892
12.4 892
12.4167 892
12.4333 892
12.45 892
12.4667 892
12.4833 893
12.5 893
12.5167 893
12.5333 893
12.55 893
12.5667 893
12.5833 893
12.6 893
12.6167 893
12.6333 893
12.65 893
12.6667 892
12.6833 892
12.7 892
12.7167 892
12.7333 892
12.75 892
12.7667 891
12.7833 891
12.8 891
12.8167 890
12.8333 890
12.85 890
12.8667 889
12.8833 889
12.9 889
12.9167 888
12.9333 888
12.95 887
12.9667 887
12.9833 886
13.0 886
13.0167 885
13.0333 885
13.05 884
13.0667 884
13.0833 883
13.1 882
13.1167 882
13.1333 881
13.15 880
13.1667 880
13.1833 879
13.2 878
13.2167 877
13.2333 876
13.25 876
13.2667 875
13.2833 874
13.3 873
13.3167 872
13.3333 871
13.35 870
13.3667 869
13.3833 868
13.4 867
13.4167 866
13.4333 865
13.45 864
13.4667 863
13.4833 862
13.5 861
13.5167 860
13.5333 859
13.55 857
13.5667 856
13.5833 855
13.6 854
13.6167 852
13.6333 851
13.65 850
13.6667 849
13.6833 847
13.7 846
13.7167 844
13.7333 843
13.75 842
13.7667 840
13.7833 839
13.8 837
13.8167 836
13.8333 834
13.85 833
13.8667 831
13.8833 830
13.9 828
13.9167 827
13.9333 825
13.95 823
13.9667 822
13.9833 820
14.0 818
14.0167 816
14.0333 815
14.05 813
14.0667 811
14.0833 809
14.1 808
14.1167 806
14.1333 804
14.15 802
14.1667 800
14.1833 798
14.2 796
14.2167 794
14.2333 793
14.25 791
14.2667 789
14.2833 787
14.3 785
14.3167 782
14.3333 780
14.35 778
14.3667 776
14.3833 774
14.4 772
14.4167 770
14.4333 768
14.45 766
14.4667 763
14.4833 761
14.5 759
14.5167 757
14.5333 754
14.55 752
14.5667 750
14.5833 747
14.6 745
14.6167 743
14.6333 740
14.65 738
14.6667 736
14.6833 733
14.7 731
14.7167 728
14.7333 726
14.75 723
14.7667 721
14.7833 718
14.8 716
14.8167 713
14.8333 711
14.85 708
14.8667 705
14.8833 703
14.9 700
14.9167 698
14.9333 695
14.95 692
14.9667 689
14.9833 687
15.0 683
15.0167 680
15.0333 678
15.05 675
15.0667 672
15.0833 669
15.1 666
15.1167 664
15.1333 661
15.15 658
15.1667 655
15.1833 652
15.2 649
15.2167 646
15.2333 643
15.25 640
15.2667 637
15.2833 634
15.3 631
15.3167 628
15.3333 625
15.35 622
15.3667 619
15.3833 616
15.4 613
15.4167 610
15.4333 607
15.45 604
15.4667 601
15.4833 598
15.5 595
15.5167 591
15.5333 588
15.55 585
15.5667 582
15.5833 579
15.6 575
15.6167 572
15.6333 569
15.65 566
15.6667 562
15.6833 559
15.7 556
15.7167 553
15.7333 549
15.75 546
15.7667 543
15.7833 539
15.8 536
15.8167 532
15.8333 529
15.85 526
15.8667 522
15.8833 519
15.9 515
15.9167 512
15.9333 509
15.95 505
15.9667 502
15.9833 498
16.0 495
16.0167 491
16.0333 488
16.05 484
16.0667 481
16.0833 477
16.1 474
16.1167 470
16.1333 467
16.15 463
16.1667 459
16.1833 456
16.2 452
16.2167 449
16.2333 445
16.25 441
16.2667 438
16.2833 434
16.3 431
16.3167 427
16.3333 423
16.35 420
16.3667 416
16.3833 412
16.4 409
16.4167 405
16.4333 401
16.45 398
16.4667 394
16.4833 390
16.5 387
16.5167 383
16.5333 379
16.55 375
16.5667 372
16.5833 368
16.6 364
16.6167 361
16.6333 357
16.65 353
16.6667 349
16.6833 346
16.7 342
16.7167 338
16.7333 334
16.75 331
16.7667 327
16.7833 323
16.8 319
16.8167 316
16.8333 312
16.85 308
16.8667 304
16.8833 301
16.9 297
16.9167 293
16.9333 289
16.95 286
16.9667 282
16.9833 278
