8.0 243
8.0167 247
8.0333 251
8.05 255
8.0667 259
8.0833 262
8.1 266
8.1167 270
8.1333 274
8.15 278
8.1667 282
8.1833 285
8.2 289
8.2167 293
8.2333 297
8.25 301
8.2667 305
8.2833 308
8.3 312
8.3167 316
8.3333 320
8.35 324
8.3667 327
8.3833 331
8.4 335
8.4167 339
8.4333 343
8.45 347
8.4667 350
8.4833 354
8.5 358
8.5167 362
8.5333 365
8.55 369
8.5667 373
8.5833 377
8.6 381
8.6167 384
8.6333 388
8.65 392
8.6667 396
8.6833 399
8.7 403
8.7167 407
8.7333 410
8.75 414
8.7667 418
8.7833 421
8.8 425
8.8167 429
8.8333 432
8.85 436
8.8667 440
8.8833 443
8.9 447
8.9167 451
8.9333 454
8.95 458
8.9667 461
8.9833 465
9.0 469
9.0167 472
9.0333 475
9.05 479
9.0667 482
9.0833 486
9.1 489
9.1167 493
9.1333 496
9.15 500
9.1667 503
9.1833 507
9.2 510
9.2167 514
9.2333 517
9.25 520
9.2667 524
9.2833 527
9.3 531
9.3167 534
9.3333 537
9.35 541
9.3667 544
9.3833 547
9.4 551
9.4167 554
9.4333 557
9.45 561
9.4667 564
9.4833 567
9.5 570
9.5167 574
9.5333 577
9.55 580
9.5667 583
9.5833 586
9.6 590
9.6167 593
9.6333 596
9.65 599
9.6667 602
9.6833 605
9.7 608
9.7167 611
9.7333 614
9.75 617
9.7667 621
9.7833 624
9.8 627
9.8167 630
9.8333 632
9.85 635
9.8667 638
9.8833 641
9.9 644
9.9167 647
9.9333 650
9.95 653
9.9667 656
9.9833 659
10.0 661
10.0167 664
10.0333 667
10.05 670
10.0667 673
10.0833 675
10.1 678
10.1167 681
10.1333 683
10.15 686
10.1667 689
10.1833 691
10.2 694
10.2167 697
10.2333 699
10.25 702
10.2667 704
10.2833 707
10.3 709
10.3167 712
10.3333 714
10.35 717
10.3667 719
10.3833 722
10.4 724
10.4167 727
10.4333 729
10.45 732
10.4667 734
10.4833 736
10.5 739
10.5167 741
10.5333 743
10.55 745
10.5667 748
10.5833 750
10.6 752
10.6167 754
10.6333 757
10.65 759
10.6667 761
10.6833 763
10.7 765
10.7167 767
10.7333 769
10.75 771
10.7667 774
10.7833 776
10.8 778
10.8167 780
10.8333 782
10.85 784
10.8667 785
10.8833 787
10.9 789
10.9167 791
10.9333 793
10.95 795
10.9667 797
10.9833 799
11.0 800
11.0167 802
11.0333 804
11.05 806
11.0667 807
11.0833 809
11.1 811
11.1167 812
11.1333 814
11.15 816
11.1667 817
11.1833 819
11.2 820
11.2167 822
11.2333 823
11.25 825
11.2667 826
11.2833 828
11.3 829
11.3167 831
11.3333 832
11.35 834
11.3667 835
11.3833 836
11.4 838
11.4167 839
11.4333 840
11.45 842
11.4667 843
11.4833 844
11.5 845
11.5167 846
11.5333 848
11.55 849
11.5667 850
11.5833 851
11.6 852
11.6167 853
11.6333 854
11.65 855
11.6667 856
11.6833 857
11.7 858
11.7167 859
11.7333 860
11.75 861
11.7667 862
11.7833 863
11.8 864
11.8167 865
11.8333 865
11.85 866
11.8667 867
11.8833 868
11.9 868
11.9167 869
11.9333 870
11.95 870
11.9667 871
11.9833 872
12.0 872
12.0167 873
12.0333 874
12.05 874
12.0667 875
12.0833 875
12.1 876
12.1167 876
12.1333 877
12.15 877
12.1667 877
12.1833 878
12.2 878
12.2167 878
12.2333 879
12.25 879
12.2667 879
12.2833 880
12.3 880
12.3167 880
12.3333 880
12.35 881
12.3667 881
12.3833 881
12.4 881
12.4167 881
12.4333 881
12.45 881
12.4667 881
12.4833 881
12.5 881
12.5167 881
12.5333 881
12.55 881
12.5667 881
12.5833 881
12.6 881
12.6167 881
12.6333 880
12.65 880
12.6667 880
12.6833 880
12.7 880
12.7167 879
12.7333 879
12.75 879
12.7667 878
12.7833 878
12.8 878
12.8167 877
12.8333 877
12.85 876
12.8667 876
12.8833 875
12.9 875
12.9167 874
12.9333 874
12.95 873
12.9667 873
12.9833 872
13.0 872
13.0167 871
13.0333 870
13.05 870
13.0667 869
13.0833 868
13.1 867
13.1167 867
13.1333 866
13.15 865
13.1667 864
13.1833 863
13.2 863
13.2167 862
13.2333 861
13.25 860
13.2667 859
13.2833 858
13.3 857
13.3167 856
13.3333 855
13.35 854
13.3667 853
13.3833 852
13.4 851
13.4167 849
13.4333 848
13.45 847
13.4667 846
13.4833 845
13.5 844
13.5167 842
13.5333 841
13.55 840
13.5667 838
13.5833 837
13.6 836
13.6167 834
13.6333 833
13.65 832
13.6667 830
13.6833 829
13.7 827
13.7167 826
13.7333 824
13.75 823
13.7667 821
13.7833 820
13.8 818
13.8167 817
13.8333 815
13.85 813
13.8667 812
13.8833 810
13.9 808
13.9167 807
13.9333 805
13.95 803
13.9667 801
13.9833 800
14.0 798
14.0167 796
14.0333 794
14.05 792
14.0667 790
14.0833 789
14.1 787
14.1167 785
14.1333 783
14.15 781
14.1667 779
14.1833 777
14.2 775
14.2167 773
14.2333 771
14.25 769
14.2667 767
14.2833 764
14.3 762
14.3167 760
14.3333 758
14.35 756
14.3667 754
14.3833 751
14.4 749
14.4167 747
14.4333 745
14.45 742
14.4667 740
14.4833 738
14.5 735
14.5167 733
14.5333 731
14.55 728
14.5667 726
14.5833 723
14.6 721
14.6167 719
14.6333 716
14.65 714
14.6667 711
14.6833 709
14.7 706
14.7167 703
14.7333 701
14.75 698
14.7667 696
14.7833 693
14.8 690
14.8167 688
14.8333 685
14.85 682
14.8667 680
14.8833 677
14.9 674
14.9167 671
14.9333 669
14.95 666
14.9667 663
14.9833 660
15.0 656
15.0167 654
15.0333 651
15.05 648
15.0667 645
15.0833 642
15.1 639
15.1167 636
15.1333 633
15.15 630
15.1667 627
15.1833 624
15.2 621
15.2167 618
15.2333 615
15.25 612
15.2667 609
15.2833 606
15.3 603
15.3167 600
15.3333 597
15.35 594
15.3667 590
15.3833 587
15.4 584
15.4167 581
15.4333 578
15.45 575
15.4667 571
15.4833 568
15.5 565
15.5167 562
15.5333 558
15.55 555
15.5667 552
15.5833 548
15.6 545
15.6167 542
15.6333 538
15.65 535
15.6667 532
15.6833 528
15.7 525
15.7167 522
15.7333 518
15.75 515
15.7667 511
15.7833 508
15.8 504
15.8167 501
15.8333 497
15.85 494
15.8667 490
15.8833 487
15.9 483
15.9167 480
15.9333 476
15.95 473
15.9667 469
15.9833 466
16.0 462
16.0167 458
16.0333 455
16.05 451
16.0667 448
16.0833 444
16.1 440
16.1167 437
16.1333 433
16.15 429
16.1667 426
16.1833 422
16.2 418
16.2167 415
16.2333 411
16.25 407
16.2667 404
16.2833 400
16.3 396
16.3167 392
16.3333 389
16.35 385
16.3667 381
16.3833 377
16.4 374
16.4167 370
16.4333 366
16.45 362
16.4667 359
16.4833 355
16.5 351
16.5167 347
16.5333 343
16.55 340
16.5667 336
16.5833 332
16.6 328
16.6167 324
16.6333 321
16.65 317
16.6667 313
16.6833 309
16.7 305
16.7167 302
16.7333 298
16.75 294
16.7667 290
16.7833 286
16.8 282
16.8167 279
16.8333 275
16.85 271
16.8667 267
16.8833 263
16.9 259
16.9167 256
16.9333 252
16.95 248
16.9667 244
16.9833 240
