8.0 225
8.0167 229
8.0333 233
8.05 236
8.0667 240
8.0833 244
8.1 248
8.1167 252
8.1333 256
8.15 260
8.1667 264
8.1833 267
8.2 271
8.2167 275
8.2333 279
8.25 283
8.2667 287
8.2833 290
8.3 294
8.3167 298
8.3333 302
8.35 306
8.3667 310
8.3833 313
8.4 317
8.4167 321
8.4333 325
8.45 329
8.4667 333
8.4833 336
8.5 340
8.5167 344
8.5333 348
8.55 351
8.5667 355
8.5833 359
8.6 363
8.6167 366
8.6333 370
8.65 374
8.6667 378
8.6833 381
8.7 385
8.7167 389
8.7333 392
8.75 396
8.7667 400
8.7833 403
8.8 407
8.8167 411
8.8333 414
8.85 418
8.8667 422
8.8833 425
8.9 429
8.9167 432
8.9333 436
8.95 439
8.9667 443
8.9833 447
9.0 450
9.0167 453
9.0333 456
9.05 460
9.0667 463
9.0833 467
9.1 470
9.1167 474
9.1333 477
9.15 481
9.1667 484
9.1833 487
9.2 491
9.2167 494
9.2333 498
9.25 501
9.2667 504
9.2833 508
9.3 511
9.3167 514
9.3333 518
9.35 521
9.3667 524
9.3833 527
9.4 531
9.4167 534
9.4333 537
9.45 540
9.4667 543
9.4833 547
9.5 550
9.5167 553
9.5333 556
9.55 559
9.5667 562
9.5833 565
9.6 569
9.6167 572
9.6333 575
9.65 578
9.6667 581
9.6833 584
9.7 587
9.7167 590
9.7333 593
9.75 596
9.7667 599
9.7833 602
9.8 605
9.8167 608
9.8333 610
9.85 613
9.8667 616
9.8833 619
9.9 622
9.9167 625
9.9333 627
9.95 630
9.9667 633
9.9833 636
10.0 638
10.0167 641
10.0333 644
10.05 647
10.0667 649
10.0833 652
10.1 655
10.1167 657
10.1333 660
10.15 662
10.1667 665
10.1833 668
10.2 670
10.2167 673
10.2333 675
10.25 678
10.2667 680
10.2833 683
10.3 685
10.3167 687
10.3333 690
10.35 692
10.3667 695
10.3833 697
10.4 699
10.4167 702
10.4333 704
10.45 706
10.4667 709
10.4833 711
10.5 713
10.5167 715
10.5333 717
10.55 720
10.5667 722
10.5833 724
10.6 726
10.6167 728
10.6333 730
10.65 732
10.6667 734
10.6833 737
10.7 739
10.7167 741
10.7333 743
10.75 745
10.7667 746
10.7833 748
10.8 750
10.8167 752
10.8333 754
10.85 756
10.8667 758
10.8833 760
10.9 761
10.9167 763
10.9333 765
10.95 767
10.9667 769
10.9833 770
11.0 772
11.0167 774
11.0333 775
11.05 777
11.0667 779
11.0833 780
11.1 782
11.1167 783
11.1333 785
11.15 786
11.1667 788
11.1833 789
11.2 791
11.2167 792
11.2333 794
11.25 795
11.2667 797
11.2833 798
11.3 799
11.3167 801
11.3333 802
11.35 803
11.3667 804
11.3833 806
11.4 807
11.4167 808
11.4333 809
11.45 811
11.4667 812
11.4833 813
11.5 814
11.5167 815
11.5333 816
11.55 817
11.5667 818
11.5833 819
11.6 820
11.6167 821
11.6333 822
11.65 823
11.6667 824
11.6833 825
11.7 826
11.7167 827
11.7333 828
11.75 828
11.7667 829
11.7833 830
11.8 831
11.8167 831
11.8333 832
11.85 833
11.8667 834
11.8833 834
11.9 835
11.9167 835
11.9333 836
11.95 837
11.9667 837
11.9833 838
12.0 838
12.0167 839
12.0333 839
12.05 840
12.0667 840
12.0833 841
12.1 841
12.1167 841
12.1333 842
12.15 842
12.1667 842
12.1833 843
12.2 843
12.2167 843
12.2333 843
12.25 844
12.2667 844
12.2833 844
12.3 844
12.3167 844
12.3333 844
12.35 844
12.3667 845
12.3833 845
12.4 845
12.4167 845
12.4333 845
12.45 845
12.4667 845
12.4833 844
12.5 844
12.5167 844
12.5333 844
12.55 844
12.5667 844
12.5833 844
12.6 843
12.6167 843
12.6333 843
12.65 843
12.6667 842
12.6833 842
12.7 842
12.7167 841
12.7333 841
12.75 841
12.7667 840
12.7833 840
12.8 839
12.8167 839
12.8333 838
12.85 838
12.8667 837
12.8833 837
12.9 836
12.9167 835
12.9333 835
12.95 834
12.9667 834
12.9833 833
13.0 832
13.0167 831
13.0333 831
13.05 830
13.0667 829
13.0833 828
13.1 828
13.1167 827
13.1333 826
13.15 825
13.1667 824
13.1833 823
13.2 822
13.2167 821
13.2333 820
13.25 819
13.2667 818
13.2833 817
13.3 816
13.3167 815
13.3333 814
13.35 813
13.3667 812
13.3833 811
13.4 809
13.4167 808
13.4333 807
13.45 806
13.4667 804
13.4833 803
13.5 802
13.5167 801
13.5333 799
13.55 798
13.5667 796
13.5833 795
13.6 794
13.6167 792
13.6333 791
13.65 789
13.6667 788
13.6833 786
13.7 785
13.7167 783
13.7333 782
13.75 780
13.7667 778
13.7833 777
13.8 775
13.8167 774
13.8333 772
13.85 770
13.8667 768
13.8833 767
13.9 765
13.9167 763
13.9333 761
13.95 760
13.9667 758
13.9833 756
14.0 754
14.0167 752
14.0333 750
14.05 748
14.0667 746
14.0833 744
14.1 742
14.1167 740
14.1333 738
14.15 736
14.1667 734
14.1833 732
14.2 730
14.2167 728
14.2333 726
14.25 724
14.2667 722
14.2833 720
14.3 717
14.3167 715
14.3333 713
14.35 711
14.3667 708
14.3833 706
14.4 704
14.4167 702
14.4333 699
14.45 697
14.4667 695
14.4833 692
14.5 690
14.5167 687
14.5333 685
14.55 682
14.5667 680
14.5833 678
14.6 675
14.6167 672
14.6333 670
14.65 667
14.6667 665
14.6833 662
14.7 660
14.7167 657
14.7333 654
14.75 652
14.7667 649
14.7833 646
14.8 644
14.8167 641
14.8333 638
14.85 636
14.8667 633
14.8833 630
14.9 627
14.9167 624
14.9333 622
14.95 619
14.9667 616
14.9833 613
15.0 609
15.0167 606
15.0333 604
15.05 601
15.0667 598
15.0833 595
15.1 592
15.1167 589
15.1333 586
15.15 583
15.1667 580
15.1833 577
15.2 574
15.2167 571
15.2333 568
15.25 564
15.2667 561
15.2833 558
15.3 555
15.3167 552
15.3333 549
15.35 546
15.3667 542
15.3833 539
15.4 536
15.4167 533
15.4333 530
15.45 526
15.4667 523
15.4833 520
15.5 516
15.5167 513
15.5333 510
15.55 506
15.5667 503
15.5833 500
15.6 496
15.6167 493
15.6333 490
15.65 486
15.6667 483
15.6833 479
15.7 476
15.7167 473
15.7333 469
15.75 466
15.7667 462
15.7833 459
15.8 455
15.8167 452
15.8333 448
15.85 445
15.8667 441
15.8833 438
15.9 434
15.9167 430
15.9333 427
15.95 423
15.9667 420
15.9833 416
16.0 412
16.0167 409
16.0333 405
16.05 401
16.0667 398
16.0833 394
16.1 390
16.1167 387
16.1333 383
16.15 379
16.1667 376
16.1833 372
16.2 368
16.2167 365
16.2333 361
16.25 357
16.2667 353
16.2833 350
16.3 346
16.3167 342
16.3333 338
16.35 334
16.3667 331
16.3833 327
16.4 323
16.4167 319
16.4333 316
16.45 312
16.4667 308
16.4833 304
16.5 300
16.5167 296
16.5333 293
16.55 289
16.5667 285
16.5833 281
16.6 277
16.6167 273
16.6333 269
16.65 266
16.6667 262
16.6833 258
16.7 254
16.7167 250
16.7333 246
16.75 242
16.7667 239
16.7833 235
16.8 231
16.8167 227
16.8333 223
16.85 219
16.8667 215
16.8833 211
16.9 208
16.9167 204
16.9333 200
16.95 196
16.9667 192
16.9833 188
