8.0 214
8.0167 217
8.0333 221
8.05 225
8.0667 228
8.0833 232
8.1 236
8.1167 240
8.1333 243
8.15 247
8.1667 251
8.1833 255
8.2 258
8.2167 262
8.2333 266
8.25 269
8.2667 273
8.2833 277
8.3 281
8.3167 284
8.3333 288
8.35 292
8.3667 296
8.3833 299
8.4 303
8.4167 307
8.4333 311
8.45 314
8.4667 318
8.4833 322
8.5 325
8.5167 329
8.5333 333
8.55 336
8.5667 340
8.5833 344
8.6 348
8.6167 351
8.6333 355
8.65 359
8.6667 362
8.6833 366
8.7 369
8.7167 373
8.7333 377
8.75 380
8.7667 384
8.7833 388
8.8 391
8.8167 395
8.8333 398
8.85 402
8.8667 406
8.8833 409
8.9 413
8.9167 416
8.9333 420
8.95 423
8.9667 427
8.9833 430
9.0 434
9.0167 436
9.0333 440
9.05 443
9.0667 447
9.0833 450
9.1 454
9.1167 457
9.1333 461
9.15 464
9.1667 467
9.1833 471
9.2 474
9.2167 478
9.2333 481
9.25 484
9.2667 488
9.2833 491
9.3 494
9.3167 498
9.3333 501
9.35 504
9.3667 507
9.3833 511
9.4 514
9.4167 517
9.4333 520
9.45 523
9.4667 527
9.4833 530
9.5 533
9.5167 536
9.5333 539
9.55 542
9.5667 546
9.5833 549
9.6 552
9.6167 555
9.6333 558
9.65 561
9.6667 564
9.6833 567
9.7 570
9.7167 573
9.7333 576
9.75 579
9.7667 582
9.7833 585
9.8 588
9.8167 591
9.8333 593
9.85 596
9.8667 599
9.8833 602
9.9 605
9.9167 608
9.9333 611
9.95 613
9.9667 616
9.9833 619
10.0 622
10.0167 624
10.0333 627
10.05 630
10.0667 632
10.0833 635
10.1 638
10.1167 640
10.1333 643
10.15 646
10.1667 648
10.1833 651
10.2 653
10.2167 656
10.2333 658
10.25 661
10.2667 663
10.2833 666
10.3 668
10.3167 671
10.3333 673
10.35 676
10.3667 678
10.3833 680
10.4 683
10.4167 685
10.4333 687
10.45 690
10.4667 692
10.4833 694
10.5 696
10.5167 699
10.5333 701
10.55 703
10.5667 705
10.5833 707
10.6 710
10.6167 712
10.6333 714
10.65 716
10.6667 718
10.6833 720
10.7 722
10.7167 724
10.7333 726
10.75 728
10.7667 730
10.7833 732
10.8 734
10.8167 736
10.8333 738
10.85 740
10.8667 741
10.8833 743
10.9 745
10.9167 747
10.9333 749
10.95 750
10.9667 752
10.9833 754
11.0 756
11.0167 757
11.0333 759
11.05 761
11.0667 762
11.0833 764
11.1 766
11.1167 767
11.1333 769
11.15 770
11.1667 772
11.1833 773
11.2 775
11.2167 776
11.2333 778
11.25 779
11.2667 781
11.2833 782
11.3 783
11.3167 785
11.3333 786
11.35 787
11.3667 789
11.3833 790
11.4 791
11.4167 792
11.4333 794
11.45 795
11.4667 796
11.4833 797
11.5 798
11.5167 799
11.5333 800
11.55 801
11.5667 803
11.5833 804
11.6 805
11.6167 806
11.6333 807
11.65 808
11.6667 808
11.6833 809
11.7 810
11.7167 811
11.7333 812
11.75 813
11.7667 814
11.7833 814
11.8 815
11.8167 816
11.8333 817
11.85 817
11.8667 818
11.8833 819
11.9 819
11.9167 820
11.9333 821
11.95 821
11.9667 822
11.9833 822
12.0 823
12.0167 823
12.0333 824
12.05 824
12.0667 825
12.0833 825
12.1 826
12.1167 826
12.1333 827
12.15 827
12.1667 827
12.1833 828
12.2 828
12.2167 828
12.2333 828
12.25 829
12.2667 829
12.2833 829
12.3 829
12.3167 829
12.3333 829
12.35 830
12.3667 830
12.3833 830
12.4 830
12.4167 830
12.4333 830
12.45 830
12.4667 830
12.4833 830
12.5 830
12.5167 829
12.5333 829
12.55 829
12.5667 829
12.5833 829
12.6 829
12.6167 828
12.6333 828
12.65 828
12.6667 828
12.6833 827
12.7 827
12.7167 827
12.7333 826
12.75 826
12.7667 826
12.7833 825
12.8 825
12.8167 824
12.8333 824
12.85 823
12.8667 823
12.8833 822
12.9 822
12.9167 821
12.9333 820
12.95 820
12.9667 819
12.9833 818
13.0 818
13.0167 817
13.0333 816
13.05 816
13.0667 815
13.0833 814
13.1 813
13.1167 812
13.1333 812
13.15 811
13.1667 810
13.1833 809
13.2 808
13.2167 807
13.2333 806
13.25 805
13.2667 804
13.2833 803
13.3 802
13.3167 801
13.3333 800
13.35 799
13.3667 798
13.3833 796
13.4 795
13.4167 794
13.4333 793
13.45 792
13.4667 790
13.4833 789
13.5 788
13.5167 787
13.5333 785
13.55 784
13.5667 783
13.5833 781
13.6 780
13.6167 778
13.6333 777
13.65 775
13.6667 774
13.6833 773
13.7 771
13.7167 769
13.7333 768
13.75 766
13.7667 765
13.7833 763
13.8 762
13.8167 760
13.8333 758
13.85 757
13.8667 755
13.8833 753
13.9 751
13.9167 750
13.9333 748
13.95 746
13.9667 744
13.9833 742
14.0 741
14.0167 739
14.0333 737
14.05 735
14.0667 733
14.0833 731
14.1 729
14.1167 727
14.1333 725
14.15 723
14.1667 721
14.1833 719
14.2 717
14.2167 715
14.2333 713
14.25 711
14.2667 708
14.2833 706
14.3 704
14.3167 702
14.3333 700
14.35 697
14.3667 695
14.3833 693
14.4 691
14.4167 688
14.4333 686
14.45 684
14.4667 681
14.4833 679
14.5 677
14.5167 674
14.5333 672
14.55 669
14.5667 667
14.5833 665
14.6 662
14.6167 660
14.6333 657
14.65 654
14.6667 652
14.6833 649
14.7 647
14.7167 644
14.7333 642
14.75 639
14.7667 636
14.7833 634
14.8 631
14.8167 628
14.8333 626
14.85 623
14.8667 620
14.8833 617
14.9 615
14.9167 612
14.9333 609
14.95 606
14.9667 603
14.9833 601
15.0 597
15.0167 594
15.0333 591
15.05 588
15.0667 585
15.0833 582
15.1 579
15.1167 576
15.1333 573
15.15 570
15.1667 567
15.1833 564
15.2 561
15.2167 558
15.2333 555
15.25 552
15.2667 549
15.2833 546
15.3 543
15.3167 540
15.3333 537
15.35 533
15.3667 530
15.3833 527
15.4 524
15.4167 521
15.4333 518
15.45 514
15.4667 511
15.4833 508
15.5 505
15.5167 501
15.5333 498
15.55 495
15.5667 491
15.5833 488
15.6 485
15.6167 481
15.6333 478
15.65 475
15.6667 471
15.6833 468
15.7 465
15.7167 461
15.7333 458
15.75 454
15.7667 451
15.7833 448
15.8 444
15.8167 441
15.8333 437
15.85 434
15.8667 430
15.8833 427
15.9 423
15.9167 420
15.9333 416
15.95 413
15.9667 409
15.9833 405
16.0 402
16.0167 398
16.0333 395
16.05 391
16.0667 388
16.0833 384
16.1 380
16.1167 377
16.1333 373
16.15 369
16.1667 366
16.1833 362
16.2 359
16.2167 355
16.2333 351
16.25 348
16.2667 344
16.2833 340
16.3 337
16.3167 333
16.3333 329
16.35 325
16.3667 322
16.3833 318
16.4 314
16.4167 311
16.4333 307
16.45 303
16.4667 300
16.4833 296
16.5 292
16.5167 288
16.5333 285
16.55 281
16.5667 277
16.5833 273
16.6 270
16.6167 266
16.6333 262
16.65 258
16.6667 255
16.6833 251
16.7 247
16.7167 244
16.7333 240
16.75 236
16.7667 232
16.7833 229
16.8 225
16.8167 221
16.8333 218
16.85 214
16.8667 210
16.8833 206
16.9 203
16.9167 199
16.9333 195
16.95 192
16.9667 188
16.9833 184
