8.0 229
8.0167 233
8.0333 237
8.05 241
8.0667 245
8.0833 249
8.1 253
8.1167 257
8.1333 260
8.15 264
8.1667 268
8.1833 272
8.2 276
8.2167 280
8.2333 284
8.25 287
8.2667 291
8.2833 295
8.3 299
8.3167 303
8.3333 307
8.35 311
8.3667 314
8.3833 318
8.4 322
8.4167 326
8.4333 330
8.45 333
8.4667 337
8.4833 341
8.5 345
8.5167 349
8.5333 352
8.55 356
8.5667 360
8.5833 364
8.6 367
8.6167 371
8.6333 375
8.65 379
8.6667 382
8.6833 386
8.7 390
8.7167 394
8.7333 397
8.75 401
8.7667 405
8.7833 408
8.8 412
8.8167 416
8.8333 419
8.85 423
8.8667 426
8.8833 430
8.9 434
8.9167 437
8.9333 441
8.95 444
8.9667 448
8.9833 452
9.0 455
9.0167 458
9.0333 461
9.05 465
9.0667 468
9.0833 472
9.1 475
9.1167 479
9.1333 482
9.15 486
9.1667 489
9.1833 493
9.2 496
9.2167 499
9.2333 503
9.25 506
9.2667 510
9.2833 513
9.3 516
9.3167 520
9.3333 523
9.35 526
9.3667 529
9.3833 533
9.4 536
9.4167 539
9.4333 542
9.45 546
9.4667 549
9.4833 552
9.5 555
9.5167 558
9.5333 562
9.55 565
9.5667 568
9.5833 571
9.6 574
9.6167 577
9.6333 580
9.65 583
9.6667 586
9.6833 589
9.7 592
9.7167 595
9.7333 598
9.75 601
9.7667 604
9.7833 607
9.8 610
9.8167 613
9.8333 616
9.85 619
9.8667 622
9.8833 625
9.9 628
9.9167 630
9.9333 633
9.95 636
9.9667 639
9.9833 642
10.0 644
10.0167 647
10.0333 650
10.05 652
10.0667 655
10.0833 658
10.1 661
10.1167 663
10.1333 666
10.15 668
10.1667 671
10.1833 674
10.2 676
10.2167 679
10.2333 681
10.25 684
10.2667 686
10.2833 689
10.3 691
10.3167 694
10.3333 696
10.35 698
10.3667 701
10.3833 703
10.4 706
10.4167 708
10.4333 710
10.45 712
10.4667 715
10.4833 717
10.5 719
10.5167 722
10.5333 724
10.55 726
10.5667 728
10.5833 730
10.6 732
10.6167 735
10.6333 737
10.65 739
10.6667 741
10.6833 743
10.7 745
10.7167 747
10.7333 749
10.75 751
10.7667 753
10.7833 755
10.8 757
10.8167 759
10.8333 761
10.85 763
10.8667 764
10.8833 766
10.9 768
10.9167 770
10.9333 772
10.95 773
10.9667 775
10.9833 777
11.0 779
11.0167 780
11.0333 782
11.05 784
11.0667 785
11.0833 787
11.1 788
11.1167 790
11.1333 792
11.15 793
11.1667 795
11.1833 796
11.2 798
11.2167 799
11.2333 800
11.25 802
11.2667 803
11.2833 805
11.3 806
11.3167 807
11.3333 809
11.35 810
11.3667 811
11.3833 813
11.4 814
11.4167 815
11.4333 816
11.45 817
11.4667 819
11.4833 820
11.5 821
11.5167 822
11.5333 823
11.55 824
11.5667 825
11.5833 826
11.6 827
11.6167 828
11.6333 829
11.65 830
11.6667 831
11.6833 832
11.7 833
11.7167 834
11.7333 835
11.75 835
11.7667 836
11.7833 837
11.8 838
11.8167 839
11.8333 839
11.85 840
11.8667 841
11.8833 841
11.9 842
11.9167 843
11.9333 843
11.95 844
11.9667 844
11.9833 845
12.0 845
12.0167 846
12.0333 846
12.05 847
12.0667 847
12.0833 848
12.1 848
12.1167 849
12.1333 849
12.15 849
12.1667 850
12.1833 850
12.2 850
12.2167 850
12.2333 851
12.25 851
12.2667 851
12.2833 851
12.3 851
12.3167 852
12.3333 852
12.35 852
12.3667 852
12.3833 852
12.4 852
12.4167 852
12.4333 852
12.45 852
12.4667 852
12.4833 852
12.5 852
12.5167 852
12.5333 852
12.55 851
12.5667 851
12.5833 851
12.6 851
12.6167 851
12.6333 850
12.65 850
12.6667 850
12.6833 849
12.7 849
12.7167 849
12.7333 848
12.75 848
12.7667 848
12.7833 847
12.8 847
12.8167 846
12.8333 846
12.85 845
12.8667 845
12.8833 844
12.9 844
12.9167 843
12.9333 842
12.95 842
12.9667 841
12.9833 840
13.0 840
13.0167 839
13.0333 838
13.05 837
13.0667 837
13.0833 836
13.1 835
13.1167 834
13.1333 833
13.15 832
13.1667 832
13.1833 831
13.2 830
13.2167 829
13.2333 828
13.25 827
13.2667 826
13.2833 825
13.3 824
13.3167 823
13.3333 821
13.35 820
13.3667 819
13.3833 818
13.4 817
13.4167 816
13.4333 814
13.45 813
13.4667 812
13.4833 811
13.5 809
13.5167 808
13.5333 807
13.55 805
13.5667 804
13.5833 803
13.6 801
13.6167 800
13.6333 798
13.65 797
13.6667 795
13.6833 794
13.7 792
13.7167 791
13.7333 789
13.75 788
13.7667 786
13.7833 784
13.8 783
13.8167 781
13.8333 779
13.85 778
13.8667 776
13.8833 774
13.9 773
13.9167 771
13.9333 769
13.95 767
13.9667 765
13.9833 763
14.0 762
14.0167 760
14.0333 758
14.05 756
14.0667 754
14.0833 752
14.1 750
14.1167 748
14.1333 746
14.15 744
14.1667 742
14.1833 740
14.2 738
14.2167 736
14.2333 734
14.25 731
14.2667 729
14.2833 727
14.3 725
14.3167 723
14.3333 720
14.35 718
14.3667 716
14.3833 714
14.4 711
14.4167 709
14.4333 707
14.45 704
14.4667 702
14.4833 700
14.5 697
14.5167 695
14.5333 692
14.55 690
14.5667 687
14.5833 685
14.6 682
14.6167 680
14.6333 677
14.65 675
14.6667 672
14.6833 670
14.7 667
14.7167 665
14.7333 662
14.75 659
14.7667 657
14.7833 654
14.8 651
14.8167 648
14.8333 646
14.85 643
14.8667 640
14.8833 637
14.9 635
14.9167 632
14.9333 629
14.95 626
14.9667 623
14.9833 621
15.0 617
15.0167 614
15.0333 611
15.05 608
15.0667 605
15.0833 602
15.1 599
15.1167 596
15.1333 593
15.15 590
15.1667 587
15.1833 584
15.2 581
15.2167 578
15.2333 575
15.25 572
15.2667 569
15.2833 565
15.3 562
15.3167 559
15.3333 556
15.35 553
15.3667 550
15.3833 546
15.4 543
15.4167 540
15.4333 537
15.45 533
15.4667 530
15.4833 527
15.5 524
15.5167 520
15.5333 517
15.55 514
15.5667 510
15.5833 507
15.6 504
15.6167 500
15.6333 497
15.65 493
15.6667 490
15.6833 487
15.7 483
15.7167 480
15.7333 476
15.75 473
15.7667 469
15.7833 466
15.8 462
15.8167 459
15.8333 455
15.85 452
15.8667 448
15.8833 445
15.9 441
15.9167 437
15.9333 434
15.95 430
15.9667 427
15.9833 423
16.0 419
16.0167 416
16.0333 412
16.05 408
16.0667 405
16.0833 401
16.1 397
16.1167 394
16.1333 390
16.15 386
16.1667 383
16.1833 379
16.2 375
16.2167 371
16.2333 368
16.25 364
16.2667 360
16.2833 356
16.3 353
16.3167 349
16.3333 345
16.35 341
16.3667 338
16.3833 334
16.4 330
16.4167 326
16.4333 322
16.45 319
16.4667 315
16.4833 311
16.5 307
16.5167 303
16.5333 299
16.55 296
16.5667 292
16.5833 288
16.6 284
16.6167 280
16.6333 276
16.65 272
16.6667 269
16.6833 265
16.7 261
16.7167 257
16.7333 253
16.75 249
16.7667 245
16.7833 242
16.8 238
16.8167 234
16.8333 230
16.85 226
16.8667 222
16.8833 218
16.9 215
16.9167 211
16.9333 207
16.95 203
16.9667 199
16.9833 195
