8.0 211
8.0167 215
8.0333 219
8.05 222
8.0667 226
8.0833 230
8.1 233
8.1167 237
8.1333 241
8.15 245
8.1667 248
8.1833 252
8.2 256
8.2167 260
8.2333 263
8.25 267
8.2667 271
8.2833 274
8.3 278
8.3167 282
8.3333 286
8.35 289
8.3667 293
8.3833 297
8.4 301
8.4167 304
8.4333 308
8.45 312
8.4667 315
8.4833 319
8.5 323
8.5167 326
8.5333 330
8.55 334
8.5667 338
8.5833 341
8.6 345
8.6167 349
8.6333 352
8.65 356
8.6667 359
8.6833 363
8.7 367
8.7167 370
8.7333 374
8.75 378
8.7667 381
8.7833 385
8.8 388
8.8167 392
8.8333 396
8.85 399
8.8667 403
8.8833 406
8.9 410
8.9167 413
8.9333 417
8.95 420
8.9667 424
8.9833 427
9.0 431
9.0167 434
9.0333 437
9.05 441
9.0667 444
9.0833 447
9.1 451
9.1167 454
9.1333 458
9.15 461
9.1667 465
9.1833 468
9.2 471
9.2167 475
9.2333 478
9.25 481
9.2667 485
9.2833 488
9.3 491
9.3167 495
9.3333 498
9.35 501
9.3667 504
9.3833 508
9.4 511
9.4167 514
9.4333 517
9.45 521
9.4667 524
9.4833 527
9.5 530
9.5167 533
9.5333 536
9.55 539
9.5667 543
9.5833 546
9.6 549
9.6167 552
9.6333 555
9.65 558
9.6667 561
9.6833 564
9.7 567
9.7167 570
9.7333 573
9.75 576
9.7667 579
9.7833 582
9.8 585
9.8167 588
9.8333 590
9.85 593
9.8667 596
9.8833 599
9.9 602
9.9167 605
9.9333 607
9.95 610
9.9667 613
9.9833 616
10.0 618
10.0167 621
10.0333 624
10.05 627
10.0667 629
10.0833 632
10.1 635
10.1167 637
10.1333 640
10.15 642
10.1667 645
10.1833 648
10.2 650
10.2167 653
10.2333 655
10.25 658
10.2667 660
10.2833 663
10.3 665
10.3167 667
10.3333 670
10.35 672
10.3667 675
10.3833 677
10.4 679
10.4167 682
10.4333 684
10.45 686
10.4667 689
10.4833 691
10.5 693
10.5167 695
10.5333 698
10.55 700
10.5667 702
10.5833 704
10.6 706
10.6167 708
10.6333 710
10.65 713
10.6667 715
10.6833 717
10.7 719
10.7167 721
10.7333 723
10.75 725
10.7667 727
10.7833 729
10.8 731
10.8167 732
10.8333 734
10.85 736
10.8667 738
10.8833 740
10.9 742
10.9167 744
10.9333 745
10.95 747
10.9667 749
10.9833 751
11.0 752
11.0167 754
11.0333 756
11.05 757
11.0667 759
11.0833 761
11.1 762
11.1167 764
11.1333 765
11.15 767
11.1667 768
11.1833 770
11.2 771
11.2167 773
11.2333 774
11.25 776
11.2667 777
11.2833 778
11.3 780
11.3167 781
11.3333 782
11.35 784
11.3667 785
11.3833 786
11.4 788
11.4167 789
11.4333 790
11.45 791
11.4667 792
11.4833 794
11.5 795
11.5167 796
11.5333 797
11.55 798
11.5667 799
11.5833 800
11.6 801
11.6167 802
11.6333 803
11.65 804
11.6667 805
11.6833 806
11.7 807
11.7167 808
11.7333 808
11.75 809
11.7667 810
11.7833 811
11.8 812
11.8167 812
11.8333 813
11.85 814
11.8667 815
11.8833 815
11.9 816
11.9167 816
11.9333 817
11.95 818
11.9667 818
11.9833 819
12.0 819
12.0167 820
12.0333 820
12.05 821
12.0667 821
12.0833 822
12.1 822
12.1167 822
12.1333 823
12.15 823
12.1667 824
12.1833 824
12.2 824
12.2167 824
12.2333 825
12.25 825
12.2667 825
12.2833 825
12.3 825
12.3167 826
12.3333 826
12.35 826
12.3667 826
12.3833 826
12.4 826
12.4167 826
12.4333 826
12.45 826
12.4667 826
12.4833 826
12.5 826
12.5167 826
12.5333 826
12.55 825
12.5667 825
12.5833 825
12.6 825
12.6167 825
12.6333 824
12.65 824
12.6667 824
12.6833 824
12.7 823
12.7167 823
12.7333 823
12.75 822
12.7667 822
12.7833 821
12.8 821
12.8167 820
12.8333 820
12.85 819
12.8667 819
12.8833 818
12.9 818
12.9167 817
12.9333 817
12.95 816
12.9667 815
12.9833 815
13.0 814
13.0167 813
13.0333 813
13.05 812
13.0667 811
13.0833 810
13.1 809
13.1167 809
13.1333 808
13.15 807
13.1667 806
13.1833 805
13.2 804
13.2167 803
13.2333 802
13.25 801
13.2667 800
13.2833 799
13.3 798
13.3167 797
13.3333 796
13.35 795
13.3667 794
13.3833 793
13.4 791
13.4167 790
13.4333 789
13.45 788
13.4667 787
13.4833 785
13.5 784
13.5167 783
13.5333 781
13.55 780
13.5667 779
13.5833 777
13.6 776
13.6167 774
13.6333 773
13.65 772
13.6667 770
13.6833 769
13.7 767
13.7167 766
13.7333 764
13.75 762
13.7667 761
13.7833 759
13.8 758
13.8167 756
13.8333 754
13.85 753
13.8667 751
13.8833 749
13.9 747
13.9167 746
13.9333 744
13.95 742
13.9667 740
13.9833 738
14.0 737
14.0167 735
14.0333 733
14.05 731
14.0667 729
14.0833 727
14.1 725
14.1167 723
14.1333 721
14.15 719
14.1667 717
14.1833 715
14.2 713
14.2167 711
14.2333 709
14.25 707
14.2667 705
14.2833 702
14.3 700
14.3167 698
14.3333 696
14.35 694
14.3667 691
14.3833 689
14.4 687
14.4167 684
14.4333 682
14.45 680
14.4667 677
14.4833 675
14.5 673
14.5167 670
14.5333 668
14.55 666
14.5667 663
14.5833 661
14.6 658
14.6167 656
14.6333 653
14.65 651
14.6667 648
14.6833 645
14.7 643
14.7167 640
14.7333 638
14.75 635
14.7667 632
14.7833 630
14.8 627
14.8167 624
14.8333 622
14.85 619
14.8667 616
14.8833 614
14.9 611
14.9167 608
14.9333 605
14.95 602
14.9667 600
14.9833 597
15.0 593
15.0167 590
15.0333 587
15.05 584
15.0667 581
15.0833 578
15.1 575
15.1167 572
15.1333 569
15.15 566
15.1667 563
15.1833 560
15.2 557
15.2167 554
15.2333 551
15.25 548
15.2667 545
15.2833 542
15.3 539
15.3167 536
15.3333 533
15.35 530
15.3667 526
15.3833 523
15.4 520
15.4167 517
15.4333 514
15.45 511
15.4667 507
15.4833 504
15.5 501
15.5167 498
15.5333 494
15.55 491
15.5667 488
15.5833 484
15.6 481
15.6167 478
15.6333 474
15.65 471
15.6667 468
15.6833 464
15.7 461
15.7167 457
15.7333 454
15.75 451
15.7667 447
15.7833 444
15.8 440
15.8167 437
15.8333 433
15.85 430
15.8667 426
15.8833 423
15.9 419
15.9167 416
15.9333 412
15.95 409
15.9667 405
15.9833 402
16.0 398
16.0167 395
16.0333 391
16.05 387
16.0667 384
16.0833 380
16.1 377
16.1167 373
16.1333 369
16.15 366
16.1667 362
16.1833 359
16.2 355
16.2167 351
16.2333 348
16.25 344
16.2667 340
16.2833 337
16.3 333
16.3167 329
16.3333 326
16.35 322
16.3667 318
16.3833 314
16.4 311
16.4167 307
16.4333 303
16.45 300
16.4667 296
16.4833 292
16.5 289
16.5167 285
16.5333 281
16.55 277
16.5667 274
16.5833 270
16.6 266
16.6167 262
16.6333 259
16.65 255
16.6667 251
16.6833 248
16.7 244
16.7167 240
16.7333 236
16.75 233
16.7667 229
16.7833 225
16.8 222
16.8167 218
16.8333 214
16.85 210
16.8667 207
16.8833 203
16.9 199
16.9167 196
16.9333 192
16.95 188
16.9667 185
16.9833 181
