8.0 241
8.0167 245
8.0333 249
8.05 252
8.0667 256
8.0833 260
8.1 264
8.1167 268
8.1333 272
8.15 276
8.1667 279
8.1833 283
8.2 287
8.2167 291
8.2333 295
8.25 299
8.2667 303
8.2833 306
8.3 310
8.3167 314
8.3333 318
8.35 322
8.3667 326
8.3833 329
8.4 333
8.4167 337
8.4333 341
8.45 345
8.4667 349
8.4833 352
8.5 356
8.5167 360
8.5333 364
8.55 367
8.5667 371
8.5833 375
8.6 379
8.6167 383
8.6333 386
8.65 390
8.6667 394
8.6833 398
8.7 401
8.7167 405
8.7333 409
8.75 412
8.7667 416
8.7833 420
8.8 423
8.8167 427
8.8333 431
8.85 434
8.8667 438
8.8833 442
8.9 445
8.9167 449
8.9333 453
8.95 456
8.9667 460
8.9833 463
9.0 467
9.0167 470
9.0333 473
9.05 477
9.0667 481
9.0833 484
9.1 488
9.1167 491
9.1333 495
9.15 498
9.1667 502
9.1833 505
9.2 508
9.2167 512
9.2333 515
9.25 519
9.2667 522
9.2833 525
9.3 529
9.3167 532
9.3333 536
9.35 539
9.3667 542
9.3833 546
9.4 549
9.4167 552
9.4333 555
9.45 559
9.4667 562
9.4833 565
9.5 568
9.5167 572
9.5333 575
9.55 578
9.5667 581
9.5833 584
9.6 588
9.6167 591
9.6333 594
9.65 597
9.6667 600
9.6833 603
9.7 606
9.7167 609
9.7333 612
9.75 615
9.7667 618
9.7833 621
9.8 624
9.8167 627
9.8333 630
9.85 633
9.8667 636
9.8833 639
9.9 642
9.9167 645
9.9333 648
9.95 650
9.9667 653
9.9833 656
10.0 659
10.0167 662
10.0333 664
10.05 667
10.0667 670
10.0833 673
10.1 675
10.1167 678
10.1333 681
10.15 683
10.1667 686
10.1833 689
10.2 691
10.2167 694
10.2333 697
10.25 699
10.2667 702
10.2833 704
10.3 707
10.3167 709
10.3333 712
10.35 714
10.3667 717
10.3833 719
10.4 721
10.4167 724
10.4333 726
10.45 729
10.4667 731
10.4833 733
10.5 735
10.5167 738
10.5333 740
10.55 742
10.5667 745
10.5833 747
10.6 749
10.6167 751
10.6333 753
10.65 755
10.6667 758
10.6833 760
10.7 762
10.7167 764
10.7333 766
10.75 768
10.7667 770
10.7833 772
10.8 774
10.8167 776
10.8333 778
10.85 780
10.8667 782
10.8833 784
10.9 786
10.9167 787
10.9333 789
10.95 791
10.9667 793
10.9833 795
11.0 796
11.0167 798
11.0333 800
11.05 802
11.0667 803
11.0833 805
11.1 807
11.1167 808
11.1333 810
11.15 811
11.1667 813
11.1833 815
11.2 816
11.2167 818
11.2333 819
11.25 821
11.2667 822
11.2833 824
11.3 825
11.3167 826
11.3333 828
11.35 829
11.3667 830
11.3833 832
11.4 833
11.4167 834
11.4333 836
11.45 837
11.4667 838
11.4833 839
11.5 840
11.5167 842
11.5333 843
11.55 844
11.5667 845
11.5833 846
11.6 847
11.6167 848
11.6333 849
11.65 850
11.6667 851
11.6833 852
11.7 853
11.7167 854
11.7333 855
11.75 856
11.7667 857
11.7833 858
11.8 858
11.8167 859
11.8333 860
11.85 861
11.8667 861
11.8833 862
11.9 863
11.9167 864
11.9333 864
11.95 865
11.9667 865
11.9833 866
12.0 867
12.0167 867
12.0333 868
12.05 868
12.0667 869
12.0833 869
12.1 870
12.1167 870
12.1333 871
12.15 871
12.1667 871
12.1833 872
12.2 872
12.2167 872
12.2333 873
12.25 873
12.2667 873
12.2833 873
12.3 874
12.3167 874
12.3333 874
12.35 874
12.3667 874
12.3833 874
12.4 874
12.4167 874
12.4333 875
12.45 875
12.4667 875
12.4833 875
12.5 875
12.5167 874
12.5333 874
12.55 874
12.5667 874
12.5833 874
12.6 874
12.6167 874
12.6333 873
12.65 873
12.6667 873
12.6833 873
12.7 872
12.7167 872
12.7333 872
12.75 871
12.7667 871
12.7833 871
12.8 870
12.8167 870
12.8333 869
12.85 869
12.8667 868
12.8833 868
12.9 867
12.9167 867
12.9333 866
12.95 866
12.9667 865
12.9833 864
13.0 864
13.0167 863
13.0333 862
13.05 862
13.0667 861
13.0833 860
13.1 859
13.1167 859
13.1333 858
13.15 857
13.1667 856
13.1833 855
13.2 854
13.2167 854
13.2333 853
13.25 852
13.2667 851
13.2833 850
13.3 849
13.3167 848
13.3333 847
13.35 845
13.3667 844
13.3833 843
13.4 842
13.4167 841
13.4333 840
13.45 839
13.4667 837
13.4833 836
13.5 835
13.5167 834
13.5333 832
13.55 831
13.5667 830
13.5833 828
13.6 827
13.6167 826
13.6333 824
13.65 823
13.6667 821
13.6833 820
13.7 818
13.7167 817
13.7333 815
13.75 814
13.7667 812
13.7833 811
13.8 809
13.8167 807
13.8333 806
13.85 804
13.8667 802
13.8833 801
13.9 799
13.9167 797
13.9333 795
13.95 794
13.9667 792
13.9833 790
14.0 788
14.0167 786
14.0333 784
14.05 783
14.0667 781
14.0833 779
14.1 777
14.1167 775
14.1333 773
14.15 771
14.1667 769
14.1833 767
14.2 765
14.2167 763
14.2333 761
14.25 759
14.2667 756
14.2833 754
14.3 752
14.3167 750
14.3333 748
14.35 745
14.3667 743
14.3833 741
14.4 739
14.4167 736
14.4333 734
14.45 732
14.4667 729
14.4833 727
14.5 725
14.5167 722
14.5333 720
14.55 718
14.5667 715
14.5833 713
14.6 710
14.6167 708
14.6333 705
14.65 703
14.6667 700
14.6833 698
14.7 695
14.7167 692
14.7333 690
14.75 687
14.7667 685
14.7833 682
14.8 679
14.8167 677
14.8333 674
14.85 671
14.8667 668
14.8833 666
14.9 663
14.9167 660
14.9333 657
14.95 654
14.9667 652
14.9833 649
15.0 645
15.0167 642
15.0333 639
15.05 636
15.0667 633
15.0833 630
15.1 627
15.1167 624
15.1333 621
15.15 618
15.1667 615
15.1833 612
15.2 609
15.2167 606
15.2333 603
15.25 600
15.2667 597
15.2833 594
15.3 591
15.3167 588
15.3333 585
15.35 581
15.3667 578
15.3833 575
15.4 572
15.4167 569
15.4333 565
15.45 562
15.4667 559
15.4833 556
15.5 552
15.5167 549
15.5333 546
15.55 543
15.5667 539
15.5833 536
15.6 533
15.6167 529
15.6333 526
15.65 522
15.6667 519
15.6833 516
15.7 512
15.7167 509
15.7333 505
15.75 502
15.7667 498
15.7833 495
15.8 491
15.8167 488
15.8333 484
15.85 481
15.8667 477
15.8833 474
15.9 470
15.9167 467
15.9333 463
15.95 460
15.9667 456
15.9833 452
16.0 449
16.0167 445
16.0333 442
16.05 438
16.0667 434
16.0833 431
16.1 427
16.1167 423
16.1333 420
16.15 416
16.1667 412
16.1833 409
16.2 405
16.2167 401
16.2333 397
16.25 394
16.2667 390
16.2833 386
16.3 382
16.3167 379
16.3333 375
16.35 371
16.3667 367
16.3833 364
16.4 360
16.4167 356
16.4333 352
16.45 348
16.4667 345
16.4833 341
16.5 337
16.5167 333
16.5333 329
16.55 325
16.5667 322
16.5833 318
16.6 314
16.6167 310
16.6333 306
16.65 302
16.6667 299
16.6833 295
16.7 291
16.7167 287
16.7333 283
16.75 279
16.7667 276
16.7833 272
16.8 268
16.8167 264
16.8333 260
16.85 256
16.8667 252
16.8833 249
16.9 245
16.9167 241
16.9333 237
16.95 233
16.9667 229
16.9833 226
