8.0 172
8.0167 176
8.0333 179
8.05 183
8.0667 186
8.0833 190
8.1 193
8.1167 197
8.1333 200
8.15 204
8.1667 207
8.1833 211
8.2 214
8.2167 218
8.2333 222
8.25 225
8.2667 229
8.2833 232
8.3 236
8.3167 239
8.3333 243
8.35 246
8.3667 250
8.3833 254
8.4 257
8.4167 261
8.4333 264
8.45 268
8.4667 271
8.4833 275
8.5 279
8.5167 282
8.5333 286
8.55 289
8.5667 293
8.5833 296
8.6 300
8.6167 303
8.6333 307
8.65 310
8.6667 314
8.6833 317
8.7 321
8.7167 325
8.7333 328
8.75 332
8.7667 335
8.7833 338
8.8 342
8.8167 345
8.8333 349
8.85 352
8.8667 356
8.8833 359
8.9 363
8.9167 366
8.9333 370
8.95 373
8.9667 376
8.9833 380
9.0 383
9.0167 386
9.0333 389
9.05 392
9.0667 396
9.0833 399
9.1 403
9.1167 406
9.1333 409
9.15 412
9.1667 416
9.1833 419
9.2 422
9.2167 426
9.2333 429
9.25 432
9.2667 435
9.2833 439
9.3 442
9.3167 445
9.3333 448
9.35 451
9.3667 455
9.3833 458
9.4 461
9.4167 464
9.4333 467
9.45 470
9.4667 473
9.4833 476
9.5 480
9.5167 483
9.5333 486
9.55 489
9.5667 492
9.5833 495
9.6 498
9.6167 501
9.6333 504
9.65 507
9.6667 510
9.6833 513
9.7 516
9.7167 518
9.7333 521
9.75 524
9.7667 527
9.7833 530
9.8 533
9.8167 536
9.8333 538
9.85 541
9.8667 544
9.8833 547
9.9 550
9.9167 552
9.9333 555
9.95 558
9.9667 560
9.9833 563
10.0 566
10.0167 569
10.0333 571
10.05 574
10.0667 576
10.0833 579
10.1 582
10.1167 584
10.1333 587
10.15 589
10.1667 592
10.1833 594
10.2 597
10.2167 599
10.2333 602
10.25 604
10.2667 607
10.2833 609
10.3 611
10.3167 614
10.3333 616
10.35 618
10.3667 621
10.3833 623
10.4 625
10.4167 628
10.4333 630
10.45 632
10.4667 634
10.4833 637
10.5 639
10.5167 641
10.5333 643
10.55 645
10.5667 647
10.5833 649
10.6 652
10.6167 654
10.6333 656
10.65 658
10.6667 660
10.6833 662
10.7 664
10.7167 666
10.7333 668
10.75 670
10.7667 672
10.7833 673
10.8 675
10.8167 677
10.8333 679
10.85 681
10.8667 683
10.8833 684
10.9 686
10.9167 688
10.9333 690
10.95 691
10.9667 693
10.9833 695
11.0 697
11.0167 698
11.0333 700
11.05 701
11.0667 703
11.0833 705
11.1 706
11.1167 708
11.1333 709
11.15 711
11.1667 712
11.1833 714
11.2 715
11.2167 717
11.2333 718
11.25 719
11.2667 721
11.2833 722
11.3 723
11.3167 725
11.3333 726
11.35 727
11.3667 728
11.3833 730
11.4 731
11.4167 732
11.4333 733
11.45 734
11.4667 736
11.4833 737
11.5 738
11.5167 739
11.5333 740
11.55 741
11.5667 742
11.5833 743
11.6 744
11.6167 745
11.6333 746
11.65 747
11.6667 748
11.6833 749
11.7 750
11.7167 750
11.7333 751
11.75 752
11.7667 753
11.7833 754
11.8 754
11.8167 755
11.8333 756
11.85 756
11.8667 757
11.8833 758
11.9 758
11.9167 759
11.9333 760
11.95 760
11.9667 761
11.9833 761
12.0 762
12.0167 762
12.0333 763
12.05 763
12.0667 764
12.0833 764
12.1 764
12.1167 765
12.1333 765
12.15 765
12.1667 766
12.1833 766
12.2 766
12.2167 767
12.2333 767
12.25 767
12.2667 767
12.2833 767
12.3 768
12.3167 768
12.3333 768
12.35 768
12.3667 768
12.3833 768
12.4 768
12.4167 768
12.4333 768
12.45 768
12.4667 768
12.4833 768
12.5 768
12.5167 768
12.5333 768
12.55 767
12.5667 767
12.5833 767
12.6 767
12.6167 767
12.6333 766
12.65 766
12.6667 766
12.6833 765
12.7 765
12.7167 765
12.7333 764
12.75 764
12.7667 764
12.7833 763
12.8 763
12.8167 762
12.8333 762
12.85 761
12.8667 761
12.8833 760
12.9 760
12.9167 759
12.9333 758
12.95 758
12.9667 757
12.9833 756
13.0 756
13.0167 755
13.0333 754
13.05 754
13.0667 753
13.0833 752
13.1 751
13.1167 750
13.1333 749
13.15 749
13.1667 748
13.1833 747
13.2 746
13.2167 745
13.2333 744
13.25 743
13.2667 742
13.2833 741
13.3 740
13.3167 739
13.3333 738
13.35 737
13.3667 736
13.3833 734
13.4 733
13.4167 732
13.4333 731
13.45 730
13.4667 728
13.4833 727
13.5 726
13.5167 725
13.5333 723
13.55 722
13.5667 721
13.5833 719
13.6 718
13.6167 716
13.6333 715
13.65 714
13.6667 712
13.6833 711
13.7 709
13.7167 708
13.7333 706
13.75 705
13.7667 703
13.7833 701
13.8 700
13.8167 698
13.8333 697
13.85 695
13.8667 693
13.8833 691
13.9 690
13.9167 688
13.9333 686
13.95 684
13.9667 683
13.9833 681
14.0 679
14.0167 677
14.0333 675
14.05 673
14.0667 672
14.0833 670
14.1 668
14.1167 666
14.1333 664
14.15 662
14.1667 660
14.1833 658
14.2 656
14.2167 654
14.2333 652
14.25 649
14.2667 647
14.2833 645
14.3 643
14.3167 641
14.3333 639
14.35 637
14.3667 634
14.3833 632
14.4 630
14.4167 628
14.4333 625
14.45 623
14.4667 621
14.4833 618
14.5 616
14.5167 614
14.5333 611
14.55 609
14.5667 606
14.5833 604
14.6 602
14.6167 599
14.6333 597
14.65 594
14.6667 592
14.6833 589
14.7 587
14.7167 584
14.7333 582
14.75 579
14.7667 576
14.7833 574
14.8 571
14.8167 568
14.8333 566
14.85 563
14.8667 560
14.8833 558
14.9 555
14.9167 552
14.9333 550
14.95 547
14.9667 544
14.9833 541
15.0 538
15.0167 535
15.0333 532
15.05 529
15.0667 526
15.0833 523
15.1 520
15.1167 518
15.1333 515
15.15 512
15.1667 509
15.1833 506
15.2 503
15.2167 500
15.2333 497
15.25 494
15.2667 491
15.2833 488
15.3 485
15.3167 482
15.3333 479
15.35 476
15.3667 472
15.3833 469
15.4 466
15.4167 463
15.4333 460
15.45 457
15.4667 454
15.4833 451
15.5 447
15.5167 444
15.5333 441
15.55 438
15.5667 434
15.5833 431
15.6 428
15.6167 425
15.6333 421
15.65 418
15.6667 415
15.6833 412
15.7 408
15.7167 405
15.7333 402
15.75 398
15.7667 395
15.7833 392
15.8 388
15.8167 385
15.8333 382
15.85 378
15.8667 375
15.8833 371
15.9 368
15.9167 364
15.9333 361
15.95 358
15.9667 354
15.9833 351
16.0 347
16.0167 344
16.0333 340
16.05 337
16.0667 333
16.0833 330
16.1 326
16.1167 323
16.1333 319
16.15 316
16.1667 312
16.1833 309
16.2 305
16.2167 302
16.2333 298
16.25 295
16.2667 291
16.2833 288
16.3 284
16.3167 281
16.3333 277
16.35 273
16.3667 270
16.3833 266
16.4 263
16.4167 259
16.4333 256
16.45 252
16.4667 249
16.4833 245
16.5 241
16.5167 238
16.5333 234
16.55 231
16.5667 227
16.5833 224
16.6 220
16.6167 216
16.6333 213
16.65 209
16.6667 206
16.6833 202
16.7 199
16.7167 195
16.7333 192
16.75 188
16.7667 185
16.7833 181
16.8 178
16.8167 174
16.8333 171
16.85 167
16.8667 164
16.8833 160
16.9 157
16.9167 153
16.9333 150
16.95 147
16.9667 143
16.9833 140
