8.0 138
8.0167 142
8.0333 145
8.05 149
8.0667 152
8.0833 155
8.1 159
8.1167 162
8.1333 166
8.15 169
8.1667 173
8.1833 176
8.2 180
8.2167 183
8.2333 187
8.25 190
8.2667 194
8.2833 197
8.3 201
8.3167 204
8.3333 208
8.35 211
8.3667 215
8.3833 218
8.4 222
8.4167 225
8.4333 229
8.45 232
8.4667 236
8.4833 239
8.5 243
8.5167 246
8.5333 250
8.55 253
8.5667 257
8.5833 260
8.6 264
8.6167 267
8.6333 271
8.65 274
8.6667 278
8.6833 281
8.7 285
8.7167 288
8.7333 292
8.75 295
8.7667 299
8.7833 302
8.8 306
8.8167 309
8.8333 313
8.85 316
8.8667 319
8.8833 323
8.9 326
8.9167 330
8.9333 333
8.95 336
8.9667 340
8.9833 343
9.0 347
9.0167 349
9.0333 352
9.05 356
9.0667 359
9.0833 362
9.1 366
9.1167 369
9.1333 372
9.15 376
9.1667 379
9.1833 382
9.2 385
9.2167 389
9.2333 392
9.25 395
9.2667 398
9.2833 402
9.3 405
9.3167 408
9.3333 411
9.35 414
9.3667 418
9.3833 421
9.4 424
9.4167 427
9.4333 430
9.45 433
9.4667 436
9.4833 439
9.5 442
9.5167 446
9.5333 449
9.55 452
9.5667 455
9.5833 458
9.6 461
9.6167 464
9.6333 467
9.65 470
9.6667 473
9.6833 475
9.7 478
9.7167 481
9.7333 484
9.75 487
9.7667 490
9.7833 493
9.8 496
9.8167 499
9.8333 501
9.85 504
9.8667 507
9.8833 510
9.9 512
9.9167 515
9.9333 518
9.95 521
9.9667 523
9.9833 526
10.0 529
10.0167 531
10.0333 534
10.05 537
10.0667 539
10.0833 542
10.1 544
10.1167 547
10.1333 550
10.15 552
10.1667 555
10.1833 557
10.2 560
10.2167 562
10.2333 565
10.25 567
10.2667 570
10.2833 572
10.3 574
10.3167 577
10.3333 579
10.35 581
10.3667 584
10.3833 586
10.4 588
10.4167 591
10.4333 593
10.45 595
10.4667 597
10.4833 600
10.5 602
10.5167 604
10.5333 606
10.55 608
10.5667 611
10.5833 613
10.6 615
10.6167 617
10.6333 619
10.65 621
10.6667 623
10.6833 625
10.7 627
10.7167 629
10.7333 631
10.75 633
10.7667 635
10.7833 637
10.8 639
10.8167 641
10.8333 643
10.85 644
10.8667 646
10.8833 648
10.9 650
10.9167 652
10.9333 653
10.95 655
10.9667 657
10.9833 659
11.0 660
11.0167 662
11.0333 664
11.05 665
11.0667 667
11.0833 669
11.1 670
11.1167 672
11.1333 673
11.15 675
11.1667 676
11.1833 678
11.2 679
11.2167 681
11.2333 682
11.25 684
11.2667 685
11.2833 686
11.3 688
11.3167 689
11.3333 690
11.35 692
11.3667 693
11.3833 694
11.4 695
11.4167 697
11.4333 698
11.45 699
11.4667 700
11.4833 701
11.5 703
11.5167 704
11.5333 705
11.55 706
11.5667 707
11.5833 708
11.6 709
11.6167 710
11.6333 711
11.65 712
11.6667 713
11.6833 714
11.7 715
11.7167 716
11.7333 717
11.75 717
11.7667 718
11.7833 719
11.8 720
11.8167 721
11.8333 721
11.85 722
11.8667 723
11.8833 723
11.9 724
11.9167 725
11.9333 725
11.95 726
11.9667 727
11.9833 727
12.0 728
12.0167 728
12.0333 729
12.05 729
12.0667 730
12.0833 730
12.1 731
12.1167 731
12.1333 732
12.15 732
12.1667 732
12.1833 733
12.2 733
12.2167 733
12.2333 734
12.25 734
12.2667 734
12.2833 734
12.3 734
12.3167 735
12.3333 735
12.35 735
12.3667 735
12.3833 735
12.4 735
12.4167 735
12.4333 735
12.45 735
12.4667 735
12.4833 735
12.5 735
12.5167 735
12.5333 735
12.55 735
12.5667 735
12.5833 735
12.6 735
12.6167 735
12.6333 734
12.65 734
12.6667 734
12.6833 734
12.7 733
12.7167 733
12.7333 733
12.75 733
12.7667 732
12.7833 732
12.8 731
12.8167 731
12.8333 731
12.85 730
12.8667 730
12.8833 729
12.9 729
12.9167 728
12.9333 728
12.95 727
12.9667 726
12.9833 726
13.0 725
13.0167 725
13.0333 724
13.05 723
13.0667 723
13.0833 722
13.1 721
13.1167 720
13.1333 720
13.15 719
13.1667 718
13.1833 717
13.2 716
13.2167 715
13.2333 714
13.25 714
13.2667 713
13.2833 712
13.3 711
13.3167 710
13.3333 709
13.35 708
13.3667 707
13.3833 706
13.4 704
13.4167 703
13.4333 702
13.45 701
13.4667 700
13.4833 699
13.5 698
13.5167 696
13.5333 695
13.55 694
13.5667 693
13.5833 691
13.6 690
13.6167 689
13.6333 687
13.65 686
13.6667 685
13.6833 683
13.7 682
13.7167 680
13.7333 679
13.75 677
13.7667 676
13.7833 674
13.8 673
13.8167 671
13.8333 670
13.85 668
13.8667 666
13.8833 665
13.9 663
13.9167 662
13.9333 660
13.95 658
13.9667 656
13.9833 655
14.0 653
14.0167 651
14.0333 649
14.05 648
14.0667 646
14.0833 644
14.1 642
14.1167 640
14.1333 638
14.15 636
14.1667 634
14.1833 633
14.2 631
14.2167 629
14.2333 627
14.25 625
14.2667 623
14.2833 621
14.3 618
14.3167 616
14.3333 614
14.35 612
14.3667 610
14.3833 608
14.4 606
14.4167 604
14.4333 601
14.45 599
14.4667 597
14.4833 595
14.5 592
14.5167 590
14.5333 588
14.55 585
14.5667 583
14.5833 581
14.6 578
14.6167 576
14.6333 574
14.65 571
14.6667 569
14.6833 566
14.7 564
14.7167 561
14.7333 559
14.75 556
14.7667 554
14.7833 551
14.8 549
14.8167 546
14.8333 544
14.85 541
14.8667 539
14.8833 536
14.9 533
14.9167 531
14.9333 528
14.95 525
14.9667 523
14.9833 520
15.0 517
15.0167 514
15.0333 511
15.05 508
15.0667 506
15.0833 503
15.1 500
15.1167 497
15.1333 494
15.15 492
15.1667 489
15.1833 486
15.2 483
15.2167 480
15.2333 477
15.25 474
15.2667 471
15.2833 468
15.3 465
15.3167 462
15.3333 459
15.35 456
15.3667 453
15.3833 450
15.4 447
15.4167 444
15.4333 441
15.45 438
15.4667 435
15.4833 432
15.5 429
15.5167 426
15.5333 423
15.55 419
15.5667 416
15.5833 413
15.6 410
15.6167 407
15.6333 404
15.65 400
15.6667 397
15.6833 394
15.7 391
15.7167 387
15.7333 384
15.75 381
15.7667 378
15.7833 374
15.8 371
15.8167 368
15.8333 364
15.85 361
15.8667 358
15.8833 355
15.9 351
15.9167 348
15.9333 344
15.95 341
15.9667 338
15.9833 334
16.0 331
16.0167 328
16.0333 324
16.05 321
16.0667 317
16.0833 314
16.1 310
16.1167 307
16.1333 304
16.15 300
16.1667 297
16.1833 293
16.2 290
16.2167 286
16.2333 283
16.25 279
16.2667 276
16.2833 272
16.3 269
16.3167 265
16.3333 262
16.35 258
16.3667 255
16.3833 251
16.4 248
16.4167 244
16.4333 241
16.45 237
16.4667 234
16.4833 230
16.5 227
16.5167 223
16.5333 220
16.55 216
16.5667 213
16.5833 209
16.6 206
16.6167 202
16.6333 199
16.65 195
16.6667 192
16.6833 188
16.7 185
16.7167 181
16.7333 178
16.75 174
16.7667 171
16.7833 167
16.8 164
16.8167 160
16.8333 157
16.85 153
16.8667 150
16.8833 147
16.9 143
16.9167 140
16.9333 136
16.95 133
16.9667 129
16.9833 126
