8.0 103
8.0167 106
8.0333 109
8.05 113
8.0667 116
8.0833 119
8.1 123
8.1167 126
8.1333 129
8.15 133
8.1667 136
8.1833 140
8.2 143
8.2167 146
8.2333 150
8.25 153
8.2667 157
8.2833 160
8.3 163
8.3167 167
8.3333 170
8.35 174
8.3667 177
8.3833 181
8.4 184
8.4167 188
8.4333 191
8.45 194
8.4667 198
8.4833 201
8.5 205
8.5167 208
8.5333 212
8.55 215
8.5667 219
8.5833 222
8.6 226
8.6167 229
8.6333 233
8.65 236
8.6667 240
8.6833 243
8.7 246
8.7167 250
8.7333 253
8.75 257
8.7667 260
8.7833 264
8.8 267
8.8167 271
8.8333 274
8.85 277
8.8667 281
8.8833 284
8.9 288
8.9167 291
8.9333 294
8.95 298
8.9667 301
8.9833 305
9.0 308
9.0167 311
9.0333 314
9.05 317
9.0667 321
9.0833 324
9.1 327
9.1167 331
9.1333 334
9.15 337
9.1667 341
9.1833 344
9.2 347
9.2167 350
9.2333 354
9.25 357
9.2667 360
9.2833 363
9.3 367
9.3167 370
9.3333 373
9.35 376
9.3667 379
9.3833 383
9.4 386
9.4167 389
9.4333 392
9.45 395
9.4667 398
9.4833 401
9.5 405
9.5167 408
9.5333 411
9.55 414
9.5667 417
9.5833 420
9.6 423
9.6167 426
9.6333 429
9.65 432
9.6667 435
9.6833 438
9.7 441
9.7167 444
9.7333 447
9.75 450
9.7667 453
9.7833 456
9.8 458
9.8167 461
9.8333 464
9.85 467
9.8667 470
9.8833 473
9.9 475
9.9167 478
9.9333 481
9.95 484
9.9667 487
9.9833 489
10.0 492
10.0167 495
10.0333 497
10.05 500
10.0667 503
10.0833 506
10.1 508
10.1167 511
10.1333 513
10.15 516
10.1667 519
10.1833 521
10.2 524
10.2167 526
10.2333 529
10.25 531
10.2667 534
10.2833 536
10.3 539
10.3167 541
10.3333 544
10.35 546
10.3667 548
10.3833 551
10.4 553
10.4167 556
10.4333 558
10.45 560
10.4667 563
10.4833 565
10.5 567
10.5167 569
10.5333 572
10.55 574
10.5667 576
10.5833 578
10.6 580
10.6167 583
10.6333 585
10.65 587
10.6667 589
10.6833 591
10.7 593
10.7167 595
10.7333 597
10.75 599
10.7667 601
10.7833 603
10.8 605
10.8167 607
10.8333 609
10.85 611
10.8667 613
10.8833 615
10.9 617
10.9167 619
10.9333 621
10.95 623
10.9667 624
10.9833 626
11.0 628
11.0167 630
11.0333 631
11.05 633
11.0667 635
11.0833 637
11.1 638
11.1167 640
11.1333 641
11.15 643
11.1667 645
11.1833 646
11.2 648
11.2167 649
11.2333 651
11.25 652
11.2667 654
11.2833 655
11.3 657
11.3167 658
11.3333 660
11.35 661
11.3667 663
11.3833 664
11.4 665
11.4167 667
11.4333 668
11.45 669
11.4667 670
11.4833 672
11.5 673
11.5167 674
11.5333 675
11.55 677
11.5667 678
11.5833 679
11.6 680
11.6167 681
11.6333 682
11.65 683
11.6667 684
11.6833 685
11.7 686
11.7167 687
11.7333 688
11.75 689
11.7667 690
11.7833 691
11.8 692
11.8167 693
11.8333 694
11.85 695
11.8667 695
11.8833 696
11.9 697
11.9167 698
11.9333 698
11.95 699
11.9667 700
11.9833 701
12.0 701
12.0167 702
12.0333 703
12.05 703
12.0667 704
12.0833 704
12.1 705
12.1167 705
12.1333 706
12.15 706
12.1667 707
12.1833 707
12.2 708
12.2167 708
12.2333 709
12.25 709
12.2667 709
12.2833 710
12.3 710
12.3167 710
12.3333 711
12.35 711
12.3667 711
12.3833 711
12.4 711
12.4167 712
12.4333 712
12.45 712
12.4667 712
12.4833 712
12.5 712
12.5167 712
12.5333 712
12.55 712
12.5667 712
12.5833 712
12.6 712
12.6167 712
12.6333 712
12.65 712
12.6667 712
12.6833 712
12.7 712
12.7167 712
12.7333 711
12.75 711
12.7667 711
12.7833 711
12.8 710
12.8167 710
12.8333 710
12.85 710
12.8667 709
12.8833 709
12.9 708
12.9167 708
12.9333 708
12.95 707
12.9667 707
12.9833 706
13.0 706
13.0167 705
13.0333 705
13.05 704
13.0667 704
13.0833 703
13.1 702
13.1167 702
13.1333 701
13.15 700
13.1667 700
13.1833 699
13.2 698
13.2167 698
13.2333 697
13.25 696
13.2667 695
13.2833 694
13.3 693
13.3167 693
13.3333 692
13.35 691
13.3667 690
13.3833 689
13.4 688
13.4167 687
13.4333 686
13.45 685
13.4667 684
13.4833 683
13.5 682
13.5167 681
13.5333 680
13.55 679
13.5667 677
13.5833 676
13.6 675
13.6167 674
13.6333 673
13.65 671
13.6667 670
13.6833 669
13.7 668
13.7167 666
13.7333 665
13.75 664
13.7667 662
13.7833 661
13.8 659
13.8167 658
13.8333 657
13.85 655
13.8667 654
13.8833 652
13.9 651
13.9167 649
13.9333 647
13.95 646
13.9667 644
13.9833 643
14.0 641
14.0167 639
14.0333 638
14.05 636
14.0667 634
14.0833 633
14.1 631
14.1167 629
14.1333 627
14.15 626
14.1667 624
14.1833 622
14.2 620
14.2167 618
14.2333 616
14.25 615
14.2667 613
14.2833 611
14.3 609
14.3167 607
14.3333 605
14.35 603
14.3667 601
14.3833 599
14.4 597
14.4167 595
14.4333 593
14.45 591
14.4667 589
14.4833 586
14.5 584
14.5167 582
14.5333 580
14.55 578
14.5667 576
14.5833 573
14.6 571
14.6167 569
14.6333 567
14.65 564
14.6667 562
14.6833 560
14.7 557
14.7167 555
14.7333 553
14.75 550
14.7667 548
14.7833 545
14.8 543
14.8167 541
14.8333 538
14.85 536
14.8667 533
14.8833 531
14.9 528
14.9167 526
14.9333 523
14.95 520
14.9667 518
14.9833 515
15.0 513
15.0167 510
15.0333 507
15.05 505
15.0667 502
15.0833 500
15.1 497
15.1167 494
15.1333 491
15.15 489
15.1667 486
15.1833 483
15.2 480
15.2167 478
15.2333 475
15.25 472
15.2667 469
15.2833 466
15.3 463
15.3167 461
15.3333 458
15.35 455
15.3667 452
15.3833 449
15.4 446
15.4167 443
15.4333 440
15.45 437
15.4667 434
15.4833 431
15.5 428
15.5167 425
15.5333 422
15.55 419
15.5667 416
15.5833 413
15.6 410
15.6167 407
15.6333 404
15.65 401
15.6667 398
15.6833 395
15.7 391
15.7167 388
15.7333 385
15.75 382
15.7667 379
15.7833 376
15.8 372
15.8167 369
15.8333 366
15.85 363
15.8667 359
15.8833 356
15.9 353
15.9167 350
15.9333 346
15.95 343
15.9667 340
15.9833 337
16.0 333
16.0167 330
16.0333 327
16.05 323
16.0667 320
16.0833 317
16.1 313
16.1167 310
16.1333 307
16.15 303
16.1667 300
16.1833 296
16.2 293
16.2167 290
16.2333 286
16.25 283
16.2667 279
16.2833 276
16.3 273
16.3167 269
16.3333 266
16.35 262
16.3667 259
16.3833 255
16.4 252
16.4167 248
16.4333 245
16.45 242
16.4667 238
16.4833 235
16.5 231
16.5167 228
16.5333 224
16.55 221
16.5667 217
16.5833 214
16.6 210
16.6167 207
16.6333 203
16.65 200
16.6667 197
16.6833 193
16.7 190
16.7167 186
16.7333 183
16.75 179
16.7667 176
16.7833 172
16.8 169
16.8167 165
16.8333 162
16.85 159
16.8667 155
16.8833 152
16.9 148
16.9167 145
16.9333 142
16.95 138
16.9667 135
16.9833 131
