8.0 71
8.0167 74
8.0333 77
8.05 80
8.0667 83
8.0833 86
8.1 89
8.1167 92
8.1333 95
8.15 98
8.1667 101
8.1833 104
8.2 108
8.2167 111
8.2333 114
8.25 117
8.2667 120
8.2833 124
8.3 127
8.3167 130
8.3333 134
8.35 137
8.3667 140
8.3833 144
8.4 147
8.4167 150
8.4333 153
8.45 157
8.4667 160
8.4833 164
8.5 167
8.5167 170
8.5333 174
8.55 177
8.5667 180
8.5833 184
8.6 187
8.6167 191
8.6333 194
8.65 197
8.6667 201
8.6833 204
8.7 208
8.7167 211
8.7333 214
8.75 218
8.7667 221
8.7833 225
8.8 228
8.8167 231
8.8333 235
8.85 238
8.8667 242
8.8833 245
8.9 248
8.9167 252
8.9333 255
8.95 258
8.9667 262
8.9833 265
9.0 269
9.0167 272
9.0333 275
9.05 278
9.0667 282
9.0833 285
9.1 288
9.1167 292
9.1333 295
9.15 298
9.1667 302
9.1833 305
9.2 308
9.2167 312
9.2333 315
9.25 318
9.2667 321
9.2833 325
9.3 328
9.3167 331
9.3333 334
9.35 338
9.3667 341
9.3833 344
9.4 347
9.4167 351
9.4333 354
9.45 357
9.4667 360
9.4833 363
9.5 366
9.5167 370
9.5333 373
9.55 376
9.5667 379
9.5833 382
9.6 385
9.6167 388
9.6333 391
9.65 394
9.6667 397
9.6833 400
9.7 403
9.7167 406
9.7333 409
9.75 413
9.7667 415
9.7833 418
9.8 421
9.8167 424
9.8333 427
9.85 430
9.8667 433
9.8833 436
9.9 439
9.9167 442
9.9333 445
9.95 448
9.9667 450
9.9833 453
10.0 456
10.0167 459
10.0333 462
10.05 464
10.0667 467
10.0833 470
10.1 473
10.1167 475
10.1333 478
10.15 481
10.1667 483
10.1833 486
10.2 489
10.2167 491
10.2333 494
10.25 497
10.2667 499
10.2833 502
10.3 504
10.3167 507
10.3333 510
10.35 512
10.3667 515
10.3833 517
10.4 520
10.4167 522
10.4333 524
10.45 527
10.4667 529
10.4833 532
10.5 534
10.5167 536
10.5333 539
10.55 541
10.5667 544
10.5833 546
10.6 548
10.6167 550
10.6333 553
10.65 555
10.6667 557
10.6833 559
10.7 562
10.7167 564
10.7333 566
10.75 568
10.7667 570
10.7833 572
10.8 574
10.8167 577
10.8333 579
10.85 581
10.8667 583
10.8833 585
10.9 587
10.9167 589
10.9333 591
10.95 593
10.9667 595
10.9833 596
11.0 598
11.0167 600
11.0333 602
11.05 604
11.0667 606
11.0833 608
11.1 609
11.1167 611
11.1333 613
11.15 615
11.1667 617
11.1833 618
11.2 620
11.2167 622
11.2333 623
11.25 625
11.2667 627
11.2833 628
11.3 630
11.3167 631
11.3333 633
11.35 634
11.3667 636
11.3833 637
11.4 639
11.4167 640
11.4333 642
11.45 643
11.4667 645
11.4833 646
11.5 647
11.5167 649
11.5333 650
11.55 651
11.5667 653
11.5833 654
11.6 655
11.6167 657
11.6333 658
11.65 659
11.6667 660
11.6833 661
11.7 662
11.7167 664
11.7333 665
11.75 666
11.7667 667
11.7833 668
11.8 669
11.8167 670
11.8333 671
11.85 672
11.8667 673
11.8833 674
11.9 675
11.9167 676
11.9333 677
11.95 678
11.9667 678
11.9833 679
12.0 680
12.0167 681
12.0333 682
12.05 682
12.0667 683
12.0833 684
12.1 684
12.1167 685
12.1333 686
12.15 686
12.1667 687
12.1833 688
12.2 688
12.2167 689
12.2333 689
12.25 690
12.2667 690
12.2833 691
12.3 691
12.3167 692
12.3333 692
12.35 693
12.3667 693
12.3833 693
12.4 694
12.4167 694
12.4333 694
12.45 695
12.4667 695
12.4833 695
12.5 695
12.5167 696
12.5333 696
12.55 696
12.5667 696
12.5833 696
12.6 697
12.6167 697
12.6333 697
12.65 697
12.6667 697
12.6833 697
12.7 697
12.7167 697
12.7333 697
12.75 697
12.7667 697
12.7833 697
12.8 696
12.8167 696
12.8333 696
12.85 696
12.8667 696
12.8833 696
12.9 695
12.9167 695
12.9333 695
12.95 695
12.9667 694
12.9833 694
13.0 694
13.0167 693
13.0333 693
13.05 692
13.0667 692
13.0833 692
13.1 691
13.1167 691
13.1333 690
13.15 690
13.1667 689
13.1833 688
13.2 688
13.2167 687
13.2333 687
13.25 686
13.2667 685
13.2833 685
13.3 684
13.3167 683
13.3333 683
13.35 682
13.3667 681
13.3833 680
13.4 679
13.4167 679
13.4333 678
13.45 677
13.4667 676
13.4833 675
13.5 674
13.5167 673
13.5333 672
13.55 671
13.5667 670
13.5833 669
13.6 668
13.6167 667
13.6333 666
13.65 665
13.6667 664
13.6833 663
13.7 662
13.7167 660
13.7333 659
13.75 658
13.7667 657
13.7833 656
13.8 654
13.8167 653
13.8333 652
13.85 650
13.8667 649
13.8833 648
13.9 646
13.9167 645
13.9333 644
13.95 642
13.9667 641
13.9833 639
14.0 638
14.0167 636
14.0333 635
14.05 633
14.0667 632
14.0833 630
14.1 629
14.1167 627
14.1333 625
14.15 624
14.1667 622
14.1833 620
14.2 619
14.2167 617
14.2333 615
14.25 613
14.2667 612
14.2833 610
14.3 608
14.3167 606
14.3333 604
14.35 603
14.3667 601
14.3833 599
14.4 597
14.4167 595
14.4333 593
14.45 591
14.4667 589
14.4833 587
14.5 585
14.5167 583
14.5333 581
14.55 579
14.5667 577
14.5833 575
14.6 573
14.6167 571
14.6333 569
14.65 566
14.6667 564
14.6833 562
14.7 560
14.7167 558
14.7333 555
14.75 553
14.7667 551
14.7833 549
14.8 546
14.8167 544
14.8333 542
14.85 539
14.8667 537
14.8833 535
14.9 532
14.9167 530
14.9333 527
14.95 525
14.9667 523
14.9833 520
15.0 518
15.0167 516
15.0333 513
15.05 511
15.0667 508
15.0833 505
15.1 503
15.1167 500
15.1333 498
15.15 495
15.1667 493
15.1833 490
15.2 487
15.2167 485
15.2333 482
15.25 479
15.2667 477
15.2833 474
15.3 471
15.3167 468
15.3333 466
15.35 463
15.3667 460
15.3833 457
15.4 454
15.4167 452
15.4333 449
15.45 446
15.4667 443
15.4833 440
15.5 437
15.5167 434
15.5333 431
15.55 429
15.5667 426
15.5833 423
15.6 420
15.6167 417
15.6333 414
15.65 411
15.6667 408
15.6833 405
15.7 402
15.7167 399
15.7333 396
15.75 393
15.7667 389
15.7833 386
15.8 383
15.8167 380
15.8333 377
15.85 374
15.8667 371
15.8833 368
15.9 365
15.9167 361
15.9333 358
15.95 355
15.9667 352
15.9833 349
16.0 345
16.0167 342
16.0333 339
16.05 336
16.0667 332
16.0833 329
16.1 326
16.1167 323
16.1333 319
16.15 316
16.1667 313
16.1833 310
16.2 306
16.2167 303
16.2333 300
16.25 296
16.2667 293
16.2833 290
16.3 286
16.3167 283
16.3333 280
16.35 276
16.3667 273
16.3833 270
16.4 266
16.4167 263
16.4333 259
16.45 256
16.4667 253
16.4833 249
16.5 246
16.5167 243
16.5333 239
16.55 236
16.5667 232
16.5833 229
16.6 226
16.6167 222
16.6333 219
16.65 215
16.6667 212
16.6833 209
16.7 205
16.7167 202
16.7333 198
16.75 195
16.7667 192
16.7833 188
16.8 185
16.8167 181
16.8333 178
16.85 175
16.8667 171
16.8833 168
16.9 165
16.9167 161
16.9333 158
16.95 154
16.9667 151
16.9833 148
