8.0 63
8.0167 65
8.0333 67
8.05 69
8.0667 70
8.0833 72
8.1 74
8.1167 76
8.1333 78
8.15 80
8.1667 82
8.1833 84
8.2 86
8.2167 88
8.2333 90
8.25 92
8.2667 94
8.2833 96
8.3 98
8.3167 100
8.3333 102
8.35 105
8.3667 107
8.3833 109
8.4 111
8.4167 113
8.4333 115
8.45 118
8.4667 120
8.4833 122
8.5 124
8.5167 127
8.5333 129
8.55 131
8.5667 133
8.5833 136
8.6 138
8.6167 140
8.6333 142
8.65 145
8.6667 147
8.6833 149
8.7 152
8.7167 154
8.7333 156
8.75 159
8.7667 161
8.7833 163
8.8 166
8.8167 168
8.8333 171
8.85 173
8.8667 175
8.8833 178
8.9 180
8.9167 183
8.9333 185
8.95 187
8.9667 190
8.9833 192
9.0 195
9.0167 196
9.0333 199
9.05 201
9.0667 204
9.0833 206
9.1 209
9.1167 211
9.1333 213
9.15 216
9.1667 218
9.1833 221
9.2 223
9.2167 226
9.2333 228
9.25 230
9.2667 233
9.2833 235
9.3 238
9.3167 240
9.3333 242
9.35 245
9.3667 247
9.3833 250
9.4 252
9.4167 255
9.4333 257
9.45 259
9.4667 262
9.4833 264
9.5 267
9.5167 269
9.5333 271
9.55 274
9.5667 276
9.5833 278
9.6 281
9.6167 283
9.6333 285
9.65 288
9.6667 290
9.6833 292
9.7 295
9.7167 297
9.7333 299
9.75 302
9.7667 304
9.7833 306
9.8 309
9.8167 311
9.8333 313
9.85 315
9.8667 318
9.8833 320
9.9 322
9.9167 324
9.9333 327
9.95 329
9.9667 331
9.9833 333
10.0 335
10.0167 338
10.0333 340
10.05 342
10.0667 344
10.0833 346
10.1 348
10.1167 350
10.1333 353
10.15 355
10.1667 357
10.1833 359
10.2 361
10.2167 363
10.2333 365
10.25 367
10.2667 369
10.2833 371
10.3 373
10.3167 375
10.3333 377
10.35 379
10.3667 381
10.3833 383
10.4 385
10.4167 387
10.4333 389
10.45 391
10.4667 393
10.4833 395
10.5 397
10.5167 398
10.5333 400
10.55 402
10.5667 404
10.5833 406
10.6 408
10.6167 409
10.6333 411
10.65 413
10.6667 415
10.6833 416
10.7 418
10.7167 420
10.7333 422
10.75 423
10.7667 425
10.7833 427
10.8 428
10.8167 430
10.8333 431
10.85 433
10.8667 435
10.8833 436
10.9 438
10.9167 439
10.9333 441
10.95 442
10.9667 444
10.9833 445
11.0 447
11.0167 448
11.0333 450
11.05 451
11.0667 453
11.0833 454
11.1 455
11.1167 457
11.1333 458
11.15 460
11.1667 461
11.1833 462
11.2 464
11.2167 465
11.2333 466
11.25 467
11.2667 469
11.2833 470
11.3 471
11.3167 472
11.3333 473
11.35 475
11.3667 476
11.3833 477
11.4 478
11.4167 479
11.4333 480
11.45 481
11.4667 482
11.4833 483
11.5 484
11.5167 485
11.5333 486
11.55 487
11.5667 488
11.5833 489
11.6 490
11.6167 491
11.6333 492
11.65 493
11.6667 494
11.6833 495
11.7 495
11.7167 496
11.7333 497
11.75 498
11.7667 499
11.7833 499
11.8 500
11.8167 501
11.8333 501
11.85 502
11.8667 503
11.8833 503
11.9 504
11.9167 505
11.9333 505
11.95 506
11.9667 506
11.9833 507
12.0 507
12.0167 508
12.0333 508
12.05 509
12.0667 509
12.0833 510
12.1 510
12.1167 511
12.1333 511
12.15 511
12.1667 512
12.1833 512
12.2 513
12.2167 513
12.2333 513
12.25 513
12.2667 514
12.2833 514
12.3 514
12.3167 514
12.3333 514
12.35 515
12.3667 515
12.3833 515
12.4 515
12.4167 515
12.4333 515
12.45 515
12.4667 515
12.4833 515
12.5 515
12.5167 515
12.5333 515
12.55 515
12.5667 515
12.5833 515
12.6 515
12.6167 515
12.6333 515
12.65 515
12.6667 515
12.6833 515
12.7 514
12.7167 514
12.7333 514
12.75 514
12.7667 513
12.7833 513
12.8 513
12.8167 513
12.8333 512
12.85 512
12.8667 511
12.8833 511
12.9 511
12.9167 510
12.9333 510
12.95 509
12.9667 509
12.9833 509
13.0 508
13.0167 507
13.0333 507
13.05 506
13.0667 506
13.0833 505
13.1 505
13.1167 504
13.1333 503
13.15 503
13.1667 502
13.1833 501
13.2 501
13.2167 500
13.2333 499
13.25 499
13.2667 498
13.2833 497
13.3 496
13.3167 495
13.3333 495
13.35 494
13.3667 493
13.3833 492
13.4 491
13.4167 490
13.4333 489
13.45 488
13.4667 487
13.4833 486
13.5 485
13.5167 484
13.5333 483
13.55 482
13.5667 481
13.5833 480
13.6 479
13.6167 478
13.6333 477
13.65 476
13.6667 475
13.6833 473
13.7 472
13.7167 471
13.7333 470
13.75 469
13.7667 467
13.7833 466
13.8 465
13.8167 464
13.8333 462
13.85 461
13.8667 460
13.8833 458
13.9 457
13.9167 456
13.9333 454
13.95 453
13.9667 451
13.9833 450
14.0 448
14.0167 447
14.0333 446
14.05 444
14.0667 442
14.0833 441
14.1 439
14.1167 438
14.1333 436
14.15 435
14.1667 433
14.1833 432
14.2 430
14.2167 428
14.2333 427
14.25 425
14.2667 423
14.2833 422
14.3 420
14.3167 418
14.3333 416
14.35 415
14.3667 413
14.3833 411
14.4 409
14.4167 408
14.4333 406
14.45 404
14.4667 402
14.4833 400
14.5 399
14.5167 397
14.5333 395
14.55 393
14.5667 391
14.5833 389
14.6 387
14.6167 385
14.6333 383
14.65 381
14.6667 379
14.6833 377
14.7 375
14.7167 373
14.7333 371
14.75 369
14.7667 367
14.7833 365
14.8 363
14.8167 361
14.8333 359
14.85 357
14.8667 355
14.8833 353
14.9 351
14.9167 348
14.9333 346
14.95 344
14.9667 342
14.9833 340
15.0 338
15.0167 335
15.0333 333
15.05 331
15.0667 329
15.0833 327
15.1 324
15.1167 322
15.1333 320
15.15 318
15.1667 315
15.1833 313
15.2 311
15.2167 309
15.2333 306
15.25 304
15.2667 302
15.2833 299
15.3 297
15.3167 295
15.3333 292
15.35 290
15.3667 288
15.3833 285
15.4 283
15.4167 281
15.4333 278
15.45 276
15.4667 274
15.4833 271
15.5 269
15.5167 267
15.5333 264
15.55 262
15.5667 259
15.5833 257
15.6 255
15.6167 252
15.6333 250
15.65 247
15.6667 245
15.6833 243
15.7 240
15.7167 238
15.7333 235
15.75 233
15.7667 230
15.7833 228
15.8 226
15.8167 223
15.8333 221
15.85 218
15.8667 216
15.8833 214
15.9 211
15.9167 209
15.9333 206
15.95 204
15.9667 201
15.9833 199
16.0 197
16.0167 194
16.0333 192
16.05 189
16.0667 187
16.0833 185
16.1 182
16.1167 180
16.1333 177
16.15 175
16.1667 173
16.1833 170
16.2 168
16.2167 165
16.2333 163
16.25 161
16.2667 158
16.2833 156
16.3 154
16.3167 151
16.3333 149
16.35 147
16.3667 144
16.3833 142
16.4 140
16.4167 137
16.4333 135
16.45 133
16.4667 131
16.4833 128
16.5 126
16.5167 124
16.5333 122
16.55 119
16.5667 117
16.5833 115
16.6 113
16.6167 111
16.6333 109
16.65 106
16.6667 104
16.6833 102
16.7 100
16.7167 98
16.7333 96
16.75 94
16.7667 92
16.7833 90
16.8 88
16.8167 86
16.8333 84
16.85 82
16.8667 80
16.8833 78
16.9 76
16.9167 74
16.9333 72
16.95 70
16.9667 68
16.9833 67
