8.0 61
8.0167 64
8.0333 66
8.05 69
8.0667 72
8.0833 75
8.1 78
8.1167 81
8.1333 84
8.15 87
8.1667 90
8.1833 93
8.2 96
8.2167 99
8.2333 102
8.25 105
8.2667 109
8.2833 112
8.3 115
8.3167 118
8.3333 121
8.35 124
8.3667 128
8.3833 131
8.4 134
8.4167 138
8.4333 141
8.45 145
8.4667 148
8.4833 151
8.5 155
8.5167 158
8.5333 162
8.55 165
8.5667 168
8.5833 172
8.6 175
8.6167 179
8.6333 182
8.65 186
8.6667 189
8.6833 193
8.7 196
8.7167 200
8.7333 203
8.75 207
8.7667 210
8.7833 214
8.8 217
8.8167 221
8.8333 224
8.85 228
8.8667 231
8.8833 235
8.9 238
8.9167 242
8.9333 245
8.95 249
8.9667 252
8.9833 256
9.0 259
9.0167 263
9.0333 267
9.05 270
9.0667 274
9.0833 277
9.1 281
9.1167 284
9.1333 288
9.15 291
9.1667 295
9.1833 298
9.2 301
9.2167 305
9.2333 308
9.25 312
9.2667 315
9.2833 319
9.3 322
9.3167 326
9.3333 329
9.35 332
9.3667 336
9.3833 339
9.4 343
9.4167 346
9.4333 349
9.45 353
9.4667 356
9.4833 359
9.5 363
9.5167 366
9.5333 369
9.55 373
9.5667 376
9.5833 379
9.6 383
9.6167 386
9.6333 389
9.65 392
9.6667 396
9.6833 399
9.7 402
9.7167 405
9.7333 409
9.75 412
9.7667 415
9.7833 418
9.8 421
9.8167 425
9.8333 428
9.85 431
9.8667 434
9.8833 437
9.9 440
9.9167 443
9.9333 446
9.95 449
9.9667 452
9.9833 456
10.0 459
10.0167 462
10.0333 465
10.05 468
10.0667 471
10.0833 474
10.1 476
10.1167 479
10.1333 482
10.15 485
10.1667 488
10.1833 491
10.2 494
10.2167 497
10.2333 500
10.25 503
10.2667 505
10.2833 508
10.3 511
10.3167 514
10.3333 517
10.35 519
10.3667 522
10.3833 525
10.4 527
10.4167 530
10.4333 533
10.45 535
10.4667 538
10.4833 541
10.5 543
10.5167 546
10.5333 549
10.55 551
10.5667 554
10.5833 556
10.6 559
10.6167 561
10.6333 564
10.65 566
10.6667 569
10.6833 571
10.7 574
10.7167 576
10.7333 579
10.75 581
10.7667 583
10.7833 586
10.8 588
10.8167 590
10.8333 593
10.85 595
10.8667 597
10.8833 600
10.9 602
10.9167 604
10.9333 606
10.95 608
10.9667 611
10.9833 613
11.0 615
11.0167 617
11.0333 619
11.05 621
11.0667 623
11.0833 625
11.1 627
11.1167 629
11.1333 631
11.15 633
11.1667 635
11.1833 637
11.2 639
11.2167 641
11.2333 643
11.25 645
11.2667 647
11.2833 649
11.3 651
11.3167 652
11.3333 654
11.35 656
11.3667 658
11.3833 660
11.4 661
11.4167 663
11.4333 665
11.45 666
11.4667 668
11.4833 670
11.5 671
11.5167 673
11.5333 674
11.55 676
11.5667 678
11.5833 679
11.6 681
11.6167 682
11.6333 684
11.65 685
11.6667 686
11.6833 688
11.7 689
11.7167 691
11.7333 692
11.75 693
11.7667 695
11.7833 696
11.8 697
11.8167 699
11.8333 700
11.85 701
11.8667 702
11.8833 703
11.9 705
11.9167 706
11.9333 707
11.95 708
11.9667 709
11.9833 710
12.0 711
12.0167 712
12.0333 713
12.05 714
12.0667 715
12.0833 716
12.1 717
12.1167 718
12.1333 719
12.15 720
12.1667 721
12.1833 721
12.2 722
12.2167 723
12.2333 724
12.25 725
12.2667 725
12.2833 726
12.3 727
12.3167 728
12.3333 728
12.35 729
12.3667 729
12.3833 730
12.4 731
12.4167 731
12.4333 732
12.45 732
12.4667 733
12.4833 733
12.5 734
12.5167 734
12.5333 735
12.55 735
12.5667 735
12.5833 736
12.6 736
12.6167 736
12.6333 737
12.65 737
12.6667 737
12.6833 738
12.7 738
12.7167 738
12.7333 738
12.75 738
12.7667 739
12.7833 739
12.8 739
12.8167 739
12.8333 739
12.85 739
12.8667 739
12.8833 739
12.9 739
12.9167 739
12.9333 739
12.95 739
12.9667 739
12.9833 739
13.0 739
13.0167 738
13.0333 738
13.05 738
13.0667 738
13.0833 738
13.1 737
13.1167 737
13.1333 737
13.15 736
13.1667 736
13.1833 736
13.2 735
13.2167 735
13.2333 735
13.25 734
13.2667 734
13.2833 733
13.3 733
13.3167 732
13.3333 732
13.35 731
13.3667 731
13.3833 730
13.4 729
13.4167 729
13.4333 728
13.45 727
13.4667 727
13.4833 726
13.5 725
13.5167 725
13.5333 724
13.55 723
13.5667 722
13.5833 721
13.6 721
13.6167 720
13.6333 719
13.65 718
13.6667 717
13.6833 716
13.7 715
13.7167 714
13.7333 713
13.75 712
13.7667 711
13.7833 710
13.8 709
13.8167 708
13.8333 707
13.85 706
13.8667 704
13.8833 703
13.9 702
13.9167 701
13.9333 700
13.95 698
13.9667 697
13.9833 696
14.0 695
14.0167 693
14.0333 692
14.05 691
14.0667 689
14.0833 688
14.1 686
14.1167 685
14.1333 683
14.15 682
14.1667 681
14.1833 679
14.2 677
14.2167 676
14.2333 674
14.25 673
14.2667 671
14.2833 670
14.3 668
14.3167 666
14.3333 665
14.35 663
14.3667 661
14.3833 659
14.4 658
14.4167 656
14.4333 654
14.45 652
14.4667 651
14.4833 649
14.5 647
14.5167 645
14.5333 643
14.55 641
14.5667 639
14.5833 637
14.6 635
14.6167 633
14.6333 631
14.65 629
14.6667 627
14.6833 625
14.7 623
14.7167 621
14.7333 619
14.75 617
14.7667 615
14.7833 613
14.8 610
14.8167 608
14.8333 606
14.85 604
14.8667 602
14.8833 599
14.9 597
14.9167 595
14.9333 593
14.95 590
14.9667 588
14.9833 586
15.0 584
15.0167 582
15.0333 579
15.05 577
15.0667 575
15.0833 572
15.1 570
15.1167 567
15.1333 565
15.15 562
15.1667 560
15.1833 557
15.2 555
15.2167 552
15.2333 549
15.25 547
15.2667 544
15.2833 542
15.3 539
15.3167 536
15.3333 534
15.35 531
15.3667 528
15.3833 526
15.4 523
15.4167 520
15.4333 517
15.45 515
15.4667 512
15.4833 509
15.5 506
15.5167 503
15.5333 500
15.55 498
15.5667 495
15.5833 492
15.6 489
15.6167 486
15.6333 483
15.65 480
15.6667 477
15.6833 474
15.7 471
15.7167 468
15.7333 465
15.75 462
15.7667 459
15.7833 456
15.8 453
15.8167 450
15.8333 447
15.85 444
15.8667 441
15.8833 438
15.9 435
15.9167 432
15.9333 428
15.95 425
15.9667 422
15.9833 419
16.0 416
16.0167 413
16.0333 409
16.05 406
16.0667 403
16.0833 400
16.1 396
16.1167 393
16.1333 390
16.15 387
16.1667 383
16.1833 380
16.2 377
16.2167 373
16.2333 370
16.25 367
16.2667 363
16.2833 360
16.3 357
16.3167 353
16.3333 350
16.35 347
16.3667 343
16.3833 340
16.4 337
16.4167 333
16.4333 330
16.45 326
16.4667 323
16.4833 319
16.5 316
16.5167 313
16.5333 309
16.55 306
16.5667 302
16.5833 299
16.6 295
16.6167 292
16.6333 288
16.65 285
16.6667 281
16.6833 278
16.7 274
16.7167 271
16.7333 267
16.75 264
16.7667 260
16.7833 257
16.8 253
16.8167 250
16.8333 246
16.85 243
16.8667 239
16.8833 236
16.9 232
16.9167 229
16.9333 225
16.95 222
16.9667 218
16.9833 215
