8.0 63
8.0167 66
8.0333 68
8.05 71
8.0667 74
8.0833 77
8.1 80
8.1167 83
8.1333 86
8.15 89
8.1667 92
8.1833 95
8.2 98
8.2167 101
8.2333 104
8.25 108
8.2667 111
8.2833 114
8.3 117
8.3167 121
8.3333 124
8.35 127
8.3667 130
8.3833 133
8.4 137
8.4167 140
8.4333 144
8.45 147
8.4667 150
8.4833 154
8.5 157
8.5167 161
8.5333 164
8.55 168
8.5667 171
8.5833 174
8.6 178
8.6167 181
8.6333 185
8.65 188
8.6667 192
8.6833 195
8.7 199
8.7167 202
8.7333 206
8.75 209
8.7667 213
8.7833 216
8.8 220
8.8167 224
8.8333 227
8.85 231
8.8667 234
8.8833 238
8.9 241
8.9167 245
8.9333 248
8.95 252
8.9667 255
8.9833 259
9.0 262
9.0167 266
9.0333 270
9.05 273
9.0667 277
9.0833 280
9.1 284
9.1167 287
9.1333 291
9.15 294
9.1667 298
9.1833 301
9.2 305
9.2167 308
9.2333 312
9.25 315
9.2667 319
9.2833 322
9.3 326
9.3167 329
9.3333 332
9.35 336
9.3667 339
9.3833 343
9.4 346
9.4167 350
9.4333 353
9.45 356
9.4667 360
9.4833 363
9.5 366
9.5167 370
9.5333 373
9.55 377
9.5667 380
9.5833 383
9.6 386
9.6167 390
9.6333 393
9.65 396
9.6667 400
9.6833 403
9.7 406
9.7167 409
9.7333 413
9.75 416
9.7667 419
9.7833 422
9.8 425
9.8167 429
9.8333 432
9.85 435
9.8667 438
9.8833 441
9.9 444
9.9167 447
9.9333 451
9.95 454
9.9667 457
9.9833 460
10.0 463
10.0167 466
10.0333 469
10.05 472
10.0667 475
10.0833 478
10.1 481
10.1167 484
10.1333 487
10.15 490
10.1667 493
10.1833 496
10.2 499
10.2167 501
10.2333 504
10.25 507
10.2667 510
10.2833 513
10.3 516
10.3167 518
10.3333 521
10.35 524
10.3667 527
10.3833 530
10.4 532
10.4167 535
10.4333 538
10.45 540
10.4667 543
10.4833 546
10.5 548
10.5167 551
10.5333 554
10.55 556
10.5667 559
10.5833 561
10.6 564
10.6167 566
10.6333 569
10.65 572
10.6667 574
10.6833 576
10.7 579
10.7167 581
10.7333 584
10.75 586
10.7667 589
10.7833 591
10.8 593
10.8167 596
10.8333 598
10.85 600
10.8667 603
10.8833 605
10.9 607
10.9167 610
10.9333 612
10.95 614
10.9667 616
10.9833 618
11.0 621
11.0167 623
11.0333 625
11.05 627
11.0667 629
11.0833 631
11.1 633
11.1167 635
11.1333 637
11.15 639
11.1667 641
11.1833 643
11.2 645
11.2167 647
11.2333 649
11.25 651
11.2667 653
11.2833 655
11.3 657
11.3167 658
11.3333 660
11.35 662
11.3667 664
11.3833 666
11.4 667
11.4167 669
11.4333 671
11.45 673
11.4667 674
11.4833 676
11.5 677
11.5167 679
11.5333 681
11.55 682
11.5667 684
11.5833 685
11.6 687
11.6167 688
11.6333 690
11.65 691
11.6667 693
11.6833 694
11.7 696
11.7167 697
11.7333 698
11.75 700
11.7667 701
11.7833 703
11.8 704
11.8167 705
11.8333 706
11.85 708
11.8667 709
11.8833 710
11.9 711
11.9167 712
11.9333 714
11.95 715
11.9667 716
11.9833 717
12.0 718
12.0167 719
12.0333 720
12.05 721
12.0667 722
12.0833 723
12.1 724
12.1167 725
12.1333 726
12.15 727
12.1667 728
12.1833 728
12.2 729
12.2167 730
12.2333 731
12.25 732
12.2667 732
12.2833 733
12.3 734
12.3167 735
12.3333 735
12.35 736
12.3667 737
12.3833 737
12.4 738
12.4167 738
12.4333 739
12.45 740
12.4667 740
12.4833 741
12.5 741
12.5167 742
12.5333 742
12.55 742
12.5667 743
12.5833 743
12.6 744
12.6167 744
12.6333 744
12.65 744
12.6667 745
12.6833 745
12.7 745
12.7167 746
12.7333 746
12.75 746
12.7667 746
12.7833 746
12.8 746
12.8167 746
12.8333 747
12.85 747
12.8667 747
12.8833 747
12.9 747
12.9167 747
12.9333 747
12.95 747
12.9667 746
12.9833 746
13.0 746
13.0167 746
13.0333 746
13.05 746
13.0667 746
13.0833 745
13.1 745
13.1167 745
13.1333 745
13.15 744
13.1667 744
13.1833 744
13.2 743
13.2167 743
13.2333 743
13.25 742
13.2667 742
13.2833 741
13.3 741
13.3167 740
13.3333 740
13.35 739
13.3667 739
13.3833 738
13.4 737
13.4167 737
13.4333 736
13.45 736
13.4667 735
13.4833 734
13.5 734
13.5167 733
13.5333 732
13.55 731
13.5667 730
13.5833 730
13.6 729
13.6167 728
13.6333 727
13.65 726
13.6667 725
13.6833 724
13.7 723
13.7167 722
13.7333 721
13.75 720
13.7667 719
13.7833 718
13.8 717
13.8167 716
13.8333 715
13.85 714
13.8667 713
13.8833 712
13.9 711
13.9167 709
13.9333 708
13.95 707
13.9667 706
13.9833 704
14.0 703
14.0167 702
14.0333 700
14.05 699
14.0667 698
14.0833 696
14.1 695
14.1167 693
14.1333 692
14.15 691
14.1667 689
14.1833 688
14.2 686
14.2167 684
14.2333 683
14.25 681
14.2667 680
14.2833 678
14.3 676
14.3167 675
14.3333 673
14.35 671
14.3667 670
14.3833 668
14.4 666
14.4167 665
14.4333 663
14.45 661
14.4667 659
14.4833 657
14.5 656
14.5167 654
14.5333 652
14.55 650
14.5667 648
14.5833 646
14.6 644
14.6167 642
14.6333 640
14.65 638
14.6667 636
14.6833 634
14.7 632
14.7167 630
14.7333 628
14.75 626
14.7667 624
14.7833 621
14.8 619
14.8167 617
14.8333 615
14.85 613
14.8667 610
14.8833 608
14.9 606
14.9167 604
14.9333 601
14.95 599
14.9667 597
14.9833 594
15.0 593
15.0167 591
15.0333 588
15.05 586
15.0667 583
15.0833 581
15.1 578
15.1167 576
15.1333 574
15.15 571
15.1667 568
15.1833 566
15.2 563
15.2167 561
15.2333 558
15.25 556
15.2667 553
15.2833 550
15.3 548
15.3167 545
15.3333 542
15.35 540
15.3667 537
15.3833 534
15.4 532
15.4167 529
15.4333 526
15.45 523
15.4667 521
15.4833 518
15.5 515
15.5167 512
15.5333 509
15.55 506
15.5667 504
15.5833 501
15.6 498
15.6167 495
15.6333 492
15.65 489
15.6667 486
15.6833 483
15.7 480
15.7167 477
15.7333 474
15.75 471
15.7667 468
15.7833 465
15.8 462
15.8167 459
15.8333 456
15.85 453
15.8667 450
15.8833 447
15.9 443
15.9167 440
15.9333 437
15.95 434
15.9667 431
15.9833 428
16.0 425
16.0167 421
16.0333 418
16.05 415
16.0667 412
16.0833 408
16.1 405
16.1167 402
16.1333 399
16.15 395
16.1667 392
16.1833 389
16.2 385
16.2167 382
16.2333 379
16.25 375
16.2667 372
16.2833 369
16.3 365
16.3167 362
16.3333 359
16.35 355
16.3667 352
16.3833 348
16.4 345
16.4167 342
16.4333 338
16.45 335
16.4667 331
16.4833 328
16.5 324
16.5167 321
16.5333 318
16.55 314
16.5667 311
16.5833 307
16.6 304
16.6167 300
16.6333 297
16.65 293
16.6667 290
16.6833 286
16.7 283
16.7167 279
16.7333 276
16.75 272
16.7667 269
16.7833 265
16.8 262
16.8167 258
16.8333 254
16.85 251
16.8667 247
16.8833 244
16.9 240
16.9167 237
16.9333 233
16.95 230
16.9667 226
16.9833 223
