8.0 52
8.0167 54
8.0333 56
8.05 59
8.0667 61
8.0833 63
8.1 66
8.1167 68
8.1333 71
8.15 74
8.1667 76
8.1833 79
8.2 82
8.2167 84
8.2333 87
8.25 90
8.2667 93
8.2833 95
8.3 98
8.3167 101
8.3333 104
8.35 107
8.3667 110
8.3833 112
8.4 115
8.4167 118
8.4333 121
8.45 124
8.4667 128
8.4833 131
8.5 134
8.5167 137
8.5333 140
8.55 143
8.5667 146
8.5833 149
8.6 152
8.6167 155
8.6333 159
8.65 162
8.6667 165
8.6833 168
8.7 171
8.7167 174
8.7333 178
8.75 181
8.7667 184
8.7833 187
8.8 190
8.8167 194
8.8333 197
8.85 200
8.8667 203
8.8833 207
8.9 210
8.9167 213
8.9333 216
8.95 219
8.9667 223
8.9833 226
9.0 229
9.0167 232
9.0333 236
9.05 239
9.0667 242
9.0833 245
9.1 249
9.1167 252
9.1333 255
9.15 258
9.1667 261
9.1833 265
9.2 268
9.2167 271
9.2333 274
9.25 277
9.2667 281
9.2833 284
9.3 287
9.3167 290
9.3333 293
9.35 297
9.3667 300
9.3833 303
9.4 306
9.4167 309
9.4333 312
9.45 316
9.4667 319
9.4833 322
9.5 325
9.5167 328
9.5333 331
9.55 334
9.5667 337
9.5833 340
9.6 343
9.6167 347
9.6333 350
9.65 353
9.6667 356
9.6833 359
9.7 362
9.7167 365
9.7333 368
9.75 371
9.7667 374
9.7833 377
9.8 380
9.8167 383
9.8333 386
9.85 389
9.8667 391
9.8833 394
9.9 397
9.9167 400
9.9333 403
9.95 406
9.9667 409
9.9833 412
10.0 414
10.0167 417
10.0333 420
10.05 423
10.0667 426
10.0833 428
10.1 431
10.1167 434
10.1333 437
10.15 439
10.1667 442
10.1833 445
10.2 448
10.2167 450
10.2333 453
10.25 456
10.2667 458
10.2833 461
10.3 464
10.3167 466
10.3333 469
10.35 471
10.3667 474
10.3833 476
10.4 479
10.4167 481
10.4333 484
10.45 486
10.4667 489
10.4833 491
10.5 494
10.5167 496
10.5333 499
10.55 501
10.5667 504
10.5833 506
10.6 508
10.6167 511
10.6333 513
10.65 515
10.6667 518
10.6833 520
10.7 522
10.7167 524
10.7333 527
10.75 529
10.7667 531
10.7833 533
10.8 535
10.8167 538
10.8333 540
10.85 542
10.8667 544
10.8833 546
10.9 548
10.9167 550
10.9333 552
10.95 554
10.9667 556
10.9833 558
11.0 560
11.0167 562
11.0333 564
11.05 566
11.0667 568
11.0833 570
11.1 572
11.1167 574
11.1333 576
11.15 578
11.1667 579
11.1833 581
11.2 583
11.2167 585
11.2333 586
11.25 588
11.2667 590
11.2833 592
11.3 593
11.3167 595
11.3333 597
11.35 598
11.3667 600
11.3833 601
11.4 603
11.4167 605
11.4333 606
11.45 608
11.4667 609
11.4833 611
11.5 612
11.5167 614
11.5333 615
11.55 617
11.5667 618
11.5833 619
11.6 621
11.6167 622
11.6333 623
11.65 625
11.6667 626
11.6833 627
11.7 628
11.7167 630
11.7333 631
11.75 632
11.7667 633
11.7833 635
11.8 636
11.8167 637
11.8333 638
11.85 639
11.8667 640
11.8833 641
11.9 642
11.9167 643
11.9333 644
11.95 645
11.9667 646
11.9833 647
12.0 648
12.0167 649
12.0333 650
12.05 651
12.0667 651
12.0833 652
12.1 653
12.1167 654
12.1333 655
12.15 655
12.1667 656
12.1833 657
12.2 658
12.2167 658
12.2333 659
12.25 660
12.2667 660
12.2833 661
12.3 661
12.3167 662
12.3333 662
12.35 663
12.3667 664
12.3833 664
12.4 664
12.4167 665
12.4333 665
12.45 666
12.4667 666
12.4833 667
12.5 667
12.5167 667
12.5333 668
12.55 668
12.5667 668
12.5833 668
12.6 669
12.6167 669
12.6333 669
12.65 669
12.6667 669
12.6833 669
12.7 670
12.7167 670
12.7333 670
12.75 670
12.7667 670
12.7833 670
12.8 670
12.8167 670
12.8333 670
12.85 670
12.8667 670
12.8833 670
12.9 670
12.9167 669
12.9333 669
12.95 669
12.9667 669
12.9833 669
13.0 668
13.0167 668
13.0333 668
13.05 668
13.0667 667
13.0833 667
13.1 667
13.1167 666
13.1333 666
13.15 666
13.1667 665
13.1833 665
13.2 664
13.2167 664
13.2333 663
13.25 663
13.2667 662
13.2833 662
13.3 661
13.3167 660
13.3333 660
13.35 659
13.3667 659
13.3833 658
13.4 657
13.4167 656
13.4333 656
13.45 655
13.4667 654
13.4833 653
13.5 653
13.5167 652
13.5333 651
13.55 650
13.5667 649
13.5833 648
13.6 647
13.6167 647
13.6333 646
13.65 645
13.6667 644
13.6833 643
13.7 642
13.7167 641
13.7333 639
13.75 638
13.7667 637
13.7833 636
13.8 635
13.8167 634
13.8333 633
13.85 631
13.8667 630
13.8833 629
13.9 628
13.9167 626
13.9333 625
13.95 624
13.9667 623
13.9833 621
14.0 620
14.0167 619
14.0333 617
14.05 616
14.0667 614
14.0833 613
14.1 611
14.1167 610
14.1333 608
14.15 607
14.1667 605
14.1833 604
14.2 602
14.2167 601
14.2333 599
14.25 597
14.2667 596
14.2833 594
14.3 592
14.3167 591
14.3333 589
14.35 587
14.3667 585
14.3833 584
14.4 582
14.4167 580
14.4333 578
14.45 576
14.4667 575
14.4833 573
14.5 571
14.5167 569
14.5333 567
14.55 565
14.5667 563
14.5833 561
14.6 559
14.6167 557
14.6333 555
14.65 553
14.6667 551
14.6833 549
14.7 547
14.7167 545
14.7333 543
14.75 541
14.7667 539
14.7833 536
14.8 534
14.8167 532
14.8333 530
14.85 528
14.8667 525
14.8833 523
14.9 521
14.9167 519
14.9333 516
14.95 514
14.9667 512
14.9833 509
15.0 508
15.0167 505
15.0333 503
15.05 500
15.0667 498
15.0833 496
15.1 493
15.1167 491
15.1333 488
15.15 486
15.1667 483
15.1833 481
15.2 478
15.2167 476
15.2333 473
15.25 471
15.2667 468
15.2833 465
15.3 463
15.3167 460
15.3333 457
15.35 455
15.3667 452
15.3833 450
15.4 447
15.4167 444
15.4333 441
15.45 439
15.4667 436
15.4833 433
15.5 430
15.5167 428
15.5333 425
15.55 422
15.5667 419
15.5833 416
15.6 414
15.6167 411
15.6333 408
15.65 405
15.6667 402
15.6833 399
15.7 396
15.7167 393
15.7333 391
15.75 388
15.7667 385
15.7833 382
15.8 379
15.8167 376
15.8333 373
15.85 370
15.8667 367
15.8833 364
15.9 361
15.9167 358
15.9333 355
15.95 352
15.9667 349
15.9833 346
16.0 342
16.0167 339
16.0333 336
16.05 333
16.0667 330
16.0833 327
16.1 324
16.1167 321
16.1333 318
16.15 314
16.1667 311
16.1833 308
16.2 305
16.2167 302
16.2333 299
16.25 296
16.2667 292
16.2833 289
16.3 286
16.3167 283
16.3333 280
16.35 276
16.3667 273
16.3833 270
16.4 267
16.4167 264
16.4333 260
16.45 257
16.4667 254
16.4833 251
16.5 247
16.5167 244
16.5333 241
16.55 238
16.5667 234
16.5833 231
16.6 228
16.6167 225
16.6333 222
16.65 218
16.6667 215
16.6833 212
16.7 209
16.7167 205
16.7333 202
16.75 199
16.7667 196
16.7833 192
16.8 189
16.8167 186
16.8333 183
16.85 180
16.8667 176
16.8833 173
16.9 170
16.9167 167
16.9333 164
16.95 161
16.9667 157
16.9833 154
