8.0 86
8.0167 89
8.0333 92
8.05 95
8.0667 99
8.0833 102
8.1 105
8.1167 108
8.1333 111
8.15 115
8.1667 118
8.1833 121
8.2 124
8.2167 128
8.2333 131
8.25 134
8.2667 138
8.2833 141
8.3 145
8.3167 148
8.3333 152
8.35 155
8.3667 159
8.3833 162
8.4 166
8.4167 169
8.4333 173
8.45 176
8.4667 180
8.4833 183
8.5 187
8.5167 191
8.5333 194
8.55 198
8.5667 201
8.5833 205
8.6 209
8.6167 212
8.6333 216
8.65 219
8.6667 223
8.6833 227
8.7 230
8.7167 234
8.7333 238
8.75 241
8.7667 245
8.7833 249
8.8 252
8.8167 256
8.8333 260
8.85 263
8.8667 267
8.8833 271
8.9 274
8.9167 278
8.9333 281
8.95 285
8.9667 289
8.9833 292
9.0 296
9.0167 301
9.0333 304
9.05 308
9.0667 311
9.0833 315
9.1 319
9.1167 322
9.1333 326
9.15 330
9.1667 333
9.1833 337
9.2 340
9.2167 344
9.2333 347
9.25 351
9.2667 355
9.2833 358
9.3 362
9.3167 365
9.3333 369
9.35 372
9.3667 376
9.3833 379
9.4 383
9.4167 387
9.4333 390
9.45 393
9.4667 397
9.4833 400
9.5 404
9.5167 407
9.5333 411
9.55 414
9.5667 418
9.5833 421
9.6 425
9.6167 428
9.6333 431
9.65 435
9.6667 438
9.6833 441
9.7 445
9.7167 448
9.7333 451
9.75 455
9.7667 458
9.7833 461
9.8 465
9.8167 468
9.8333 471
9.85 475
9.8667 478
9.8833 481
9.9 484
9.9167 487
9.9333 491
9.95 494
9.9667 497
9.9833 500
10.0 503
10.0167 506
10.0333 510
10.05 513
10.0667 516
10.0833 519
10.1 522
10.1167 525
10.1333 528
10.15 531
10.1667 534
10.1833 537
10.2 540
10.2167 543
10.2333 546
10.25 549
10.2667 552
10.2833 555
10.3 558
10.3167 561
10.3333 564
10.35 566
10.3667 569
10.3833 572
10.4 575
10.4167 578
10.4333 581
10.45 583
10.4667 586
10.4833 589
10.5 592
10.5167 594
10.5333 597
10.55 600
10.5667 602
10.5833 605
10.6 608
10.6167 610
10.6333 613
10.65 616
10.6667 618
10.6833 621
10.7 623
10.7167 626
10.7333 628
10.75 631
10.7667 633
10.7833 636
10.8 638
10.8167 641
10.8333 643
10.85 645
10.8667 648
10.8833 650
10.9 653
10.9167 655
10.9333 657
10.95 659
10.9667 662
10.9833 664
11.0 666
11.0167 668
11.0333 671
11.05 673
11.0667 675
11.0833 677
11.1 679
11.1167 682
11.1333 684
11.15 686
11.1667 688
11.1833 690
11.2 692
11.2167 694
11.2333 696
11.25 698
11.2667 700
11.2833 702
11.3 704
11.3167 706
11.3333 708
11.35 709
11.3667 711
11.3833 713
11.4 715
11.4167 717
11.4333 719
11.45 720
11.4667 722
11.4833 724
11.5 725
11.5167 727
11.5333 729
11.55 730
11.5667 732
11.5833 734
11.6 735
11.6167 737
11.6333 738
11.65 740
11.6667 742
11.6833 743
11.7 745
11.7167 746
11.7333 747
11.75 749
11.7667 750
11.7833 752
11.8 753
11.8167 754
11.8333 756
11.85 757
11.8667 758
11.8833 760
11.9 761
11.9167 762
11.9333 763
11.95 764
11.9667 766
11.9833 767
12.0 768
12.0167 769
12.0333 770
12.05 771
12.0667 772
12.0833 773
12.1 774
12.1167 775
12.1333 776
12.15 777
12.1667 778
12.1833 779
12.2 780
12.2167 781
12.2333 782
12.25 782
12.2667 783
12.2833 784
12.3 785
12.3167 786
12.3333 786
12.35 787
12.3667 788
12.3833 788
12.4 789
12.4167 790
12.4333 790
12.45 791
12.4667 792
12.4833 792
12.5 793
12.5167 793
12.5333 794
12.55 794
12.5667 795
12.5833 795
12.6 795
12.6167 796
12.6333 796
12.65 796
12.6667 797
12.6833 797
12.7 797
12.7167 798
12.7333 798
12.75 798
12.7667 798
12.7833 799
12.8 799
12.8167 799
12.8333 799
12.85 799
12.8667 799
12.8833 799
12.9 799
12.9167 799
12.9333 799
12.95 799
12.9667 799
12.9833 799
13.0 799
13.0167 799
13.0333 799
13.05 799
13.0667 799
13.0833 798
13.1 798
13.1167 798
13.1333 798
13.15 797
13.1667 797
13.1833 797
13.2 797
13.2167 796
13.2333 796
13.25 795
13.2667 795
13.2833 795
13.3 794
13.3167 794
13.3333 793
13.35 793
13.3667 792
13.3833 792
13.4 791
13.4167 790
13.4333 790
13.45 789
13.4667 789
13.4833 788
13.5 787
13.5167 786
13.5333 786
13.55 785
13.5667 784
13.5833 783
13.6 783
13.6167 782
13.6333 781
13.65 780
13.6667 779
13.6833 778
13.7 777
13.7167 776
13.7333 775
13.75 774
13.7667 773
13.7833 772
13.8 771
13.8167 770
13.8333 769
13.85 768
13.8667 767
13.8833 766
13.9 765
13.9167 763
13.9333 762
13.95 761
13.9667 760
13.9833 758
14.0 757
14.0167 756
14.0333 754
14.05 753
14.0667 752
14.0833 750
14.1 749
14.1167 748
14.1333 746
14.15 745
14.1667 743
14.1833 742
14.2 740
14.2167 739
14.2333 737
14.25 735
14.2667 734
14.2833 732
14.3 731
14.3167 729
14.3333 727
14.35 726
14.3667 724
14.3833 722
14.4 720
14.4167 719
14.4333 717
14.45 715
14.4667 713
14.4833 711
14.5 710
14.5167 708
14.5333 706
14.55 704
14.5667 702
14.5833 700
14.6 698
14.6167 696
14.6333 694
14.65 692
14.6667 690
14.6833 688
14.7 686
14.7167 684
14.7333 682
14.75 680
14.7667 677
14.7833 675
14.8 673
14.8167 671
14.8333 669
14.85 666
14.8667 664
14.8833 662
14.9 660
14.9167 657
14.9333 655
14.95 653
14.9667 650
14.9833 648
15.0 647
15.0167 644
15.0333 642
15.05 639
15.0667 637
15.0833 634
15.1 632
15.1167 629
15.1333 627
15.15 624
15.1667 622
15.1833 619
15.2 617
15.2167 614
15.2333 612
15.25 609
15.2667 606
15.2833 604
15.3 601
15.3167 598
15.3333 596
15.35 593
15.3667 590
15.3833 587
15.4 585
15.4167 582
15.4333 579
15.45 576
15.4667 573
15.4833 571
15.5 568
15.5167 565
15.5333 562
15.55 559
15.5667 556
15.5833 553
15.6 550
15.6167 547
15.6333 544
15.65 541
15.6667 538
15.6833 535
15.7 532
15.7167 529
15.7333 526
15.75 523
15.7667 520
15.7833 517
15.8 514
15.8167 511
15.8333 508
15.85 505
15.8667 501
15.8833 498
15.9 495
15.9167 492
15.9333 489
15.95 485
15.9667 482
15.9833 479
16.0 476
16.0167 473
16.0333 469
16.05 466
16.0667 463
16.0833 459
16.1 456
16.1167 453
16.1333 449
16.15 446
16.1667 443
16.1833 439
16.2 436
16.2167 433
16.2333 429
16.25 426
16.2667 422
16.2833 419
16.3 416
16.3167 412
16.3333 409
16.35 405
16.3667 402
16.3833 398
16.4 395
16.4167 391
16.4333 388
16.45 384
16.4667 381
16.4833 377
16.5 374
16.5167 370
16.5333 367
16.55 363
16.5667 359
16.5833 356
16.6 352
16.6167 349
16.6333 345
16.65 342
16.6667 338
16.6833 334
16.7 331
16.7167 327
16.7333 324
16.75 320
16.7667 316
16.7833 313
16.8 309
16.8167 305
16.8333 302
16.85 298
16.8667 294
16.8833 291
16.9 287
16.9167 283
16.9333 280
16.95 276
16.9667 272
16.9833 269
