8.0 107
8.0167 110
8.0333 114
8.05 117
8.0667 120
8.0833 123
8.1 127
8.1167 130
8.1333 134
8.15 137
8.1667 140
8.1833 144
8.2 147
8.2167 151
8.2333 154
8.25 158
8.2667 161
8.2833 165
8.3 168
8.3167 172
8.3333 175
8.35 179
8.3667 182
8.3833 186
8.4 190
8.4167 193
8.4333 197
8.45 200
8.4667 204
8.4833 208
8.5 211
8.5167 215
8.5333 219
8.55 222
8.5667 226
8.5833 230
8.6 233
8.6167 237
8.6333 241
8.65 244
8.6667 248
8.6833 252
8.7 255
8.7167 259
8.7333 263
8.75 266
8.7667 270
8.7833 274
8.8 277
8.8167 281
8.8333 285
8.85 288
8.8667 292
8.8833 296
8.9 300
8.9167 303
8.9333 307
8.95 311
8.9667 314
8.9833 318
9.0 322
9.0167 326
9.0333 330
9.05 334
9.0667 337
9.0833 341
9.1 345
9.1167 348
9.1333 352
9.15 356
9.1667 359
9.1833 363
9.2 366
9.2167 370
9.2333 374
9.25 377
9.2667 381
9.2833 384
9.3 388
9.3167 392
9.3333 395
9.35 399
9.3667 402
9.3833 406
9.4 409
9.4167 413
9.4333 416
9.45 420
9.4667 423
9.4833 427
9.5 430
9.5167 434
9.5333 437
9.55 441
9.5667 444
9.5833 448
9.6 451
9.6167 455
9.6333 458
9.65 461
9.6667 465
9.6833 468
9.7 472
9.7167 475
9.7333 478
9.75 482
9.7667 485
9.7833 488
9.8 492
9.8167 495
9.8333 498
9.85 501
9.8667 505
9.8833 508
9.9 511
9.9167 514
9.9333 518
9.95 521
9.9667 524
9.9833 527
10.0 530
10.0167 534
10.0333 537
10.05 540
10.0667 543
10.0833 546
10.1 549
10.1167 552
10.1333 555
10.15 558
10.1667 561
10.1833 564
10.2 567
10.2167 570
10.2333 573
10.25 576
10.2667 579
10.2833 582
10.3 585
10.3167 588
10.3333 591
10.35 594
10.3667 597
10.3833 599
10.4 602
10.4167 605
10.4333 608
10.45 611
10.4667 614
10.4833 616
10.5 619
10.5167 622
10.5333 624
10.55 627
10.5667 630
10.5833 633
10.6 635
10.6167 638
10.6333 640
10.65 643
10.6667 646
10.6833 648
10.7 651
10.7167 653
10.7333 656
10.75 658
10.7667 661
10.7833 663
10.8 666
10.8167 668
10.8333 671
10.85 673
10.8667 675
10.8833 678
10.9 680
10.9167 682
10.9333 685
10.95 687
10.9667 689
10.9833 692
11.0 694
11.0167 696
11.0333 698
11.05 701
11.0667 703
11.0833 705
11.1 707
11.1167 709
11.1333 711
11.15 713
11.1667 716
11.1833 718
11.2 720
11.2167 722
11.2333 724
11.25 726
11.2667 728
11.2833 730
11.3 731
11.3167 733
11.3333 735
11.35 737
11.3667 739
11.3833 741
11.4 743
11.4167 745
11.4333 746
11.45 748
11.4667 750
11.4833 752
11.5 753
11.5167 755
11.5333 757
11.55 758
11.5667 760
11.5833 762
11.6 763
11.6167 765
11.6333 766
11.65 768
11.6667 769
11.6833 771
11.7 772
11.7167 774
11.7333 775
11.75 777
11.7667 778
11.7833 779
11.8 781
11.8167 782
11.8333 783
11.85 785
11.8667 786
11.8833 787
11.9 789
11.9167 790
11.9333 791
11.95 792
11.9667 793
11.9833 794
12.0 796
12.0167 797
12.0333 798
12.05 799
12.0667 800
12.0833 801
12.1 802
12.1167 803
12.1333 804
12.15 805
12.1667 806
12.1833 807
12.2 808
12.2167 808
12.2333 809
12.25 810
12.2667 811
12.2833 812
12.3 813
12.3167 813
12.3333 814
12.35 815
12.3667 815
12.3833 816
12.4 817
12.4167 817
12.4333 818
12.45 819
12.4667 819
12.4833 820
12.5 820
12.5167 821
12.5333 821
12.55 822
12.5667 822
12.5833 822
12.6 823
12.6167 823
12.6333 824
12.65 824
12.6667 824
12.6833 825
12.7 825
12.7167 825
12.7333 825
12.75 826
12.7667 826
12.7833 826
12.8 826
12.8167 826
12.8333 826
12.85 826
12.8667 826
12.8833 826
12.9 827
12.9167 827
12.9333 827
12.95 826
12.9667 826
12.9833 826
13.0 826
13.0167 826
13.0333 826
13.05 826
13.0667 826
13.0833 825
13.1 825
13.1167 825
13.1333 825
13.15 824
13.1667 824
13.1833 824
13.2 824
13.2167 823
13.2333 823
13.25 822
13.2667 822
13.2833 822
13.3 821
13.3167 821
13.3333 820
13.35 820
13.3667 819
13.3833 818
13.4 818
13.4167 817
13.4333 817
13.45 816
13.4667 815
13.4833 815
13.5 814
13.5167 813
13.5333 812
13.55 812
13.5667 811
13.5833 810
13.6 809
13.6167 808
13.6333 807
13.65 807
13.6667 806
13.6833 805
13.7 804
13.7167 803
13.7333 802
13.75 801
13.7667 800
13.7833 799
13.8 798
13.8167 797
13.8333 795
13.85 794
13.8667 793
13.8833 792
13.9 791
13.9167 790
13.9333 788
13.95 787
13.9667 786
13.9833 785
14.0 783
14.0167 782
14.0333 781
14.05 779
14.0667 778
14.0833 776
14.1 775
14.1167 773
14.1333 772
14.15 771
14.1667 769
14.1833 768
14.2 766
14.2167 764
14.2333 763
14.25 761
14.2667 760
14.2833 758
14.3 756
14.3167 755
14.3333 753
14.35 751
14.3667 749
14.3833 748
14.4 746
14.4167 744
14.4333 742
14.45 741
14.4667 739
14.4833 737
14.5 735
14.5167 733
14.5333 731
14.55 729
14.5667 727
14.5833 725
14.6 723
14.6167 721
14.6333 719
14.65 717
14.6667 715
14.6833 713
14.7 711
14.7167 709
14.7333 707
14.75 705
14.7667 702
14.7833 700
14.8 698
14.8167 696
14.8333 694
14.85 691
14.8667 689
14.8833 687
14.9 684
14.9167 682
14.9333 680
14.95 677
14.9667 675
14.9833 673
15.0 671
15.0167 669
15.0333 666
15.05 664
15.0667 661
15.0833 659
15.1 656
15.1167 654
15.1333 651
15.15 649
15.1667 646
15.1833 643
15.2 641
15.2167 638
15.2333 636
15.25 633
15.2667 630
15.2833 628
15.3 625
15.3167 622
15.3333 619
15.35 617
15.3667 614
15.3833 611
15.4 608
15.4167 606
15.4333 603
15.45 600
15.4667 597
15.4833 594
15.5 591
15.5167 588
15.5333 585
15.55 583
15.5667 580
15.5833 577
15.6 574
15.6167 571
15.6333 568
15.65 565
15.6667 562
15.6833 559
15.7 556
15.7167 552
15.7333 549
15.75 546
15.7667 543
15.7833 540
15.8 537
15.8167 534
15.8333 531
15.85 527
15.8667 524
15.8833 521
15.9 518
15.9167 515
15.9333 511
15.95 508
15.9667 505
15.9833 502
16.0 498
16.0167 495
16.0333 492
16.05 488
16.0667 485
16.0833 482
16.1 478
16.1167 475
16.1333 472
16.15 468
16.1667 465
16.1833 462
16.2 458
16.2167 455
16.2333 451
16.25 448
16.2667 444
16.2833 441
16.3 438
16.3167 434
16.3333 431
16.35 427
16.3667 424
16.3833 420
16.4 417
16.4167 413
16.4333 410
16.45 406
16.4667 402
16.4833 399
16.5 395
16.5167 392
16.5333 388
16.55 385
16.5667 381
16.5833 377
16.6 374
16.6167 370
16.6333 367
16.65 363
16.6667 359
16.6833 356
16.7 352
16.7167 348
16.7333 345
16.75 341
16.7667 337
16.7833 334
16.8 330
16.8167 326
16.8333 323
16.85 319
16.8667 315
16.8833 312
16.9 308
16.9167 304
16.9333 301
16.95 297
16.9667 293
16.9833 289
