8.0 89
8.0167 92
8.0333 95
8.05 98
8.0667 101
8.0833 104
8.1 107
8.1167 110
8.1333 113
8.15 117
8.1667 120
8.1833 123
8.2 126
8.2167 130
8.2333 133
8.25 136
8.2667 140
8.2833 143
8.3 146
8.3167 150
8.3333 153
8.35 157
8.3667 160
8.3833 164
8.4 167
8.4167 171
8.4333 174
8.45 178
8.4667 181
8.4833 185
8.5 188
8.5167 192
8.5333 195
8.55 199
8.5667 202
8.5833 206
8.6 209
8.6167 213
8.6333 217
8.65 220
8.6667 224
8.6833 227
8.7 231
8.7167 234
8.7333 238
8.75 242
8.7667 245
8.7833 249
8.8 253
8.8167 256
8.8333 260
8.85 263
8.8667 267
8.8833 271
8.9 274
8.9167 278
8.9333 281
8.95 285
8.9667 289
8.9833 292
9.0 296
9.0167 300
9.0333 304
9.05 308
9.0667 311
9.0833 315
9.1 318
9.1167 322
9.1333 325
9.15 329
9.1667 333
9.1833 336
9.2 340
9.2167 343
9.2333 347
9.25 350
9.2667 354
9.2833 358
9.3 361
9.3167 365
9.3333 368
9.35 372
9.3667 375
9.3833 379
9.4 382
9.4167 386
9.4333 389
9.45 393
9.4667 396
9.4833 399
9.5 403
9.5167 406
9.5333 410
9.55 413
9.5667 417
9.5833 420
9.6 423
9.6167 427
9.6333 430
9.65 434
9.6667 437
9.6833 440
9.7 444
9.7167 447
9.7333 450
9.75 454
9.7667 457
9.7833 460
9.8 463
9.8167 467
9.8333 470
9.85 473
9.8667 476
9.8833 480
9.9 483
9.9167 486
9.9333 489
9.95 492
9.9667 496
9.9833 499
10.0 502
10.0167 505
10.0333 508
10.05 511
10.0667 514
10.0833 517
10.1 520
10.1167 523
10.1333 526
10.15 529
10.1667 533
10.1833 536
10.2 538
10.2167 541
10.2333 544
10.25 547
10.2667 550
10.2833 553
10.3 556
10.3167 559
10.3333 562
10.35 565
10.3667 568
10.3833 570
10.4 573
10.4167 576
10.4333 579
10.45 582
10.4667 584
10.4833 587
10.5 590
10.5167 593
10.5333 595
10.55 598
10.5667 601
10.5833 603
10.6 606
10.6167 608
10.6333 611
10.65 614
10.6667 616
10.6833 619
10.7 621
10.7167 624
10.7333 626
10.75 629
10.7667 631
10.7833 634
10.8 636
10.8167 639
10.8333 641
10.85 643
10.8667 646
10.8833 648
10.9 651
10.9167 653
10.9333 655
10.95 657
10.9667 660
10.9833 662
11.0 664
11.0167 666
11.0333 669
11.05 671
11.0667 673
11.0833 675
11.1 677
11.1167 679
11.1333 682
11.15 684
11.1667 686
11.1833 688
11.2 690
11.2167 692
11.2333 694
11.25 696
11.2667 698
11.2833 700
11.3 702
11.3167 704
11.3333 705
11.35 707
11.3667 709
11.3833 711
11.4 713
11.4167 715
11.4333 716
11.45 718
11.4667 720
11.4833 722
11.5 723
11.5167 725
11.5333 727
11.55 728
11.5667 730
11.5833 732
11.6 733
11.6167 735
11.6333 736
11.65 738
11.6667 739
11.6833 741
11.7 742
11.7167 744
11.7333 745
11.75 747
11.7667 748
11.7833 749
11.8 751
11.8167 752
11.8333 754
11.85 755
11.8667 756
11.8833 757
11.9 759
11.9167 760
11.9333 761
11.95 762
11.9667 763
11.9833 765
12.0 766
12.0167 767
12.0333 768
12.05 769
12.0667 770
12.0833 771
12.1 772
12.1167 773
12.1333 774
12.15 775
12.1667 776
12.1833 777
12.2 778
12.2167 779
12.2333 779
12.25 780
12.2667 781
12.2833 782
12.3 783
12.3167 783
12.3333 784
12.35 785
12.3667 786
12.3833 786
12.4 787
12.4167 788
12.4333 788
12.45 789
12.4667 789
12.4833 790
12.5 790
12.5167 791
12.5333 791
12.55 792
12.5667 792
12.5833 793
12.6 793
12.6167 794
12.6333 794
12.65 794
12.6667 795
12.6833 795
12.7 795
12.7167 795
12.7333 796
12.75 796
12.7667 796
12.7833 796
12.8 796
12.8167 797
12.8333 797
12.85 797
12.8667 797
12.8833 797
12.9 797
12.9167 797
12.9333 797
12.95 797
12.9667 797
12.9833 797
13.0 797
13.0167 797
13.0333 797
13.05 796
13.0667 796
13.0833 796
13.1 796
13.1167 796
13.1333 795
13.15 795
13.1667 795
13.1833 795
13.2 794
13.2167 794
13.2333 793
13.25 793
13.2667 793
13.2833 792
13.3 792
13.3167 791
13.3333 791
13.35 790
13.3667 790
13.3833 789
13.4 789
13.4167 788
13.4333 787
13.45 787
13.4667 786
13.4833 786
13.5 785
13.5167 784
13.5333 783
13.55 783
13.5667 782
13.5833 781
13.6 780
13.6167 779
13.6333 779
13.65 778
13.6667 777
13.6833 776
13.7 775
13.7167 774
13.7333 773
13.75 772
13.7667 771
13.7833 770
13.8 769
13.8167 768
13.8333 767
13.85 766
13.8667 765
13.8833 763
13.9 762
13.9167 761
13.9333 760
13.95 759
13.9667 757
13.9833 756
14.0 755
14.0167 753
14.0333 752
14.05 751
14.0667 749
14.0833 748
14.1 747
14.1167 745
14.1333 744
14.15 742
14.1667 741
14.1833 739
14.2 738
14.2167 736
14.2333 735
14.25 733
14.2667 732
14.2833 730
14.3 728
14.3167 727
14.3333 725
14.35 723
14.3667 722
14.3833 720
14.4 718
14.4167 716
14.4333 715
14.45 713
14.4667 711
14.4833 709
14.5 707
14.5167 705
14.5333 704
14.55 702
14.5667 700
14.5833 698
14.6 696
14.6167 694
14.6333 692
14.65 690
14.6667 688
14.6833 686
14.7 684
14.7167 682
14.7333 679
14.75 677
14.7667 675
14.7833 673
14.8 671
14.8167 669
14.8333 666
14.85 664
14.8667 662
14.8833 660
14.9 657
14.9167 655
14.9333 653
14.95 650
14.9667 648
14.9833 646
15.0 644
15.0167 642
15.0333 640
15.05 637
15.0667 635
15.0833 632
15.1 630
15.1167 627
15.1333 625
15.15 622
15.1667 620
15.1833 617
15.2 615
15.2167 612
15.2333 609
15.25 607
15.2667 604
15.2833 601
15.3 599
15.3167 596
15.3333 593
15.35 591
15.3667 588
15.3833 585
15.4 582
15.4167 580
15.4333 577
15.45 574
15.4667 571
15.4833 568
15.5 566
15.5167 563
15.5333 560
15.55 557
15.5667 554
15.5833 551
15.6 548
15.6167 545
15.6333 542
15.65 539
15.6667 536
15.6833 533
15.7 530
15.7167 527
15.7333 524
15.75 521
15.7667 518
15.7833 515
15.8 512
15.8167 509
15.8333 506
15.85 503
15.8667 499
15.8833 496
15.9 493
15.9167 490
15.9333 487
15.95 484
15.9667 480
15.9833 477
16.0 474
16.0167 471
16.0333 467
16.05 464
16.0667 461
16.0833 458
16.1 454
16.1167 451
16.1333 448
16.15 444
16.1667 441
16.1833 438
16.2 434
16.2167 431
16.2333 428
16.25 424
16.2667 421
16.2833 417
16.3 414
16.3167 411
16.3333 407
16.35 404
16.3667 400
16.3833 397
16.4 393
16.4167 390
16.4333 386
16.45 383
16.4667 379
16.4833 376
16.5 372
16.5167 369
16.5333 365
16.55 362
16.5667 358
16.5833 355
16.6 351
16.6167 348
16.6333 344
16.65 340
16.6667 337
16.6833 333
16.7 330
16.7167 326
16.7333 323
16.75 319
16.7667 315
16.7833 312
16.8 308
16.8167 305
16.8333 301
16.85 297
16.8667 294
16.8833 290
16.9 287
16.9167 283
16.9333 279
16.95 276
16.9667 272
16.9833 268
