8.0 238
8.0167 242
8.0333 246
8.05 250
8.0667 254
8.0833 258
8.1 262
8.1167 266
8.1333 270
8.15 274
8.1667 278
8.1833 282
8.2 286
8.2167 290
8.2333 294
8.25 298
8.2667 302
8.2833 306
8.3 310
8.3167 314
8.3333 318
8.35 322
8.3667 326
8.3833 330
8.4 334
8.4167 338
8.4333 342
8.45 346
8.4667 350
8.4833 354
8.5 358
8.5167 362
8.5333 366
8.55 370
8.5667 374
8.5833 378
8.6 382
8.6167 386
8.6333 390
8.65 394
8.6667 398
8.6833 402
8.7 406
8.7167 410
8.7333 414
8.75 418
8.7667 422
8.7833 426
8.8 429
8.8167 433
8.8333 437
8.85 441
8.8667 445
8.8833 449
8.9 453
8.9167 457
8.9333 461
8.95 464
8.9667 468
8.9833 472
9.0 476
9.0167 481
9.0333 485
9.05 488
9.0667 492
9.0833 496
9.1 500
9.1167 504
9.1333 507
9.15 511
9.1667 515
9.1833 518
9.2 522
9.2167 526
9.2333 530
9.25 533
9.2667 537
9.2833 541
9.3 544
9.3167 548
9.3333 552
9.35 555
9.3667 559
9.3833 562
9.4 566
9.4167 570
9.4333 573
9.45 577
9.4667 580
9.4833 584
9.5 587
9.5167 591
9.5333 594
9.55 598
9.5667 601
9.5833 605
9.6 608
9.6167 612
9.6333 615
9.65 619
9.6667 622
9.6833 625
9.7 629
9.7167 632
9.7333 636
9.75 639
9.7667 642
9.7833 646
9.8 649
9.8167 652
9.8333 655
9.85 659
9.8667 662
9.8833 665
9.9 668
9.9167 672
9.9333 675
9.95 678
9.9667 681
9.9833 684
10.0 688
10.0167 691
10.0333 694
10.05 697
10.0667 700
10.0833 703
10.1 706
10.1167 709
10.1333 712
10.15 715
10.1667 718
10.1833 721
10.2 724
10.2167 727
10.2333 730
10.25 733
10.2667 736
10.2833 739
10.3 741
10.3167 744
10.3333 747
10.35 750
10.3667 753
10.3833 756
10.4 758
10.4167 761
10.4333 764
10.45 767
10.4667 769
10.4833 772
10.5 775
10.5167 777
10.5333 780
10.55 783
10.5667 785
10.5833 788
10.6 790
10.6167 793
10.6333 795
10.65 798
10.6667 801
10.6833 803
10.7 805
10.7167 808
10.7333 810
10.75 813
10.7667 815
10.7833 818
10.8 820
10.8167 822
10.8333 825
10.85 827
10.8667 829
10.8833 832
10.9 834
10.9167 836
10.9333 838
10.95 840
10.9667 843
10.9833 845
11.0 847
11.0167 849
11.0333 851
11.05 853
11.0667 855
11.0833 857
11.1 860
11.1167 862
11.1333 864
11.15 866
11.1667 867
11.1833 869
11.2 871
11.2167 873
11.2333 875
11.25 877
11.2667 879
11.2833 881
11.3 883
11.3167 884
11.3333 886
11.35 888
11.3667 890
11.3833 891
11.4 893
11.4167 895
11.4333 896
11.45 898
11.4667 900
11.4833 901
11.5 903
11.5167 904
11.5333 906
11.55 908
11.5667 909
11.5833 911
11.6 912
11.6167 913
11.6333 915
11.65 916
11.6667 918
11.6833 919
11.7 920
11.7167 922
11.7333 923
11.75 924
11.7667 926
11.7833 927
11.8 928
11.8167 929
11.8333 930
11.85 932
11.8667 933
11.8833 934
11.9 935
11.9167 936
11.9333 937
11.95 938
11.9667 939
11.9833 940
12.0 941
12.0167 942
12.0333 943
12.05 944
12.0667 945
12.0833 946
12.1 947
12.1167 948
12.1333 948
12.15 949
12.1667 950
12.1833 951
12.2 952
12.2167 952
12.2333 953
12.25 954
12.2667 954
12.2833 955
12.3 956
12.3167 956
12.3333 957
12.35 957
12.3667 958
12.3833 958
12.4 959
12.4167 959
12.4333 960
12.45 960
12.4667 961
12.4833 961
12.5 961
12.5167 962
12.5333 962
12.55 962
12.5667 963
12.5833 963
12.6 963
12.6167 963
12.6333 964
12.65 964
12.6667 964
12.6833 964
12.7 964
12.7167 964
12.7333 964
12.75 964
12.7667 964
12.7833 964
12.8 964
12.8167 964
12.8333 964
12.85 964
12.8667 964
12.8833 964
12.9 964
12.9167 964
12.9333 964
12.95 964
12.9667 963
12.9833 963
13.0 963
13.0167 963
13.0333 962
13.05 962
13.0667 962
13.0833 961
13.1 961
13.1167 960
13.1333 960
13.15 960
13.1667 959
13.1833 959
13.2 958
13.2167 958
13.2333 957
13.25 956
13.2667 956
13.2833 955
13.3 955
13.3167 954
13.3333 953
13.35 953
13.3667 952
13.3833 951
13.4 950
13.4167 950
13.4333 949
13.45 948
13.4667 947
13.4833 946
13.5 945
13.5167 945
13.5333 944
13.55 943
13.5667 942
13.5833 941
13.6 940
13.6167 939
13.6333 938
13.65 937
13.6667 936
13.6833 934
13.7 933
13.7167 932
13.7333 931
13.75 930
13.7667 929
13.7833 927
13.8 926
13.8167 925
13.8333 924
13.85 922
13.8667 921
13.8833 920
13.9 918
13.9167 917
13.9333 916
13.95 914
13.9667 913
13.9833 911
14.0 910
14.0167 908
14.0333 907
14.05 905
14.0667 904
14.0833 902
14.1 900
14.1167 899
14.1333 897
14.15 896
14.1667 894
14.1833 892
14.2 891
14.2167 889
14.2333 887
14.25 885
14.2667 883
14.2833 882
14.3 880
14.3167 878
14.3333 876
14.35 874
14.3667 872
14.3833 870
14.4 868
14.4167 867
14.4333 865
14.45 863
14.4667 861
14.4833 858
14.5 856
14.5167 854
14.5333 852
14.55 850
14.5667 848
14.5833 846
14.6 844
14.6167 842
14.6333 839
14.65 837
14.6667 835
14.6833 833
14.7 830
14.7167 828
14.7333 826
14.75 823
14.7667 821
14.7833 819
14.8 816
14.8167 814
14.8333 812
14.85 809
14.8667 807
14.8833 804
14.9 802
14.9167 799
14.9333 797
14.95 794
14.9667 792
14.9833 789
15.0 787
15.0167 784
15.0333 782
15.05 779
15.0667 777
15.0833 774
15.1 771
15.1167 768
15.1333 766
15.15 763
15.1667 760
15.1833 758
15.2 755
15.2167 752
15.2333 749
15.25 746
15.2667 743
15.2833 741
15.3 738
15.3167 735
15.3333 732
15.35 729
15.3667 726
15.3833 723
15.4 720
15.4167 717
15.4333 714
15.45 711
15.4667 708
15.4833 705
15.5 702
15.5167 699
15.5333 696
15.55 693
15.5667 690
15.5833 686
15.6 683
15.6167 680
15.6333 677
15.65 674
15.6667 671
15.6833 667
15.7 664
15.7167 661
15.7333 658
15.75 654
15.7667 651
15.7833 648
15.8 644
15.8167 641
15.8333 638
15.85 634
15.8667 631
15.8833 628
15.9 624
15.9167 621
15.9333 617
15.95 614
15.9667 611
15.9833 607
16.0 604
16.0167 600
16.0333 597
16.05 593
16.0667 590
16.0833 586
16.1 583
16.1167 579
16.1333 576
16.15 572
16.1667 568
16.1833 565
16.2 561
16.2167 558
16.2333 554
16.25 550
16.2667 547
16.2833 543
16.3 539
16.3167 536
16.3333 532
16.35 528
16.3667 525
16.3833 521
16.4 517
16.4167 513
16.4333 510
16.45 506
16.4667 502
16.4833 498
16.5 495
16.5167 491
16.5333 487
16.55 483
16.5667 479
16.5833 476
16.6 472
16.6167 468
16.6333 464
16.65 460
16.6667 456
16.6833 452
16.7 449
16.7167 445
16.7333 441
16.75 437
16.7667 433
16.7833 429
16.8 425
16.8167 421
16.8333 417
16.85 413
16.8667 409
16.8833 405
16.9 401
16.9167 397
16.9333 394
16.95 390
16.9667 386
16.9833 382
