8.0 201
8.0167 205
8.0333 209
8.05 213
8.0667 217
8.0833 221
8.1 224
8.1167 228
8.1333 232
8.15 236
8.1667 240
8.1833 244
8.2 248
8.2167 252
8.2333 256
8.25 260
8.2667 264
8.2833 268
8.3 272
8.3167 276
8.3333 280
8.35 284
8.3667 288
8.3833 292
8.4 296
8.4167 300
8.4333 304
8.45 308
8.4667 312
8.4833 316
8.5 320
8.5167 324
8.5333 328
8.55 332
8.5667 336
8.5833 340
8.6 344
8.6167 348
8.6333 351
8.65 355
8.6667 359
8.6833 363
8.7 367
8.7167 371
8.7333 375
8.75 379
8.7667 383
8.7833 387
8.8 391
8.8167 395
8.8333 399
8.85 403
8.8667 406
8.8833 410
8.9 414
8.9167 418
8.9333 422
8.95 426
8.9667 430
8.9833 434
9.0 437
9.0167 442
9.0333 446
9.05 450
9.0667 454
9.0833 458
9.1 461
9.1167 465
9.1333 469
9.15 473
9.1667 477
9.1833 480
9.2 484
9.2167 488
9.2333 492
9.25 495
9.2667 499
9.2833 503
9.3 506
9.3167 510
9.3333 514
9.35 517
9.3667 521
9.3833 525
9.4 528
9.4167 532
9.4333 536
9.45 539
9.4667 543
9.4833 546
9.5 550
9.5167 553
9.5333 557
9.55 561
9.5667 564
9.5833 568
9.6 571
9.6167 575
9.6333 578
9.65 581
9.6667 585
9.6833 588
9.7 592
9.7167 595
9.7333 599
9.75 602
9.7667 605
9.7833 609
9.8 612
9.8167 615
9.8333 619
9.85 622
9.8667 625
9.8833 629
9.9 632
9.9167 635
9.9333 638
9.95 642
9.9667 645
9.9833 648
10.0 651
10.0167 654
10.0333 658
10.05 661
10.0667 664
10.0833 667
10.1 670
10.1167 673
10.1333 676
10.15 679
10.1667 682
10.1833 685
10.2 688
10.2167 691
10.2333 694
10.25 697
10.2667 700
10.2833 703
10.3 706
10.3167 709
10.3333 712
10.35 715
10.3667 718
10.3833 720
10.4 723
10.4167 726
10.4333 729
10.45 732
10.4667 734
10.4833 737
10.5 740
10.5167 743
10.5333 745
10.55 748
10.5667 751
10.5833 753
10.6 756
10.6167 758
10.6333 761
10.65 764
10.6667 766
10.6833 769
10.7 771
10.7167 774
10.7333 776
10.75 779
10.7667 781
10.7833 784
10.8 786
10.8167 788
10.8333 791
10.85 793
10.8667 796
10.8833 798
10.9 800
10.9167 803
10.9333 805
10.95 807
10.9667 809
10.9833 812
11.0 814
11.0167 816
11.0333 818
11.05 820
11.0667 822
11.0833 824
11.1 827
11.1167 829
11.1333 831
11.15 833
11.1667 835
11.1833 837
11.2 839
11.2167 841
11.2333 843
11.25 845
11.2667 847
11.2833 848
11.3 850
11.3167 852
11.3333 854
11.35 856
11.3667 858
11.3833 859
11.4 861
11.4167 863
11.4333 865
11.45 866
11.4667 868
11.4833 870
11.5 871
11.5167 873
11.5333 875
11.55 876
11.5667 878
11.5833 879
11.6 881
11.6167 882
11.6333 884
11.65 885
11.6667 887
11.6833 888
11.7 890
11.7167 891
11.7333 892
11.75 894
11.7667 895
11.7833 896
11.8 898
11.8167 899
11.8333 900
11.85 901
11.8667 903
11.8833 904
11.9 905
11.9167 906
11.9333 907
11.95 908
11.9667 909
11.9833 910
12.0 911
12.0167 913
12.0333 914
12.05 915
12.0667 915
12.0833 916
12.1 917
12.1167 918
12.1333 919
12.15 920
12.1667 921
12.1833 922
12.2 922
12.2167 923
12.2333 924
12.25 925
12.2667 925
12.2833 926
12.3 927
12.3167 927
12.3333 928
12.35 929
12.3667 929
12.3833 930
12.4 930
12.4167 931
12.4333 931
12.45 932
12.4667 932
12.4833 933
12.5 933
12.5167 934
12.5333 934
12.55 934
12.5667 935
12.5833 935
12.6 935
12.6167 936
12.6333 936
12.65 936
12.6667 936
12.6833 937
12.7 937
12.7167 937
12.7333 937
12.75 937
12.7667 937
12.7833 937
12.8 937
12.8167 937
12.8333 937
12.85 937
12.8667 937
12.8833 937
12.9 937
12.9167 937
12.9333 937
12.95 937
12.9667 937
12.9833 937
13.0 936
13.0167 936
13.0333 936
13.05 936
13.0667 935
13.0833 935
13.1 935
13.1167 934
13.1333 934
13.15 934
13.1667 933
13.1833 933
13.2 932
13.2167 932
13.2333 931
13.25 931
13.2667 930
13.2833 930
13.3 929
13.3167 929
13.3333 928
13.35 927
13.3667 927
13.3833 926
13.4 925
13.4167 925
13.4333 924
13.45 923
13.4667 922
13.4833 922
13.5 921
13.5167 920
13.5333 919
13.55 918
13.5667 917
13.5833 916
13.6 915
13.6167 914
13.6333 913
13.65 912
13.6667 911
13.6833 910
13.7 909
13.7167 908
13.7333 907
13.75 906
13.7667 905
13.7833 904
13.8 902
13.8167 901
13.8333 900
13.85 899
13.8667 897
13.8833 896
13.9 895
13.9167 893
13.9333 892
13.95 891
13.9667 889
13.9833 888
14.0 886
14.0167 885
14.0333 884
14.05 882
14.0667 881
14.0833 879
14.1 877
14.1167 876
14.1333 874
14.15 873
14.1667 871
14.1833 869
14.2 868
14.2167 866
14.2333 864
14.25 863
14.2667 861
14.2833 859
14.3 857
14.3167 856
14.3333 854
14.35 852
14.3667 850
14.3833 848
14.4 846
14.4167 844
14.4333 842
14.45 840
14.4667 838
14.4833 836
14.5 834
14.5167 832
14.5333 830
14.55 828
14.5667 826
14.5833 824
14.6 822
14.6167 820
14.6333 818
14.65 816
14.6667 813
14.6833 811
14.7 809
14.7167 807
14.7333 804
14.75 802
14.7667 800
14.7833 797
14.8 795
14.8167 793
14.8333 790
14.85 788
14.8667 786
14.8833 783
14.9 781
14.9167 778
14.9333 776
14.95 773
14.9667 771
14.9833 768
15.0 766
15.0167 764
15.0333 761
15.05 759
15.0667 756
15.0833 753
15.1 751
15.1167 748
15.1333 745
15.15 743
15.1667 740
15.1833 737
15.2 735
15.2167 732
15.2333 729
15.25 726
15.2667 723
15.2833 721
15.3 718
15.3167 715
15.3333 712
15.35 709
15.3667 706
15.3833 703
15.4 700
15.4167 697
15.4333 694
15.45 691
15.4667 688
15.4833 685
15.5 682
15.5167 679
15.5333 676
15.55 673
15.5667 670
15.5833 667
15.6 664
15.6167 661
15.6333 658
15.65 654
15.6667 651
15.6833 648
15.7 645
15.7167 642
15.7333 638
15.75 635
15.7667 632
15.7833 629
15.8 625
15.8167 622
15.8333 619
15.85 615
15.8667 612
15.8833 609
15.9 605
15.9167 602
15.9333 599
15.95 595
15.9667 592
15.9833 588
16.0 585
16.0167 581
16.0333 578
16.05 575
16.0667 571
16.0833 568
16.1 564
16.1167 560
16.1333 557
16.15 553
16.1667 550
16.1833 546
16.2 543
16.2167 539
16.2333 536
16.25 532
16.2667 528
16.2833 525
16.3 521
16.3167 517
16.3333 514
16.35 510
16.3667 506
16.3833 503
16.4 499
16.4167 495
16.4333 491
16.45 488
16.4667 484
16.4833 480
16.5 476
16.5167 473
16.5333 469
16.55 465
16.5667 461
16.5833 458
16.6 454
16.6167 450
16.6333 446
16.65 442
16.6667 438
16.6833 435
16.7 431
16.7167 427
16.7333 423
16.75 419
16.7667 415
16.7833 411
16.8 407
16.8167 404
16.8333 400
16.85 396
16.8667 392
16.8833 388
16.9 384
16.9167 380
16.9333 376
16.95 372
16.9667 368
16.9833 364
