8.0 146
8.0167 150
8.0333 153
8.05 157
8.0667 161
8.0833 164
8.1 168
8.1167 172
8.1333 175
8.15 179
8.1667 183
8.1833 187
8.2 190
8.2167 194
8.2333 198
8.25 202
8.2667 206
8.2833 209
8.3 213
8.3167 217
8.3333 221
8.35 225
8.3667 229
8.3833 233
8.4 236
8.4167 240
8.4333 244
8.45 248
8.4667 252
8.4833 256
8.5 260
8.5167 264
8.5333 267
8.55 271
8.5667 275
8.5833 279
8.6 283
8.6167 287
8.6333 291
8.65 295
8.6667 298
8.6833 302
8.7 306
8.7167 310
8.7333 314
8.75 318
8.7667 322
8.7833 326
8.8 329
8.8167 333
8.8333 337
8.85 341
8.8667 345
8.8833 349
8.9 353
8.9167 356
8.9333 360
8.95 364
8.9667 368
8.9833 372
9.0 376
9.0167 380
9.0333 384
9.05 388
9.0667 392
9.0833 396
9.1 399
9.1167 403
9.1333 407
9.15 411
9.1667 414
9.1833 418
9.2 422
9.2167 426
9.2333 429
9.25 433
9.2667 437
9.2833 440
9.3 444
9.3167 448
9.3333 452
9.35 455
9.3667 459
9.3833 462
9.4 466
9.4167 470
9.4333 473
9.45 477
9.4667 481
9.4833 484
9.5 488
9.5167 491
9.5333 495
9.55 498
9.5667 502
9.5833 505
9.6 509
9.6167 512
9.6333 516
9.65 519
9.6667 523
9.6833 526
9.7 530
9.7167 533
9.7333 537
9.75 540
9.7667 543
9.7833 547
9.8 550
9.8167 553
9.8333 557
9.85 560
9.8667 563
9.8833 567
9.9 570
9.9167 573
9.9333 577
9.95 580
9.9667 583
9.9833 586
10.0 590
10.0167 593
10.0333 596
10.05 599
10.0667 602
10.0833 605
10.1 609
10.1167 612
10.1333 615
10.15 618
10.1667 621
10.1833 624
10.2 627
10.2167 630
10.2333 633
10.25 636
10.2667 639
10.2833 642
10.3 645
10.3167 648
10.3333 651
10.35 654
10.3667 657
10.3833 660
10.4 662
10.4167 665
10.4333 668
10.45 671
10.4667 674
10.4833 677
10.5 679
10.5167 682
10.5333 685
10.55 688
10.5667 690
10.5833 693
10.6 696
10.6167 698
10.6333 701
10.65 704
10.6667 706
10.6833 709
10.7 711
10.7167 714
10.7333 716
10.75 719
10.7667 721
10.7833 724
10.8 726
10.8167 729
10.8333 731
10.85 734
10.8667 736
10.8833 739
10.9 741
10.9167 743
10.9333 746
10.95 748
10.9667 750
10.9833 752
11.0 755
11.0167 757
11.0333 759
11.05 761
11.0667 764
11.0833 766
11.1 768
11.1167 770
11.1333 772
11.15 774
11.1667 776
11.1833 778
11.2 780
11.2167 783
11.2333 785
11.25 787
11.2667 788
11.2833 790
11.3 792
11.3167 794
11.3333 796
11.35 798
11.3667 800
11.3833 802
11.4 804
11.4167 805
11.4333 807
11.45 809
11.4667 811
11.4833 812
11.5 814
11.5167 816
11.5333 817
11.55 819
11.5667 821
11.5833 822
11.6 824
11.6167 826
11.6333 827
11.65 829
11.6667 830
11.6833 832
11.7 833
11.7167 835
11.7333 836
11.75 837
11.7667 839
11.7833 840
11.8 842
11.8167 843
11.8333 844
11.85 845
11.8667 847
11.8833 848
11.9 849
11.9167 850
11.9333 852
11.95 853
11.9667 854
11.9833 855
12.0 856
12.0167 857
12.0333 858
12.05 859
12.0667 860
12.0833 861
12.1 862
12.1167 863
12.1333 864
12.15 865
12.1667 866
12.1833 867
12.2 868
12.2167 869
12.2333 870
12.25 870
12.2667 871
12.2833 872
12.3 873
12.3167 874
12.3333 874
12.35 875
12.3667 876
12.3833 876
12.4 877
12.4167 877
12.4333 878
12.45 879
12.4667 879
12.4833 880
12.5 880
12.5167 881
12.5333 881
12.55 882
12.5667 882
12.5833 882
12.6 883
12.6167 883
12.6333 883
12.65 884
12.6667 884
12.6833 884
12.7 884
12.7167 885
12.7333 885
12.75 885
12.7667 885
12.7833 885
12.8 886
12.8167 886
12.8333 886
12.85 886
12.8667 886
12.8833 886
12.9 886
12.9167 886
12.9333 886
12.95 886
12.9667 886
12.9833 886
13.0 885
13.0167 885
13.0333 885
13.05 885
13.0667 885
13.0833 884
13.1 884
13.1167 884
13.1333 884
13.15 883
13.1667 883
13.1833 883
13.2 882
13.2167 882
13.2333 881
13.25 881
13.2667 881
13.2833 880
13.3 880
13.3167 879
13.3333 879
13.35 878
13.3667 877
13.3833 877
13.4 876
13.4167 875
13.4333 875
13.45 874
13.4667 873
13.4833 873
13.5 872
13.5167 871
13.5333 870
13.55 870
13.5667 869
13.5833 868
13.6 867
13.6167 866
13.6333 865
13.65 864
13.6667 863
13.6833 862
13.7 861
13.7167 860
13.7333 859
13.75 858
13.7667 857
13.7833 856
13.8 855
13.8167 854
13.8333 853
13.85 851
13.8667 850
13.8833 849
13.9 848
13.9167 847
13.9333 845
13.95 844
13.9667 843
13.9833 841
14.0 840
14.0167 839
14.0333 837
14.05 836
14.0667 834
14.0833 833
14.1 831
14.1167 830
14.1333 828
14.15 827
14.1667 825
14.1833 824
14.2 822
14.2167 820
14.2333 819
14.25 817
14.2667 816
14.2833 814
14.3 812
14.3167 810
14.3333 809
14.35 807
14.3667 805
14.3833 803
14.4 801
14.4167 800
14.4333 798
14.45 796
14.4667 794
14.4833 792
14.5 790
14.5167 788
14.5333 786
14.55 784
14.5667 782
14.5833 780
14.6 778
14.6167 776
14.6333 774
14.65 772
14.6667 770
14.6833 768
14.7 765
14.7167 763
14.7333 761
14.75 759
14.7667 757
14.7833 754
14.8 752
14.8167 750
14.8333 748
14.85 745
14.8667 743
14.8833 741
14.9 738
14.9167 736
14.9333 733
14.95 731
14.9667 728
14.9833 726
15.0 724
15.0167 722
15.0333 719
15.05 717
15.0667 714
15.0833 712
15.1 709
15.1167 707
15.1333 704
15.15 701
15.1667 699
15.1833 696
15.2 693
15.2167 691
15.2333 688
15.25 685
15.2667 682
15.2833 680
15.3 677
15.3167 674
15.3333 671
15.35 669
15.3667 666
15.3833 663
15.4 660
15.4167 657
15.4333 654
15.45 651
15.4667 648
15.4833 645
15.5 642
15.5167 639
15.5333 636
15.55 633
15.5667 630
15.5833 627
15.6 624
15.6167 621
15.6333 618
15.65 615
15.6667 612
15.6833 609
15.7 606
15.7167 603
15.7333 599
15.75 596
15.7667 593
15.7833 590
15.8 587
15.8167 583
15.8333 580
15.85 577
15.8667 574
15.8833 570
15.9 567
15.9167 564
15.9333 560
15.95 557
15.9667 554
15.9833 550
16.0 547
16.0167 544
16.0333 540
16.05 537
16.0667 533
16.0833 530
16.1 527
16.1167 523
16.1333 520
16.15 516
16.1667 513
16.1833 509
16.2 506
16.2167 502
16.2333 499
16.25 495
16.2667 491
16.2833 488
16.3 484
16.3167 481
16.3333 477
16.35 474
16.3667 470
16.3833 466
16.4 463
16.4167 459
16.4333 455
16.45 452
16.4667 448
16.4833 444
16.5 441
16.5167 437
16.5333 433
16.55 430
16.5667 426
16.5833 422
16.6 418
16.6167 415
16.6333 411
16.65 407
16.6667 403
16.6833 400
16.7 396
16.7167 392
16.7333 388
16.75 384
16.7667 381
16.7833 377
16.8 373
16.8167 369
16.8333 365
16.85 361
16.8667 358
16.8833 354
16.9 350
16.9167 346
16.9333 342
16.95 338
16.9667 334
16.9833 331
