8.0 173
8.0167 176
8.0333 180
8.05 184
8.0667 188
8.0833 192
8.1 195
8.1167 199
8.1333 203
8.15 207
8.1667 211
8.1833 215
8.2 219
8.2167 223
8.2333 226
8.25 230
8.2667 234
8.2833 238
8.3 242
8.3167 246
8.3333 250
8.35 254
8.3667 258
8.3833 262
8.4 266
8.4167 270
8.4333 273
8.45 277
8.4667 281
8.4833 285
8.5 289
8.5167 293
8.5333 297
8.55 301
8.5667 305
8.5833 309
8.6 313
8.6167 317
8.6333 321
8.65 325
8.6667 329
8.6833 332
8.7 336
8.7167 340
8.7333 344
8.75 348
8.7667 352
8.7833 356
8.8 360
8.8167 364
8.8333 368
8.85 372
8.8667 375
8.8833 379
8.9 383
8.9167 387
8.9333 391
8.95 395
8.9667 399
8.9833 402
9.0 406
9.0167 411
9.0333 415
9.05 419
9.0667 423
9.0833 427
9.1 430
9.1167 434
9.1333 438
9.15 442
9.1667 445
9.1833 449
9.2 453
9.2167 457
9.2333 460
9.25 464
9.2667 468
9.2833 472
9.3 475
9.3167 479
9.3333 483
9.35 486
9.3667 490
9.3833 494
9.4 497
9.4167 501
9.4333 504
9.45 508
9.4667 512
9.4833 515
9.5 519
9.5167 522
9.5333 526
9.55 530
9.5667 533
9.5833 537
9.6 540
9.6167 544
9.6333 547
9.65 551
9.6667 554
9.6833 557
9.7 561
9.7167 564
9.7333 568
9.75 571
9.7667 575
9.7833 578
9.8 581
9.8167 585
9.8333 588
9.85 591
9.8667 595
9.8833 598
9.9 601
9.9167 605
9.9333 608
9.95 611
9.9667 614
9.9833 617
10.0 621
10.0167 624
10.0333 627
10.05 630
10.0667 633
10.0833 636
10.1 640
10.1167 643
10.1333 646
10.15 649
10.1667 652
10.1833 655
10.2 658
10.2167 661
10.2333 664
10.25 667
10.2667 670
10.2833 673
10.3 676
10.3167 679
10.3333 682
10.35 685
10.3667 688
10.3833 690
10.4 693
10.4167 696
10.4333 699
10.45 702
10.4667 705
10.4833 707
10.5 710
10.5167 713
10.5333 716
10.55 718
10.5667 721
10.5833 724
10.6 726
10.6167 729
10.6333 732
10.65 734
10.6667 737
10.6833 739
10.7 742
10.7167 744
10.7333 747
10.75 749
10.7667 752
10.7833 754
10.8 757
10.8167 759
10.8333 762
10.85 764
10.8667 766
10.8833 769
10.9 771
10.9167 774
10.9333 776
10.95 778
10.9667 780
10.9833 783
11.0 785
11.0167 787
11.0333 789
11.05 792
11.0667 794
11.0833 796
11.1 798
11.1167 800
11.1333 802
11.15 804
11.1667 806
11.1833 808
11.2 810
11.2167 812
11.2333 814
11.25 816
11.2667 818
11.2833 820
11.3 822
11.3167 824
11.3333 826
11.35 828
11.3667 830
11.3833 831
11.4 833
11.4167 835
11.4333 837
11.45 838
11.4667 840
11.4833 842
11.5 844
11.5167 845
11.5333 847
11.55 848
11.5667 850
11.5833 852
11.6 853
11.6167 855
11.6333 856
11.65 858
11.6667 859
11.6833 861
11.7 862
11.7167 864
11.7333 865
11.75 866
11.7667 868
11.7833 869
11.8 870
11.8167 872
11.8333 873
11.85 874
11.8667 876
11.8833 877
11.9 878
11.9167 879
11.9333 880
11.95 882
11.9667 883
11.9833 884
12.0 885
12.0167 886
12.0333 887
12.05 888
12.0667 889
12.0833 890
12.1 891
12.1167 892
12.1333 893
12.15 894
12.1667 895
12.1833 895
12.2 896
12.2167 897
12.2333 898
12.25 899
12.2667 899
12.2833 900
12.3 901
12.3167 902
12.3333 902
12.35 903
12.3667 904
12.3833 904
12.4 905
12.4167 905
12.4333 906
12.45 906
12.4667 907
12.4833 907
12.5 908
12.5167 908
12.5333 909
12.55 909
12.5667 909
12.5833 910
12.6 910
12.6167 911
12.6333 911
12.65 911
12.6667 911
12.6833 912
12.7 912
12.7167 912
12.7333 912
12.75 912
12.7667 912
12.7833 913
12.8 913
12.8167 913
12.8333 913
12.85 913
12.8667 913
12.8833 913
12.9 913
12.9167 913
12.9333 913
12.95 913
12.9667 912
12.9833 912
13.0 912
13.0167 912
13.0333 912
13.05 911
13.0667 911
13.0833 911
13.1 911
13.1167 910
13.1333 910
13.15 910
13.1667 909
13.1833 909
13.2 909
13.2167 908
13.2333 908
13.25 907
13.2667 907
13.2833 906
13.3 906
13.3167 905
13.3333 904
13.35 904
13.3667 903
13.3833 903
13.4 902
13.4167 901
13.4333 901
13.45 900
13.4667 899
13.4833 898
13.5 898
13.5167 897
13.5333 896
13.55 895
13.5667 894
13.5833 893
13.6 892
13.6167 891
13.6333 891
13.65 890
13.6667 889
13.6833 888
13.7 887
13.7167 885
13.7333 884
13.75 883
13.7667 882
13.7833 881
13.8 880
13.8167 879
13.8333 878
13.85 876
13.8667 875
13.8833 874
13.9 873
13.9167 871
13.9333 870
13.95 869
13.9667 867
13.9833 866
14.0 865
14.0167 863
14.0333 862
14.05 860
14.0667 859
14.0833 857
14.1 856
14.1167 854
14.1333 853
14.15 851
14.1667 849
14.1833 848
14.2 846
14.2167 845
14.2333 843
14.25 841
14.2667 840
14.2833 838
14.3 836
14.3167 834
14.3333 833
14.35 831
14.3667 829
14.3833 827
14.4 825
14.4167 823
14.4333 821
14.45 819
14.4667 818
14.4833 816
14.5 814
14.5167 812
14.5333 810
14.55 808
14.5667 806
14.5833 803
14.6 801
14.6167 799
14.6333 797
14.65 795
14.6667 793
14.6833 791
14.7 788
14.7167 786
14.7333 784
14.75 782
14.7667 780
14.7833 777
14.8 775
14.8167 773
14.8333 770
14.85 768
14.8667 766
14.8833 763
14.9 761
14.9167 758
14.9333 756
14.95 753
14.9667 751
14.9833 748
15.0 747
15.0167 744
15.0333 742
15.05 739
15.0667 736
15.0833 734
15.1 731
15.1167 729
15.1333 726
15.15 723
15.1667 721
15.1833 718
15.2 715
15.2167 712
15.2333 710
15.25 707
15.2667 704
15.2833 701
15.3 699
15.3167 696
15.3333 693
15.35 690
15.3667 687
15.3833 684
15.4 681
15.4167 678
15.4333 676
15.45 673
15.4667 670
15.4833 667
15.5 664
15.5167 661
15.5333 658
15.55 655
15.5667 651
15.5833 648
15.6 645
15.6167 642
15.6333 639
15.65 636
15.6667 633
15.6833 630
15.7 627
15.7167 623
15.7333 620
15.75 617
15.7667 614
15.7833 610
15.8 607
15.8167 604
15.8333 601
15.85 597
15.8667 594
15.8833 591
15.9 587
15.9167 584
15.9333 581
15.95 577
15.9667 574
15.9833 571
16.0 567
16.0167 564
16.0333 560
16.05 557
16.0667 553
16.0833 550
16.1 546
16.1167 543
16.1333 539
16.15 536
16.1667 532
16.1833 529
16.2 525
16.2167 522
16.2333 518
16.25 515
16.2667 511
16.2833 507
16.3 504
16.3167 500
16.3333 497
16.35 493
16.3667 489
16.3833 486
16.4 482
16.4167 478
16.4333 475
16.45 471
16.4667 467
16.4833 463
16.5 460
16.5167 456
16.5333 452
16.55 448
16.5667 445
16.5833 441
16.6 437
16.6167 433
16.6333 430
16.65 426
16.6667 422
16.6833 418
16.7 414
16.7167 410
16.7333 407
16.75 403
16.7667 399
16.7833 395
16.8 391
16.8167 387
16.8333 383
16.85 380
16.8667 376
16.8833 372
16.9 368
16.9167 364
16.9333 360
16.95 356
16.9667 352
16.9833 348
