8.0 181
8.0167 185
8.0333 189
8.05 193
8.0667 197
8.0833 201
8.1 205
8.1167 209
8.1333 213
8.15 217
8.1667 221
8.1833 225
8.2 229
8.2167 233
8.2333 237
8.25 241
8.2667 245
8.2833 249
8.3 253
8.3167 257
8.3333 261
8.35 265
8.3667 269
8.3833 273
8.4 277
8.4167 281
8.4333 285
8.45 289
8.4667 293
8.4833 297
8.5 301
8.5167 305
8.5333 309
8.55 313
8.5667 317
8.5833 321
8.6 325
8.6167 329
8.6333 333
8.65 337
8.6667 341
8.6833 345
8.7 349
8.7167 353
8.7333 357
8.75 361
8.7667 365
8.7833 369
8.8 373
8.8167 377
8.8333 381
8.85 385
8.8667 389
8.8833 393
8.9 397
8.9167 401
8.9333 404
8.95 408
8.9667 412
8.9833 416
9.0 420
9.0167 425
9.0333 429
9.05 433
9.0667 437
9.0833 441
9.1 444
9.1167 448
9.1333 452
9.15 456
9.1667 460
9.1833 463
9.2 467
9.2167 471
9.2333 475
9.25 479
9.2667 482
9.2833 486
9.3 490
9.3167 494
9.3333 497
9.35 501
9.3667 505
9.3833 508
9.4 512
9.4167 516
9.4333 519
9.45 523
9.4667 527
9.4833 530
9.5 534
9.5167 537
9.5333 541
9.55 545
9.5667 548
9.5833 552
9.6 555
9.6167 559
9.6333 562
9.65 566
9.6667 569
9.6833 573
9.7 576
9.7167 580
9.7333 583
9.75 587
9.7667 590
9.7833 593
9.8 597
9.8167 600
9.8333 604
9.85 607
9.8667 610
9.8833 614
9.9 617
9.9167 620
9.9333 624
9.95 627
9.9667 630
9.9833 633
10.0 637
10.0167 640
10.0333 643
10.05 646
10.0667 649
10.0833 653
10.1 656
10.1167 659
10.1333 662
10.15 665
10.1667 668
10.1833 671
10.2 674
10.2167 677
10.2333 680
10.25 683
10.2667 686
10.2833 689
10.3 692
10.3167 695
10.3333 698
10.35 701
10.3667 704
10.3833 707
10.4 710
10.4167 713
10.4333 715
10.45 718
10.4667 721
10.4833 724
10.5 727
10.5167 729
10.5333 732
10.55 735
10.5667 738
10.5833 740
10.6 743
10.6167 746
10.6333 748
10.65 751
10.6667 753
10.6833 756
10.7 759
10.7167 761
10.7333 764
10.75 766
10.7667 769
10.7833 771
10.8 774
10.8167 776
10.8333 779
10.85 781
10.8667 783
10.8833 786
10.9 788
10.9167 790
10.9333 793
10.95 795
10.9667 797
10.9833 800
11.0 802
11.0167 804
11.0333 806
11.05 809
11.0667 811
11.0833 813
11.1 815
11.1167 817
11.1333 819
11.15 821
11.1667 824
11.1833 826
11.2 828
11.2167 830
11.2333 832
11.25 834
11.2667 836
11.2833 837
11.3 839
11.3167 841
11.3333 843
11.35 845
11.3667 847
11.3833 849
11.4 851
11.4167 852
11.4333 854
11.45 856
11.4667 858
11.4833 859
11.5 861
11.5167 863
11.5333 864
11.55 866
11.5667 868
11.5833 869
11.6 871
11.6167 872
11.6333 874
11.65 875
11.6667 877
11.6833 878
11.7 880
11.7167 881
11.7333 883
11.75 884
11.7667 885
11.7833 887
11.8 888
11.8167 889
11.8333 891
11.85 892
11.8667 893
11.8833 894
11.9 896
11.9167 897
11.9333 898
11.95 899
11.9667 900
11.9833 901
12.0 903
12.0167 904
12.0333 905
12.05 906
12.0667 907
12.0833 908
12.1 909
12.1167 910
12.1333 911
12.15 911
12.1667 912
12.1833 913
12.2 914
12.2167 915
12.2333 916
12.25 916
12.2667 917
12.2833 918
12.3 919
12.3167 919
12.3333 920
12.35 921
12.3667 921
12.3833 922
12.4 923
12.4167 923
12.4333 924
12.45 924
12.4667 925
12.4833 925
12.5 926
12.5167 926
12.5333 927
12.55 927
12.5667 927
12.5833 928
12.6 928
12.6167 929
12.6333 929
12.65 929
12.6667 929
12.6833 930
12.7 930
12.7167 930
12.7333 930
12.75 930
12.7667 931
12.7833 931
12.8 931
12.8167 931
12.8333 931
12.85 931
12.8667 931
12.8833 931
12.9 931
12.9167 931
12.9333 931
12.95 931
12.9667 931
12.9833 930
13.0 930
13.0167 930
13.0333 930
13.05 930
13.0667 929
13.0833 929
13.1 929
13.1167 929
13.1333 928
13.15 928
13.1667 928
13.1833 927
13.2 927
13.2167 926
13.2333 926
13.25 925
13.2667 925
13.2833 924
13.3 924
13.3167 923
13.3333 923
13.35 922
13.3667 921
13.3833 921
13.4 920
13.4167 920
13.4333 919
13.45 918
13.4667 917
13.4833 917
13.5 916
13.5167 915
13.5333 914
13.55 913
13.5667 912
13.5833 912
13.6 911
13.6167 910
13.6333 909
13.65 908
13.6667 907
13.6833 906
13.7 905
13.7167 904
13.7333 903
13.75 902
13.7667 900
13.7833 899
13.8 898
13.8167 897
13.8333 896
13.85 895
13.8667 893
13.8833 892
13.9 891
13.9167 890
13.9333 888
13.95 887
13.9667 886
13.9833 884
14.0 883
14.0167 881
14.0333 880
14.05 878
14.0667 877
14.0833 876
14.1 874
14.1167 872
14.1333 871
14.15 869
14.1667 868
14.1833 866
14.2 865
14.2167 863
14.2333 861
14.25 859
14.2667 858
14.2833 856
14.3 854
14.3167 853
14.3333 851
14.35 849
14.3667 847
14.3833 845
14.4 843
14.4167 842
14.4333 840
14.45 838
14.4667 836
14.4833 834
14.5 832
14.5167 830
14.5333 828
14.55 826
14.5667 824
14.5833 822
14.6 820
14.6167 817
14.6333 815
14.65 813
14.6667 811
14.6833 809
14.7 807
14.7167 804
14.7333 802
14.75 800
14.7667 798
14.7833 795
14.8 793
14.8167 791
14.8333 788
14.85 786
14.8667 784
14.8833 781
14.9 779
14.9167 776
14.9333 774
14.95 772
14.9667 769
14.9833 767
15.0 765
15.0167 762
15.0333 760
15.05 757
15.0667 755
15.0833 752
15.1 749
15.1167 747
15.1333 744
15.15 741
15.1667 739
15.1833 736
15.2 733
15.2167 730
15.2333 728
15.25 725
15.2667 722
15.2833 719
15.3 716
15.3167 714
15.3333 711
15.35 708
15.3667 705
15.3833 702
15.4 699
15.4167 696
15.4333 693
15.45 690
15.4667 687
15.4833 684
15.5 681
15.5167 678
15.5333 675
15.55 672
15.5667 669
15.5833 666
15.6 663
15.6167 660
15.6333 657
15.65 654
15.6667 650
15.6833 647
15.7 644
15.7167 641
15.7333 638
15.75 634
15.7667 631
15.7833 628
15.8 625
15.8167 621
15.8333 618
15.85 615
15.8667 611
15.8833 608
15.9 605
15.9167 601
15.9333 598
15.95 595
15.9667 591
15.9833 588
16.0 584
16.0167 581
16.0333 577
16.05 574
16.0667 570
16.0833 567
16.1 563
16.1167 560
16.1333 556
16.15 553
16.1667 549
16.1833 546
16.2 542
16.2167 539
16.2333 535
16.25 531
16.2667 528
16.2833 524
16.3 520
16.3167 517
16.3333 513
16.35 509
16.3667 506
16.3833 502
16.4 498
16.4167 495
16.4333 491
16.45 487
16.4667 483
16.4833 480
16.5 476
16.5167 472
16.5333 468
16.55 465
16.5667 461
16.5833 457
16.6 453
16.6167 449
16.6333 445
16.65 442
16.6667 438
16.6833 434
16.7 430
16.7167 426
16.7333 422
16.75 418
16.7667 414
16.7833 411
16.8 407
16.8167 403
16.8333 399
16.85 395
16.8667 391
16.8833 387
16.9 383
16.9167 379
16.9333 375
16.95 371
16.9667 367
16.9833 363
