8.0 125
8.0167 128
8.0333 131
8.05 135
8.0667 138
8.0833 141
8.1 144
8.1167 147
8.1333 151
8.15 154
8.1667 157
8.1833 161
8.2 164
8.2167 167
8.2333 171
8.25 174
8.2667 177
8.2833 181
8.3 184
8.3167 187
8.3333 191
8.35 194
8.3667 198
8.3833 201
8.4 205
8.4167 208
8.4333 212
8.45 215
8.4667 219
8.4833 222
8.5 226
8.5167 229
8.5333 233
8.55 236
8.5667 240
8.5833 243
8.6 247
8.6167 250
8.6333 254
8.65 258
8.6667 261
8.6833 265
8.7 268
8.7167 272
8.7333 275
8.75 279
8.7667 282
8.7833 286
8.8 290
8.8167 293
8.8333 297
8.85 300
8.8667 304
8.8833 307
8.9 311
8.9167 315
8.9333 318
8.95 322
8.9667 325
8.9833 329
9.0 332
9.0167 337
9.0333 341
9.05 344
9.0667 348
9.0833 351
9.1 355
9.1167 358
9.1333 362
9.15 365
9.1667 369
9.1833 372
9.2 376
9.2167 380
9.2333 383
9.25 387
9.2667 390
9.2833 394
9.3 397
9.3167 400
9.3333 404
9.35 407
9.3667 411
9.3833 414
9.4 418
9.4167 421
9.4333 425
9.45 428
9.4667 432
9.4833 435
9.5 438
9.5167 442
9.5333 445
9.55 448
9.5667 452
9.5833 455
9.6 459
9.6167 462
9.6333 465
9.65 468
9.6667 472
9.6833 475
9.7 478
9.7167 482
9.7333 485
9.75 488
9.7667 491
9.7833 495
9.8 498
9.8167 501
9.8333 504
9.85 508
9.8667 511
9.8833 514
9.9 517
9.9167 520
9.9333 523
9.95 526
9.9667 530
9.9833 533
10.0 536
10.0167 539
10.0333 542
10.05 545
10.0667 548
10.0833 551
10.1 554
10.1167 557
10.1333 560
10.15 563
10.1667 566
10.1833 569
10.2 572
10.2167 575
10.2333 578
10.25 581
10.2667 584
10.2833 586
10.3 589
10.3167 592
10.3333 595
10.35 598
10.3667 601
10.3833 603
10.4 606
10.4167 609
10.4333 612
10.45 614
10.4667 617
10.4833 620
10.5 622
10.5167 625
10.5333 628
10.55 630
10.5667 633
10.5833 636
10.6 638
10.6167 641
10.6333 643
10.65 646
10.6667 648
10.6833 651
10.7 653
10.7167 656
10.7333 658
10.75 661
10.7667 663
10.7833 666
10.8 668
10.8167 670
10.8333 673
10.85 675
10.8667 677
10.8833 680
10.9 682
10.9167 684
10.9333 687
10.95 689
10.9667 691
10.9833 693
11.0 695
11.0167 698
11.0333 700
11.05 702
11.0667 704
11.0833 706
11.1 708
11.1167 710
11.1333 712
11.15 714
11.1667 717
11.1833 719
11.2 720
11.2167 722
11.2333 724
11.25 726
11.2667 728
11.2833 730
11.3 732
11.3167 734
11.3333 736
11.35 738
11.3667 739
11.3833 741
11.4 743
11.4167 745
11.4333 746
11.45 748
11.4667 750
11.4833 752
11.5 753
11.5167 755
11.5333 756
11.55 758
11.5667 760
11.5833 761
11.6 763
11.6167 764
11.6333 766
11.65 767
11.6667 769
11.6833 770
11.7 772
11.7167 773
11.7333 774
11.75 776
11.7667 777
11.7833 779
11.8 780
11.8167 781
11.8333 782
11.85 784
11.8667 785
11.8833 786
11.9 787
11.9167 789
11.9333 790
11.95 791
11.9667 792
11.9833 793
12.0 794
12.0167 795
12.0333 796
12.05 797
12.0667 798
12.0833 799
12.1 800
12.1167 801
12.1333 802
12.15 803
12.1667 804
12.1833 805
12.2 806
12.2167 806
12.2333 807
12.25 808
12.2667 809
12.2833 809
12.3 810
12.3167 811
12.3333 812
12.35 812
12.3667 813
12.3833 813
12.4 814
12.4167 815
12.4333 815
12.45 816
12.4667 816
12.4833 817
12.5 817
12.5167 818
12.5333 818
12.55 819
12.5667 819
12.5833 819
12.6 820
12.6167 820
12.6333 820
12.65 821
12.6667 821
12.6833 821
12.7 821
12.7167 822
12.7333 822
12.75 822
12.7667 822
12.7833 822
12.8 822
12.8167 823
12.8333 823
12.85 823
12.8667 823
12.8833 823
12.9 823
12.9167 823
12.9333 823
12.95 823
12.9667 822
12.9833 822
13.0 822
13.0167 822
13.0333 822
13.05 822
13.0667 821
13.0833 821
13.1 821
13.1167 821
13.1333 820
13.15 820
13.1667 820
13.1833 819
13.2 819
13.2167 819
13.2333 818
13.25 818
13.2667 817
13.2833 817
13.3 816
13.3167 816
13.3333 815
13.35 815
13.3667 814
13.3833 813
13.4 813
13.4167 812
13.4333 812
13.45 811
13.4667 810
13.4833 809
13.5 809
13.5167 808
13.5333 807
13.55 806
13.5667 806
13.5833 805
13.6 804
13.6167 803
13.6333 802
13.65 801
13.6667 800
13.6833 799
13.7 798
13.7167 797
13.7333 796
13.75 795
13.7667 794
13.7833 793
13.8 792
13.8167 791
13.8333 790
13.85 788
13.8667 787
13.8833 786
13.9 785
13.9167 784
13.9333 782
13.95 781
13.9667 780
13.9833 779
14.0 777
14.0167 776
14.0333 774
14.05 773
14.0667 772
14.0833 770
14.1 769
14.1167 767
14.1333 766
14.15 764
14.1667 763
14.1833 761
14.2 760
14.2167 758
14.2333 756
14.25 755
14.2667 753
14.2833 752
14.3 750
14.3167 748
14.3333 746
14.35 745
14.3667 743
14.3833 741
14.4 739
14.4167 738
14.4333 736
14.45 734
14.4667 732
14.4833 730
14.5 728
14.5167 726
14.5333 724
14.55 722
14.5667 720
14.5833 718
14.6 716
14.6167 714
14.6333 712
14.65 710
14.6667 708
14.6833 706
14.7 704
14.7167 702
14.7333 700
14.75 698
14.7667 695
14.7833 693
14.8 691
14.8167 689
14.8333 687
14.85 684
14.8667 682
14.8833 680
14.9 677
14.9167 675
14.9333 673
14.95 670
14.9667 668
14.9833 666
15.0 664
15.0167 662
15.0333 659
15.05 657
15.0667 654
15.0833 652
15.1 649
15.1167 647
15.1333 644
15.15 641
15.1667 639
15.1833 636
15.2 634
15.2167 631
15.2333 628
15.25 626
15.2667 623
15.2833 620
15.3 618
15.3167 615
15.3333 612
15.35 610
15.3667 607
15.3833 604
15.4 601
15.4167 598
15.4333 596
15.45 593
15.4667 590
15.4833 587
15.5 584
15.5167 581
15.5333 578
15.55 576
15.5667 573
15.5833 570
15.6 567
15.6167 564
15.6333 561
15.65 558
15.6667 555
15.6833 552
15.7 549
15.7167 546
15.7333 543
15.75 540
15.7667 536
15.7833 533
15.8 530
15.8167 527
15.8333 524
15.85 521
15.8667 518
15.8833 515
15.9 511
15.9167 508
15.9333 505
15.95 502
15.9667 499
15.9833 495
16.0 492
16.0167 489
16.0333 486
16.05 482
16.0667 479
16.0833 476
16.1 472
16.1167 469
16.1333 466
16.15 463
16.1667 459
16.1833 456
16.2 452
16.2167 449
16.2333 446
16.25 442
16.2667 439
16.2833 436
16.3 432
16.3167 429
16.3333 425
16.35 422
16.3667 418
16.3833 415
16.4 412
16.4167 408
16.4333 405
16.45 401
16.4667 398
16.4833 394
16.5 391
16.5167 387
16.5333 384
16.55 380
16.5667 377
16.5833 373
16.6 370
16.6167 366
16.6333 363
16.65 359
16.6667 355
16.6833 352
16.7 348
16.7167 345
16.7333 341
16.75 338
16.7667 334
16.7833 331
16.8 327
16.8167 323
16.8333 320
16.85 316
16.8667 313
16.8833 309
16.9 306
16.9167 302
16.9333 298
16.95 295
16.9667 291
16.9833 288
