8.0 229
8.0167 233
8.0333 237
8.05 241
8.0667 245
8.0833 249
8.1 253
8.1167 257
8.1333 261
8.15 265
8.1667 269
8.1833 273
8.2 277
8.2167 281
8.2333 285
8.25 289
8.2667 293
8.2833 297
8.3 301
8.3167 305
8.3333 309
8.35 313
8.3667 317
8.3833 321
8.4 325
8.4167 329
8.4333 333
8.45 337
8.4667 341
8.4833 345
8.5 349
8.5167 353
8.5333 357
8.55 361
8.5667 365
8.5833 369
8.6 373
8.6167 377
8.6333 381
8.65 385
8.6667 389
8.6833 393
8.7 397
8.7167 401
8.7333 405
8.75 409
8.7667 413
8.7833 417
8.8 420
8.8167 424
8.8333 428
8.85 432
8.8667 436
8.8833 440
8.9 444
8.9167 448
8.9333 452
8.95 456
8.9667 459
8.9833 463
9.0 467
9.0167 472
9.0333 476
9.05 480
9.0667 484
9.0833 487
9.1 491
9.1167 495
9.1333 499
9.15 502
9.1667 506
9.1833 510
9.2 514
9.2167 517
9.2333 521
9.25 525
9.2667 529
9.2833 532
9.3 536
9.3167 540
9.3333 543
9.35 547
9.3667 551
9.3833 554
9.4 558
9.4167 561
9.4333 565
9.45 569
9.4667 572
9.4833 576
9.5 579
9.5167 583
9.5333 586
9.55 590
9.5667 593
9.5833 597
9.6 600
9.6167 604
9.6333 607
9.65 611
9.6667 614
9.6833 618
9.7 621
9.7167 624
9.7333 628
9.75 631
9.7667 635
9.7833 638
9.8 641
9.8167 644
9.8333 648
9.85 651
9.8667 654
9.8833 658
9.9 661
9.9167 664
9.9333 667
9.95 671
9.9667 674
9.9833 677
10.0 680
10.0167 683
10.0333 686
10.05 689
10.0667 693
10.0833 696
10.1 699
10.1167 702
10.1333 705
10.15 708
10.1667 711
10.1833 714
10.2 717
10.2167 720
10.2333 723
10.25 726
10.2667 729
10.2833 731
10.3 734
10.3167 737
10.3333 740
10.35 743
10.3667 746
10.3833 749
10.4 751
10.4167 754
10.4333 757
10.45 760
10.4667 762
10.4833 765
10.5 768
10.5167 771
10.5333 773
10.55 776
10.5667 778
10.5833 781
10.6 784
10.6167 786
10.6333 789
10.65 791
10.6667 794
10.6833 796
10.7 799
10.7167 801
10.7333 804
10.75 806
10.7667 809
10.7833 811
10.8 814
10.8167 816
10.8333 818
10.85 821
10.8667 823
10.8833 825
10.9 827
10.9167 830
10.9333 832
10.95 834
10.9667 836
10.9833 839
11.0 841
11.0167 843
11.0333 845
11.05 847
11.0667 849
11.0833 851
11.1 853
11.1167 855
11.1333 858
11.15 860
11.1667 862
11.1833 864
11.2 865
11.2167 867
11.2333 869
11.25 871
11.2667 873
11.2833 875
11.3 877
11.3167 879
11.3333 880
11.35 882
11.3667 884
11.3833 886
11.4 887
11.4167 889
11.4333 891
11.45 892
11.4667 894
11.4833 896
11.5 897
11.5167 899
11.5333 901
11.55 902
11.5667 904
11.5833 905
11.6 907
11.6167 908
11.6333 910
11.65 911
11.6667 912
11.6833 914
11.7 915
11.7167 916
11.7333 918
11.75 919
11.7667 920
11.7833 922
11.8 923
11.8167 924
11.8333 925
11.85 927
11.8667 928
11.8833 929
11.9 930
11.9167 931
11.9333 932
11.95 933
11.9667 934
11.9833 935
12.0 936
12.0167 937
12.0333 938
12.05 939
12.0667 940
12.0833 941
12.1 942
12.1167 943
12.1333 944
12.15 945
12.1667 945
12.1833 946
12.2 947
12.2167 948
12.2333 948
12.25 949
12.2667 950
12.2833 950
12.3 951
12.3167 952
12.3333 952
12.35 953
12.3667 953
12.3833 954
12.4 954
12.4167 955
12.4333 955
12.45 956
12.4667 956
12.4833 957
12.5 957
12.5167 957
12.5333 958
12.55 958
12.5667 958
12.5833 959
12.6 959
12.6167 959
12.6333 959
12.65 960
12.6667 960
12.6833 960
12.7 960
12.7167 960
12.7333 960
12.75 960
12.7667 961
12.7833 961
12.8 961
12.8167 961
12.8333 961
12.85 960
12.8667 960
12.8833 960
12.9 960
12.9167 960
12.9333 960
12.95 960
12.9667 960
12.9833 959
13.0 959
13.0167 959
13.0333 959
13.05 958
13.0667 958
13.0833 958
13.1 957
13.1167 957
13.1333 956
13.15 956
13.1667 956
13.1833 955
13.2 955
13.2167 954
13.2333 954
13.25 953
13.2667 952
13.2833 952
13.3 951
13.3167 951
13.3333 950
13.35 949
13.3667 949
13.3833 948
13.4 947
13.4167 946
13.4333 946
13.45 945
13.4667 944
13.4833 943
13.5 942
13.5167 941
13.5333 941
13.55 940
13.5667 939
13.5833 938
13.6 937
13.6167 936
13.6333 935
13.65 934
13.6667 933
13.6833 931
13.7 930
13.7167 929
13.7333 928
13.75 927
13.7667 926
13.7833 925
13.8 923
13.8167 922
13.8333 921
13.85 920
13.8667 918
13.8833 917
13.9 916
13.9167 914
13.9333 913
13.95 911
13.9667 910
13.9833 909
14.0 907
14.0167 906
14.0333 904
14.05 903
14.0667 901
14.0833 899
14.1 898
14.1167 896
14.1333 895
14.15 893
14.1667 891
14.1833 890
14.2 888
14.2167 886
14.2333 884
14.25 883
14.2667 881
14.2833 879
14.3 877
14.3167 876
14.3333 874
14.35 872
14.3667 870
14.3833 868
14.4 866
14.4167 864
14.4333 862
14.45 860
14.4667 858
14.4833 856
14.5 854
14.5167 852
14.5333 850
14.55 848
14.5667 846
14.5833 844
14.6 841
14.6167 839
14.6333 837
14.65 835
14.6667 833
14.6833 830
14.7 828
14.7167 826
14.7333 824
14.75 821
14.7667 819
14.7833 817
14.8 814
14.8167 812
14.8333 809
14.85 807
14.8667 805
14.8833 802
14.9 800
14.9167 797
14.9333 795
14.95 792
14.9667 790
14.9833 787
15.0 785
15.0167 782
15.0333 780
15.05 777
15.0667 775
15.0833 772
15.1 769
15.1167 767
15.1333 764
15.15 761
15.1667 758
15.1833 756
15.2 753
15.2167 750
15.2333 747
15.25 744
15.2667 742
15.2833 739
15.3 736
15.3167 733
15.3333 730
15.35 727
15.3667 724
15.3833 721
15.4 718
15.4167 715
15.4333 712
15.45 709
15.4667 706
15.4833 703
15.5 700
15.5167 697
15.5333 694
15.55 691
15.5667 688
15.5833 685
15.6 682
15.6167 678
15.6333 675
15.65 672
15.6667 669
15.6833 666
15.7 662
15.7167 659
15.7333 656
15.75 653
15.7667 649
15.7833 646
15.8 643
15.8167 639
15.8333 636
15.85 633
15.8667 629
15.8833 626
15.9 623
15.9167 619
15.9333 616
15.95 612
15.9667 609
15.9833 605
16.0 602
16.0167 598
16.0333 595
16.05 592
16.0667 588
16.0833 584
16.1 581
16.1167 577
16.1333 574
16.15 570
16.1667 567
16.1833 563
16.2 559
16.2167 556
16.2333 552
16.25 549
16.2667 545
16.2833 541
16.3 538
16.3167 534
16.3333 530
16.35 527
16.3667 523
16.3833 519
16.4 515
16.4167 512
16.4333 508
16.45 504
16.4667 500
16.4833 497
16.5 493
16.5167 489
16.5333 485
16.55 481
16.5667 478
16.5833 474
16.6 470
16.6167 466
16.6333 462
16.65 458
16.6667 454
16.6833 451
16.7 447
16.7167 443
16.7333 439
16.75 435
16.7667 431
16.7833 427
16.8 423
16.8167 419
16.8333 415
16.85 411
16.8667 408
16.8833 404
16.9 400
16.9167 396
16.9333 392
16.95 388
16.9667 384
16.9833 380
