8.0 301
8.0167 305
8.0333 309
8.05 312
8.0667 316
8.0833 320
8.1 324
8.1167 328
8.1333 332
8.15 336
8.1667 340
8.1833 344
8.2 348
8.2167 352
8.2333 356
8.25 360
8.2667 364
8.2833 368
8.3 371
8.3167 375
8.3333 379
8.35 383
8.3667 387
8.3833 391
8.4 395
8.4167 399
8.4333 403
8.45 407
8.4667 411
8.4833 414
8.5 418
8.5167 422
8.5333 426
8.55 430
8.5667 434
8.5833 438
8.6 442
8.6167 445
8.6333 449
8.65 453
8.6667 457
8.6833 461
8.7 465
8.7167 468
8.7333 472
8.75 476
8.7667 480
8.7833 484
8.8 487
8.8167 491
8.8333 495
8.85 499
8.8667 502
8.8833 506
8.9 510
8.9167 514
8.9333 517
8.95 521
8.9667 525
8.9833 528
9.0 532
9.0167 537
9.0333 540
9.05 544
9.0667 548
9.0833 551
9.1 555
9.1167 558
9.1333 562
9.15 566
9.1667 569
9.1833 573
9.2 576
9.2167 580
9.2333 584
9.25 587
9.2667 591
9.2833 594
9.3 598
9.3167 601
9.3333 605
9.35 608
9.3667 612
9.3833 615
9.4 618
9.4167 622
9.4333 625
9.45 629
9.4667 632
9.4833 635
9.5 639
9.5167 642
9.5333 646
9.55 649
9.5667 652
9.5833 656
9.6 659
9.6167 662
9.6333 665
9.65 669
9.6667 672
9.6833 675
9.7 678
9.7167 682
9.7333 685
9.75 688
9.7667 691
9.7833 694
9.8 697
9.8167 701
9.8333 704
9.85 707
9.8667 710
9.8833 713
9.9 716
9.9167 719
9.9333 722
9.95 725
9.9667 728
9.9833 731
10.0 734
10.0167 737
10.0333 740
10.05 743
10.0667 746
10.0833 749
10.1 752
10.1167 755
10.1333 757
10.15 760
10.1667 763
10.1833 766
10.2 769
10.2167 771
10.2333 774
10.25 777
10.2667 780
10.2833 782
10.3 785
10.3167 788
10.3333 790
10.35 793
10.3667 796
10.3833 798
10.4 801
10.4167 804
10.4333 806
10.45 809
10.4667 811
10.4833 814
10.5 816
10.5167 819
10.5333 821
10.55 824
10.5667 826
10.5833 829
10.6 831
10.6167 833
10.6333 836
10.65 838
10.6667 841
10.6833 843
10.7 845
10.7167 847
10.7333 850
10.75 852
10.7667 854
10.7833 856
10.8 859
10.8167 861
10.8333 863
10.85 865
10.8667 867
10.8833 869
10.9 872
10.9167 874
10.9333 876
10.95 878
10.9667 880
10.9833 882
11.0 884
11.0167 886
11.0333 888
11.05 890
11.0667 892
11.0833 894
11.1 895
11.1167 897
11.1333 899
11.15 901
11.1667 903
11.1833 905
11.2 906
11.2167 908
11.2333 910
11.25 912
11.2667 913
11.2833 915
11.3 917
11.3167 918
11.3333 920
11.35 922
11.3667 923
11.3833 925
11.4 926
11.4167 928
11.4333 929
11.45 931
11.4667 932
11.4833 934
11.5 935
11.5167 937
11.5333 938
11.55 939
11.5667 941
11.5833 942
11.6 943
11.6167 945
11.6333 946
11.65 947
11.6667 948
11.6833 950
11.7 951
11.7167 952
11.7333 953
11.75 954
11.7667 956
11.7833 957
11.8 958
11.8167 959
11.8333 960
11.85 961
11.8667 962
11.8833 963
11.9 964
11.9167 965
11.9333 966
11.95 967
11.9667 968
11.9833 968
12.0 969
12.0167 970
12.0333 971
12.05 972
12.0667 972
12.0833 973
12.1 974
12.1167 975
12.1333 975
12.15 976
12.1667 977
12.1833 977
12.2 978
12.2167 979
12.2333 979
12.25 980
12.2667 980
12.2833 981
12.3 981
12.3167 982
12.3333 982
12.35 982
12.3667 983
12.3833 983
12.4 984
12.4167 984
12.4333 984
12.45 985
12.4667 985
12.4833 985
12.5 985
12.5167 986
12.5333 986
12.55 986
12.5667 986
12.5833 986
12.6 986
12.6167 987
12.6333 987
12.65 987
12.6667 987
12.6833 987
12.7 987
12.7167 987
12.7333 987
12.75 987
12.7667 987
12.7833 986
12.8 986
12.8167 986
12.8333 986
12.85 986
12.8667 986
12.8833 985
12.9 985
12.9167 985
12.9333 985
12.95 984
12.9667 984
12.9833 984
13.0 983
13.0167 983
13.0333 983
13.05 982
13.0667 982
13.0833 981
13.1 981
13.1167 980
13.1333 980
13.15 979
13.1667 979
13.1833 978
13.2 977
13.2167 977
13.2333 976
13.25 975
13.2667 975
13.2833 974
13.3 973
13.3167 973
13.3333 972
13.35 971
13.3667 970
13.3833 969
13.4 969
13.4167 968
13.4333 967
13.45 966
13.4667 965
13.4833 964
13.5 963
13.5167 962
13.5333 961
13.55 960
13.5667 959
13.5833 958
13.6 957
13.6167 956
13.6333 955
13.65 953
13.6667 952
13.6833 951
13.7 950
13.7167 949
13.7333 947
13.75 946
13.7667 945
13.7833 944
13.8 942
13.8167 941
13.8333 940
13.85 938
13.8667 937
13.8833 935
13.9 934
13.9167 932
13.9333 931
13.95 929
13.9667 928
13.9833 926
14.0 925
14.0167 923
14.0333 922
14.05 920
14.0667 919
14.0833 917
14.1 915
14.1167 914
14.1333 912
14.15 910
14.1667 908
14.1833 907
14.2 905
14.2167 903
14.2333 901
14.25 899
14.2667 898
14.2833 896
14.3 894
14.3167 892
14.3333 890
14.35 888
14.3667 886
14.3833 884
14.4 882
14.4167 880
14.4333 878
14.45 876
14.4667 874
14.4833 872
14.5 870
14.5167 868
14.5333 866
14.55 863
14.5667 861
14.5833 859
14.6 857
14.6167 855
14.6333 852
14.65 850
14.6667 848
14.6833 846
14.7 843
14.7167 841
14.7333 839
14.75 836
14.7667 834
14.7833 831
14.8 829
14.8167 827
14.8333 824
14.85 822
14.8667 819
14.8833 817
14.9 814
14.9167 812
14.9333 809
14.95 807
14.9667 804
14.9833 801
15.0 799
15.0167 796
15.0333 794
15.05 791
15.0667 788
15.0833 786
15.1 783
15.1167 780
15.1333 778
15.15 775
15.1667 772
15.1833 769
15.2 767
15.2167 764
15.2333 761
15.25 758
15.2667 755
15.2833 752
15.3 749
15.3167 747
15.3333 744
15.35 741
15.3667 738
15.3833 735
15.4 732
15.4167 729
15.4333 726
15.45 723
15.4667 720
15.4833 717
15.5 714
15.5167 711
15.5333 708
15.55 704
15.5667 701
15.5833 698
15.6 695
15.6167 692
15.6333 689
15.65 686
15.6667 682
15.6833 679
15.7 676
15.7167 673
15.7333 669
15.75 666
15.7667 663
15.7833 660
15.8 656
15.8167 653
15.8333 650
15.85 646
15.8667 643
15.8833 640
15.9 636
15.9167 633
15.9333 629
15.95 626
15.9667 623
15.9833 619
16.0 616
16.0167 612
16.0333 609
16.05 605
16.0667 602
16.0833 598
16.1 595
16.1167 591
16.1333 588
16.15 584
16.1667 581
16.1833 577
16.2 574
16.2167 570
16.2333 567
16.25 563
16.2667 559
16.2833 556
16.3 552
16.3167 548
16.3333 545
16.35 541
16.3667 537
16.3833 534
16.4 530
16.4167 526
16.4333 523
16.45 519
16.4667 515
16.4833 512
16.5 508
16.5167 504
16.5333 500
16.55 497
16.5667 493
16.5833 489
16.6 485
16.6167 481
16.6333 478
16.65 474
16.6667 470
16.6833 466
16.7 462
16.7167 459
16.7333 455
16.75 451
16.7667 447
16.7833 443
16.8 439
16.8167 436
16.8333 432
16.85 428
16.8667 424
16.8833 420
16.9 416
16.9167 412
16.9333 408
16.95 405
16.9667 401
16.9833 397
