8.0 294
8.0167 298
8.0333 302
8.05 306
8.0667 310
8.0833 314
8.1 318
8.1167 321
8.1333 325
8.15 329
8.1667 333
8.1833 337
8.2 341
8.2167 345
8.2333 349
8.25 353
8.2667 357
8.2833 361
8.3 365
8.3167 369
8.3333 373
8.35 377
8.3667 380
8.3833 384
8.4 388
8.4167 392
8.4333 396
8.45 400
8.4667 404
8.4833 408
8.5 412
8.5167 416
8.5333 419
8.55 423
8.5667 427
8.5833 431
8.6 435
8.6167 439
8.6333 443
8.65 447
8.6667 450
8.6833 454
8.7 458
8.7167 462
8.7333 466
8.75 470
8.7667 473
8.7833 477
8.8 481
8.8167 485
8.8333 488
8.85 492
8.8667 496
8.8833 500
8.9 504
8.9167 507
8.9333 511
8.95 515
8.9667 518
8.9833 522
9.0 526
9.0167 530
9.0333 534
9.05 538
9.0667 541
9.0833 545
9.1 549
9.1167 552
9.1333 556
9.15 560
9.1667 563
9.1833 567
9.2 570
9.2167 574
9.2333 577
9.25 581
9.2667 585
9.2833 588
9.3 592
9.3167 595
9.3333 599
9.35 602
9.3667 606
9.3833 609
9.4 612
9.4167 616
9.4333 619
9.45 623
9.4667 626
9.4833 630
9.5 633
9.5167 636
9.5333 640
9.55 643
9.5667 646
9.5833 650
9.6 653
9.6167 656
9.6333 660
9.65 663
9.6667 666
9.6833 669
9.7 673
9.7167 676
9.7333 679
9.75 682
9.7667 686
9.7833 689
9.8 692
9.8167 695
9.8333 698
9.85 701
9.8667 704
9.8833 707
9.9 710
9.9167 714
9.9333 717
9.95 720
9.9667 723
9.9833 726
10.0 729
10.0167 732
10.0333 735
10.05 738
10.0667 740
10.0833 743
10.1 746
10.1167 749
10.1333 752
10.15 755
10.1667 758
10.1833 761
10.2 763
10.2167 766
10.2333 769
10.25 772
10.2667 775
10.2833 777
10.3 780
10.3167 783
10.3333 785
10.35 788
10.3667 791
10.3833 793
10.4 796
10.4167 799
10.4333 801
10.45 804
10.4667 806
10.4833 809
10.5 811
10.5167 814
10.5333 816
10.55 819
10.5667 821
10.5833 824
10.6 826
10.6167 829
10.6333 831
10.65 833
10.6667 836
10.6833 838
10.7 840
10.7167 843
10.7333 845
10.75 847
10.7667 850
10.7833 852
10.8 854
10.8167 856
10.8333 858
10.85 861
10.8667 863
10.8833 865
10.9 867
10.9167 869
10.9333 871
10.95 873
10.9667 875
10.9833 877
11.0 879
11.0167 881
11.0333 883
11.05 885
11.0667 887
11.0833 889
11.1 891
11.1167 893
11.1333 895
11.15 897
11.1667 898
11.1833 900
11.2 902
11.2167 904
11.2333 906
11.25 907
11.2667 909
11.2833 911
11.3 912
11.3167 914
11.3333 916
11.35 917
11.3667 919
11.3833 921
11.4 922
11.4167 924
11.4333 925
11.45 927
11.4667 928
11.4833 930
11.5 931
11.5167 933
11.5333 934
11.55 935
11.5667 937
11.5833 938
11.6 939
11.6167 941
11.6333 942
11.65 943
11.6667 945
11.6833 946
11.7 947
11.7167 948
11.7333 949
11.75 951
11.7667 952
11.7833 953
11.8 954
11.8167 955
11.8333 956
11.85 957
11.8667 958
11.8833 959
11.9 960
11.9167 961
11.9333 962
11.95 963
11.9667 964
11.9833 965
12.0 966
12.0167 966
12.0333 967
12.05 968
12.0667 969
12.0833 970
12.1 970
12.1167 971
12.1333 972
12.15 972
12.1667 973
12.1833 974
12.2 974
12.2167 975
12.2333 976
12.25 976
12.2667 977
12.2833 977
12.3 978
12.3167 978
12.3333 979
12.35 979
12.3667 979
12.3833 980
12.4 980
12.4167 981
12.4333 981
12.45 981
12.4667 982
12.4833 982
12.5 982
12.5167 982
12.5333 983
12.55 983
12.5667 983
12.5833 983
12.6 983
12.6167 983
12.6333 983
12.65 984
12.6667 984
12.6833 984
12.7 984
12.7167 984
12.7333 984
12.75 984
12.7667 983
12.7833 983
12.8 983
12.8167 983
12.8333 983
12.85 983
12.8667 983
12.8833 982
12.9 982
12.9167 982
12.9333 982
12.95 981
12.9667 981
12.9833 981
13.0 980
13.0167 980
13.0333 980
13.05 979
13.0667 979
13.0833 978
13.1 978
13.1167 977
13.1333 977
13.15 976
13.1667 976
13.1833 975
13.2 974
13.2167 974
13.2333 973
13.25 973
13.2667 972
13.2833 971
13.3 970
13.3167 970
13.3333 969
13.35 968
13.3667 967
13.3833 967
13.4 966
13.4167 965
13.4333 964
13.45 963
13.4667 962
13.4833 961
13.5 960
13.5167 959
13.5333 958
13.55 957
13.5667 956
13.5833 955
13.6 954
13.6167 953
13.6333 952
13.65 951
13.6667 950
13.6833 948
13.7 947
13.7167 946
13.7333 945
13.75 943
13.7667 942
13.7833 941
13.8 940
13.8167 938
13.8333 937
13.85 936
13.8667 934
13.8833 933
13.9 931
13.9167 930
13.9333 928
13.95 927
13.9667 925
13.9833 924
14.0 922
14.0167 921
14.0333 919
14.05 918
14.0667 916
14.0833 914
14.1 913
14.1167 911
14.1333 909
14.15 908
14.1667 906
14.1833 904
14.2 902
14.2167 901
14.2333 899
14.25 897
14.2667 895
14.2833 893
14.3 891
14.3167 889
14.3333 887
14.35 886
14.3667 884
14.3833 882
14.4 880
14.4167 878
14.4333 876
14.45 874
14.4667 872
14.4833 869
14.5 867
14.5167 865
14.5333 863
14.55 861
14.5667 859
14.5833 857
14.6 854
14.6167 852
14.6333 850
14.65 848
14.6667 845
14.6833 843
14.7 841
14.7167 838
14.7333 836
14.75 834
14.7667 831
14.7833 829
14.8 827
14.8167 824
14.8333 822
14.85 819
14.8667 817
14.8833 814
14.9 812
14.9167 809
14.9333 807
14.95 804
14.9667 802
14.9833 799
15.0 797
15.0167 794
15.0333 791
15.05 789
15.0667 786
15.0833 783
15.1 781
15.1167 778
15.1333 775
15.15 772
15.1667 770
15.1833 767
15.2 764
15.2167 761
15.2333 759
15.25 756
15.2667 753
15.2833 750
15.3 747
15.3167 744
15.3333 741
15.35 738
15.3667 735
15.3833 732
15.4 729
15.4167 726
15.4333 723
15.45 720
15.4667 717
15.4833 714
15.5 711
15.5167 708
15.5333 705
15.55 702
15.5667 699
15.5833 696
15.6 693
15.6167 689
15.6333 686
15.65 683
15.6667 680
15.6833 677
15.7 673
15.7167 670
15.7333 667
15.75 664
15.7667 660
15.7833 657
15.8 654
15.8167 651
15.8333 647
15.85 644
15.8667 641
15.8833 637
15.9 634
15.9167 630
15.9333 627
15.95 624
15.9667 620
15.9833 617
16.0 613
16.0167 610
16.0333 606
16.05 603
16.0667 599
16.0833 596
16.1 592
16.1167 589
16.1333 585
16.15 582
16.1667 578
16.1833 575
16.2 571
16.2167 568
16.2333 564
16.25 560
16.2667 557
16.2833 553
16.3 549
16.3167 546
16.3333 542
16.35 539
16.3667 535
16.3833 531
16.4 528
16.4167 524
16.4333 520
16.45 516
16.4667 513
16.4833 509
16.5 505
16.5167 501
16.5333 498
16.55 494
16.5667 490
16.5833 486
16.6 483
16.6167 479
16.6333 475
16.65 471
16.6667 467
16.6833 464
16.7 460
16.7167 456
16.7333 452
16.75 448
16.7667 444
16.7833 441
16.8 437
16.8167 433
16.8333 429
16.85 425
16.8667 421
16.8833 417
16.9 413
16.9167 410
16.9333 406
16.95 402
16.9667 398
16.9833 394
