8.0 261
8.0167 265
8.0333 269
8.05 273
8.0667 277
8.0833 281
8.1 284
8.1167 288
8.1333 292
8.15 296
8.1667 300
8.1833 304
8.2 308
8.2167 312
8.2333 316
8.25 320
8.2667 324
8.2833 328
8.3 332
8.3167 336
8.3333 340
8.35 344
8.3667 348
8.3833 351
8.4 355
8.4167 359
8.4333 363
8.45 367
8.4667 371
8.4833 375
8.5 379
8.5167 383
8.5333 387
8.55 391
8.5667 395
8.5833 399
8.6 402
8.6167 406
8.6333 410
8.65 414
8.6667 418
8.6833 422
8.7 426
8.7167 430
8.7333 433
8.75 437
8.7667 441
8.7833 445
8.8 449
8.8167 453
8.8333 456
8.85 460
8.8667 464
8.8833 468
8.9 472
8.9167 475
8.9333 479
8.95 483
8.9667 487
8.9833 491
9.0 494
9.0167 499
9.0333 503
9.05 506
9.0667 510
9.0833 514
9.1 518
9.1167 521
9.1333 525
9.15 529
9.1667 532
9.1833 536
9.2 540
9.2167 543
9.2333 547
9.25 550
9.2667 554
9.2833 558
9.3 561
9.3167 565
9.3333 568
9.35 572
9.3667 575
9.3833 579
9.4 582
9.4167 586
9.4333 589
9.45 593
9.4667 596
9.4833 600
9.5 603
9.5167 607
9.5333 610
9.55 614
9.5667 617
9.5833 620
9.6 624
9.6167 627
9.6333 630
9.65 634
9.6667 637
9.6833 640
9.7 644
9.7167 647
9.7333 650
9.75 654
9.7667 657
9.7833 660
9.8 663
9.8167 667
9.8333 670
9.85 673
9.8667 676
9.8833 679
9.9 682
9.9167 685
9.9333 689
9.95 692
9.9667 695
9.9833 698
10.0 701
10.0167 704
10.0333 707
10.05 710
10.0667 713
10.0833 716
10.1 719
10.1167 722
10.1333 725
10.15 728
10.1667 731
10.1833 734
10.2 736
10.2167 739
10.2333 742
10.25 745
10.2667 748
10.2833 751
10.3 753
10.3167 756
10.3333 759
10.35 762
10.3667 764
10.3833 767
10.4 770
10.4167 773
10.4333 775
10.45 778
10.4667 780
10.4833 783
10.5 786
10.5167 788
10.5333 791
10.55 793
10.5667 796
10.5833 798
10.6 801
10.6167 803
10.6333 806
10.65 808
10.6667 811
10.6833 813
10.7 816
10.7167 818
10.7333 820
10.75 823
10.7667 825
10.7833 827
10.8 830
10.8167 832
10.8333 834
10.85 836
10.8667 839
10.8833 841
10.9 843
10.9167 845
10.9333 847
10.95 849
10.9667 851
10.9833 854
11.0 856
11.0167 858
11.0333 860
11.05 862
11.0667 864
11.0833 866
11.1 868
11.1167 870
11.1333 872
11.15 874
11.1667 875
11.1833 877
11.2 879
11.2167 881
11.2333 883
11.25 885
11.2667 886
11.2833 888
11.3 890
11.3167 892
11.3333 893
11.35 895
11.3667 897
11.3833 898
11.4 900
11.4167 902
11.4333 903
11.45 905
11.4667 906
11.4833 908
11.5 909
11.5167 911
11.5333 912
11.55 914
11.5667 915
11.5833 917
11.6 918
11.6167 919
11.6333 921
11.65 922
11.6667 923
11.6833 925
11.7 926
11.7167 927
11.7333 929
11.75 930
11.7667 931
11.7833 932
11.8 933
11.8167 934
11.8333 936
11.85 937
11.8667 938
11.8833 939
11.9 940
11.9167 941
11.9333 942
11.95 943
11.9667 944
11.9833 945
12.0 946
12.0167 947
12.0333 948
12.05 948
12.0667 949
12.0833 950
12.1 951
12.1167 952
12.1333 952
12.15 953
12.1667 954
12.1833 955
12.2 955
12.2167 956
12.2333 957
12.25 957
12.2667 958
12.2833 958
12.3 959
12.3167 959
12.3333 960
12.35 960
12.3667 961
12.3833 961
12.4 962
12.4167 962
12.4333 963
12.45 963
12.4667 963
12.4833 964
12.5 964
12.5167 964
12.5333 965
12.55 965
12.5667 965
12.5833 965
12.6 965
12.6167 966
12.6333 966
12.65 966
12.6667 966
12.6833 966
12.7 966
12.7167 966
12.7333 966
12.75 966
12.7667 966
12.7833 966
12.8 966
12.8167 966
12.8333 966
12.85 966
12.8667 966
12.8833 965
12.9 965
12.9167 965
12.9333 965
12.95 965
12.9667 964
12.9833 964
13.0 964
13.0167 963
13.0333 963
13.05 963
13.0667 962
13.0833 962
13.1 961
13.1167 961
13.1333 960
13.15 960
13.1667 959
13.1833 959
13.2 958
13.2167 958
13.2333 957
13.25 957
13.2667 956
13.2833 955
13.3 955
13.3167 954
13.3333 953
13.35 952
13.3667 952
13.3833 951
13.4 950
13.4167 949
13.4333 948
13.45 948
13.4667 947
13.4833 946
13.5 945
13.5167 944
13.5333 943
13.55 942
13.5667 941
13.5833 940
13.6 939
13.6167 938
13.6333 937
13.65 936
13.6667 935
13.6833 933
13.7 932
13.7167 931
13.7333 930
13.75 929
13.7667 927
13.7833 926
13.8 925
13.8167 924
13.8333 922
13.85 921
13.8667 920
13.8833 918
13.9 917
13.9167 915
13.9333 914
13.95 913
13.9667 911
13.9833 910
14.0 908
14.0167 907
14.0333 905
14.05 903
14.0667 902
14.0833 900
14.1 899
14.1167 897
14.1333 895
14.15 894
14.1667 892
14.1833 890
14.2 888
14.2167 887
14.2333 885
14.25 883
14.2667 881
14.2833 879
14.3 878
14.3167 876
14.3333 874
14.35 872
14.3667 870
14.3833 868
14.4 866
14.4167 864
14.4333 862
14.45 860
14.4667 858
14.4833 856
14.5 854
14.5167 852
14.5333 850
14.55 847
14.5667 845
14.5833 843
14.6 841
14.6167 839
14.6333 837
14.65 834
14.6667 832
14.6833 830
14.7 828
14.7167 825
14.7333 823
14.75 821
14.7667 818
14.7833 816
14.8 813
14.8167 811
14.8333 809
14.85 806
14.8667 804
14.8833 801
14.9 799
14.9167 796
14.9333 794
14.95 791
14.9667 789
14.9833 786
15.0 784
15.0167 781
15.0333 779
15.05 776
15.0667 773
15.0833 771
15.1 768
15.1167 765
15.1333 762
15.15 760
15.1667 757
15.1833 754
15.2 751
15.2167 749
15.2333 746
15.25 743
15.2667 740
15.2833 737
15.3 734
15.3167 731
15.3333 729
15.35 726
15.3667 723
15.3833 720
15.4 717
15.4167 714
15.4333 711
15.45 708
15.4667 705
15.4833 702
15.5 699
15.5167 696
15.5333 692
15.55 689
15.5667 686
15.5833 683
15.6 680
15.6167 677
15.6333 674
15.65 670
15.6667 667
15.6833 664
15.7 661
15.7167 658
15.7333 654
15.75 651
15.7667 648
15.7833 645
15.8 641
15.8167 638
15.8333 635
15.85 631
15.8667 628
15.8833 625
15.9 621
15.9167 618
15.9333 614
15.95 611
15.9667 608
15.9833 604
16.0 601
16.0167 597
16.0333 594
16.05 590
16.0667 587
16.0833 583
16.1 580
16.1167 576
16.1333 573
16.15 569
16.1667 566
16.1833 562
16.2 558
16.2167 555
16.2333 551
16.25 548
16.2667 544
16.2833 540
16.3 537
16.3167 533
16.3333 529
16.35 526
16.3667 522
16.3833 518
16.4 515
16.4167 511
16.4333 507
16.45 504
16.4667 500
16.4833 496
16.5 492
16.5167 489
16.5333 485
16.55 481
16.5667 477
16.5833 473
16.6 470
16.6167 466
16.6333 462
16.65 458
16.6667 454
16.6833 451
16.7 447
16.7167 443
16.7333 439
16.75 435
16.7667 431
16.7833 428
16.8 424
16.8167 420
16.8333 416
16.85 412
16.8667 408
16.8833 404
16.9 400
16.9167 396
16.9333 393
16.95 389
16.9667 385
16.9833 381
