8.0 334
8.0167 338
8.0333 342
8.05 345
8.0667 349
8.0833 353
8.1 357
8.1167 361
8.1333 365
8.15 369
8.1667 373
8.1833 377
8.2 380
8.2167 384
8.2333 388
8.25 392
8.2667 396
8.2833 400
8.3 404
8.3167 408
8.3333 412
8.35 415
8.3667 419
8.3833 423
8.4 427
8.4167 431
8.4333 435
8.45 439
8.4667 442
8.4833 446
8.5 450
8.5167 454
8.5333 458
8.55 461
8.5667 465
8.5833 469
8.6 473
8.6167 477
8.6333 480
8.65 484
8.6667 488
8.6833 492
8.7 495
8.7167 499
8.7333 503
8.75 507
8.7667 510
8.7833 514
8.8 518
8.8167 522
8.8333 525
8.85 529
8.8667 533
8.8833 536
8.9 540
8.9167 544
8.9333 547
8.95 551
8.9667 554
8.9833 558
9.0 562
9.0167 566
9.0333 569
9.05 573
9.0667 577
9.0833 580
9.1 584
9.1167 587
9.1333 591
9.15 594
9.1667 598
9.1833 601
9.2 605
9.2167 608
9.2333 612
9.25 615
9.2667 619
9.2833 622
9.3 626
9.3167 629
9.3333 632
9.35 636
9.3667 639
9.3833 643
9.4 646
9.4167 649
9.4333 653
9.45 656
9.4667 659
9.4833 662
9.5 666
9.5167 669
9.5333 672
9.55 676
9.5667 679
9.5833 682
9.6 685
9.6167 688
9.6333 692
9.65 695
9.6667 698
9.6833 701
9.7 704
9.7167 707
9.7333 711
9.75 714
9.7667 717
9.7833 720
9.8 723
9.8167 726
9.8333 729
9.85 732
9.8667 735
9.8833 738
9.9 741
9.9167 744
9.9333 747
9.95 750
9.9667 753
9.9833 756
10.0 758
10.0167 761
10.0333 764
10.05 767
10.0667 770
10.0833 773
10.1 776
10.1167 778
10.1333 781
10.15 784
10.1667 787
10.1833 789
10.2 792
10.2167 795
10.2333 797
10.25 800
10.2667 803
10.2833 805
10.3 808
10.3167 811
10.3333 813
10.35 816
10.3667 818
10.3833 821
10.4 823
10.4167 826
10.4333 828
10.45 831
10.4667 833
10.4833 836
10.5 838
10.5167 841
10.5333 843
10.55 845
10.5667 848
10.5833 850
10.6 852
10.6167 855
10.6333 857
10.65 859
10.6667 862
10.6833 864
10.7 866
10.7167 868
10.7333 871
10.75 873
10.7667 875
10.7833 877
10.8 879
10.8167 881
10.8333 883
10.85 885
10.8667 887
10.8833 890
10.9 892
10.9167 894
10.9333 896
10.95 898
10.9667 900
10.9833 901
11.0 903
11.0167 905
11.0333 907
11.05 909
11.0667 911
11.0833 913
11.1 915
11.1167 916
11.1333 918
11.15 920
11.1667 922
11.1833 923
11.2 925
11.2167 927
11.2333 928
11.25 930
11.2667 932
11.2833 933
11.3 935
11.3167 936
11.3333 938
11.35 940
11.3667 941
11.3833 943
11.4 944
11.4167 945
11.4333 947
11.45 948
11.4667 950
11.4833 951
11.5 953
11.5167 954
11.5333 955
11.55 957
11.5667 958
11.5833 959
11.6 960
11.6167 962
11.6333 963
11.65 964
11.6667 965
11.6833 966
11.7 967
11.7167 969
11.7333 970
11.75 971
11.7667 972
11.7833 973
11.8 974
11.8167 975
11.8333 976
11.85 977
11.8667 978
11.8833 979
11.9 980
11.9167 981
11.9333 981
11.95 982
11.9667 983
11.9833 984
12.0 985
12.0167 985
12.0333 986
12.05 987
12.0667 988
12.0833 988
12.1 989
12.1167 990
12.1333 990
12.15 991
12.1667 991
12.1833 992
12.2 993
12.2167 993
12.2333 994
12.25 994
12.2667 995
12.2833 995
12.3 996
12.3167 996
12.3333 996
12.35 997
12.3667 997
12.3833 997
12.4 998
12.4167 998
12.4333 998
12.45 999
12.4667 999
12.4833 999
12.5 999
12.5167 999
12.5333 1000
12.55 1000
12.5667 1000
12.5833 1000
12.6 1000
12.6167 1000
12.6333 1000
12.65 1000
12.6667 1000
12.6833 1000
12.7 1000
12.7167 1000
12.7333 1000
12.75 1000
12.7667 1000
12.7833 999
12.8 999
12.8167 999
12.8333 999
12.85 999
12.8667 998
12.8833 998
12.9 998
12.9167 998
12.9333 997
12.95 997
12.9667 997
12.9833 996
13.0 996
13.0167 995
13.0333 995
13.05 994
13.0667 994
13.0833 993
13.1 993
13.1167 992
13.1333 992
13.15 991
13.1667 991
13.1833 990
13.2 989
13.2167 989
13.2333 988
13.25 987
13.2667 987
13.2833 986
13.3 985
13.3167 984
13.3333 984
13.35 983
13.3667 982
13.3833 981
13.4 980
13.4167 979
13.4333 978
13.45 977
13.4667 976
13.4833 975
13.5 974
13.5167 973
13.5333 972
13.55 971
13.5667 970
13.5833 969
13.6 968
13.6167 967
13.6333 966
13.65 965
13.6667 963
13.6833 962
13.7 961
13.7167 960
13.7333 958
13.75 957
13.7667 956
13.7833 955
13.8 953
13.8167 952
13.8333 951
13.85 949
13.8667 948
13.8833 946
13.9 945
13.9167 943
13.9333 942
13.95 940
13.9667 939
13.9833 937
14.0 936
14.0167 934
14.0333 933
14.05 931
14.0667 929
14.0833 928
14.1 926
14.1167 924
14.1333 923
14.15 921
14.1667 919
14.1833 917
14.2 915
14.2167 914
14.2333 912
14.25 910
14.2667 908
14.2833 906
14.3 904
14.3167 902
14.3333 901
14.35 899
14.3667 897
14.3833 895
14.4 893
14.4167 891
14.4333 889
14.45 887
14.4667 885
14.4833 882
14.5 880
14.5167 878
14.5333 876
14.55 874
14.5667 872
14.5833 870
14.6 867
14.6167 865
14.6333 863
14.65 861
14.6667 858
14.6833 856
14.7 854
14.7167 851
14.7333 849
14.75 847
14.7667 844
14.7833 842
14.8 840
14.8167 837
14.8333 835
14.85 832
14.8667 830
14.8833 827
14.9 825
14.9167 822
14.9333 820
14.95 817
14.9667 815
14.9833 812
15.0 810
15.0167 807
15.0333 804
15.05 802
15.0667 799
15.0833 796
15.1 794
15.1167 791
15.1333 788
15.15 786
15.1667 783
15.1833 780
15.2 777
15.2167 774
15.2333 772
15.25 769
15.2667 766
15.2833 763
15.3 760
15.3167 757
15.3333 754
15.35 752
15.3667 749
15.3833 746
15.4 743
15.4167 740
15.4333 737
15.45 734
15.4667 731
15.4833 728
15.5 725
15.5167 722
15.5333 719
15.55 716
15.5667 712
15.5833 709
15.6 706
15.6167 703
15.6333 700
15.65 697
15.6667 694
15.6833 690
15.7 687
15.7167 684
15.7333 681
15.75 678
15.7667 674
15.7833 671
15.8 668
15.8167 665
15.8333 661
15.85 658
15.8667 655
15.8833 651
15.9 648
15.9167 645
15.9333 641
15.95 638
15.9667 634
15.9833 631
16.0 628
16.0167 624
16.0333 621
16.05 617
16.0667 614
16.0833 610
16.1 607
16.1167 603
16.1333 600
16.15 596
16.1667 593
16.1833 589
16.2 586
16.2167 582
16.2333 579
16.25 575
16.2667 572
16.2833 568
16.3 565
16.3167 561
16.3333 557
16.35 554
16.3667 550
16.3833 546
16.4 543
16.4167 539
16.4333 535
16.45 532
16.4667 528
16.4833 524
16.5 521
16.5167 517
16.5333 513
16.55 510
16.5667 506
16.5833 502
16.6 498
16.6167 495
16.6333 491
16.65 487
16.6667 483
16.6833 480
16.7 476
16.7167 472
16.7333 468
16.75 464
16.7667 461
16.7833 457
16.8 453
16.8167 449
16.8333 445
16.85 442
16.8667 438
16.8833 434
16.9 430
16.9167 426
16.9333 422
16.95 418
16.9667 415
16.9833 411
