8.0 339
8.0167 343
8.0333 347
8.05 351
8.0667 355
8.0833 358
8.1 362
8.1167 366
8.1333 370
8.15 374
8.1667 378
8.1833 382
8.2 386
8.2167 390
8.2333 393
8.25 397
8.2667 401
8.2833 405
8.3 409
8.3167 413
8.3333 417
8.35 420
8.3667 424
8.3833 428
8.4 432
8.4167 436
8.4333 440
8.45 444
8.4667 447
8.4833 451
8.5 455
8.5167 459
8.5333 463
8.55 466
8.5667 470
8.5833 474
8.6 478
8.6167 482
8.6333 485
8.65 489
8.6667 493
8.6833 497
8.7 500
8.7167 504
8.7333 508
8.75 511
8.7667 515
8.7833 519
8.8 523
8.8167 526
8.8333 530
8.85 534
8.8667 537
8.8833 541
8.9 545
8.9167 548
8.9333 552
8.95 555
8.9667 559
8.9833 563
9.0 566
9.0167 570
9.0333 574
9.05 578
9.0667 581
9.0833 585
9.1 588
9.1167 592
9.1333 595
9.15 599
9.1667 602
9.1833 606
9.2 609
9.2167 613
9.2333 616
9.25 620
9.2667 623
9.2833 626
9.3 630
9.3167 633
9.3333 637
9.35 640
9.3667 643
9.3833 647
9.4 650
9.4167 653
9.4333 657
9.45 660
9.4667 663
9.4833 667
9.5 670
9.5167 673
9.5333 676
9.55 680
9.5667 683
9.5833 686
9.6 689
9.6167 692
9.6333 696
9.65 699
9.6667 702
9.6833 705
9.7 708
9.7167 711
9.7333 714
9.75 718
9.7667 721
9.7833 724
9.8 727
9.8167 730
9.8333 733
9.85 736
9.8667 739
9.8833 742
9.9 745
9.9167 748
9.9333 751
9.95 753
9.9667 756
9.9833 759
10.0 762
10.0167 765
10.0333 768
10.05 771
10.0667 774
10.0833 776
10.1 779
10.1167 782
10.1333 785
10.15 787
10.1667 790
10.1833 793
10.2 796
10.2167 798
10.2333 801
10.25 804
10.2667 806
10.2833 809
10.3 811
10.3167 814
10.3333 817
10.35 819
10.3667 822
10.3833 824
10.4 827
10.4167 829
10.4333 832
10.45 834
10.4667 837
10.4833 839
10.5 841
10.5167 844
10.5333 846
10.55 849
10.5667 851
10.5833 853
10.6 856
10.6167 858
10.6333 860
10.65 862
10.6667 865
10.6833 867
10.7 869
10.7167 871
10.7333 874
10.75 876
10.7667 878
10.7833 880
10.8 882
10.8167 884
10.8333 886
10.85 888
10.8667 890
10.8833 892
10.9 894
10.9167 896
10.9333 898
10.95 900
10.9667 902
10.9833 904
11.0 906
11.0167 908
11.0333 910
11.05 912
11.0667 914
11.0833 915
11.1 917
11.1167 919
11.1333 921
11.15 923
11.1667 924
11.1833 926
11.2 928
11.2167 929
11.2333 931
11.25 933
11.2667 934
11.2833 936
11.3 937
11.3167 939
11.3333 941
11.35 942
11.3667 944
11.3833 945
11.4 947
11.4167 948
11.4333 949
11.45 951
11.4667 952
11.4833 954
11.5 955
11.5167 956
11.5333 958
11.55 959
11.5667 960
11.5833 962
11.6 963
11.6167 964
11.6333 965
11.65 966
11.6667 968
11.6833 969
11.7 970
11.7167 971
11.7333 972
11.75 973
11.7667 974
11.7833 975
11.8 976
11.8167 977
11.8333 978
11.85 979
11.8667 980
11.8833 981
11.9 982
11.9167 983
11.9333 984
11.95 984
11.9667 985
11.9833 986
12.0 987
12.0167 988
12.0333 988
12.05 989
12.0667 990
12.0833 990
12.1 991
12.1167 992
12.1333 992
12.15 993
12.1667 994
12.1833 994
12.2 995
12.2167 995
12.2333 996
12.25 996
12.2667 997
12.2833 997
12.3 998
12.3167 998
12.3333 998
12.35 999
12.3667 999
12.3833 999
12.4 1000
12.4167 1000
12.4333 1000
12.45 1001
12.4667 1001
12.4833 1001
12.5 1001
12.5167 1001
12.5333 1001
12.55 1002
12.5667 1002
12.5833 1002
12.6 1002
12.6167 1002
12.6333 1002
12.65 1002
12.6667 1002
12.6833 1002
12.7 1002
12.7167 1002
12.7333 1002
12.75 1002
12.7667 1001
12.7833 1001
12.8 1001
12.8167 1001
12.8333 1001
12.85 1000
12.8667 1000
12.8833 1000
12.9 1000
12.9167 999
12.9333 999
12.95 999
12.9667 998
12.9833 998
13.0 998
13.0167 997
13.0333 997
13.05 996
13.0667 996
13.0833 995
13.1 995
13.1167 994
13.1333 994
13.15 993
13.1667 992
13.1833 992
13.2 991
13.2167 990
13.2333 990
13.25 989
13.2667 988
13.2833 988
13.3 987
13.3167 986
13.3333 985
13.35 984
13.3667 984
13.3833 983
13.4 982
13.4167 981
13.4333 980
13.45 979
13.4667 978
13.4833 977
13.5 976
13.5167 975
13.5333 974
13.55 973
13.5667 972
13.5833 971
13.6 970
13.6167 969
13.6333 967
13.65 966
13.6667 965
13.6833 964
13.7 963
13.7167 961
13.7333 960
13.75 959
13.7667 958
13.7833 956
13.8 955
13.8167 953
13.8333 952
13.85 951
13.8667 949
13.8833 948
13.9 946
13.9167 945
13.9333 943
13.95 942
13.9667 940
13.9833 939
14.0 937
14.0167 936
14.0333 934
14.05 933
14.0667 931
14.0833 929
14.1 928
14.1167 926
14.1333 924
14.15 922
14.1667 921
14.1833 919
14.2 917
14.2167 915
14.2333 913
14.25 912
14.2667 910
14.2833 908
14.3 906
14.3167 904
14.3333 902
14.35 900
14.3667 898
14.3833 896
14.4 894
14.4167 892
14.4333 890
14.45 888
14.4667 886
14.4833 884
14.5 882
14.5167 880
14.5333 878
14.55 876
14.5667 873
14.5833 871
14.6 869
14.6167 867
14.6333 865
14.65 862
14.6667 860
14.6833 858
14.7 855
14.7167 853
14.7333 851
14.75 848
14.7667 846
14.7833 844
14.8 841
14.8167 839
14.8333 836
14.85 834
14.8667 831
14.8833 829
14.9 826
14.9167 824
14.9333 821
14.95 819
14.9667 816
14.9833 814
15.0 811
15.0167 809
15.0333 806
15.05 803
15.0667 801
15.0833 798
15.1 795
15.1167 793
15.1333 790
15.15 787
15.1667 785
15.1833 782
15.2 779
15.2167 776
15.2333 773
15.25 771
15.2667 768
15.2833 765
15.3 762
15.3167 759
15.3333 756
15.35 753
15.3667 750
15.3833 748
15.4 745
15.4167 742
15.4333 739
15.45 736
15.4667 733
15.4833 730
15.5 727
15.5167 724
15.5333 721
15.55 717
15.5667 714
15.5833 711
15.6 708
15.6167 705
15.6333 702
15.65 699
15.6667 696
15.6833 692
15.7 689
15.7167 686
15.7333 683
15.75 680
15.7667 676
15.7833 673
15.8 670
15.8167 667
15.8333 663
15.85 660
15.8667 657
15.8833 653
15.9 650
15.9167 647
15.9333 643
15.95 640
15.9667 637
15.9833 633
16.0 630
16.0167 626
16.0333 623
16.05 619
16.0667 616
16.0833 613
16.1 609
16.1167 606
16.1333 602
16.15 599
16.1667 595
16.1833 592
16.2 588
16.2167 585
16.2333 581
16.25 577
16.2667 574
16.2833 570
16.3 567
16.3167 563
16.3333 560
16.35 556
16.3667 552
16.3833 549
16.4 545
16.4167 541
16.4333 538
16.45 534
16.4667 530
16.4833 527
16.5 523
16.5167 519
16.5333 516
16.55 512
16.5667 508
16.5833 505
16.6 501
16.6167 497
16.6333 493
16.65 490
16.6667 486
16.6833 482
16.7 478
16.7167 474
16.7333 471
16.75 467
16.7667 463
16.7833 459
16.8 456
16.8167 452
16.8333 448
16.85 444
16.8667 440
16.8833 436
16.9 433
16.9167 429
16.9333 425
16.95 421
16.9667 417
16.9833 413
