8.0 294
8.0167 298
8.0333 302
8.05 306
8.0667 310
8.0833 314
8.1 318
8.1167 322
8.1333 326
8.15 330
8.1667 334
8.1833 338
8.2 342
8.2167 346
8.2333 350
8.25 354
8.2667 358
8.2833 362
8.3 366
8.3167 370
8.3333 374
8.35 378
8.3667 382
8.3833 385
8.4 389
8.4167 393
8.4333 397
8.45 401
8.4667 405
8.4833 409
8.5 413
8.5167 417
8.5333 421
8.55 425
8.5667 429
8.5833 432
8.6 436
8.6167 440
8.6333 444
8.65 448
8.6667 452
8.6833 456
8.7 460
8.7167 463
8.7333 467
8.75 471
8.7667 475
8.7833 479
8.8 483
8.8167 486
8.8333 490
8.85 494
8.8667 498
8.8833 501
8.9 505
8.9167 509
8.9333 513
8.95 517
8.9667 520
8.9833 524
9.0 528
9.0167 532
9.0333 536
9.05 540
9.0667 543
9.0833 547
9.1 551
9.1167 554
9.1333 558
9.15 562
9.1667 565
9.1833 569
9.2 572
9.2167 576
9.2333 580
9.25 583
9.2667 587
9.2833 590
9.3 594
9.3167 597
9.3333 601
9.35 604
9.3667 608
9.3833 611
9.4 615
9.4167 618
9.4333 622
9.45 625
9.4667 629
9.4833 632
9.5 635
9.5167 639
9.5333 642
9.55 646
9.5667 649
9.5833 652
9.6 656
9.6167 659
9.6333 662
9.65 665
9.6667 669
9.6833 672
9.7 675
9.7167 678
9.7333 682
9.75 685
9.7667 688
9.7833 691
9.8 694
9.8167 698
9.8333 701
9.85 704
9.8667 707
9.8833 710
9.9 713
9.9167 716
9.9333 719
9.95 722
9.9667 725
9.9833 728
10.0 731
10.0167 734
10.0333 737
10.05 740
10.0667 743
10.0833 746
10.1 749
10.1167 752
10.1333 755
10.15 758
10.1667 761
10.1833 764
10.2 766
10.2167 769
10.2333 772
10.25 775
10.2667 778
10.2833 780
10.3 783
10.3167 786
10.3333 788
10.35 791
10.3667 794
10.3833 796
10.4 799
10.4167 802
10.4333 804
10.45 807
10.4667 809
10.4833 812
10.5 815
10.5167 817
10.5333 820
10.55 822
10.5667 825
10.5833 827
10.6 829
10.6167 832
10.6333 834
10.65 837
10.6667 839
10.6833 841
10.7 844
10.7167 846
10.7333 848
10.75 851
10.7667 853
10.7833 855
10.8 857
10.8167 860
10.8333 862
10.85 864
10.8667 866
10.8833 868
10.9 870
10.9167 873
10.9333 875
10.95 877
10.9667 879
10.9833 881
11.0 883
11.0167 885
11.0333 887
11.05 889
11.0667 891
11.0833 893
11.1 895
11.1167 897
11.1333 898
11.15 900
11.1667 902
11.1833 904
11.2 906
11.2167 907
11.2333 909
11.25 911
11.2667 913
11.2833 914
11.3 916
11.3167 918
11.3333 919
11.35 921
11.3667 923
11.3833 924
11.4 926
11.4167 927
11.4333 929
11.45 930
11.4667 932
11.4833 933
11.5 935
11.5167 936
11.5333 938
11.55 939
11.5667 941
11.5833 942
11.6 943
11.6167 945
11.6333 946
11.65 947
11.6667 948
11.6833 950
11.7 951
11.7167 952
11.7333 953
11.75 954
11.7667 956
11.7833 957
11.8 958
11.8167 959
11.8333 960
11.85 961
11.8667 962
11.8833 963
11.9 964
11.9167 965
11.9333 966
11.95 967
11.9667 968
11.9833 969
12.0 970
12.0167 970
12.0333 971
12.05 972
12.0667 973
12.0833 974
12.1 974
12.1167 975
12.1333 976
12.15 977
12.1667 977
12.1833 978
12.2 979
12.2167 979
12.2333 980
12.25 980
12.2667 981
12.2833 981
12.3 982
12.3167 982
12.3333 983
12.35 983
12.3667 984
12.3833 984
12.4 984
12.4167 985
12.4333 985
12.45 986
12.4667 986
12.4833 986
12.5 986
12.5167 987
12.5333 987
12.55 987
12.5667 987
12.5833 987
12.6 988
12.6167 988
12.6333 988
12.65 988
12.6667 988
12.6833 988
12.7 988
12.7167 988
12.7333 988
12.75 988
12.7667 988
12.7833 988
12.8 988
12.8167 987
12.8333 987
12.85 987
12.8667 987
12.8833 987
12.9 987
12.9167 986
12.9333 986
12.95 986
12.9667 985
12.9833 985
13.0 985
13.0167 984
13.0333 984
13.05 984
13.0667 983
13.0833 983
13.1 982
13.1167 982
13.1333 981
13.15 981
13.1667 980
13.1833 980
13.2 979
13.2167 978
13.2333 978
13.25 977
13.2667 976
13.2833 976
13.3 975
13.3167 974
13.3333 973
13.35 973
13.3667 972
13.3833 971
13.4 970
13.4167 969
13.4333 968
13.45 968
13.4667 967
13.4833 966
13.5 965
13.5167 964
13.5333 963
13.55 962
13.5667 961
13.5833 960
13.6 959
13.6167 958
13.6333 956
13.65 955
13.6667 954
13.6833 953
13.7 952
13.7167 951
13.7333 949
13.75 948
13.7667 947
13.7833 945
13.8 944
13.8167 943
13.8333 941
13.85 940
13.8667 939
13.8833 937
13.9 936
13.9167 934
13.9333 933
13.95 931
13.9667 930
13.9833 928
14.0 927
14.0167 925
14.0333 924
14.05 922
14.0667 921
14.0833 919
14.1 917
14.1167 916
14.1333 914
14.15 912
14.1667 910
14.1833 909
14.2 907
14.2167 905
14.2333 903
14.25 901
14.2667 900
14.2833 898
14.3 896
14.3167 894
14.3333 892
14.35 890
14.3667 888
14.3833 886
14.4 884
14.4167 882
14.4333 880
14.45 878
14.4667 876
14.4833 874
14.5 872
14.5167 870
14.5333 868
14.55 865
14.5667 863
14.5833 861
14.6 859
14.6167 857
14.6333 854
14.65 852
14.6667 850
14.6833 848
14.7 845
14.7167 843
14.7333 841
14.75 838
14.7667 836
14.7833 834
14.8 831
14.8167 829
14.8333 826
14.85 824
14.8667 821
14.8833 819
14.9 816
14.9167 814
14.9333 811
14.95 809
14.9667 806
14.9833 803
15.0 801
15.0167 799
15.0333 796
15.05 793
15.0667 791
15.0833 788
15.1 785
15.1167 782
15.1333 780
15.15 777
15.1667 774
15.1833 771
15.2 769
15.2167 766
15.2333 763
15.25 760
15.2667 757
15.2833 754
15.3 751
15.3167 749
15.3333 746
15.35 743
15.3667 740
15.3833 737
15.4 734
15.4167 731
15.4333 728
15.45 725
15.4667 722
15.4833 719
15.5 716
15.5167 713
15.5333 709
15.55 706
15.5667 703
15.5833 700
15.6 697
15.6167 694
15.6333 691
15.65 687
15.6667 684
15.6833 681
15.7 678
15.7167 674
15.7333 671
15.75 668
15.7667 665
15.7833 661
15.8 658
15.8167 655
15.8333 651
15.85 648
15.8667 645
15.8833 641
15.9 638
15.9167 635
15.9333 631
15.95 628
15.9667 624
15.9833 621
16.0 617
16.0167 614
16.0333 610
16.05 607
16.0667 603
16.0833 600
16.1 596
16.1167 593
16.1333 589
16.15 586
16.1667 582
16.1833 579
16.2 575
16.2167 571
16.2333 568
16.25 564
16.2667 561
16.2833 557
16.3 553
16.3167 550
16.3333 546
16.35 542
16.3667 539
16.3833 535
16.4 531
16.4167 528
16.4333 524
16.45 520
16.4667 516
16.4833 513
16.5 509
16.5167 505
16.5333 501
16.55 498
16.5667 494
16.5833 490
16.6 486
16.6167 482
16.6333 479
16.65 475
16.6667 471
16.6833 467
16.7 463
16.7167 459
16.7333 456
16.75 452
16.7667 448
16.7833 444
16.8 440
16.8167 436
16.8333 432
16.85 428
16.8667 425
16.8833 421
16.9 417
16.9167 413
16.9333 409
16.95 405
16.9667 401
16.9833 397
