8.0 320
8.0167 324
8.0333 328
8.05 332
8.0667 336
8.0833 339
8.1 343
8.1167 347
8.1333 351
8.15 355
8.1667 359
8.1833 363
8.2 367
8.2167 371
8.2333 375
8.25 379
8.2667 383
8.2833 386
8.3 390
8.3167 394
8.3333 398
8.35 402
8.3667 406
8.3833 410
8.4 414
8.4167 418
8.4333 421
8.45 425
8.4667 429
8.4833 433
8.5 437
8.5167 441
8.5333 445
8.55 448
8.5667 452
8.5833 456
8.6 460
8.6167 464
8.6333 468
8.65 471
8.6667 475
8.6833 479
8.7 483
8.7167 487
8.7333 490
8.75 494
8.7667 498
8.7833 502
8.8 505
8.8167 509
8.8333 513
8.85 516
8.8667 520
8.8833 524
8.9 528
8.9167 531
8.9333 535
8.95 539
8.9667 542
8.9833 546
9.0 550
9.0167 554
9.0333 558
9.05 561
9.0667 565
9.0833 568
9.1 572
9.1167 576
9.1333 579
9.15 583
9.1667 586
9.1833 590
9.2 593
9.2167 597
9.2333 600
9.25 604
9.2667 607
9.2833 611
9.3 614
9.3167 618
9.3333 621
9.35 625
9.3667 628
9.3833 631
9.4 635
9.4167 638
9.4333 642
9.45 645
9.4667 648
9.4833 652
9.5 655
9.5167 658
9.5333 662
9.55 665
9.5667 668
9.5833 671
9.6 675
9.6167 678
9.6333 681
9.65 684
9.6667 687
9.6833 691
9.7 694
9.7167 697
9.7333 700
9.75 703
9.7667 706
9.7833 710
9.8 713
9.8167 716
9.8333 719
9.85 722
9.8667 725
9.8833 728
9.9 731
9.9167 734
9.9333 737
9.95 740
9.9667 743
9.9833 746
10.0 749
10.0167 752
10.0333 755
10.05 757
10.0667 760
10.0833 763
10.1 766
10.1167 769
10.1333 772
10.15 774
10.1667 777
10.1833 780
10.2 783
10.2167 785
10.2333 788
10.25 791
10.2667 794
10.2833 796
10.3 799
10.3167 802
10.3333 804
10.35 807
10.3667 809
10.3833 812
10.4 815
10.4167 817
10.4333 820
10.45 822
10.4667 825
10.4833 827
10.5 830
10.5167 832
10.5333 835
10.55 837
10.5667 839
10.5833 842
10.6 844
10.6167 846
10.6333 849
10.65 851
10.6667 853
10.6833 856
10.7 858
10.7167 860
10.7333 862
10.75 865
10.7667 867
10.7833 869
10.8 871
10.8167 873
10.8333 875
10.85 878
10.8667 880
10.8833 882
10.9 884
10.9167 886
10.9333 888
10.95 890
10.9667 892
10.9833 894
11.0 896
11.0167 898
11.0333 900
11.05 902
11.0667 903
11.0833 905
11.1 907
11.1167 909
11.1333 911
11.15 913
11.1667 914
11.1833 916
11.2 918
11.2167 920
11.2333 921
11.25 923
11.2667 925
11.2833 926
11.3 928
11.3167 929
11.3333 931
11.35 933
11.3667 934
11.3833 936
11.4 937
11.4167 939
11.4333 940
11.45 942
11.4667 943
11.4833 944
11.5 946
11.5167 947
11.5333 949
11.55 950
11.5667 951
11.5833 953
11.6 954
11.6167 955
11.6333 956
11.65 958
11.6667 959
11.6833 960
11.7 961
11.7167 962
11.7333 963
11.75 965
11.7667 966
11.7833 967
11.8 968
11.8167 969
11.8333 970
11.85 971
11.8667 972
11.8833 973
11.9 974
11.9167 975
11.9333 975
11.95 976
11.9667 977
11.9833 978
12.0 979
12.0167 980
12.0333 980
12.05 981
12.0667 982
12.0833 983
12.1 983
12.1167 984
12.1333 985
12.15 985
12.1667 986
12.1833 987
12.2 987
12.2167 988
12.2333 988
12.25 989
12.2667 989
12.2833 990
12.3 990
12.3167 991
12.3333 991
12.35 991
12.3667 992
12.3833 992
12.4 992
12.4167 993
12.4333 993
12.45 993
12.4667 994
12.4833 994
12.5 994
12.5167 994
12.5333 994
12.55 995
12.5667 995
12.5833 995
12.6 995
12.6167 995
12.6333 995
12.65 995
12.6667 995
12.6833 995
12.7 995
12.7167 995
12.7333 995
12.75 995
12.7667 995
12.7833 995
12.8 995
12.8167 994
12.8333 994
12.85 994
12.8667 994
12.8833 993
12.9 993
12.9167 993
12.9333 993
12.95 992
12.9667 992
12.9833 992
13.0 991
13.0167 991
13.0333 990
13.05 990
13.0667 989
13.0833 989
13.1 988
13.1167 988
13.1333 987
13.15 987
13.1667 986
13.1833 986
13.2 985
13.2167 984
13.2333 984
13.25 983
13.2667 982
13.2833 982
13.3 981
13.3167 980
13.3333 979
13.35 978
13.3667 978
13.3833 977
13.4 976
13.4167 975
13.4333 974
13.45 973
13.4667 972
13.4833 971
13.5 970
13.5167 969
13.5333 968
13.55 967
13.5667 966
13.5833 965
13.6 964
13.6167 963
13.6333 962
13.65 961
13.6667 959
13.6833 958
13.7 957
13.7167 956
13.7333 954
13.75 953
13.7667 952
13.7833 951
13.8 949
13.8167 948
13.8333 946
13.85 945
13.8667 944
13.8833 942
13.9 941
13.9167 939
13.9333 938
13.95 936
13.9667 935
13.9833 933
14.0 932
14.0167 930
14.0333 929
14.05 927
14.0667 925
14.0833 924
14.1 922
14.1167 920
14.1333 919
14.15 917
14.1667 915
14.1833 913
14.2 912
14.2167 910
14.2333 908
14.25 906
14.2667 904
14.2833 902
14.3 900
14.3167 899
14.3333 897
14.35 895
14.3667 893
14.3833 891
14.4 889
14.4167 887
14.4333 885
14.45 883
14.4667 881
14.4833 878
14.5 876
14.5167 874
14.5333 872
14.55 870
14.5667 868
14.5833 866
14.6 863
14.6167 861
14.6333 859
14.65 857
14.6667 854
14.6833 852
14.7 850
14.7167 847
14.7333 845
14.75 843
14.7667 840
14.7833 838
14.8 836
14.8167 833
14.8333 831
14.85 828
14.8667 826
14.8833 823
14.9 821
14.9167 818
14.9333 816
14.95 813
14.9667 811
14.9833 808
15.0 806
15.0167 803
15.0333 800
15.05 798
15.0667 795
15.0833 792
15.1 790
15.1167 787
15.1333 784
15.15 781
15.1667 779
15.1833 776
15.2 773
15.2167 770
15.2333 767
15.25 765
15.2667 762
15.2833 759
15.3 756
15.3167 753
15.3333 750
15.35 747
15.3667 744
15.3833 741
15.4 738
15.4167 735
15.4333 732
15.45 729
15.4667 726
15.4833 723
15.5 720
15.5167 717
15.5333 714
15.55 711
15.5667 708
15.5833 705
15.6 702
15.6167 699
15.6333 695
15.65 692
15.6667 689
15.6833 686
15.7 683
15.7167 679
15.7333 676
15.75 673
15.7667 670
15.7833 666
15.8 663
15.8167 660
15.8333 657
15.85 653
15.8667 650
15.8833 647
15.9 643
15.9167 640
15.9333 636
15.95 633
15.9667 630
15.9833 626
16.0 623
16.0167 619
16.0333 616
16.05 612
16.0667 609
16.0833 606
16.1 602
16.1167 599
16.1333 595
16.15 591
16.1667 588
16.1833 584
16.2 581
16.2167 577
16.2333 574
16.25 570
16.2667 567
16.2833 563
16.3 559
16.3167 556
16.3333 552
16.35 548
16.3667 545
16.3833 541
16.4 537
16.4167 534
16.4333 530
16.45 526
16.4667 523
16.4833 519
16.5 515
16.5167 512
16.5333 508
16.55 504
16.5667 500
16.5833 497
16.6 493
16.6167 489
16.6333 485
16.65 482
16.6667 478
16.6833 474
16.7 470
16.7167 466
16.7333 463
16.75 459
16.7667 455
16.7833 451
16.8 447
16.8167 443
16.8333 440
16.85 436
16.8667 432
16.8833 428
16.9 424
16.9167 420
16.9333 416
16.95 412
16.9667 409
16.9833 405
