8.0 404
8.0167 408
8.0333 412
8.05 416
8.0667 419
8.0833 423
8.1 427
8.1167 431
8.1333 435
8.15 438
8.1667 442
8.1833 446
8.2 450
8.2167 454
8.2333 457
8.25 461
8.2667 465
8.2833 469
8.3 473
8.3167 476
8.3333 480
8.35 484
8.3667 488
8.3833 491
8.4 495
8.4167 499
8.4333 502
8.45 506
8.4667 510
8.4833 514
8.5 517
8.5167 521
8.5333 525
8.55 528
8.5667 532
8.5833 536
8.6 539
8.6167 543
8.6333 547
8.65 550
8.6667 554
8.6833 557
8.7 561
8.7167 565
8.7333 568
8.75 572
8.7667 575
8.7833 579
8.8 583
8.8167 586
8.8333 590
8.85 593
8.8667 597
8.8833 600
8.9 604
8.9167 607
8.9333 611
8.95 614
8.9667 618
8.9833 621
9.0 625
9.0167 628
9.0333 632
9.05 635
9.0667 638
9.0833 642
9.1 645
9.1167 649
9.1333 652
9.15 655
9.1667 659
9.1833 662
9.2 665
9.2167 669
9.2333 672
9.25 675
9.2667 679
9.2833 682
9.3 685
9.3167 689
9.3333 692
9.35 695
9.3667 698
9.3833 701
9.4 705
9.4167 708
9.4333 711
9.45 714
9.4667 717
9.4833 721
9.5 724
9.5167 727
9.5333 730
9.55 733
9.5667 736
9.5833 739
9.6 742
9.6167 745
9.6333 748
9.65 751
9.6667 754
9.6833 757
9.7 760
9.7167 763
9.7333 766
9.75 769
9.7667 772
9.7833 775
9.8 778
9.8167 781
9.8333 784
9.85 787
9.8667 789
9.8833 792
9.9 795
9.9167 798
9.9333 801
9.95 804
9.9667 806
9.9833 809
10.0 812
10.0167 815
10.0333 817
10.05 820
10.0667 823
10.0833 825
10.1 828
10.1167 831
10.1333 833
10.15 836
10.1667 839
10.1833 841
10.2 844
10.2167 846
10.2333 849
10.25 851
10.2667 854
10.2833 856
10.3 859
10.3167 861
10.3333 864
10.35 866
10.3667 869
10.3833 871
10.4 873
10.4167 876
10.4333 878
10.45 880
10.4667 883
10.4833 885
10.5 887
10.5167 890
10.5333 892
10.55 894
10.5667 896
10.5833 899
10.6 901
10.6167 903
10.6333 905
10.65 907
10.6667 910
10.6833 912
10.7 914
10.7167 916
10.7333 918
10.75 920
10.7667 922
10.7833 924
10.8 926
10.8167 928
10.8333 930
10.85 932
10.8667 934
10.8833 936
10.9 938
10.9167 940
10.9333 942
10.95 944
10.9667 945
10.9833 947
11.0 949
11.0167 951
11.0333 953
11.05 954
11.0667 956
11.0833 958
11.1 960
11.1167 961
11.1333 963
11.15 965
11.1667 966
11.1833 968
11.2 969
11.2167 971
11.2333 973
11.25 974
11.2667 976
11.2833 977
11.3 979
11.3167 980
11.3333 982
11.35 983
11.3667 985
11.3833 986
11.4 987
11.4167 989
11.4333 990
11.45 991
11.4667 993
11.4833 994
11.5 995
11.5167 997
11.5333 998
11.55 999
11.5667 1000
11.5833 1001
11.6 1003
11.6167 1004
11.6333 1005
11.65 1006
11.6667 1007
11.6833 1008
11.7 1009
11.7167 1010
11.7333 1011
11.75 1012
11.7667 1013
11.7833 1014
11.8 1015
11.8167 1016
11.8333 1017
11.85 1018
11.8667 1019
11.8833 1020
11.9 1021
11.9167 1022
11.9333 1022
11.95 1023
11.9667 1024
11.9833 1025
12.0 1025
12.0167 1026
12.0333 1027
12.05 1028
12.0667 1028
12.0833 1029
12.1 1029
12.1167 1030
12.1333 1031
12.15 1031
12.1667 1032
12.1833 1032
12.2 1033
12.2167 1033
12.2333 1034
12.25 1034
12.2667 1035
12.2833 1035
12.3 1035
12.3167 1036
12.3333 1036
12.35 1037
12.3667 1037
12.3833 1037
12.4 1038
12.4167 1038
12.4333 1038
12.45 1038
12.4667 1038
12.4833 1039
12.5 1039
12.5167 1039
12.5333 1039
12.55 1039
12.5667 1039
12.5833 1039
12.6 1039
12.6167 1039
12.6333 1040
12.65 1040
12.6667 1039
12.6833 1039
12.7 1039
12.7167 1039
12.7333 1039
12.75 1039
12.7667 1039
12.7833 1039
12.8 1039
12.8167 1038
12.8333 1038
12.85 1038
12.8667 1038
12.8833 1038
12.9 1037
12.9167 1037
12.9333 1037
12.95 1036
12.9667 1036
12.9833 1036
13.0 1035
13.0167 1035
13.0333 1034
13.05 1034
13.0667 1033
13.0833 1033
13.1 1032
13.1167 1032
13.1333 1031
13.15 1031
13.1667 1030
13.1833 1029
13.2 1029
13.2167 1028
13.2333 1028
13.25 1027
13.2667 1026
13.2833 1025
13.3 1025
13.3167 1024
13.3333 1023
13.35 1022
13.3667 1022
13.3833 1021
13.4 1020
13.4167 1019
13.4333 1018
13.45 1017
13.4667 1016
13.4833 1015
13.5 1014
13.5167 1013
13.5333 1012
13.55 1011
13.5667 1010
13.5833 1009
13.6 1008
13.6167 1007
13.6333 1006
13.65 1005
13.6667 1004
13.6833 1003
13.7 1002
13.7167 1000
13.7333 999
13.75 998
13.7667 997
13.7833 995
13.8 994
13.8167 993
13.8333 991
13.85 990
13.8667 989
13.8833 987
13.9 986
13.9167 985
13.9333 983
13.95 982
13.9667 980
13.9833 979
14.0 977
14.0167 976
14.0333 974
14.05 973
14.0667 971
14.0833 969
14.1 968
14.1167 966
14.1333 965
14.15 963
14.1667 961
14.1833 960
14.2 958
14.2167 956
14.2333 954
14.25 953
14.2667 951
14.2833 949
14.3 947
14.3167 945
14.3333 944
14.35 942
14.3667 940
14.3833 938
14.4 936
14.4167 934
14.4333 932
14.45 930
14.4667 928
14.4833 926
14.5 924
14.5167 922
14.5333 920
14.55 918
14.5667 916
14.5833 914
14.6 912
14.6167 910
14.6333 908
14.65 905
14.6667 903
14.6833 901
14.7 899
14.7167 897
14.7333 894
14.75 892
14.7667 890
14.7833 888
14.8 885
14.8167 883
14.8333 881
14.85 878
14.8667 876
14.8833 874
14.9 871
14.9167 869
14.9333 866
14.95 864
14.9667 861
14.9833 859
15.0 857
15.0167 854
15.0333 852
15.05 849
15.0667 846
15.0833 844
15.1 841
15.1167 839
15.1333 836
15.15 834
15.1667 831
15.1833 828
15.2 826
15.2167 823
15.2333 820
15.25 818
15.2667 815
15.2833 812
15.3 809
15.3167 807
15.3333 804
15.35 801
15.3667 798
15.3833 795
15.4 793
15.4167 790
15.4333 787
15.45 784
15.4667 781
15.4833 778
15.5 775
15.5167 772
15.5333 769
15.55 767
15.5667 764
15.5833 761
15.6 758
15.6167 755
15.6333 752
15.65 749
15.6667 746
15.6833 743
15.7 739
15.7167 736
15.7333 733
15.75 730
15.7667 727
15.7833 724
15.8 721
15.8167 718
15.8333 715
15.85 711
15.8667 708
15.8833 705
15.9 702
15.9167 699
15.9333 695
15.95 692
15.9667 689
15.9833 686
16.0 682
16.0167 679
16.0333 676
16.05 672
16.0667 669
16.0833 666
16.1 662
16.1167 659
16.1333 656
16.15 652
16.1667 649
16.1833 646
16.2 642
16.2167 639
16.2333 635
16.25 632
16.2667 629
16.2833 625
16.3 622
16.3167 618
16.3333 615
16.35 611
16.3667 608
16.3833 604
16.4 601
16.4167 597
16.4333 594
16.45 590
16.4667 587
16.4833 583
16.5 580
16.5167 576
16.5333 572
16.55 569
16.5667 565
16.5833 562
16.6 558
16.6167 554
16.6333 551
16.65 547
16.6667 543
16.6833 540
16.7 536
16.7167 532
16.7333 529
16.75 525
16.7667 521
16.7833 518
16.8 514
16.8167 510
16.8333 507
16.85 503
16.8667 499
16.8833 496
16.9 492
16.9167 488
16.9333 484
16.95 481
16.9667 477
16.9833 473
