8.0 405
8.0167 408
8.0333 412
8.05 416
8.0667 420
8.0833 424
8.1 428
8.1167 431
8.1333 435
8.15 439
8.1667 443
8.1833 447
8.2 450
8.2167 454
8.2333 458
8.25 462
8.2667 465
8.2833 469
8.3 473
8.3167 477
8.3333 480
8.35 484
8.3667 488
8.3833 492
8.4 495
8.4167 499
8.4333 503
8.45 507
8.4667 510
8.4833 514
8.5 518
8.5167 521
8.5333 525
8.55 529
8.5667 532
8.5833 536
8.6 540
8.6167 543
8.6333 547
8.65 550
8.6667 554
8.6833 558
8.7 561
8.7167 565
8.7333 569
8.75 572
8.7667 576
8.7833 579
8.8 583
8.8167 586
8.8333 590
8.85 593
8.8667 597
8.8833 600
8.9 604
8.9167 607
8.9333 611
8.95 614
8.9667 618
8.9833 621
9.0 625
9.0167 628
9.0333 632
9.05 635
9.0667 639
9.0833 642
9.1 645
9.1167 649
9.1333 652
9.15 655
9.1667 659
9.1833 662
9.2 665
9.2167 669
9.2333 672
9.25 675
9.2667 679
9.2833 682
9.3 685
9.3167 688
9.3333 692
9.35 695
9.3667 698
9.3833 701
9.4 705
9.4167 708
9.4333 711
9.45 714
9.4667 717
9.4833 720
9.5 724
9.5167 727
9.5333 730
9.55 733
9.5667 736
9.5833 739
9.6 742
9.6167 745
9.6333 748
9.65 751
9.6667 754
9.6833 757
9.7 760
9.7167 763
9.7333 766
9.75 769
9.7667 772
9.7833 775
9.8 778
9.8167 781
9.8333 783
9.85 786
9.8667 789
9.8833 792
9.9 795
9.9167 798
9.9333 800
9.95 803
9.9667 806
9.9833 809
10.0 812
10.0167 814
10.0333 817
10.05 820
10.0667 822
10.0833 825
10.1 828
10.1167 830
10.1333 833
10.15 836
10.1667 838
10.1833 841
10.2 843
10.2167 846
10.2333 848
10.25 851
10.2667 853
10.2833 856
10.3 858
10.3167 861
10.3333 863
10.35 866
10.3667 868
10.3833 871
10.4 873
10.4167 875
10.4333 878
10.45 880
10.4667 882
10.4833 885
10.5 887
10.5167 889
10.5333 892
10.55 894
10.5667 896
10.5833 898
10.6 901
10.6167 903
10.6333 905
10.65 907
10.6667 909
10.6833 911
10.7 913
10.7167 916
10.7333 918
10.75 920
10.7667 922
10.7833 924
10.8 926
10.8167 928
10.8333 930
10.85 932
10.8667 934
10.8833 936
10.9 937
10.9167 939
10.9333 941
10.95 943
10.9667 945
10.9833 947
11.0 949
11.0167 950
11.0333 952
11.05 954
11.0667 956
11.0833 957
11.1 959
11.1167 961
11.1333 962
11.15 964
11.1667 966
11.1833 967
11.2 969
11.2167 971
11.2333 972
11.25 974
11.2667 975
11.2833 977
11.3 978
11.3167 980
11.3333 981
11.35 983
11.3667 984
11.3833 985
11.4 987
11.4167 988
11.4333 990
11.45 991
11.4667 992
11.4833 994
11.5 995
11.5167 996
11.5333 997
11.55 999
11.5667 1000
11.5833 1001
11.6 1002
11.6167 1003
11.6333 1005
11.65 1006
11.6667 1007
11.6833 1008
11.7 1009
11.7167 1010
11.7333 1011
11.75 1012
11.7667 1013
11.7833 1014
11.8 1015
11.8167 1016
11.8333 1017
11.85 1018
11.8667 1019
11.8833 1019
11.9 1020
11.9167 1021
11.9333 1022
11.95 1023
11.9667 1024
11.9833 1024
12.0 1025
12.0167 1026
12.0333 1026
12.05 1027
12.0667 1028
12.0833 1028
12.1 1029
12.1167 1030
12.1333 1030
12.15 1031
12.1667 1031
12.1833 1032
12.2 1032
12.2167 1033
12.2333 1033
12.25 1034
12.2667 1034
12.2833 1035
12.3 1035
12.3167 1036
12.3333 1036
12.35 1036
12.3667 1037
12.3833 1037
12.4 1037
12.4167 1037
12.4333 1038
12.45 1038
12.4667 1038
12.4833 1038
12.5 1039
12.5167 1039
12.5333 1039
12.55 1039
12.5667 1039
12.5833 1039
12.6 1039
12.6167 1039
12.6333 1039
12.65 1039
12.6667 1039
12.6833 1039
12.7 1039
12.7167 1039
12.7333 1039
12.75 1039
12.7667 1039
12.7833 1039
12.8 1038
12.8167 1038
12.8333 1038
12.85 1038
12.8667 1038
12.8833 1037
12.9 1037
12.9167 1037
12.9333 1036
12.95 1036
12.9667 1036
12.9833 1035
13.0 1035
13.0167 1035
13.0333 1034
13.05 1034
13.0667 1033
13.0833 1033
13.1 1032
13.1167 1032
13.1333 1031
13.15 1031
13.1667 1030
13.1833 1029
13.2 1029
13.2167 1028
13.2333 1028
13.25 1027
13.2667 1026
13.2833 1025
13.3 1025
13.3167 1024
13.3333 1023
13.35 1022
13.3667 1022
13.3833 1021
13.4 1020
13.4167 1019
13.4333 1018
13.45 1017
13.4667 1016
13.4833 1016
13.5 1015
13.5167 1014
13.5333 1013
13.55 1012
13.5667 1011
13.5833 1010
13.6 1008
13.6167 1007
13.6333 1006
13.65 1005
13.6667 1004
13.6833 1003
13.7 1002
13.7167 1001
13.7333 999
13.75 998
13.7667 997
13.7833 996
13.8 994
13.8167 993
13.8333 992
13.85 990
13.8667 989
13.8833 988
13.9 986
13.9167 985
13.9333 983
13.95 982
13.9667 981
13.9833 979
14.0 978
14.0167 976
14.0333 975
14.05 973
14.0667 971
14.0833 970
14.1 968
14.1167 967
14.1333 965
14.15 963
14.1667 962
14.1833 960
14.2 958
14.2167 957
14.2333 955
14.25 953
14.2667 951
14.2833 950
14.3 948
14.3167 946
14.3333 944
14.35 942
14.3667 940
14.3833 939
14.4 937
14.4167 935
14.4333 933
14.45 931
14.4667 929
14.4833 927
14.5 925
14.5167 923
14.5333 921
14.55 919
14.5667 917
14.5833 915
14.6 913
14.6167 910
14.6333 908
14.65 906
14.6667 904
14.6833 902
14.7 900
14.7167 897
14.7333 895
14.75 893
14.7667 891
14.7833 888
14.8 886
14.8167 884
14.8333 881
14.85 879
14.8667 877
14.8833 874
14.9 872
14.9167 870
14.9333 867
14.95 865
14.9667 862
14.9833 860
15.0 857
15.0167 855
15.0333 852
15.05 850
15.0667 847
15.0833 845
15.1 842
15.1167 840
15.1333 837
15.15 835
15.1667 832
15.1833 829
15.2 827
15.2167 824
15.2333 821
15.25 819
15.2667 816
15.2833 813
15.3 810
15.3167 808
15.3333 805
15.35 802
15.3667 799
15.3833 797
15.4 794
15.4167 791
15.4333 788
15.45 785
15.4667 782
15.4833 780
15.5 777
15.5167 774
15.5333 771
15.55 768
15.5667 765
15.5833 762
15.6 759
15.6167 756
15.6333 753
15.65 750
15.6667 747
15.6833 744
15.7 741
15.7167 738
15.7333 735
15.75 732
15.7667 729
15.7833 725
15.8 722
15.8167 719
15.8333 716
15.85 713
15.8667 710
15.8833 707
15.9 703
15.9167 700
15.9333 697
15.95 694
15.9667 690
15.9833 687
16.0 684
16.0167 681
16.0333 677
16.05 674
16.0667 671
16.0833 668
16.1 664
16.1167 661
16.1333 658
16.15 654
16.1667 651
16.1833 647
16.2 644
16.2167 641
16.2333 637
16.25 634
16.2667 630
16.2833 627
16.3 624
16.3167 620
16.3333 617
16.35 613
16.3667 610
16.3833 606
16.4 603
16.4167 599
16.4333 596
16.45 592
16.4667 589
16.4833 585
16.5 581
16.5167 578
16.5333 574
16.55 571
16.5667 567
16.5833 564
16.6 560
16.6167 556
16.6333 553
16.65 549
16.6667 546
16.6833 542
16.7 538
16.7167 535
16.7333 531
16.75 527
16.7667 524
16.7833 520
16.8 516
16.8167 513
16.8333 509
16.85 505
16.8667 501
16.8833 498
16.9 494
16.9167 490
16.9333 487
16.95 483
16.9667 479
16.9833 475
