8.0 395
8.0167 399
8.0333 403
8.05 407
8.0667 410
8.0833 414
8.1 418
8.1167 422
8.1333 425
8.15 429
8.1667 433
8.1833 437
8.2 440
8.2167 444
8.2333 448
8.25 451
8.2667 455
8.2833 459
8.3 463
8.3167 466
8.3333 470
8.35 474
8.3667 477
8.3833 481
8.4 485
8.4167 488
8.4333 492
8.45 496
8.4667 499
8.4833 503
8.5 507
8.5167 510
8.5333 514
8.55 518
8.5667 521
8.5833 525
8.6 528
8.6167 532
8.6333 536
8.65 539
8.6667 543
8.6833 546
8.7 550
8.7167 553
8.7333 557
8.75 561
8.7667 564
8.7833 568
8.8 571
8.8167 575
8.8333 578
8.85 582
8.8667 585
8.8833 589
8.9 592
8.9167 596
8.9333 599
8.95 602
8.9667 606
8.9833 609
9.0 613
9.0167 616
9.0333 619
9.05 623
9.0667 626
9.0833 629
9.1 633
9.1167 636
9.1333 640
9.15 643
9.1667 646
9.1833 649
9.2 653
9.2167 656
9.2333 659
9.25 663
9.2667 666
9.2833 669
9.3 672
9.3167 676
9.3333 679
9.35 682
9.3667 685
9.3833 688
9.4 692
9.4167 695
9.4333 698
9.45 701
9.4667 704
9.4833 707
9.5 710
9.5167 714
9.5333 717
9.55 720
9.5667 723
9.5833 726
9.6 729
9.6167 732
9.6333 735
9.65 738
9.6667 741
9.6833 744
9.7 747
9.7167 750
9.7333 753
9.75 756
9.7667 759
9.7833 761
9.8 764
9.8167 767
9.8333 770
9.85 773
9.8667 776
9.8833 779
9.9 781
9.9167 784
9.9333 787
9.95 790
9.9667 793
9.9833 795
10.0 798
10.0167 801
10.0333 804
10.05 806
10.0667 809
10.0833 812
10.1 814
10.1167 817
10.1333 819
10.15 822
10.1667 825
10.1833 827
10.2 830
10.2167 832
10.2333 835
10.25 837
10.2667 840
10.2833 842
10.3 845
10.3167 847
10.3333 850
10.35 852
10.3667 855
10.3833 857
10.4 860
10.4167 862
10.4333 864
10.45 867
10.4667 869
10.4833 871
10.5 874
10.5167 876
10.5333 878
10.55 880
10.5667 883
10.5833 885
10.6 887
10.6167 889
10.6333 891
10.65 894
10.6667 896
10.6833 898
10.7 900
10.7167 902
10.7333 904
10.75 906
10.7667 908
10.7833 910
10.8 912
10.8167 914
10.8333 916
10.85 918
10.8667 920
10.8833 922
10.9 924
10.9167 926
10.9333 928
10.95 930
10.9667 932
10.9833 934
11.0 935
11.0167 937
11.0333 939
11.05 941
11.0667 943
11.0833 944
11.1 946
11.1167 948
11.1333 950
11.15 951
11.1667 953
11.1833 955
11.2 956
11.2167 958
11.2333 959
11.25 961
11.2667 962
11.2833 964
11.3 966
11.3167 967
11.3333 969
11.35 970
11.3667 971
11.3833 973
11.4 974
11.4167 976
11.4333 977
11.45 979
11.4667 980
11.4833 981
11.5 983
11.5167 984
11.5333 985
11.55 986
11.5667 988
11.5833 989
11.6 990
11.6167 991
11.6333 992
11.65 994
11.6667 995
11.6833 996
11.7 997
11.7167 998
11.7333 999
11.75 1000
11.7667 1001
11.7833 1002
11.8 1003
11.8167 1004
11.8333 1005
11.85 1006
11.8667 1007
11.8833 1008
11.9 1009
11.9167 1010
11.9333 1011
11.95 1011
11.9667 1012
11.9833 1013
12.0 1014
12.0167 1015
12.0333 1015
12.05 1016
12.0667 1017
12.0833 1017
12.1 1018
12.1167 1019
12.1333 1019
12.15 1020
12.1667 1021
12.1833 1021
12.2 1022
12.2167 1022
12.2333 1023
12.25 1023
12.2667 1024
12.2833 1024
12.3 1025
12.3167 1025
12.3333 1026
12.35 1026
12.3667 1026
12.3833 1027
12.4 1027
12.4167 1027
12.4333 1028
12.45 1028
12.4667 1028
12.4833 1028
12.5 1029
12.5167 1029
12.5333 1029
12.55 1029
12.5667 1029
12.5833 1030
12.6 1030
12.6167 1030
12.6333 1030
12.65 1030
12.6667 1030
12.6833 1030
12.7 1030
12.7167 1030
12.7333 1030
12.75 1030
12.7667 1030
12.7833 1030
12.8 1030
12.8167 1029
12.8333 1029
12.85 1029
12.8667 1029
12.8833 1029
12.9 1029
12.9167 1028
12.9333 1028
12.95 1028
12.9667 1027
12.9833 1027
13.0 1027
13.0167 1026
13.0333 1026
13.05 1026
13.0667 1025
13.0833 1025
13.1 1024
13.1167 1024
13.1333 1023
13.15 1023
13.1667 1022
13.1833 1022
13.2 1021
13.2167 1021
13.2333 1020
13.25 1020
13.2667 1019
13.2833 1018
13.3 1018
13.3167 1017
13.3333 1016
13.35 1016
13.3667 1015
13.3833 1014
13.4 1013
13.4167 1012
13.4333 1012
13.45 1011
13.4667 1010
13.4833 1009
13.5 1008
13.5167 1007
13.5333 1006
13.55 1005
13.5667 1005
13.5833 1004
13.6 1003
13.6167 1002
13.6333 1001
13.65 999
13.6667 998
13.6833 997
13.7 996
13.7167 995
13.7333 994
13.75 993
13.7667 992
13.7833 990
13.8 989
13.8167 988
13.8333 987
13.85 986
13.8667 984
13.8833 983
13.9 982
13.9167 980
13.9333 979
13.95 978
13.9667 976
13.9833 975
14.0 973
14.0167 972
14.0333 971
14.05 969
14.0667 968
14.0833 966
14.1 965
14.1167 963
14.1333 961
14.15 960
14.1667 958
14.1833 957
14.2 955
14.2167 953
14.2333 952
14.25 950
14.2667 948
14.2833 947
14.3 945
14.3167 943
14.3333 941
14.35 940
14.3667 938
14.3833 936
14.4 934
14.4167 932
14.4333 931
14.45 929
14.4667 927
14.4833 925
14.5 923
14.5167 921
14.5333 919
14.55 917
14.5667 915
14.5833 913
14.6 911
14.6167 909
14.6333 907
14.65 905
14.6667 903
14.6833 901
14.7 899
14.7167 897
14.7333 894
14.75 892
14.7667 890
14.7833 888
14.8 886
14.8167 883
14.8333 881
14.85 879
14.8667 877
14.8833 874
14.9 872
14.9167 870
14.9333 867
14.95 865
14.9667 863
14.9833 860
15.0 858
15.0167 856
15.0333 853
15.05 851
15.0667 848
15.0833 846
15.1 843
15.1167 841
15.1333 838
15.15 836
15.1667 833
15.1833 831
15.2 828
15.2167 826
15.2333 823
15.25 820
15.2667 818
15.2833 815
15.3 813
15.3167 810
15.3333 807
15.35 805
15.3667 802
15.3833 799
15.4 796
15.4167 794
15.4333 791
15.45 788
15.4667 785
15.4833 783
15.5 780
15.5167 777
15.5333 774
15.55 771
15.5667 768
15.5833 766
15.6 763
15.6167 760
15.6333 757
15.65 754
15.6667 751
15.6833 748
15.7 745
15.7167 742
15.7333 739
15.75 736
15.7667 733
15.7833 730
15.8 727
15.8167 724
15.8333 721
15.85 718
15.8667 715
15.8833 712
15.9 709
15.9167 705
15.9333 702
15.95 699
15.9667 696
15.9833 693
16.0 690
16.0167 686
16.0333 683
16.05 680
16.0667 677
16.0833 674
16.1 670
16.1167 667
16.1333 664
16.15 661
16.1667 657
16.1833 654
16.2 651
16.2167 647
16.2333 644
16.25 641
16.2667 637
16.2833 634
16.3 631
16.3167 627
16.3333 624
16.35 621
16.3667 617
16.3833 614
16.4 610
16.4167 607
16.4333 604
16.45 600
16.4667 597
16.4833 593
16.5 590
16.5167 586
16.5333 583
16.55 579
16.5667 576
16.5833 572
16.6 569
16.6167 565
16.6333 562
16.65 558
16.6667 555
16.6833 551
16.7 548
16.7167 544
16.7333 540
16.75 537
16.7667 533
16.7833 530
16.8 526
16.8167 522
16.8333 519
16.85 515
16.8667 512
16.8833 508
16.9 504
16.9167 501
16.9333 497
16.95 493
16.9667 490
16.9833 486
