8.0 316
8.0167 319
8.0333 323
8.05 326
8.0667 329
8.0833 333
8.1 336
8.1167 340
8.1333 343
8.15 346
8.1667 350
8.1833 353
8.2 356
8.2167 360
8.2333 363
8.25 367
8.2667 370
8.2833 373
8.3 377
8.3167 380
8.3333 384
8.35 387
8.3667 390
8.3833 394
8.4 397
8.4167 400
8.4333 404
8.45 407
8.4667 411
8.4833 414
8.5 417
8.5167 421
8.5333 424
8.55 427
8.5667 431
8.5833 434
8.6 437
8.6167 441
8.6333 444
8.65 447
8.6667 451
8.6833 454
8.7 457
8.7167 461
8.7333 464
8.75 467
8.7667 470
8.7833 474
8.8 477
8.8167 480
8.8333 484
8.85 487
8.8667 490
8.8833 493
8.9 497
8.9167 500
8.9333 503
8.95 506
8.9667 510
8.9833 513
9.0 516
9.0167 519
9.0333 522
9.05 525
9.0667 529
9.0833 532
9.1 535
9.1167 538
9.1333 541
9.15 544
9.1667 548
9.1833 551
9.2 554
9.2167 557
9.2333 560
9.25 563
9.2667 566
9.2833 569
9.3 572
9.3167 575
9.3333 578
9.35 581
9.3667 584
9.3833 587
9.4 591
9.4167 594
9.4333 596
9.45 599
9.4667 602
9.4833 605
9.5 608
9.5167 611
9.5333 614
9.55 617
9.5667 620
9.5833 623
9.6 626
9.6167 629
9.6333 632
9.65 634
9.6667 637
9.6833 640
9.7 643
9.7167 646
9.7333 649
9.75 651
9.7667 654
9.7833 657
9.8 660
9.8167 662
9.8333 665
9.85 668
9.8667 671
9.8833 673
9.9 676
9.9167 679
9.9333 681
9.95 684
9.9667 687
9.9833 689
10.0 692
10.0167 694
10.0333 697
10.05 699
10.0667 702
10.0833 705
10.1 707
10.1167 710
10.1333 712
10.15 715
10.1667 717
10.1833 720
10.2 722
10.2167 724
10.2333 727
10.25 729
10.2667 732
10.2833 734
10.3 736
10.3167 739
10.3333 741
10.35 743
10.3667 746
10.3833 748
10.4 750
10.4167 753
10.4333 755
10.45 757
10.4667 759
10.4833 762
10.5 764
10.5167 766
10.5333 768
10.55 770
10.5667 772
10.5833 775
10.6 777
10.6167 779
10.6333 781
10.65 783
10.6667 785
10.6833 787
10.7 789
10.7167 791
10.7333 793
10.75 795
10.7667 797
10.7833 799
10.8 801
10.8167 803
10.8333 805
10.85 807
10.8667 809
10.8833 810
10.9 812
10.9167 814
10.9333 816
10.95 818
10.9667 819
10.9833 821
11.0 823
11.0167 825
11.0333 826
11.05 828
11.0667 830
11.0833 831
11.1 833
11.1167 835
11.1333 836
11.15 838
11.1667 839
11.1833 841
11.2 843
11.2167 844
11.2333 846
11.25 847
11.2667 849
11.2833 850
11.3 852
11.3167 853
11.3333 854
11.35 856
11.3667 857
11.3833 859
11.4 860
11.4167 861
11.4333 863
11.45 864
11.4667 865
11.4833 866
11.5 868
11.5167 869
11.5333 870
11.55 871
11.5667 872
11.5833 874
11.6 875
11.6167 876
11.6333 877
11.65 878
11.6667 879
11.6833 880
11.7 881
11.7167 882
11.7333 883
11.75 884
11.7667 885
11.7833 886
11.8 887
11.8167 888
11.8333 889
11.85 890
11.8667 891
11.8833 891
11.9 892
11.9167 893
11.9333 894
11.95 895
11.9667 895
11.9833 896
12.0 897
12.0167 898
12.0333 898
12.05 899
12.0667 900
12.0833 900
12.1 901
12.1167 901
12.1333 902
12.15 903
12.1667 903
12.1833 904
12.2 904
12.2167 905
12.2333 905
12.25 906
12.2667 906
12.2833 906
12.3 907
12.3167 907
12.3333 908
12.35 908
12.3667 908
12.3833 909
12.4 909
12.4167 909
12.4333 909
12.45 910
12.4667 910
12.4833 910
12.5 910
12.5167 910
12.5333 910
12.55 911
12.5667 911
12.5833 911
12.6 911
12.6167 911
12.6333 911
12.65 911
12.6667 911
12.6833 911
12.7 911
12.7167 911
12.7333 911
12.75 911
12.7667 911
12.7833 910
12.8 910
12.8167 910
12.8333 910
12.85 910
12.8667 909
12.8833 909
12.9 909
12.9167 909
12.9333 908
12.95 908
12.9667 908
12.9833 907
13.0 907
13.0167 907
13.0333 906
13.05 906
13.0667 905
13.0833 905
13.1 904
13.1167 904
13.1333 903
13.15 903
13.1667 902
13.1833 902
13.2 901
13.2167 900
13.2333 900
13.25 899
13.2667 899
13.2833 898
13.3 897
13.3167 896
13.3333 896
13.35 895
13.3667 894
13.3833 893
13.4 893
13.4167 892
13.4333 891
13.45 890
13.4667 889
13.4833 888
13.5 887
13.5167 887
13.5333 886
13.55 885
13.5667 884
13.5833 883
13.6 882
13.6167 881
13.6333 880
13.65 878
13.6667 877
13.6833 876
13.7 875
13.7167 874
13.7333 873
13.75 872
13.7667 871
13.7833 869
13.8 868
13.8167 867
13.8333 866
13.85 864
13.8667 863
13.8833 862
13.9 860
13.9167 859
13.9333 858
13.95 856
13.9667 855
13.9833 854
14.0 852
14.0167 851
14.0333 849
14.05 848
14.0667 846
14.0833 845
14.1 843
14.1167 842
14.1333 840
14.15 839
14.1667 837
14.1833 835
14.2 834
14.2167 832
14.2333 830
14.25 829
14.2667 827
14.2833 825
14.3 824
14.3167 822
14.3333 820
14.35 818
14.3667 817
14.3833 815
14.4 813
14.4167 811
14.4333 809
14.45 807
14.4667 806
14.4833 804
14.5 802
14.5167 800
14.5333 798
14.55 796
14.5667 794
14.5833 792
14.6 790
14.6167 788
14.6333 786
14.65 784
14.6667 782
14.6833 780
14.7 778
14.7167 776
14.7333 773
14.75 771
14.7667 769
14.7833 767
14.8 765
14.8167 763
14.8333 760
14.85 758
14.8667 756
14.8833 754
14.9 751
14.9167 749
14.9333 747
14.95 744
14.9667 742
14.9833 740
15.0 738
15.0167 735
15.0333 733
15.05 730
15.0667 728
15.0833 726
15.1 723
15.1167 721
15.1333 718
15.15 716
15.1667 713
15.1833 711
15.2 708
15.2167 706
15.2333 703
15.25 701
15.2667 698
15.2833 696
15.3 693
15.3167 690
15.3333 688
15.35 685
15.3667 683
15.3833 680
15.4 677
15.4167 675
15.4333 672
15.45 669
15.4667 666
15.4833 664
15.5 661
15.5167 658
15.5333 655
15.55 653
15.5667 650
15.5833 647
15.6 644
15.6167 641
15.6333 639
15.65 636
15.6667 633
15.6833 630
15.7 627
15.7167 624
15.7333 621
15.75 619
15.7667 616
15.7833 613
15.8 610
15.8167 607
15.8333 604
15.85 601
15.8667 598
15.8833 595
15.9 592
15.9167 589
15.9333 586
15.95 583
15.9667 580
15.9833 577
16.0 574
16.0167 571
16.0333 568
16.05 565
16.0667 562
16.0833 558
16.1 555
16.1167 552
16.1333 549
16.15 546
16.1667 543
16.1833 540
16.2 537
16.2167 533
16.2333 530
16.25 527
16.2667 524
16.2833 521
16.3 518
16.3167 514
16.3333 511
16.35 508
16.3667 505
16.3833 501
16.4 498
16.4167 495
16.4333 492
16.45 488
16.4667 485
16.4833 482
16.5 479
16.5167 475
16.5333 472
16.55 469
16.5667 465
16.5833 462
16.6 459
16.6167 456
16.6333 452
16.65 449
16.6667 446
16.6833 442
16.7 439
16.7167 436
16.7333 432
16.75 429
16.7667 426
16.7833 422
16.8 419
16.8167 416
16.8333 412
16.85 409
16.8667 405
16.8833 402
16.9 399
16.9167 395
16.9333 392
16.95 389
16.9667 385
16.9833 382
