8.0 374
8.0167 378
8.0333 381
8.05 385
8.0667 389
8.0833 392
8.1 396
8.1167 400
8.1333 403
8.15 407
8.1667 411
8.1833 414
8.2 418
8.2167 422
8.2333 425
8.25 429
8.2667 433
8.2833 436
8.3 440
8.3167 444
8.3333 447
8.35 451
8.3667 455
8.3833 458
8.4 462
8.4167 465
8.4333 469
8.45 473
8.4667 476
8.4833 480
8.5 483
8.5167 487
8.5333 491
8.55 494
8.5667 498
8.5833 501
8.6 505
8.6167 508
8.6333 512
8.65 516
8.6667 519
8.6833 523
8.7 526
8.7167 530
8.7333 533
8.75 537
8.7667 540
8.7833 544
8.8 547
8.8167 551
8.8333 554
8.85 558
8.8667 561
8.8833 564
8.9 568
8.9167 571
8.9333 575
8.95 578
8.9667 582
8.9833 585
9.0 588
9.0167 592
9.0333 595
9.05 598
9.0667 602
9.0833 605
9.1 608
9.1167 612
9.1333 615
9.15 618
9.1667 622
9.1833 625
9.2 628
9.2167 631
9.2333 635
9.25 638
9.2667 641
9.2833 644
9.3 648
9.3167 651
9.3333 654
9.35 657
9.3667 660
9.3833 664
9.4 667
9.4167 670
9.4333 673
9.45 676
9.4667 679
9.4833 682
9.5 686
9.5167 689
9.5333 692
9.55 695
9.5667 698
9.5833 701
9.6 704
9.6167 707
9.6333 710
9.65 713
9.6667 716
9.6833 719
9.7 722
9.7167 725
9.7333 728
9.75 731
9.7667 733
9.7833 736
9.8 739
9.8167 742
9.8333 745
9.85 748
9.8667 751
9.8833 753
9.9 756
9.9167 759
9.9333 762
9.95 765
9.9667 767
9.9833 770
10.0 773
10.0167 776
10.0333 778
10.05 781
10.0667 784
10.0833 786
10.1 789
10.1167 792
10.1333 794
10.15 797
10.1667 799
10.1833 802
10.2 805
10.2167 807
10.2333 810
10.25 812
10.2667 815
10.2833 817
10.3 820
10.3167 822
10.3333 825
10.35 827
10.3667 830
10.3833 832
10.4 834
10.4167 837
10.4333 839
10.45 841
10.4667 844
10.4833 846
10.5 848
10.5167 851
10.5333 853
10.55 855
10.5667 857
10.5833 860
10.6 862
10.6167 864
10.6333 866
10.65 868
10.6667 871
10.6833 873
10.7 875
10.7167 877
10.7333 879
10.75 881
10.7667 883
10.7833 885
10.8 887
10.8167 889
10.8333 891
10.85 893
10.8667 895
10.8833 897
10.9 899
10.9167 901
10.9333 903
10.95 905
10.9667 907
10.9833 909
11.0 910
11.0167 912
11.0333 914
11.05 916
11.0667 918
11.0833 919
11.1 921
11.1167 923
11.1333 925
11.15 926
11.1667 928
11.1833 930
11.2 931
11.2167 933
11.2333 934
11.25 936
11.2667 938
11.2833 939
11.3 941
11.3167 942
11.3333 944
11.35 945
11.3667 947
11.3833 948
11.4 950
11.4167 951
11.4333 952
11.45 954
11.4667 955
11.4833 957
11.5 958
11.5167 959
11.5333 960
11.55 962
11.5667 963
11.5833 964
11.6 966
11.6167 967
11.6333 968
11.65 969
11.6667 970
11.6833 971
11.7 973
11.7167 974
11.7333 975
11.75 976
11.7667 977
11.7833 978
11.8 979
11.8167 980
11.8333 981
11.85 982
11.8667 983
11.8833 984
11.9 985
11.9167 985
11.9333 986
11.95 987
11.9667 988
11.9833 989
12.0 990
12.0167 990
12.0333 991
12.05 992
12.0667 993
12.0833 993
12.1 994
12.1167 995
12.1333 995
12.15 996
12.1667 997
12.1833 997
12.2 998
12.2167 998
12.2333 999
12.25 999
12.2667 1000
12.2833 1000
12.3 1001
12.3167 1001
12.3333 1002
12.35 1002
12.3667 1003
12.3833 1003
12.4 1003
12.4167 1004
12.4333 1004
12.45 1004
12.4667 1005
12.4833 1005
12.5 1005
12.5167 1005
12.5333 1006
12.55 1006
12.5667 1006
12.5833 1006
12.6 1006
12.6167 1006
12.6333 1007
12.65 1007
12.6667 1007
12.6833 1007
12.7 1007
12.7167 1007
12.7333 1007
12.75 1007
12.7667 1007
12.7833 1007
12.8 1007
12.8167 1006
12.8333 1006
12.85 1006
12.8667 1006
12.8833 1006
12.9 1006
12.9167 1005
12.9333 1005
12.95 1005
12.9667 1005
12.9833 1004
13.0 1004
13.0167 1004
13.0333 1003
13.05 1003
13.0667 1003
13.0833 1002
13.1 1002
13.1167 1001
13.1333 1001
13.15 1000
13.1667 1000
13.1833 999
13.2 999
13.2167 998
13.2333 998
13.25 997
13.2667 997
13.2833 996
13.3 995
13.3167 995
13.3333 994
13.35 993
13.3667 993
13.3833 992
13.4 991
13.4167 990
13.4333 990
13.45 989
13.4667 988
13.4833 987
13.5 986
13.5167 985
13.5333 985
13.55 984
13.5667 983
13.5833 982
13.6 981
13.6167 980
13.6333 979
13.65 978
13.6667 977
13.6833 976
13.7 975
13.7167 974
13.7333 972
13.75 971
13.7667 970
13.7833 969
13.8 968
13.8167 967
13.8333 965
13.85 964
13.8667 963
13.8833 962
13.9 960
13.9167 959
13.9333 958
13.95 956
13.9667 955
13.9833 954
14.0 952
14.0167 951
14.0333 950
14.05 948
14.0667 947
14.0833 945
14.1 944
14.1167 942
14.1333 941
14.15 939
14.1667 938
14.1833 936
14.2 934
14.2167 933
14.2333 931
14.25 930
14.2667 928
14.2833 926
14.3 924
14.3167 923
14.3333 921
14.35 919
14.3667 918
14.3833 916
14.4 914
14.4167 912
14.4333 910
14.45 909
14.4667 907
14.4833 905
14.5 903
14.5167 901
14.5333 899
14.55 897
14.5667 895
14.5833 893
14.6 891
14.6167 889
14.6333 887
14.65 885
14.6667 883
14.6833 881
14.7 879
14.7167 877
14.7333 875
14.75 873
14.7667 871
14.7833 868
14.8 866
14.8167 864
14.8333 862
14.85 860
14.8667 857
14.8833 855
14.9 853
14.9167 851
14.9333 848
14.95 846
14.9667 844
14.9833 841
15.0 839
15.0167 837
15.0333 834
15.05 832
15.0667 829
15.0833 827
15.1 825
15.1167 822
15.1333 820
15.15 817
15.1667 815
15.1833 812
15.2 810
15.2167 807
15.2333 805
15.25 802
15.2667 799
15.2833 797
15.3 794
15.3167 792
15.3333 789
15.35 786
15.3667 784
15.3833 781
15.4 778
15.4167 776
15.4333 773
15.45 770
15.4667 767
15.4833 765
15.5 762
15.5167 759
15.5333 756
15.55 753
15.5667 751
15.5833 748
15.6 745
15.6167 742
15.6333 739
15.65 736
15.6667 733
15.6833 731
15.7 728
15.7167 725
15.7333 722
15.75 719
15.7667 716
15.7833 713
15.8 710
15.8167 707
15.8333 704
15.85 701
15.8667 698
15.8833 695
15.9 692
15.9167 689
15.9333 685
15.95 682
15.9667 679
15.9833 676
16.0 673
16.0167 670
16.0333 667
16.05 664
16.0667 660
16.0833 657
16.1 654
16.1167 651
16.1333 648
16.15 644
16.1667 641
16.1833 638
16.2 635
16.2167 631
16.2333 628
16.25 625
16.2667 622
16.2833 618
16.3 615
16.3167 612
16.3333 608
16.35 605
16.3667 602
16.3833 598
16.4 595
16.4167 592
16.4333 588
16.45 585
16.4667 581
16.4833 578
16.5 575
16.5167 571
16.5333 568
16.55 564
16.5667 561
16.5833 557
16.6 554
16.6167 550
16.6333 547
16.65 543
16.6667 540
16.6833 536
16.7 533
16.7167 529
16.7333 526
16.75 522
16.7667 519
16.7833 515
16.8 512
16.8167 508
16.8333 505
16.85 501
16.8667 498
16.8833 494
16.9 490
16.9167 487
16.9333 483
16.95 480
16.9667 476
16.9833 472
