8.0 336
8.0167 340
8.0333 343
8.05 347
8.0667 350
8.0833 354
8.1 357
8.1167 361
8.1333 365
8.15 368
8.1667 372
8.1833 375
8.2 379
8.2167 382
8.2333 386
8.25 389
8.2667 393
8.2833 396
8.3 400
8.3167 403
8.3333 407
8.35 410
8.3667 414
8.3833 417
8.4 421
8.4167 424
8.4333 428
8.45 431
8.4667 435
8.4833 438
8.5 442
8.5167 445
8.5333 449
8.55 452
8.5667 456
8.5833 459
8.6 462
8.6167 466
8.6333 469
8.65 473
8.6667 476
8.6833 480
8.7 483
8.7167 487
8.7333 490
8.75 493
8.7667 497
8.7833 500
8.8 504
8.8167 507
8.8333 510
8.85 514
8.8667 517
8.8833 520
8.9 524
8.9167 527
8.9333 530
8.95 534
8.9667 537
8.9833 540
9.0 544
9.0167 547
9.0333 550
9.05 553
9.0667 557
9.0833 560
9.1 563
9.1167 566
9.1333 570
9.15 573
9.1667 576
9.1833 579
9.2 583
9.2167 586
9.2333 589
9.25 592
9.2667 595
9.2833 598
9.3 602
9.3167 605
9.3333 608
9.35 611
9.3667 614
9.3833 617
9.4 620
9.4167 623
9.4333 627
9.45 630
9.4667 633
9.4833 636
9.5 639
9.5167 642
9.5333 645
9.55 648
9.5667 651
9.5833 654
9.6 657
9.6167 660
9.6333 663
9.65 666
9.6667 669
9.6833 671
9.7 674
9.7167 677
9.7333 680
9.75 683
9.7667 686
9.7833 689
9.8 692
9.8167 694
9.8333 697
9.85 700
9.8667 703
9.8833 706
9.9 708
9.9167 711
9.9333 714
9.95 717
9.9667 719
9.9833 722
10.0 725
10.0167 727
10.0333 730
10.05 733
10.0667 735
10.0833 738
10.1 741
10.1167 743
10.1333 746
10.15 748
10.1667 751
10.1833 754
10.2 756
10.2167 759
10.2333 761
10.25 764
10.2667 766
10.2833 769
10.3 771
10.3167 773
10.3333 776
10.35 778
10.3667 781
10.3833 783
10.4 785
10.4167 788
10.4333 790
10.45 792
10.4667 795
10.4833 797
10.5 799
10.5167 802
10.5333 804
10.55 806
10.5667 808
10.5833 811
10.6 813
10.6167 815
10.6333 817
10.65 819
10.6667 821
10.6833 824
10.7 826
10.7167 828
10.7333 830
10.75 832
10.7667 834
10.7833 836
10.8 838
10.8167 840
10.8333 842
10.85 844
10.8667 846
10.8833 848
10.9 850
10.9167 852
10.9333 854
10.95 855
10.9667 857
10.9833 859
11.0 861
11.0167 863
11.0333 865
11.05 866
11.0667 868
11.0833 870
11.1 872
11.1167 873
11.1333 875
11.15 877
11.1667 878
11.1833 880
11.2 882
11.2167 883
11.2333 885
11.25 886
11.2667 888
11.2833 890
11.3 891
11.3167 893
11.3333 894
11.35 896
11.3667 897
11.3833 898
11.4 900
11.4167 901
11.4333 903
11.45 904
11.4667 905
11.4833 907
11.5 908
11.5167 909
11.5333 911
11.55 912
11.5667 913
11.5833 915
11.6 916
11.6167 917
11.6333 918
11.65 919
11.6667 921
11.6833 922
11.7 923
11.7167 924
11.7333 925
11.75 926
11.7667 927
11.7833 928
11.8 929
11.8167 930
11.8333 931
11.85 932
11.8667 933
11.8833 934
11.9 935
11.9167 936
11.9333 937
11.95 938
11.9667 938
11.9833 939
12.0 940
12.0167 941
12.0333 942
12.05 942
12.0667 943
12.0833 944
12.1 944
12.1167 945
12.1333 946
12.15 946
12.1667 947
12.1833 948
12.2 948
12.2167 949
12.2333 949
12.25 950
12.2667 950
12.2833 951
12.3 951
12.3167 952
12.3333 952
12.35 953
12.3667 953
12.3833 954
12.4 954
12.4167 954
12.4333 955
12.45 955
12.4667 955
12.4833 956
12.5 956
12.5167 956
12.5333 956
12.55 957
12.5667 957
12.5833 957
12.6 957
12.6167 957
12.6333 957
12.65 957
12.6667 957
12.6833 958
12.7 958
12.7167 958
12.7333 958
12.75 958
12.7667 958
12.7833 958
12.8 957
12.8167 957
12.8333 957
12.85 957
12.8667 957
12.8833 957
12.9 957
12.9167 956
12.9333 956
12.95 956
12.9667 956
12.9833 955
13.0 955
13.0167 955
13.0333 955
13.05 954
13.0667 954
13.0833 953
13.1 953
13.1167 953
13.1333 952
13.15 952
13.1667 951
13.1833 951
13.2 950
13.2167 950
13.2333 949
13.25 949
13.2667 948
13.2833 947
13.3 947
13.3167 946
13.3333 946
13.35 945
13.3667 944
13.3833 944
13.4 943
13.4167 942
13.4333 941
13.45 941
13.4667 940
13.4833 939
13.5 938
13.5167 937
13.5333 936
13.55 935
13.5667 935
13.5833 934
13.6 933
13.6167 932
13.6333 931
13.65 930
13.6667 929
13.6833 928
13.7 927
13.7167 926
13.7333 925
13.75 924
13.7667 922
13.7833 921
13.8 920
13.8167 919
13.8333 918
13.85 917
13.8667 915
13.8833 914
13.9 913
13.9167 912
13.9333 910
13.95 909
13.9667 908
13.9833 906
14.0 905
14.0167 904
14.0333 902
14.05 901
14.0667 899
14.0833 898
14.1 897
14.1167 895
14.1333 894
14.15 892
14.1667 891
14.1833 889
14.2 887
14.2167 886
14.2333 884
14.25 883
14.2667 881
14.2833 879
14.3 878
14.3167 876
14.3333 874
14.35 873
14.3667 871
14.3833 869
14.4 868
14.4167 866
14.4333 864
14.45 862
14.4667 860
14.4833 859
14.5 857
14.5167 855
14.5333 853
14.55 851
14.5667 849
14.5833 847
14.6 845
14.6167 843
14.6333 841
14.65 839
14.6667 837
14.6833 835
14.7 833
14.7167 831
14.7333 829
14.75 827
14.7667 825
14.7833 823
14.8 821
14.8167 819
14.8333 816
14.85 814
14.8667 812
14.8833 810
14.9 808
14.9167 805
14.9333 803
14.95 801
14.9667 799
14.9833 796
15.0 794
15.0167 792
15.0333 789
15.05 787
15.0667 785
15.0833 782
15.1 780
15.1167 778
15.1333 775
15.15 773
15.1667 770
15.1833 768
15.2 765
15.2167 763
15.2333 760
15.25 758
15.2667 755
15.2833 753
15.3 750
15.3167 748
15.3333 745
15.35 742
15.3667 740
15.3833 737
15.4 735
15.4167 732
15.4333 729
15.45 727
15.4667 724
15.4833 721
15.5 719
15.5167 716
15.5333 713
15.55 710
15.5667 708
15.5833 705
15.6 702
15.6167 699
15.6333 696
15.65 694
15.6667 691
15.6833 688
15.7 685
15.7167 682
15.7333 679
15.75 676
15.7667 674
15.7833 671
15.8 668
15.8167 665
15.8333 662
15.85 659
15.8667 656
15.8833 653
15.9 650
15.9167 647
15.9333 644
15.95 641
15.9667 638
15.9833 635
16.0 632
16.0167 629
16.0333 626
16.05 623
16.0667 619
16.0833 616
16.1 613
16.1167 610
16.1333 607
16.15 604
16.1667 601
16.1833 598
16.2 594
16.2167 591
16.2333 588
16.25 585
16.2667 582
16.2833 578
16.3 575
16.3167 572
16.3333 569
16.35 565
16.3667 562
16.3833 559
16.4 556
16.4167 552
16.4333 549
16.45 546
16.4667 542
16.4833 539
16.5 536
16.5167 533
16.5333 529
16.55 526
16.5667 523
16.5833 519
16.6 516
16.6167 512
16.6333 509
16.65 506
16.6667 502
16.6833 499
16.7 496
16.7167 492
16.7333 489
16.75 485
16.7667 482
16.7833 478
16.8 475
16.8167 472
16.8333 468
16.85 465
16.8667 461
16.8833 458
16.9 454
16.9167 451
16.9333 447
16.95 444
16.9667 440
16.9833 437
