8.0 382
8.0167 386
8.0333 389
8.05 393
8.0667 397
8.0833 401
8.1 404
8.1167 408
8.1333 412
8.15 415
8.1667 419
8.1833 423
8.2 426
8.2167 430
8.2333 434
8.25 438
8.2667 441
8.2833 445
8.3 449
8.3167 452
8.3333 456
8.35 460
8.3667 463
8.3833 467
8.4 470
8.4167 474
8.4333 478
8.45 481
8.4667 485
8.4833 489
8.5 492
8.5167 496
8.5333 499
8.55 503
8.5667 507
8.5833 510
8.6 514
8.6167 517
8.6333 521
8.65 525
8.6667 528
8.6833 532
8.7 535
8.7167 539
8.7333 542
8.75 546
8.7667 549
8.7833 553
8.8 556
8.8167 560
8.8333 563
8.85 567
8.8667 570
8.8833 574
8.9 577
8.9167 580
8.9333 584
8.95 587
8.9667 591
8.9833 594
9.0 598
9.0167 601
9.0333 604
9.05 608
9.0667 611
9.0833 614
9.1 618
9.1167 621
9.1333 624
9.15 628
9.1667 631
9.1833 634
9.2 637
9.2167 641
9.2333 644
9.25 647
9.2667 651
9.2833 654
9.3 657
9.3167 660
9.3333 663
9.35 667
9.3667 670
9.3833 673
9.4 676
9.4167 679
9.4333 682
9.45 685
9.4667 689
9.4833 692
9.5 695
9.5167 698
9.5333 701
9.55 704
9.5667 707
9.5833 710
9.6 713
9.6167 716
9.6333 719
9.65 722
9.6667 725
9.6833 728
9.7 731
9.7167 734
9.7333 737
9.75 740
9.7667 743
9.7833 746
9.8 748
9.8167 751
9.8333 754
9.85 757
9.8667 760
9.8833 763
9.9 765
9.9167 768
9.9333 771
9.95 774
9.9667 776
9.9833 779
10.0 782
10.0167 785
10.0333 787
10.05 790
10.0667 793
10.0833 795
10.1 798
10.1167 800
10.1333 803
10.15 806
10.1667 808
10.1833 811
10.2 813
10.2167 816
10.2333 818
10.25 821
10.2667 823
10.2833 826
10.3 828
10.3167 831
10.3333 833
10.35 836
10.3667 838
10.3833 840
10.4 843
10.4167 845
10.4333 847
10.45 850
10.4667 852
10.4833 854
10.5 857
10.5167 859
10.5333 861
10.55 863
10.5667 866
10.5833 868
10.6 870
10.6167 872
10.6333 874
10.65 877
10.6667 879
10.6833 881
10.7 883
10.7167 885
10.7333 887
10.75 889
10.7667 891
10.7833 893
10.8 895
10.8167 897
10.8333 899
10.85 901
10.8667 903
10.8833 905
10.9 907
10.9167 909
10.9333 911
10.95 912
10.9667 914
10.9833 916
11.0 918
11.0167 920
11.0333 921
11.05 923
11.0667 925
11.0833 927
11.1 928
11.1167 930
11.1333 932
11.15 933
11.1667 935
11.1833 937
11.2 938
11.2167 940
11.2333 941
11.25 943
11.2667 944
11.2833 946
11.3 947
11.3167 949
11.3333 950
11.35 952
11.3667 953
11.3833 955
11.4 956
11.4167 957
11.4333 959
11.45 960
11.4667 962
11.4833 963
11.5 964
11.5167 965
11.5333 967
11.55 968
11.5667 969
11.5833 970
11.6 971
11.6167 973
11.6333 974
11.65 975
11.6667 976
11.6833 977
11.7 978
11.7167 979
11.7333 980
11.75 981
11.7667 982
11.7833 983
11.8 984
11.8167 985
11.8333 986
11.85 987
11.8667 988
11.8833 989
11.9 990
11.9167 991
11.9333 991
11.95 992
11.9667 993
11.9833 994
12.0 994
12.0167 995
12.0333 996
12.05 997
12.0667 997
12.0833 998
12.1 999
12.1167 999
12.1333 1000
12.15 1000
12.1667 1001
12.1833 1001
12.2 1002
12.2167 1003
12.2333 1003
12.25 1003
12.2667 1004
12.2833 1004
12.3 1005
12.3167 1005
12.3333 1006
12.35 1006
12.3667 1006
12.3833 1007
12.4 1007
12.4167 1007
12.4333 1007
12.45 1008
12.4667 1008
12.4833 1008
12.5 1008
12.5167 1008
12.5333 1009
12.55 1009
12.5667 1009
12.5833 1009
12.6 1009
12.6167 1009
12.6333 1009
12.65 1009
12.6667 1009
12.6833 1009
12.7 1009
12.7167 1009
12.7333 1009
12.75 1009
12.7667 1009
12.7833 1009
12.8 1009
12.8167 1008
12.8333 1008
12.85 1008
12.8667 1008
12.8833 1008
12.9 1007
12.9167 1007
12.9333 1007
12.95 1006
12.9667 1006
12.9833 1006
13.0 1005
13.0167 1005
13.0333 1005
13.05 1004
13.0667 1004
13.0833 1003
13.1 1003
13.1167 1002
13.1333 1002
13.15 1001
13.1667 1001
13.1833 1000
13.2 999
13.2167 999
13.2333 998
13.25 998
13.2667 997
13.2833 996
13.3 995
13.3167 995
13.3333 994
13.35 993
13.3667 992
13.3833 992
13.4 991
13.4167 990
13.4333 989
13.45 988
13.4667 987
13.4833 987
13.5 986
13.5167 985
13.5333 984
13.55 983
13.5667 982
13.5833 981
13.6 980
13.6167 979
13.6333 978
13.65 976
13.6667 975
13.6833 974
13.7 973
13.7167 972
13.7333 971
13.75 970
13.7667 968
13.7833 967
13.8 966
13.8167 965
13.8333 963
13.85 962
13.8667 961
13.8833 959
13.9 958
13.9167 957
13.9333 955
13.95 954
13.9667 952
13.9833 951
14.0 950
14.0167 948
14.0333 947
14.05 945
14.0667 944
14.0833 942
14.1 940
14.1167 939
14.1333 937
14.15 936
14.1667 934
14.1833 932
14.2 931
14.2167 929
14.2333 927
14.25 926
14.2667 924
14.2833 922
14.3 920
14.3167 919
14.3333 917
14.35 915
14.3667 913
14.3833 911
14.4 909
14.4167 908
14.4333 906
14.45 904
14.4667 902
14.4833 900
14.5 898
14.5167 896
14.5333 894
14.55 892
14.5667 890
14.5833 888
14.6 886
14.6167 884
14.6333 882
14.65 880
14.6667 877
14.6833 875
14.7 873
14.7167 871
14.7333 869
14.75 867
14.7667 864
14.7833 862
14.8 860
14.8167 858
14.8333 855
14.85 853
14.8667 851
14.8833 848
14.9 846
14.9167 844
14.9333 841
14.95 839
14.9667 837
14.9833 834
15.0 832
15.0167 829
15.0333 827
15.05 825
15.0667 822
15.0833 820
15.1 817
15.1167 815
15.1333 812
15.15 809
15.1667 807
15.1833 804
15.2 802
15.2167 799
15.2333 796
15.25 794
15.2667 791
15.2833 788
15.3 786
15.3167 783
15.3333 780
15.35 778
15.3667 775
15.3833 772
15.4 769
15.4167 767
15.4333 764
15.45 761
15.4667 758
15.4833 755
15.5 753
15.5167 750
15.5333 747
15.55 744
15.5667 741
15.5833 738
15.6 735
15.6167 732
15.6333 729
15.65 726
15.6667 723
15.6833 721
15.7 718
15.7167 715
15.7333 712
15.75 708
15.7667 705
15.7833 702
15.8 699
15.8167 696
15.8333 693
15.85 690
15.8667 687
15.8833 684
15.9 681
15.9167 678
15.9333 674
15.95 671
15.9667 668
15.9833 665
16.0 662
16.0167 659
16.0333 655
16.05 652
16.0667 649
16.0833 646
16.1 642
16.1167 639
16.1333 636
16.15 633
16.1667 629
16.1833 626
16.2 623
16.2167 619
16.2333 616
16.25 613
16.2667 609
16.2833 606
16.3 602
16.3167 599
16.3333 596
16.35 592
16.3667 589
16.3833 586
16.4 582
16.4167 579
16.4333 575
16.45 572
16.4667 568
16.4833 565
16.5 561
16.5167 558
16.5333 554
16.55 551
16.5667 547
16.5833 544
16.6 540
16.6167 537
16.6333 533
16.65 530
16.6667 526
16.6833 523
16.7 519
16.7167 516
16.7333 512
16.75 508
16.7667 505
16.7833 501
16.8 498
16.8167 494
16.8333 490
16.85 487
16.8667 483
16.8833 480
16.9 476
16.9167 472
16.9333 469
16.95 465
16.9667 461
16.9833 458
