8.0 367
8.0167 370
8.0333 374
8.05 378
8.0667 382
8.0833 385
8.1 389
8.1167 393
8.1333 397
8.15 400
8.1667 404
8.1833 408
8.2 412
8.2167 415
8.2333 419
8.25 423
8.2667 427
8.2833 430
8.3 434
8.3167 438
8.3333 442
8.35 445
8.3667 449
8.3833 453
8.4 456
8.4167 460
8.4333 464
8.45 467
8.4667 471
8.4833 475
8.5 478
8.5167 482
8.5333 486
8.55 489
8.5667 493
8.5833 497
8.6 500
8.6167 504
8.6333 508
8.65 511
8.6667 515
8.6833 519
8.7 522
8.7167 526
8.7333 529
8.75 533
8.7667 536
8.7833 540
8.8 544
8.8167 547
8.8333 551
8.85 554
8.8667 558
8.8833 561
8.9 565
8.9167 568
8.9333 572
8.95 575
8.9667 579
8.9833 582
9.0 586
9.0167 589
9.0333 592
9.05 596
9.0667 599
9.0833 603
9.1 606
9.1167 610
9.1333 613
9.15 616
9.1667 620
9.1833 623
9.2 626
9.2167 630
9.2333 633
9.25 637
9.2667 640
9.2833 643
9.3 646
9.3167 650
9.3333 653
9.35 656
9.3667 660
9.3833 663
9.4 666
9.4167 669
9.4333 672
9.45 676
9.4667 679
9.4833 682
9.5 685
9.5167 688
9.5333 692
9.55 695
9.5667 698
9.5833 701
9.6 704
9.6167 707
9.6333 710
9.65 713
9.6667 716
9.6833 719
9.7 722
9.7167 726
9.7333 729
9.75 732
9.7667 735
9.7833 737
9.8 740
9.8167 743
9.8333 746
9.85 749
9.8667 752
9.8833 755
9.9 758
9.9167 761
9.9333 764
9.95 767
9.9667 769
9.9833 772
10.0 775
10.0167 778
10.0333 781
10.05 783
10.0667 786
10.0833 789
10.1 792
10.1167 794
10.1333 797
10.15 800
10.1667 802
10.1833 805
10.2 808
10.2167 810
10.2333 813
10.25 816
10.2667 818
10.2833 821
10.3 823
10.3167 826
10.3333 828
10.35 831
10.3667 834
10.3833 836
10.4 838
10.4167 841
10.4333 843
10.45 846
10.4667 848
10.4833 851
10.5 853
10.5167 855
10.5333 858
10.55 860
10.5667 862
10.5833 865
10.6 867
10.6167 869
10.6333 872
10.65 874
10.6667 876
10.6833 878
10.7 881
10.7167 883
10.7333 885
10.75 887
10.7667 889
10.7833 891
10.8 893
10.8167 896
10.8333 898
10.85 900
10.8667 902
10.8833 904
10.9 906
10.9167 908
10.9333 910
10.95 912
10.9667 914
10.9833 916
11.0 918
11.0167 919
11.0333 921
11.05 923
11.0667 925
11.0833 927
11.1 929
11.1167 931
11.1333 932
11.15 934
11.1667 936
11.1833 938
11.2 939
11.2167 941
11.2333 943
11.25 944
11.2667 946
11.2833 948
11.3 949
11.3167 951
11.3333 952
11.35 954
11.3667 956
11.3833 957
11.4 959
11.4167 960
11.4333 962
11.45 963
11.4667 964
11.4833 966
11.5 967
11.5167 969
11.5333 970
11.55 971
11.5667 973
11.5833 974
11.6 975
11.6167 977
11.6333 978
11.65 979
11.6667 980
11.6833 982
11.7 983
11.7167 984
11.7333 985
11.75 986
11.7667 987
11.7833 989
11.8 990
11.8167 991
11.8333 992
11.85 993
11.8667 994
11.8833 995
11.9 996
11.9167 997
11.9333 998
11.95 999
11.9667 1000
11.9833 1000
12.0 1001
12.0167 1002
12.0333 1003
12.05 1004
12.0667 1005
12.0833 1005
12.1 1006
12.1167 1007
12.1333 1008
12.15 1008
12.1667 1009
12.1833 1010
12.2 1010
12.2167 1011
12.2333 1012
12.25 1012
12.2667 1013
12.2833 1013
12.3 1014
12.3167 1015
12.3333 1015
12.35 1016
12.3667 1016
12.3833 1016
12.4 1017
12.4167 1017
12.4333 1018
12.45 1018
12.4667 1018
12.4833 1019
12.5 1019
12.5167 1019
12.5333 1020
12.55 1020
12.5667 1020
12.5833 1020
12.6 1021
12.6167 1021
12.6333 1021
12.65 1021
12.6667 1021
12.6833 1021
12.7 1021
12.7167 1022
12.7333 1022
12.75 1022
12.7667 1022
12.7833 1022
12.8 1022
12.8167 1022
12.8333 1022
12.85 1021
12.8667 1021
12.8833 1021
12.9 1021
12.9167 1021
12.9333 1021
12.95 1021
12.9667 1020
12.9833 1020
13.0 1020
13.0167 1020
13.0333 1019
13.05 1019
13.0667 1019
13.0833 1019
13.1 1018
13.1167 1018
13.1333 1017
13.15 1017
13.1667 1017
13.1833 1016
13.2 1016
13.2167 1015
13.2333 1015
13.25 1014
13.2667 1014
13.2833 1013
13.3 1012
13.3167 1012
13.3333 1011
13.35 1011
13.3667 1010
13.3833 1009
13.4 1009
13.4167 1008
13.4333 1007
13.45 1006
13.4667 1006
13.4833 1005
13.5 1004
13.5167 1003
13.5333 1002
13.55 1002
13.5667 1001
13.5833 1000
13.6 999
13.6167 998
13.6333 997
13.65 996
13.6667 995
13.6833 994
13.7 993
13.7167 992
13.7333 991
13.75 990
13.7667 989
13.7833 988
13.8 987
13.8167 985
13.8333 984
13.85 983
13.8667 982
13.8833 981
13.9 979
13.9167 978
13.9333 977
13.95 976
13.9667 974
13.9833 973
14.0 972
14.0167 970
14.0333 969
14.05 968
14.0667 966
14.0833 965
14.1 963
14.1167 962
14.1333 960
14.15 959
14.1667 957
14.1833 956
14.2 954
14.2167 953
14.2333 951
14.25 950
14.2667 948
14.2833 946
14.3 945
14.3167 943
14.3333 941
14.35 940
14.3667 938
14.3833 936
14.4 934
14.4167 933
14.4333 931
14.45 929
14.4667 927
14.4833 925
14.5 924
14.5167 922
14.5333 920
14.55 918
14.5667 916
14.5833 914
14.6 912
14.6167 910
14.6333 908
14.65 906
14.6667 904
14.6833 902
14.7 900
14.7167 898
14.7333 896
14.75 894
14.7667 892
14.7833 890
14.8 888
14.8167 885
14.8333 883
14.85 881
14.8667 879
14.8833 877
14.9 874
14.9167 872
14.9333 870
14.95 868
14.9667 865
14.9833 863
15.0 861
15.0167 858
15.0333 856
15.05 854
15.0667 851
15.0833 849
15.1 846
15.1167 844
15.1333 842
15.15 839
15.1667 837
15.1833 834
15.2 832
15.2167 829
15.2333 827
15.25 824
15.2667 821
15.2833 819
15.3 816
15.3167 814
15.3333 811
15.35 808
15.3667 806
15.3833 803
15.4 800
15.4167 798
15.4333 795
15.45 792
15.4667 790
15.4833 787
15.5 784
15.5167 781
15.5333 779
15.55 776
15.5667 773
15.5833 770
15.6 767
15.6167 764
15.6333 762
15.65 759
15.6667 756
15.6833 753
15.7 750
15.7167 747
15.7333 744
15.75 741
15.7667 738
15.7833 735
15.8 732
15.8167 729
15.8333 726
15.85 723
15.8667 720
15.8833 717
15.9 714
15.9167 711
15.9333 708
15.95 705
15.9667 702
15.9833 699
16.0 696
16.0167 692
16.0333 689
16.05 686
16.0667 683
16.0833 680
16.1 676
16.1167 673
16.1333 670
16.15 667
16.1667 664
16.1833 660
16.2 657
16.2167 654
16.2333 651
16.25 647
16.2667 644
16.2833 641
16.3 637
16.3167 634
16.3333 631
16.35 627
16.3667 624
16.3833 621
16.4 617
16.4167 614
16.4333 610
16.45 607
16.4667 604
16.4833 600
16.5 597
16.5167 593
16.5333 590
16.55 586
16.5667 583
16.5833 579
16.6 576
16.6167 572
16.6333 569
16.65 565
16.6667 562
16.6833 558
16.7 555
16.7167 551
16.7333 548
16.75 544
16.7667 541
16.7833 537
16.8 534
16.8167 530
16.8333 526
16.85 523
16.8667 519
16.8833 516
16.9 512
16.9167 508
16.9333 505
16.95 501
16.9667 497
16.9833 494
