8.0 343
8.0167 346
8.0333 350
8.05 353
8.0667 357
8.0833 361
8.1 364
8.1167 368
8.1333 371
8.15 375
8.1667 379
8.1833 382
8.2 386
8.2167 390
8.2333 393
8.25 397
8.2667 400
8.2833 404
8.3 408
8.3167 411
8.3333 415
8.35 418
8.3667 422
8.3833 426
8.4 429
8.4167 433
8.4333 436
8.45 440
8.4667 443
8.4833 447
8.5 451
8.5167 454
8.5333 458
8.55 461
8.5667 465
8.5833 468
8.6 472
8.6167 475
8.6333 479
8.65 482
8.6667 486
8.6833 489
8.7 493
8.7167 496
8.7333 500
8.75 503
8.7667 507
8.7833 510
8.8 514
8.8167 517
8.8333 521
8.85 524
8.8667 528
8.8833 531
8.9 534
8.9167 538
8.9333 541
8.95 545
8.9667 548
8.9833 552
9.0 555
9.0167 558
9.0333 561
9.05 565
9.0667 568
9.0833 571
9.1 575
9.1167 578
9.1333 581
9.15 585
9.1667 588
9.1833 591
9.2 595
9.2167 598
9.2333 601
9.25 604
9.2667 608
9.2833 611
9.3 614
9.3167 617
9.3333 621
9.35 624
9.3667 627
9.3833 630
9.4 633
9.4167 636
9.4333 640
9.45 643
9.4667 646
9.4833 649
9.5 652
9.5167 655
9.5333 658
9.55 661
9.5667 664
9.5833 667
9.6 670
9.6167 674
9.6333 677
9.65 680
9.6667 683
9.6833 686
9.7 688
9.7167 691
9.7333 694
9.75 697
9.7667 700
9.7833 703
9.8 706
9.8167 709
9.8333 712
9.85 715
9.8667 718
9.8833 720
9.9 723
9.9167 726
9.9333 729
9.95 732
9.9667 734
9.9833 737
10.0 740
10.0167 743
10.0333 745
10.05 748
10.0667 751
10.0833 754
10.1 756
10.1167 759
10.1333 762
10.15 764
10.1667 767
10.1833 769
10.2 772
10.2167 775
10.2333 777
10.25 780
10.2667 782
10.2833 785
10.3 787
10.3167 790
10.3333 792
10.35 795
10.3667 797
10.3833 800
10.4 802
10.4167 805
10.4333 807
10.45 809
10.4667 812
10.4833 814
10.5 816
10.5167 819
10.5333 821
10.55 823
10.5667 826
10.5833 828
10.6 830
10.6167 832
10.6333 835
10.65 837
10.6667 839
10.6833 841
10.7 843
10.7167 845
10.7333 848
10.75 850
10.7667 852
10.7833 854
10.8 856
10.8167 858
10.8333 860
10.85 862
10.8667 864
10.8833 866
10.9 868
10.9167 870
10.9333 872
10.95 874
10.9667 876
10.9833 878
11.0 880
11.0167 881
11.0333 883
11.05 885
11.0667 887
11.0833 889
11.1 891
11.1167 892
11.1333 894
11.15 896
11.1667 897
11.1833 899
11.2 901
11.2167 903
11.2333 904
11.25 906
11.2667 907
11.2833 909
11.3 911
11.3167 912
11.3333 914
11.35 915
11.3667 917
11.3833 918
11.4 920
11.4167 921
11.4333 923
11.45 924
11.4667 926
11.4833 927
11.5 928
11.5167 930
11.5333 931
11.55 932
11.5667 934
11.5833 935
11.6 936
11.6167 937
11.6333 939
11.65 940
11.6667 941
11.6833 942
11.7 943
11.7167 945
11.7333 946
11.75 947
11.7667 948
11.7833 949
11.8 950
11.8167 951
11.8333 952
11.85 953
11.8667 954
11.8833 955
11.9 956
11.9167 957
11.9333 958
11.95 959
11.9667 960
11.9833 961
12.0 962
12.0167 962
12.0333 963
12.05 964
12.0667 965
12.0833 965
12.1 966
12.1167 967
12.1333 968
12.15 968
12.1667 969
12.1833 970
12.2 970
12.2167 971
12.2333 972
12.25 972
12.2667 973
12.2833 973
12.3 974
12.3167 974
12.3333 975
12.35 975
12.3667 976
12.3833 976
12.4 976
12.4167 977
12.4333 977
12.45 978
12.4667 978
12.4833 978
12.5 979
12.5167 979
12.5333 979
12.55 979
12.5667 980
12.5833 980
12.6 980
12.6167 980
12.6333 980
12.65 980
12.6667 981
12.6833 981
12.7 981
12.7167 981
12.7333 981
12.75 981
12.7667 981
12.7833 981
12.8 981
12.8167 981
12.8333 981
12.85 981
12.8667 981
12.8833 980
12.9 980
12.9167 980
12.9333 980
12.95 980
12.9667 980
12.9833 979
13.0 979
13.0167 979
13.0333 978
13.05 978
13.0667 978
13.0833 978
13.1 977
13.1167 977
13.1333 976
13.15 976
13.1667 975
13.1833 975
13.2 975
13.2167 974
13.2333 974
13.25 973
13.2667 972
13.2833 972
13.3 971
13.3167 971
13.3333 970
13.35 969
13.3667 969
13.3833 968
13.4 967
13.4167 967
13.4333 966
13.45 965
13.4667 964
13.4833 964
13.5 963
13.5167 962
13.5333 961
13.55 960
13.5667 959
13.5833 959
13.6 958
13.6167 957
13.6333 956
13.65 955
13.6667 954
13.6833 953
13.7 952
13.7167 951
13.7333 950
13.75 949
13.7667 948
13.7833 946
13.8 945
13.8167 944
13.8333 943
13.85 942
13.8667 941
13.8833 939
13.9 938
13.9167 937
13.9333 936
13.95 934
13.9667 933
13.9833 932
14.0 931
14.0167 929
14.0333 928
14.05 926
14.0667 925
14.0833 924
14.1 922
14.1167 921
14.1333 919
14.15 918
14.1667 916
14.1833 915
14.2 913
14.2167 912
14.2333 910
14.25 908
14.2667 907
14.2833 905
14.3 904
14.3167 902
14.3333 900
14.35 899
14.3667 897
14.3833 895
14.4 893
14.4167 892
14.4333 890
14.45 888
14.4667 886
14.4833 884
14.5 883
14.5167 881
14.5333 879
14.55 877
14.5667 875
14.5833 873
14.6 871
14.6167 869
14.6333 867
14.65 865
14.6667 863
14.6833 861
14.7 859
14.7167 857
14.7333 855
14.75 853
14.7667 851
14.7833 849
14.8 847
14.8167 845
14.8333 843
14.85 840
14.8667 838
14.8833 836
14.9 834
14.9167 832
14.9333 829
14.95 827
14.9667 825
14.9833 822
15.0 820
15.0167 818
15.0333 816
15.05 813
15.0667 811
15.0833 808
15.1 806
15.1167 804
15.1333 801
15.15 799
15.1667 796
15.1833 794
15.2 791
15.2167 789
15.2333 786
15.25 784
15.2667 781
15.2833 779
15.3 776
15.3167 774
15.3333 771
15.35 769
15.3667 766
15.3833 763
15.4 761
15.4167 758
15.4333 755
15.45 753
15.4667 750
15.4833 747
15.5 744
15.5167 742
15.5333 739
15.55 736
15.5667 733
15.5833 731
15.6 728
15.6167 725
15.6333 722
15.65 719
15.6667 717
15.6833 714
15.7 711
15.7167 708
15.7333 705
15.75 702
15.7667 699
15.7833 696
15.8 693
15.8167 690
15.8333 687
15.85 684
15.8667 681
15.8833 678
15.9 675
15.9167 672
15.9333 669
15.95 666
15.9667 663
15.9833 660
16.0 657
16.0167 654
16.0333 651
16.05 648
16.0667 645
16.0833 642
16.1 638
16.1167 635
16.1333 632
16.15 629
16.1667 626
16.1833 623
16.2 619
16.2167 616
16.2333 613
16.25 610
16.2667 606
16.2833 603
16.3 600
16.3167 597
16.3333 593
16.35 590
16.3667 587
16.3833 584
16.4 580
16.4167 577
16.4333 574
16.45 570
16.4667 567
16.4833 564
16.5 560
16.5167 557
16.5333 553
16.55 550
16.5667 547
16.5833 543
16.6 540
16.6167 536
16.6333 533
16.65 530
16.6667 526
16.6833 523
16.7 519
16.7167 516
16.7333 512
16.75 509
16.7667 505
16.7833 502
16.8 498
16.8167 495
16.8333 491
16.85 488
16.8667 484
16.8833 481
16.9 477
16.9167 474
16.9333 470
16.95 467
16.9667 463
16.9833 460
