8.0 320
8.0167 324
8.0333 327
8.05 331
8.0667 334
8.0833 338
8.1 341
8.1167 345
8.1333 348
8.15 352
8.1667 355
8.1833 359
8.2 362
8.2167 366
8.2333 369
8.25 373
8.2667 376
8.2833 379
8.3 383
8.3167 386
8.3333 390
8.35 393
8.3667 397
8.3833 400
8.4 404
8.4167 407
8.4333 411
8.45 414
8.4667 418
8.4833 421
8.5 425
8.5167 428
8.5333 432
8.55 435
8.5667 439
8.5833 442
8.6 445
8.6167 449
8.6333 452
8.65 456
8.6667 459
8.6833 463
8.7 466
8.7167 469
8.7333 473
8.75 476
8.7667 480
8.7833 483
8.8 486
8.8167 490
8.8333 493
8.85 496
8.8667 500
8.8833 503
8.9 506
8.9167 510
8.9333 513
8.95 516
8.9667 520
8.9833 523
9.0 526
9.0167 529
9.0333 533
9.05 536
9.0667 539
9.0833 543
9.1 546
9.1167 549
9.1333 552
9.15 556
9.1667 559
9.1833 562
9.2 565
9.2167 568
9.2333 572
9.25 575
9.2667 578
9.2833 581
9.3 584
9.3167 588
9.3333 591
9.35 594
9.3667 597
9.3833 600
9.4 603
9.4167 606
9.4333 609
9.45 612
9.4667 616
9.4833 619
9.5 622
9.5167 625
9.5333 628
9.55 631
9.5667 634
9.5833 637
9.6 640
9.6167 643
9.6333 646
9.65 649
9.6667 652
9.6833 654
9.7 657
9.7167 660
9.7333 663
9.75 666
9.7667 669
9.7833 672
9.8 675
9.8167 678
9.8333 680
9.85 683
9.8667 686
9.8833 689
9.9 692
9.9167 694
9.9333 697
9.95 700
9.9667 703
9.9833 705
10.0 708
10.0167 711
10.0333 713
10.05 716
10.0667 719
10.0833 721
10.1 724
10.1167 727
10.1333 729
10.15 732
10.1667 734
10.1833 737
10.2 740
10.2167 742
10.2333 745
10.25 747
10.2667 750
10.2833 752
10.3 755
10.3167 757
10.3333 760
10.35 762
10.3667 764
10.3833 767
10.4 769
10.4167 772
10.4333 774
10.45 776
10.4667 779
10.4833 781
10.5 783
10.5167 786
10.5333 788
10.55 790
10.5667 792
10.5833 795
10.6 797
10.6167 799
10.6333 801
10.65 803
10.6667 806
10.6833 808
10.7 810
10.7167 812
10.7333 814
10.75 816
10.7667 818
10.7833 820
10.8 822
10.8167 824
10.8333 826
10.85 828
10.8667 830
10.8833 832
10.9 834
10.9167 836
10.9333 838
10.95 840
10.9667 842
10.9833 844
11.0 846
11.0167 847
11.0333 849
11.05 851
11.0667 853
11.0833 855
11.1 856
11.1167 858
11.1333 860
11.15 862
11.1667 863
11.1833 865
11.2 867
11.2167 868
11.2333 870
11.25 871
11.2667 873
11.2833 875
11.3 876
11.3167 878
11.3333 879
11.35 881
11.3667 882
11.3833 884
11.4 885
11.4167 887
11.4333 888
11.45 890
11.4667 891
11.4833 892
11.5 894
11.5167 895
11.5333 896
11.55 898
11.5667 899
11.5833 900
11.6 901
11.6167 903
11.6333 904
11.65 905
11.6667 906
11.6833 908
11.7 909
11.7167 910
11.7333 911
11.75 912
11.7667 913
11.7833 914
11.8 915
11.8167 916
11.8333 917
11.85 918
11.8667 919
11.8833 920
11.9 921
11.9167 922
11.9333 923
11.95 924
11.9667 925
11.9833 926
12.0 926
12.0167 927
12.0333 928
12.05 929
12.0667 930
12.0833 930
12.1 931
12.1167 932
12.1333 933
12.15 933
12.1667 934
12.1833 934
12.2 935
12.2167 936
12.2333 936
12.25 937
12.2667 937
12.2833 938
12.3 938
12.3167 939
12.3333 939
12.35 940
12.3667 940
12.3833 941
12.4 941
12.4167 942
12.4333 942
12.45 942
12.4667 943
12.4833 943
12.5 943
12.5167 944
12.5333 944
12.55 944
12.5667 944
12.5833 944
12.6 945
12.6167 945
12.6333 945
12.65 945
12.6667 945
12.6833 945
12.7 945
12.7167 945
12.7333 945
12.75 946
12.7667 946
12.7833 945
12.8 945
12.8167 945
12.8333 945
12.85 945
12.8667 945
12.8833 945
12.9 945
12.9167 945
12.9333 945
12.95 944
12.9667 944
12.9833 944
13.0 944
13.0167 943
13.0333 943
13.05 943
13.0667 942
13.0833 942
13.1 942
13.1167 941
13.1333 941
13.15 940
13.1667 940
13.1833 940
13.2 939
13.2167 939
13.2333 938
13.25 938
13.2667 937
13.2833 936
13.3 936
13.3167 935
13.3333 935
13.35 934
13.3667 933
13.3833 933
13.4 932
13.4167 931
13.4333 931
13.45 930
13.4667 929
13.4833 928
13.5 927
13.5167 927
13.5333 926
13.55 925
13.5667 924
13.5833 923
13.6 922
13.6167 921
13.6333 920
13.65 920
13.6667 919
13.6833 918
13.7 917
13.7167 916
13.7333 914
13.75 913
13.7667 912
13.7833 911
13.8 910
13.8167 909
13.8333 908
13.85 907
13.8667 905
13.8833 904
13.9 903
13.9167 902
13.9333 901
13.95 899
13.9667 898
13.9833 897
14.0 895
14.0167 894
14.0333 893
14.05 891
14.0667 890
14.0833 889
14.1 887
14.1167 886
14.1333 884
14.15 883
14.1667 881
14.1833 880
14.2 878
14.2167 877
14.2333 875
14.25 874
14.2667 872
14.2833 870
14.3 869
14.3167 867
14.3333 865
14.35 864
14.3667 862
14.3833 860
14.4 859
14.4167 857
14.4333 855
14.45 853
14.4667 852
14.4833 850
14.5 848
14.5167 846
14.5333 844
14.55 842
14.5667 841
14.5833 839
14.6 837
14.6167 835
14.6333 833
14.65 831
14.6667 829
14.6833 827
14.7 825
14.7167 823
14.7333 821
14.75 819
14.7667 817
14.7833 815
14.8 813
14.8167 810
14.8333 808
14.85 806
14.8667 804
14.8833 802
14.9 800
14.9167 797
14.9333 795
14.95 793
14.9667 791
14.9833 788
15.0 786
15.0167 784
15.0333 782
15.05 779
15.0667 777
15.0833 775
15.1 772
15.1167 770
15.1333 768
15.15 765
15.1667 763
15.1833 760
15.2 758
15.2167 755
15.2333 753
15.25 750
15.2667 748
15.2833 745
15.3 743
15.3167 740
15.3333 738
15.35 735
15.3667 733
15.3833 730
15.4 727
15.4167 725
15.4333 722
15.45 720
15.4667 717
15.4833 714
15.5 712
15.5167 709
15.5333 706
15.55 703
15.5667 701
15.5833 698
15.6 695
15.6167 692
15.6333 690
15.65 687
15.6667 684
15.6833 681
15.7 678
15.7167 676
15.7333 673
15.75 670
15.7667 667
15.7833 664
15.8 661
15.8167 658
15.8333 655
15.85 652
15.8667 649
15.8833 647
15.9 644
15.9167 641
15.9333 638
15.95 635
15.9667 632
15.9833 629
16.0 626
16.0167 623
16.0333 619
16.05 616
16.0667 613
16.0833 610
16.1 607
16.1167 604
16.1333 601
16.15 598
16.1667 595
16.1833 592
16.2 588
16.2167 585
16.2333 582
16.25 579
16.2667 576
16.2833 573
16.3 569
16.3167 566
16.3333 563
16.35 560
16.3667 557
16.3833 553
16.4 550
16.4167 547
16.4333 544
16.45 540
16.4667 537
16.4833 534
16.5 530
16.5167 527
16.5333 524
16.55 521
16.5667 517
16.5833 514
16.6 511
16.6167 507
16.6333 504
16.65 501
16.6667 497
16.6833 494
16.7 490
16.7167 487
16.7333 484
16.75 480
16.7667 477
16.7833 473
16.8 470
16.8167 467
16.8333 463
16.85 460
16.8667 456
16.8833 453
16.9 450
16.9167 446
16.9333 443
16.95 439
16.9667 436
16.9833 432
