8.0 331
8.0167 335
8.0333 339
8.05 342
8.0667 346
8.0833 349
8.1 353
8.1167 356
8.1333 360
8.15 364
8.1667 367
8.1833 371
8.2 374
8.2167 378
8.2333 382
8.25 385
8.2667 389
8.2833 392
8.3 396
8.3167 400
8.3333 403
8.35 407
8.3667 410
8.3833 414
8.4 417
8.4167 421
8.4333 425
8.45 428
8.4667 432
8.4833 435
8.5 439
8.5167 442
8.5333 446
8.55 449
8.5667 453
8.5833 456
8.6 460
8.6167 463
8.6333 467
8.65 470
8.6667 474
8.6833 477
8.7 481
8.7167 484
8.7333 488
8.75 491
8.7667 495
8.7833 498
8.8 502
8.8167 505
8.8333 509
8.85 512
8.8667 516
8.8833 519
8.9 522
8.9167 526
8.9333 529
8.95 533
8.9667 536
8.9833 539
9.0 543
9.0167 546
9.0333 549
9.05 553
9.0667 556
9.0833 559
9.1 563
9.1167 566
9.1333 569
9.15 573
9.1667 576
9.1833 579
9.2 582
9.2167 586
9.2333 589
9.25 592
9.2667 595
9.2833 599
9.3 602
9.3167 605
9.3333 608
9.35 612
9.3667 615
9.3833 618
9.4 621
9.4167 624
9.4333 627
9.45 631
9.4667 634
9.4833 637
9.5 640
9.5167 643
9.5333 646
9.55 649
9.5667 652
9.5833 655
9.6 658
9.6167 661
9.6333 664
9.65 667
9.6667 670
9.6833 673
9.7 676
9.7167 679
9.7333 682
9.75 685
9.7667 688
9.7833 691
9.8 694
9.8167 697
9.8333 700
9.85 703
9.8667 706
9.8833 708
9.9 711
9.9167 714
9.9333 717
9.95 720
9.9667 722
9.9833 725
10.0 728
10.0167 731
10.0333 733
10.05 736
10.0667 739
10.0833 742
10.1 744
10.1167 747
10.1333 750
10.15 752
10.1667 755
10.1833 757
10.2 760
10.2167 763
10.2333 765
10.25 768
10.2667 770
10.2833 773
10.3 775
10.3167 778
10.3333 780
10.35 783
10.3667 785
10.3833 788
10.4 790
10.4167 793
10.4333 795
10.45 797
10.4667 800
10.4833 802
10.5 805
10.5167 807
10.5333 809
10.55 812
10.5667 814
10.5833 816
10.6 818
10.6167 821
10.6333 823
10.65 825
10.6667 827
10.6833 829
10.7 832
10.7167 834
10.7333 836
10.75 838
10.7667 840
10.7833 842
10.8 844
10.8167 846
10.8333 848
10.85 850
10.8667 853
10.8833 855
10.9 856
10.9167 858
10.9333 860
10.95 862
10.9667 864
10.9833 866
11.0 868
11.0167 870
11.0333 872
11.05 874
11.0667 875
11.0833 877
11.1 879
11.1167 881
11.1333 883
11.15 884
11.1667 886
11.1833 888
11.2 890
11.2167 891
11.2333 893
11.25 894
11.2667 896
11.2833 898
11.3 899
11.3167 901
11.3333 902
11.35 904
11.3667 906
11.3833 907
11.4 909
11.4167 910
11.4333 911
11.45 913
11.4667 914
11.4833 916
11.5 917
11.5167 919
11.5333 920
11.55 921
11.5667 923
11.5833 924
11.6 925
11.6167 926
11.6333 928
11.65 929
11.6667 930
11.6833 931
11.7 932
11.7167 934
11.7333 935
11.75 936
11.7667 937
11.7833 938
11.8 939
11.8167 940
11.8333 941
11.85 942
11.8667 943
11.8833 944
11.9 945
11.9167 946
11.9333 947
11.95 948
11.9667 949
11.9833 950
12.0 951
12.0167 952
12.0333 952
12.05 953
12.0667 954
12.0833 955
12.1 956
12.1167 956
12.1333 957
12.15 958
12.1667 958
12.1833 959
12.2 960
12.2167 960
12.2333 961
12.25 962
12.2667 962
12.2833 963
12.3 963
12.3167 964
12.3333 964
12.35 965
12.3667 965
12.3833 966
12.4 966
12.4167 966
12.4333 967
12.45 967
12.4667 968
12.4833 968
12.5 968
12.5167 968
12.5333 969
12.55 969
12.5667 969
12.5833 969
12.6 970
12.6167 970
12.6333 970
12.65 970
12.6667 970
12.6833 970
12.7 971
12.7167 971
12.7333 971
12.75 971
12.7667 971
12.7833 971
12.8 971
12.8167 971
12.8333 971
12.85 971
12.8667 970
12.8833 970
12.9 970
12.9167 970
12.9333 970
12.95 970
12.9667 969
12.9833 969
13.0 969
13.0167 969
13.0333 968
13.05 968
13.0667 968
13.0833 968
13.1 967
13.1167 967
13.1333 966
13.15 966
13.1667 966
13.1833 965
13.2 965
13.2167 964
13.2333 964
13.25 963
13.2667 963
13.2833 962
13.3 961
13.3167 961
13.3333 960
13.35 960
13.3667 959
13.3833 958
13.4 958
13.4167 957
13.4333 956
13.45 956
13.4667 955
13.4833 954
13.5 953
13.5167 952
13.5333 952
13.55 951
13.5667 950
13.5833 949
13.6 948
13.6167 947
13.6333 946
13.65 945
13.6667 944
13.6833 943
13.7 942
13.7167 941
13.7333 940
13.75 939
13.7667 938
13.7833 937
13.8 936
13.8167 935
13.8333 934
13.85 932
13.8667 931
13.8833 930
13.9 929
13.9167 928
13.9333 926
13.95 925
13.9667 924
13.9833 922
14.0 921
14.0167 920
14.0333 918
14.05 917
14.0667 916
14.0833 914
14.1 913
14.1167 911
14.1333 910
14.15 908
14.1667 907
14.1833 905
14.2 904
14.2167 902
14.2333 901
14.25 899
14.2667 898
14.2833 896
14.3 894
14.3167 893
14.3333 891
14.35 889
14.3667 888
14.3833 886
14.4 884
14.4167 883
14.4333 881
14.45 879
14.4667 877
14.4833 875
14.5 874
14.5167 872
14.5333 870
14.55 868
14.5667 866
14.5833 864
14.6 862
14.6167 860
14.6333 858
14.65 856
14.6667 854
14.6833 852
14.7 850
14.7167 848
14.7333 846
14.75 844
14.7667 842
14.7833 840
14.8 838
14.8167 836
14.8333 834
14.85 832
14.8667 829
14.8833 827
14.9 825
14.9167 823
14.9333 821
14.95 818
14.9667 816
14.9833 814
15.0 811
15.0167 809
15.0333 807
15.05 804
15.0667 802
15.0833 800
15.1 797
15.1167 795
15.1333 793
15.15 790
15.1667 788
15.1833 785
15.2 783
15.2167 780
15.2333 778
15.25 775
15.2667 773
15.2833 770
15.3 768
15.3167 765
15.3333 763
15.35 760
15.3667 757
15.3833 755
15.4 752
15.4167 749
15.4333 747
15.45 744
15.4667 741
15.4833 739
15.5 736
15.5167 733
15.5333 731
15.55 728
15.5667 725
15.5833 722
15.6 720
15.6167 717
15.6333 714
15.65 711
15.6667 708
15.6833 705
15.7 703
15.7167 700
15.7333 697
15.75 694
15.7667 691
15.7833 688
15.8 685
15.8167 682
15.8333 679
15.85 676
15.8667 673
15.8833 670
15.9 667
15.9167 664
15.9333 661
15.95 658
15.9667 655
15.9833 652
16.0 649
16.0167 646
16.0333 643
16.05 640
16.0667 637
16.0833 634
16.1 630
16.1167 627
16.1333 624
16.15 621
16.1667 618
16.1833 615
16.2 611
16.2167 608
16.2333 605
16.25 602
16.2667 599
16.2833 595
16.3 592
16.3167 589
16.3333 586
16.35 582
16.3667 579
16.3833 576
16.4 572
16.4167 569
16.4333 566
16.45 562
16.4667 559
16.4833 556
16.5 552
16.5167 549
16.5333 546
16.55 542
16.5667 539
16.5833 536
16.6 532
16.6167 529
16.6333 525
16.65 522
16.6667 519
16.6833 515
16.7 512
16.7167 508
16.7333 505
16.75 501
16.7667 498
16.7833 494
16.8 491
16.8167 487
16.8333 484
16.85 481
16.8667 477
16.8833 474
16.9 470
16.9167 467
16.9333 463
16.95 459
16.9667 456
16.9833 452
