8.0 321
8.0167 325
8.0333 328
8.05 332
8.0667 336
8.0833 340
8.1 343
8.1167 347
8.1333 351
8.15 355
8.1667 358
8.1833 362
8.2 366
8.2167 370
8.2333 373
8.25 377
8.2667 381
8.2833 384
8.3 388
8.3167 392
8.3333 396
8.35 399
8.3667 403
8.3833 407
8.4 411
8.4167 414
8.4333 418
8.45 422
8.4667 425
8.4833 429
8.5 433
8.5167 437
8.5333 440
8.55 444
8.5667 448
8.5833 451
8.6 455
8.6167 459
8.6333 462
8.65 466
8.6667 470
8.6833 473
8.7 477
8.7167 481
8.7333 484
8.75 488
8.7667 491
8.7833 495
8.8 499
8.8167 502
8.8333 506
8.85 509
8.8667 513
8.8833 517
8.9 520
8.9167 524
8.9333 527
8.95 531
8.9667 534
8.9833 538
9.0 541
9.0167 545
9.0333 548
9.05 552
9.0667 555
9.0833 559
9.1 562
9.1167 566
9.1333 569
9.15 573
9.1667 576
9.1833 579
9.2 583
9.2167 586
9.2333 590
9.25 593
9.2667 596
9.2833 600
9.3 603
9.3167 607
9.3333 610
9.35 613
9.3667 617
9.3833 620
9.4 623
9.4167 626
9.4333 630
9.45 633
9.4667 636
9.4833 639
9.5 643
9.5167 646
9.5333 649
9.55 652
9.5667 656
9.5833 659
9.6 662
9.6167 665
9.6333 668
9.65 671
9.6667 675
9.6833 678
9.7 681
9.7167 684
9.7333 687
9.75 690
9.7667 693
9.7833 696
9.8 699
9.8167 702
9.8333 705
9.85 708
9.8667 711
9.8833 714
9.9 717
9.9167 720
9.9333 723
9.95 726
9.9667 729
9.9833 732
10.0 735
10.0167 737
10.0333 740
10.05 743
10.0667 746
10.0833 749
10.1 752
10.1167 754
10.1333 757
10.15 760
10.1667 763
10.1833 765
10.2 768
10.2167 771
10.2333 773
10.25 776
10.2667 779
10.2833 781
10.3 784
10.3167 787
10.3333 789
10.35 792
10.3667 795
10.3833 797
10.4 800
10.4167 802
10.4333 805
10.45 807
10.4667 810
10.4833 812
10.5 815
10.5167 817
10.5333 819
10.55 822
10.5667 824
10.5833 827
10.6 829
10.6167 831
10.6333 834
10.65 836
10.6667 838
10.6833 841
10.7 843
10.7167 845
10.7333 847
10.75 850
10.7667 852
10.7833 854
10.8 856
10.8167 858
10.8333 860
10.85 863
10.8667 865
10.8833 867
10.9 869
10.9167 871
10.9333 873
10.95 875
10.9667 877
10.9833 879
11.0 881
11.0167 883
11.0333 885
11.05 887
11.0667 889
11.0833 891
11.1 893
11.1167 894
11.1333 896
11.15 898
11.1667 900
11.1833 902
11.2 903
11.2167 905
11.2333 907
11.25 909
11.2667 910
11.2833 912
11.3 914
11.3167 915
11.3333 917
11.35 919
11.3667 920
11.3833 922
11.4 923
11.4167 925
11.4333 927
11.45 928
11.4667 930
11.4833 931
11.5 932
11.5167 934
11.5333 935
11.55 937
11.5667 938
11.5833 940
11.6 941
11.6167 942
11.6333 944
11.65 945
11.6667 946
11.6833 947
11.7 949
11.7167 950
11.7333 951
11.75 952
11.7667 953
11.7833 955
11.8 956
11.8167 957
11.8333 958
11.85 959
11.8667 960
11.8833 961
11.9 962
11.9167 963
11.9333 964
11.95 965
11.9667 966
11.9833 967
12.0 968
12.0167 969
12.0333 970
12.05 971
12.0667 971
12.0833 972
12.1 973
12.1167 974
12.1333 975
12.15 975
12.1667 976
12.1833 977
12.2 977
12.2167 978
12.2333 979
12.25 979
12.2667 980
12.2833 981
12.3 981
12.3167 982
12.3333 982
12.35 983
12.3667 983
12.3833 984
12.4 984
12.4167 985
12.4333 985
12.45 986
12.4667 986
12.4833 986
12.5 987
12.5167 987
12.5333 987
12.55 988
12.5667 988
12.5833 988
12.6 988
12.6167 989
12.6333 989
12.65 989
12.6667 989
12.6833 989
12.7 989
12.7167 990
12.7333 990
12.75 990
12.7667 990
12.7833 990
12.8 990
12.8167 990
12.8333 990
12.85 990
12.8667 990
12.8833 989
12.9 989
12.9167 989
12.9333 989
12.95 989
12.9667 989
12.9833 989
13.0 988
13.0167 988
13.0333 988
13.05 988
13.0667 987
13.0833 987
13.1 987
13.1167 986
13.1333 986
13.15 985
13.1667 985
13.1833 985
13.2 984
13.2167 984
13.2333 983
13.25 983
13.2667 982
13.2833 982
13.3 981
13.3167 980
13.3333 980
13.35 979
13.3667 979
13.3833 978
13.4 977
13.4167 976
13.4333 976
13.45 975
13.4667 974
13.4833 973
13.5 973
13.5167 972
13.5333 971
13.55 970
13.5667 969
13.5833 968
13.6 968
13.6167 967
13.6333 966
13.65 965
13.6667 964
13.6833 963
13.7 962
13.7167 961
13.7333 960
13.75 959
13.7667 957
13.7833 956
13.8 955
13.8167 954
13.8333 953
13.85 952
13.8667 951
13.8833 949
13.9 948
13.9167 947
13.9333 946
13.95 944
13.9667 943
13.9833 942
14.0 940
14.0167 939
14.0333 938
14.05 936
14.0667 935
14.0833 933
14.1 932
14.1167 930
14.1333 929
14.15 927
14.1667 926
14.1833 924
14.2 923
14.2167 921
14.2333 920
14.25 918
14.2667 916
14.2833 915
14.3 913
14.3167 911
14.3333 910
14.35 908
14.3667 906
14.3833 904
14.4 903
14.4167 901
14.4333 899
14.45 897
14.4667 895
14.4833 894
14.5 892
14.5167 890
14.5333 888
14.55 886
14.5667 884
14.5833 882
14.6 880
14.6167 878
14.6333 876
14.65 874
14.6667 872
14.6833 870
14.7 868
14.7167 866
14.7333 864
14.75 862
14.7667 860
14.7833 857
14.8 855
14.8167 853
14.8333 851
14.85 849
14.8667 846
14.8833 844
14.9 842
14.9167 840
14.9333 837
14.95 835
14.9667 833
14.9833 830
15.0 828
15.0167 825
15.0333 823
15.05 821
15.0667 818
15.0833 816
15.1 813
15.1167 811
15.1333 808
15.15 806
15.1667 803
15.1833 801
15.2 798
15.2167 796
15.2333 793
15.25 791
15.2667 788
15.2833 785
15.3 783
15.3167 780
15.3333 777
15.35 775
15.3667 772
15.3833 769
15.4 767
15.4167 764
15.4333 761
15.45 758
15.4667 756
15.4833 753
15.5 750
15.5167 747
15.5333 745
15.55 742
15.5667 739
15.5833 736
15.6 733
15.6167 730
15.6333 727
15.65 724
15.6667 721
15.6833 719
15.7 716
15.7167 713
15.7333 710
15.75 707
15.7667 704
15.7833 701
15.8 698
15.8167 695
15.8333 691
15.85 688
15.8667 685
15.8833 682
15.9 679
15.9167 676
15.9333 673
15.95 670
15.9667 667
15.9833 663
16.0 660
16.0167 657
16.0333 654
16.05 651
16.0667 648
16.0833 644
16.1 641
16.1167 638
16.1333 635
16.15 631
16.1667 628
16.1833 625
16.2 621
16.2167 618
16.2333 615
16.25 611
16.2667 608
16.2833 605
16.3 601
16.3167 598
16.3333 595
16.35 591
16.3667 588
16.3833 584
16.4 581
16.4167 578
16.4333 574
16.45 571
16.4667 567
16.4833 564
16.5 560
16.5167 557
16.5333 553
16.55 550
16.5667 546
16.5833 543
16.6 539
16.6167 536
16.6333 532
16.65 529
16.6667 525
16.6833 522
16.7 518
16.7167 514
16.7333 511
16.75 507
16.7667 504
16.7833 500
16.8 497
16.8167 493
16.8333 489
16.85 486
16.8667 482
16.8833 478
16.9 475
16.9167 471
16.9333 467
16.95 464
16.9667 460
16.9833 456
