8.0 319
8.0167 323
8.0333 327
8.05 330
8.0667 334
8.0833 338
8.1 342
8.1167 345
8.1333 349
8.15 353
8.1667 357
8.1833 361
8.2 364
8.2167 368
8.2333 372
8.25 376
8.2667 379
8.2833 383
8.3 387
8.3167 391
8.3333 394
8.35 398
8.3667 402
8.3833 406
8.4 410
8.4167 413
8.4333 417
8.45 421
8.4667 425
8.4833 428
8.5 432
8.5167 436
8.5333 439
8.55 443
8.5667 447
8.5833 451
8.6 454
8.6167 458
8.6333 462
8.65 465
8.6667 469
8.6833 473
8.7 476
8.7167 480
8.7333 484
8.75 487
8.7667 491
8.7833 495
8.8 498
8.8167 502
8.8333 506
8.85 509
8.8667 513
8.8833 516
8.9 520
8.9167 524
8.9333 527
8.95 531
8.9667 534
8.9833 538
9.0 541
9.0167 545
9.0333 548
9.05 552
9.0667 555
9.0833 559
9.1 562
9.1167 566
9.1333 569
9.15 573
9.1667 576
9.1833 580
9.2 583
9.2167 587
9.2333 590
9.25 593
9.2667 597
9.2833 600
9.3 604
9.3167 607
9.3333 610
9.35 614
9.3667 617
9.3833 620
9.4 624
9.4167 627
9.4333 630
9.45 634
9.4667 637
9.4833 640
9.5 643
9.5167 647
9.5333 650
9.55 653
9.5667 656
9.5833 660
9.6 663
9.6167 666
9.6333 669
9.65 672
9.6667 675
9.6833 679
9.7 682
9.7167 685
9.7333 688
9.75 691
9.7667 694
9.7833 697
9.8 700
9.8167 703
9.8333 706
9.85 709
9.8667 712
9.8833 715
9.9 718
9.9167 721
9.9333 724
9.95 727
9.9667 730
9.9833 733
10.0 736
10.0167 739
10.0333 742
10.05 745
10.0667 747
10.0833 750
10.1 753
10.1167 756
10.1333 759
10.15 761
10.1667 764
10.1833 767
10.2 770
10.2167 772
10.2333 775
10.25 778
10.2667 780
10.2833 783
10.3 786
10.3167 788
10.3333 791
10.35 794
10.3667 796
10.3833 799
10.4 801
10.4167 804
10.4333 806
10.45 809
10.4667 811
10.4833 814
10.5 816
10.5167 819
10.5333 821
10.55 824
10.5667 826
10.5833 829
10.6 831
10.6167 833
10.6333 836
10.65 838
10.6667 840
10.6833 843
10.7 845
10.7167 847
10.7333 849
10.75 852
10.7667 854
10.7833 856
10.8 858
10.8167 860
10.8333 863
10.85 865
10.8667 867
10.8833 869
10.9 871
10.9167 873
10.9333 875
10.95 877
10.9667 879
10.9833 881
11.0 883
11.0167 885
11.0333 887
11.05 889
11.0667 891
11.0833 893
11.1 895
11.1167 897
11.1333 899
11.15 900
11.1667 902
11.1833 904
11.2 906
11.2167 908
11.2333 909
11.25 911
11.2667 913
11.2833 914
11.3 916
11.3167 918
11.3333 919
11.35 921
11.3667 923
11.3833 924
11.4 926
11.4167 927
11.4333 929
11.45 930
11.4667 932
11.4833 933
11.5 935
11.5167 936
11.5333 938
11.55 939
11.5667 941
11.5833 942
11.6 943
11.6167 945
11.6333 946
11.65 947
11.6667 949
11.6833 950
11.7 951
11.7167 952
11.7333 954
11.75 955
11.7667 956
11.7833 957
11.8 958
11.8167 959
11.8333 961
11.85 962
11.8667 963
11.8833 964
11.9 965
11.9167 966
11.9333 967
11.95 968
11.9667 969
11.9833 970
12.0 971
12.0167 971
12.0333 972
12.05 973
12.0667 974
12.0833 975
12.1 976
12.1167 976
12.1333 977
12.15 978
12.1667 979
12.1833 979
12.2 980
12.2167 981
12.2333 981
12.25 982
12.2667 983
12.2833 983
12.3 984
12.3167 984
12.3333 985
12.35 985
12.3667 986
12.3833 986
12.4 987
12.4167 987
12.4333 988
12.45 988
12.4667 989
12.4833 989
12.5 989
12.5167 990
12.5333 990
12.55 990
12.5667 990
12.5833 991
12.6 991
12.6167 991
12.6333 991
12.65 992
12.6667 992
12.6833 992
12.7 992
12.7167 992
12.7333 992
12.75 992
12.7667 992
12.7833 992
12.8 992
12.8167 992
12.8333 992
12.85 992
12.8667 992
12.8833 992
12.9 992
12.9167 992
12.9333 992
12.95 991
12.9667 991
12.9833 991
13.0 991
13.0167 990
13.0333 990
13.05 990
13.0667 990
13.0833 989
13.1 989
13.1167 989
13.1333 988
13.15 988
13.1667 987
13.1833 987
13.2 986
13.2167 986
13.2333 985
13.25 985
13.2667 984
13.2833 984
13.3 983
13.3167 983
13.3333 982
13.35 981
13.3667 981
13.3833 980
13.4 979
13.4167 979
13.4333 978
13.45 977
13.4667 976
13.4833 976
13.5 975
13.5167 974
13.5333 973
13.55 972
13.5667 971
13.5833 971
13.6 970
13.6167 969
13.6333 968
13.65 967
13.6667 966
13.6833 965
13.7 964
13.7167 963
13.7333 962
13.75 961
13.7667 959
13.7833 958
13.8 957
13.8167 956
13.8333 955
13.85 954
13.8667 952
13.8833 951
13.9 950
13.9167 949
13.9333 947
13.95 946
13.9667 945
13.9833 943
14.0 942
14.0167 941
14.0333 939
14.05 938
14.0667 936
14.0833 935
14.1 934
14.1167 932
14.1333 931
14.15 929
14.1667 927
14.1833 926
14.2 924
14.2167 923
14.2333 921
14.25 920
14.2667 918
14.2833 916
14.3 915
14.3167 913
14.3333 911
14.35 909
14.3667 908
14.3833 906
14.4 904
14.4167 902
14.4333 900
14.45 899
14.4667 897
14.4833 895
14.5 893
14.5167 891
14.5333 889
14.55 887
14.5667 885
14.5833 883
14.6 881
14.6167 879
14.6333 877
14.65 875
14.6667 873
14.6833 871
14.7 869
14.7167 867
14.7333 865
14.75 863
14.7667 860
14.7833 858
14.8 856
14.8167 854
14.8333 852
14.85 849
14.8667 847
14.8833 845
14.9 843
14.9167 840
14.9333 838
14.95 836
14.9667 833
14.9833 831
15.0 828
15.0167 826
15.0333 824
15.05 821
15.0667 819
15.0833 816
15.1 814
15.1167 811
15.1333 809
15.15 806
15.1667 804
15.1833 801
15.2 799
15.2167 796
15.2333 793
15.25 791
15.2667 788
15.2833 786
15.3 783
15.3167 780
15.3333 778
15.35 775
15.3667 772
15.3833 769
15.4 767
15.4167 764
15.4333 761
15.45 758
15.4667 756
15.4833 753
15.5 750
15.5167 747
15.5333 744
15.55 741
15.5667 739
15.5833 736
15.6 733
15.6167 730
15.6333 727
15.65 724
15.6667 721
15.6833 718
15.7 715
15.7167 712
15.7333 709
15.75 706
15.7667 703
15.7833 700
15.8 697
15.8167 694
15.8333 691
15.85 688
15.8667 685
15.8833 682
15.9 678
15.9167 675
15.9333 672
15.95 669
15.9667 666
15.9833 663
16.0 659
16.0167 656
16.0333 653
16.05 650
16.0667 646
16.0833 643
16.1 640
16.1167 637
16.1333 633
16.15 630
16.1667 627
16.1833 623
16.2 620
16.2167 617
16.2333 613
16.25 610
16.2667 607
16.2833 603
16.3 600
16.3167 597
16.3333 593
16.35 590
16.3667 586
16.3833 583
16.4 579
16.4167 576
16.4333 572
16.45 569
16.4667 566
16.4833 562
16.5 559
16.5167 555
16.5333 552
16.55 548
16.5667 544
16.5833 541
16.6 537
16.6167 534
16.6333 530
16.65 527
16.6667 523
16.6833 519
16.7 516
16.7167 512
16.7333 509
16.75 505
16.7667 501
16.7833 498
16.8 494
16.8167 490
16.8333 487
16.85 483
16.8667 480
16.8833 476
16.9 472
16.9167 469
16.9333 465
16.95 461
16.9667 457
16.9833 454
