8.0 279
8.0167 282
8.0333 286
8.05 290
8.0667 294
8.0833 298
8.1 301
8.1167 305
8.1333 309
8.15 313
8.1667 317
8.1833 320
8.2 324
8.2167 328
8.2333 332
8.25 336
8.2667 339
8.2833 343
8.3 347
8.3167 351
8.3333 355
8.35 358
8.3667 362
8.3833 366
8.4 370
8.4167 374
8.4333 377
8.45 381
8.4667 385
8.4833 389
8.5 392
8.5167 396
8.5333 400
8.55 404
8.5667 408
8.5833 411
8.6 415
8.6167 419
8.6333 422
8.65 426
8.6667 430
8.6833 434
8.7 437
8.7167 441
8.7333 445
8.75 449
8.7667 452
8.7833 456
8.8 460
8.8167 463
8.8333 467
8.85 471
8.8667 474
8.8833 478
8.9 482
8.9167 485
8.9333 489
8.95 493
8.9667 496
8.9833 500
9.0 503
9.0167 507
9.0333 510
9.05 514
9.0667 517
9.0833 521
9.1 524
9.1167 528
9.1333 532
9.15 535
9.1667 539
9.1833 542
9.2 546
9.2167 549
9.2333 553
9.25 556
9.2667 559
9.2833 563
9.3 566
9.3167 570
9.3333 573
9.35 577
9.3667 580
9.3833 583
9.4 587
9.4167 590
9.4333 593
9.45 597
9.4667 600
9.4833 603
9.5 607
9.5167 610
9.5333 613
9.55 617
9.5667 620
9.5833 623
9.6 626
9.6167 630
9.6333 633
9.65 636
9.6667 639
9.6833 642
9.7 646
9.7167 649
9.7333 652
9.75 655
9.7667 658
9.7833 661
9.8 664
9.8167 667
9.8333 670
9.85 673
9.8667 676
9.8833 680
9.9 683
9.9167 686
9.9333 688
9.95 691
9.9667 694
9.9833 697
10.0 700
10.0167 703
10.0333 706
10.05 709
10.0667 712
10.0833 715
10.1 718
10.1167 720
10.1333 723
10.15 726
10.1667 729
10.1833 732
10.2 734
10.2167 737
10.2333 740
10.25 742
10.2667 745
10.2833 748
10.3 750
10.3167 753
10.3333 756
10.35 758
10.3667 761
10.3833 764
10.4 766
10.4167 769
10.4333 771
10.45 774
10.4667 776
10.4833 779
10.5 781
10.5167 784
10.5333 786
10.55 789
10.5667 791
10.5833 793
10.6 796
10.6167 798
10.6333 800
10.65 803
10.6667 805
10.6833 807
10.7 810
10.7167 812
10.7333 814
10.75 816
10.7667 819
10.7833 821
10.8 823
10.8167 825
10.8333 827
10.85 829
10.8667 831
10.8833 834
10.9 836
10.9167 838
10.9333 840
10.95 842
10.9667 844
10.9833 846
11.0 848
11.0167 850
11.0333 852
11.05 854
11.0667 855
11.0833 857
11.1 859
11.1167 861
11.1333 863
11.15 865
11.1667 866
11.1833 868
11.2 870
11.2167 872
11.2333 873
11.25 875
11.2667 877
11.2833 878
11.3 880
11.3167 882
11.3333 883
11.35 885
11.3667 887
11.3833 888
11.4 890
11.4167 891
11.4333 893
11.45 894
11.4667 896
11.4833 897
11.5 898
11.5167 900
11.5333 901
11.55 903
11.5667 904
11.5833 905
11.6 907
11.6167 908
11.6333 909
11.65 910
11.6667 912
11.6833 913
11.7 914
11.7167 915
11.7333 916
11.75 917
11.7667 919
11.7833 920
11.8 921
11.8167 922
11.8333 923
11.85 924
11.8667 925
11.8833 926
11.9 927
11.9167 928
11.9333 929
11.95 930
11.9667 930
11.9833 931
12.0 932
12.0167 933
12.0333 934
12.05 935
12.0667 935
12.0833 936
12.1 937
12.1167 938
12.1333 938
12.15 939
12.1667 940
12.1833 940
12.2 941
12.2167 941
12.2333 942
12.25 942
12.2667 943
12.2833 943
12.3 944
12.3167 944
12.3333 945
12.35 945
12.3667 946
12.3833 946
12.4 946
12.4167 947
12.4333 947
12.45 947
12.4667 948
12.4833 948
12.5 948
12.5167 948
12.5333 949
12.55 949
12.5667 949
12.5833 949
12.6 949
12.6167 949
12.6333 950
12.65 950
12.6667 950
12.6833 950
12.7 950
12.7167 950
12.7333 950
12.75 950
12.7667 950
12.7833 949
12.8 949
12.8167 949
12.8333 949
12.85 949
12.8667 949
12.8833 948
12.9 948
12.9167 948
12.9333 948
12.95 947
12.9667 947
12.9833 947
13.0 946
13.0167 946
13.0333 946
13.05 945
13.0667 945
13.0833 944
13.1 944
13.1167 943
13.1333 943
13.15 942
13.1667 942
13.1833 941
13.2 941
13.2167 940
13.2333 939
13.25 939
13.2667 938
13.2833 937
13.3 937
13.3167 936
13.3333 935
13.35 934
13.3667 934
13.3833 933
13.4 932
13.4167 931
13.4333 930
13.45 929
13.4667 928
13.4833 928
13.5 927
13.5167 926
13.5333 925
13.55 924
13.5667 923
13.5833 922
13.6 921
13.6167 919
13.6333 918
13.65 917
13.6667 916
13.6833 915
13.7 914
13.7167 913
13.7333 911
13.75 910
13.7667 909
13.7833 908
13.8 906
13.8167 905
13.8333 904
13.85 902
13.8667 901
13.8833 900
13.9 898
13.9167 897
13.9333 895
13.95 894
13.9667 892
13.9833 891
14.0 889
14.0167 888
14.0333 886
14.05 885
14.0667 883
14.0833 881
14.1 880
14.1167 878
14.1333 876
14.15 875
14.1667 873
14.1833 871
14.2 870
14.2167 868
14.2333 866
14.25 864
14.2667 862
14.2833 861
14.3 859
14.3167 857
14.3333 855
14.35 853
14.3667 851
14.3833 849
14.4 847
14.4167 845
14.4333 843
14.45 841
14.4667 839
14.4833 837
14.5 835
14.5167 833
14.5333 831
14.55 829
14.5667 827
14.5833 825
14.6 823
14.6167 820
14.6333 818
14.65 816
14.6667 814
14.6833 811
14.7 809
14.7167 807
14.7333 805
14.75 802
14.7667 800
14.7833 798
14.8 795
14.8167 793
14.8333 790
14.85 788
14.8667 786
14.8833 783
14.9 781
14.9167 778
14.9333 776
14.95 773
14.9667 771
14.9833 768
15.0 765
15.0167 762
15.0333 760
15.05 757
15.0667 755
15.0833 752
15.1 749
15.1167 747
15.1333 744
15.15 741
15.1667 738
15.1833 736
15.2 733
15.2167 730
15.2333 727
15.25 725
15.2667 722
15.2833 719
15.3 716
15.3167 713
15.3333 711
15.35 708
15.3667 705
15.3833 702
15.4 699
15.4167 696
15.4333 693
15.45 690
15.4667 687
15.4833 684
15.5 681
15.5167 678
15.5333 675
15.55 672
15.5667 669
15.5833 666
15.6 663
15.6167 660
15.6333 657
15.65 654
15.6667 650
15.6833 647
15.7 644
15.7167 641
15.7333 638
15.75 635
15.7667 631
15.7833 628
15.8 625
15.8167 622
15.8333 618
15.85 615
15.8667 612
15.8833 609
15.9 605
15.9167 602
15.9333 599
15.95 595
15.9667 592
15.9833 589
16.0 585
16.0167 582
16.0333 579
16.05 575
16.0667 572
16.0833 568
16.1 565
16.1167 561
16.1333 558
16.15 555
16.1667 551
16.1833 548
16.2 544
16.2167 541
16.2333 537
16.25 534
16.2667 530
16.2833 527
16.3 523
16.3167 519
16.3333 516
16.35 512
16.3667 509
16.3833 505
16.4 502
16.4167 498
16.4333 494
16.45 491
16.4667 487
16.4833 483
16.5 480
16.5167 476
16.5333 472
16.55 469
16.5667 465
16.5833 461
16.6 458
16.6167 454
16.6333 450
16.65 447
16.6667 443
16.6833 439
16.7 436
16.7167 432
16.7333 428
16.75 424
16.7667 421
16.7833 417
16.8 413
16.8167 409
16.8333 406
16.85 402
16.8667 398
16.8833 394
16.9 391
16.9167 387
16.9333 383
16.95 379
16.9667 375
16.9833 372
