8.0 277
8.0167 281
8.0333 284
8.05 288
8.0667 292
8.0833 296
8.1 300
8.1167 303
8.1333 307
8.15 311
8.1667 315
8.1833 319
8.2 322
8.2167 326
8.2333 330
8.25 334
8.2667 338
8.2833 341
8.3 345
8.3167 349
8.3333 353
8.35 357
8.3667 360
8.3833 364
8.4 368
8.4167 372
8.4333 375
8.45 379
8.4667 383
8.4833 387
8.5 391
8.5167 394
8.5333 398
8.55 402
8.5667 406
8.5833 409
8.6 413
8.6167 417
8.6333 421
8.65 424
8.6667 428
8.6833 432
8.7 436
8.7167 439
8.7333 443
8.75 447
8.7667 450
8.7833 454
8.8 458
8.8167 461
8.8333 465
8.85 469
8.8667 472
8.8833 476
8.9 480
8.9167 483
8.9333 487
8.95 491
8.9667 494
8.9833 498
9.0 501
9.0167 505
9.0333 508
9.05 512
9.0667 516
9.0833 519
9.1 523
9.1167 526
9.1333 530
9.15 533
9.1667 537
9.1833 540
9.2 544
9.2167 547
9.2333 551
9.25 554
9.2667 558
9.2833 561
9.3 565
9.3167 568
9.3333 571
9.35 575
9.3667 578
9.3833 582
9.4 585
9.4167 588
9.4333 592
9.45 595
9.4667 598
9.4833 602
9.5 605
9.5167 608
9.5333 611
9.55 615
9.5667 618
9.5833 621
9.6 624
9.6167 628
9.6333 631
9.65 634
9.6667 637
9.6833 640
9.7 644
9.7167 647
9.7333 650
9.75 653
9.7667 656
9.7833 659
9.8 662
9.8167 665
9.8333 669
9.85 672
9.8667 675
9.8833 678
9.9 681
9.9167 684
9.9333 687
9.95 690
9.9667 693
9.9833 695
10.0 698
10.0167 701
10.0333 704
10.05 707
10.0667 710
10.0833 713
10.1 716
10.1167 718
10.1333 721
10.15 724
10.1667 727
10.1833 730
10.2 732
10.2167 735
10.2333 738
10.25 741
10.2667 743
10.2833 746
10.3 749
10.3167 751
10.3333 754
10.35 756
10.3667 759
10.3833 762
10.4 764
10.4167 767
10.4333 769
10.45 772
10.4667 774
10.4833 777
10.5 779
10.5167 782
10.5333 784
10.55 787
10.5667 789
10.5833 791
10.6 794
10.6167 796
10.6333 798
10.65 801
10.6667 803
10.6833 805
10.7 808
10.7167 810
10.7333 812
10.75 814
10.7667 817
10.7833 819
10.8 821
10.8167 823
10.8333 825
10.85 827
10.8667 829
10.8833 832
10.9 834
10.9167 836
10.9333 838
10.95 840
10.9667 842
10.9833 844
11.0 846
11.0167 848
11.0333 850
11.05 851
11.0667 853
11.0833 855
11.1 857
11.1167 859
11.1333 861
11.15 863
11.1667 864
11.1833 866
11.2 868
11.2167 870
11.2333 871
11.25 873
11.2667 875
11.2833 876
11.3 878
11.3167 880
11.3333 881
11.35 883
11.3667 884
11.3833 886
11.4 887
11.4167 889
11.4333 890
11.45 892
11.4667 893
11.4833 895
11.5 896
11.5167 898
11.5333 899
11.55 900
11.5667 902
11.5833 903
11.6 904
11.6167 906
11.6333 907
11.65 908
11.6667 909
11.6833 911
11.7 912
11.7167 913
11.7333 914
11.75 915
11.7667 916
11.7833 917
11.8 918
11.8167 920
11.8333 921
11.85 922
11.8667 923
11.8833 924
11.9 924
11.9167 925
11.9333 926
11.95 927
11.9667 928
11.9833 929
12.0 930
12.0167 931
12.0333 931
12.05 932
12.0667 933
12.0833 934
12.1 934
12.1167 935
12.1333 936
12.15 936
12.1667 937
12.1833 938
12.2 938
12.2167 939
12.2333 939
12.25 940
12.2667 941
12.2833 941
12.3 942
12.3167 942
12.3333 942
12.35 943
12.3667 943
12.3833 944
12.4 944
12.4167 944
12.4333 945
12.45 945
12.4667 945
12.4833 946
12.5 946
12.5167 946
12.5333 946
12.55 946
12.5667 947
12.5833 947
12.6 947
12.6167 947
12.6333 947
12.65 947
12.6667 947
12.6833 947
12.7 947
12.7167 947
12.7333 947
12.75 947
12.7667 947
12.7833 947
12.8 947
12.8167 947
12.8333 946
12.85 946
12.8667 946
12.8833 946
12.9 946
12.9167 945
12.9333 945
12.95 945
12.9667 944
12.9833 944
13.0 944
13.0167 943
13.0333 943
13.05 943
13.0667 942
13.0833 942
13.1 941
13.1167 941
13.1333 940
13.15 940
13.1667 939
13.1833 938
13.2 938
13.2167 937
13.2333 937
13.25 936
13.2667 935
13.2833 935
13.3 934
13.3167 933
13.3333 932
13.35 932
13.3667 931
13.3833 930
13.4 929
13.4167 928
13.4333 927
13.45 927
13.4667 926
13.4833 925
13.5 924
13.5167 923
13.5333 922
13.55 921
13.5667 920
13.5833 919
13.6 918
13.6167 916
13.6333 915
13.65 914
13.6667 913
13.6833 912
13.7 911
13.7167 910
13.7333 908
13.75 907
13.7667 906
13.7833 905
13.8 903
13.8167 902
13.8333 901
13.85 899
13.8667 898
13.8833 896
13.9 895
13.9167 894
13.9333 892
13.95 891
13.9667 889
13.9833 888
14.0 886
14.0167 885
14.0333 883
14.05 881
14.0667 880
14.0833 878
14.1 877
14.1167 875
14.1333 873
14.15 872
14.1667 870
14.1833 868
14.2 866
14.2167 865
14.2333 863
14.25 861
14.2667 859
14.2833 857
14.3 856
14.3167 854
14.3333 852
14.35 850
14.3667 848
14.3833 846
14.4 844
14.4167 842
14.4333 840
14.45 838
14.4667 836
14.4833 834
14.5 832
14.5167 830
14.5333 828
14.55 826
14.5667 823
14.5833 821
14.6 819
14.6167 817
14.6333 815
14.65 813
14.6667 810
14.6833 808
14.7 806
14.7167 803
14.7333 801
14.75 799
14.7667 797
14.7833 794
14.8 792
14.8167 789
14.8333 787
14.85 785
14.8667 782
14.8833 780
14.9 777
14.9167 775
14.9333 772
14.95 770
14.9667 767
14.9833 765
15.0 761
15.0167 759
15.0333 756
15.05 754
15.0667 751
15.0833 748
15.1 746
15.1167 743
15.1333 740
15.15 738
15.1667 735
15.1833 732
15.2 729
15.2167 727
15.2333 724
15.25 721
15.2667 718
15.2833 715
15.3 713
15.3167 710
15.3333 707
15.35 704
15.3667 701
15.3833 698
15.4 695
15.4167 692
15.4333 689
15.45 686
15.4667 683
15.4833 680
15.5 677
15.5167 674
15.5333 671
15.55 668
15.5667 665
15.5833 662
15.6 659
15.6167 656
15.6333 653
15.65 650
15.6667 647
15.6833 643
15.7 640
15.7167 637
15.7333 634
15.75 631
15.7667 627
15.7833 624
15.8 621
15.8167 618
15.8333 615
15.85 611
15.8667 608
15.8833 605
15.9 601
15.9167 598
15.9333 595
15.95 591
15.9667 588
15.9833 585
16.0 581
16.0167 578
16.0333 575
16.05 571
16.0667 568
16.0833 564
16.1 561
16.1167 557
16.1333 554
16.15 550
16.1667 547
16.1833 544
16.2 540
16.2167 537
16.2333 533
16.25 529
16.2667 526
16.2833 522
16.3 519
16.3167 515
16.3333 512
16.35 508
16.3667 505
16.3833 501
16.4 497
16.4167 494
16.4333 490
16.45 487
16.4667 483
16.4833 479
16.5 476
16.5167 472
16.5333 468
16.55 465
16.5667 461
16.5833 457
16.6 454
16.6167 450
16.6333 446
16.65 443
16.6667 439
16.6833 435
16.7 431
16.7167 428
16.7333 424
16.75 420
16.7667 416
16.7833 413
16.8 409
16.8167 405
16.8333 401
16.85 398
16.8667 394
16.8833 390
16.9 386
16.9167 383
16.9333 379
16.95 375
16.9667 371
16.9833 367
