8.0 326
8.0167 330
8.0333 334
8.05 338
8.0667 342
8.0833 346
8.1 350
8.1167 354
8.1333 358
8.15 362
8.1667 366
8.1833 370
8.2 374
8.2167 378
8.2333 382
8.25 386
8.2667 390
8.2833 394
8.3 398
8.3167 402
8.3333 406
8.35 409
8.3667 413
8.3833 417
8.4 421
8.4167 425
8.4333 429
8.45 433
8.4667 437
8.4833 441
8.5 445
8.5167 449
8.5333 452
8.55 456
8.5667 460
8.5833 464
8.6 468
8.6167 472
8.6333 476
8.65 479
8.6667 483
8.6833 487
8.7 491
8.7167 495
8.7333 498
8.75 502
8.7667 506
8.7833 510
8.8 514
8.8167 517
8.8333 521
8.85 525
8.8667 529
8.8833 532
8.9 536
8.9167 540
8.9333 544
8.95 547
8.9667 551
8.9833 555
9.0 558
9.0167 562
9.0333 565
9.05 569
9.0667 573
9.0833 576
9.1 580
9.1167 583
9.1333 587
9.15 591
9.1667 594
9.1833 598
9.2 601
9.2167 605
9.2333 608
9.25 612
9.2667 616
9.2833 619
9.3 623
9.3167 626
9.3333 629
9.35 633
9.3667 636
9.3833 640
9.4 643
9.4167 647
9.4333 650
9.45 653
9.4667 657
9.4833 660
9.5 664
9.5167 667
9.5333 670
9.55 674
9.5667 677
9.5833 680
9.6 684
9.6167 687
9.6333 690
9.65 693
9.6667 697
9.6833 700
9.7 703
9.7167 706
9.7333 709
9.75 713
9.7667 716
9.7833 719
9.8 722
9.8167 725
9.8333 728
9.85 731
9.8667 734
9.8833 737
9.9 741
9.9167 744
9.9333 747
9.95 750
9.9667 753
9.9833 756
10.0 759
10.0167 762
10.0333 764
10.05 767
10.0667 770
10.0833 773
10.1 776
10.1167 779
10.1333 782
10.15 785
10.1667 787
10.1833 790
10.2 793
10.2167 796
10.2333 799
10.25 801
10.2667 804
10.2833 807
10.3 810
10.3167 812
10.3333 815
10.35 818
10.3667 820
10.3833 823
10.4 825
10.4167 828
10.4333 831
10.45 833
10.4667 836
10.4833 838
10.5 841
10.5167 843
10.5333 846
10.55 848
10.5667 851
10.5833 853
10.6 856
10.6167 858
10.6333 860
10.65 863
10.6667 865
10.6833 867
10.7 870
10.7167 872
10.7333 874
10.75 877
10.7667 879
10.7833 881
10.8 883
10.8167 886
10.8333 888
10.85 890
10.8667 892
10.8833 894
10.9 896
10.9167 898
10.9333 900
10.95 903
10.9667 905
10.9833 907
11.0 909
11.0167 911
11.0333 913
11.05 915
11.0667 917
11.0833 918
11.1 920
11.1167 922
11.1333 924
11.15 926
11.1667 928
11.1833 930
11.2 931
11.2167 933
11.2333 935
11.25 937
11.2667 938
11.2833 940
11.3 942
11.3167 944
11.3333 945
11.35 947
11.3667 948
11.3833 950
11.4 952
11.4167 953
11.4333 955
11.45 956
11.4667 958
11.4833 959
11.5 961
11.5167 962
11.5333 964
11.55 965
11.5667 966
11.5833 968
11.6 969
11.6167 970
11.6333 972
11.65 973
11.6667 974
11.6833 976
11.7 977
11.7167 978
11.7333 979
11.75 981
11.7667 982
11.7833 983
11.8 984
11.8167 985
11.8333 986
11.85 987
11.8667 988
11.8833 989
11.9 990
11.9167 991
11.9333 992
11.95 993
11.9667 994
11.9833 995
12.0 996
12.0167 997
12.0333 998
12.05 999
12.0667 999
12.0833 1000
12.1 1001
12.1167 1002
12.1333 1002
12.15 1003
12.1667 1004
12.1833 1005
12.2 1005
12.2167 1006
12.2333 1006
12.25 1007
12.2667 1008
12.2833 1008
12.3 1009
12.3167 1009
12.3333 1010
12.35 1010
12.3667 1011
12.3833 1011
12.4 1012
12.4167 1012
12.4333 1012
12.45 1013
12.4667 1013
12.4833 1013
12.5 1014
12.5167 1014
12.5333 1014
12.55 1015
12.5667 1015
12.5833 1015
12.6 1015
12.6167 1015
12.6333 1016
12.65 1016
12.6667 1016
12.6833 1016
12.7 1016
12.7167 1016
12.7333 1016
12.75 1016
12.7667 1016
12.7833 1016
12.8 1016
12.8167 1016
12.8333 1016
12.85 1016
12.8667 1015
12.8833 1015
12.9 1015
12.9167 1015
12.9333 1015
12.95 1015
12.9667 1014
12.9833 1014
13.0 1014
13.0167 1013
13.0333 1013
13.05 1013
13.0667 1012
13.0833 1012
13.1 1012
13.1167 1011
13.1333 1011
13.15 1010
13.1667 1010
13.1833 1009
13.2 1009
13.2167 1008
13.2333 1008
13.25 1007
13.2667 1006
13.2833 1006
13.3 1005
13.3167 1004
13.3333 1004
13.35 1003
13.3667 1002
13.3833 1002
13.4 1001
13.4167 1000
13.4333 999
13.45 998
13.4667 998
13.4833 997
13.5 996
13.5167 995
13.5333 994
13.55 993
13.5667 992
13.5833 991
13.6 990
13.6167 989
13.6333 988
13.65 987
13.6667 986
13.6833 985
13.7 984
13.7167 983
13.7333 981
13.75 980
13.7667 979
13.7833 978
13.8 977
13.8167 975
13.8333 974
13.85 973
13.8667 972
13.8833 970
13.9 969
13.9167 968
13.9333 966
13.95 965
13.9667 963
13.9833 962
14.0 960
14.0167 959
14.0333 957
14.05 956
14.0667 954
14.0833 953
14.1 951
14.1167 950
14.1333 948
14.15 947
14.1667 945
14.1833 943
14.2 942
14.2167 940
14.2333 938
14.25 936
14.2667 935
14.2833 933
14.3 931
14.3167 929
14.3333 928
14.35 926
14.3667 924
14.3833 922
14.4 920
14.4167 918
14.4333 916
14.45 914
14.4667 912
14.4833 910
14.5 908
14.5167 906
14.5333 904
14.55 902
14.5667 900
14.5833 898
14.6 896
14.6167 894
14.6333 892
14.65 890
14.6667 887
14.6833 885
14.7 883
14.7167 881
14.7333 879
14.75 876
14.7667 874
14.7833 872
14.8 869
14.8167 867
14.8333 865
14.85 862
14.8667 860
14.8833 858
14.9 855
14.9167 853
14.9333 850
14.95 848
14.9667 845
14.9833 843
15.0 840
15.0167 837
15.0333 835
15.05 832
15.0667 830
15.0833 827
15.1 825
15.1167 822
15.1333 819
15.15 817
15.1667 814
15.1833 811
15.2 809
15.2167 806
15.2333 803
15.25 800
15.2667 798
15.2833 795
15.3 792
15.3167 789
15.3333 786
15.35 784
15.3667 781
15.3833 778
15.4 775
15.4167 772
15.4333 769
15.45 766
15.4667 763
15.4833 760
15.5 757
15.5167 755
15.5333 752
15.55 749
15.5667 746
15.5833 742
15.6 739
15.6167 736
15.6333 733
15.65 730
15.6667 727
15.6833 724
15.7 721
15.7167 718
15.7333 715
15.75 711
15.7667 708
15.7833 705
15.8 702
15.8167 699
15.8333 695
15.85 692
15.8667 689
15.8833 686
15.9 682
15.9167 679
15.9333 676
15.95 672
15.9667 669
15.9833 666
16.0 662
16.0167 659
16.0333 656
16.05 652
16.0667 649
16.0833 645
16.1 642
16.1167 639
16.1333 635
16.15 632
16.1667 628
16.1833 625
16.2 621
16.2167 618
16.2333 614
16.25 611
16.2667 607
16.2833 604
16.3 600
16.3167 597
16.3333 593
16.35 589
16.3667 586
16.3833 582
16.4 579
16.4167 575
16.4333 571
16.45 568
16.4667 564
16.4833 560
16.5 557
16.5167 553
16.5333 549
16.55 546
16.5667 542
16.5833 538
16.6 535
16.6167 531
16.6333 527
16.65 523
16.6667 520
16.6833 516
16.7 512
16.7167 508
16.7333 504
16.75 501
16.7667 497
16.7833 493
16.8 489
16.8167 485
16.8333 482
16.85 478
16.8667 474
16.8833 470
16.9 466
16.9167 462
16.9333 459
16.95 455
16.9667 451
16.9833 447
