8.0 284
8.0167 288
8.0333 292
8.05 296
8.0667 299
8.0833 303
8.1 307
8.1167 311
8.1333 315
8.15 319
8.1667 322
8.1833 326
8.2 330
8.2167 334
8.2333 338
8.25 342
8.2667 345
8.2833 349
8.3 353
8.3167 357
8.3333 361
8.35 364
8.3667 368
8.3833 372
8.4 376
8.4167 380
8.4333 384
8.45 387
8.4667 391
8.4833 395
8.5 399
8.5167 403
8.5333 406
8.55 410
8.5667 414
8.5833 418
8.6 421
8.6167 425
8.6333 429
8.65 433
8.6667 436
8.6833 440
8.7 444
8.7167 448
8.7333 451
8.75 455
8.7667 459
8.7833 463
8.8 466
8.8167 470
8.8333 474
8.85 477
8.8667 481
8.8833 485
8.9 488
8.9167 492
8.9333 496
8.95 499
8.9667 503
8.9833 507
9.0 510
9.0167 514
9.0333 517
9.05 521
9.0667 524
9.0833 528
9.1 531
9.1167 535
9.1333 539
9.15 542
9.1667 546
9.1833 549
9.2 553
9.2167 556
9.2333 560
9.25 563
9.2667 567
9.2833 570
9.3 573
9.3167 577
9.3333 580
9.35 584
9.3667 587
9.3833 591
9.4 594
9.4167 597
9.4333 601
9.45 604
9.4667 607
9.4833 611
9.5 614
9.5167 617
9.5333 621
9.55 624
9.5667 627
9.5833 630
9.6 634
9.6167 637
9.6333 640
9.65 643
9.6667 647
9.6833 650
9.7 653
9.7167 656
9.7333 659
9.75 662
9.7667 665
9.7833 669
9.8 672
9.8167 675
9.8333 678
9.85 681
9.8667 684
9.8833 687
9.9 690
9.9167 693
9.9333 696
9.95 699
9.9667 702
9.9833 705
10.0 708
10.0167 711
10.0333 714
10.05 717
10.0667 719
10.0833 722
10.1 725
10.1167 728
10.1333 731
10.15 734
10.1667 736
10.1833 739
10.2 742
10.2167 745
10.2333 747
10.25 750
10.2667 753
10.2833 755
10.3 758
10.3167 761
10.3333 763
10.35 766
10.3667 769
10.3833 771
10.4 774
10.4167 776
10.4333 779
10.45 781
10.4667 784
10.4833 786
10.5 789
10.5167 791
10.5333 794
10.55 796
10.5667 799
10.5833 801
10.6 804
10.6167 806
10.6333 808
10.65 811
10.6667 813
10.6833 815
10.7 817
10.7167 820
10.7333 822
10.75 824
10.7667 826
10.7833 829
10.8 831
10.8167 833
10.8333 835
10.85 837
10.8667 839
10.8833 842
10.9 844
10.9167 846
10.9333 848
10.95 850
10.9667 852
10.9833 854
11.0 856
11.0167 858
11.0333 860
11.05 862
11.0667 863
11.0833 865
11.1 867
11.1167 869
11.1333 871
11.15 873
11.1667 875
11.1833 876
11.2 878
11.2167 880
11.2333 881
11.25 883
11.2667 885
11.2833 887
11.3 888
11.3167 890
11.3333 891
11.35 893
11.3667 895
11.3833 896
11.4 898
11.4167 899
11.4333 901
11.45 902
11.4667 904
11.4833 905
11.5 907
11.5167 908
11.5333 909
11.55 911
11.5667 912
11.5833 913
11.6 915
11.6167 916
11.6333 917
11.65 919
11.6667 920
11.6833 921
11.7 922
11.7167 923
11.7333 925
11.75 926
11.7667 927
11.7833 928
11.8 929
11.8167 930
11.8333 931
11.85 932
11.8667 933
11.8833 934
11.9 935
11.9167 936
11.9333 937
11.95 938
11.9667 939
11.9833 940
12.0 941
12.0167 941
12.0333 942
12.05 943
12.0667 944
12.0833 944
12.1 945
12.1167 946
12.1333 947
12.15 947
12.1667 948
12.1833 949
12.2 949
12.2167 950
12.2333 950
12.25 951
12.2667 951
12.2833 952
12.3 952
12.3167 953
12.3333 953
12.35 954
12.3667 954
12.3833 955
12.4 955
12.4167 955
12.4333 956
12.45 956
12.4667 956
12.4833 957
12.5 957
12.5167 957
12.5333 957
12.55 957
12.5667 958
12.5833 958
12.6 958
12.6167 958
12.6333 958
12.65 958
12.6667 958
12.6833 958
12.7 958
12.7167 958
12.7333 958
12.75 958
12.7667 958
12.7833 958
12.8 958
12.8167 958
12.8333 958
12.85 958
12.8667 957
12.8833 957
12.9 957
12.9167 957
12.9333 956
12.95 956
12.9667 956
12.9833 955
13.0 955
13.0167 955
13.0333 954
13.05 954
13.0667 954
13.0833 953
13.1 953
13.1167 952
13.1333 952
13.15 951
13.1667 951
13.1833 950
13.2 949
13.2167 949
13.2333 948
13.25 948
13.2667 947
13.2833 946
13.3 946
13.3167 945
13.3333 944
13.35 943
13.3667 942
13.3833 942
13.4 941
13.4167 940
13.4333 939
13.45 938
13.4667 937
13.4833 936
13.5 936
13.5167 935
13.5333 934
13.55 933
13.5667 932
13.5833 931
13.6 929
13.6167 928
13.6333 927
13.65 926
13.6667 925
13.6833 924
13.7 923
13.7167 922
13.7333 920
13.75 919
13.7667 918
13.7833 917
13.8 915
13.8167 914
13.8333 913
13.85 911
13.8667 910
13.8833 909
13.9 907
13.9167 906
13.9333 904
13.95 903
13.9667 901
13.9833 900
14.0 898
14.0167 897
14.0333 895
14.05 894
14.0667 892
14.0833 891
14.1 889
14.1167 887
14.1333 886
14.15 884
14.1667 882
14.1833 880
14.2 879
14.2167 877
14.2333 875
14.25 873
14.2667 872
14.2833 870
14.3 868
14.3167 866
14.3333 864
14.35 862
14.3667 860
14.3833 858
14.4 857
14.4167 855
14.4333 853
14.45 851
14.4667 849
14.4833 847
14.5 844
14.5167 842
14.5333 840
14.55 838
14.5667 836
14.5833 834
14.6 832
14.6167 830
14.6333 827
14.65 825
14.6667 823
14.6833 821
14.7 818
14.7167 816
14.7333 814
14.75 812
14.7667 809
14.7833 807
14.8 805
14.8167 802
14.8333 800
14.85 797
14.8667 795
14.8833 792
14.9 790
14.9167 788
14.9333 785
14.95 783
14.9667 780
14.9833 777
15.0 774
15.0167 772
15.0333 769
15.05 766
15.0667 764
15.0833 761
15.1 759
15.1167 756
15.1333 753
15.15 751
15.1667 748
15.1833 745
15.2 742
15.2167 740
15.2333 737
15.25 734
15.2667 731
15.2833 728
15.3 726
15.3167 723
15.3333 720
15.35 717
15.3667 714
15.3833 711
15.4 708
15.4167 705
15.4333 702
15.45 699
15.4667 696
15.4833 694
15.5 690
15.5167 687
15.5333 684
15.55 681
15.5667 678
15.5833 675
15.6 672
15.6167 669
15.6333 666
15.65 663
15.6667 660
15.6833 657
15.7 653
15.7167 650
15.7333 647
15.75 644
15.7667 641
15.7833 637
15.8 634
15.8167 631
15.8333 628
15.85 624
15.8667 621
15.8833 618
15.9 615
15.9167 611
15.9333 608
15.95 605
15.9667 601
15.9833 598
16.0 595
16.0167 591
16.0333 588
16.05 584
16.0667 581
16.0833 578
16.1 574
16.1167 571
16.1333 567
16.15 564
16.1667 560
16.1833 557
16.2 553
16.2167 550
16.2333 546
16.25 543
16.2667 539
16.2833 536
16.3 532
16.3167 528
16.3333 525
16.35 521
16.3667 518
16.3833 514
16.4 511
16.4167 507
16.4333 503
16.45 500
16.4667 496
16.4833 492
16.5 489
16.5167 485
16.5333 481
16.55 478
16.5667 474
16.5833 470
16.6 467
16.6167 463
16.6333 459
16.65 456
16.6667 452
16.6833 448
16.7 444
16.7167 441
16.7333 437
16.75 433
16.7667 429
16.7833 426
16.8 422
16.8167 418
16.8333 414
16.85 411
16.8667 407
16.8833 403
16.9 399
16.9167 395
16.9333 392
16.95 388
16.9667 384
16.9833 380
