8.0 263
8.0167 267
8.0333 271
8.05 274
8.0667 278
8.0833 281
8.1 285
8.1167 289
8.1333 292
8.15 296
8.1667 299
8.1833 303
8.2 307
8.2167 310
8.2333 314
8.25 317
8.2667 321
8.2833 325
8.3 328
8.3167 332
8.3333 335
8.35 339
8.3667 343
8.3833 346
8.4 350
8.4167 354
8.4333 357
8.45 361
8.4667 364
8.4833 368
8.5 372
8.5167 375
8.5333 379
8.55 383
8.5667 386
8.5833 390
8.6 393
8.6167 397
8.6333 400
8.65 404
8.6667 408
8.6833 411
8.7 415
8.7167 418
8.7333 422
8.75 426
8.7667 429
8.7833 433
8.8 436
8.8167 440
8.8333 443
8.85 447
8.8667 450
8.8833 454
8.9 457
8.9167 461
8.9333 464
8.95 468
8.9667 471
8.9833 475
9.0 478
9.0167 482
9.0333 485
9.05 489
9.0667 492
9.0833 495
9.1 499
9.1167 502
9.1333 506
9.15 509
9.1667 513
9.1833 516
9.2 519
9.2167 523
9.2333 526
9.25 530
9.2667 533
9.2833 536
9.3 540
9.3167 543
9.3333 546
9.35 550
9.3667 553
9.3833 556
9.4 559
9.4167 563
9.4333 566
9.45 569
9.4667 572
9.4833 576
9.5 579
9.5167 582
9.5333 585
9.55 589
9.5667 592
9.5833 595
9.6 598
9.6167 601
9.6333 604
9.65 607
9.6667 611
9.6833 614
9.7 617
9.7167 620
9.7333 623
9.75 626
9.7667 629
9.7833 632
9.8 635
9.8167 638
9.8333 641
9.85 644
9.8667 647
9.8833 650
9.9 653
9.9167 656
9.9333 659
9.95 662
9.9667 665
9.9833 667
10.0 670
10.0167 673
10.0333 676
10.05 679
10.0667 682
10.0833 685
10.1 687
10.1167 690
10.1333 693
10.15 696
10.1667 698
10.1833 701
10.2 704
10.2167 706
10.2333 709
10.25 712
10.2667 714
10.2833 717
10.3 720
10.3167 722
10.3333 725
10.35 727
10.3667 730
10.3833 733
10.4 735
10.4167 738
10.4333 740
10.45 743
10.4667 745
10.4833 748
10.5 750
10.5167 752
10.5333 755
10.55 757
10.5667 760
10.5833 762
10.6 764
10.6167 767
10.6333 769
10.65 771
10.6667 774
10.6833 776
10.7 778
10.7167 780
10.7333 783
10.75 785
10.7667 787
10.7833 789
10.8 791
10.8167 794
10.8333 796
10.85 798
10.8667 800
10.8833 802
10.9 804
10.9167 806
10.9333 808
10.95 810
10.9667 812
10.9833 814
11.0 816
11.0167 818
11.0333 820
11.05 822
11.0667 824
11.0833 826
11.1 827
11.1167 829
11.1333 831
11.15 833
11.1667 835
11.1833 836
11.2 838
11.2167 840
11.2333 842
11.25 843
11.2667 845
11.2833 847
11.3 848
11.3167 850
11.3333 852
11.35 853
11.3667 855
11.3833 856
11.4 858
11.4167 859
11.4333 861
11.45 862
11.4667 864
11.4833 865
11.5 867
11.5167 868
11.5333 869
11.55 871
11.5667 872
11.5833 874
11.6 875
11.6167 876
11.6333 877
11.65 879
11.6667 880
11.6833 881
11.7 882
11.7167 884
11.7333 885
11.75 886
11.7667 887
11.7833 888
11.8 889
11.8167 890
11.8333 891
11.85 892
11.8667 893
11.8833 894
11.9 895
11.9167 896
11.9333 897
11.95 898
11.9667 899
11.9833 900
12.0 901
12.0167 902
12.0333 903
12.05 903
12.0667 904
12.0833 905
12.1 906
12.1167 907
12.1333 907
12.15 908
12.1667 909
12.1833 909
12.2 910
12.2167 911
12.2333 911
12.25 912
12.2667 912
12.2833 913
12.3 913
12.3167 914
12.3333 914
12.35 915
12.3667 915
12.3833 916
12.4 916
12.4167 917
12.4333 917
12.45 917
12.4667 918
12.4833 918
12.5 918
12.5167 918
12.5333 919
12.55 919
12.5667 919
12.5833 919
12.6 920
12.6167 920
12.6333 920
12.65 920
12.6667 920
12.6833 920
12.7 920
12.7167 920
12.7333 920
12.75 920
12.7667 920
12.7833 920
12.8 920
12.8167 920
12.8333 920
12.85 920
12.8667 920
12.8833 919
12.9 919
12.9167 919
12.9333 919
12.95 919
12.9667 918
12.9833 918
13.0 918
13.0167 918
13.0333 917
13.05 917
13.0667 916
13.0833 916
13.1 916
13.1167 915
13.1333 915
13.15 914
13.1667 914
13.1833 913
13.2 913
13.2167 912
13.2333 912
13.25 911
13.2667 910
13.2833 910
13.3 909
13.3167 909
13.3333 908
13.35 907
13.3667 906
13.3833 906
13.4 905
13.4167 904
13.4333 903
13.45 903
13.4667 902
13.4833 901
13.5 900
13.5167 899
13.5333 898
13.55 897
13.5667 896
13.5833 895
13.6 894
13.6167 893
13.6333 892
13.65 891
13.6667 890
13.6833 889
13.7 888
13.7167 887
13.7333 886
13.75 885
13.7667 883
13.7833 882
13.8 881
13.8167 880
13.8333 879
13.85 877
13.8667 876
13.8833 875
13.9 873
13.9167 872
13.9333 871
13.95 869
13.9667 868
13.9833 866
14.0 865
14.0167 864
14.0333 862
14.05 861
14.0667 859
14.0833 858
14.1 856
14.1167 854
14.1333 853
14.15 851
14.1667 850
14.1833 848
14.2 846
14.2167 845
14.2333 843
14.25 841
14.2667 840
14.2833 838
14.3 836
14.3167 834
14.3333 833
14.35 831
14.3667 829
14.3833 827
14.4 825
14.4167 823
14.4333 821
14.45 820
14.4667 818
14.4833 816
14.5 814
14.5167 812
14.5333 810
14.55 808
14.5667 806
14.5833 804
14.6 802
14.6167 800
14.6333 797
14.65 795
14.6667 793
14.6833 791
14.7 789
14.7167 787
14.7333 785
14.75 782
14.7667 780
14.7833 778
14.8 776
14.8167 773
14.8333 771
14.85 769
14.8667 766
14.8833 764
14.9 762
14.9167 759
14.9333 757
14.95 755
14.9667 752
14.9833 750
15.0 747
15.0167 744
15.0333 742
15.05 739
15.0667 737
15.0833 734
15.1 732
15.1167 729
15.1333 727
15.15 724
15.1667 721
15.1833 719
15.2 716
15.2167 714
15.2333 711
15.25 708
15.2667 706
15.2833 703
15.3 700
15.3167 697
15.3333 695
15.35 692
15.3667 689
15.3833 686
15.4 684
15.4167 681
15.4333 678
15.45 675
15.4667 672
15.4833 669
15.5 667
15.5167 664
15.5333 661
15.55 658
15.5667 655
15.5833 652
15.6 649
15.6167 646
15.6333 643
15.65 640
15.6667 637
15.6833 634
15.7 631
15.7167 628
15.7333 625
15.75 622
15.7667 619
15.7833 616
15.8 613
15.8167 610
15.8333 606
15.85 603
15.8667 600
15.8833 597
15.9 594
15.9167 591
15.9333 587
15.95 584
15.9667 581
15.9833 578
16.0 575
16.0167 571
16.0333 568
16.05 565
16.0667 562
16.0833 558
16.1 555
16.1167 552
16.1333 548
16.15 545
16.1667 542
16.1833 538
16.2 535
16.2167 532
16.2333 528
16.25 525
16.2667 522
16.2833 518
16.3 515
16.3167 511
16.3333 508
16.35 505
16.3667 501
16.3833 498
16.4 494
16.4167 491
16.4333 487
16.45 484
16.4667 480
16.4833 477
16.5 474
16.5167 470
16.5333 467
16.55 463
16.5667 460
16.5833 456
16.6 452
16.6167 449
16.6333 445
16.65 442
16.6667 438
16.6833 435
16.7 431
16.7167 428
16.7333 424
16.75 421
16.7667 417
16.7833 413
16.8 410
16.8167 406
16.8333 403
16.85 399
16.8667 395
16.8833 392
16.9 388
16.9167 385
16.9333 381
16.95 377
16.9667 374
16.9833 370
