8.0 276
8.0167 280
8.0333 284
8.05 287
8.0667 291
8.0833 295
8.1 299
8.1167 303
8.1333 306
8.15 310
8.1667 314
8.1833 318
8.2 322
8.2167 325
8.2333 329
8.25 333
8.2667 337
8.2833 341
8.3 344
8.3167 348
8.3333 352
8.35 356
8.3667 360
8.3833 363
8.4 367
8.4167 371
8.4333 375
8.45 379
8.4667 382
8.4833 386
8.5 390
8.5167 394
8.5333 398
8.55 401
8.5667 405
8.5833 409
8.6 413
8.6167 416
8.6333 420
8.65 424
8.6667 428
8.6833 431
8.7 435
8.7167 439
8.7333 442
8.75 446
8.7667 450
8.7833 454
8.8 457
8.8167 461
8.8333 465
8.85 468
8.8667 472
8.8833 476
8.9 479
8.9167 483
8.9333 486
8.95 490
8.9667 494
8.9833 497
9.0 501
9.0167 504
9.0333 508
9.05 511
9.0667 515
9.0833 519
9.1 522
9.1167 526
9.1333 529
9.15 533
9.1667 536
9.1833 540
9.2 543
9.2167 547
9.2333 550
9.25 554
9.2667 557
9.2833 561
9.3 564
9.3167 567
9.3333 571
9.35 574
9.3667 578
9.3833 581
9.4 584
9.4167 588
9.4333 591
9.45 594
9.4667 598
9.4833 601
9.5 604
9.5167 608
9.5333 611
9.55 614
9.5667 618
9.5833 621
9.6 624
9.6167 627
9.6333 630
9.65 634
9.6667 637
9.6833 640
9.7 643
9.7167 646
9.7333 649
9.75 653
9.7667 656
9.7833 659
9.8 662
9.8167 665
9.8333 668
9.85 671
9.8667 674
9.8833 677
9.9 680
9.9167 683
9.9333 686
9.95 689
9.9667 692
9.9833 695
10.0 698
10.0167 701
10.0333 704
10.05 707
10.0667 709
10.0833 712
10.1 715
10.1167 718
10.1333 721
10.15 724
10.1667 726
10.1833 729
10.2 732
10.2167 735
10.2333 737
10.25 740
10.2667 743
10.2833 745
10.3 748
10.3167 751
10.3333 753
10.35 756
10.3667 758
10.3833 761
10.4 764
10.4167 766
10.4333 769
10.45 771
10.4667 774
10.4833 776
10.5 779
10.5167 781
10.5333 784
10.55 786
10.5667 788
10.5833 791
10.6 793
10.6167 796
10.6333 798
10.65 800
10.6667 803
10.6833 805
10.7 807
10.7167 809
10.7333 812
10.75 814
10.7667 816
10.7833 818
10.8 820
10.8167 823
10.8333 825
10.85 827
10.8667 829
10.8833 831
10.9 833
10.9167 835
10.9333 837
10.95 839
10.9667 841
10.9833 843
11.0 845
11.0167 847
11.0333 849
11.05 851
11.0667 853
11.0833 855
11.1 856
11.1167 858
11.1333 860
11.15 862
11.1667 864
11.1833 865
11.2 867
11.2167 869
11.2333 871
11.25 872
11.2667 874
11.2833 876
11.3 877
11.3167 879
11.3333 881
11.35 882
11.3667 884
11.3833 885
11.4 887
11.4167 888
11.4333 890
11.45 891
11.4667 893
11.4833 894
11.5 896
11.5167 897
11.5333 898
11.55 900
11.5667 901
11.5833 902
11.6 904
11.6167 905
11.6333 906
11.65 907
11.6667 909
11.6833 910
11.7 911
11.7167 912
11.7333 913
11.75 914
11.7667 916
11.7833 917
11.8 918
11.8167 919
11.8333 920
11.85 921
11.8667 922
11.8833 923
11.9 924
11.9167 925
11.9333 926
11.95 926
11.9667 927
11.9833 928
12.0 929
12.0167 930
12.0333 931
12.05 931
12.0667 932
12.0833 933
12.1 934
12.1167 934
12.1333 935
12.15 936
12.1667 936
12.1833 937
12.2 937
12.2167 938
12.2333 939
12.25 939
12.2667 940
12.2833 940
12.3 941
12.3167 941
12.3333 941
12.35 942
12.3667 942
12.3833 943
12.4 943
12.4167 943
12.4333 944
12.45 944
12.4667 944
12.4833 945
12.5 945
12.5167 945
12.5333 945
12.55 945
12.5667 945
12.5833 946
12.6 946
12.6167 946
12.6333 946
12.65 946
12.6667 946
12.6833 946
12.7 946
12.7167 946
12.7333 946
12.75 946
12.7667 946
12.7833 946
12.8 946
12.8167 945
12.8333 945
12.85 945
12.8667 945
12.8833 945
12.9 944
12.9167 944
12.9333 944
12.95 944
12.9667 943
12.9833 943
13.0 943
13.0167 942
13.0333 942
13.05 941
13.0667 941
13.0833 940
13.1 940
13.1167 939
13.1333 939
13.15 938
13.1667 938
13.1833 937
13.2 937
13.2167 936
13.2333 935
13.25 935
13.2667 934
13.2833 933
13.3 933
13.3167 932
13.3333 931
13.35 930
13.3667 929
13.3833 929
13.4 928
13.4167 927
13.4333 926
13.45 925
13.4667 924
13.4833 923
13.5 922
13.5167 921
13.5333 920
13.55 919
13.5667 918
13.5833 917
13.6 916
13.6167 915
13.6333 914
13.65 913
13.6667 912
13.6833 910
13.7 909
13.7167 908
13.7333 907
13.75 906
13.7667 904
13.7833 903
13.8 902
13.8167 900
13.8333 899
13.85 898
13.8667 896
13.8833 895
13.9 893
13.9167 892
13.9333 891
13.95 889
13.9667 888
13.9833 886
14.0 885
14.0167 883
14.0333 881
14.05 880
14.0667 878
14.0833 877
14.1 875
14.1167 873
14.1333 872
14.15 870
14.1667 868
14.1833 866
14.2 865
14.2167 863
14.2333 861
14.25 859
14.2667 857
14.2833 856
14.3 854
14.3167 852
14.3333 850
14.35 848
14.3667 846
14.3833 844
14.4 842
14.4167 840
14.4333 838
14.45 836
14.4667 834
14.4833 832
14.5 830
14.5167 828
14.5333 826
14.55 824
14.5667 822
14.5833 819
14.6 817
14.6167 815
14.6333 813
14.65 811
14.6667 808
14.6833 806
14.7 804
14.7167 801
14.7333 799
14.75 797
14.7667 794
14.7833 792
14.8 790
14.8167 787
14.8333 785
14.85 782
14.8667 780
14.8833 778
14.9 775
14.9167 773
14.9333 770
14.95 768
14.9667 765
14.9833 762
15.0 759
15.0167 757
15.0333 754
15.05 751
15.0667 749
15.0833 746
15.1 743
15.1167 741
15.1333 738
15.15 735
15.1667 733
15.1833 730
15.2 727
15.2167 724
15.2333 722
15.25 719
15.2667 716
15.2833 713
15.3 710
15.3167 707
15.3333 704
15.35 702
15.3667 699
15.3833 696
15.4 693
15.4167 690
15.4333 687
15.45 684
15.4667 681
15.4833 678
15.5 675
15.5167 672
15.5333 669
15.55 666
15.5667 663
15.5833 660
15.6 657
15.6167 653
15.6333 650
15.65 647
15.6667 644
15.6833 641
15.7 638
15.7167 635
15.7333 631
15.75 628
15.7667 625
15.7833 622
15.8 618
15.8167 615
15.8333 612
15.85 609
15.8667 605
15.8833 602
15.9 599
15.9167 595
15.9333 592
15.95 589
15.9667 585
15.9833 582
16.0 579
16.0167 575
16.0333 572
16.05 568
16.0667 565
16.0833 562
16.1 558
16.1167 555
16.1333 551
16.15 548
16.1667 544
16.1833 541
16.2 537
16.2167 534
16.2333 530
16.25 527
16.2667 523
16.2833 520
16.3 516
16.3167 512
16.3333 509
16.35 505
16.3667 502
16.3833 498
16.4 495
16.4167 491
16.4333 487
16.45 484
16.4667 480
16.4833 476
16.5 473
16.5167 469
16.5333 465
16.55 462
16.5667 458
16.5833 454
16.6 451
16.6167 447
16.6333 443
16.65 440
16.6667 436
16.6833 432
16.7 428
16.7167 425
16.7333 421
16.75 417
16.7667 413
16.7833 410
16.8 406
16.8167 402
16.8333 398
16.85 395
16.8667 391
16.8833 387
16.9 383
16.9167 380
16.9333 376
16.95 372
16.9667 368
16.9833 364
