8.0 255
8.0167 258
8.0333 262
8.05 266
8.0667 270
8.0833 274
8.1 277
8.1167 281
8.1333 285
8.15 289
8.1667 292
8.1833 296
8.2 300
8.2167 304
8.2333 308
8.25 311
8.2667 315
8.2833 319
8.3 323
8.3167 326
8.3333 330
8.35 334
8.3667 338
8.3833 342
8.4 345
8.4167 349
8.4333 353
8.45 357
8.4667 360
8.4833 364
8.5 368
8.5167 372
8.5333 376
8.55 379
8.5667 383
8.5833 387
8.6 390
8.6167 394
8.6333 398
8.65 402
8.6667 405
8.6833 409
8.7 413
8.7167 417
8.7333 420
8.75 424
8.7667 428
8.7833 431
8.8 435
8.8167 439
8.8333 442
8.85 446
8.8667 450
8.8833 453
8.9 457
8.9167 460
8.9333 464
8.95 468
8.9667 471
8.9833 475
9.0 478
9.0167 482
9.0333 485
9.05 489
9.0667 492
9.0833 496
9.1 499
9.1167 503
9.1333 506
9.15 510
9.1667 513
9.1833 517
9.2 520
9.2167 524
9.2333 527
9.25 531
9.2667 534
9.2833 538
9.3 541
9.3167 544
9.3333 548
9.35 551
9.3667 554
9.3833 558
9.4 561
9.4167 565
9.4333 568
9.45 571
9.4667 574
9.4833 578
9.5 581
9.5167 584
9.5333 588
9.55 591
9.5667 594
9.5833 597
9.6 600
9.6167 604
9.6333 607
9.65 610
9.6667 613
9.6833 616
9.7 619
9.7167 622
9.7333 626
9.75 629
9.7667 632
9.7833 635
9.8 638
9.8167 641
9.8333 644
9.85 647
9.8667 650
9.8833 653
9.9 656
9.9167 659
9.9333 662
9.95 665
9.9667 668
9.9833 670
10.0 673
10.0167 676
10.0333 679
10.05 682
10.0667 685
10.0833 687
10.1 690
10.1167 693
10.1333 696
10.15 699
10.1667 701
10.1833 704
10.2 707
10.2167 709
10.2333 712
10.25 715
10.2667 717
10.2833 720
10.3 723
10.3167 725
10.3333 728
10.35 730
10.3667 733
10.3833 735
10.4 738
10.4167 740
10.4333 743
10.45 745
10.4667 748
10.4833 750
10.5 753
10.5167 755
10.5333 757
10.55 760
10.5667 762
10.5833 764
10.6 767
10.6167 769
10.6333 771
10.65 773
10.6667 776
10.6833 778
10.7 780
10.7167 782
10.7333 785
10.75 787
10.7667 789
10.7833 791
10.8 793
10.8167 795
10.8333 797
10.85 799
10.8667 801
10.8833 803
10.9 805
10.9167 807
10.9333 809
10.95 811
10.9667 813
10.9833 815
11.0 817
11.0167 819
11.0333 821
11.05 822
11.0667 824
11.0833 826
11.1 828
11.1167 830
11.1333 831
11.15 833
11.1667 835
11.1833 836
11.2 838
11.2167 840
11.2333 841
11.25 843
11.2667 844
11.2833 846
11.3 848
11.3167 849
11.3333 851
11.35 852
11.3667 854
11.3833 855
11.4 857
11.4167 858
11.4333 859
11.45 861
11.4667 862
11.4833 863
11.5 865
11.5167 866
11.5333 867
11.55 869
11.5667 870
11.5833 871
11.6 872
11.6167 873
11.6333 875
11.65 876
11.6667 877
11.6833 878
11.7 879
11.7167 880
11.7333 881
11.75 882
11.7667 883
11.7833 884
11.8 885
11.8167 886
11.8333 887
11.85 888
11.8667 889
11.8833 890
11.9 891
11.9167 891
11.9333 892
11.95 893
11.9667 894
11.9833 894
12.0 895
12.0167 896
12.0333 897
12.05 897
12.0667 898
12.0833 899
12.1 899
12.1167 900
12.1333 900
12.15 901
12.1667 901
12.1833 902
12.2 902
12.2167 903
12.2333 903
12.25 904
12.2667 904
12.2833 905
12.3 905
12.3167 905
12.3333 906
12.35 906
12.3667 906
12.3833 906
12.4 907
12.4167 907
12.4333 907
12.45 907
12.4667 907
12.4833 908
12.5 908
12.5167 908
12.5333 908
12.55 908
12.5667 908
12.5833 908
12.6 908
12.6167 908
12.6333 908
12.65 908
12.6667 908
12.6833 908
12.7 908
12.7167 907
12.7333 907
12.75 907
12.7667 907
12.7833 907
12.8 906
12.8167 906
12.8333 906
12.85 905
12.8667 905
12.8833 905
12.9 904
12.9167 904
12.9333 904
12.95 903
12.9667 903
12.9833 902
13.0 902
13.0167 901
13.0333 901
13.05 900
13.0667 900
13.0833 899
13.1 898
13.1167 898
13.1333 897
13.15 896
13.1667 896
13.1833 895
13.2 894
13.2167 894
13.2333 893
13.25 892
13.2667 891
13.2833 890
13.3 890
13.3167 889
13.3333 888
13.35 887
13.3667 886
13.3833 885
13.4 884
13.4167 883
13.4333 882
13.45 881
13.4667 880
13.4833 879
13.5 878
13.5167 877
13.5333 876
13.55 874
13.5667 873
13.5833 872
13.6 871
13.6167 870
13.6333 868
13.65 867
13.6667 866
13.6833 864
13.7 863
13.7167 862
13.7333 860
13.75 859
13.7667 858
13.7833 856
13.8 855
13.8167 853
13.8333 852
13.85 850
13.8667 849
13.8833 847
13.9 846
13.9167 844
13.9333 843
13.95 841
13.9667 839
13.9833 838
14.0 836
14.0167 834
14.0333 833
14.05 831
14.0667 829
14.0833 827
14.1 826
14.1167 824
14.1333 822
14.15 820
14.1667 818
14.1833 816
14.2 815
14.2167 813
14.2333 811
14.25 809
14.2667 807
14.2833 805
14.3 803
14.3167 801
14.3333 799
14.35 797
14.3667 795
14.3833 793
14.4 790
14.4167 788
14.4333 786
14.45 784
14.4667 782
14.4833 780
14.5 777
14.5167 775
14.5333 773
14.55 771
14.5667 768
14.5833 766
14.6 764
14.6167 762
14.6333 759
14.65 757
14.6667 754
14.6833 752
14.7 750
14.7167 747
14.7333 745
14.75 742
14.7667 740
14.7833 737
14.8 735
14.8167 732
14.8333 730
14.85 727
14.8667 725
14.8833 722
14.9 719
14.9167 717
14.9333 714
14.95 711
14.9667 709
14.9833 706
15.0 702
15.0167 700
15.0333 697
15.05 694
15.0667 692
15.0833 689
15.1 686
15.1167 683
15.1333 680
15.15 677
15.1667 675
15.1833 672
15.2 669
15.2167 666
15.2333 663
15.25 660
15.2667 657
15.2833 654
15.3 651
15.3167 648
15.3333 645
15.35 642
15.3667 639
15.3833 636
15.4 633
15.4167 630
15.4333 627
15.45 624
15.4667 621
15.4833 618
15.5 615
15.5167 611
15.5333 608
15.55 605
15.5667 602
15.5833 599
15.6 596
15.6167 592
15.6333 589
15.65 586
15.6667 583
15.6833 579
15.7 576
15.7167 573
15.7333 569
15.75 566
15.7667 563
15.7833 559
15.8 556
15.8167 553
15.8333 549
15.85 546
15.8667 543
15.8833 539
15.9 536
15.9167 532
15.9333 529
15.95 525
15.9667 522
15.9833 519
16.0 515
16.0167 512
16.0333 508
16.05 505
16.0667 501
16.0833 498
16.1 494
16.1167 490
16.1333 487
16.15 483
16.1667 480
16.1833 476
16.2 473
16.2167 469
16.2333 465
16.25 462
16.2667 458
16.2833 455
16.3 451
16.3167 447
16.3333 444
16.35 440
16.3667 436
16.3833 433
16.4 429
16.4167 425
16.4333 422
16.45 418
16.4667 414
16.4833 411
16.5 407
16.5167 403
16.5333 399
16.55 396
16.5667 392
16.5833 388
16.6 385
16.6167 381
16.6333 377
16.65 373
16.6667 370
16.6833 366
16.7 362
16.7167 358
16.7333 354
16.75 351
16.7667 347
16.7833 343
16.8 339
16.8167 336
16.8333 332
16.85 328
16.8667 324
16.8833 320
16.9 317
16.9167 313
16.9333 309
16.95 305
16.9667 302
16.9833 298
