8.0 256
8.0167 259
8.0333 263
8.05 267
8.0667 271
8.0833 274
8.1 278
8.1167 282
8.1333 286
8.15 290
8.1667 293
8.1833 297
8.2 301
8.2167 305
8.2333 308
8.25 312
8.2667 316
8.2833 320
8.3 324
8.3167 327
8.3333 331
8.35 335
8.3667 339
8.3833 343
8.4 346
8.4167 350
8.4333 354
8.45 358
8.4667 361
8.4833 365
8.5 369
8.5167 373
8.5333 376
8.55 380
8.5667 384
8.5833 388
8.6 391
8.6167 395
8.6333 399
8.65 403
8.6667 406
8.6833 410
8.7 414
8.7167 417
8.7333 421
8.75 425
8.7667 429
8.7833 432
8.8 436
8.8167 440
8.8333 443
8.85 447
8.8667 451
8.8833 454
8.9 458
8.9167 461
8.9333 465
8.95 469
8.9667 472
8.9833 476
9.0 479
9.0167 483
9.0333 486
9.05 490
9.0667 493
9.0833 497
9.1 500
9.1167 504
9.1333 507
9.15 511
9.1667 514
9.1833 518
9.2 521
9.2167 525
9.2333 528
9.25 532
9.2667 535
9.2833 539
9.3 542
9.3167 545
9.3333 549
9.35 552
9.3667 555
9.3833 559
9.4 562
9.4167 566
9.4333 569
9.45 572
9.4667 575
9.4833 579
9.5 582
9.5167 585
9.5333 589
9.55 592
9.5667 595
9.5833 598
9.6 601
9.6167 605
9.6333 608
9.65 611
9.6667 614
9.6833 617
9.7 620
9.7167 624
9.7333 627
9.75 630
9.7667 633
9.7833 636
9.8 639
9.8167 642
9.8333 645
9.85 648
9.8667 651
9.8833 654
9.9 657
9.9167 660
9.9333 663
9.95 666
9.9667 669
9.9833 672
10.0 674
10.0167 677
10.0333 680
10.05 683
10.0667 686
10.0833 689
10.1 691
10.1167 694
10.1333 697
10.15 700
10.1667 702
10.1833 705
10.2 708
10.2167 711
10.2333 713
10.25 716
10.2667 719
10.2833 721
10.3 724
10.3167 726
10.3333 729
10.35 731
10.3667 734
10.3833 737
10.4 739
10.4167 742
10.4333 744
10.45 746
10.4667 749
10.4833 751
10.5 754
10.5167 756
10.5333 759
10.55 761
10.5667 763
10.5833 766
10.6 768
10.6167 770
10.6333 772
10.65 775
10.6667 777
10.6833 779
10.7 781
10.7167 784
10.7333 786
10.75 788
10.7667 790
10.7833 792
10.8 794
10.8167 796
10.8333 798
10.85 801
10.8667 803
10.8833 805
10.9 807
10.9167 809
10.9333 811
10.95 812
10.9667 814
10.9833 816
11.0 818
11.0167 820
11.0333 822
11.05 824
11.0667 826
11.0833 827
11.1 829
11.1167 831
11.1333 833
11.15 834
11.1667 836
11.1833 838
11.2 839
11.2167 841
11.2333 843
11.25 844
11.2667 846
11.2833 848
11.3 849
11.3167 851
11.3333 852
11.35 854
11.3667 855
11.3833 857
11.4 858
11.4167 859
11.4333 861
11.45 862
11.4667 864
11.4833 865
11.5 866
11.5167 868
11.5333 869
11.55 870
11.5667 871
11.5833 873
11.6 874
11.6167 875
11.6333 876
11.65 877
11.6667 878
11.6833 880
11.7 881
11.7167 882
11.7333 883
11.75 884
11.7667 885
11.7833 886
11.8 887
11.8167 888
11.8333 889
11.85 890
11.8667 890
11.8833 891
11.9 892
11.9167 893
11.9333 894
11.95 895
11.9667 895
11.9833 896
12.0 897
12.0167 898
12.0333 898
12.05 899
12.0667 900
12.0833 900
12.1 901
12.1167 902
12.1333 902
12.15 903
12.1667 903
12.1833 904
12.2 904
12.2167 905
12.2333 905
12.25 906
12.2667 906
12.2833 906
12.3 907
12.3167 907
12.3333 907
12.35 908
12.3667 908
12.3833 908
12.4 909
12.4167 909
12.4333 909
12.45 909
12.4667 909
12.4833 909
12.5 910
12.5167 910
12.5333 910
12.55 910
12.5667 910
12.5833 910
12.6 910
12.6167 910
12.6333 910
12.65 910
12.6667 910
12.6833 910
12.7 910
12.7167 909
12.7333 909
12.75 909
12.7667 909
12.7833 909
12.8 908
12.8167 908
12.8333 908
12.85 908
12.8667 907
12.8833 907
12.9 907
12.9167 906
12.9333 906
12.95 905
12.9667 905
12.9833 904
13.0 904
13.0167 903
13.0333 903
13.05 902
13.0667 902
13.0833 901
13.1 901
13.1167 900
13.1333 899
13.15 899
13.1667 898
13.1833 897
13.2 897
13.2167 896
13.2333 895
13.25 894
13.2667 893
13.2833 893
13.3 892
13.3167 891
13.3333 890
13.35 889
13.3667 888
13.3833 887
13.4 886
13.4167 885
13.4333 884
13.45 883
13.4667 882
13.4833 881
13.5 880
13.5167 879
13.5333 878
13.55 877
13.5667 876
13.5833 874
13.6 873
13.6167 872
13.6333 871
13.65 869
13.6667 868
13.6833 867
13.7 866
13.7167 864
13.7333 863
13.75 862
13.7667 860
13.7833 859
13.8 857
13.8167 856
13.8333 854
13.85 853
13.8667 851
13.8833 850
13.9 848
13.9167 847
13.9333 845
13.95 844
13.9667 842
13.9833 840
14.0 839
14.0167 837
14.0333 835
14.05 834
14.0667 832
14.0833 830
14.1 828
14.1167 826
14.1333 825
14.15 823
14.1667 821
14.1833 819
14.2 817
14.2167 815
14.2333 813
14.25 811
14.2667 810
14.2833 808
14.3 806
14.3167 804
14.3333 802
14.35 800
14.3667 797
14.3833 795
14.4 793
14.4167 791
14.4333 789
14.45 787
14.4667 785
14.4833 783
14.5 780
14.5167 778
14.5333 776
14.55 774
14.5667 771
14.5833 769
14.6 767
14.6167 764
14.6333 762
14.65 760
14.6667 757
14.6833 755
14.7 753
14.7167 750
14.7333 748
14.75 745
14.7667 743
14.7833 740
14.8 738
14.8167 735
14.8333 733
14.85 730
14.8667 728
14.8833 725
14.9 722
14.9167 720
14.9333 717
14.95 715
14.9667 712
14.9833 709
15.0 706
15.0167 703
15.0333 700
15.05 697
15.0667 695
15.0833 692
15.1 689
15.1167 686
15.1333 683
15.15 681
15.1667 678
15.1833 675
15.2 672
15.2167 669
15.2333 666
15.25 663
15.2667 660
15.2833 657
15.3 654
15.3167 652
15.3333 649
15.35 646
15.3667 642
15.3833 639
15.4 636
15.4167 633
15.4333 630
15.45 627
15.4667 624
15.4833 621
15.5 618
15.5167 615
15.5333 612
15.55 608
15.5667 605
15.5833 602
15.6 599
15.6167 596
15.6333 592
15.65 589
15.6667 586
15.6833 583
15.7 579
15.7167 576
15.7333 573
15.75 570
15.7667 566
15.7833 563
15.8 560
15.8167 556
15.8333 553
15.85 549
15.8667 546
15.8833 543
15.9 539
15.9167 536
15.9333 532
15.95 529
15.9667 525
15.9833 522
16.0 519
16.0167 515
16.0333 512
16.05 508
16.0667 505
16.0833 501
16.1 498
16.1167 494
16.1333 490
16.15 487
16.1667 483
16.1833 480
16.2 476
16.2167 473
16.2333 469
16.25 465
16.2667 462
16.2833 458
16.3 455
16.3167 451
16.3333 447
16.35 444
16.3667 440
16.3833 436
16.4 433
16.4167 429
16.4333 425
16.45 422
16.4667 418
16.4833 414
16.5 410
16.5167 407
16.5333 403
16.55 399
16.5667 396
16.5833 392
16.6 388
16.6167 384
16.6333 381
16.65 377
16.6667 373
16.6833 369
16.7 366
16.7167 362
16.7333 358
16.75 354
16.7667 351
16.7833 347
16.8 343
16.8167 339
16.8333 335
16.85 332
16.8667 328
16.8833 324
16.9 320
16.9167 317
16.9333 313
16.95 309
16.9667 305
16.9833 301
