8.0 241
8.0167 245
8.0333 248
8.05 252
8.0667 256
8.0833 260
8.1 263
8.1167 267
8.1333 271
8.15 275
8.1667 278
8.1833 282
8.2 286
8.2167 290
8.2333 293
8.25 297
8.2667 301
8.2833 305
8.3 308
8.3167 312
8.3333 316
8.35 320
8.3667 323
8.3833 327
8.4 331
8.4167 335
8.4333 338
8.45 342
8.4667 346
8.4833 349
8.5 353
8.5167 357
8.5333 361
8.55 364
8.5667 368
8.5833 372
8.6 375
8.6167 379
8.6333 383
8.65 387
8.6667 390
8.6833 394
8.7 398
8.7167 401
8.7333 405
8.75 409
8.7667 412
8.7833 416
8.8 419
8.8167 423
8.8333 427
8.85 430
8.8667 434
8.8833 438
8.9 441
8.9167 445
8.9333 448
8.95 452
8.9667 455
8.9833 459
9.0 463
9.0167 466
9.0333 469
9.05 473
9.0667 476
9.0833 480
9.1 483
9.1167 487
9.1333 490
9.15 494
9.1667 497
9.1833 501
9.2 504
9.2167 507
9.2333 511
9.25 514
9.2667 518
9.2833 521
9.3 524
9.3167 528
9.3333 531
9.35 534
9.3667 538
9.3833 541
9.4 544
9.4167 548
9.4333 551
9.45 554
9.4667 558
9.4833 561
9.5 564
9.5167 567
9.5333 570
9.55 574
9.5667 577
9.5833 580
9.6 583
9.6167 586
9.6333 589
9.65 593
9.6667 596
9.6833 599
9.7 602
9.7167 605
9.7333 608
9.75 611
9.7667 614
9.7833 617
9.8 620
9.8167 623
9.8333 626
9.85 629
9.8667 632
9.8833 635
9.9 638
9.9167 641
9.9333 644
9.95 647
9.9667 649
9.9833 652
10.0 655
10.0167 658
10.0333 661
10.05 664
10.0667 666
10.0833 669
10.1 672
10.1167 675
10.1333 677
10.15 680
10.1667 683
10.1833 685
10.2 688
10.2167 691
10.2333 693
10.25 696
10.2667 698
10.2833 701
10.3 704
10.3167 706
10.3333 709
10.35 711
10.3667 714
10.3833 716
10.4 719
10.4167 721
10.4333 723
10.45 726
10.4667 728
10.4833 731
10.5 733
10.5167 735
10.5333 738
10.55 740
10.5667 742
10.5833 745
10.6 747
10.6167 749
10.6333 751
10.65 753
10.6667 756
10.6833 758
10.7 760
10.7167 762
10.7333 764
10.75 766
10.7667 768
10.7833 771
10.8 773
10.8167 775
10.8333 777
10.85 779
10.8667 781
10.8833 783
10.9 784
10.9167 786
10.9333 788
10.95 790
10.9667 792
10.9833 794
11.0 796
11.0167 798
11.0333 799
11.05 801
11.0667 803
11.0833 805
11.1 806
11.1167 808
11.1333 810
11.15 811
11.1667 813
11.1833 815
11.2 816
11.2167 818
11.2333 819
11.25 821
11.2667 823
11.2833 824
11.3 826
11.3167 827
11.3333 828
11.35 830
11.3667 831
11.3833 833
11.4 834
11.4167 835
11.4333 837
11.45 838
11.4667 839
11.4833 841
11.5 842
11.5167 843
11.5333 844
11.55 846
11.5667 847
11.5833 848
11.6 849
11.6167 850
11.6333 851
11.65 852
11.6667 854
11.6833 855
11.7 856
11.7167 857
11.7333 858
11.75 859
11.7667 860
11.7833 860
11.8 861
11.8167 862
11.8333 863
11.85 864
11.8667 865
11.8833 866
11.9 866
11.9167 867
11.9333 868
11.95 869
11.9667 869
11.9833 870
12.0 871
12.0167 871
12.0333 872
12.05 873
12.0667 873
12.0833 874
12.1 874
12.1167 875
12.1333 875
12.15 876
12.1667 876
12.1833 877
12.2 877
12.2167 878
12.2333 878
12.25 878
12.2667 879
12.2833 879
12.3 879
12.3167 879
12.3333 880
12.35 880
12.3667 880
12.3833 880
12.4 881
12.4167 881
12.4333 881
12.45 881
12.4667 881
12.4833 881
12.5 881
12.5167 881
12.5333 881
12.55 881
12.5667 881
12.5833 881
12.6 881
12.6167 881
12.6333 881
12.65 881
12.6667 881
12.6833 881
12.7 880
12.7167 880
12.7333 880
12.75 880
12.7667 879
12.7833 879
12.8 879
12.8167 878
12.8333 878
12.85 878
12.8667 877
12.8833 877
12.9 876
12.9167 876
12.9333 876
12.95 875
12.9667 875
12.9833 874
13.0 873
13.0167 873
13.0333 872
13.05 872
13.0667 871
13.0833 870
13.1 870
13.1167 869
13.1333 868
13.15 868
13.1667 867
13.1833 866
13.2 865
13.2167 864
13.2333 864
13.25 863
13.2667 862
13.2833 861
13.3 860
13.3167 859
13.3333 858
13.35 857
13.3667 856
13.3833 855
13.4 854
13.4167 853
13.4333 852
13.45 851
13.4667 850
13.4833 849
13.5 847
13.5167 846
13.5333 845
13.55 844
13.5667 843
13.5833 841
13.6 840
13.6167 839
13.6333 837
13.65 836
13.6667 835
13.6833 833
13.7 832
13.7167 831
13.7333 829
13.75 828
13.7667 826
13.7833 825
13.8 823
13.8167 822
13.8333 820
13.85 819
13.8667 817
13.8833 815
13.9 814
13.9167 812
13.9333 811
13.95 809
13.9667 807
13.9833 805
14.0 804
14.0167 802
14.0333 800
14.05 798
14.0667 797
14.0833 795
14.1 793
14.1167 791
14.1333 789
14.15 787
14.1667 785
14.1833 784
14.2 782
14.2167 780
14.2333 778
14.25 776
14.2667 774
14.2833 772
14.3 769
14.3167 767
14.3333 765
14.35 763
14.3667 761
14.3833 759
14.4 757
14.4167 755
14.4333 752
14.45 750
14.4667 748
14.4833 746
14.5 743
14.5167 741
14.5333 739
14.55 736
14.5667 734
14.5833 732
14.6 729
14.6167 727
14.6333 725
14.65 722
14.6667 720
14.6833 717
14.7 715
14.7167 712
14.7333 710
14.75 707
14.7667 705
14.7833 702
14.8 700
14.8167 697
14.8333 695
14.85 692
14.8667 689
14.8833 687
14.9 684
14.9167 681
14.9333 679
14.95 676
14.9667 673
14.9833 670
15.0 667
15.0167 664
15.0333 661
15.05 658
15.0667 655
15.0833 653
15.1 650
15.1167 647
15.1333 644
15.15 641
15.1667 638
15.1833 635
15.2 632
15.2167 629
15.2333 627
15.25 624
15.2667 621
15.2833 618
15.3 615
15.3167 612
15.3333 608
15.35 605
15.3667 602
15.3833 599
15.4 596
15.4167 593
15.4333 590
15.45 587
15.4667 584
15.4833 581
15.5 577
15.5167 574
15.5333 571
15.55 568
15.5667 565
15.5833 561
15.6 558
15.6167 555
15.6333 552
15.65 548
15.6667 545
15.6833 542
15.7 538
15.7167 535
15.7333 532
15.75 528
15.7667 525
15.7833 522
15.8 518
15.8167 515
15.8333 511
15.85 508
15.8667 505
15.8833 501
15.9 498
15.9167 494
15.9333 491
15.95 487
15.9667 484
15.9833 480
16.0 477
16.0167 473
16.0333 470
16.05 466
16.0667 463
16.0833 459
16.1 456
16.1167 452
16.1333 449
16.15 445
16.1667 441
16.1833 438
16.2 434
16.2167 431
16.2333 427
16.25 423
16.2667 420
16.2833 416
16.3 412
16.3167 409
16.3333 405
16.35 401
16.3667 398
16.3833 394
16.4 390
16.4167 387
16.4333 383
16.45 379
16.4667 376
16.4833 372
16.5 368
16.5167 365
16.5333 361
16.55 357
16.5667 353
16.5833 350
16.6 346
16.6167 342
16.6333 339
16.65 335
16.6667 331
16.6833 327
16.7 324
16.7167 320
16.7333 316
16.75 312
16.7667 309
16.7833 305
16.8 301
16.8167 297
16.8333 294
16.85 290
16.8667 286
16.8833 282
16.9 279
16.9167 275
16.9333 271
16.95 267
16.9667 264
16.9833 260
