8.0 260
8.0167 264
8.0333 268
8.05 272
8.0667 276
8.0833 280
8.1 284
8.1167 288
8.1333 292
8.15 296
8.1667 299
8.1833 303
8.2 307
8.2167 311
8.2333 315
8.25 319
8.2667 323
8.2833 327
8.3 331
8.3167 335
8.3333 339
8.35 343
8.3667 347
8.3833 351
8.4 354
8.4167 358
8.4333 362
8.45 366
8.4667 370
8.4833 374
8.5 378
8.5167 382
8.5333 385
8.55 389
8.5667 393
8.5833 397
8.6 401
8.6167 405
8.6333 408
8.65 412
8.6667 416
8.6833 420
8.7 424
8.7167 427
8.7333 431
8.75 435
8.7667 439
8.7833 442
8.8 446
8.8167 450
8.8333 454
8.85 457
8.8667 461
8.8833 465
8.9 468
8.9167 472
8.9333 476
8.95 479
8.9667 483
8.9833 487
9.0 490
9.0167 493
9.0333 497
9.05 500
9.0667 504
9.0833 508
9.1 511
9.1167 515
9.1333 518
9.15 522
9.1667 525
9.1833 529
9.2 532
9.2167 536
9.2333 539
9.25 543
9.2667 546
9.2833 550
9.3 553
9.3167 556
9.3333 560
9.35 563
9.3667 567
9.3833 570
9.4 573
9.4167 577
9.4333 580
9.45 583
9.4667 587
9.4833 590
9.5 593
9.5167 596
9.5333 600
9.55 603
9.5667 606
9.5833 609
9.6 612
9.6167 616
9.6333 619
9.65 622
9.6667 625
9.6833 628
9.7 631
9.7167 634
9.7333 637
9.75 640
9.7667 643
9.7833 646
9.8 650
9.8167 653
9.8333 655
9.85 658
9.8667 661
9.8833 664
9.9 667
9.9167 670
9.9333 673
9.95 676
9.9667 679
9.9833 682
10.0 685
10.0167 687
10.0333 690
10.05 693
10.0667 696
10.0833 698
10.1 701
10.1167 704
10.1333 707
10.15 709
10.1667 712
10.1833 715
10.2 717
10.2167 720
10.2333 723
10.25 725
10.2667 728
10.2833 730
10.3 733
10.3167 735
10.3333 738
10.35 740
10.3667 743
10.3833 745
10.4 748
10.4167 750
10.4333 753
10.45 755
10.4667 757
10.4833 760
10.5 762
10.5167 764
10.5333 767
10.55 769
10.5667 771
10.5833 773
10.6 776
10.6167 778
10.6333 780
10.65 782
10.6667 784
10.6833 786
10.7 789
10.7167 791
10.7333 793
10.75 795
10.7667 797
10.7833 799
10.8 801
10.8167 803
10.8333 805
10.85 807
10.8667 809
10.8833 811
10.9 813
10.9167 815
10.9333 816
10.95 818
10.9667 820
10.9833 822
11.0 824
11.0167 825
11.0333 827
11.05 829
11.0667 831
11.0833 832
11.1 834
11.1167 836
11.1333 837
11.15 839
11.1667 841
11.1833 842
11.2 844
11.2167 845
11.2333 847
11.25 848
11.2667 850
11.2833 851
11.3 853
11.3167 854
11.3333 855
11.35 857
11.3667 858
11.3833 860
11.4 861
11.4167 862
11.4333 863
11.45 865
11.4667 866
11.4833 867
11.5 868
11.5167 870
11.5333 871
11.55 872
11.5667 873
11.5833 874
11.6 875
11.6167 876
11.6333 877
11.65 878
11.6667 879
11.6833 880
11.7 881
11.7167 882
11.7333 883
11.75 884
11.7667 885
11.7833 886
11.8 887
11.8167 887
11.8333 888
11.85 889
11.8667 890
11.8833 891
11.9 891
11.9167 892
11.9333 893
11.95 893
11.9667 894
11.9833 895
12.0 895
12.0167 896
12.0333 896
12.05 897
12.0667 897
12.0833 898
12.1 898
12.1167 899
12.1333 899
12.15 900
12.1667 900
12.1833 900
12.2 901
12.2167 901
12.2333 901
12.25 902
12.2667 902
12.2833 902
12.3 902
12.3167 903
12.3333 903
12.35 903
12.3667 903
12.3833 903
12.4 903
12.4167 903
12.4333 904
12.45 904
12.4667 904
12.4833 904
12.5 904
12.5167 904
12.5333 903
12.55 903
12.5667 903
12.5833 903
12.6 903
12.6167 903
12.6333 903
12.65 902
12.6667 902
12.6833 902
12.7 902
12.7167 901
12.7333 901
12.75 901
12.7667 900
12.7833 900
12.8 900
12.8167 899
12.8333 899
12.85 898
12.8667 898
12.8833 897
12.9 897
12.9167 896
12.9333 896
12.95 895
12.9667 895
12.9833 894
13.0 893
13.0167 893
13.0333 892
13.05 891
13.0667 891
13.0833 890
13.1 889
13.1167 888
13.1333 888
13.15 887
13.1667 886
13.1833 885
13.2 884
13.2167 883
13.2333 882
13.25 881
13.2667 880
13.2833 879
13.3 878
13.3167 877
13.3333 876
13.35 875
13.3667 874
13.3833 873
13.4 872
13.4167 871
13.4333 870
13.45 868
13.4667 867
13.4833 866
13.5 865
13.5167 864
13.5333 862
13.55 861
13.5667 860
13.5833 858
13.6 857
13.6167 856
13.6333 854
13.65 853
13.6667 851
13.6833 850
13.7 848
13.7167 847
13.7333 845
13.75 844
13.7667 842
13.7833 841
13.8 839
13.8167 837
13.8333 836
13.85 834
13.8667 832
13.8833 831
13.9 829
13.9167 827
13.9333 826
13.95 824
13.9667 822
13.9833 820
14.0 818
14.0167 817
14.0333 815
14.05 813
14.0667 811
14.0833 809
14.1 807
14.1167 805
14.1333 803
14.15 801
14.1667 799
14.1833 797
14.2 795
14.2167 793
14.2333 791
14.25 789
14.2667 787
14.2833 785
14.3 782
14.3167 780
14.3333 778
14.35 776
14.3667 774
14.3833 771
14.4 769
14.4167 767
14.4333 764
14.45 762
14.4667 760
14.4833 757
14.5 755
14.5167 753
14.5333 750
14.55 748
14.5667 745
14.5833 743
14.6 741
14.6167 738
14.6333 736
14.65 733
14.6667 730
14.6833 728
14.7 725
14.7167 723
14.7333 720
14.75 718
14.7667 715
14.7833 712
14.8 710
14.8167 707
14.8333 704
14.85 701
14.8667 699
14.8833 696
14.9 693
14.9167 690
14.9333 688
14.95 685
14.9667 682
14.9833 679
15.0 675
15.0167 672
15.0333 669
15.05 666
15.0667 664
15.0833 661
15.1 658
15.1167 655
15.1333 652
15.15 649
15.1667 646
15.1833 643
15.2 640
15.2167 637
15.2333 633
15.25 630
15.2667 627
15.2833 624
15.3 621
15.3167 618
15.3333 615
15.35 612
15.3667 608
15.3833 605
15.4 602
15.4167 599
15.4333 595
15.45 592
15.4667 589
15.4833 586
15.5 582
15.5167 579
15.5333 576
15.55 572
15.5667 569
15.5833 566
15.6 562
15.6167 559
15.6333 556
15.65 552
15.6667 549
15.6833 545
15.7 542
15.7167 538
15.7333 535
15.75 531
15.7667 528
15.7833 524
15.8 521
15.8167 517
15.8333 514
15.85 510
15.8667 507
15.8833 503
15.9 500
15.9167 496
15.9333 492
15.95 489
15.9667 485
15.9833 482
16.0 478
16.0167 474
16.0333 471
16.05 467
16.0667 463
16.0833 460
16.1 456
16.1167 452
16.1333 448
16.15 445
16.1667 441
16.1833 437
16.2 434
16.2167 430
16.2333 426
16.25 422
16.2667 418
16.2833 415
16.3 411
16.3167 407
16.3333 403
16.35 399
16.3667 396
16.3833 392
16.4 388
16.4167 384
16.4333 380
16.45 376
16.4667 372
16.4833 369
16.5 365
16.5167 361
16.5333 357
16.55 353
16.5667 349
16.5833 345
16.6 341
16.6167 337
16.6333 334
16.65 330
16.6667 326
16.6833 322
16.7 318
16.7167 314
16.7333 310
16.75 306
16.7667 302
16.7833 298
16.8 294
16.8167 290
16.8333 286
16.85 282
16.8667 278
16.8833 274
16.9 271
16.9167 267
16.9333 263
16.95 259
16.9667 255
16.9833 251
