8.0 259
8.0167 263
8.0333 267
8.05 271
8.0667 275
8.0833 278
8.1 282
8.1167 286
8.1333 290
8.15 294
8.1667 298
8.1833 302
8.2 306
8.2167 310
8.2333 314
8.25 317
8.2667 321
8.2833 325
8.3 329
8.3167 333
8.3333 337
8.35 341
8.3667 345
8.3833 349
8.4 352
8.4167 356
8.4333 360
8.45 364
8.4667 368
8.4833 372
8.5 376
8.5167 379
8.5333 383
8.55 387
8.5667 391
8.5833 395
8.6 399
8.6167 402
8.6333 406
8.65 410
8.6667 414
8.6833 417
8.7 421
8.7167 425
8.7333 429
8.75 433
8.7667 436
8.7833 440
8.8 444
8.8167 447
8.8333 451
8.85 455
8.8667 459
8.8833 462
8.9 466
8.9167 470
8.9333 473
8.95 477
8.9667 481
8.9833 484
9.0 488
9.0167 491
9.0333 494
9.05 498
9.0667 502
9.0833 505
9.1 509
9.1167 512
9.1333 516
9.15 519
9.1667 523
9.1833 526
9.2 530
9.2167 533
9.2333 537
9.25 540
9.2667 544
9.2833 547
9.3 551
9.3167 554
9.3333 557
9.35 561
9.3667 564
9.3833 568
9.4 571
9.4167 574
9.4333 578
9.45 581
9.4667 584
9.4833 588
9.5 591
9.5167 594
9.5333 597
9.55 601
9.5667 604
9.5833 607
9.6 610
9.6167 613
9.6333 617
9.65 620
9.6667 623
9.6833 626
9.7 629
9.7167 632
9.7333 635
9.75 639
9.7667 642
9.7833 645
9.8 648
9.8167 651
9.8333 654
9.85 657
9.8667 660
9.8833 663
9.9 666
9.9167 669
9.9333 671
9.95 674
9.9667 677
9.9833 680
10.0 683
10.0167 686
10.0333 689
10.05 691
10.0667 694
10.0833 697
10.1 700
10.1167 703
10.1333 705
10.15 708
10.1667 711
10.1833 713
10.2 716
10.2167 719
10.2333 721
10.25 724
10.2667 727
10.2833 729
10.3 732
10.3167 734
10.3333 737
10.35 739
10.3667 742
10.3833 744
10.4 747
10.4167 749
10.4333 752
10.45 754
10.4667 757
10.4833 759
10.5 761
10.5167 764
10.5333 766
10.55 768
10.5667 771
10.5833 773
10.6 775
10.6167 777
10.6333 780
10.65 782
10.6667 784
10.6833 786
10.7 788
10.7167 790
10.7333 793
10.75 795
10.7667 797
10.7833 799
10.8 801
10.8167 803
10.8333 805
10.85 807
10.8667 809
10.8833 811
10.9 813
10.9167 815
10.9333 817
10.95 819
10.9667 820
10.9833 822
11.0 824
11.0167 826
11.0333 828
11.05 829
11.0667 831
11.0833 833
11.1 835
11.1167 836
11.1333 838
11.15 840
11.1667 841
11.1833 843
11.2 845
11.2167 846
11.2333 848
11.25 849
11.2667 851
11.2833 852
11.3 854
11.3167 855
11.3333 857
11.35 858
11.3667 860
11.3833 861
11.4 862
11.4167 864
11.4333 865
11.45 866
11.4667 868
11.4833 869
11.5 870
11.5167 871
11.5333 873
11.55 874
11.5667 875
11.5833 876
11.6 877
11.6167 878
11.6333 879
11.65 880
11.6667 881
11.6833 883
11.7 884
11.7167 885
11.7333 885
11.75 886
11.7667 887
11.7833 888
11.8 889
11.8167 890
11.8333 891
11.85 892
11.8667 893
11.8833 893
11.9 894
11.9167 895
11.9333 896
11.95 896
11.9667 897
11.9833 898
12.0 898
12.0167 899
12.0333 900
12.05 900
12.0667 901
12.0833 901
12.1 902
12.1167 902
12.1333 903
12.15 903
12.1667 904
12.1833 904
12.2 904
12.2167 905
12.2333 905
12.25 906
12.2667 906
12.2833 906
12.3 906
12.3167 907
12.3333 907
12.35 907
12.3667 907
12.3833 907
12.4 908
12.4167 908
12.4333 908
12.45 908
12.4667 908
12.4833 908
12.5 908
12.5167 908
12.5333 908
12.55 908
12.5667 908
12.5833 908
12.6 908
12.6167 908
12.6333 908
12.65 907
12.6667 907
12.6833 907
12.7 907
12.7167 907
12.7333 906
12.75 906
12.7667 906
12.7833 905
12.8 905
12.8167 905
12.8333 904
12.85 904
12.8667 904
12.8833 903
12.9 903
12.9167 902
12.9333 902
12.95 901
12.9667 901
12.9833 900
13.0 899
13.0167 899
13.0333 898
13.05 898
13.0667 897
13.0833 896
13.1 895
13.1167 895
13.1333 894
13.15 893
13.1667 892
13.1833 892
13.2 891
13.2167 890
13.2333 889
13.25 888
13.2667 887
13.2833 886
13.3 885
13.3167 884
13.3333 883
13.35 882
13.3667 881
13.3833 880
13.4 879
13.4167 878
13.4333 877
13.45 876
13.4667 875
13.4833 874
13.5 872
13.5167 871
13.5333 870
13.55 869
13.5667 867
13.5833 866
13.6 865
13.6167 863
13.6333 862
13.65 861
13.6667 859
13.6833 858
13.7 856
13.7167 855
13.7333 854
13.75 852
13.7667 851
13.7833 849
13.8 847
13.8167 846
13.8333 844
13.85 843
13.8667 841
13.8833 839
13.9 838
13.9167 836
13.9333 834
13.95 833
13.9667 831
13.9833 829
14.0 827
14.0167 826
14.0333 824
14.05 822
14.0667 820
14.0833 818
14.1 816
14.1167 814
14.1333 813
14.15 811
14.1667 809
14.1833 807
14.2 805
14.2167 803
14.2333 801
14.25 799
14.2667 796
14.2833 794
14.3 792
14.3167 790
14.3333 788
14.35 786
14.3667 784
14.3833 781
14.4 779
14.4167 777
14.4333 775
14.45 773
14.4667 770
14.4833 768
14.5 766
14.5167 763
14.5333 761
14.55 759
14.5667 756
14.5833 754
14.6 751
14.6167 749
14.6333 746
14.65 744
14.6667 741
14.6833 739
14.7 736
14.7167 734
14.7333 731
14.75 729
14.7667 726
14.7833 724
14.8 721
14.8167 718
14.8333 716
14.85 713
14.8667 710
14.8833 708
14.9 705
14.9167 702
14.9333 699
14.95 697
14.9667 694
14.9833 691
15.0 687
15.0167 684
15.0333 681
15.05 679
15.0667 676
15.0833 673
15.1 670
15.1167 667
15.1333 664
15.15 661
15.1667 658
15.1833 655
15.2 652
15.2167 649
15.2333 646
15.25 643
15.2667 640
15.2833 637
15.3 634
15.3167 631
15.3333 628
15.35 625
15.3667 621
15.3833 618
15.4 615
15.4167 612
15.4333 609
15.45 605
15.4667 602
15.4833 599
15.5 596
15.5167 593
15.5333 589
15.55 586
15.5667 583
15.5833 579
15.6 576
15.6167 573
15.6333 569
15.65 566
15.6667 563
15.6833 559
15.7 556
15.7167 552
15.7333 549
15.75 546
15.7667 542
15.7833 539
15.8 535
15.8167 532
15.8333 528
15.85 525
15.8667 521
15.8833 518
15.9 514
15.9167 511
15.9333 507
15.95 504
15.9667 500
15.9833 496
16.0 493
16.0167 489
16.0333 486
16.05 482
16.0667 478
16.0833 475
16.1 471
16.1167 467
16.1333 464
16.15 460
16.1667 456
16.1833 453
16.2 449
16.2167 445
16.2333 442
16.25 438
16.2667 434
16.2833 430
16.3 427
16.3167 423
16.3333 419
16.35 415
16.3667 411
16.3833 408
16.4 404
16.4167 400
16.4333 396
16.45 392
16.4667 389
16.4833 385
16.5 381
16.5167 377
16.5333 373
16.55 369
16.5667 366
16.5833 362
16.6 358
16.6167 354
16.6333 350
16.65 346
16.6667 342
16.6833 339
16.7 335
16.7167 331
16.7333 327
16.75 323
16.7667 319
16.7833 315
16.8 311
16.8167 307
16.8333 304
16.85 300
16.8667 296
16.8833 292
16.9 288
16.9167 284
16.9333 280
16.95 276
16.9667 272
16.9833 269
