8.0 157
8.0167 161
8.0333 164
8.05 168
8.0667 171
8.0833 175
8.1 178
8.1167 182
8.1333 185
8.15 189
8.1667 192
8.1833 196
8.2 199
8.2167 203
8.2333 206
8.25 210
8.2667 213
8.2833 217
8.3 220
8.3167 224
8.3333 227
8.35 231
8.3667 234
8.3833 238
8.4 242
8.4167 245
8.4333 249
8.45 252
8.4667 256
8.4833 259
8.5 263
8.5167 266
8.5333 270
8.55 273
8.5667 277
8.5833 280
8.6 284
8.6167 287
8.6333 291
8.65 294
8.6667 298
8.6833 301
8.7 305
8.7167 308
8.7333 312
8.75 315
8.7667 319
8.7833 322
8.8 326
8.8167 329
8.8333 333
8.85 336
8.8667 339
8.8833 343
8.9 346
8.9167 350
8.9333 353
8.95 356
8.9667 360
8.9833 363
9.0 367
9.0167 369
9.0333 372
9.05 376
9.0667 379
9.0833 382
9.1 386
9.1167 389
9.1333 392
9.15 396
9.1667 399
9.1833 402
9.2 406
9.2167 409
9.2333 412
9.25 415
9.2667 419
9.2833 422
9.3 425
9.3167 428
9.3333 431
9.35 434
9.3667 438
9.3833 441
9.4 444
9.4167 447
9.4333 450
9.45 453
9.4667 456
9.4833 459
9.5 462
9.5167 466
9.5333 469
9.55 472
9.5667 475
9.5833 478
9.6 481
9.6167 484
9.6333 487
9.65 490
9.6667 492
9.6833 495
9.7 498
9.7167 501
9.7333 504
9.75 507
9.7667 510
9.7833 513
9.8 516
9.8167 518
9.8333 521
9.85 524
9.8667 527
9.8833 529
9.9 532
9.9167 535
9.9333 538
9.95 540
9.9667 543
9.9833 546
10.0 548
10.0167 551
10.0333 554
10.05 556
10.0667 559
10.0833 562
10.1 564
10.1167 567
10.1333 569
10.15 572
10.1667 574
10.1833 577
10.2 579
10.2167 582
10.2333 584
10.25 587
10.2667 589
10.2833 591
10.3 594
10.3167 596
10.3333 599
10.35 601
10.3667 603
10.3833 605
10.4 608
10.4167 610
10.4333 612
10.45 615
10.4667 617
10.4833 619
10.5 621
10.5167 623
10.5333 626
10.55 628
10.5667 630
10.5833 632
10.6 634
10.6167 636
10.6333 638
10.65 640
10.6667 642
10.6833 644
10.7 646
10.7167 648
10.7333 650
10.75 652
10.7667 654
10.7833 656
10.8 658
10.8167 660
10.8333 661
10.85 663
10.8667 665
10.8833 667
10.9 669
10.9167 670
10.9333 672
10.95 674
10.9667 676
10.9833 677
11.0 679
11.0167 681
11.0333 682
11.05 684
11.0667 685
11.0833 687
11.1 689
11.1167 690
11.1333 692
11.15 693
11.1667 695
11.1833 696
11.2 697
11.2167 699
11.2333 700
11.25 702
11.2667 703
11.2833 704
11.3 706
11.3167 707
11.3333 708
11.35 710
11.3667 711
11.3833 712
11.4 713
11.4167 715
11.4333 716
11.45 717
11.4667 718
11.4833 719
11.5 720
11.5167 721
11.5333 722
11.55 723
11.5667 725
11.5833 726
11.6 727
11.6167 727
11.6333 728
11.65 729
11.6667 730
11.6833 731
11.7 732
11.7167 733
11.7333 734
11.75 735
11.7667 735
11.7833 736
11.8 737
11.8167 738
11.8333 738
11.85 739
11.8667 740
11.8833 740
11.9 741
11.9167 742
11.9333 742
11.95 743
11.9667 743
11.9833 744
12.0 744
12.0167 745
12.0333 745
12.05 746
12.0667 746
12.0833 747
12.1 747
12.1167 747
12.1333 748
12.15 748
12.1667 749
12.1833 749
12.2 749
12.2167 749
12.2333 750
12.25 750
12.2667 750
12.2833 750
12.3 750
12.3167 751
12.3333 751
12.35 751
12.3667 751
12.3833 751
12.4 751
12.4167 751
12.4333 751
12.45 751
12.4667 751
12.4833 751
12.5 751
12.5167 751
12.5333 751
12.55 750
12.5667 750
12.5833 750
12.6 750
12.6167 750
12.6333 749
12.65 749
12.6667 749
12.6833 749
12.7 748
12.7167 748
12.7333 748
12.75 747
12.7667 747
12.7833 746
12.8 746
12.8167 746
12.8333 745
12.85 745
12.8667 744
12.8833 744
12.9 743
12.9167 742
12.9333 742
12.95 741
12.9667 741
12.9833 740
13.0 739
13.0167 739
13.0333 738
13.05 737
13.0667 736
13.0833 736
13.1 735
13.1167 734
13.1333 733
13.15 732
13.1667 731
13.1833 731
13.2 730
13.2167 729
13.2333 728
13.25 727
13.2667 726
13.2833 725
13.3 724
13.3167 723
13.3333 722
13.35 721
13.3667 719
13.3833 718
13.4 717
13.4167 716
13.4333 715
13.45 714
13.4667 713
13.4833 711
13.5 710
13.5167 709
13.5333 707
13.55 706
13.5667 705
13.5833 703
13.6 702
13.6167 701
13.6333 699
13.65 698
13.6667 696
13.6833 695
13.7 694
13.7167 692
13.7333 691
13.75 689
13.7667 687
13.7833 686
13.8 684
13.8167 683
13.8333 681
13.85 679
13.8667 678
13.8833 676
13.9 674
13.9167 673
13.9333 671
13.95 669
13.9667 667
13.9833 666
14.0 664
14.0167 662
14.0333 660
14.05 658
14.0667 656
14.0833 654
14.1 653
14.1167 651
14.1333 649
14.15 647
14.1667 645
14.1833 643
14.2 641
14.2167 639
14.2333 637
14.25 635
14.2667 632
14.2833 630
14.3 628
14.3167 626
14.3333 624
14.35 622
14.3667 620
14.3833 617
14.4 615
14.4167 613
14.4333 611
14.45 608
14.4667 606
14.4833 604
14.5 602
14.5167 599
14.5333 597
14.55 594
14.5667 592
14.5833 590
14.6 587
14.6167 585
14.6333 582
14.65 580
14.6667 577
14.6833 575
14.7 572
14.7167 570
14.7333 567
14.75 565
14.7667 562
14.7833 560
14.8 557
14.8167 554
14.8333 552
14.85 549
14.8667 547
14.8833 544
14.9 541
14.9167 538
14.9333 536
14.95 533
14.9667 530
14.9833 528
15.0 524
15.0167 521
15.0333 518
15.05 516
15.0667 513
15.0833 510
15.1 507
15.1167 504
15.1333 501
15.15 498
15.1667 496
15.1833 493
15.2 490
15.2167 487
15.2333 484
15.25 481
15.2667 478
15.2833 475
15.3 472
15.3167 469
15.3333 466
15.35 463
15.3667 460
15.3833 457
15.4 453
15.4167 450
15.4333 447
15.45 444
15.4667 441
15.4833 438
15.5 435
15.5167 432
15.5333 428
15.55 425
15.5667 422
15.5833 419
15.6 416
15.6167 412
15.6333 409
15.65 406
15.6667 403
15.6833 399
15.7 396
15.7167 393
15.7333 389
15.75 386
15.7667 383
15.7833 380
15.8 376
15.8167 373
15.8333 370
15.85 366
15.8667 363
15.8833 359
15.9 356
15.9167 353
15.9333 349
15.95 346
15.9667 342
15.9833 339
16.0 336
16.0167 332
16.0333 329
16.05 325
16.0667 322
16.0833 318
16.1 315
16.1167 311
16.1333 308
16.15 304
16.1667 301
16.1833 297
16.2 294
16.2167 290
16.2333 287
16.25 283
16.2667 280
16.2833 276
16.3 273
16.3167 269
16.3333 266
16.35 262
16.3667 259
16.3833 255
16.4 252
16.4167 248
16.4333 245
16.45 241
16.4667 238
16.4833 234
16.5 231
16.5167 227
16.5333 224
16.55 220
16.5667 217
16.5833 213
16.6 210
16.6167 206
16.6333 202
16.65 199
16.6667 195
16.6833 192
16.7 188
16.7167 185
16.7333 181
16.75 178
16.7667 175
16.7833 171
16.8 168
16.8167 164
16.8333 161
16.85 157
16.8667 154
16.8833 150
16.9 147
16.9167 144
16.9333 140
16.95 137
16.9667 134
16.9833 130
