8.0 114
8.0167 117
8.0333 121
8.05 123
8.0667 127
8.0833 130
8.1 133
8.1167 136
8.1333 140
8.15 143
8.1667 146
8.1833 149
8.2 153
8.2167 156
8.2333 159
8.25 163
8.2667 166
8.2833 169
8.3 173
8.3167 176
8.3333 179
8.35 183
8.3667 186
8.3833 189
8.4 193
8.4167 196
8.4333 200
8.45 203
8.4667 206
8.4833 210
8.5 213
8.5167 217
8.5333 220
8.55 223
8.5667 227
8.5833 230
8.6 233
8.6167 237
8.6333 240
8.65 244
8.6667 247
8.6833 250
8.7 254
8.7167 257
8.7333 260
8.75 264
8.7667 267
8.7833 271
8.8 274
8.8167 277
8.8333 281
8.85 284
8.8667 287
8.8833 291
8.9 294
8.9167 297
8.9333 301
8.95 304
8.9667 307
8.9833 311
9.0 314
9.0167 316
9.0333 320
9.05 323
9.0667 326
9.0833 330
9.1 333
9.1167 336
9.1333 339
9.15 342
9.1667 346
9.1833 349
9.2 352
9.2167 355
9.2333 359
9.25 362
9.2667 365
9.2833 368
9.3 371
9.3167 374
9.3333 377
9.35 381
9.3667 384
9.3833 387
9.4 390
9.4167 393
9.4333 396
9.45 399
9.4667 402
9.4833 405
9.5 408
9.5167 411
9.5333 414
9.55 417
9.5667 420
9.5833 423
9.6 426
9.6167 429
9.6333 432
9.65 435
9.6667 438
9.6833 441
9.7 444
9.7167 447
9.7333 450
9.75 452
9.7667 455
9.7833 458
9.8 461
9.8167 464
9.8333 467
9.85 469
9.8667 472
9.8833 475
9.9 478
9.9167 480
9.9333 483
9.95 486
9.9667 488
9.9833 491
10.0 494
10.0167 496
10.0333 499
10.05 502
10.0667 504
10.0833 507
10.1 509
10.1167 512
10.1333 515
10.15 517
10.1667 520
10.1833 522
10.2 525
10.2167 527
10.2333 530
10.25 532
10.2667 534
10.2833 537
10.3 539
10.3167 542
10.3333 544
10.35 546
10.3667 549
10.3833 551
10.4 553
10.4167 556
10.4333 558
10.45 560
10.4667 562
10.4833 565
10.5 567
10.5167 569
10.5333 571
10.55 573
10.5667 576
10.5833 578
10.6 580
10.6167 582
10.6333 584
10.65 586
10.6667 588
10.6833 590
10.7 592
10.7167 594
10.7333 596
10.75 598
10.7667 600
10.7833 602
10.8 604
10.8167 606
10.8333 608
10.85 609
10.8667 611
10.8833 613
10.9 615
10.9167 617
10.9333 619
10.95 620
10.9667 622
10.9833 624
11.0 625
11.0167 627
11.0333 629
11.05 630
11.0667 632
11.0833 634
11.1 635
11.1167 637
11.1333 638
11.15 640
11.1667 642
11.1833 643
11.2 645
11.2167 646
11.2333 647
11.25 649
11.2667 650
11.2833 652
11.3 653
11.3167 654
11.3333 656
11.35 657
11.3667 658
11.3833 660
11.4 661
11.4167 662
11.4333 663
11.45 665
11.4667 666
11.4833 667
11.5 668
11.5167 669
11.5333 671
11.55 672
11.5667 673
11.5833 674
11.6 675
11.6167 676
11.6333 677
11.65 678
11.6667 679
11.6833 680
11.7 681
11.7167 682
11.7333 683
11.75 683
11.7667 684
11.7833 685
11.8 686
11.8167 687
11.8333 687
11.85 688
11.8667 689
11.8833 690
11.9 690
11.9167 691
11.9333 692
11.95 692
11.9667 693
11.9833 694
12.0 694
12.0167 695
12.0333 695
12.05 696
12.0667 696
12.0833 697
12.1 697
12.1167 698
12.1333 698
12.15 699
12.1667 699
12.1833 699
12.2 700
12.2167 700
12.2333 700
12.25 701
12.2667 701
12.2833 701
12.3 701
12.3167 702
12.3333 702
12.35 702
12.3667 702
12.3833 702
12.4 703
12.4167 703
12.4333 703
12.45 703
12.4667 703
12.4833 703
12.5 703
12.5167 703
12.5333 703
12.55 703
12.5667 703
12.5833 703
12.6 702
12.6167 702
12.6333 702
12.65 702
12.6667 702
12.6833 702
12.7 701
12.7167 701
12.7333 701
12.75 701
12.7667 700
12.7833 700
12.8 700
12.8167 699
12.8333 699
12.85 698
12.8667 698
12.8833 698
12.9 697
12.9167 697
12.9333 696
12.95 696
12.9667 695
12.9833 694
13.0 694
13.0167 693
13.0333 693
13.05 692
13.0667 691
13.0833 691
13.1 690
13.1167 689
13.1333 689
13.15 688
13.1667 687
13.1833 686
13.2 685
13.2167 685
13.2333 684
13.25 683
13.2667 682
13.2833 681
13.3 680
13.3167 679
13.3333 678
13.35 677
13.3667 676
13.3833 675
13.4 674
13.4167 673
13.4333 672
13.45 671
13.4667 670
13.4833 669
13.5 668
13.5167 666
13.5333 665
13.55 664
13.5667 663
13.5833 662
13.6 660
13.6167 659
13.6333 658
13.65 656
13.6667 655
13.6833 654
13.7 652
13.7167 651
13.7333 649
13.75 648
13.7667 647
13.7833 645
13.8 644
13.8167 642
13.8333 641
13.85 639
13.8667 638
13.8833 636
13.9 634
13.9167 633
13.9333 631
13.95 630
13.9667 628
13.9833 626
14.0 624
14.0167 623
14.0333 621
14.05 619
14.0667 617
14.0833 616
14.1 614
14.1167 612
14.1333 610
14.15 608
14.1667 607
14.1833 605
14.2 603
14.2167 601
14.2333 599
14.25 597
14.2667 595
14.2833 593
14.3 591
14.3167 589
14.3333 587
14.35 585
14.3667 583
14.3833 581
14.4 579
14.4167 576
14.4333 574
14.45 572
14.4667 570
14.4833 568
14.5 566
14.5167 563
14.5333 561
14.55 559
14.5667 557
14.5833 554
14.6 552
14.6167 550
14.6333 547
14.65 545
14.6667 543
14.6833 540
14.7 538
14.7167 535
14.7333 533
14.75 531
14.7667 528
14.7833 526
14.8 523
14.8167 521
14.8333 518
14.85 516
14.8667 513
14.8833 511
14.9 508
14.9167 505
14.9333 503
14.95 500
14.9667 498
14.9833 495
15.0 492
15.0167 489
15.0333 487
15.05 484
15.0667 481
15.0833 478
15.1 476
15.1167 473
15.1333 470
15.15 467
15.1667 465
15.1833 462
15.2 459
15.2167 456
15.2333 453
15.25 451
15.2667 448
15.2833 445
15.3 442
15.3167 439
15.3333 436
15.35 433
15.3667 430
15.3833 427
15.4 424
15.4167 421
15.4333 418
15.45 415
15.4667 412
15.4833 409
15.5 406
15.5167 403
15.5333 400
15.55 397
15.5667 394
15.5833 391
15.6 388
15.6167 385
15.6333 382
15.65 379
15.6667 375
15.6833 372
15.7 369
15.7167 366
15.7333 363
15.75 360
15.7667 356
15.7833 353
15.8 350
15.8167 347
15.8333 344
15.85 340
15.8667 337
15.8833 334
15.9 331
15.9167 327
15.9333 324
15.95 321
15.9667 318
15.9833 314
16.0 311
16.0167 308
16.0333 304
16.05 301
16.0667 298
16.0833 294
16.1 291
16.1167 288
16.1333 284
16.15 281
16.1667 278
16.1833 274
16.2 271
16.2167 268
16.2333 264
16.25 261
16.2667 258
16.2833 254
16.3 251
16.3167 247
16.3333 244
16.35 241
16.3667 237
16.3833 234
16.4 231
16.4167 227
16.4333 224
16.45 220
16.4667 217
16.4833 214
16.5 210
16.5167 207
16.5333 204
16.55 200
16.5667 197
16.5833 193
16.6 190
16.6167 187
16.6333 183
16.65 180
16.6667 177
16.6833 173
16.7 170
16.7167 167
16.7333 163
16.75 160
16.7667 157
16.7833 153
16.8 150
16.8167 147
16.8333 144
16.85 140
16.8667 137
16.8833 134
16.9 130
16.9167 127
16.9333 124
16.95 121
16.9667 118
16.9833 115
