8.0 152
8.0167 155
8.0333 158
8.05 161
8.0667 164
8.0833 168
8.1 171
8.1167 174
8.1333 177
8.15 181
8.1667 184
8.1833 187
8.2 190
8.2167 194
8.2333 197
8.25 200
8.2667 204
8.2833 207
8.3 210
8.3167 214
8.3333 217
8.35 220
8.3667 224
8.3833 227
8.4 230
8.4167 234
8.4333 237
8.45 240
8.4667 244
8.4833 247
8.5 250
8.5167 254
8.5333 257
8.55 260
8.5667 264
8.5833 267
8.6 270
8.6167 274
8.6333 277
8.65 280
8.6667 284
8.6833 287
8.7 290
8.7167 294
8.7333 297
8.75 300
8.7667 304
8.7833 307
8.8 310
8.8167 314
8.8333 317
8.85 320
8.8667 324
8.8833 327
8.9 330
8.9167 333
8.9333 337
8.95 340
8.9667 343
8.9833 347
9.0 350
9.0167 352
9.0333 355
9.05 359
9.0667 362
9.0833 365
9.1 368
9.1167 372
9.1333 375
9.15 378
9.1667 381
9.1833 384
9.2 387
9.2167 391
9.2333 394
9.25 397
9.2667 400
9.2833 403
9.3 406
9.3167 409
9.3333 412
9.35 415
9.3667 419
9.3833 422
9.4 425
9.4167 428
9.4333 431
9.45 434
9.4667 437
9.4833 440
9.5 443
9.5167 446
9.5333 449
9.55 452
9.5667 455
9.5833 458
9.6 460
9.6167 463
9.6333 466
9.65 469
9.6667 472
9.6833 475
9.7 478
9.7167 481
9.7333 483
9.75 486
9.7667 489
9.7833 492
9.8 494
9.8167 497
9.8333 500
9.85 503
9.8667 505
9.8833 508
9.9 511
9.9167 514
9.9333 516
9.95 519
9.9667 521
9.9833 524
10.0 527
10.0167 529
10.0333 532
10.05 534
10.0667 537
10.0833 540
10.1 542
10.1167 545
10.1333 547
10.15 550
10.1667 552
10.1833 554
10.2 557
10.2167 559
10.2333 562
10.25 564
10.2667 566
10.2833 569
10.3 571
10.3167 573
10.3333 576
10.35 578
10.3667 580
10.3833 583
10.4 585
10.4167 587
10.4333 589
10.45 591
10.4667 594
10.4833 596
10.5 598
10.5167 600
10.5333 602
10.55 604
10.5667 606
10.5833 608
10.6 611
10.6167 613
10.6333 615
10.65 617
10.6667 619
10.6833 621
10.7 623
10.7167 624
10.7333 626
10.75 628
10.7667 630
10.7833 632
10.8 634
10.8167 636
10.8333 637
10.85 639
10.8667 641
10.8833 643
10.9 645
10.9167 646
10.9333 648
10.95 650
10.9667 651
10.9833 653
11.0 655
11.0167 656
11.0333 658
11.05 659
11.0667 661
11.0833 663
11.1 664
11.1167 666
11.1333 667
11.15 669
11.1667 670
11.1833 671
11.2 673
11.2167 674
11.2333 676
11.25 677
11.2667 678
11.2833 680
11.3 681
11.3167 682
11.3333 684
11.35 685
11.3667 686
11.3833 687
11.4 688
11.4167 690
11.4333 691
11.45 692
11.4667 693
11.4833 694
11.5 695
11.5167 696
11.5333 697
11.55 698
11.5667 699
11.5833 700
11.6 701
11.6167 702
11.6333 703
11.65 704
11.6667 705
11.6833 706
11.7 707
11.7167 708
11.7333 708
11.75 709
11.7667 710
11.7833 711
11.8 711
11.8167 712
11.8333 713
11.85 714
11.8667 714
11.8833 715
11.9 715
11.9167 716
11.9333 717
11.95 717
11.9667 718
11.9833 718
12.0 719
12.0167 719
12.0333 720
12.05 720
12.0667 721
12.0833 721
12.1 721
12.1167 722
12.1333 722
12.15 722
12.1667 723
12.1833 723
12.2 723
12.2167 723
12.2333 724
12.25 724
12.2667 724
12.2833 724
12.3 724
12.3167 725
12.3333 725
12.35 725
12.3667 725
12.3833 725
12.4 725
12.4167 725
12.4333 725
12.45 725
12.4667 725
12.4833 725
12.5 725
12.5167 725
12.5333 724
12.55 724
12.5667 724
12.5833 724
12.6 724
12.6167 723
12.6333 723
12.65 723
12.6667 723
12.6833 722
12.7 722
12.7167 722
12.7333 721
12.75 721
12.7667 721
12.7833 720
12.8 720
12.8167 719
12.8333 719
12.85 718
12.8667 718
12.8833 717
12.9 717
12.9167 716
12.9333 715
12.95 715
12.9667 714
12.9833 714
13.0 713
13.0167 712
13.0333 711
13.05 711
13.0667 710
13.0833 709
13.1 708
13.1167 708
13.1333 707
13.15 706
13.1667 705
13.1833 704
13.2 703
13.2167 702
13.2333 701
13.25 700
13.2667 699
13.2833 698
13.3 697
13.3167 696
13.3333 695
13.35 694
13.3667 693
13.3833 692
13.4 691
13.4167 690
13.4333 688
13.45 687
13.4667 686
13.4833 685
13.5 684
13.5167 682
13.5333 681
13.55 680
13.5667 678
13.5833 677
13.6 676
13.6167 674
13.6333 673
13.65 671
13.6667 670
13.6833 669
13.7 667
13.7167 666
13.7333 664
13.75 662
13.7667 661
13.7833 659
13.8 658
13.8167 656
13.8333 655
13.85 653
13.8667 651
13.8833 650
13.9 648
13.9167 646
13.9333 644
13.95 643
13.9667 641
13.9833 639
14.0 637
14.0167 636
14.0333 634
14.05 632
14.0667 630
14.0833 628
14.1 626
14.1167 624
14.1333 622
14.15 620
14.1667 618
14.1833 617
14.2 615
14.2167 612
14.2333 610
14.25 608
14.2667 606
14.2833 604
14.3 602
14.3167 600
14.3333 598
14.35 596
14.3667 594
14.3833 591
14.4 589
14.4167 587
14.4333 585
14.45 582
14.4667 580
14.4833 578
14.5 576
14.5167 573
14.5333 571
14.55 569
14.5667 566
14.5833 564
14.6 562
14.6167 559
14.6333 557
14.65 554
14.6667 552
14.6833 549
14.7 547
14.7167 544
14.7333 542
14.75 539
14.7667 537
14.7833 534
14.8 532
14.8167 529
14.8333 527
14.85 524
14.8667 521
14.8833 519
14.9 516
14.9167 513
14.9333 511
14.95 508
14.9667 505
14.9833 503
15.0 499
15.0167 496
15.0333 494
15.05 491
15.0667 488
15.0833 485
15.1 482
15.1167 480
15.1333 477
15.15 474
15.1667 471
15.1833 468
15.2 465
15.2167 462
15.2333 459
15.25 457
15.2667 454
15.2833 451
15.3 448
15.3167 445
15.3333 442
15.35 439
15.3667 436
15.3833 433
15.4 430
15.4167 427
15.4333 424
15.45 421
15.4667 418
15.4833 415
15.5 411
15.5167 408
15.5333 405
15.55 402
15.5667 399
15.5833 396
15.6 393
15.6167 390
15.6333 387
15.65 383
15.6667 380
15.6833 377
15.7 374
15.7167 371
15.7333 367
15.75 364
15.7667 361
15.7833 358
15.8 355
15.8167 351
15.8333 348
15.85 345
15.8667 342
15.8833 338
15.9 335
15.9167 332
15.9333 329
15.95 325
15.9667 322
15.9833 319
16.0 315
16.0167 312
16.0333 309
16.05 305
16.0667 302
16.0833 299
16.1 295
16.1167 292
16.1333 289
16.15 285
16.1667 282
16.1833 279
16.2 275
16.2167 272
16.2333 269
16.25 265
16.2667 262
16.2833 259
16.3 255
16.3167 252
16.3333 249
16.35 245
16.3667 242
16.3833 239
16.4 235
16.4167 232
16.4333 229
16.45 225
16.4667 222
16.4833 219
16.5 215
16.5167 212
16.5333 209
16.55 205
16.5667 202
16.5833 199
16.6 196
16.6167 192
16.6333 189
16.65 186
16.6667 182
16.6833 179
16.7 176
16.7167 173
16.7333 169
16.75 166
16.7667 163
16.7833 160
16.8 157
16.8167 153
16.8333 150
16.85 147
16.8667 144
16.8833 141
16.9 138
16.9167 135
16.9333 131
16.95 128
16.9667 125
16.9833 122
