8.0 163
8.0167 167
8.0333 170
8.05 174
8.0667 177
8.0833 181
8.1 184
8.1167 188
8.1333 191
8.15 195
8.1667 198
8.1833 202
8.2 205
8.2167 209
8.2333 212
8.25 216
8.2667 219
8.2833 223
8.3 227
8.3167 230
8.3333 234
8.35 237
8.3667 241
8.3833 244
8.4 248
8.4167 251
8.4333 255
8.45 258
8.4667 262
8.4833 266
8.5 269
8.5167 273
8.5333 276
8.55 280
8.5667 283
8.5833 287
8.6 290
8.6167 294
8.6333 297
8.65 301
8.6667 304
8.6833 308
8.7 311
8.7167 315
8.7333 318
8.75 322
8.7667 325
8.7833 329
8.8 332
8.8167 336
8.8333 339
8.85 343
8.8667 346
8.8833 350
8.9 353
8.9167 356
8.9333 360
8.95 363
8.9667 367
8.9833 370
9.0 373
9.0167 376
9.0333 379
9.05 383
9.0667 386
9.0833 389
9.1 393
9.1167 396
9.1333 399
9.15 403
9.1667 406
9.1833 409
9.2 413
9.2167 416
9.2333 419
9.25 422
9.2667 426
9.2833 429
9.3 432
9.3167 435
9.3333 438
9.35 442
9.3667 445
9.3833 448
9.4 451
9.4167 454
9.4333 457
9.45 460
9.4667 463
9.4833 467
9.5 470
9.5167 473
9.5333 476
9.55 479
9.5667 482
9.5833 485
9.6 488
9.6167 491
9.6333 494
9.65 497
9.6667 500
9.6833 503
9.7 506
9.7167 508
9.7333 511
9.75 514
9.7667 517
9.7833 520
9.8 523
9.8167 526
9.8333 528
9.85 531
9.8667 534
9.8833 537
9.9 540
9.9167 542
9.9333 545
9.95 548
9.9667 550
9.9833 553
10.0 556
10.0167 558
10.0333 561
10.05 564
10.0667 566
10.0833 569
10.1 571
10.1167 574
10.1333 577
10.15 579
10.1667 582
10.1833 584
10.2 587
10.2167 589
10.2333 592
10.25 594
10.2667 596
10.2833 599
10.3 601
10.3167 604
10.3333 606
10.35 608
10.3667 611
10.3833 613
10.4 615
10.4167 617
10.4333 620
10.45 622
10.4667 624
10.4833 626
10.5 629
10.5167 631
10.5333 633
10.55 635
10.5667 637
10.5833 639
10.6 641
10.6167 643
10.6333 646
10.65 648
10.6667 650
10.6833 652
10.7 654
10.7167 656
10.7333 657
10.75 659
10.7667 661
10.7833 663
10.8 665
10.8167 667
10.8333 669
10.85 671
10.8667 672
10.8833 674
10.9 676
10.9167 678
10.9333 680
10.95 681
10.9667 683
10.9833 685
11.0 686
11.0167 688
11.0333 690
11.05 691
11.0667 693
11.0833 694
11.1 696
11.1167 697
11.1333 699
11.15 700
11.1667 702
11.1833 703
11.2 705
11.2167 706
11.2333 708
11.25 709
11.2667 710
11.2833 712
11.3 713
11.3167 714
11.3333 716
11.35 717
11.3667 718
11.3833 720
11.4 721
11.4167 722
11.4333 723
11.45 724
11.4667 725
11.4833 727
11.5 728
11.5167 729
11.5333 730
11.55 731
11.5667 732
11.5833 733
11.6 734
11.6167 735
11.6333 736
11.65 737
11.6667 738
11.6833 739
11.7 739
11.7167 740
11.7333 741
11.75 742
11.7667 743
11.7833 743
11.8 744
11.8167 745
11.8333 746
11.85 746
11.8667 747
11.8833 748
11.9 748
11.9167 749
11.9333 750
11.95 750
11.9667 751
11.9833 751
12.0 752
12.0167 752
12.0333 753
12.05 753
12.0667 754
12.0833 754
12.1 754
12.1167 755
12.1333 755
12.15 755
12.1667 756
12.1833 756
12.2 756
12.2167 757
12.2333 757
12.25 757
12.2667 757
12.2833 757
12.3 758
12.3167 758
12.3333 758
12.35 758
12.3667 758
12.3833 758
12.4 758
12.4167 758
12.4333 758
12.45 758
12.4667 758
12.4833 758
12.5 758
12.5167 758
12.5333 758
12.55 758
12.5667 757
12.5833 757
12.6 757
12.6167 757
12.6333 757
12.65 756
12.6667 756
12.6833 756
12.7 755
12.7167 755
12.7333 755
12.75 754
12.7667 754
12.7833 753
12.8 753
12.8167 753
12.8333 752
12.85 752
12.8667 751
12.8833 751
12.9 750
12.9167 749
12.9333 749
12.95 748
12.9667 748
12.9833 747
13.0 746
13.0167 745
13.0333 745
13.05 744
13.0667 743
13.0833 743
13.1 742
13.1167 741
13.1333 740
13.15 739
13.1667 738
13.1833 737
13.2 737
13.2167 736
13.2333 735
13.25 734
13.2667 733
13.2833 732
13.3 731
13.3167 730
13.3333 729
13.35 727
13.3667 726
13.3833 725
13.4 724
13.4167 723
13.4333 722
13.45 720
13.4667 719
13.4833 718
13.5 717
13.5167 715
13.5333 714
13.55 713
13.5667 712
13.5833 710
13.6 709
13.6167 707
13.6333 706
13.65 705
13.6667 703
13.6833 702
13.7 700
13.7167 699
13.7333 697
13.75 696
13.7667 694
13.7833 692
13.8 691
13.8167 689
13.8333 688
13.85 686
13.8667 684
13.8833 683
13.9 681
13.9167 679
13.9333 677
13.95 676
13.9667 674
13.9833 672
14.0 670
14.0167 668
14.0333 667
14.05 665
14.0667 663
14.0833 661
14.1 659
14.1167 657
14.1333 655
14.15 653
14.1667 651
14.1833 649
14.2 647
14.2167 645
14.2333 643
14.25 641
14.2667 639
14.2833 637
14.3 635
14.3167 632
14.3333 630
14.35 628
14.3667 626
14.3833 624
14.4 621
14.4167 619
14.4333 617
14.45 615
14.4667 612
14.4833 610
14.5 608
14.5167 605
14.5333 603
14.55 601
14.5667 598
14.5833 596
14.6 593
14.6167 591
14.6333 588
14.65 586
14.6667 584
14.6833 581
14.7 578
14.7167 576
14.7333 573
14.75 571
14.7667 568
14.7833 566
14.8 563
14.8167 560
14.8333 558
14.85 555
14.8667 552
14.8833 550
14.9 547
14.9167 544
14.9333 542
14.95 539
14.9667 536
14.9833 533
15.0 530
15.0167 527
15.0333 524
15.05 521
15.0667 519
15.0833 516
15.1 513
15.1167 510
15.1333 507
15.15 504
15.1667 501
15.1833 498
15.2 495
15.2167 492
15.2333 489
15.25 486
15.2667 483
15.2833 480
15.3 477
15.3167 474
15.3333 471
15.35 468
15.3667 465
15.3833 462
15.4 459
15.4167 456
15.4333 453
15.45 450
15.4667 446
15.4833 443
15.5 440
15.5167 437
15.5333 434
15.55 431
15.5667 427
15.5833 424
15.6 421
15.6167 418
15.6333 414
15.65 411
15.6667 408
15.6833 405
15.7 401
15.7167 398
15.7333 395
15.75 391
15.7667 388
15.7833 385
15.8 381
15.8167 378
15.8333 375
15.85 371
15.8667 368
15.8833 364
15.9 361
15.9167 358
15.9333 354
15.95 351
15.9667 347
15.9833 344
16.0 340
16.0167 337
16.0333 334
16.05 330
16.0667 327
16.0833 323
16.1 320
16.1167 316
16.1333 313
16.15 309
16.1667 306
16.1833 302
16.2 299
16.2167 295
16.2333 292
16.25 288
16.2667 285
16.2833 281
16.3 278
16.3167 274
16.3333 270
16.35 267
16.3667 263
16.3833 260
16.4 256
16.4167 253
16.4333 249
16.45 246
16.4667 242
16.4833 239
16.5 235
16.5167 231
16.5333 228
16.55 224
16.5667 221
16.5833 217
16.6 214
16.6167 210
16.6333 207
16.65 203
16.6667 200
16.6833 196
16.7 193
16.7167 189
16.7333 185
16.75 182
16.7667 178
16.7833 175
16.8 172
16.8167 168
16.8333 165
16.85 161
16.8667 158
16.8833 154
16.9 151
16.9167 147
16.9333 144
16.95 141
16.9667 137
16.9833 134
