8.0 65
8.0167 67
8.0333 70
8.05 72
8.0667 74
8.0833 77
8.1 79
8.1167 82
8.1333 85
8.15 87
8.1667 90
8.1833 92
8.2 95
8.2167 98
8.2333 100
8.25 103
8.2667 106
8.2833 109
8.3 111
8.3167 114
8.3333 117
8.35 120
8.3667 123
8.3833 125
8.4 128
8.4167 131
8.4333 134
8.45 137
8.4667 140
8.4833 143
8.5 146
8.5167 149
8.5333 152
8.55 155
8.5667 158
8.5833 161
8.6 164
8.6167 167
8.6333 170
8.65 173
8.6667 176
8.6833 179
8.7 182
8.7167 185
8.7333 188
8.75 191
8.7667 194
8.7833 197
8.8 200
8.8167 203
8.8333 206
8.85 209
8.8667 212
8.8833 215
8.9 218
8.9167 221
8.9333 224
8.95 227
8.9667 230
8.9833 233
9.0 236
9.0167 239
9.0333 242
9.05 245
9.0667 248
9.0833 251
9.1 254
9.1167 257
9.1333 260
9.15 263
9.1667 266
9.1833 269
9.2 272
9.2167 275
9.2333 278
9.25 281
9.2667 285
9.2833 287
9.3 291
9.3167 293
9.3333 296
9.35 299
9.3667 302
9.3833 305
9.4 308
9.4167 311
9.4333 314
9.45 317
9.4667 320
9.4833 323
9.5 326
9.5167 329
9.5333 332
9.55 335
9.5667 338
9.5833 340
9.6 343
9.6167 346
9.6333 349
9.65 352
9.6667 355
9.6833 358
9.7 360
9.7167 363
9.7333 366
9.75 369
9.7667 372
9.7833 374
9.8 377
9.8167 380
9.8333 383
9.85 385
9.8667 388
9.8833 391
9.9 393
9.9167 396
9.9333 399
9.95 401
9.9667 404
9.9833 407
10.0 409
10.0167 412
10.0333 415
10.05 417
10.0667 420
10.0833 422
10.1 425
10.1167 427
10.1333 430
10.15 433
10.1667 435
10.1833 438
10.2 440
10.2167 442
10.2333 445
10.25 447
10.2667 450
10.2833 452
10.3 455
10.3167 457
10.3333 459
10.35 462
10.3667 464
10.3833 466
10.4 469
10.4167 471
10.4333 473
10.45 476
10.4667 478
10.4833 480
10.5 482
10.5167 485
10.5333 487
10.55 489
10.5667 491
10.5833 493
10.6 496
10.6167 498
10.6333 500
10.65 502
10.6667 504
10.6833 506
10.7 508
10.7167 510
10.7333 512
10.75 514
10.7667 516
10.7833 518
10.8 520
10.8167 522
10.8333 524
10.85 526
10.8667 528
10.8833 530
10.9 532
10.9167 534
10.9333 535
10.95 537
10.9667 539
10.9833 541
11.0 543
11.0167 544
11.0333 546
11.05 548
11.0667 549
11.0833 551
11.1 553
11.1167 555
11.1333 556
11.15 558
11.1667 559
11.1833 561
11.2 563
11.2167 564
11.2333 566
11.25 567
11.2667 569
11.2833 570
11.3 572
11.3167 573
11.3333 575
11.35 576
11.3667 577
11.3833 579
11.4 580
11.4167 581
11.4333 583
11.45 584
11.4667 585
11.4833 587
11.5 588
11.5167 589
11.5333 590
11.55 592
11.5667 593
11.5833 594
11.6 595
11.6167 596
11.6333 597
11.65 598
11.6667 600
11.6833 601
11.7 602
11.7167 603
11.7333 604
11.75 605
11.7667 606
11.7833 607
11.8 608
11.8167 608
11.8333 609
11.85 610
11.8667 611
11.8833 612
11.9 613
11.9167 614
11.9333 614
11.95 615
11.9667 616
11.9833 617
12.0 617
12.0167 618
12.0333 619
12.05 619
12.0667 620
12.0833 621
12.1 621
12.1167 622
12.1333 622
12.15 623
12.1667 624
12.1833 624
12.2 625
12.2167 625
12.2333 625
12.25 626
12.2667 626
12.2833 627
12.3 627
12.3167 627
12.3333 628
12.35 628
12.3667 628
12.3833 629
12.4 629
12.4167 629
12.4333 629
12.45 630
12.4667 630
12.4833 630
12.5 630
12.5167 630
12.5333 630
12.55 630
12.5667 631
12.5833 631
12.6 631
12.6167 631
12.6333 631
12.65 631
12.6667 631
12.6833 631
12.7 630
12.7167 630
12.7333 630
12.75 630
12.7667 630
12.7833 630
12.8 630
12.8167 629
12.8333 629
12.85 629
12.8667 629
12.8833 628
12.9 628
12.9167 628
12.9333 627
12.95 627
12.9667 627
12.9833 626
13.0 626
13.0167 625
13.0333 625
13.05 625
13.0667 624
13.0833 624
13.1 623
13.1167 622
13.1333 622
13.15 621
13.1667 621
13.1833 620
13.2 619
13.2167 619
13.2333 618
13.25 617
13.2667 617
13.2833 616
13.3 615
13.3167 614
13.3333 614
13.35 613
13.3667 612
13.3833 611
13.4 610
13.4167 609
13.4333 609
13.45 608
13.4667 607
13.4833 606
13.5 605
13.5167 604
13.5333 603
13.55 602
13.5667 601
13.5833 600
13.6 599
13.6167 597
13.6333 596
13.65 595
13.6667 594
13.6833 593
13.7 592
13.7167 590
13.7333 589
13.75 588
13.7667 587
13.7833 585
13.8 584
13.8167 583
13.8333 582
13.85 580
13.8667 579
13.8833 577
13.9 576
13.9167 575
13.9333 573
13.95 572
13.9667 570
13.9833 569
14.0 567
14.0167 566
14.0333 564
14.05 563
14.0667 561
14.0833 560
14.1 558
14.1167 556
14.1333 555
14.15 553
14.1667 551
14.1833 550
14.2 548
14.2167 546
14.2333 544
14.25 543
14.2667 541
14.2833 539
14.3 537
14.3167 535
14.3333 534
14.35 532
14.3667 530
14.3833 528
14.4 526
14.4167 524
14.4333 522
14.45 520
14.4667 518
14.4833 516
14.5 514
14.5167 512
14.5333 510
14.55 508
14.5667 506
14.5833 504
14.6 502
14.6167 500
14.6333 498
14.65 496
14.6667 494
14.6833 491
14.7 489
14.7167 487
14.7333 485
14.75 483
14.7667 480
14.7833 478
14.8 476
14.8167 474
14.8333 471
14.85 469
14.8667 467
14.8833 464
14.9 462
14.9167 460
14.9333 457
14.95 455
14.9667 452
14.9833 450
15.0 448
15.0167 445
15.0333 443
15.05 440
15.0667 438
15.0833 435
15.1 433
15.1167 430
15.1333 428
15.15 425
15.1667 423
15.1833 420
15.2 418
15.2167 415
15.2333 412
15.25 410
15.2667 407
15.2833 405
15.3 402
15.3167 399
15.3333 397
15.35 394
15.3667 391
15.3833 388
15.4 386
15.4167 383
15.4333 380
15.45 378
15.4667 375
15.4833 372
15.5 369
15.5167 366
15.5333 364
15.55 361
15.5667 358
15.5833 355
15.6 352
15.6167 350
15.6333 347
15.65 344
15.6667 341
15.6833 338
15.7 335
15.7167 332
15.7333 329
15.75 326
15.7667 324
15.7833 321
15.8 318
15.8167 315
15.8333 312
15.85 309
15.8667 306
15.8833 303
15.9 300
15.9167 297
15.9333 294
15.95 291
15.9667 288
15.9833 285
16.0 282
16.0167 279
16.0333 276
16.05 273
16.0667 270
16.0833 267
16.1 264
16.1167 261
16.1333 258
16.15 255
16.1667 252
16.1833 249
16.2 246
16.2167 243
16.2333 240
16.25 236
16.2667 233
16.2833 230
16.3 227
16.3167 224
16.3333 221
16.35 218
16.3667 215
16.3833 212
16.4 209
16.4167 206
16.4333 203
16.45 200
16.4667 197
16.4833 194
16.5 191
16.5167 188
16.5333 185
16.55 182
16.5667 179
16.5833 176
16.6 173
16.6167 170
16.6333 167
16.65 164
16.6667 161
16.6833 158
16.7 155
16.7167 152
16.7333 149
16.75 146
16.7667 143
16.7833 140
16.8 137
16.8167 134
16.8333 131
16.85 128
16.8667 126
16.8833 123
16.9 120
16.9167 117
16.9333 114
16.95 111
16.9667 109
16.9833 106
