8.0 71
8.0167 74
8.0333 77
8.05 80
8.0667 82
8.0833 85
8.1 88
8.1167 91
8.1333 94
8.15 97
8.1667 100
8.1833 103
8.2 106
8.2167 109
8.2333 112
8.25 116
8.2667 119
8.2833 122
8.3 125
8.3167 128
8.3333 131
8.35 134
8.3667 138
8.3833 141
8.4 144
8.4167 147
8.4333 151
8.45 154
8.4667 157
8.4833 160
8.5 164
8.5167 167
8.5333 170
8.55 174
8.5667 177
8.5833 180
8.6 183
8.6167 187
8.6333 190
8.65 193
8.6667 197
8.6833 200
8.7 203
8.7167 207
8.7333 210
8.75 213
8.7667 217
8.7833 220
8.8 223
8.8167 227
8.8333 230
8.85 233
8.8667 237
8.8833 240
8.9 243
8.9167 247
8.9333 250
8.95 253
8.9667 257
8.9833 260
9.0 263
9.0167 266
9.0333 269
9.05 273
9.0667 276
9.0833 279
9.1 283
9.1167 286
9.1333 289
9.15 292
9.1667 296
9.1833 299
9.2 302
9.2167 305
9.2333 309
9.25 312
9.2667 315
9.2833 318
9.3 322
9.3167 325
9.3333 328
9.35 331
9.3667 334
9.3833 337
9.4 341
9.4167 344
9.4333 347
9.45 350
9.4667 353
9.4833 356
9.5 359
9.5167 363
9.5333 366
9.55 369
9.5667 372
9.5833 375
9.6 378
9.6167 381
9.6333 384
9.65 387
9.6667 390
9.6833 393
9.7 396
9.7167 399
9.7333 402
9.75 405
9.7667 408
9.7833 411
9.8 414
9.8167 416
9.8333 419
9.85 422
9.8667 425
9.8833 428
9.9 431
9.9167 434
9.9333 436
9.95 439
9.9667 442
9.9833 445
10.0 448
10.0167 450
10.0333 453
10.05 456
10.0667 459
10.0833 461
10.1 464
10.1167 467
10.1333 469
10.15 472
10.1667 475
10.1833 477
10.2 480
10.2167 483
10.2333 485
10.25 488
10.2667 490
10.2833 493
10.3 495
10.3167 498
10.3333 500
10.35 503
10.3667 505
10.3833 508
10.4 510
10.4167 513
10.4333 515
10.45 517
10.4667 520
10.4833 522
10.5 524
10.5167 527
10.5333 529
10.55 531
10.5667 534
10.5833 536
10.6 538
10.6167 541
10.6333 543
10.65 545
10.6667 547
10.6833 549
10.7 551
10.7167 554
10.7333 556
10.75 558
10.7667 560
10.7833 562
10.8 564
10.8167 566
10.8333 568
10.85 570
10.8667 572
10.8833 574
10.9 576
10.9167 578
10.9333 580
10.95 582
10.9667 584
10.9833 586
11.0 588
11.0167 589
11.0333 591
11.05 593
11.0667 595
11.0833 597
11.1 598
11.1167 600
11.1333 602
11.15 604
11.1667 605
11.1833 607
11.2 609
11.2167 610
11.2333 612
11.25 614
11.2667 615
11.2833 617
11.3 618
11.3167 620
11.3333 621
11.35 623
11.3667 624
11.3833 626
11.4 627
11.4167 629
11.4333 630
11.45 631
11.4667 633
11.4833 634
11.5 636
11.5167 637
11.5333 638
11.55 639
11.5667 641
11.5833 642
11.6 643
11.6167 644
11.6333 646
11.65 647
11.6667 648
11.6833 649
11.7 650
11.7167 651
11.7333 652
11.75 653
11.7667 654
11.7833 655
11.8 657
11.8167 657
11.8333 658
11.85 659
11.8667 660
11.8833 661
11.9 662
11.9167 663
11.9333 664
11.95 665
11.9667 666
11.9833 666
12.0 667
12.0167 668
12.0333 669
12.05 669
12.0667 670
12.0833 671
12.1 671
12.1167 672
12.1333 673
12.15 673
12.1667 674
12.1833 674
12.2 675
12.2167 676
12.2333 676
12.25 677
12.2667 677
12.2833 677
12.3 678
12.3167 678
12.3333 679
12.35 679
12.3667 679
12.3833 680
12.4 680
12.4167 680
12.4333 681
12.45 681
12.4667 681
12.4833 681
12.5 682
12.5167 682
12.5333 682
12.55 682
12.5667 682
12.5833 682
12.6 682
12.6167 682
12.6333 683
12.65 683
12.6667 683
12.6833 683
12.7 683
12.7167 682
12.7333 682
12.75 682
12.7667 682
12.7833 682
12.8 682
12.8167 682
12.8333 682
12.85 681
12.8667 681
12.8833 681
12.9 681
12.9167 680
12.9333 680
12.95 680
12.9667 679
12.9833 679
13.0 679
13.0167 678
13.0333 678
13.05 677
13.0667 677
13.0833 677
13.1 676
13.1167 676
13.1333 675
13.15 674
13.1667 674
13.1833 673
13.2 673
13.2167 672
13.2333 671
13.25 671
13.2667 670
13.2833 669
13.3 669
13.3167 668
13.3333 667
13.35 666
13.3667 666
13.3833 665
13.4 664
13.4167 663
13.4333 662
13.45 661
13.4667 660
13.4833 659
13.5 658
13.5167 658
13.5333 657
13.55 656
13.5667 654
13.5833 653
13.6 652
13.6167 651
13.6333 650
13.65 649
13.6667 648
13.6833 647
13.7 646
13.7167 644
13.7333 643
13.75 642
13.7667 641
13.7833 639
13.8 638
13.8167 637
13.8333 636
13.85 634
13.8667 633
13.8833 632
13.9 630
13.9167 629
13.9333 627
13.95 626
13.9667 624
13.9833 623
14.0 621
14.0167 620
14.0333 618
14.05 617
14.0667 615
14.0833 614
14.1 612
14.1167 610
14.1333 609
14.15 607
14.1667 605
14.1833 604
14.2 602
14.2167 600
14.2333 599
14.25 597
14.2667 595
14.2833 593
14.3 591
14.3167 590
14.3333 588
14.35 586
14.3667 584
14.3833 582
14.4 580
14.4167 578
14.4333 576
14.45 574
14.4667 572
14.4833 570
14.5 568
14.5167 566
14.5333 564
14.55 562
14.5667 560
14.5833 558
14.6 556
14.6167 554
14.6333 552
14.65 549
14.6667 547
14.6833 545
14.7 543
14.7167 541
14.7333 538
14.75 536
14.7667 534
14.7833 532
14.8 529
14.8167 527
14.8333 525
14.85 522
14.8667 520
14.8833 517
14.9 515
14.9167 513
14.9333 510
14.95 508
14.9667 505
14.9833 503
15.0 501
15.0167 498
15.0333 496
15.05 493
15.0667 491
15.0833 488
15.1 486
15.1167 483
15.1333 480
15.15 478
15.1667 475
15.1833 472
15.2 470
15.2167 467
15.2333 464
15.25 462
15.2667 459
15.2833 456
15.3 454
15.3167 451
15.3333 448
15.35 445
15.3667 443
15.3833 440
15.4 437
15.4167 434
15.4333 431
15.45 428
15.4667 426
15.4833 423
15.5 420
15.5167 417
15.5333 414
15.55 411
15.5667 408
15.5833 405
15.6 402
15.6167 399
15.6333 396
15.65 393
15.6667 390
15.6833 387
15.7 384
15.7167 381
15.7333 378
15.75 375
15.7667 372
15.7833 369
15.8 366
15.8167 363
15.8333 360
15.85 357
15.8667 354
15.8833 351
15.9 347
15.9167 344
15.9333 341
15.95 338
15.9667 335
15.9833 332
16.0 328
16.0167 325
16.0333 322
16.05 319
16.0667 316
16.0833 312
16.1 309
16.1167 306
16.1333 303
16.15 299
16.1667 296
16.1833 293
16.2 290
16.2167 286
16.2333 283
16.25 280
16.2667 277
16.2833 273
16.3 270
16.3167 267
16.3333 263
16.35 260
16.3667 257
16.3833 253
16.4 250
16.4167 247
16.4333 244
16.45 240
16.4667 237
16.4833 234
16.5 230
16.5167 227
16.5333 224
16.55 220
16.5667 217
16.5833 214
16.6 210
16.6167 207
16.6333 204
16.65 200
16.6667 197
16.6833 194
16.7 190
16.7167 187
16.7333 184
16.75 180
16.7667 177
16.7833 174
16.8 170
16.8167 167
16.8333 164
16.85 161
16.8667 157
16.8833 154
16.9 151
16.9167 147
16.9333 144
16.95 141
16.9667 138
16.9833 135
