8.0 74
8.0167 77
8.0333 80
8.05 82
8.0667 85
8.0833 88
8.1 91
8.1167 94
8.1333 97
8.15 100
8.1667 103
8.1833 106
8.2 109
8.2167 112
8.2333 116
8.25 119
8.2667 122
8.2833 125
8.3 128
8.3167 131
8.3333 134
8.35 138
8.3667 141
8.3833 144
8.4 147
8.4167 151
8.4333 154
8.45 157
8.4667 160
8.4833 164
8.5 167
8.5167 170
8.5333 174
8.55 177
8.5667 180
8.5833 183
8.6 187
8.6167 190
8.6333 193
8.65 197
8.6667 200
8.6833 203
8.7 207
8.7167 210
8.7333 213
8.75 217
8.7667 220
8.7833 223
8.8 227
8.8167 230
8.8333 233
8.85 237
8.8667 240
8.8833 243
8.9 247
8.9167 250
8.9333 253
8.95 257
8.9667 260
8.9833 263
9.0 267
9.0167 269
9.0333 273
9.05 276
9.0667 279
9.0833 283
9.1 286
9.1167 289
9.1333 292
9.15 296
9.1667 299
9.1833 302
9.2 305
9.2167 309
9.2333 312
9.25 315
9.2667 318
9.2833 321
9.3 325
9.3167 328
9.3333 331
9.35 334
9.3667 337
9.3833 341
9.4 344
9.4167 347
9.4333 350
9.45 353
9.4667 356
9.4833 359
9.5 362
9.5167 366
9.5333 369
9.55 372
9.5667 375
9.5833 378
9.6 381
9.6167 384
9.6333 387
9.65 390
9.6667 393
9.6833 396
9.7 399
9.7167 402
9.7333 405
9.75 408
9.7667 411
9.7833 413
9.8 416
9.8167 419
9.8333 422
9.85 425
9.8667 428
9.8833 431
9.9 434
9.9167 436
9.9333 439
9.95 442
9.9667 445
9.9833 448
10.0 450
10.0167 453
10.0333 456
10.05 459
10.0667 461
10.0833 464
10.1 467
10.1167 469
10.1333 472
10.15 475
10.1667 477
10.1833 480
10.2 482
10.2167 485
10.2333 488
10.25 490
10.2667 493
10.2833 495
10.3 498
10.3167 500
10.3333 503
10.35 505
10.3667 508
10.3833 510
10.4 512
10.4167 515
10.4333 517
10.45 520
10.4667 522
10.4833 524
10.5 527
10.5167 529
10.5333 531
10.55 534
10.5667 536
10.5833 538
10.6 540
10.6167 543
10.6333 545
10.65 547
10.6667 549
10.6833 551
10.7 554
10.7167 556
10.7333 558
10.75 560
10.7667 562
10.7833 564
10.8 566
10.8167 568
10.8333 570
10.85 572
10.8667 574
10.8833 576
10.9 578
10.9167 580
10.9333 582
10.95 584
10.9667 586
10.9833 588
11.0 589
11.0167 591
11.0333 593
11.05 595
11.0667 597
11.0833 598
11.1 600
11.1167 602
11.1333 604
11.15 605
11.1667 607
11.1833 609
11.2 610
11.2167 612
11.2333 613
11.25 615
11.2667 617
11.2833 618
11.3 620
11.3167 621
11.3333 623
11.35 624
11.3667 626
11.3833 627
11.4 629
11.4167 630
11.4333 631
11.45 633
11.4667 634
11.4833 635
11.5 637
11.5167 638
11.5333 639
11.55 641
11.5667 642
11.5833 643
11.6 644
11.6167 645
11.6333 647
11.65 648
11.6667 649
11.6833 650
11.7 651
11.7167 652
11.7333 653
11.75 654
11.7667 655
11.7833 656
11.8 657
11.8167 658
11.8333 659
11.85 660
11.8667 661
11.8833 662
11.9 663
11.9167 664
11.9333 665
11.95 665
11.9667 666
11.9833 667
12.0 668
12.0167 668
12.0333 669
12.05 670
12.0667 671
12.0833 671
12.1 672
12.1167 673
12.1333 673
12.15 674
12.1667 674
12.1833 675
12.2 675
12.2167 676
12.2333 676
12.25 677
12.2667 677
12.2833 678
12.3 678
12.3167 679
12.3333 679
12.35 679
12.3667 680
12.3833 680
12.4 680
12.4167 681
12.4333 681
12.45 681
12.4667 681
12.4833 681
12.5 682
12.5167 682
12.5333 682
12.55 682
12.5667 682
12.5833 682
12.6 682
12.6167 682
12.6333 682
12.65 682
12.6667 682
12.6833 682
12.7 682
12.7167 682
12.7333 682
12.75 682
12.7667 682
12.7833 682
12.8 682
12.8167 681
12.8333 681
12.85 681
12.8667 681
12.8833 681
12.9 680
12.9167 680
12.9333 680
12.95 679
12.9667 679
12.9833 679
13.0 678
13.0167 678
13.0333 677
13.05 677
13.0667 676
13.0833 676
13.1 675
13.1167 675
13.1333 674
13.15 674
13.1667 673
13.1833 673
13.2 672
13.2167 671
13.2333 671
13.25 670
13.2667 669
13.2833 668
13.3 668
13.3167 667
13.3333 666
13.35 665
13.3667 665
13.3833 664
13.4 663
13.4167 662
13.4333 661
13.45 660
13.4667 659
13.4833 658
13.5 657
13.5167 656
13.5333 655
13.55 654
13.5667 653
13.5833 652
13.6 651
13.6167 650
13.6333 649
13.65 648
13.6667 647
13.6833 646
13.7 644
13.7167 643
13.7333 642
13.75 641
13.7667 639
13.7833 638
13.8 637
13.8167 635
13.8333 634
13.85 633
13.8667 631
13.8833 630
13.9 629
13.9167 627
13.9333 626
13.95 624
13.9667 623
13.9833 621
14.0 620
14.0167 618
14.0333 617
14.05 615
14.0667 614
14.0833 612
14.1 610
14.1167 609
14.1333 607
14.15 605
14.1667 604
14.1833 602
14.2 600
14.2167 598
14.2333 597
14.25 595
14.2667 593
14.2833 591
14.3 589
14.3167 588
14.3333 586
14.35 584
14.3667 582
14.3833 580
14.4 578
14.4167 576
14.4333 574
14.45 572
14.4667 570
14.4833 568
14.5 566
14.5167 564
14.5333 562
14.55 560
14.5667 558
14.5833 556
14.6 554
14.6167 551
14.6333 549
14.65 547
14.6667 545
14.6833 543
14.7 540
14.7167 538
14.7333 536
14.75 534
14.7667 531
14.7833 529
14.8 527
14.8167 524
14.8333 522
14.85 520
14.8667 517
14.8833 515
14.9 513
14.9167 510
14.9333 508
14.95 505
14.9667 503
14.9833 500
15.0 498
15.0167 496
15.0333 493
15.05 491
15.0667 488
15.0833 485
15.1 483
15.1167 480
15.1333 478
15.15 475
15.1667 472
15.1833 470
15.2 467
15.2167 464
15.2333 462
15.25 459
15.2667 456
15.2833 453
15.3 451
15.3167 448
15.3333 445
15.35 442
15.3667 440
15.3833 437
15.4 434
15.4167 431
15.4333 428
15.45 425
15.4667 423
15.4833 420
15.5 417
15.5167 414
15.5333 411
15.55 408
15.5667 405
15.5833 402
15.6 399
15.6167 396
15.6333 393
15.65 390
15.6667 387
15.6833 384
15.7 381
15.7167 378
15.7333 375
15.75 372
15.7667 369
15.7833 366
15.8 363
15.8167 360
15.8333 357
15.85 354
15.8667 350
15.8833 347
15.9 344
15.9167 341
15.9333 338
15.95 335
15.9667 332
15.9833 328
16.0 325
16.0167 322
16.0333 319
16.05 316
16.0667 312
16.0833 309
16.1 306
16.1167 303
16.1333 299
16.15 296
16.1667 293
16.1833 290
16.2 286
16.2167 283
16.2333 280
16.25 277
16.2667 273
16.2833 270
16.3 267
16.3167 263
16.3333 260
16.35 257
16.3667 253
16.3833 250
16.4 247
16.4167 243
16.4333 240
16.45 237
16.4667 233
16.4833 230
16.5 227
16.5167 223
16.5333 220
16.55 217
16.5667 213
16.5833 210
16.6 207
16.6167 203
16.6333 200
16.65 197
16.6667 194
16.6833 190
16.7 187
16.7167 184
16.7333 180
16.75 177
16.7667 174
16.7833 170
16.8 167
16.8167 164
16.8333 160
16.85 157
16.8667 154
16.8833 151
16.9 147
16.9167 144
16.9333 141
16.95 138
16.9667 134
16.9833 131
