8.0 66
8.0167 69
8.0333 72
8.05 75
8.0667 77
8.0833 80
8.1 83
8.1167 86
8.1333 89
8.15 92
8.1667 95
8.1833 98
8.2 101
8.2167 104
8.2333 107
8.25 110
8.2667 113
8.2833 116
8.3 120
8.3167 123
8.3333 126
8.35 129
8.3667 132
8.3833 135
8.4 138
8.4167 142
8.4333 145
8.45 148
8.4667 151
8.4833 155
8.5 158
8.5167 161
8.5333 165
8.55 168
8.5667 171
8.5833 174
8.6 178
8.6167 181
8.6333 184
8.65 188
8.6667 191
8.6833 194
8.7 198
8.7167 201
8.7333 204
8.75 208
8.7667 211
8.7833 214
8.8 218
8.8167 221
8.8333 224
8.85 228
8.8667 231
8.8833 234
8.9 238
8.9167 241
8.9333 244
8.95 248
8.9667 251
8.9833 254
9.0 258
9.0167 261
9.0333 264
9.05 267
9.0667 271
9.0833 274
9.1 277
9.1167 281
9.1333 284
9.15 287
9.1667 290
9.1833 294
9.2 297
9.2167 300
9.2333 303
9.25 307
9.2667 310
9.2833 313
9.3 316
9.3167 320
9.3333 323
9.35 326
9.3667 329
9.3833 332
9.4 336
9.4167 339
9.4333 342
9.45 345
9.4667 348
9.4833 351
9.5 355
9.5167 358
9.5333 361
9.55 364
9.5667 367
9.5833 370
9.6 373
9.6167 376
9.6333 379
9.65 382
9.6667 385
9.6833 388
9.7 391
9.7167 394
9.7333 397
9.75 400
9.7667 403
9.7833 406
9.8 409
9.8167 412
9.8333 415
9.85 418
9.8667 421
9.8833 424
9.9 427
9.9167 429
9.9333 432
9.95 435
9.9667 438
9.9833 441
10.0 444
10.0167 446
10.0333 449
10.05 452
10.0667 455
10.0833 457
10.1 460
10.1167 463
10.1333 466
10.15 468
10.1667 471
10.1833 474
10.2 476
10.2167 479
10.2333 481
10.25 484
10.2667 487
10.2833 489
10.3 492
10.3167 494
10.3333 497
10.35 499
10.3667 502
10.3833 504
10.4 507
10.4167 509
10.4333 512
10.45 514
10.4667 517
10.4833 519
10.5 521
10.5167 524
10.5333 526
10.55 528
10.5667 531
10.5833 533
10.6 535
10.6167 538
10.6333 540
10.65 542
10.6667 544
10.6833 547
10.7 549
10.7167 551
10.7333 553
10.75 555
10.7667 557
10.7833 559
10.8 562
10.8167 564
10.8333 566
10.85 568
10.8667 570
10.8833 572
10.9 574
10.9167 576
10.9333 578
10.95 580
10.9667 582
10.9833 584
11.0 586
11.0167 587
11.0333 589
11.05 591
11.0667 593
11.0833 595
11.1 597
11.1167 598
11.1333 600
11.15 602
11.1667 604
11.1833 605
11.2 607
11.2167 609
11.2333 610
11.25 612
11.2667 614
11.2833 615
11.3 617
11.3167 618
11.3333 620
11.35 622
11.3667 623
11.3833 625
11.4 626
11.4167 627
11.4333 629
11.45 630
11.4667 632
11.4833 633
11.5 635
11.5167 636
11.5333 637
11.55 639
11.5667 640
11.5833 641
11.6 642
11.6167 644
11.6333 645
11.65 646
11.6667 647
11.6833 648
11.7 650
11.7167 651
11.7333 652
11.75 653
11.7667 654
11.7833 655
11.8 656
11.8167 657
11.8333 658
11.85 659
11.8667 660
11.8833 661
11.9 662
11.9167 663
11.9333 664
11.95 665
11.9667 666
11.9833 666
12.0 667
12.0167 668
12.0333 669
12.05 670
12.0667 670
12.0833 671
12.1 672
12.1167 672
12.1333 673
12.15 674
12.1667 674
12.1833 675
12.2 676
12.2167 676
12.2333 677
12.25 677
12.2667 678
12.2833 678
12.3 679
12.3167 679
12.3333 680
12.35 680
12.3667 680
12.3833 681
12.4 681
12.4167 681
12.4333 682
12.45 682
12.4667 682
12.4833 683
12.5 683
12.5167 683
12.5333 683
12.55 684
12.5667 684
12.5833 684
12.6 684
12.6167 684
12.6333 684
12.65 684
12.6667 684
12.6833 684
12.7 684
12.7167 684
12.7333 684
12.75 684
12.7667 684
12.7833 684
12.8 684
12.8167 684
12.8333 684
12.85 683
12.8667 683
12.8833 683
12.9 683
12.9167 683
12.9333 682
12.95 682
12.9667 682
12.9833 681
13.0 681
13.0167 681
13.0333 680
13.05 680
13.0667 680
13.0833 679
13.1 679
13.1167 678
13.1333 678
13.15 677
13.1667 677
13.1833 676
13.2 676
13.2167 675
13.2333 674
13.25 674
13.2667 673
13.2833 672
13.3 672
13.3167 671
13.3333 670
13.35 670
13.3667 669
13.3833 668
13.4 667
13.4167 666
13.4333 666
13.45 665
13.4667 664
13.4833 663
13.5 662
13.5167 661
13.5333 660
13.55 659
13.5667 658
13.5833 657
13.6 656
13.6167 655
13.6333 654
13.65 653
13.6667 652
13.6833 651
13.7 650
13.7167 648
13.7333 647
13.75 646
13.7667 645
13.7833 644
13.8 642
13.8167 641
13.8333 640
13.85 639
13.8667 637
13.8833 636
13.9 635
13.9167 633
13.9333 632
13.95 630
13.9667 629
13.9833 627
14.0 626
14.0167 625
14.0333 623
14.05 621
14.0667 620
14.0833 618
14.1 617
14.1167 615
14.1333 614
14.15 612
14.1667 610
14.1833 609
14.2 607
14.2167 605
14.2333 604
14.25 602
14.2667 600
14.2833 598
14.3 597
14.3167 595
14.3333 593
14.35 591
14.3667 589
14.3833 587
14.4 586
14.4167 584
14.4333 582
14.45 580
14.4667 578
14.4833 576
14.5 574
14.5167 572
14.5333 570
14.55 568
14.5667 566
14.5833 564
14.6 562
14.6167 559
14.6333 557
14.65 555
14.6667 553
14.6833 551
14.7 549
14.7167 547
14.7333 544
14.75 542
14.7667 540
14.7833 538
14.8 535
14.8167 533
14.8333 531
14.85 528
14.8667 526
14.8833 524
14.9 521
14.9167 519
14.9333 517
14.95 514
14.9667 512
14.9833 509
15.0 507
15.0167 505
15.0333 502
15.05 500
15.0667 497
15.0833 495
15.1 492
15.1167 490
15.1333 487
15.15 484
15.1667 482
15.1833 479
15.2 477
15.2167 474
15.2333 471
15.25 469
15.2667 466
15.2833 463
15.3 461
15.3167 458
15.3333 455
15.35 452
15.3667 450
15.3833 447
15.4 444
15.4167 441
15.4333 438
15.45 436
15.4667 433
15.4833 430
15.5 427
15.5167 424
15.5333 421
15.55 418
15.5667 415
15.5833 413
15.6 410
15.6167 407
15.6333 404
15.65 401
15.6667 398
15.6833 395
15.7 392
15.7167 389
15.7333 386
15.75 383
15.7667 380
15.7833 377
15.8 374
15.8167 371
15.8333 367
15.85 364
15.8667 361
15.8833 358
15.9 355
15.9167 352
15.9333 349
15.95 346
15.9667 342
15.9833 339
16.0 336
16.0167 333
16.0333 330
16.05 327
16.0667 323
16.0833 320
16.1 317
16.1167 314
16.1333 310
16.15 307
16.1667 304
16.1833 301
16.2 297
16.2167 294
16.2333 291
16.25 288
16.2667 284
16.2833 281
16.3 278
16.3167 275
16.3333 271
16.35 268
16.3667 265
16.3833 261
16.4 258
16.4167 255
16.4333 251
16.45 248
16.4667 245
16.4833 241
16.5 238
16.5167 235
16.5333 231
16.55 228
16.5667 225
16.5833 221
16.6 218
16.6167 215
16.6333 211
16.65 208
16.6667 205
16.6833 201
16.7 198
16.7167 195
16.7333 191
16.75 188
16.7667 185
16.7833 181
16.8 178
16.8167 175
16.8333 171
16.85 168
16.8667 165
16.8833 161
16.9 158
16.9167 155
16.9333 152
16.95 148
16.9667 145
16.9833 142
