8.0 98
8.0167 101
8.0333 104
8.05 107
8.0667 110
8.0833 113
8.1 117
8.1167 120
8.1333 123
8.15 126
8.1667 129
8.1833 132
8.2 136
8.2167 139
8.2333 142
8.25 145
8.2667 149
8.2833 152
8.3 155
8.3167 159
8.3333 162
8.35 165
8.3667 169
8.3833 172
8.4 175
8.4167 179
8.4333 182
8.45 185
8.4667 189
8.4833 192
8.5 195
8.5167 199
8.5333 202
8.55 205
8.5667 209
8.5833 212
8.6 215
8.6167 219
8.6333 222
8.65 226
8.6667 229
8.6833 232
8.7 236
8.7167 239
8.7333 242
8.75 246
8.7667 249
8.7833 252
8.8 256
8.8167 259
8.8333 263
8.85 266
8.8667 269
8.8833 273
8.9 276
8.9167 279
8.9333 282
8.95 286
8.9667 289
8.9833 292
9.0 296
9.0167 298
9.0333 302
9.05 305
9.0667 308
9.0833 311
9.1 315
9.1167 318
9.1333 321
9.15 324
9.1667 328
9.1833 331
9.2 334
9.2167 337
9.2333 341
9.25 344
9.2667 347
9.2833 350
9.3 353
9.3167 356
9.3333 360
9.35 363
9.3667 366
9.3833 369
9.4 372
9.4167 375
9.4333 378
9.45 381
9.4667 384
9.4833 388
9.5 391
9.5167 394
9.5333 397
9.55 400
9.5667 403
9.5833 406
9.6 409
9.6167 412
9.6333 415
9.65 418
9.6667 421
9.6833 423
9.7 426
9.7167 429
9.7333 432
9.75 435
9.7667 438
9.7833 441
9.8 444
9.8167 447
9.8333 449
9.85 452
9.8667 455
9.8833 458
9.9 460
9.9167 463
9.9333 466
9.95 469
9.9667 471
9.9833 474
10.0 477
10.0167 480
10.0333 482
10.05 485
10.0667 487
10.0833 490
10.1 493
10.1167 495
10.1333 498
10.15 500
10.1667 503
10.1833 506
10.2 508
10.2167 511
10.2333 513
10.25 516
10.2667 518
10.2833 520
10.3 523
10.3167 525
10.3333 528
10.35 530
10.3667 533
10.3833 535
10.4 537
10.4167 540
10.4333 542
10.45 544
10.4667 546
10.4833 549
10.5 551
10.5167 553
10.5333 555
10.55 558
10.5667 560
10.5833 562
10.6 564
10.6167 566
10.6333 568
10.65 570
10.6667 573
10.6833 575
10.7 577
10.7167 579
10.7333 581
10.75 583
10.7667 585
10.7833 587
10.8 589
10.8167 591
10.8333 593
10.85 594
10.8667 596
10.8833 598
10.9 600
10.9167 602
10.9333 604
10.95 606
10.9667 607
10.9833 609
11.0 611
11.0167 613
11.0333 614
11.05 616
11.0667 618
11.0833 619
11.1 621
11.1167 623
11.1333 624
11.15 626
11.1667 627
11.1833 629
11.2 631
11.2167 632
11.2333 634
11.25 635
11.2667 636
11.2833 638
11.3 639
11.3167 641
11.3333 642
11.35 644
11.3667 645
11.3833 646
11.4 648
11.4167 649
11.4333 650
11.45 651
11.4667 653
11.4833 654
11.5 655
11.5167 656
11.5333 658
11.55 659
11.5667 660
11.5833 661
11.6 662
11.6167 663
11.6333 664
11.65 665
11.6667 666
11.6833 667
11.7 668
11.7167 669
11.7333 670
11.75 671
11.7667 672
11.7833 673
11.8 674
11.8167 675
11.8333 675
11.85 676
11.8667 677
11.8833 678
11.9 679
11.9167 679
11.9333 680
11.95 681
11.9667 681
11.9833 682
12.0 683
12.0167 683
12.0333 684
12.05 685
12.0667 685
12.0833 686
12.1 686
12.1167 687
12.1333 687
12.15 688
12.1667 688
12.1833 689
12.2 689
12.2167 689
12.2333 690
12.25 690
12.2667 691
12.2833 691
12.3 691
12.3167 691
12.3333 692
12.35 692
12.3667 692
12.3833 692
12.4 693
12.4167 693
12.4333 693
12.45 693
12.4667 693
12.4833 693
12.5 693
12.5167 693
12.5333 693
12.55 693
12.5667 693
12.5833 693
12.6 693
12.6167 693
12.6333 693
12.65 693
12.6667 693
12.6833 693
12.7 692
12.7167 692
12.7333 692
12.75 692
12.7667 692
12.7833 691
12.8 691
12.8167 691
12.8333 690
12.85 690
12.8667 690
12.8833 689
12.9 689
12.9167 689
12.9333 688
12.95 688
12.9667 687
12.9833 687
13.0 686
13.0167 686
13.0333 685
13.05 684
13.0667 684
13.0833 683
13.1 683
13.1167 682
13.1333 681
13.15 681
13.1667 680
13.1833 679
13.2 678
13.2167 678
13.2333 677
13.25 676
13.2667 675
13.2833 674
13.3 674
13.3167 673
13.3333 672
13.35 671
13.3667 670
13.3833 669
13.4 668
13.4167 667
13.4333 666
13.45 665
13.4667 664
13.4833 663
13.5 662
13.5167 661
13.5333 660
13.55 658
13.5667 657
13.5833 656
13.6 655
13.6167 654
13.6333 652
13.65 651
13.6667 650
13.6833 649
13.7 647
13.7167 646
13.7333 645
13.75 643
13.7667 642
13.7833 640
13.8 639
13.8167 638
13.8333 636
13.85 635
13.8667 633
13.8833 632
13.9 630
13.9167 629
13.9333 627
13.95 625
13.9667 624
13.9833 622
14.0 621
14.0167 619
14.0333 617
14.05 616
14.0667 614
14.0833 612
14.1 610
14.1167 609
14.1333 607
14.15 605
14.1667 603
14.1833 601
14.2 600
14.2167 598
14.2333 596
14.25 594
14.2667 592
14.2833 590
14.3 588
14.3167 586
14.3333 584
14.35 582
14.3667 580
14.3833 578
14.4 576
14.4167 574
14.4333 572
14.45 570
14.4667 568
14.4833 566
14.5 564
14.5167 561
14.5333 559
14.55 557
14.5667 555
14.5833 553
14.6 550
14.6167 548
14.6333 546
14.65 544
14.6667 541
14.6833 539
14.7 537
14.7167 534
14.7333 532
14.75 530
14.7667 527
14.7833 525
14.8 522
14.8167 520
14.8333 517
14.85 515
14.8667 512
14.8833 510
14.9 507
14.9167 505
14.9333 502
14.95 500
14.9667 497
14.9833 495
15.0 492
15.0167 489
15.0333 487
15.05 484
15.0667 481
15.0833 479
15.1 476
15.1167 473
15.1333 471
15.15 468
15.1667 465
15.1833 463
15.2 460
15.2167 457
15.2333 454
15.25 451
15.2667 449
15.2833 446
15.3 443
15.3167 440
15.3333 437
15.35 434
15.3667 431
15.3833 429
15.4 426
15.4167 423
15.4333 420
15.45 417
15.4667 414
15.4833 411
15.5 408
15.5167 405
15.5333 402
15.55 399
15.5667 396
15.5833 393
15.6 390
15.6167 387
15.6333 384
15.65 381
15.6667 378
15.6833 374
15.7 371
15.7167 368
15.7333 365
15.75 362
15.7667 359
15.7833 356
15.8 353
15.8167 349
15.8333 346
15.85 343
15.8667 340
15.8833 337
15.9 333
15.9167 330
15.9333 327
15.95 324
15.9667 320
15.9833 317
16.0 314
16.0167 311
16.0333 307
16.05 304
16.0667 301
16.0833 298
16.1 294
16.1167 291
16.1333 288
16.15 284
16.1667 281
16.1833 278
16.2 274
16.2167 271
16.2333 268
16.25 264
16.2667 261
16.2833 258
16.3 254
16.3167 251
16.3333 248
16.35 244
16.3667 241
16.3833 238
16.4 234
16.4167 231
16.4333 228
16.45 224
16.4667 221
16.4833 217
16.5 214
16.5167 211
16.5333 207
16.55 204
16.5667 201
16.5833 197
16.6 194
16.6167 191
16.6333 187
16.65 184
16.6667 181
16.6833 177
16.7 174
16.7167 171
16.7333 167
16.75 164
16.7667 161
16.7833 157
16.8 154
16.8167 151
16.8333 147
16.85 144
16.8667 141
16.8833 138
16.9 134
16.9167 131
16.9333 128
16.95 125
16.9667 122
16.9833 119
