8.0 81
8.0167 84
8.0333 87
8.05 90
8.0667 93
8.0833 96
8.1 99
8.1167 102
8.1333 106
8.15 109
8.1667 112
8.1833 115
8.2 118
8.2167 121
8.2333 125
8.25 128
8.2667 131
8.2833 135
8.3 138
8.3167 141
8.3333 145
8.35 148
8.3667 151
8.3833 154
8.4 158
8.4167 161
8.4333 165
8.45 168
8.4667 171
8.4833 175
8.5 178
8.5167 181
8.5333 185
8.55 188
8.5667 191
8.5833 195
8.6 198
8.6167 202
8.6333 205
8.65 208
8.6667 212
8.6833 215
8.7 219
8.7167 222
8.7333 225
8.75 229
8.7667 232
8.7833 236
8.8 239
8.8167 242
8.8333 246
8.85 249
8.8667 252
8.8833 256
8.9 259
8.9167 263
8.9333 266
8.95 269
8.9667 273
8.9833 276
9.0 279
9.0167 282
9.0333 285
9.05 289
9.0667 292
9.0833 295
9.1 299
9.1167 302
9.1333 305
9.15 309
9.1667 312
9.1833 315
9.2 319
9.2167 322
9.2333 325
9.25 328
9.2667 332
9.2833 335
9.3 338
9.3167 341
9.3333 344
9.35 348
9.3667 351
9.3833 354
9.4 357
9.4167 360
9.4333 363
9.45 367
9.4667 370
9.4833 373
9.5 376
9.5167 379
9.5333 382
9.55 385
9.5667 388
9.5833 391
9.6 394
9.6167 397
9.6333 400
9.65 404
9.6667 407
9.6833 410
9.7 413
9.7167 415
9.7333 418
9.75 421
9.7667 424
9.7833 427
9.8 430
9.8167 433
9.8333 436
9.85 439
9.8667 442
9.8833 445
9.9 447
9.9167 450
9.9333 453
9.95 456
9.9667 459
9.9833 461
10.0 464
10.0167 467
10.0333 470
10.05 472
10.0667 475
10.0833 478
10.1 480
10.1167 483
10.1333 486
10.15 488
10.1667 491
10.1833 494
10.2 496
10.2167 499
10.2333 501
10.25 504
10.2667 507
10.2833 509
10.3 512
10.3167 514
10.3333 517
10.35 519
10.3667 521
10.3833 524
10.4 526
10.4167 529
10.4333 531
10.45 534
10.4667 536
10.4833 538
10.5 541
10.5167 543
10.5333 545
10.55 547
10.5667 550
10.5833 552
10.6 554
10.6167 556
10.6333 559
10.65 561
10.6667 563
10.6833 565
10.7 567
10.7167 569
10.7333 572
10.75 574
10.7667 576
10.7833 578
10.8 580
10.8167 582
10.8333 584
10.85 586
10.8667 588
10.8833 590
10.9 592
10.9167 594
10.9333 596
10.95 597
10.9667 599
10.9833 601
11.0 603
11.0167 605
11.0333 607
11.05 608
11.0667 610
11.0833 612
11.1 614
11.1167 615
11.1333 617
11.15 619
11.1667 620
11.1833 622
11.2 624
11.2167 625
11.2333 627
11.25 629
11.2667 630
11.2833 632
11.3 633
11.3167 635
11.3333 636
11.35 638
11.3667 639
11.3833 641
11.4 642
11.4167 643
11.4333 645
11.45 646
11.4667 647
11.4833 649
11.5 650
11.5167 651
11.5333 653
11.55 654
11.5667 655
11.5833 656
11.6 657
11.6167 659
11.6333 660
11.65 661
11.6667 662
11.6833 663
11.7 664
11.7167 665
11.7333 666
11.75 667
11.7667 668
11.7833 669
11.8 670
11.8167 671
11.8333 672
11.85 673
11.8667 674
11.8833 675
11.9 676
11.9167 677
11.9333 677
11.95 678
11.9667 679
11.9833 680
12.0 681
12.0167 681
12.0333 682
12.05 683
12.0667 683
12.0833 684
12.1 685
12.1167 685
12.1333 686
12.15 686
12.1667 687
12.1833 688
12.2 688
12.2167 689
12.2333 689
12.25 689
12.2667 690
12.2833 690
12.3 691
12.3167 691
12.3333 691
12.35 692
12.3667 692
12.3833 692
12.4 693
12.4167 693
12.4333 693
12.45 693
12.4667 694
12.4833 694
12.5 694
12.5167 694
12.5333 694
12.55 694
12.5667 694
12.5833 695
12.6 695
12.6167 695
12.6333 695
12.65 695
12.6667 695
12.6833 695
12.7 694
12.7167 694
12.7333 694
12.75 694
12.7667 694
12.7833 694
12.8 694
12.8167 693
12.8333 693
12.85 693
12.8667 693
12.8833 692
12.9 692
12.9167 692
12.9333 691
12.95 691
12.9667 691
12.9833 690
13.0 690
13.0167 689
13.0333 689
13.05 689
13.0667 688
13.0833 688
13.1 687
13.1167 686
13.1333 686
13.15 685
13.1667 685
13.1833 684
13.2 683
13.2167 683
13.2333 682
13.25 681
13.2667 681
13.2833 680
13.3 679
13.3167 678
13.3333 678
13.35 677
13.3667 676
13.3833 675
13.4 674
13.4167 673
13.4333 672
13.45 671
13.4667 670
13.4833 669
13.5 668
13.5167 667
13.5333 666
13.55 665
13.5667 664
13.5833 663
13.6 662
13.6167 661
13.6333 660
13.65 659
13.6667 658
13.6833 656
13.7 655
13.7167 654
13.7333 653
13.75 651
13.7667 650
13.7833 649
13.8 647
13.8167 646
13.8333 645
13.85 643
13.8667 642
13.8833 641
13.9 639
13.9167 638
13.9333 636
13.95 635
13.9667 633
13.9833 632
14.0 630
14.0167 629
14.0333 627
14.05 625
14.0667 624
14.0833 622
14.1 621
14.1167 619
14.1333 617
14.15 616
14.1667 614
14.1833 612
14.2 610
14.2167 609
14.2333 607
14.25 605
14.2667 603
14.2833 601
14.3 599
14.3167 598
14.3333 596
14.35 594
14.3667 592
14.3833 590
14.4 588
14.4167 586
14.4333 584
14.45 582
14.4667 580
14.4833 578
14.5 576
14.5167 574
14.5333 572
14.55 570
14.5667 567
14.5833 565
14.6 563
14.6167 561
14.6333 559
14.65 557
14.6667 554
14.6833 552
14.7 550
14.7167 548
14.7333 545
14.75 543
14.7667 541
14.7833 538
14.8 536
14.8167 534
14.8333 531
14.85 529
14.8667 526
14.8833 524
14.9 522
14.9167 519
14.9333 517
14.95 514
14.9667 512
14.9833 509
15.0 507
15.0167 504
15.0333 502
15.05 499
15.0667 497
15.0833 494
15.1 491
15.1167 489
15.1333 486
15.15 484
15.1667 481
15.1833 478
15.2 476
15.2167 473
15.2333 470
15.25 467
15.2667 465
15.2833 462
15.3 459
15.3167 456
15.3333 453
15.35 451
15.3667 448
15.3833 445
15.4 442
15.4167 439
15.4333 436
15.45 434
15.4667 431
15.4833 428
15.5 425
15.5167 422
15.5333 419
15.55 416
15.5667 413
15.5833 410
15.6 407
15.6167 404
15.6333 401
15.65 398
15.6667 395
15.6833 392
15.7 389
15.7167 386
15.7333 383
15.75 380
15.7667 376
15.7833 373
15.8 370
15.8167 367
15.8333 364
15.85 361
15.8667 358
15.8833 354
15.9 351
15.9167 348
15.9333 345
15.95 342
15.9667 338
15.9833 335
16.0 332
16.0167 329
16.0333 326
16.05 322
16.0667 319
16.0833 316
16.1 312
16.1167 309
16.1333 306
16.15 303
16.1667 299
16.1833 296
16.2 293
16.2167 289
16.2333 286
16.25 283
16.2667 279
16.2833 276
16.3 273
16.3167 269
16.3333 266
16.35 263
16.3667 259
16.3833 256
16.4 253
16.4167 249
16.4333 246
16.45 242
16.4667 239
16.4833 236
16.5 232
16.5167 229
16.5333 225
16.55 222
16.5667 219
16.5833 215
16.6 212
16.6167 208
16.6333 205
16.65 202
16.6667 198
16.6833 195
16.7 192
16.7167 188
16.7333 185
16.75 181
16.7667 178
16.7833 175
16.8 171
16.8167 168
16.8333 165
16.85 161
16.8667 158
16.8833 155
16.9 151
16.9167 148
16.9333 145
16.95 141
16.9667 138
16.9833 135
