8.0 62
8.0167 64
8.0333 67
8.05 70
8.0667 73
8.0833 76
8.1 79
8.1167 82
8.1333 85
8.15 88
8.1667 91
8.1833 94
8.2 97
8.2167 100
8.2333 104
8.25 107
8.2667 110
8.2833 113
8.3 116
8.3167 120
8.3333 123
8.35 126
8.3667 130
8.3833 133
8.4 136
8.4167 140
8.4333 143
8.45 147
8.4667 150
8.4833 153
8.5 157
8.5167 160
8.5333 163
8.55 167
8.5667 170
8.5833 174
8.6 177
8.6167 181
8.6333 184
8.65 188
8.6667 191
8.6833 194
8.7 198
8.7167 201
8.7333 205
8.75 208
8.7667 212
8.7833 215
8.8 219
8.8167 222
8.8333 226
8.85 229
8.8667 232
8.8833 236
8.9 239
8.9167 243
8.9333 246
8.95 250
8.9667 253
8.9833 257
9.0 260
9.0167 264
9.0333 267
9.05 270
9.0667 274
9.0833 277
9.1 281
9.1167 284
9.1333 288
9.15 291
9.1667 294
9.1833 298
9.2 301
9.2167 305
9.2333 308
9.25 311
9.2667 315
9.2833 318
9.3 321
9.3167 325
9.3333 328
9.35 331
9.3667 335
9.3833 338
9.4 341
9.4167 345
9.4333 348
9.45 351
9.4667 354
9.4833 358
9.5 361
9.5167 364
9.5333 367
9.55 371
9.5667 374
9.5833 377
9.6 380
9.6167 384
9.6333 387
9.65 390
9.6667 393
9.6833 396
9.7 399
9.7167 402
9.7333 406
9.75 409
9.7667 412
9.7833 415
9.8 418
9.8167 421
9.8333 424
9.85 427
9.8667 430
9.8833 433
9.9 436
9.9167 439
9.9333 442
9.95 445
9.9667 448
9.9833 451
10.0 454
10.0167 457
10.0333 460
10.05 463
10.0667 466
10.0833 468
10.1 471
10.1167 474
10.1333 477
10.15 480
10.1667 483
10.1833 485
10.2 488
10.2167 491
10.2333 494
10.25 496
10.2667 499
10.2833 502
10.3 504
10.3167 507
10.3333 510
10.35 512
10.3667 515
10.3833 518
10.4 520
10.4167 523
10.4333 525
10.45 528
10.4667 531
10.4833 533
10.5 536
10.5167 538
10.5333 541
10.55 543
10.5667 545
10.5833 548
10.6 550
10.6167 553
10.6333 555
10.65 558
10.6667 560
10.6833 562
10.7 565
10.7167 567
10.7333 569
10.75 571
10.7667 574
10.7833 576
10.8 578
10.8167 580
10.8333 583
10.85 585
10.8667 587
10.8833 589
10.9 591
10.9167 593
10.9333 595
10.95 598
10.9667 600
10.9833 602
11.0 604
11.0167 606
11.0333 608
11.05 610
11.0667 612
11.0833 614
11.1 616
11.1167 617
11.1333 619
11.15 621
11.1667 623
11.1833 625
11.2 627
11.2167 629
11.2333 630
11.25 632
11.2667 634
11.2833 636
11.3 637
11.3167 639
11.3333 641
11.35 642
11.3667 644
11.3833 646
11.4 647
11.4167 649
11.4333 651
11.45 652
11.4667 654
11.4833 655
11.5 657
11.5167 658
11.5333 660
11.55 661
11.5667 663
11.5833 664
11.6 665
11.6167 667
11.6333 668
11.65 669
11.6667 671
11.6833 672
11.7 673
11.7167 675
11.7333 676
11.75 677
11.7667 678
11.7833 679
11.8 681
11.8167 682
11.8333 683
11.85 684
11.8667 685
11.8833 686
11.9 687
11.9167 688
11.9333 689
11.95 690
11.9667 691
11.9833 692
12.0 693
12.0167 694
12.0333 695
12.05 696
12.0667 697
12.0833 698
12.1 698
12.1167 699
12.1333 700
12.15 701
12.1667 702
12.1833 702
12.2 703
12.2167 704
12.2333 704
12.25 705
12.2667 706
12.2833 706
12.3 707
12.3167 708
12.3333 708
12.35 709
12.3667 709
12.3833 710
12.4 710
12.4167 711
12.4333 711
12.45 711
12.4667 712
12.4833 712
12.5 713
12.5167 713
12.5333 713
12.55 714
12.5667 714
12.5833 714
12.6 714
12.6167 715
12.6333 715
12.65 715
12.6667 715
12.6833 715
12.7 715
12.7167 716
12.7333 716
12.75 716
12.7667 716
12.7833 716
12.8 716
12.8167 716
12.8333 716
12.85 716
12.8667 716
12.8833 716
12.9 715
12.9167 715
12.9333 715
12.95 715
12.9667 715
12.9833 715
13.0 714
13.0167 714
13.0333 714
13.05 714
13.0667 713
13.0833 713
13.1 713
13.1167 712
13.1333 712
13.15 711
13.1667 711
13.1833 711
13.2 710
13.2167 710
13.2333 709
13.25 709
13.2667 708
13.2833 708
13.3 707
13.3167 706
13.3333 706
13.35 705
13.3667 704
13.3833 704
13.4 703
13.4167 702
13.4333 702
13.45 701
13.4667 700
13.4833 699
13.5 699
13.5167 698
13.5333 697
13.55 696
13.5667 695
13.5833 694
13.6 693
13.6167 692
13.6333 691
13.65 690
13.6667 689
13.6833 688
13.7 687
13.7167 686
13.7333 685
13.75 684
13.7667 683
13.7833 682
13.8 681
13.8167 680
13.8333 678
13.85 677
13.8667 676
13.8833 675
13.9 673
13.9167 672
13.9333 671
13.95 669
13.9667 668
13.9833 667
14.0 665
14.0167 664
14.0333 663
14.05 661
14.0667 660
14.0833 658
14.1 657
14.1167 655
14.1333 654
14.15 652
14.1667 651
14.1833 649
14.2 647
14.2167 646
14.2333 644
14.25 643
14.2667 641
14.2833 639
14.3 638
14.3167 636
14.3333 634
14.35 632
14.3667 631
14.3833 629
14.4 627
14.4167 625
14.4333 623
14.45 621
14.4667 619
14.4833 618
14.5 616
14.5167 614
14.5333 612
14.55 610
14.5667 608
14.5833 606
14.6 604
14.6167 602
14.6333 600
14.65 598
14.6667 596
14.6833 594
14.7 591
14.7167 589
14.7333 587
14.75 585
14.7667 583
14.7833 581
14.8 578
14.8167 576
14.8333 574
14.85 572
14.8667 569
14.8833 567
14.9 565
14.9167 562
14.9333 560
14.95 558
14.9667 555
14.9833 553
15.0 551
15.0167 549
15.0333 546
15.05 544
15.0667 541
15.0833 539
15.1 536
15.1167 534
15.1333 531
15.15 529
15.1667 526
15.1833 524
15.2 521
15.2167 519
15.2333 516
15.25 513
15.2667 511
15.2833 508
15.3 505
15.3167 503
15.3333 500
15.35 497
15.3667 495
15.3833 492
15.4 489
15.4167 486
15.4333 483
15.45 481
15.4667 478
15.4833 475
15.5 472
15.5167 469
15.5333 466
15.55 464
15.5667 461
15.5833 458
15.6 455
15.6167 452
15.6333 449
15.65 446
15.6667 443
15.6833 440
15.7 437
15.7167 434
15.7333 431
15.75 428
15.7667 425
15.7833 422
15.8 419
15.8167 416
15.8333 413
15.85 410
15.8667 407
15.8833 403
15.9 400
15.9167 397
15.9333 394
15.95 391
15.9667 388
15.9833 385
16.0 381
16.0167 378
16.0333 375
16.05 372
16.0667 368
16.0833 365
16.1 362
16.1167 359
16.1333 355
16.15 352
16.1667 349
16.1833 346
16.2 342
16.2167 339
16.2333 336
16.25 332
16.2667 329
16.2833 326
16.3 322
16.3167 319
16.3333 316
16.35 312
16.3667 309
16.3833 306
16.4 302
16.4167 299
16.4333 295
16.45 292
16.4667 289
16.4833 285
16.5 282
16.5167 278
16.5333 275
16.55 271
16.5667 268
16.5833 265
16.6 261
16.6167 258
16.6333 254
16.65 251
16.6667 247
16.6833 244
16.7 240
16.7167 237
16.7333 233
16.75 230
16.7667 227
16.7833 223
16.8 220
16.8167 216
16.8333 213
16.85 209
16.8667 206
16.8833 202
16.9 199
16.9167 195
16.9333 192
16.95 188
16.9667 185
16.9833 182
