8.0 84
8.0167 88
8.0333 91
8.05 94
8.0667 98
8.0833 101
8.1 105
8.1167 108
8.1333 112
8.15 115
8.1667 119
8.1833 122
8.2 126
8.2167 130
8.2333 133
8.25 137
8.2667 141
8.2833 144
8.3 148
8.3167 152
8.3333 155
8.35 159
8.3667 163
8.3833 167
8.4 170
8.4167 174
8.4333 178
8.45 182
8.4667 185
8.4833 189
8.5 193
8.5167 197
8.5333 200
8.55 204
8.5667 208
8.5833 212
8.6 216
8.6167 219
8.6333 223
8.65 227
8.6667 231
8.6833 234
8.7 238
8.7167 242
8.7333 246
8.75 250
8.7667 253
8.7833 257
8.8 261
8.8167 265
8.8333 268
8.85 272
8.8667 276
8.8833 280
8.9 283
8.9167 287
8.9333 291
8.95 295
8.9667 298
8.9833 302
9.0 306
9.0167 310
9.0333 314
9.05 318
9.0667 321
9.0833 325
9.1 329
9.1167 332
9.1333 336
9.15 340
9.1667 344
9.1833 347
9.2 351
9.2167 354
9.2333 358
9.25 362
9.2667 365
9.2833 369
9.3 373
9.3167 376
9.3333 380
9.35 383
9.3667 387
9.3833 390
9.4 394
9.4167 398
9.4333 401
9.45 405
9.4667 408
9.4833 412
9.5 415
9.5167 419
9.5333 422
9.55 426
9.5667 429
9.5833 433
9.6 436
9.6167 439
9.6333 443
9.65 446
9.6667 450
9.6833 453
9.7 456
9.7167 460
9.7333 463
9.75 466
9.7667 470
9.7833 473
9.8 476
9.8167 480
9.8333 483
9.85 486
9.8667 489
9.8833 493
9.9 496
9.9167 499
9.9333 502
9.95 506
9.9667 509
9.9833 512
10.0 515
10.0167 518
10.0333 521
10.05 524
10.0667 527
10.0833 531
10.1 534
10.1167 537
10.1333 540
10.15 543
10.1667 546
10.1833 549
10.2 552
10.2167 555
10.2333 558
10.25 561
10.2667 564
10.2833 566
10.3 569
10.3167 572
10.3333 575
10.35 578
10.3667 581
10.3833 584
10.4 587
10.4167 589
10.4333 592
10.45 595
10.4667 598
10.4833 600
10.5 603
10.5167 606
10.5333 608
10.55 611
10.5667 614
10.5833 616
10.6 619
10.6167 622
10.6333 624
10.65 627
10.6667 629
10.6833 632
10.7 634
10.7167 637
10.7333 639
10.75 642
10.7667 644
10.7833 647
10.8 649
10.8167 652
10.8333 654
10.85 657
10.8667 659
10.8833 661
10.9 664
10.9167 666
10.9333 668
10.95 670
10.9667 673
10.9833 675
11.0 677
11.0167 679
11.0333 682
11.05 684
11.0667 686
11.0833 688
11.1 690
11.1167 692
11.1333 694
11.15 696
11.1667 699
11.1833 701
11.2 703
11.2167 705
11.2333 707
11.25 709
11.2667 710
11.2833 712
11.3 714
11.3167 716
11.3333 718
11.35 720
11.3667 722
11.3833 724
11.4 725
11.4167 727
11.4333 729
11.45 731
11.4667 732
11.4833 734
11.5 736
11.5167 737
11.5333 739
11.55 741
11.5667 742
11.5833 744
11.6 745
11.6167 747
11.6333 749
11.65 750
11.6667 752
11.6833 753
11.7 755
11.7167 756
11.7333 757
11.75 759
11.7667 760
11.7833 762
11.8 763
11.8167 764
11.8333 766
11.85 767
11.8667 768
11.8833 769
11.9 771
11.9167 772
11.9333 773
11.95 774
11.9667 775
11.9833 776
12.0 778
12.0167 779
12.0333 780
12.05 781
12.0667 782
12.0833 783
12.1 784
12.1167 785
12.1333 786
12.15 787
12.1667 788
12.1833 788
12.2 789
12.2167 790
12.2333 791
12.25 792
12.2667 793
12.2833 793
12.3 794
12.3167 795
12.3333 796
12.35 796
12.3667 797
12.3833 798
12.4 798
12.4167 799
12.4333 799
12.45 800
12.4667 801
12.4833 801
12.5 802
12.5167 802
12.5333 803
12.55 803
12.5667 803
12.5833 804
12.6 804
12.6167 805
12.6333 805
12.65 805
12.6667 806
12.6833 806
12.7 806
12.7167 806
12.7333 807
12.75 807
12.7667 807
12.7833 807
12.8 807
12.8167 808
12.8333 808
12.85 808
12.8667 808
12.8833 808
12.9 808
12.9167 808
12.9333 808
12.95 808
12.9667 808
12.9833 808
13.0 808
13.0167 807
13.0333 807
13.05 807
13.0667 807
13.0833 807
13.1 807
13.1167 806
13.1333 806
13.15 806
13.1667 805
13.1833 805
13.2 805
13.2167 804
13.2333 804
13.25 804
13.2667 803
13.2833 803
13.3 802
13.3167 802
13.3333 801
13.35 801
13.3667 800
13.3833 800
13.4 799
13.4167 799
13.4333 798
13.45 797
13.4667 797
13.4833 796
13.5 795
13.5167 795
13.5333 794
13.55 793
13.5667 792
13.5833 791
13.6 791
13.6167 790
13.6333 789
13.65 788
13.6667 787
13.6833 786
13.7 785
13.7167 784
13.7333 783
13.75 782
13.7667 781
13.7833 780
13.8 779
13.8167 778
13.8333 777
13.85 776
13.8667 775
13.8833 774
13.9 772
13.9167 771
13.9333 770
13.95 769
13.9667 767
13.9833 766
14.0 765
14.0167 764
14.0333 762
14.05 761
14.0667 760
14.0833 758
14.1 757
14.1167 755
14.1333 754
14.15 752
14.1667 751
14.1833 749
14.2 748
14.2167 746
14.2333 745
14.25 743
14.2667 742
14.2833 740
14.3 738
14.3167 737
14.3333 735
14.35 733
14.3667 732
14.3833 730
14.4 728
14.4167 726
14.4333 725
14.45 723
14.4667 721
14.4833 719
14.5 717
14.5167 715
14.5333 713
14.55 711
14.5667 710
14.5833 708
14.6 706
14.6167 704
14.6333 702
14.65 700
14.6667 698
14.6833 695
14.7 693
14.7167 691
14.7333 689
14.75 687
14.7667 685
14.7833 683
14.8 681
14.8167 678
14.8333 676
14.85 674
14.8667 672
14.8833 669
14.9 667
14.9167 665
14.9333 662
14.95 660
14.9667 658
14.9833 655
15.0 654
15.0167 652
15.0333 649
15.05 647
15.0667 644
15.0833 642
15.1 639
15.1167 637
15.1333 634
15.15 632
15.1667 629
15.1833 627
15.2 624
15.2167 621
15.2333 619
15.25 616
15.2667 614
15.2833 611
15.3 608
15.3167 605
15.3333 603
15.35 600
15.3667 597
15.3833 595
15.4 592
15.4167 589
15.4333 586
15.45 583
15.4667 581
15.4833 578
15.5 575
15.5167 572
15.5333 569
15.55 566
15.5667 563
15.5833 560
15.6 557
15.6167 554
15.6333 551
15.65 548
15.6667 545
15.6833 542
15.7 539
15.7167 536
15.7333 533
15.75 530
15.7667 527
15.7833 524
15.8 521
15.8167 518
15.8333 515
15.85 511
15.8667 508
15.8833 505
15.9 502
15.9167 499
15.9333 495
15.95 492
15.9667 489
15.9833 486
16.0 482
16.0167 479
16.0333 476
16.05 472
16.0667 469
16.0833 466
16.1 462
16.1167 459
16.1333 456
16.15 452
16.1667 449
16.1833 446
16.2 442
16.2167 439
16.2333 435
16.25 432
16.2667 428
16.2833 425
16.3 421
16.3167 418
16.3333 414
16.35 411
16.3667 407
16.3833 404
16.4 400
16.4167 397
16.4333 393
16.45 390
16.4667 386
16.4833 383
16.5 379
16.5167 375
16.5333 372
16.55 368
16.5667 365
16.5833 361
16.6 357
16.6167 354
16.6333 350
16.65 346
16.6667 343
16.6833 339
16.7 335
16.7167 332
16.7333 328
16.75 324
16.7667 321
16.7833 317
16.8 313
16.8167 309
16.8333 306
16.85 302
16.8667 298
16.8833 294
16.9 291
16.9167 287
16.9333 283
16.95 279
16.9667 276
16.9833 272
