8.0 67
8.0167 69
8.0333 72
8.05 75
8.0667 78
8.0833 81
8.1 84
8.1167 87
8.1333 91
8.15 94
8.1667 97
8.1833 100
8.2 103
8.2167 107
8.2333 110
8.25 113
8.2667 116
8.2833 120
8.3 123
8.3167 126
8.3333 130
8.35 133
8.3667 137
8.3833 140
8.4 144
8.4167 147
8.4333 150
8.45 154
8.4667 157
8.4833 161
8.5 164
8.5167 168
8.5333 171
8.55 175
8.5667 178
8.5833 182
8.6 186
8.6167 189
8.6333 193
8.65 196
8.6667 200
8.6833 203
8.7 207
8.7167 210
8.7333 214
8.75 218
8.7667 221
8.7833 225
8.8 228
8.8167 232
8.8333 236
8.85 239
8.8667 243
8.8833 246
8.9 250
8.9167 253
8.9333 257
8.95 261
8.9667 264
8.9833 268
9.0 271
9.0167 275
9.0333 279
9.05 283
9.0667 286
9.0833 290
9.1 293
9.1167 297
9.1333 300
9.15 304
9.1667 307
9.1833 311
9.2 314
9.2167 318
9.2333 321
9.25 325
9.2667 329
9.2833 332
9.3 336
9.3167 339
9.3333 342
9.35 346
9.3667 349
9.3833 353
9.4 356
9.4167 360
9.4333 363
9.45 367
9.4667 370
9.4833 373
9.5 377
9.5167 380
9.5333 384
9.55 387
9.5667 390
9.5833 394
9.6 397
9.6167 400
9.6333 404
9.65 407
9.6667 410
9.6833 414
9.7 417
9.7167 420
9.7333 423
9.75 427
9.7667 430
9.7833 433
9.8 436
9.8167 440
9.8333 443
9.85 446
9.8667 449
9.8833 452
9.9 455
9.9167 459
9.9333 462
9.95 465
9.9667 468
9.9833 471
10.0 474
10.0167 477
10.0333 480
10.05 483
10.0667 486
10.0833 489
10.1 492
10.1167 495
10.1333 498
10.15 501
10.1667 504
10.1833 507
10.2 510
10.2167 513
10.2333 516
10.25 519
10.2667 522
10.2833 524
10.3 527
10.3167 530
10.3333 533
10.35 536
10.3667 538
10.3833 541
10.4 544
10.4167 547
10.4333 549
10.45 552
10.4667 555
10.4833 557
10.5 560
10.5167 563
10.5333 565
10.55 568
10.5667 571
10.5833 573
10.6 576
10.6167 578
10.6333 581
10.65 583
10.6667 586
10.6833 588
10.7 591
10.7167 593
10.7333 596
10.75 598
10.7667 601
10.7833 603
10.8 605
10.8167 608
10.8333 610
10.85 612
10.8667 615
10.8833 617
10.9 619
10.9167 622
10.9333 624
10.95 626
10.9667 628
10.9833 631
11.0 633
11.0167 635
11.0333 637
11.05 639
11.0667 641
11.0833 643
11.1 645
11.1167 648
11.1333 650
11.15 652
11.1667 654
11.1833 656
11.2 658
11.2167 660
11.2333 661
11.25 663
11.2667 665
11.2833 667
11.3 669
11.3167 671
11.3333 673
11.35 675
11.3667 676
11.3833 678
11.4 680
11.4167 682
11.4333 683
11.45 685
11.4667 687
11.4833 688
11.5 690
11.5167 692
11.5333 693
11.55 695
11.5667 696
11.5833 698
11.6 700
11.6167 701
11.6333 703
11.65 704
11.6667 705
11.6833 707
11.7 708
11.7167 710
11.7333 711
11.75 713
11.7667 714
11.7833 715
11.8 717
11.8167 718
11.8333 719
11.85 720
11.8667 722
11.8833 723
11.9 724
11.9167 725
11.9333 726
11.95 727
11.9667 729
11.9833 730
12.0 731
12.0167 732
12.0333 733
12.05 734
12.0667 735
12.0833 736
12.1 737
12.1167 738
12.1333 739
12.15 740
12.1667 740
12.1833 741
12.2 742
12.2167 743
12.2333 744
12.25 745
12.2667 745
12.2833 746
12.3 747
12.3167 748
12.3333 748
12.35 749
12.3667 750
12.3833 750
12.4 751
12.4167 751
12.4333 752
12.45 752
12.4667 753
12.4833 754
12.5 754
12.5167 754
12.5333 755
12.55 755
12.5667 756
12.5833 756
12.6 757
12.6167 757
12.6333 757
12.65 758
12.6667 758
12.6833 758
12.7 758
12.7167 759
12.7333 759
12.75 759
12.7667 759
12.7833 759
12.8 759
12.8167 759
12.8333 760
12.85 760
12.8667 760
12.8833 760
12.9 760
12.9167 760
12.9333 760
12.95 760
12.9667 760
12.9833 759
13.0 759
13.0167 759
13.0333 759
13.05 759
13.0667 759
13.0833 758
13.1 758
13.1167 758
13.1333 758
13.15 757
13.1667 757
13.1833 757
13.2 756
13.2167 756
13.2333 756
13.25 755
13.2667 755
13.2833 754
13.3 754
13.3167 753
13.3333 753
13.35 752
13.3667 752
13.3833 751
13.4 751
13.4167 750
13.4333 749
13.45 749
13.4667 748
13.4833 747
13.5 747
13.5167 746
13.5333 745
13.55 744
13.5667 744
13.5833 743
13.6 742
13.6167 741
13.6333 740
13.65 739
13.6667 738
13.6833 737
13.7 737
13.7167 736
13.7333 735
13.75 734
13.7667 733
13.7833 732
13.8 730
13.8167 729
13.8333 728
13.85 727
13.8667 726
13.8833 725
13.9 724
13.9167 722
13.9333 721
13.95 720
13.9667 719
13.9833 717
14.0 716
14.0167 715
14.0333 714
14.05 712
14.0667 711
14.0833 709
14.1 708
14.1167 707
14.1333 705
14.15 704
14.1667 702
14.1833 701
14.2 699
14.2167 698
14.2333 696
14.25 694
14.2667 693
14.2833 691
14.3 690
14.3167 688
14.3333 686
14.35 685
14.3667 683
14.3833 681
14.4 679
14.4167 678
14.4333 676
14.45 674
14.4667 672
14.4833 670
14.5 669
14.5167 667
14.5333 665
14.55 663
14.5667 661
14.5833 659
14.6 657
14.6167 655
14.6333 653
14.65 651
14.6667 649
14.6833 647
14.7 645
14.7167 643
14.7333 641
14.75 639
14.7667 636
14.7833 634
14.8 632
14.8167 630
14.8333 628
14.85 626
14.8667 623
14.8833 621
14.9 619
14.9167 616
14.9333 614
14.95 612
14.9667 610
14.9833 607
15.0 606
15.0167 603
15.0333 601
15.05 599
15.0667 596
15.0833 594
15.1 591
15.1167 589
15.1333 586
15.15 584
15.1667 581
15.1833 579
15.2 576
15.2167 574
15.2333 571
15.25 568
15.2667 566
15.2833 563
15.3 560
15.3167 558
15.3333 555
15.35 552
15.3667 550
15.3833 547
15.4 544
15.4167 541
15.4333 539
15.45 536
15.4667 533
15.4833 530
15.5 527
15.5167 525
15.5333 522
15.55 519
15.5667 516
15.5833 513
15.6 510
15.6167 507
15.6333 504
15.65 501
15.6667 498
15.6833 495
15.7 492
15.7167 489
15.7333 486
15.75 483
15.7667 480
15.7833 477
15.8 474
15.8167 471
15.8333 468
15.85 465
15.8667 462
15.8833 459
15.9 455
15.9167 452
15.9333 449
15.95 446
15.9667 443
15.9833 440
16.0 436
16.0167 433
16.0333 430
16.05 427
16.0667 423
16.0833 420
16.1 417
16.1167 414
16.1333 410
16.15 407
16.1667 404
16.1833 400
16.2 397
16.2167 394
16.2333 390
16.25 387
16.2667 384
16.2833 380
16.3 377
16.3167 373
16.3333 370
16.35 367
16.3667 363
16.3833 360
16.4 356
16.4167 353
16.4333 349
16.45 346
16.4667 342
16.4833 339
16.5 335
16.5167 332
16.5333 328
16.55 325
16.5667 321
16.5833 318
16.6 314
16.6167 311
16.6333 307
16.65 304
16.6667 300
16.6833 297
16.7 293
16.7167 290
16.7333 286
16.75 282
16.7667 279
16.7833 275
16.8 272
16.8167 268
16.8333 265
16.85 261
16.8667 257
16.8833 254
16.9 250
16.9167 247
16.9333 243
16.95 240
16.9667 236
16.9833 232
