8.0 61
8.0167 64
8.0333 67
8.05 70
8.0667 72
8.0833 75
8.1 78
8.1167 81
8.1333 84
8.15 87
8.1667 90
8.1833 93
8.2 96
8.2167 100
8.2333 103
8.25 106
8.2667 109
8.2833 112
8.3 115
8.3167 119
8.3333 122
8.35 125
8.3667 128
8.3833 132
8.4 135
8.4167 138
8.4333 142
8.45 145
8.4667 148
8.4833 152
8.5 155
8.5167 159
8.5333 162
8.55 165
8.5667 169
8.5833 172
8.6 175
8.6167 179
8.6333 182
8.65 186
8.6667 189
8.6833 193
8.7 196
8.7167 199
8.7333 203
8.75 206
8.7667 210
8.7833 213
8.8 217
8.8167 220
8.8333 223
8.85 227
8.8667 230
8.8833 234
8.9 237
8.9167 241
8.9333 244
8.95 247
8.9667 251
8.9833 254
9.0 258
9.0167 261
9.0333 265
9.05 268
9.0667 271
9.0833 275
9.1 278
9.1167 282
9.1333 285
9.15 288
9.1667 292
9.1833 295
9.2 298
9.2167 302
9.2333 305
9.25 308
9.2667 312
9.2833 315
9.3 318
9.3167 322
9.3333 325
9.35 328
9.3667 332
9.3833 335
9.4 338
9.4167 342
9.4333 345
9.45 348
9.4667 351
9.4833 355
9.5 358
9.5167 361
9.5333 364
9.55 367
9.5667 371
9.5833 374
9.6 377
9.6167 380
9.6333 383
9.65 386
9.6667 390
9.6833 393
9.7 396
9.7167 399
9.7333 402
9.75 405
9.7667 408
9.7833 411
9.8 414
9.8167 417
9.8333 420
9.85 423
9.8667 426
9.8833 429
9.9 432
9.9167 435
9.9333 438
9.95 441
9.9667 444
9.9833 447
10.0 450
10.0167 453
10.0333 456
10.05 459
10.0667 462
10.0833 464
10.1 467
10.1167 470
10.1333 473
10.15 476
10.1667 478
10.1833 481
10.2 484
10.2167 487
10.2333 489
10.25 492
10.2667 495
10.2833 497
10.3 500
10.3167 503
10.3333 505
10.35 508
10.3667 511
10.3833 513
10.4 516
10.4167 518
10.4333 521
10.45 524
10.4667 526
10.4833 529
10.5 531
10.5167 534
10.5333 536
10.55 538
10.5667 541
10.5833 543
10.6 546
10.6167 548
10.6333 550
10.65 553
10.6667 555
10.6833 557
10.7 560
10.7167 562
10.7333 564
10.75 567
10.7667 569
10.7833 571
10.8 573
10.8167 575
10.8333 578
10.85 580
10.8667 582
10.8833 584
10.9 586
10.9167 588
10.9333 590
10.95 592
10.9667 595
10.9833 597
11.0 599
11.0167 601
11.0333 603
11.05 604
11.0667 606
11.0833 608
11.1 610
11.1167 612
11.1333 614
11.15 616
11.1667 618
11.1833 620
11.2 621
11.2167 623
11.2333 625
11.25 627
11.2667 628
11.2833 630
11.3 632
11.3167 634
11.3333 635
11.35 637
11.3667 638
11.3833 640
11.4 642
11.4167 643
11.4333 645
11.45 646
11.4667 648
11.4833 649
11.5 651
11.5167 652
11.5333 654
11.55 655
11.5667 657
11.5833 658
11.6 659
11.6167 661
11.6333 662
11.65 663
11.6667 665
11.6833 666
11.7 667
11.7167 669
11.7333 670
11.75 671
11.7667 672
11.7833 673
11.8 674
11.8167 676
11.8333 677
11.85 678
11.8667 679
11.8833 680
11.9 681
11.9167 682
11.9333 683
11.95 684
11.9667 685
11.9833 686
12.0 687
12.0167 688
12.0333 689
12.05 690
12.0667 690
12.0833 691
12.1 692
12.1167 693
12.1333 694
12.15 694
12.1667 695
12.1833 696
12.2 696
12.2167 697
12.2333 698
12.25 698
12.2667 699
12.2833 700
12.3 700
12.3167 701
12.3333 701
12.35 702
12.3667 702
12.3833 703
12.4 703
12.4167 704
12.4333 704
12.45 705
12.4667 705
12.4833 705
12.5 706
12.5167 706
12.5333 706
12.55 707
12.5667 707
12.5833 707
12.6 707
12.6167 708
12.6333 708
12.65 708
12.6667 708
12.6833 708
12.7 708
12.7167 708
12.7333 708
12.75 709
12.7667 709
12.7833 709
12.8 709
12.8167 709
12.8333 708
12.85 708
12.8667 708
12.8833 708
12.9 708
12.9167 708
12.9333 708
12.95 708
12.9667 707
12.9833 707
13.0 707
13.0167 707
13.0333 706
13.05 706
13.0667 706
13.0833 705
13.1 705
13.1167 705
13.1333 704
13.15 704
13.1667 703
13.1833 703
13.2 703
13.2167 702
13.2333 702
13.25 701
13.2667 700
13.2833 700
13.3 699
13.3167 699
13.3333 698
13.35 697
13.3667 697
13.3833 696
13.4 695
13.4167 695
13.4333 694
13.45 693
13.4667 692
13.4833 691
13.5 691
13.5167 690
13.5333 689
13.55 688
13.5667 687
13.5833 686
13.6 685
13.6167 684
13.6333 683
13.65 682
13.6667 681
13.6833 680
13.7 679
13.7167 678
13.7333 677
13.75 676
13.7667 675
13.7833 674
13.8 673
13.8167 671
13.8333 670
13.85 669
13.8667 668
13.8833 666
13.9 665
13.9167 664
13.9333 663
13.95 661
13.9667 660
13.9833 659
14.0 657
14.0167 656
14.0333 654
14.05 653
14.0667 651
14.0833 650
14.1 648
14.1167 647
14.1333 645
14.15 644
14.1667 642
14.1833 641
14.2 639
14.2167 637
14.2333 636
14.25 634
14.2667 632
14.2833 631
14.3 629
14.3167 627
14.3333 626
14.35 624
14.3667 622
14.3833 620
14.4 618
14.4167 617
14.4333 615
14.45 613
14.4667 611
14.4833 609
14.5 607
14.5167 605
14.5333 603
14.55 601
14.5667 599
14.5833 597
14.6 595
14.6167 593
14.6333 591
14.65 589
14.6667 587
14.6833 585
14.7 583
14.7167 581
14.7333 578
14.75 576
14.7667 574
14.7833 572
14.8 570
14.8167 567
14.8333 565
14.85 563
14.8667 561
14.8833 558
14.9 556
14.9167 554
14.9333 551
14.95 549
14.9667 547
14.9833 544
15.0 542
15.0167 540
15.0333 538
15.05 535
15.0667 533
15.0833 530
15.1 528
15.1167 525
15.1333 523
15.15 520
15.1667 517
15.1833 515
15.2 512
15.2167 510
15.2333 507
15.25 504
15.2667 502
15.2833 499
15.3 496
15.3167 494
15.3333 491
15.35 488
15.3667 486
15.3833 483
15.4 480
15.4167 477
15.4333 475
15.45 472
15.4667 469
15.4833 466
15.5 463
15.5167 460
15.5333 458
15.55 455
15.5667 452
15.5833 449
15.6 446
15.6167 443
15.6333 440
15.65 437
15.6667 434
15.6833 431
15.7 428
15.7167 425
15.7333 422
15.75 419
15.7667 416
15.7833 413
15.8 410
15.8167 407
15.8333 404
15.85 401
15.8667 398
15.8833 395
15.9 391
15.9167 388
15.9333 385
15.95 382
15.9667 379
15.9833 376
16.0 373
16.0167 369
16.0333 366
16.05 363
16.0667 360
16.0833 356
16.1 353
16.1167 350
16.1333 347
16.15 343
16.1667 340
16.1833 337
16.2 334
16.2167 330
16.2333 327
16.25 324
16.2667 320
16.2833 317
16.3 314
16.3167 310
16.3333 307
16.35 304
16.3667 300
16.3833 297
16.4 294
16.4167 290
16.4333 287
16.45 283
16.4667 280
16.4833 277
16.5 273
16.5167 270
16.5333 266
16.55 263
16.5667 260
16.5833 256
16.6 253
16.6167 249
16.6333 246
16.65 242
16.6667 239
16.6833 236
16.7 232
16.7167 229
16.7333 225
16.75 222
16.7667 218
16.7833 215
16.8 212
16.8167 208
16.8333 205
16.85 201
16.8667 198
16.8833 194
16.9 191
16.9167 188
16.9333 184
16.95 181
16.9667 177
16.9833 174
