8.0 59
8.0167 62
8.0333 64
8.05 67
8.0667 70
8.0833 73
8.1 76
8.1167 79
8.1333 82
8.15 85
8.1667 88
8.1833 91
8.2 94
8.2167 97
8.2333 100
8.25 103
8.2667 106
8.2833 109
8.3 112
8.3167 116
8.3333 119
8.35 122
8.3667 125
8.3833 129
8.4 132
8.4167 135
8.4333 139
8.45 142
8.4667 145
8.4833 149
8.5 152
8.5167 155
8.5333 159
8.55 162
8.5667 166
8.5833 169
8.6 172
8.6167 176
8.6333 179
8.65 183
8.6667 186
8.6833 190
8.7 193
8.7167 197
8.7333 200
8.75 203
8.7667 207
8.7833 210
8.8 214
8.8167 217
8.8333 221
8.85 224
8.8667 228
8.8833 231
8.9 235
8.9167 238
8.9333 242
8.95 245
8.9667 248
8.9833 252
9.0 255
9.0167 259
9.0333 262
9.05 266
9.0667 269
9.0833 273
9.1 276
9.1167 280
9.1333 283
9.15 286
9.1667 290
9.1833 293
9.2 297
9.2167 300
9.2333 304
9.25 307
9.2667 310
9.2833 314
9.3 317
9.3167 320
9.3333 324
9.35 327
9.3667 331
9.3833 334
9.4 337
9.4167 341
9.4333 344
9.45 347
9.4667 350
9.4833 354
9.5 357
9.5167 360
9.5333 364
9.55 367
9.5667 370
9.5833 373
9.6 377
9.6167 380
9.6333 383
9.65 386
9.6667 389
9.6833 393
9.7 396
9.7167 399
9.7333 402
9.75 405
9.7667 408
9.7833 411
9.8 415
9.8167 418
9.8333 421
9.85 424
9.8667 427
9.8833 430
9.9 433
9.9167 436
9.9333 439
9.95 442
9.9667 445
9.9833 448
10.0 451
10.0167 454
10.0333 457
10.05 460
10.0667 463
10.0833 466
10.1 469
10.1167 471
10.1333 474
10.15 477
10.1667 480
10.1833 483
10.2 486
10.2167 488
10.2333 491
10.25 494
10.2667 497
10.2833 500
10.3 502
10.3167 505
10.3333 508
10.35 510
10.3667 513
10.3833 516
10.4 518
10.4167 521
10.4333 524
10.45 526
10.4667 529
10.4833 531
10.5 534
10.5167 537
10.5333 539
10.55 542
10.5667 544
10.5833 547
10.6 549
10.6167 551
10.6333 554
10.65 556
10.6667 559
10.6833 561
10.7 564
10.7167 566
10.7333 568
10.75 571
10.7667 573
10.7833 575
10.8 577
10.8167 580
10.8333 582
10.85 584
10.8667 586
10.8833 589
10.9 591
10.9167 593
10.9333 595
10.95 597
10.9667 599
10.9833 601
11.0 604
11.0167 606
11.0333 608
11.05 610
11.0667 612
11.0833 614
11.1 616
11.1167 618
11.1333 620
11.15 622
11.1667 623
11.1833 625
11.2 627
11.2167 629
11.2333 631
11.25 633
11.2667 635
11.2833 636
11.3 638
11.3167 640
11.3333 642
11.35 643
11.3667 645
11.3833 647
11.4 648
11.4167 650
11.4333 652
11.45 653
11.4667 655
11.4833 656
11.5 658
11.5167 660
11.5333 661
11.55 663
11.5667 664
11.5833 665
11.6 667
11.6167 668
11.6333 670
11.65 671
11.6667 673
11.6833 674
11.7 675
11.7167 677
11.7333 678
11.75 679
11.7667 680
11.7833 682
11.8 683
11.8167 684
11.8333 685
11.85 686
11.8667 688
11.8833 689
11.9 690
11.9167 691
11.9333 692
11.95 693
11.9667 694
11.9833 695
12.0 696
12.0167 697
12.0333 698
12.05 699
12.0667 700
12.0833 701
12.1 702
12.1167 702
12.1333 703
12.15 704
12.1667 705
12.1833 706
12.2 706
12.2167 707
12.2333 708
12.25 709
12.2667 709
12.2833 710
12.3 711
12.3167 711
12.3333 712
12.35 712
12.3667 713
12.3833 714
12.4 714
12.4167 715
12.4333 715
12.45 716
12.4667 716
12.4833 716
12.5 717
12.5167 717
12.5333 718
12.55 718
12.5667 718
12.5833 719
12.6 719
12.6167 719
12.6333 719
12.65 720
12.6667 720
12.6833 720
12.7 720
12.7167 720
12.7333 721
12.75 721
12.7667 721
12.7833 721
12.8 721
12.8167 721
12.8333 721
12.85 721
12.8667 721
12.8833 721
12.9 721
12.9167 721
12.9333 721
12.95 721
12.9667 720
12.9833 720
13.0 720
13.0167 720
13.0333 720
13.05 719
13.0667 719
13.0833 719
13.1 719
13.1167 718
13.1333 718
13.15 718
13.1667 717
13.1833 717
13.2 716
13.2167 716
13.2333 715
13.25 715
13.2667 715
13.2833 714
13.3 713
13.3167 713
13.3333 712
13.35 712
13.3667 711
13.3833 711
13.4 710
13.4167 709
13.4333 709
13.45 708
13.4667 707
13.4833 706
13.5 706
13.5167 705
13.5333 704
13.55 703
13.5667 702
13.5833 701
13.6 701
13.6167 700
13.6333 699
13.65 698
13.6667 697
13.6833 696
13.7 695
13.7167 694
13.7333 693
13.75 692
13.7667 691
13.7833 690
13.8 688
13.8167 687
13.8333 686
13.85 685
13.8667 684
13.8833 683
13.9 681
13.9167 680
13.9333 679
13.95 678
13.9667 676
13.9833 675
14.0 674
14.0167 672
14.0333 671
14.05 669
14.0667 668
14.0833 667
14.1 665
14.1167 664
14.1333 662
14.15 661
14.1667 659
14.1833 658
14.2 656
14.2167 654
14.2333 653
14.25 651
14.2667 650
14.2833 648
14.3 646
14.3167 645
14.3333 643
14.35 641
14.3667 639
14.3833 638
14.4 636
14.4167 634
14.4333 632
14.45 631
14.4667 629
14.4833 627
14.5 625
14.5167 623
14.5333 621
14.55 619
14.5667 617
14.5833 615
14.6 613
14.6167 611
14.6333 609
14.65 607
14.6667 605
14.6833 603
14.7 601
14.7167 599
14.7333 597
14.75 595
14.7667 592
14.7833 590
14.8 588
14.8167 586
14.8333 584
14.85 581
14.8667 579
14.8833 577
14.9 575
14.9167 572
14.9333 570
14.95 568
14.9667 565
14.9833 563
15.0 561
15.0167 559
15.0333 557
15.05 554
15.0667 552
15.0833 549
15.1 547
15.1167 544
15.1333 542
15.15 539
15.1667 537
15.1833 534
15.2 532
15.2167 529
15.2333 527
15.25 524
15.2667 521
15.2833 519
15.3 516
15.3167 513
15.3333 511
15.35 508
15.3667 505
15.3833 503
15.4 500
15.4167 497
15.4333 494
15.45 491
15.4667 489
15.4833 486
15.5 483
15.5167 480
15.5333 477
15.55 475
15.5667 472
15.5833 469
15.6 466
15.6167 463
15.6333 460
15.65 457
15.6667 454
15.6833 451
15.7 448
15.7167 445
15.7333 442
15.75 439
15.7667 436
15.7833 433
15.8 430
15.8167 427
15.8333 424
15.85 421
15.8667 418
15.8833 415
15.9 412
15.9167 408
15.9333 405
15.95 402
15.9667 399
15.9833 396
16.0 393
16.0167 390
16.0333 386
16.05 383
16.0667 380
16.0833 377
16.1 373
16.1167 370
16.1333 367
16.15 364
16.1667 360
16.1833 357
16.2 354
16.2167 351
16.2333 347
16.25 344
16.2667 341
16.2833 337
16.3 334
16.3167 331
16.3333 327
16.35 324
16.3667 321
16.3833 317
16.4 314
16.4167 310
16.4333 307
16.45 304
16.4667 300
16.4833 297
16.5 293
16.5167 290
16.5333 287
16.55 283
16.5667 280
16.5833 276
16.6 273
16.6167 269
16.6333 266
16.65 262
16.6667 259
16.6833 256
16.7 252
16.7167 249
16.7333 245
16.75 242
16.7667 238
16.7833 235
16.8 231
16.8167 228
16.8333 224
16.85 221
16.8667 217
16.8833 214
16.9 210
16.9167 207
16.9333 204
16.95 200
16.9667 197
16.9833 193
