8.0 65
8.0167 68
8.0333 71
8.05 74
8.0667 77
8.0833 80
8.1 83
8.1167 86
8.1333 89
8.15 92
8.1667 95
8.1833 99
8.2 102
8.2167 105
8.2333 108
8.25 112
8.2667 115
8.2833 118
8.3 122
8.3167 125
8.3333 129
8.35 132
8.3667 136
8.3833 139
8.4 142
8.4167 146
8.4333 149
8.45 153
8.4667 156
8.4833 160
8.5 163
8.5167 167
8.5333 170
8.55 174
8.5667 177
8.5833 181
8.6 184
8.6167 188
8.6333 192
8.65 195
8.6667 199
8.6833 202
8.7 206
8.7167 209
8.7333 213
8.75 217
8.7667 220
8.7833 224
8.8 227
8.8167 231
8.8333 234
8.85 238
8.8667 242
8.8833 245
8.9 249
8.9167 252
8.9333 256
8.95 259
8.9667 263
8.9833 267
9.0 270
9.0167 274
9.0333 278
9.05 281
9.0667 285
9.0833 288
9.1 292
9.1167 295
9.1333 299
9.15 302
9.1667 306
9.1833 309
9.2 313
9.2167 316
9.2333 320
9.25 323
9.2667 327
9.2833 330
9.3 334
9.3167 337
9.3333 341
9.35 344
9.3667 348
9.3833 351
9.4 355
9.4167 358
9.4333 361
9.45 365
9.4667 368
9.4833 372
9.5 375
9.5167 378
9.5333 382
9.55 385
9.5667 388
9.5833 392
9.6 395
9.6167 398
9.6333 402
9.65 405
9.6667 408
9.6833 412
9.7 415
9.7167 418
9.7333 421
9.75 425
9.7667 428
9.7833 431
9.8 434
9.8167 437
9.8333 440
9.85 444
9.8667 447
9.8833 450
9.9 453
9.9167 456
9.9333 459
9.95 462
9.9667 465
9.9833 469
10.0 472
10.0167 475
10.0333 478
10.05 481
10.0667 484
10.0833 487
10.1 490
10.1167 493
10.1333 496
10.15 498
10.1667 501
10.1833 504
10.2 507
10.2167 510
10.2333 513
10.25 516
10.2667 519
10.2833 522
10.3 524
10.3167 527
10.3333 530
10.35 533
10.3667 535
10.3833 538
10.4 541
10.4167 544
10.4333 546
10.45 549
10.4667 552
10.4833 554
10.5 557
10.5167 560
10.5333 562
10.55 565
10.5667 567
10.5833 570
10.6 572
10.6167 575
10.6333 578
10.65 580
10.6667 583
10.6833 585
10.7 587
10.7167 590
10.7333 592
10.75 595
10.7667 597
10.7833 599
10.8 602
10.8167 604
10.8333 606
10.85 609
10.8667 611
10.8833 613
10.9 616
10.9167 618
10.9333 620
10.95 622
10.9667 624
10.9833 627
11.0 629
11.0167 631
11.0333 633
11.05 635
11.0667 637
11.0833 639
11.1 641
11.1167 643
11.1333 645
11.15 647
11.1667 649
11.1833 651
11.2 653
11.2167 655
11.2333 657
11.25 659
11.2667 661
11.2833 663
11.3 665
11.3167 666
11.3333 668
11.35 670
11.3667 672
11.3833 674
11.4 675
11.4167 677
11.4333 679
11.45 680
11.4667 682
11.4833 684
11.5 685
11.5167 687
11.5333 689
11.55 690
11.5667 692
11.5833 693
11.6 695
11.6167 696
11.6333 698
11.65 699
11.6667 701
11.6833 702
11.7 703
11.7167 705
11.7333 706
11.75 707
11.7667 709
11.7833 710
11.8 711
11.8167 713
11.8333 714
11.85 715
11.8667 716
11.8833 718
11.9 719
11.9167 720
11.9333 721
11.95 722
11.9667 723
11.9833 724
12.0 725
12.0167 726
12.0333 727
12.05 728
12.0667 729
12.0833 730
12.1 731
12.1167 732
12.1333 733
12.15 734
12.1667 735
12.1833 736
12.2 737
12.2167 737
12.2333 738
12.25 739
12.2667 740
12.2833 740
12.3 741
12.3167 742
12.3333 742
12.35 743
12.3667 744
12.3833 744
12.4 745
12.4167 745
12.4333 746
12.45 746
12.4667 747
12.4833 747
12.5 748
12.5167 748
12.5333 749
12.55 749
12.5667 750
12.5833 750
12.6 750
12.6167 751
12.6333 751
12.65 751
12.6667 752
12.6833 752
12.7 752
12.7167 752
12.7333 752
12.75 753
12.7667 753
12.7833 753
12.8 753
12.8167 753
12.8333 753
12.85 753
12.8667 753
12.8833 753
12.9 753
12.9167 753
12.9333 753
12.95 753
12.9667 753
12.9833 753
13.0 753
13.0167 753
13.0333 752
13.05 752
13.0667 752
13.0833 752
13.1 751
13.1167 751
13.1333 751
13.15 751
13.1667 750
13.1833 750
13.2 750
13.2167 749
13.2333 749
13.25 748
13.2667 748
13.2833 747
13.3 747
13.3167 746
13.3333 746
13.35 745
13.3667 745
13.3833 744
13.4 744
13.4167 743
13.4333 742
13.45 742
13.4667 741
13.4833 740
13.5 739
13.5167 739
13.5333 738
13.55 737
13.5667 736
13.5833 736
13.6 735
13.6167 734
13.6333 733
13.65 732
13.6667 731
13.6833 730
13.7 729
13.7167 728
13.7333 727
13.75 726
13.7667 725
13.7833 724
13.8 723
13.8167 722
13.8333 721
13.85 720
13.8667 718
13.8833 717
13.9 716
13.9167 715
13.9333 714
13.95 712
13.9667 711
13.9833 710
14.0 709
14.0167 707
14.0333 706
14.05 705
14.0667 703
14.0833 702
14.1 700
14.1167 699
14.1333 697
14.15 696
14.1667 694
14.1833 693
14.2 691
14.2167 690
14.2333 688
14.25 687
14.2667 685
14.2833 683
14.3 682
14.3167 680
14.3333 678
14.35 677
14.3667 675
14.3833 673
14.4 672
14.4167 670
14.4333 668
14.45 666
14.4667 664
14.4833 662
14.5 661
14.5167 659
14.5333 657
14.55 655
14.5667 653
14.5833 651
14.6 649
14.6167 647
14.6333 645
14.65 643
14.6667 641
14.6833 639
14.7 637
14.7167 635
14.7333 633
14.75 631
14.7667 628
14.7833 626
14.8 624
14.8167 622
14.8333 620
14.85 617
14.8667 615
14.8833 613
14.9 611
14.9167 608
14.9333 606
14.95 604
14.9667 601
14.9833 599
15.0 598
15.0167 595
15.0333 593
15.05 590
15.0667 588
15.0833 585
15.1 583
15.1167 581
15.1333 578
15.15 575
15.1667 573
15.1833 570
15.2 568
15.2167 565
15.2333 563
15.25 560
15.2667 557
15.2833 555
15.3 552
15.3167 549
15.3333 547
15.35 544
15.3667 541
15.3833 539
15.4 536
15.4167 533
15.4333 530
15.45 528
15.4667 525
15.4833 522
15.5 519
15.5167 516
15.5333 513
15.55 511
15.5667 508
15.5833 505
15.6 502
15.6167 499
15.6333 496
15.65 493
15.6667 490
15.6833 487
15.7 484
15.7167 481
15.7333 478
15.75 475
15.7667 472
15.7833 469
15.8 466
15.8167 463
15.8333 460
15.85 457
15.8667 453
15.8833 450
15.9 447
15.9167 444
15.9333 441
15.95 438
15.9667 434
15.9833 431
16.0 428
16.0167 425
16.0333 422
16.05 418
16.0667 415
16.0833 412
16.1 409
16.1167 405
16.1333 402
16.15 399
16.1667 395
16.1833 392
16.2 389
16.2167 385
16.2333 382
16.25 379
16.2667 375
16.2833 372
16.3 369
16.3167 365
16.3333 362
16.35 358
16.3667 355
16.3833 351
16.4 348
16.4167 345
16.4333 341
16.45 338
16.4667 334
16.4833 331
16.5 327
16.5167 324
16.5333 320
16.55 317
16.5667 313
16.5833 310
16.6 306
16.6167 303
16.6333 299
16.65 296
16.6667 292
16.6833 289
16.7 285
16.7167 281
16.7333 278
16.75 274
16.7667 271
16.7833 267
16.8 264
16.8167 260
16.8333 256
16.85 253
16.8667 249
16.8833 246
16.9 242
16.9167 239
16.9333 235
16.95 231
16.9667 228
16.9833 224
