8.0 103
8.0167 106
8.0333 110
8.05 113
8.0667 116
8.0833 119
8.1 123
8.1167 126
8.1333 130
8.15 133
8.1667 137
8.1833 140
8.2 144
8.2167 147
8.2333 151
8.25 154
8.2667 158
8.2833 161
8.3 165
8.3167 169
8.3333 172
8.35 176
8.3667 179
8.3833 183
8.4 187
8.4167 190
8.4333 194
8.45 198
8.4667 201
8.4833 205
8.5 209
8.5167 213
8.5333 216
8.55 220
8.5667 224
8.5833 227
8.6 231
8.6167 235
8.6333 239
8.65 242
8.6667 246
8.6833 250
8.7 254
8.7167 257
8.7333 261
8.75 265
8.7667 269
8.7833 272
8.8 276
8.8167 280
8.8333 284
8.85 287
8.8667 291
8.8833 295
8.9 299
8.9167 302
8.9333 306
8.95 310
8.9667 313
8.9833 317
9.0 321
9.0167 326
9.0333 329
9.05 333
9.0667 337
9.0833 340
9.1 344
9.1167 348
9.1333 351
9.15 355
9.1667 359
9.1833 362
9.2 366
9.2167 370
9.2333 373
9.25 377
9.2667 381
9.2833 384
9.3 388
9.3167 392
9.3333 395
9.35 399
9.3667 402
9.3833 406
9.4 410
9.4167 413
9.4333 417
9.45 420
9.4667 424
9.4833 427
9.5 431
9.5167 434
9.5333 438
9.55 441
9.5667 445
9.5833 448
9.6 452
9.6167 455
9.6333 459
9.65 462
9.6667 465
9.6833 469
9.7 472
9.7167 476
9.7333 479
9.75 482
9.7667 486
9.7833 489
9.8 492
9.8167 496
9.8333 499
9.85 502
9.8667 506
9.8833 509
9.9 512
9.9167 515
9.9333 519
9.95 522
9.9667 525
9.9833 528
10.0 531
10.0167 535
10.0333 538
10.05 541
10.0667 544
10.0833 547
10.1 550
10.1167 553
10.1333 557
10.15 560
10.1667 563
10.1833 566
10.2 569
10.2167 572
10.2333 575
10.25 578
10.2667 581
10.2833 584
10.3 587
10.3167 589
10.3333 592
10.35 595
10.3667 598
10.3833 601
10.4 604
10.4167 607
10.4333 610
10.45 612
10.4667 615
10.4833 618
10.5 621
10.5167 623
10.5333 626
10.55 629
10.5667 632
10.5833 634
10.6 637
10.6167 640
10.6333 642
10.65 645
10.6667 647
10.6833 650
10.7 653
10.7167 655
10.7333 658
10.75 660
10.7667 663
10.7833 665
10.8 668
10.8167 670
10.8333 673
10.85 675
10.8667 677
10.8833 680
10.9 682
10.9167 685
10.9333 687
10.95 689
10.9667 691
10.9833 694
11.0 696
11.0167 698
11.0333 700
11.05 703
11.0667 705
11.0833 707
11.1 709
11.1167 711
11.1333 714
11.15 716
11.1667 718
11.1833 720
11.2 722
11.2167 724
11.2333 726
11.25 728
11.2667 730
11.2833 732
11.3 734
11.3167 736
11.3333 738
11.35 740
11.3667 741
11.3833 743
11.4 745
11.4167 747
11.4333 749
11.45 750
11.4667 752
11.4833 754
11.5 756
11.5167 757
11.5333 759
11.55 761
11.5667 762
11.5833 764
11.6 766
11.6167 767
11.6333 769
11.65 770
11.6667 772
11.6833 773
11.7 775
11.7167 776
11.7333 778
11.75 779
11.7667 781
11.7833 782
11.8 783
11.8167 785
11.8333 786
11.85 787
11.8667 789
11.8833 790
11.9 791
11.9167 792
11.9333 794
11.95 795
11.9667 796
11.9833 797
12.0 798
12.0167 800
12.0333 801
12.05 802
12.0667 803
12.0833 804
12.1 805
12.1167 806
12.1333 807
12.15 808
12.1667 809
12.1833 810
12.2 810
12.2167 811
12.2333 812
12.25 813
12.2667 814
12.2833 815
12.3 815
12.3167 816
12.3333 817
12.35 818
12.3667 818
12.3833 819
12.4 820
12.4167 820
12.4333 821
12.45 822
12.4667 822
12.4833 823
12.5 823
12.5167 824
12.5333 824
12.55 825
12.5667 825
12.5833 826
12.6 826
12.6167 826
12.6333 827
12.65 827
12.6667 827
12.6833 828
12.7 828
12.7167 828
12.7333 828
12.75 829
12.7667 829
12.7833 829
12.8 829
12.8167 829
12.8333 829
12.85 830
12.8667 830
12.8833 830
12.9 830
12.9167 830
12.9333 830
12.95 830
12.9667 830
12.9833 830
13.0 830
13.0167 829
13.0333 829
13.05 829
13.0667 829
13.0833 829
13.1 829
13.1167 828
13.1333 828
13.15 828
13.1667 828
13.1833 827
13.2 827
13.2167 827
13.2333 826
13.25 826
13.2667 825
13.2833 825
13.3 824
13.3167 824
13.3333 824
13.35 823
13.3667 822
13.3833 822
13.4 821
13.4167 821
13.4333 820
13.45 819
13.4667 819
13.4833 818
13.5 817
13.5167 817
13.5333 816
13.55 815
13.5667 814
13.5833 814
13.6 813
13.6167 812
13.6333 811
13.65 810
13.6667 809
13.6833 808
13.7 807
13.7167 806
13.7333 805
13.75 804
13.7667 803
13.7833 802
13.8 801
13.8167 800
13.8333 799
13.85 798
13.8667 797
13.8833 796
13.9 794
13.9167 793
13.9333 792
13.95 791
13.9667 790
13.9833 788
14.0 787
14.0167 786
14.0333 784
14.05 783
14.0667 782
14.0833 780
14.1 779
14.1167 777
14.1333 776
14.15 774
14.1667 773
14.1833 771
14.2 770
14.2167 768
14.2333 767
14.25 765
14.2667 763
14.2833 762
14.3 760
14.3167 758
14.3333 757
14.35 755
14.3667 753
14.3833 752
14.4 750
14.4167 748
14.4333 746
14.45 744
14.4667 743
14.4833 741
14.5 739
14.5167 737
14.5333 735
14.55 733
14.5667 731
14.5833 729
14.6 727
14.6167 725
14.6333 723
14.65 721
14.6667 719
14.6833 717
14.7 715
14.7167 713
14.7333 711
14.75 708
14.7667 706
14.7833 704
14.8 702
14.8167 700
14.8333 697
14.85 695
14.8667 693
14.8833 691
14.9 688
14.9167 686
14.9333 684
14.95 681
14.9667 679
14.9833 677
15.0 675
15.0167 673
15.0333 670
15.05 668
15.0667 665
15.0833 663
15.1 660
15.1167 658
15.1333 655
15.15 653
15.1667 650
15.1833 647
15.2 645
15.2167 642
15.2333 640
15.25 637
15.2667 634
15.2833 632
15.3 629
15.3167 626
15.3333 623
15.35 621
15.3667 618
15.3833 615
15.4 612
15.4167 609
15.4333 607
15.45 604
15.4667 601
15.4833 598
15.5 595
15.5167 592
15.5333 589
15.55 586
15.5667 583
15.5833 581
15.6 578
15.6167 575
15.6333 572
15.65 569
15.6667 566
15.6833 562
15.7 559
15.7167 556
15.7333 553
15.75 550
15.7667 547
15.7833 544
15.8 541
15.8167 538
15.8333 534
15.85 531
15.8667 528
15.8833 525
15.9 522
15.9167 518
15.9333 515
15.95 512
15.9667 509
15.9833 505
16.0 502
16.0167 499
16.0333 495
16.05 492
16.0667 489
16.0833 485
16.1 482
16.1167 479
16.1333 475
16.15 472
16.1667 469
16.1833 465
16.2 462
16.2167 458
16.2333 455
16.25 451
16.2667 448
16.2833 444
16.3 441
16.3167 437
16.3333 434
16.35 430
16.3667 427
16.3833 423
16.4 420
16.4167 416
16.4333 413
16.45 409
16.4667 406
16.4833 402
16.5 398
16.5167 395
16.5333 391
16.55 388
16.5667 384
16.5833 380
16.6 377
16.6167 373
16.6333 369
16.65 366
16.6667 362
16.6833 358
16.7 355
16.7167 351
16.7333 347
16.75 344
16.7667 340
16.7833 336
16.8 332
16.8167 329
16.8333 325
16.85 321
16.8667 318
16.8833 314
16.9 310
16.9167 306
16.9333 303
16.95 299
16.9667 295
16.9833 291
