8.0 112
8.0167 116
8.0333 119
8.05 122
8.0667 125
8.0833 128
8.1 131
8.1167 135
8.1333 138
8.15 141
8.1667 145
8.1833 148
8.2 151
8.2167 155
8.2333 158
8.25 161
8.2667 165
8.2833 168
8.3 172
8.3167 175
8.3333 178
8.35 182
8.3667 185
8.3833 189
8.4 192
8.4167 196
8.4333 199
8.45 203
8.4667 206
8.4833 210
8.5 213
8.5167 217
8.5333 220
8.55 224
8.5667 228
8.5833 231
8.6 235
8.6167 238
8.6333 242
8.65 245
8.6667 249
8.6833 253
8.7 256
8.7167 260
8.7333 263
8.75 267
8.7667 271
8.7833 274
8.8 278
8.8167 281
8.8333 285
8.85 289
8.8667 292
8.8833 296
8.9 300
8.9167 303
8.9333 307
8.95 310
8.9667 314
8.9833 318
9.0 321
9.0167 326
9.0333 329
9.05 333
9.0667 336
9.0833 340
9.1 344
9.1167 347
9.1333 351
9.15 354
9.1667 358
9.1833 361
9.2 365
9.2167 369
9.2333 372
9.25 376
9.2667 379
9.2833 383
9.3 386
9.3167 390
9.3333 393
9.35 397
9.3667 400
9.3833 404
9.4 407
9.4167 411
9.4333 414
9.45 418
9.4667 421
9.4833 425
9.5 428
9.5167 431
9.5333 435
9.55 438
9.5667 442
9.5833 445
9.6 448
9.6167 452
9.6333 455
9.65 458
9.6667 462
9.6833 465
9.7 468
9.7167 472
9.7333 475
9.75 478
9.7667 482
9.7833 485
9.8 488
9.8167 491
9.8333 495
9.85 498
9.8667 501
9.8833 504
9.9 508
9.9167 511
9.9333 514
9.95 517
9.9667 520
9.9833 523
10.0 526
10.0167 530
10.0333 533
10.05 536
10.0667 539
10.0833 542
10.1 545
10.1167 548
10.1333 551
10.15 554
10.1667 557
10.1833 560
10.2 563
10.2167 566
10.2333 569
10.25 572
10.2667 575
10.2833 578
10.3 580
10.3167 583
10.3333 586
10.35 589
10.3667 592
10.3833 595
10.4 597
10.4167 600
10.4333 603
10.45 606
10.4667 609
10.4833 611
10.5 614
10.5167 617
10.5333 619
10.55 622
10.5667 625
10.5833 627
10.6 630
10.6167 633
10.6333 635
10.65 638
10.6667 640
10.6833 643
10.7 645
10.7167 648
10.7333 650
10.75 653
10.7667 655
10.7833 658
10.8 660
10.8167 663
10.8333 665
10.85 667
10.8667 670
10.8833 672
10.9 674
10.9167 677
10.9333 679
10.95 681
10.9667 683
10.9833 686
11.0 688
11.0167 690
11.0333 692
11.05 695
11.0667 697
11.0833 699
11.1 701
11.1167 703
11.1333 705
11.15 707
11.1667 709
11.1833 711
11.2 713
11.2167 715
11.2333 717
11.25 719
11.2667 721
11.2833 723
11.3 725
11.3167 727
11.3333 729
11.35 731
11.3667 733
11.3833 734
11.4 736
11.4167 738
11.4333 740
11.45 741
11.4667 743
11.4833 745
11.5 747
11.5167 748
11.5333 750
11.55 751
11.5667 753
11.5833 755
11.6 756
11.6167 758
11.6333 759
11.65 761
11.6667 762
11.6833 764
11.7 765
11.7167 767
11.7333 768
11.75 770
11.7667 771
11.7833 772
11.8 774
11.8167 775
11.8333 776
11.85 778
11.8667 779
11.8833 780
11.9 781
11.9167 783
11.9333 784
11.95 785
11.9667 786
11.9833 787
12.0 788
12.0167 789
12.0333 790
12.05 791
12.0667 793
12.0833 794
12.1 795
12.1167 795
12.1333 796
12.15 797
12.1667 798
12.1833 799
12.2 800
12.2167 801
12.2333 802
12.25 803
12.2667 803
12.2833 804
12.3 805
12.3167 806
12.3333 806
12.35 807
12.3667 808
12.3833 808
12.4 809
12.4167 810
12.4333 810
12.45 811
12.4667 811
12.4833 812
12.5 812
12.5167 813
12.5333 813
12.55 814
12.5667 814
12.5833 814
12.6 815
12.6167 815
12.6333 816
12.65 816
12.6667 816
12.6833 816
12.7 817
12.7167 817
12.7333 817
12.75 817
12.7667 818
12.7833 818
12.8 818
12.8167 818
12.8333 818
12.85 818
12.8667 818
12.8833 818
12.9 818
12.9167 818
12.9333 818
12.95 818
12.9667 818
12.9833 818
13.0 818
13.0167 818
13.0333 818
13.05 817
13.0667 817
13.0833 817
13.1 817
13.1167 817
13.1333 816
13.15 816
13.1667 816
13.1833 815
13.2 815
13.2167 815
13.2333 814
13.25 814
13.2667 813
13.2833 813
13.3 812
13.3167 812
13.3333 811
13.35 811
13.3667 810
13.3833 810
13.4 809
13.4167 809
13.4333 808
13.45 807
13.4667 807
13.4833 806
13.5 805
13.5167 804
13.5333 804
13.55 803
13.5667 802
13.5833 801
13.6 800
13.6167 800
13.6333 799
13.65 798
13.6667 797
13.6833 796
13.7 795
13.7167 794
13.7333 793
13.75 792
13.7667 791
13.7833 790
13.8 789
13.8167 788
13.8333 787
13.85 785
13.8667 784
13.8833 783
13.9 782
13.9167 781
13.9333 779
13.95 778
13.9667 777
13.9833 776
14.0 774
14.0167 773
14.0333 772
14.05 770
14.0667 769
14.0833 767
14.1 766
14.1167 764
14.1333 763
14.15 762
14.1667 760
14.1833 758
14.2 757
14.2167 755
14.2333 754
14.25 752
14.2667 751
14.2833 749
14.3 747
14.3167 746
14.3333 744
14.35 742
14.3667 740
14.3833 739
14.4 737
14.4167 735
14.4333 733
14.45 731
14.4667 730
14.4833 728
14.5 726
14.5167 724
14.5333 722
14.55 720
14.5667 718
14.5833 716
14.6 714
14.6167 712
14.6333 710
14.65 708
14.6667 706
14.6833 704
14.7 702
14.7167 700
14.7333 698
14.75 695
14.7667 693
14.7833 691
14.8 689
14.8167 687
14.8333 684
14.85 682
14.8667 680
14.8833 678
14.9 675
14.9167 673
14.9333 671
14.95 668
14.9667 666
14.9833 664
15.0 662
15.0167 660
15.0333 657
15.05 655
15.0667 652
15.0833 650
15.1 647
15.1167 645
15.1333 642
15.15 640
15.1667 637
15.1833 634
15.2 632
15.2167 629
15.2333 627
15.25 624
15.2667 621
15.2833 619
15.3 616
15.3167 613
15.3333 611
15.35 608
15.3667 605
15.3833 602
15.4 600
15.4167 597
15.4333 594
15.45 591
15.4667 588
15.4833 585
15.5 583
15.5167 580
15.5333 577
15.55 574
15.5667 571
15.5833 568
15.6 565
15.6167 562
15.6333 559
15.65 556
15.6667 553
15.6833 550
15.7 547
15.7167 544
15.7333 541
15.75 538
15.7667 535
15.7833 532
15.8 529
15.8167 525
15.8333 522
15.85 519
15.8667 516
15.8833 513
15.9 510
15.9167 506
15.9333 503
15.95 500
15.9667 497
15.9833 494
16.0 490
16.0167 487
16.0333 484
16.05 481
16.0667 477
16.0833 474
16.1 471
16.1167 467
16.1333 464
16.15 461
16.1667 457
16.1833 454
16.2 451
16.2167 447
16.2333 444
16.25 440
16.2667 437
16.2833 434
16.3 430
16.3167 427
16.3333 423
16.35 420
16.3667 416
16.3833 413
16.4 409
16.4167 406
16.4333 403
16.45 399
16.4667 396
16.4833 392
16.5 389
16.5167 385
16.5333 381
16.55 378
16.5667 374
16.5833 371
16.6 367
16.6167 364
16.6333 360
16.65 357
16.6667 353
16.6833 349
16.7 346
16.7167 342
16.7333 339
16.75 335
16.7667 332
16.7833 328
16.8 324
16.8167 321
16.8333 317
16.85 314
16.8667 310
16.8833 306
16.9 303
16.9167 299
16.9333 296
16.95 292
16.9667 288
16.9833 285
