8.0 121
8.0167 124
8.0333 128
8.05 131
8.0667 135
8.0833 138
8.1 142
8.1167 146
8.1333 149
8.15 153
8.1667 156
8.1833 160
8.2 164
8.2167 167
8.2333 171
8.25 175
8.2667 178
8.2833 182
8.3 186
8.3167 189
8.3333 193
8.35 197
8.3667 201
8.3833 204
8.4 208
8.4167 212
8.4333 216
8.45 219
8.4667 223
8.4833 227
8.5 231
8.5167 235
8.5333 238
8.55 242
8.5667 246
8.5833 250
8.6 254
8.6167 257
8.6333 261
8.65 265
8.6667 269
8.6833 273
8.7 276
8.7167 280
8.7333 284
8.75 288
8.7667 292
8.7833 296
8.8 299
8.8167 303
8.8333 307
8.85 311
8.8667 315
8.8833 318
8.9 322
8.9167 326
8.9333 330
8.95 333
8.9667 337
8.9833 341
9.0 345
9.0167 350
9.0333 353
9.05 357
9.0667 361
9.0833 365
9.1 368
9.1167 372
9.1333 376
9.15 380
9.1667 383
9.1833 387
9.2 391
9.2167 394
9.2333 398
9.25 402
9.2667 405
9.2833 409
9.3 413
9.3167 416
9.3333 420
9.35 424
9.3667 427
9.3833 431
9.4 434
9.4167 438
9.4333 442
9.45 445
9.4667 449
9.4833 452
9.5 456
9.5167 459
9.5333 463
9.55 467
9.5667 470
9.5833 474
9.6 477
9.6167 480
9.6333 484
9.65 487
9.6667 491
9.6833 494
9.7 498
9.7167 501
9.7333 505
9.75 508
9.7667 511
9.7833 515
9.8 518
9.8167 521
9.8333 525
9.85 528
9.8667 531
9.8833 535
9.9 538
9.9167 541
9.9333 544
9.95 548
9.9667 551
9.9833 554
10.0 557
10.0167 561
10.0333 564
10.05 567
10.0667 570
10.0833 573
10.1 576
10.1167 579
10.1333 583
10.15 586
10.1667 589
10.1833 592
10.2 595
10.2167 598
10.2333 601
10.25 604
10.2667 607
10.2833 610
10.3 613
10.3167 616
10.3333 619
10.35 621
10.3667 624
10.3833 627
10.4 630
10.4167 633
10.4333 636
10.45 639
10.4667 641
10.4833 644
10.5 647
10.5167 650
10.5333 652
10.55 655
10.5667 658
10.5833 661
10.6 663
10.6167 666
10.6333 669
10.65 671
10.6667 674
10.6833 676
10.7 679
10.7167 682
10.7333 684
10.75 687
10.7667 689
10.7833 692
10.8 694
10.8167 697
10.8333 699
10.85 701
10.8667 704
10.8833 706
10.9 709
10.9167 711
10.9333 713
10.95 716
10.9667 718
10.9833 720
11.0 723
11.0167 725
11.0333 727
11.05 729
11.0667 731
11.0833 734
11.1 736
11.1167 738
11.1333 740
11.15 742
11.1667 744
11.1833 746
11.2 748
11.2167 750
11.2333 752
11.25 754
11.2667 756
11.2833 758
11.3 760
11.3167 762
11.3333 764
11.35 766
11.3667 768
11.3833 770
11.4 772
11.4167 773
11.4333 775
11.45 777
11.4667 779
11.4833 781
11.5 782
11.5167 784
11.5333 786
11.55 787
11.5667 789
11.5833 791
11.6 792
11.6167 794
11.6333 795
11.65 797
11.6667 798
11.6833 800
11.7 801
11.7167 803
11.7333 804
11.75 806
11.7667 807
11.7833 809
11.8 810
11.8167 811
11.8333 813
11.85 814
11.8667 815
11.8833 817
11.9 818
11.9167 819
11.9333 820
11.95 821
11.9667 823
11.9833 824
12.0 825
12.0167 826
12.0333 827
12.05 828
12.0667 829
12.0833 830
12.1 831
12.1167 832
12.1333 833
12.15 834
12.1667 835
12.1833 836
12.2 837
12.2167 838
12.2333 839
12.25 839
12.2667 840
12.2833 841
12.3 842
12.3167 843
12.3333 843
12.35 844
12.3667 845
12.3833 845
12.4 846
12.4167 847
12.4333 847
12.45 848
12.4667 848
12.4833 849
12.5 849
12.5167 850
12.5333 850
12.55 851
12.5667 851
12.5833 852
12.6 852
12.6167 853
12.6333 853
12.65 853
12.6667 853
12.6833 854
12.7 854
12.7167 854
12.7333 855
12.75 855
12.7667 855
12.7833 855
12.8 855
12.8167 855
12.8333 856
12.85 856
12.8667 856
12.8833 856
12.9 856
12.9167 856
12.9333 856
12.95 856
12.9667 856
12.9833 856
13.0 855
13.0167 855
13.0333 855
13.05 855
13.0667 855
13.0833 855
13.1 854
13.1167 854
13.1333 854
13.15 854
13.1667 853
13.1833 853
13.2 853
13.2167 852
13.2333 852
13.25 851
13.2667 851
13.2833 851
13.3 850
13.3167 850
13.3333 849
13.35 849
13.3667 848
13.3833 847
13.4 847
13.4167 846
13.4333 846
13.45 845
13.4667 844
13.4833 844
13.5 843
13.5167 842
13.5333 841
13.55 841
13.5667 840
13.5833 839
13.6 838
13.6167 837
13.6333 836
13.65 835
13.6667 834
13.6833 834
13.7 833
13.7167 832
13.7333 831
13.75 830
13.7667 829
13.7833 827
13.8 826
13.8167 825
13.8333 824
13.85 823
13.8667 822
13.8833 821
13.9 819
13.9167 818
13.9333 817
13.95 816
13.9667 814
13.9833 813
14.0 812
14.0167 810
14.0333 809
14.05 808
14.0667 806
14.0833 805
14.1 803
14.1167 802
14.1333 800
14.15 799
14.1667 797
14.1833 796
14.2 794
14.2167 793
14.2333 791
14.25 790
14.2667 788
14.2833 786
14.3 785
14.3167 783
14.3333 781
14.35 779
14.3667 778
14.3833 776
14.4 774
14.4167 772
14.4333 770
14.45 769
14.4667 767
14.4833 765
14.5 763
14.5167 761
14.5333 759
14.55 757
14.5667 755
14.5833 753
14.6 751
14.6167 749
14.6333 747
14.65 745
14.6667 743
14.6833 741
14.7 739
14.7167 737
14.7333 734
14.75 732
14.7667 730
14.7833 728
14.8 726
14.8167 723
14.8333 721
14.85 719
14.8667 716
14.8833 714
14.9 712
14.9167 709
14.9333 707
14.95 705
14.9667 702
14.9833 700
15.0 698
15.0167 696
15.0333 693
15.05 691
15.0667 688
15.0833 686
15.1 683
15.1167 681
15.1333 678
15.15 676
15.1667 673
15.1833 670
15.2 668
15.2167 665
15.2333 662
15.25 660
15.2667 657
15.2833 654
15.3 652
15.3167 649
15.3333 646
15.35 643
15.3667 641
15.3833 638
15.4 635
15.4167 632
15.4333 629
15.45 626
15.4667 623
15.4833 620
15.5 618
15.5167 615
15.5333 612
15.55 609
15.5667 606
15.5833 603
15.6 600
15.6167 597
15.6333 594
15.65 591
15.6667 588
15.6833 584
15.7 581
15.7167 578
15.7333 575
15.75 572
15.7667 569
15.7833 566
15.8 563
15.8167 559
15.8333 556
15.85 553
15.8667 550
15.8833 546
15.9 543
15.9167 540
15.9333 537
15.95 533
15.9667 530
15.9833 527
16.0 523
16.0167 520
16.0333 517
16.05 513
16.0667 510
16.0833 507
16.1 503
16.1167 500
16.1333 496
16.15 493
16.1667 489
16.1833 486
16.2 483
16.2167 479
16.2333 476
16.25 472
16.2667 469
16.2833 465
16.3 462
16.3167 458
16.3333 454
16.35 451
16.3667 447
16.3833 444
16.4 440
16.4167 437
16.4333 433
16.45 429
16.4667 426
16.4833 422
16.5 418
16.5167 415
16.5333 411
16.55 407
16.5667 404
16.5833 400
16.6 396
16.6167 393
16.6333 389
16.65 385
16.6667 382
16.6833 378
16.7 374
16.7167 370
16.7333 367
16.75 363
16.7667 359
16.7833 355
16.8 352
16.8167 348
16.8333 344
16.85 340
16.8667 337
16.8833 333
16.9 329
16.9167 325
16.9333 321
16.95 318
16.9667 314
16.9833 310
