8.0 143
8.0167 147
8.0333 150
8.05 154
8.0667 158
8.0833 162
8.1 165
8.1167 169
8.1333 173
8.15 177
8.1667 181
8.1833 184
8.2 188
8.2167 192
8.2333 196
8.25 200
8.2667 204
8.2833 208
8.3 211
8.3167 215
8.3333 219
8.35 223
8.3667 227
8.3833 231
8.4 235
8.4167 239
8.4333 243
8.45 247
8.4667 251
8.4833 254
8.5 258
8.5167 262
8.5333 266
8.55 270
8.5667 274
8.5833 278
8.6 282
8.6167 286
8.6333 290
8.65 294
8.6667 298
8.6833 302
8.7 306
8.7167 309
8.7333 313
8.75 317
8.7667 321
8.7833 325
8.8 329
8.8167 333
8.8333 337
8.85 341
8.8667 345
8.8833 348
8.9 352
8.9167 356
8.9333 360
8.95 364
8.9667 368
8.9833 372
9.0 376
9.0167 380
9.0333 384
9.05 388
9.0667 392
9.0833 396
9.1 400
9.1167 403
9.1333 407
9.15 411
9.1667 415
9.1833 419
9.2 422
9.2167 426
9.2333 430
9.25 434
9.2667 437
9.2833 441
9.3 445
9.3167 448
9.3333 452
9.35 456
9.3667 459
9.3833 463
9.4 467
9.4167 470
9.4333 474
9.45 478
9.4667 481
9.4833 485
9.5 489
9.5167 492
9.5333 496
9.55 499
9.5667 503
9.5833 506
9.6 510
9.6167 513
9.6333 517
9.65 520
9.6667 524
9.6833 527
9.7 531
9.7167 534
9.7333 538
9.75 541
9.7667 545
9.7833 548
9.8 551
9.8167 555
9.8333 558
9.85 562
9.8667 565
9.8833 568
9.9 571
9.9167 575
9.9333 578
9.95 581
9.9667 585
9.9833 588
10.0 591
10.0167 594
10.0333 598
10.05 601
10.0667 604
10.0833 607
10.1 610
10.1167 613
10.1333 616
10.15 620
10.1667 623
10.1833 626
10.2 629
10.2167 632
10.2333 635
10.25 638
10.2667 641
10.2833 644
10.3 647
10.3167 650
10.3333 653
10.35 656
10.3667 659
10.3833 662
10.4 664
10.4167 667
10.4333 670
10.45 673
10.4667 676
10.4833 679
10.5 681
10.5167 684
10.5333 687
10.55 690
10.5667 692
10.5833 695
10.6 698
10.6167 700
10.6333 703
10.65 706
10.6667 708
10.6833 711
10.7 714
10.7167 716
10.7333 719
10.75 721
10.7667 724
10.7833 726
10.8 729
10.8167 731
10.8333 734
10.85 736
10.8667 739
10.8833 741
10.9 743
10.9167 746
10.9333 748
10.95 750
10.9667 753
10.9833 755
11.0 757
11.0167 760
11.0333 762
11.05 764
11.0667 766
11.0833 768
11.1 771
11.1167 773
11.1333 775
11.15 777
11.1667 779
11.1833 781
11.2 783
11.2167 785
11.2333 787
11.25 789
11.2667 791
11.2833 793
11.3 795
11.3167 797
11.3333 799
11.35 801
11.3667 803
11.3833 805
11.4 807
11.4167 808
11.4333 810
11.45 812
11.4667 814
11.4833 815
11.5 817
11.5167 819
11.5333 821
11.55 822
11.5667 824
11.5833 825
11.6 827
11.6167 829
11.6333 830
11.65 832
11.6667 833
11.6833 835
11.7 836
11.7167 838
11.7333 839
11.75 841
11.7667 842
11.7833 843
11.8 845
11.8167 846
11.8333 847
11.85 849
11.8667 850
11.8833 851
11.9 853
11.9167 854
11.9333 855
11.95 856
11.9667 857
11.9833 859
12.0 860
12.0167 861
12.0333 862
12.05 863
12.0667 864
12.0833 865
12.1 866
12.1167 867
12.1333 868
12.15 869
12.1667 870
12.1833 871
12.2 872
12.2167 872
12.2333 873
12.25 874
12.2667 875
12.2833 876
12.3 877
12.3167 877
12.3333 878
12.35 879
12.3667 879
12.3833 880
12.4 881
12.4167 881
12.4333 882
12.45 882
12.4667 883
12.4833 884
12.5 884
12.5167 885
12.5333 885
12.55 885
12.5667 886
12.5833 886
12.6 887
12.6167 887
12.6333 887
12.65 888
12.6667 888
12.6833 888
12.7 889
12.7167 889
12.7333 889
12.75 889
12.7667 889
12.7833 890
12.8 890
12.8167 890
12.8333 890
12.85 890
12.8667 890
12.8833 890
12.9 890
12.9167 890
12.9333 890
12.95 890
12.9667 890
12.9833 890
13.0 890
13.0167 890
13.0333 889
13.05 889
13.0667 889
13.0833 889
13.1 889
13.1167 888
13.1333 888
13.15 888
13.1667 887
13.1833 887
13.2 887
13.2167 886
13.2333 886
13.25 885
13.2667 885
13.2833 885
13.3 884
13.3167 884
13.3333 883
13.35 882
13.3667 882
13.3833 881
13.4 881
13.4167 880
13.4333 879
13.45 879
13.4667 878
13.4833 877
13.5 877
13.5167 876
13.5333 875
13.55 874
13.5667 873
13.5833 873
13.6 872
13.6167 871
13.6333 870
13.65 869
13.6667 868
13.6833 867
13.7 866
13.7167 865
13.7333 864
13.75 863
13.7667 862
13.7833 861
13.8 860
13.8167 859
13.8333 857
13.85 856
13.8667 855
13.8833 854
13.9 853
13.9167 851
13.9333 850
13.95 849
13.9667 848
13.9833 846
14.0 845
14.0167 844
14.0333 842
14.05 841
14.0667 839
14.0833 838
14.1 836
14.1167 835
14.1333 833
14.15 832
14.1667 830
14.1833 829
14.2 827
14.2167 826
14.2333 824
14.25 822
14.2667 821
14.2833 819
14.3 817
14.3167 816
14.3333 814
14.35 812
14.3667 810
14.3833 809
14.4 807
14.4167 805
14.4333 803
14.45 801
14.4667 799
14.4833 797
14.5 795
14.5167 793
14.5333 791
14.55 789
14.5667 787
14.5833 785
14.6 783
14.6167 781
14.6333 779
14.65 777
14.6667 775
14.6833 773
14.7 771
14.7167 769
14.7333 766
14.75 764
14.7667 762
14.7833 760
14.8 757
14.8167 755
14.8333 753
14.85 751
14.8667 748
14.8833 746
14.9 744
14.9167 741
14.9333 739
14.95 736
14.9667 734
14.9833 731
15.0 730
15.0167 727
15.0333 725
15.05 722
15.0667 720
15.0833 717
15.1 715
15.1167 712
15.1333 709
15.15 707
15.1667 704
15.1833 702
15.2 699
15.2167 696
15.2333 693
15.25 691
15.2667 688
15.2833 685
15.3 682
15.3167 680
15.3333 677
15.35 674
15.3667 671
15.3833 668
15.4 666
15.4167 663
15.4333 660
15.45 657
15.4667 654
15.4833 651
15.5 648
15.5167 645
15.5333 642
15.55 639
15.5667 636
15.5833 633
15.6 630
15.6167 627
15.6333 624
15.65 621
15.6667 618
15.6833 614
15.7 611
15.7167 608
15.7333 605
15.75 602
15.7667 599
15.7833 595
15.8 592
15.8167 589
15.8333 586
15.85 582
15.8667 579
15.8833 576
15.9 573
15.9167 569
15.9333 566
15.95 563
15.9667 559
15.9833 556
16.0 552
16.0167 549
16.0333 546
16.05 542
16.0667 539
16.0833 535
16.1 532
16.1167 528
16.1333 525
16.15 522
16.1667 518
16.1833 515
16.2 511
16.2167 507
16.2333 504
16.25 500
16.2667 497
16.2833 493
16.3 490
16.3167 486
16.3333 482
16.35 479
16.3667 475
16.3833 472
16.4 468
16.4167 464
16.4333 461
16.45 457
16.4667 453
16.4833 449
16.5 446
16.5167 442
16.5333 438
16.55 435
16.5667 431
16.5833 427
16.6 423
16.6167 420
16.6333 416
16.65 412
16.6667 408
16.6833 404
16.7 401
16.7167 397
16.7333 393
16.75 389
16.7667 385
16.7833 382
16.8 378
16.8167 374
16.8333 370
16.85 366
16.8667 362
16.8833 358
16.9 354
16.9167 351
16.9333 347
16.95 343
16.9667 339
16.9833 335
