8.0 74
8.0167 76
8.0333 79
8.05 82
8.0667 84
8.0833 87
8.1 90
8.1167 93
8.1333 96
8.15 98
8.1667 101
8.1833 104
8.2 107
8.2167 110
8.2333 113
8.25 116
8.2667 119
8.2833 122
8.3 126
8.3167 129
8.3333 132
8.35 135
8.3667 138
8.3833 141
8.4 144
8.4167 148
8.4333 151
8.45 154
8.4667 157
8.4833 161
8.5 164
8.5167 167
8.5333 171
8.55 174
8.5667 177
8.5833 180
8.6 184
8.6167 187
8.6333 191
8.65 194
8.6667 197
8.6833 201
8.7 204
8.7167 207
8.7333 211
8.75 214
8.7667 218
8.7833 221
8.8 224
8.8167 228
8.8333 231
8.85 235
8.8667 238
8.8833 241
8.9 245
8.9167 248
8.9333 252
8.95 255
8.9667 259
8.9833 262
9.0 266
9.0167 270
9.0333 273
9.05 277
9.0667 280
9.0833 283
9.1 287
9.1167 290
9.1333 294
9.15 297
9.1667 301
9.1833 304
9.2 307
9.2167 311
9.2333 314
9.25 318
9.2667 321
9.2833 325
9.3 328
9.3167 331
9.3333 335
9.35 338
9.3667 341
9.3833 345
9.4 348
9.4167 352
9.4333 355
9.45 358
9.4667 362
9.4833 365
9.5 368
9.5167 372
9.5333 375
9.55 378
9.5667 382
9.5833 385
9.6 388
9.6167 391
9.6333 395
9.65 398
9.6667 401
9.6833 404
9.7 408
9.7167 411
9.7333 414
9.75 417
9.7667 421
9.7833 424
9.8 427
9.8167 430
9.8333 433
9.85 436
9.8667 440
9.8833 443
9.9 446
9.9167 449
9.9333 452
9.95 455
9.9667 458
9.9833 461
10.0 464
10.0167 467
10.0333 470
10.05 473
10.0667 476
10.0833 479
10.1 482
10.1167 485
10.1333 488
10.15 491
10.1667 494
10.1833 497
10.2 500
10.2167 503
10.2333 506
10.25 509
10.2667 512
10.2833 514
10.3 517
10.3167 520
10.3333 523
10.35 526
10.3667 528
10.3833 531
10.4 534
10.4167 537
10.4333 539
10.45 542
10.4667 545
10.4833 548
10.5 550
10.5167 553
10.5333 555
10.55 558
10.5667 561
10.5833 563
10.6 566
10.6167 568
10.6333 571
10.65 574
10.6667 576
10.6833 579
10.7 581
10.7167 584
10.7333 586
10.75 588
10.7667 591
10.7833 593
10.8 596
10.8167 598
10.8333 600
10.85 603
10.8667 605
10.8833 607
10.9 610
10.9167 612
10.9333 614
10.95 617
10.9667 619
10.9833 621
11.0 623
11.0167 625
11.0333 628
11.05 630
11.0667 632
11.0833 634
11.1 636
11.1167 638
11.1333 640
11.15 642
11.1667 644
11.1833 646
11.2 648
11.2167 650
11.2333 652
11.25 654
11.2667 656
11.2833 658
11.3 660
11.3167 662
11.3333 664
11.35 665
11.3667 667
11.3833 669
11.4 671
11.4167 673
11.4333 674
11.45 676
11.4667 678
11.4833 680
11.5 681
11.5167 683
11.5333 685
11.55 686
11.5667 688
11.5833 689
11.6 691
11.6167 692
11.6333 694
11.65 696
11.6667 697
11.6833 699
11.7 700
11.7167 701
11.7333 703
11.75 704
11.7667 706
11.7833 707
11.8 708
11.8167 710
11.8333 711
11.85 712
11.8667 713
11.8833 715
11.9 716
11.9167 717
11.9333 718
11.95 720
11.9667 721
11.9833 722
12.0 723
12.0167 724
12.0333 725
12.05 726
12.0667 727
12.0833 728
12.1 729
12.1167 730
12.1333 731
12.15 732
12.1667 733
12.1833 734
12.2 735
12.2167 736
12.2333 736
12.25 737
12.2667 738
12.2833 739
12.3 740
12.3167 740
12.3333 741
12.35 742
12.3667 743
12.3833 743
12.4 744
12.4167 744
12.4333 745
12.45 746
12.4667 746
12.4833 747
12.5 747
12.5167 748
12.5333 748
12.55 749
12.5667 749
12.5833 750
12.6 750
12.6167 750
12.6333 751
12.65 751
12.6667 751
12.6833 752
12.7 752
12.7167 752
12.7333 752
12.75 753
12.7667 753
12.7833 753
12.8 753
12.8167 753
12.8333 753
12.85 754
12.8667 754
12.8833 754
12.9 754
12.9167 754
12.9333 754
12.95 754
12.9667 754
12.9833 754
13.0 754
13.0167 753
13.0333 753
13.05 753
13.0667 753
13.0833 753
13.1 753
13.1167 752
13.1333 752
13.15 752
13.1667 752
13.1833 751
13.2 751
13.2167 751
13.2333 750
13.25 750
13.2667 750
13.2833 749
13.3 749
13.3167 748
13.3333 748
13.35 747
13.3667 747
13.3833 746
13.4 746
13.4167 745
13.4333 744
13.45 744
13.4667 743
13.4833 743
13.5 742
13.5167 741
13.5333 740
13.55 740
13.5667 739
13.5833 738
13.6 737
13.6167 737
13.6333 736
13.65 735
13.6667 734
13.6833 733
13.7 732
13.7167 731
13.7333 730
13.75 729
13.7667 728
13.7833 727
13.8 726
13.8167 725
13.8333 724
13.85 723
13.8667 722
13.8833 721
13.9 720
13.9167 718
13.9333 717
13.95 716
13.9667 715
13.9833 714
14.0 712
14.0167 711
14.0333 710
14.05 708
14.0667 707
14.0833 706
14.1 704
14.1167 703
14.1333 702
14.15 700
14.1667 699
14.1833 697
14.2 696
14.2167 694
14.2333 693
14.25 691
14.2667 690
14.2833 688
14.3 686
14.3167 685
14.3333 683
14.35 681
14.3667 680
14.3833 678
14.4 676
14.4167 675
14.4333 673
14.45 671
14.4667 669
14.4833 667
14.5 666
14.5167 664
14.5333 662
14.55 660
14.5667 658
14.5833 656
14.6 654
14.6167 652
14.6333 650
14.65 648
14.6667 646
14.6833 644
14.7 642
14.7167 640
14.7333 638
14.75 636
14.7667 634
14.7833 632
14.8 630
14.8167 628
14.8333 626
14.85 623
14.8667 621
14.8833 619
14.9 617
14.9167 614
14.9333 612
14.95 610
14.9667 608
14.9833 605
15.0 604
15.0167 602
15.0333 599
15.05 597
15.0667 594
15.0833 592
15.1 590
15.1167 587
15.1333 585
15.15 582
15.1667 580
15.1833 577
15.2 575
15.2167 572
15.2333 570
15.25 567
15.2667 565
15.2833 562
15.3 559
15.3167 557
15.3333 554
15.35 551
15.3667 549
15.3833 546
15.4 543
15.4167 541
15.4333 538
15.45 535
15.4667 532
15.4833 530
15.5 527
15.5167 524
15.5333 521
15.55 518
15.5667 516
15.5833 513
15.6 510
15.6167 507
15.6333 504
15.65 501
15.6667 498
15.6833 495
15.7 492
15.7167 490
15.7333 487
15.75 484
15.7667 481
15.7833 478
15.8 475
15.8167 472
15.8333 469
15.85 465
15.8667 462
15.8833 459
15.9 456
15.9167 453
15.9333 450
15.95 447
15.9667 444
15.9833 441
16.0 438
16.0167 434
16.0333 431
16.05 428
16.0667 425
16.0833 422
16.1 419
16.1167 415
16.1333 412
16.15 409
16.1667 406
16.1833 402
16.2 399
16.2167 396
16.2333 393
16.25 389
16.2667 386
16.2833 383
16.3 379
16.3167 376
16.3333 373
16.35 369
16.3667 366
16.3833 363
16.4 359
16.4167 356
16.4333 353
16.45 349
16.4667 346
16.4833 343
16.5 339
16.5167 336
16.5333 332
16.55 329
16.5667 326
16.5833 322
16.6 319
16.6167 315
16.6333 312
16.65 309
16.6667 305
16.6833 302
16.7 298
16.7167 295
16.7333 291
16.75 288
16.7667 285
16.7833 281
16.8 278
16.8167 274
16.8333 271
16.85 267
16.8667 264
16.8833 261
16.9 257
16.9167 254
16.9333 250
16.95 247
16.9667 243
16.9833 240
