8.0 78
8.0167 81
8.0333 84
8.05 87
8.0667 90
8.0833 94
8.1 97
8.1167 100
8.1333 103
8.15 106
8.1667 110
8.1833 113
8.2 116
8.2167 119
8.2333 122
8.25 126
8.2667 129
8.2833 132
8.3 136
8.3167 139
8.3333 143
8.35 146
8.3667 150
8.3833 153
8.4 157
8.4167 160
8.4333 164
8.45 167
8.4667 171
8.4833 174
8.5 178
8.5167 181
8.5333 185
8.55 189
8.5667 192
8.5833 196
8.6 199
8.6167 203
8.6333 206
8.65 210
8.6667 214
8.6833 217
8.7 221
8.7167 225
8.7333 228
8.75 232
8.7667 235
8.7833 239
8.8 243
8.8167 246
8.8333 250
8.85 254
8.8667 257
8.8833 261
8.9 265
8.9167 268
8.9333 272
8.95 275
8.9667 279
8.9833 283
9.0 286
9.0167 291
9.0333 294
9.05 298
9.0667 301
9.0833 305
9.1 309
9.1167 312
9.1333 316
9.15 319
9.1667 323
9.1833 327
9.2 330
9.2167 334
9.2333 337
9.25 341
9.2667 344
9.2833 348
9.3 352
9.3167 355
9.3333 359
9.35 362
9.3667 366
9.3833 369
9.4 373
9.4167 376
9.4333 380
9.45 383
9.4667 387
9.4833 390
9.5 393
9.5167 397
9.5333 400
9.55 404
9.5667 407
9.5833 411
9.6 414
9.6167 417
9.6333 421
9.65 424
9.6667 427
9.6833 431
9.7 434
9.7167 437
9.7333 441
9.75 444
9.7667 447
9.7833 451
9.8 454
9.8167 457
9.8333 460
9.85 464
9.8667 467
9.8833 470
9.9 473
9.9167 477
9.9333 480
9.95 483
9.9667 486
9.9833 489
10.0 492
10.0167 495
10.0333 499
10.05 502
10.0667 505
10.0833 508
10.1 511
10.1167 514
10.1333 517
10.15 520
10.1667 523
10.1833 526
10.2 529
10.2167 532
10.2333 535
10.25 538
10.2667 541
10.2833 544
10.3 547
10.3167 549
10.3333 552
10.35 555
10.3667 558
10.3833 561
10.4 564
10.4167 566
10.4333 569
10.45 572
10.4667 575
10.4833 577
10.5 580
10.5167 583
10.5333 586
10.55 588
10.5667 591
10.5833 593
10.6 596
10.6167 599
10.6333 601
10.65 604
10.6667 606
10.6833 609
10.7 612
10.7167 614
10.7333 617
10.75 619
10.7667 622
10.7833 624
10.8 626
10.8167 629
10.8333 631
10.85 634
10.8667 636
10.8833 638
10.9 641
10.9167 643
10.9333 645
10.95 648
10.9667 650
10.9833 652
11.0 654
11.0167 657
11.0333 659
11.05 661
11.0667 663
11.0833 665
11.1 667
11.1167 670
11.1333 672
11.15 674
11.1667 676
11.1833 678
11.2 680
11.2167 682
11.2333 684
11.25 686
11.2667 688
11.2833 690
11.3 692
11.3167 693
11.3333 695
11.35 697
11.3667 699
11.3833 701
11.4 703
11.4167 705
11.4333 706
11.45 708
11.4667 710
11.4833 711
11.5 713
11.5167 715
11.5333 717
11.55 718
11.5667 720
11.5833 721
11.6 723
11.6167 725
11.6333 726
11.65 728
11.6667 729
11.6833 731
11.7 732
11.7167 734
11.7333 735
11.75 736
11.7667 738
11.7833 739
11.8 741
11.8167 742
11.8333 743
11.85 744
11.8667 746
11.8833 747
11.9 748
11.9167 749
11.9333 751
11.95 752
11.9667 753
11.9833 754
12.0 755
12.0167 756
12.0333 757
12.05 759
12.0667 760
12.0833 761
12.1 762
12.1167 763
12.1333 764
12.15 765
12.1667 765
12.1833 766
12.2 767
12.2167 768
12.2333 769
12.25 770
12.2667 771
12.2833 771
12.3 772
12.3167 773
12.3333 774
12.35 774
12.3667 775
12.3833 776
12.4 776
12.4167 777
12.4333 778
12.45 778
12.4667 779
12.4833 779
12.5 780
12.5167 780
12.5333 781
12.55 781
12.5667 782
12.5833 782
12.6 783
12.6167 783
12.6333 783
12.65 784
12.6667 784
12.6833 784
12.7 785
12.7167 785
12.7333 785
12.75 785
12.7667 785
12.7833 786
12.8 786
12.8167 786
12.8333 786
12.85 786
12.8667 786
12.8833 786
12.9 786
12.9167 786
12.9333 786
12.95 786
12.9667 786
12.9833 786
13.0 786
13.0167 786
13.0333 786
13.05 786
13.0667 786
13.0833 785
13.1 785
13.1167 785
13.1333 785
13.15 784
13.1667 784
13.1833 784
13.2 784
13.2167 783
13.2333 783
13.25 782
13.2667 782
13.2833 782
13.3 781
13.3167 781
13.3333 780
13.35 780
13.3667 779
13.3833 779
13.4 778
13.4167 777
13.4333 777
13.45 776
13.4667 776
13.4833 775
13.5 774
13.5167 773
13.5333 773
13.55 772
13.5667 771
13.5833 770
13.6 770
13.6167 769
13.6333 768
13.65 767
13.6667 766
13.6833 765
13.7 764
13.7167 763
13.7333 762
13.75 761
13.7667 760
13.7833 759
13.8 758
13.8167 757
13.8333 756
13.85 755
13.8667 754
13.8833 753
13.9 752
13.9167 750
13.9333 749
13.95 748
13.9667 747
13.9833 745
14.0 744
14.0167 743
14.0333 742
14.05 740
14.0667 739
14.0833 737
14.1 736
14.1167 735
14.1333 733
14.15 732
14.1667 730
14.1833 729
14.2 727
14.2167 726
14.2333 724
14.25 723
14.2667 721
14.2833 719
14.3 718
14.3167 716
14.3333 715
14.35 713
14.3667 711
14.3833 709
14.4 708
14.4167 706
14.4333 704
14.45 702
14.4667 701
14.4833 699
14.5 697
14.5167 695
14.5333 693
14.55 691
14.5667 689
14.5833 687
14.6 685
14.6167 683
14.6333 681
14.65 679
14.6667 677
14.6833 675
14.7 673
14.7167 671
14.7333 669
14.75 667
14.7667 665
14.7833 663
14.8 660
14.8167 658
14.8333 656
14.85 654
14.8667 652
14.8833 649
14.9 647
14.9167 645
14.9333 643
14.95 640
14.9667 638
14.9833 635
15.0 634
15.0167 632
15.0333 629
15.05 627
15.0667 624
15.0833 622
15.1 620
15.1167 617
15.1333 615
15.15 612
15.1667 609
15.1833 607
15.2 604
15.2167 602
15.2333 599
15.25 597
15.2667 594
15.2833 591
15.3 589
15.3167 586
15.3333 583
15.35 581
15.3667 578
15.3833 575
15.4 572
15.4167 570
15.4333 567
15.45 564
15.4667 561
15.4833 558
15.5 555
15.5167 553
15.5333 550
15.55 547
15.5667 544
15.5833 541
15.6 538
15.6167 535
15.6333 532
15.65 529
15.6667 526
15.6833 523
15.7 520
15.7167 517
15.7333 514
15.75 511
15.7667 508
15.7833 505
15.8 502
15.8167 499
15.8333 496
15.85 493
15.8667 489
15.8833 486
15.9 483
15.9167 480
15.9333 477
15.95 474
15.9667 470
15.9833 467
16.0 464
16.0167 461
16.0333 457
16.05 454
16.0667 451
16.0833 448
16.1 444
16.1167 441
16.1333 438
16.15 434
16.1667 431
16.1833 428
16.2 424
16.2167 421
16.2333 418
16.25 414
16.2667 411
16.2833 407
16.3 404
16.3167 401
16.3333 397
16.35 394
16.3667 390
16.3833 387
16.4 383
16.4167 380
16.4333 376
16.45 373
16.4667 369
16.4833 366
16.5 362
16.5167 359
16.5333 355
16.55 352
16.5667 348
16.5833 345
16.6 341
16.6167 337
16.6333 334
16.65 330
16.6667 327
16.6833 323
16.7 320
16.7167 316
16.7333 312
16.75 309
16.7667 305
16.7833 302
16.8 298
16.8167 294
16.8333 291
16.85 287
16.8667 283
16.8833 280
16.9 276
16.9167 273
16.9333 269
16.95 265
16.9667 262
16.9833 258
