8.0 221
8.0167 225
8.0333 229
8.05 233
8.0667 237
8.0833 241
8.1 245
8.1167 249
8.1333 253
8.15 257
8.1667 261
8.1833 265
8.2 269
8.2167 273
8.2333 277
8.25 281
8.2667 285
8.2833 289
8.3 293
8.3167 297
8.3333 301
8.35 305
8.3667 309
8.3833 313
8.4 317
8.4167 321
8.4333 325
8.45 329
8.4667 333
8.4833 337
8.5 341
8.5167 345
8.5333 349
8.55 353
8.5667 357
8.5833 361
8.6 365
8.6167 369
8.6333 373
8.65 377
8.6667 381
8.6833 385
8.7 389
8.7167 393
8.7333 397
8.75 401
8.7667 405
8.7833 409
8.8 413
8.8167 417
8.8333 421
8.85 425
8.8667 429
8.8833 433
8.9 436
8.9167 440
8.9333 444
8.95 448
8.9667 452
8.9833 456
9.0 460
9.0167 465
9.0333 468
9.05 472
9.0667 476
9.0833 480
9.1 484
9.1167 488
9.1333 491
9.15 495
9.1667 499
9.1833 503
9.2 506
9.2167 510
9.2333 514
9.25 518
9.2667 521
9.2833 525
9.3 529
9.3167 532
9.3333 536
9.35 540
9.3667 543
9.3833 547
9.4 551
9.4167 554
9.4333 558
9.45 561
9.4667 565
9.4833 569
9.5 572
9.5167 576
9.5333 579
9.55 583
9.5667 586
9.5833 590
9.6 593
9.6167 597
9.6333 600
9.65 604
9.6667 607
9.6833 611
9.7 614
9.7167 617
9.7333 621
9.75 624
9.7667 628
9.7833 631
9.8 634
9.8167 638
9.8333 641
9.85 644
9.8667 648
9.8833 651
9.9 654
9.9167 657
9.9333 661
9.95 664
9.9667 667
9.9833 670
10.0 673
10.0167 676
10.0333 680
10.05 683
10.0667 686
10.0833 689
10.1 692
10.1167 695
10.1333 698
10.15 701
10.1667 704
10.1833 707
10.2 710
10.2167 713
10.2333 716
10.25 719
10.2667 722
10.2833 725
10.3 728
10.3167 731
10.3333 734
10.35 737
10.3667 739
10.3833 742
10.4 745
10.4167 748
10.4333 751
10.45 753
10.4667 756
10.4833 759
10.5 762
10.5167 764
10.5333 767
10.55 770
10.5667 772
10.5833 775
10.6 777
10.6167 780
10.6333 783
10.65 785
10.6667 788
10.6833 790
10.7 793
10.7167 795
10.7333 798
10.75 800
10.7667 803
10.7833 805
10.8 808
10.8167 810
10.8333 812
10.85 815
10.8667 817
10.8833 819
10.9 822
10.9167 824
10.9333 826
10.95 828
10.9667 831
10.9833 833
11.0 835
11.0167 837
11.0333 839
11.05 841
11.0667 844
11.0833 846
11.1 848
11.1167 850
11.1333 852
11.15 854
11.1667 856
11.1833 858
11.2 860
11.2167 862
11.2333 864
11.25 866
11.2667 868
11.2833 869
11.3 871
11.3167 873
11.3333 875
11.35 877
11.3667 878
11.3833 880
11.4 882
11.4167 884
11.4333 885
11.45 887
11.4667 889
11.4833 890
11.5 892
11.5167 894
11.5333 895
11.55 897
11.5667 898
11.5833 900
11.6 901
11.6167 903
11.6333 904
11.65 906
11.6667 907
11.6833 909
11.7 910
11.7167 911
11.7333 913
11.75 914
11.7667 915
11.7833 917
11.8 918
11.8167 919
11.8333 920
11.85 922
11.8667 923
11.8833 924
11.9 925
11.9167 926
11.9333 927
11.95 928
11.9667 929
11.9833 930
12.0 932
12.0167 933
12.0333 933
12.05 934
12.0667 935
12.0833 936
12.1 937
12.1167 938
12.1333 939
12.15 940
12.1667 941
12.1833 941
12.2 942
12.2167 943
12.2333 944
12.25 944
12.2667 945
12.2833 946
12.3 946
12.3167 947
12.3333 948
12.35 948
12.3667 949
12.3833 949
12.4 950
12.4167 950
12.4333 951
12.45 951
12.4667 952
12.4833 952
12.5 953
12.5167 953
12.5333 953
12.55 954
12.5667 954
12.5833 954
12.6 955
12.6167 955
12.6333 955
12.65 955
12.6667 956
12.6833 956
12.7 956
12.7167 956
12.7333 956
12.75 956
12.7667 956
12.7833 956
12.8 956
12.8167 956
12.8333 956
12.85 956
12.8667 956
12.8833 956
12.9 956
12.9167 956
12.9333 956
12.95 956
12.9667 955
12.9833 955
13.0 955
13.0167 955
13.0333 955
13.05 954
13.0667 954
13.0833 954
13.1 953
13.1167 953
13.1333 953
13.15 952
13.1667 952
13.1833 951
13.2 951
13.2167 950
13.2333 950
13.25 949
13.2667 949
13.2833 948
13.3 947
13.3167 947
13.3333 946
13.35 946
13.3667 945
13.3833 944
13.4 943
13.4167 943
13.4333 942
13.45 941
13.4667 940
13.4833 940
13.5 939
13.5167 938
13.5333 937
13.55 936
13.5667 935
13.5833 934
13.6 933
13.6167 932
13.6333 931
13.65 930
13.6667 929
13.6833 928
13.7 927
13.7167 926
13.7333 925
13.75 923
13.7667 922
13.7833 921
13.8 920
13.8167 919
13.8333 917
13.85 916
13.8667 915
13.8833 914
13.9 912
13.9167 911
13.9333 909
13.95 908
13.9667 907
13.9833 905
14.0 904
14.0167 902
14.0333 901
14.05 899
14.0667 898
14.0833 896
14.1 895
14.1167 893
14.1333 891
14.15 890
14.1667 888
14.1833 886
14.2 885
14.2167 883
14.2333 881
14.25 880
14.2667 878
14.2833 876
14.3 874
14.3167 872
14.3333 871
14.35 869
14.3667 867
14.3833 865
14.4 863
14.4167 861
14.4333 859
14.45 857
14.4667 855
14.4833 853
14.5 851
14.5167 849
14.5333 847
14.55 845
14.5667 843
14.5833 841
14.6 839
14.6167 836
14.6333 834
14.65 832
14.6667 830
14.6833 828
14.7 825
14.7167 823
14.7333 821
14.75 818
14.7667 816
14.7833 814
14.8 811
14.8167 809
14.8333 807
14.85 804
14.8667 802
14.8833 799
14.9 797
14.9167 794
14.9333 792
14.95 789
14.9667 787
14.9833 784
15.0 782
15.0167 780
15.0333 777
15.05 775
15.0667 772
15.0833 769
15.1 767
15.1167 764
15.1333 761
15.15 758
15.1667 756
15.1833 753
15.2 750
15.2167 747
15.2333 745
15.25 742
15.2667 739
15.2833 736
15.3 733
15.3167 730
15.3333 727
15.35 725
15.3667 722
15.3833 719
15.4 716
15.4167 713
15.4333 710
15.45 707
15.4667 704
15.4833 701
15.5 698
15.5167 695
15.5333 692
15.55 688
15.5667 685
15.5833 682
15.6 679
15.6167 676
15.6333 673
15.65 670
15.6667 666
15.6833 663
15.7 660
15.7167 657
15.7333 653
15.75 650
15.7667 647
15.7833 644
15.8 640
15.8167 637
15.8333 634
15.85 630
15.8667 627
15.8833 624
15.9 620
15.9167 617
15.9333 613
15.95 610
15.9667 607
15.9833 603
16.0 600
16.0167 596
16.0333 593
16.05 589
16.0667 586
16.0833 582
16.1 579
16.1167 575
16.1333 571
16.15 568
16.1667 564
16.1833 561
16.2 557
16.2167 554
16.2333 550
16.25 546
16.2667 543
16.2833 539
16.3 535
16.3167 532
16.3333 528
16.35 524
16.3667 521
16.3833 517
16.4 513
16.4167 509
16.4333 506
16.45 502
16.4667 498
16.4833 494
16.5 490
16.5167 487
16.5333 483
16.55 479
16.5667 475
16.5833 471
16.6 468
16.6167 464
16.6333 460
16.65 456
16.6667 452
16.6833 448
16.7 444
16.7167 441
16.7333 437
16.75 433
16.7667 429
16.7833 425
16.8 421
16.8167 417
16.8333 413
16.85 409
16.8667 405
16.8833 401
16.9 397
16.9167 393
16.9333 389
16.95 385
16.9667 381
16.9833 377
