8.0 190
8.0167 194
8.0333 198
8.05 201
8.0667 205
8.0833 209
8.1 213
8.1167 217
8.1333 220
8.15 224
8.1667 228
8.1833 232
8.2 236
8.2167 240
8.2333 244
8.25 247
8.2667 251
8.2833 255
8.3 259
8.3167 263
8.3333 267
8.35 271
8.3667 275
8.3833 278
8.4 282
8.4167 286
8.4333 290
8.45 294
8.4667 298
8.4833 302
8.5 306
8.5167 310
8.5333 314
8.55 317
8.5667 321
8.5833 325
8.6 329
8.6167 333
8.6333 337
8.65 341
8.6667 345
8.6833 349
8.7 352
8.7167 356
8.7333 360
8.75 364
8.7667 368
8.7833 372
8.8 376
8.8167 380
8.8333 383
8.85 387
8.8667 391
8.8833 395
8.9 399
8.9167 403
8.9333 406
8.95 410
8.9667 414
8.9833 418
9.0 422
9.0167 427
9.0333 430
9.05 434
9.0667 438
9.0833 442
9.1 445
9.1167 449
9.1333 453
9.15 457
9.1667 460
9.1833 464
9.2 468
9.2167 471
9.2333 475
9.25 479
9.2667 482
9.2833 486
9.3 490
9.3167 493
9.3333 497
9.35 501
9.3667 504
9.3833 508
9.4 512
9.4167 515
9.4333 519
9.45 522
9.4667 526
9.4833 529
9.5 533
9.5167 536
9.5333 540
9.55 543
9.5667 547
9.5833 550
9.6 554
9.6167 557
9.6333 561
9.65 564
9.6667 568
9.6833 571
9.7 574
9.7167 578
9.7333 581
9.75 585
9.7667 588
9.7833 591
9.8 595
9.8167 598
9.8333 601
9.85 604
9.8667 608
9.8833 611
9.9 614
9.9167 617
9.9333 621
9.95 624
9.9667 627
9.9833 630
10.0 633
10.0167 637
10.0333 640
10.05 643
10.0667 646
10.0833 649
10.1 652
10.1167 655
10.1333 658
10.15 661
10.1667 664
10.1833 667
10.2 670
10.2167 673
10.2333 676
10.25 679
10.2667 682
10.2833 685
10.3 688
10.3167 691
10.3333 694
10.35 696
10.3667 699
10.3833 702
10.4 705
10.4167 708
10.4333 711
10.45 713
10.4667 716
10.4833 719
10.5 721
10.5167 724
10.5333 727
10.55 730
10.5667 732
10.5833 735
10.6 737
10.6167 740
10.6333 743
10.65 745
10.6667 748
10.6833 750
10.7 753
10.7167 755
10.7333 758
10.75 760
10.7667 763
10.7833 765
10.8 767
10.8167 770
10.8333 772
10.85 775
10.8667 777
10.8833 779
10.9 782
10.9167 784
10.9333 786
10.95 788
10.9667 791
10.9833 793
11.0 795
11.0167 797
11.0333 799
11.05 802
11.0667 804
11.0833 806
11.1 808
11.1167 810
11.1333 812
11.15 814
11.1667 816
11.1833 818
11.2 820
11.2167 822
11.2333 824
11.25 826
11.2667 828
11.2833 830
11.3 832
11.3167 833
11.3333 835
11.35 837
11.3667 839
11.3833 841
11.4 842
11.4167 844
11.4333 846
11.45 847
11.4667 849
11.4833 851
11.5 852
11.5167 854
11.5333 856
11.55 857
11.5667 859
11.5833 860
11.6 862
11.6167 863
11.6333 865
11.65 866
11.6667 868
11.6833 869
11.7 871
11.7167 872
11.7333 873
11.75 875
11.7667 876
11.7833 877
11.8 879
11.8167 880
11.8333 881
11.85 882
11.8667 884
11.8833 885
11.9 886
11.9167 887
11.9333 888
11.95 889
11.9667 890
11.9833 891
12.0 892
12.0167 893
12.0333 894
12.05 895
12.0667 896
12.0833 897
12.1 898
12.1167 899
12.1333 900
12.15 901
12.1667 902
12.1833 903
12.2 903
12.2167 904
12.2333 905
12.25 906
12.2667 906
12.2833 907
12.3 908
12.3167 908
12.3333 909
12.35 910
12.3667 910
12.3833 911
12.4 911
12.4167 912
12.4333 912
12.45 913
12.4667 913
12.4833 914
12.5 914
12.5167 915
12.5333 915
12.55 915
12.5667 916
12.5833 916
12.6 916
12.6167 917
12.6333 917
12.65 917
12.6667 917
12.6833 918
12.7 918
12.7167 918
12.7333 918
12.75 918
12.7667 918
12.7833 918
12.8 918
12.8167 918
12.8333 918
12.85 918
12.8667 918
12.8833 918
12.9 918
12.9167 918
12.9333 918
12.95 918
12.9667 918
12.9833 918
13.0 917
13.0167 917
13.0333 917
13.05 917
13.0667 916
13.0833 916
13.1 916
13.1167 915
13.1333 915
13.15 915
13.1667 914
13.1833 914
13.2 913
13.2167 913
13.2333 912
13.25 912
13.2667 911
13.2833 911
13.3 910
13.3167 910
13.3333 909
13.35 908
13.3667 908
13.3833 907
13.4 906
13.4167 906
13.4333 905
13.45 904
13.4667 903
13.4833 903
13.5 902
13.5167 901
13.5333 900
13.55 899
13.5667 898
13.5833 897
13.6 896
13.6167 895
13.6333 894
13.65 893
13.6667 892
13.6833 891
13.7 890
13.7167 889
13.7333 888
13.75 887
13.7667 886
13.7833 885
13.8 883
13.8167 882
13.8333 881
13.85 880
13.8667 879
13.8833 877
13.9 876
13.9167 875
13.9333 873
13.95 872
13.9667 871
13.9833 869
14.0 868
14.0167 866
14.0333 865
14.05 863
14.0667 862
14.0833 860
14.1 859
14.1167 857
14.1333 856
14.15 854
14.1667 852
14.1833 851
14.2 849
14.2167 847
14.2333 846
14.25 844
14.2667 842
14.2833 841
14.3 839
14.3167 837
14.3333 835
14.35 833
14.3667 831
14.3833 830
14.4 828
14.4167 826
14.4333 824
14.45 822
14.4667 820
14.4833 818
14.5 816
14.5167 814
14.5333 812
14.55 810
14.5667 808
14.5833 806
14.6 804
14.6167 801
14.6333 799
14.65 797
14.6667 795
14.6833 793
14.7 791
14.7167 788
14.7333 786
14.75 784
14.7667 781
14.7833 779
14.8 777
14.8167 775
14.8333 772
14.85 770
14.8667 767
14.8833 765
14.9 763
14.9167 760
14.9333 758
14.95 755
14.9667 753
14.9833 750
15.0 748
15.0167 746
15.0333 743
15.05 741
15.0667 738
15.0833 735
15.1 733
15.1167 730
15.1333 727
15.15 725
15.1667 722
15.1833 719
15.2 717
15.2167 714
15.2333 711
15.25 708
15.2667 706
15.2833 703
15.3 700
15.3167 697
15.3333 694
15.35 691
15.3667 688
15.3833 686
15.4 683
15.4167 680
15.4333 677
15.45 674
15.4667 671
15.4833 668
15.5 665
15.5167 662
15.5333 659
15.55 656
15.5667 653
15.5833 650
15.6 646
15.6167 643
15.6333 640
15.65 637
15.6667 634
15.6833 631
15.7 628
15.7167 624
15.7333 621
15.75 618
15.7667 615
15.7833 611
15.8 608
15.8167 605
15.8333 602
15.85 598
15.8667 595
15.8833 592
15.9 588
15.9167 585
15.9333 582
15.95 578
15.9667 575
15.9833 571
16.0 568
16.0167 565
16.0333 561
16.05 558
16.0667 554
16.0833 551
16.1 547
16.1167 544
16.1333 540
16.15 537
16.1667 533
16.1833 530
16.2 526
16.2167 523
16.2333 519
16.25 516
16.2667 512
16.2833 508
16.3 505
16.3167 501
16.3333 498
16.35 494
16.3667 490
16.3833 487
16.4 483
16.4167 479
16.4333 476
16.45 472
16.4667 468
16.4833 464
16.5 461
16.5167 457
16.5333 453
16.55 450
16.5667 446
16.5833 442
16.6 438
16.6167 435
16.6333 431
16.65 427
16.6667 423
16.6833 419
16.7 416
16.7167 412
16.7333 408
16.75 404
16.7667 400
16.7833 396
16.8 393
16.8167 389
16.8333 385
16.85 381
16.8667 377
16.8833 373
16.9 369
16.9167 366
16.9333 362
16.95 358
16.9667 354
16.9833 350
