8.0 200
8.0167 203
8.0333 207
8.05 211
8.0667 215
8.0833 218
8.1 222
8.1167 226
8.1333 229
8.15 233
8.1667 237
8.1833 241
8.2 244
8.2167 248
8.2333 252
8.25 256
8.2667 260
8.2833 263
8.3 267
8.3167 271
8.3333 275
8.35 278
8.3667 282
8.3833 286
8.4 290
8.4167 294
8.4333 297
8.45 301
8.4667 305
8.4833 309
8.5 313
8.5167 317
8.5333 320
8.55 324
8.5667 328
8.5833 332
8.6 336
8.6167 339
8.6333 343
8.65 347
8.6667 351
8.6833 355
8.7 358
8.7167 362
8.7333 366
8.75 370
8.7667 374
8.7833 377
8.8 381
8.8167 385
8.8333 389
8.85 392
8.8667 396
8.8833 400
8.9 404
8.9167 407
8.9333 411
8.95 415
8.9667 419
8.9833 422
9.0 426
9.0167 431
9.0333 435
9.05 438
9.0667 442
9.0833 446
9.1 449
9.1167 453
9.1333 457
9.15 460
9.1667 464
9.1833 468
9.2 471
9.2167 475
9.2333 478
9.25 482
9.2667 486
9.2833 489
9.3 493
9.3167 496
9.3333 500
9.35 503
9.3667 507
9.3833 511
9.4 514
9.4167 518
9.4333 521
9.45 525
9.4667 528
9.4833 532
9.5 535
9.5167 538
9.5333 542
9.55 545
9.5667 549
9.5833 552
9.6 556
9.6167 559
9.6333 562
9.65 566
9.6667 569
9.6833 572
9.7 576
9.7167 579
9.7333 582
9.75 586
9.7667 589
9.7833 592
9.8 595
9.8167 599
9.8333 602
9.85 605
9.8667 608
9.8833 612
9.9 615
9.9167 618
9.9333 621
9.95 624
9.9667 627
9.9833 630
10.0 634
10.0167 637
10.0333 640
10.05 643
10.0667 646
10.0833 649
10.1 652
10.1167 655
10.1333 658
10.15 661
10.1667 664
10.1833 667
10.2 670
10.2167 673
10.2333 675
10.25 678
10.2667 681
10.2833 684
10.3 687
10.3167 690
10.3333 693
10.35 695
10.3667 698
10.3833 701
10.4 704
10.4167 706
10.4333 709
10.45 712
10.4667 714
10.4833 717
10.5 720
10.5167 722
10.5333 725
10.55 728
10.5667 730
10.5833 733
10.6 735
10.6167 738
10.6333 740
10.65 743
10.6667 745
10.6833 748
10.7 750
10.7167 753
10.7333 755
10.75 758
10.7667 760
10.7833 762
10.8 765
10.8167 767
10.8333 769
10.85 772
10.8667 774
10.8833 776
10.9 779
10.9167 781
10.9333 783
10.95 785
10.9667 787
10.9833 790
11.0 792
11.0167 794
11.0333 796
11.05 798
11.0667 800
11.0833 802
11.1 804
11.1167 806
11.1333 808
11.15 810
11.1667 812
11.1833 814
11.2 816
11.2167 818
11.2333 820
11.25 822
11.2667 824
11.2833 825
11.3 827
11.3167 829
11.3333 831
11.35 833
11.3667 834
11.3833 836
11.4 838
11.4167 839
11.4333 841
11.45 843
11.4667 844
11.4833 846
11.5 848
11.5167 849
11.5333 851
11.55 852
11.5667 854
11.5833 855
11.6 857
11.6167 858
11.6333 860
11.65 861
11.6667 862
11.6833 864
11.7 865
11.7167 866
11.7333 868
11.75 869
11.7667 870
11.7833 872
11.8 873
11.8167 874
11.8333 875
11.85 876
11.8667 878
11.8833 879
11.9 880
11.9167 881
11.9333 882
11.95 883
11.9667 884
11.9833 885
12.0 886
12.0167 887
12.0333 888
12.05 889
12.0667 890
12.0833 891
12.1 892
12.1167 893
12.1333 893
12.15 894
12.1667 895
12.1833 896
12.2 897
12.2167 897
12.2333 898
12.25 899
12.2667 899
12.2833 900
12.3 901
12.3167 901
12.3333 902
12.35 902
12.3667 903
12.3833 904
12.4 904
12.4167 905
12.4333 905
12.45 905
12.4667 906
12.4833 906
12.5 907
12.5167 907
12.5333 907
12.55 908
12.5667 908
12.5833 908
12.6 909
12.6167 909
12.6333 909
12.65 909
12.6667 909
12.6833 910
12.7 910
12.7167 910
12.7333 910
12.75 910
12.7667 910
12.7833 910
12.8 910
12.8167 910
12.8333 910
12.85 910
12.8667 910
12.8833 910
12.9 910
12.9167 910
12.9333 910
12.95 909
12.9667 909
12.9833 909
13.0 909
13.0167 908
13.0333 908
13.05 908
13.0667 908
13.0833 907
13.1 907
13.1167 906
13.1333 906
13.15 906
13.1667 905
13.1833 905
13.2 904
13.2167 904
13.2333 903
13.25 903
13.2667 902
13.2833 902
13.3 901
13.3167 900
13.3333 900
13.35 899
13.3667 898
13.3833 898
13.4 897
13.4167 896
13.4333 895
13.45 895
13.4667 894
13.4833 893
13.5 892
13.5167 891
13.5333 890
13.55 889
13.5667 889
13.5833 888
13.6 887
13.6167 886
13.6333 885
13.65 884
13.6667 883
13.6833 881
13.7 880
13.7167 879
13.7333 878
13.75 877
13.7667 876
13.7833 875
13.8 873
13.8167 872
13.8333 871
13.85 870
13.8667 868
13.8833 867
13.9 866
13.9167 864
13.9333 863
13.95 862
13.9667 860
13.9833 859
14.0 857
14.0167 856
14.0333 854
14.05 853
14.0667 851
14.0833 850
14.1 848
14.1167 847
14.1333 845
14.15 843
14.1667 842
14.1833 840
14.2 838
14.2167 837
14.2333 835
14.25 833
14.2667 832
14.2833 830
14.3 828
14.3167 826
14.3333 824
14.35 823
14.3667 821
14.3833 819
14.4 817
14.4167 815
14.4333 813
14.45 811
14.4667 809
14.4833 807
14.5 805
14.5167 803
14.5333 801
14.55 799
14.5667 797
14.5833 795
14.6 793
14.6167 791
14.6333 788
14.65 786
14.6667 784
14.6833 782
14.7 780
14.7167 777
14.7333 775
14.75 773
14.7667 770
14.7833 768
14.8 766
14.8167 763
14.8333 761
14.85 759
14.8667 756
14.8833 754
14.9 751
14.9167 749
14.9333 747
14.95 744
14.9667 742
14.9833 739
15.0 737
15.0167 735
15.0333 732
15.05 729
15.0667 727
15.0833 724
15.1 722
15.1167 719
15.1333 716
15.15 714
15.1667 711
15.1833 708
15.2 705
15.2167 703
15.2333 700
15.25 697
15.2667 694
15.2833 692
15.3 689
15.3167 686
15.3333 683
15.35 680
15.3667 677
15.3833 674
15.4 671
15.4167 669
15.4333 666
15.45 663
15.4667 660
15.4833 657
15.5 654
15.5167 651
15.5333 648
15.55 645
15.5667 642
15.5833 639
15.6 635
15.6167 632
15.6333 629
15.65 626
15.6667 623
15.6833 620
15.7 617
15.7167 613
15.7333 610
15.75 607
15.7667 604
15.7833 601
15.8 597
15.8167 594
15.8333 591
15.85 588
15.8667 584
15.8833 581
15.9 578
15.9167 574
15.9333 571
15.95 568
15.9667 564
15.9833 561
16.0 558
16.0167 554
16.0333 551
16.05 547
16.0667 544
16.0833 541
16.1 537
16.1167 534
16.1333 530
16.15 527
16.1667 523
16.1833 520
16.2 516
16.2167 513
16.2333 509
16.25 506
16.2667 502
16.2833 498
16.3 495
16.3167 491
16.3333 488
16.35 484
16.3667 481
16.3833 477
16.4 473
16.4167 470
16.4333 466
16.45 462
16.4667 459
16.4833 455
16.5 451
16.5167 448
16.5333 444
16.55 440
16.5667 437
16.5833 433
16.6 429
16.6167 426
16.6333 422
16.65 418
16.6667 414
16.6833 411
16.7 407
16.7167 403
16.7333 399
16.75 396
16.7667 392
16.7833 388
16.8 384
16.8167 381
16.8333 377
16.85 373
16.8667 369
16.8833 365
16.9 362
16.9167 358
16.9333 354
16.95 350
16.9667 346
16.9833 343
