8.0 167
8.0167 170
8.0333 174
8.05 178
8.0667 182
8.0833 185
8.1 189
8.1167 193
8.1333 197
8.15 201
8.1667 204
8.1833 208
8.2 212
8.2167 216
8.2333 220
8.25 224
8.2667 228
8.2833 231
8.3 235
8.3167 239
8.3333 243
8.35 247
8.3667 251
8.3833 255
8.4 259
8.4167 263
8.4333 266
8.45 270
8.4667 274
8.4833 278
8.5 282
8.5167 286
8.5333 290
8.55 294
8.5667 298
8.5833 302
8.6 306
8.6167 310
8.6333 313
8.65 317
8.6667 321
8.6833 325
8.7 329
8.7167 333
8.7333 337
8.75 341
8.7667 345
8.7833 349
8.8 352
8.8167 356
8.8333 360
8.85 364
8.8667 368
8.8833 372
8.9 376
8.9167 380
8.9333 383
8.95 387
8.9667 391
8.9833 395
9.0 399
9.0167 404
9.0333 408
9.05 411
9.0667 415
9.0833 419
9.1 423
9.1167 426
9.1333 430
9.15 434
9.1667 438
9.1833 442
9.2 445
9.2167 449
9.2333 453
9.25 456
9.2667 460
9.2833 464
9.3 468
9.3167 471
9.3333 475
9.35 479
9.3667 482
9.3833 486
9.4 489
9.4167 493
9.4333 497
9.45 500
9.4667 504
9.4833 507
9.5 511
9.5167 515
9.5333 518
9.55 522
9.5667 525
9.5833 529
9.6 532
9.6167 536
9.6333 539
9.65 543
9.6667 546
9.6833 550
9.7 553
9.7167 556
9.7333 560
9.75 563
9.7667 567
9.7833 570
9.8 573
9.8167 577
9.8333 580
9.85 583
9.8667 587
9.8833 590
9.9 593
9.9167 597
9.9333 600
9.95 603
9.9667 606
9.9833 610
10.0 613
10.0167 616
10.0333 619
10.05 622
10.0667 625
10.0833 629
10.1 632
10.1167 635
10.1333 638
10.15 641
10.1667 644
10.1833 647
10.2 650
10.2167 653
10.2333 656
10.25 659
10.2667 662
10.2833 665
10.3 668
10.3167 671
10.3333 674
10.35 677
10.3667 680
10.3833 683
10.4 685
10.4167 688
10.4333 691
10.45 694
10.4667 697
10.4833 699
10.5 702
10.5167 705
10.5333 708
10.55 710
10.5667 713
10.5833 716
10.6 718
10.6167 721
10.6333 724
10.65 726
10.6667 729
10.6833 731
10.7 734
10.7167 737
10.7333 739
10.75 742
10.7667 744
10.7833 747
10.8 749
10.8167 751
10.8333 754
10.85 756
10.8667 759
10.8833 761
10.9 763
10.9167 766
10.9333 768
10.95 770
10.9667 773
10.9833 775
11.0 777
11.0167 779
11.0333 782
11.05 784
11.0667 786
11.0833 788
11.1 790
11.1167 792
11.1333 794
11.15 796
11.1667 799
11.1833 801
11.2 803
11.2167 805
11.2333 807
11.25 809
11.2667 811
11.2833 812
11.3 814
11.3167 816
11.3333 818
11.35 820
11.3667 822
11.3833 824
11.4 825
11.4167 827
11.4333 829
11.45 831
11.4667 832
11.4833 834
11.5 836
11.5167 838
11.5333 839
11.55 841
11.5667 842
11.5833 844
11.6 846
11.6167 847
11.6333 849
11.65 850
11.6667 852
11.6833 853
11.7 855
11.7167 856
11.7333 857
11.75 859
11.7667 860
11.7833 862
11.8 863
11.8167 864
11.8333 865
11.85 867
11.8667 868
11.8833 869
11.9 870
11.9167 872
11.9333 873
11.95 874
11.9667 875
11.9833 876
12.0 877
12.0167 878
12.0333 879
12.05 880
12.0667 881
12.0833 882
12.1 883
12.1167 884
12.1333 885
12.15 886
12.1667 887
12.1833 888
12.2 889
12.2167 890
12.2333 890
12.25 891
12.2667 892
12.2833 893
12.3 893
12.3167 894
12.3333 895
12.35 895
12.3667 896
12.3833 897
12.4 897
12.4167 898
12.4333 898
12.45 899
12.4667 899
12.4833 900
12.5 900
12.5167 901
12.5333 901
12.55 902
12.5667 902
12.5833 902
12.6 903
12.6167 903
12.6333 903
12.65 904
12.6667 904
12.6833 904
12.7 904
12.7167 905
12.7333 905
12.75 905
12.7667 905
12.7833 905
12.8 905
12.8167 905
12.8333 906
12.85 906
12.8667 906
12.8833 906
12.9 906
12.9167 905
12.9333 905
12.95 905
12.9667 905
12.9833 905
13.0 905
13.0167 905
13.0333 905
13.05 904
13.0667 904
13.0833 904
13.1 904
13.1167 903
13.1333 903
13.15 903
13.1667 902
13.1833 902
13.2 901
13.2167 901
13.2333 901
13.25 900
13.2667 900
13.2833 899
13.3 899
13.3167 898
13.3333 897
13.35 897
13.3667 896
13.3833 896
13.4 895
13.4167 894
13.4333 894
13.45 893
13.4667 892
13.4833 891
13.5 891
13.5167 890
13.5333 889
13.55 888
13.5667 887
13.5833 886
13.6 885
13.6167 885
13.6333 884
13.65 883
13.6667 882
13.6833 881
13.7 880
13.7167 879
13.7333 878
13.75 876
13.7667 875
13.7833 874
13.8 873
13.8167 872
13.8333 871
13.85 869
13.8667 868
13.8833 867
13.9 866
13.9167 864
13.9333 863
13.95 862
13.9667 860
13.9833 859
14.0 858
14.0167 856
14.0333 855
14.05 853
14.0667 852
14.0833 851
14.1 849
14.1167 847
14.1333 846
14.15 844
14.1667 843
14.1833 841
14.2 840
14.2167 838
14.2333 836
14.25 835
14.2667 833
14.2833 831
14.3 829
14.3167 828
14.3333 826
14.35 824
14.3667 822
14.3833 820
14.4 819
14.4167 817
14.4333 815
14.45 813
14.4667 811
14.4833 809
14.5 807
14.5167 805
14.5333 803
14.55 801
14.5667 799
14.5833 797
14.6 795
14.6167 793
14.6333 791
14.65 789
14.6667 786
14.6833 784
14.7 782
14.7167 780
14.7333 778
14.75 775
14.7667 773
14.7833 771
14.8 769
14.8167 766
14.8333 764
14.85 762
14.8667 759
14.8833 757
14.9 754
14.9167 752
14.9333 750
14.95 747
14.9667 745
14.9833 742
15.0 740
15.0167 738
15.0333 735
15.05 733
15.0667 730
15.0833 728
15.1 725
15.1167 722
15.1333 720
15.15 717
15.1667 714
15.1833 712
15.2 709
15.2167 706
15.2333 704
15.25 701
15.2667 698
15.2833 695
15.3 692
15.3167 690
15.3333 687
15.35 684
15.3667 681
15.3833 678
15.4 675
15.4167 672
15.4333 669
15.45 667
15.4667 664
15.4833 661
15.5 658
15.5167 655
15.5333 652
15.55 649
15.5667 646
15.5833 642
15.6 639
15.6167 636
15.6333 633
15.65 630
15.6667 627
15.6833 624
15.7 621
15.7167 617
15.7333 614
15.75 611
15.7667 608
15.7833 605
15.8 601
15.8167 598
15.8333 595
15.85 592
15.8667 588
15.8833 585
15.9 582
15.9167 578
15.9333 575
15.95 572
15.9667 568
15.9833 565
16.0 561
16.0167 558
16.0333 555
16.05 551
16.0667 548
16.0833 544
16.1 541
16.1167 537
16.1333 534
16.15 530
16.1667 527
16.1833 523
16.2 520
16.2167 516
16.2333 513
16.25 509
16.2667 505
16.2833 502
16.3 498
16.3167 495
16.3333 491
16.35 487
16.3667 484
16.3833 480
16.4 476
16.4167 473
16.4333 469
16.45 465
16.4667 462
16.4833 458
16.5 454
16.5167 451
16.5333 447
16.55 443
16.5667 439
16.5833 436
16.6 432
16.6167 428
16.6333 424
16.65 420
16.6667 417
16.6833 413
16.7 409
16.7167 405
16.7333 401
16.75 398
16.7667 394
16.7833 390
16.8 386
16.8167 382
16.8333 378
16.85 374
16.8667 371
16.8833 367
16.9 363
16.9167 359
16.9333 355
16.95 351
16.9667 347
16.9833 343
