8.0 230
8.0167 234
8.0333 238
8.05 242
8.0667 246
8.0833 250
8.1 254
8.1167 258
8.1333 262
8.15 265
8.1667 269
8.1833 273
8.2 277
8.2167 281
8.2333 285
8.25 289
8.2667 293
8.2833 297
8.3 301
8.3167 305
8.3333 309
8.35 313
8.3667 317
8.3833 321
8.4 324
8.4167 328
8.4333 332
8.45 336
8.4667 340
8.4833 344
8.5 348
8.5167 352
8.5333 356
8.55 360
8.5667 364
8.5833 368
8.6 372
8.6167 376
8.6333 379
8.65 383
8.6667 387
8.6833 391
8.7 395
8.7167 399
8.7333 403
8.75 407
8.7667 411
8.7833 414
8.8 418
8.8167 422
8.8333 426
8.85 430
8.8667 434
8.8833 438
8.9 441
8.9167 445
8.9333 449
8.95 453
8.9667 457
8.9833 460
9.0 464
9.0167 469
9.0333 473
9.05 477
9.0667 480
9.0833 484
9.1 488
9.1167 492
9.1333 495
9.15 499
9.1667 503
9.1833 506
9.2 510
9.2167 514
9.2333 517
9.25 521
9.2667 525
9.2833 528
9.3 532
9.3167 536
9.3333 539
9.35 543
9.3667 546
9.3833 550
9.4 553
9.4167 557
9.4333 561
9.45 564
9.4667 568
9.4833 571
9.5 575
9.5167 578
9.5333 582
9.55 585
9.5667 589
9.5833 592
9.6 595
9.6167 599
9.6333 602
9.65 606
9.6667 609
9.6833 612
9.7 616
9.7167 619
9.7333 622
9.75 626
9.7667 629
9.7833 632
9.8 636
9.8167 639
9.8333 642
9.85 645
9.8667 649
9.8833 652
9.9 655
9.9167 658
9.9333 661
9.95 664
9.9667 668
9.9833 671
10.0 674
10.0167 677
10.0333 680
10.05 683
10.0667 686
10.0833 689
10.1 692
10.1167 695
10.1333 698
10.15 701
10.1667 704
10.1833 707
10.2 710
10.2167 713
10.2333 716
10.25 719
10.2667 722
10.2833 725
10.3 727
10.3167 730
10.3333 733
10.35 736
10.3667 739
10.3833 741
10.4 744
10.4167 747
10.4333 750
10.45 752
10.4667 755
10.4833 758
10.5 760
10.5167 763
10.5333 766
10.55 768
10.5667 771
10.5833 773
10.6 776
10.6167 779
10.6333 781
10.65 784
10.6667 786
10.6833 789
10.7 791
10.7167 793
10.7333 796
10.75 798
10.7667 801
10.7833 803
10.8 805
10.8167 808
10.8333 810
10.85 812
10.8667 815
10.8833 817
10.9 819
10.9167 821
10.9333 824
10.95 826
10.9667 828
10.9833 830
11.0 832
11.0167 834
11.0333 836
11.05 839
11.0667 841
11.0833 843
11.1 845
11.1167 847
11.1333 849
11.15 851
11.1667 853
11.1833 855
11.2 856
11.2167 858
11.2333 860
11.25 862
11.2667 864
11.2833 866
11.3 868
11.3167 869
11.3333 871
11.35 873
11.3667 875
11.3833 876
11.4 878
11.4167 880
11.4333 881
11.45 883
11.4667 885
11.4833 886
11.5 888
11.5167 889
11.5333 891
11.55 892
11.5667 894
11.5833 895
11.6 897
11.6167 898
11.6333 900
11.65 901
11.6667 902
11.6833 904
11.7 905
11.7167 906
11.7333 908
11.75 909
11.7667 910
11.7833 912
11.8 913
11.8167 914
11.8333 915
11.85 916
11.8667 917
11.8833 919
11.9 920
11.9167 921
11.9333 922
11.95 923
11.9667 924
11.9833 925
12.0 926
12.0167 927
12.0333 928
12.05 929
12.0667 930
12.0833 930
12.1 931
12.1167 932
12.1333 933
12.15 934
12.1667 935
12.1833 935
12.2 936
12.2167 937
12.2333 937
12.25 938
12.2667 939
12.2833 939
12.3 940
12.3167 941
12.3333 941
12.35 942
12.3667 942
12.3833 943
12.4 943
12.4167 944
12.4333 944
12.45 945
12.4667 945
12.4833 945
12.5 946
12.5167 946
12.5333 946
12.55 947
12.5667 947
12.5833 947
12.6 947
12.6167 948
12.6333 948
12.65 948
12.6667 948
12.6833 948
12.7 948
12.7167 949
12.7333 949
12.75 949
12.7667 949
12.7833 949
12.8 949
12.8167 949
12.8333 949
12.85 949
12.8667 948
12.8833 948
12.9 948
12.9167 948
12.9333 948
12.95 948
12.9667 947
12.9833 947
13.0 947
13.0167 947
13.0333 946
13.05 946
13.0667 946
13.0833 945
13.1 945
13.1167 945
13.1333 944
13.15 944
13.1667 943
13.1833 943
13.2 942
13.2167 942
13.2333 941
13.25 941
13.2667 940
13.2833 939
13.3 939
13.3167 938
13.3333 937
13.35 937
13.3667 936
13.3833 935
13.4 935
13.4167 934
13.4333 933
13.45 932
13.4667 931
13.4833 930
13.5 930
13.5167 929
13.5333 928
13.55 927
13.5667 926
13.5833 925
13.6 924
13.6167 923
13.6333 922
13.65 921
13.6667 920
13.6833 919
13.7 917
13.7167 916
13.7333 915
13.75 914
13.7667 913
13.7833 912
13.8 910
13.8167 909
13.8333 908
13.85 907
13.8667 905
13.8833 904
13.9 902
13.9167 901
13.9333 900
13.95 898
13.9667 897
13.9833 895
14.0 894
14.0167 892
14.0333 891
14.05 889
14.0667 888
14.0833 886
14.1 885
14.1167 883
14.1333 881
14.15 880
14.1667 878
14.1833 876
14.2 875
14.2167 873
14.2333 871
14.25 869
14.2667 868
14.2833 866
14.3 864
14.3167 862
14.3333 860
14.35 858
14.3667 857
14.3833 855
14.4 853
14.4167 851
14.4333 849
14.45 847
14.4667 845
14.4833 843
14.5 841
14.5167 839
14.5333 837
14.55 834
14.5667 832
14.5833 830
14.6 828
14.6167 826
14.6333 824
14.65 821
14.6667 819
14.6833 817
14.7 815
14.7167 812
14.7333 810
14.75 808
14.7667 805
14.7833 803
14.8 801
14.8167 798
14.8333 796
14.85 794
14.8667 791
14.8833 789
14.9 786
14.9167 784
14.9333 781
14.95 779
14.9667 776
14.9833 774
15.0 771
15.0167 769
15.0333 766
15.05 764
15.0667 761
15.0833 758
15.1 756
15.1167 753
15.1333 750
15.15 748
15.1667 745
15.1833 742
15.2 739
15.2167 737
15.2333 734
15.25 731
15.2667 728
15.2833 725
15.3 722
15.3167 719
15.3333 717
15.35 714
15.3667 711
15.3833 708
15.4 705
15.4167 702
15.4333 699
15.45 696
15.4667 693
15.4833 690
15.5 687
15.5167 684
15.5333 681
15.55 678
15.5667 675
15.5833 671
15.6 668
15.6167 665
15.6333 662
15.65 659
15.6667 656
15.6833 652
15.7 649
15.7167 646
15.7333 643
15.75 639
15.7667 636
15.7833 633
15.8 630
15.8167 626
15.8333 623
15.85 620
15.8667 616
15.8833 613
15.9 610
15.9167 606
15.9333 603
15.95 599
15.9667 596
15.9833 593
16.0 589
16.0167 586
16.0333 582
16.05 579
16.0667 575
16.0833 572
16.1 568
16.1167 565
16.1333 561
16.15 558
16.1667 554
16.1833 551
16.2 547
16.2167 543
16.2333 540
16.25 536
16.2667 533
16.2833 529
16.3 525
16.3167 522
16.3333 518
16.35 514
16.3667 511
16.3833 507
16.4 503
16.4167 500
16.4333 496
16.45 492
16.4667 488
16.4833 485
16.5 481
16.5167 477
16.5333 473
16.55 470
16.5667 466
16.5833 462
16.6 458
16.6167 454
16.6333 451
16.65 447
16.6667 443
16.6833 439
16.7 435
16.7167 432
16.7333 428
16.75 424
16.7667 420
16.7833 416
16.8 412
16.8167 408
16.8333 405
16.85 401
16.8667 397
16.8833 393
16.9 389
16.9167 385
16.9333 381
16.95 377
16.9667 373
16.9833 369
