8.0 133
8.0167 137
8.0333 140
8.05 144
8.0667 147
8.0833 151
8.1 155
8.1167 158
8.1333 162
8.15 165
8.1667 169
8.1833 172
8.2 176
8.2167 180
8.2333 183
8.25 187
8.2667 191
8.2833 194
8.3 198
8.3167 202
8.3333 206
8.35 209
8.3667 213
8.3833 217
8.4 220
8.4167 224
8.4333 228
8.45 232
8.4667 235
8.4833 239
8.5 243
8.5167 247
8.5333 251
8.55 254
8.5667 258
8.5833 262
8.6 266
8.6167 269
8.6333 273
8.65 277
8.6667 281
8.6833 285
8.7 288
8.7167 292
8.7333 296
8.75 300
8.7667 304
8.7833 307
8.8 311
8.8167 315
8.8333 319
8.85 322
8.8667 326
8.8833 330
8.9 334
8.9167 338
8.9333 341
8.95 345
8.9667 349
8.9833 353
9.0 356
9.0167 361
9.0333 365
9.05 369
9.0667 372
9.0833 376
9.1 380
9.1167 384
9.1333 387
9.15 391
9.1667 395
9.1833 398
9.2 402
9.2167 406
9.2333 409
9.25 413
9.2667 417
9.2833 420
9.3 424
9.3167 428
9.3333 431
9.35 435
9.3667 438
9.3833 442
9.4 446
9.4167 449
9.4333 453
9.45 456
9.4667 460
9.4833 463
9.5 467
9.5167 470
9.5333 474
9.55 477
9.5667 481
9.5833 484
9.6 488
9.6167 491
9.6333 495
9.65 498
9.6667 502
9.6833 505
9.7 508
9.7167 512
9.7333 515
9.75 519
9.7667 522
9.7833 525
9.8 529
9.8167 532
9.8333 535
9.85 539
9.8667 542
9.8833 545
9.9 548
9.9167 552
9.9333 555
9.95 558
9.9667 561
9.9833 565
10.0 568
10.0167 571
10.0333 574
10.05 577
10.0667 580
10.0833 583
10.1 587
10.1167 590
10.1333 593
10.15 596
10.1667 599
10.1833 602
10.2 605
10.2167 608
10.2333 611
10.25 614
10.2667 617
10.2833 620
10.3 623
10.3167 626
10.3333 629
10.35 631
10.3667 634
10.3833 637
10.4 640
10.4167 643
10.4333 646
10.45 649
10.4667 651
10.4833 654
10.5 657
10.5167 660
10.5333 662
10.55 665
10.5667 668
10.5833 670
10.6 673
10.6167 676
10.6333 678
10.65 681
10.6667 683
10.6833 686
10.7 689
10.7167 691
10.7333 694
10.75 696
10.7667 699
10.7833 701
10.8 704
10.8167 706
10.8333 709
10.85 711
10.8667 713
10.8833 716
10.9 718
10.9167 720
10.9333 723
10.95 725
10.9667 727
10.9833 730
11.0 732
11.0167 734
11.0333 736
11.05 738
11.0667 741
11.0833 743
11.1 745
11.1167 747
11.1333 749
11.15 751
11.1667 753
11.1833 755
11.2 757
11.2167 759
11.2333 761
11.25 763
11.2667 765
11.2833 767
11.3 769
11.3167 771
11.3333 773
11.35 775
11.3667 777
11.3833 779
11.4 780
11.4167 782
11.4333 784
11.45 786
11.4667 788
11.4833 789
11.5 791
11.5167 793
11.5333 794
11.55 796
11.5667 798
11.5833 799
11.6 801
11.6167 802
11.6333 804
11.65 805
11.6667 807
11.6833 808
11.7 810
11.7167 811
11.7333 813
11.75 814
11.7667 816
11.7833 817
11.8 818
11.8167 820
11.8333 821
11.85 822
11.8667 824
11.8833 825
11.9 826
11.9167 827
11.9333 828
11.95 830
11.9667 831
11.9833 832
12.0 833
12.0167 834
12.0333 835
12.05 836
12.0667 837
12.0833 838
12.1 839
12.1167 840
12.1333 841
12.15 842
12.1667 843
12.1833 844
12.2 845
12.2167 846
12.2333 846
12.25 847
12.2667 848
12.2833 849
12.3 850
12.3167 850
12.3333 851
12.35 852
12.3667 852
12.3833 853
12.4 854
12.4167 854
12.4333 855
12.45 855
12.4667 856
12.4833 856
12.5 857
12.5167 857
12.5333 858
12.55 858
12.5667 859
12.5833 859
12.6 860
12.6167 860
12.6333 860
12.65 861
12.6667 861
12.6833 861
12.7 861
12.7167 862
12.7333 862
12.75 862
12.7667 862
12.7833 862
12.8 862
12.8167 863
12.8333 863
12.85 863
12.8667 863
12.8833 863
12.9 863
12.9167 863
12.9333 863
12.95 863
12.9667 863
12.9833 862
13.0 862
13.0167 862
13.0333 862
13.05 862
13.0667 862
13.0833 861
13.1 861
13.1167 861
13.1333 861
13.15 860
13.1667 860
13.1833 860
13.2 859
13.2167 859
13.2333 858
13.25 858
13.2667 858
13.2833 857
13.3 857
13.3167 856
13.3333 856
13.35 855
13.3667 854
13.3833 854
13.4 853
13.4167 853
13.4333 852
13.45 851
13.4667 851
13.4833 850
13.5 849
13.5167 848
13.5333 848
13.55 847
13.5667 846
13.5833 845
13.6 844
13.6167 843
13.6333 842
13.65 841
13.6667 841
13.6833 840
13.7 839
13.7167 838
13.7333 837
13.75 836
13.7667 834
13.7833 833
13.8 832
13.8167 831
13.8333 830
13.85 829
13.8667 828
13.8833 826
13.9 825
13.9167 824
13.9333 823
13.95 821
13.9667 820
13.9833 819
14.0 817
14.0167 816
14.0333 815
14.05 813
14.0667 812
14.0833 810
14.1 809
14.1167 807
14.1333 806
14.15 804
14.1667 803
14.1833 801
14.2 800
14.2167 798
14.2333 797
14.25 795
14.2667 793
14.2833 792
14.3 790
14.3167 788
14.3333 786
14.35 785
14.3667 783
14.3833 781
14.4 779
14.4167 777
14.4333 776
14.45 774
14.4667 772
14.4833 770
14.5 768
14.5167 766
14.5333 764
14.55 762
14.5667 760
14.5833 758
14.6 756
14.6167 754
14.6333 752
14.65 750
14.6667 748
14.6833 746
14.7 744
14.7167 741
14.7333 739
14.75 737
14.7667 735
14.7833 733
14.8 730
14.8167 728
14.8333 726
14.85 723
14.8667 721
14.8833 719
14.9 716
14.9167 714
14.9333 712
14.95 709
14.9667 707
14.9833 704
15.0 703
15.0167 700
15.0333 698
15.05 695
15.0667 693
15.0833 690
15.1 688
15.1167 685
15.1333 683
15.15 680
15.1667 677
15.1833 675
15.2 672
15.2167 669
15.2333 667
15.25 664
15.2667 661
15.2833 659
15.3 656
15.3167 653
15.3333 650
15.35 647
15.3667 645
15.3833 642
15.4 639
15.4167 636
15.4333 633
15.45 630
15.4667 627
15.4833 625
15.5 622
15.5167 619
15.5333 616
15.55 613
15.5667 610
15.5833 607
15.6 604
15.6167 601
15.6333 598
15.65 595
15.6667 592
15.6833 588
15.7 585
15.7167 582
15.7333 579
15.75 576
15.7667 573
15.7833 570
15.8 566
15.8167 563
15.8333 560
15.85 557
15.8667 554
15.8833 550
15.9 547
15.9167 544
15.9333 540
15.95 537
15.9667 534
15.9833 531
16.0 527
16.0167 524
16.0333 521
16.05 517
16.0667 514
16.0833 510
16.1 507
16.1167 504
16.1333 500
16.15 497
16.1667 493
16.1833 490
16.2 486
16.2167 483
16.2333 479
16.25 476
16.2667 472
16.2833 469
16.3 465
16.3167 462
16.3333 458
16.35 455
16.3667 451
16.3833 448
16.4 444
16.4167 440
16.4333 437
16.45 433
16.4667 429
16.4833 426
16.5 422
16.5167 419
16.5333 415
16.55 411
16.5667 408
16.5833 404
16.6 400
16.6167 397
16.6333 393
16.65 389
16.6667 385
16.6833 382
16.7 378
16.7167 374
16.7333 371
16.75 367
16.7667 363
16.7833 359
16.8 356
16.8167 352
16.8333 348
16.85 344
16.8667 341
16.8833 337
16.9 333
16.9167 329
16.9333 326
16.95 322
16.9667 318
16.9833 314
