8.0 294
8.0167 298
8.0333 302
8.05 306
8.0667 310
8.0833 314
8.1 318
8.1167 322
8.1333 326
8.15 330
8.1667 334
8.1833 338
8.2 342
8.2167 346
8.2333 350
8.25 354
8.2667 359
8.2833 363
8.3 367
8.3167 371
8.3333 375
8.35 379
8.3667 383
8.3833 387
8.4 391
8.4167 395
8.4333 399
8.45 403
8.4667 407
8.4833 411
8.5 415
8.5167 419
8.5333 423
8.55 427
8.5667 431
8.5833 435
8.6 439
8.6167 443
8.6333 447
8.65 450
8.6667 454
8.6833 458
8.7 462
8.7167 466
8.7333 470
8.75 474
8.7667 478
8.7833 482
8.8 486
8.8167 490
8.8333 493
8.85 497
8.8667 501
8.8833 505
8.9 509
8.9167 513
8.9333 516
8.95 520
8.9667 524
8.9833 528
9.0 532
9.0167 536
9.0333 540
9.05 544
9.0667 548
9.0833 551
9.1 555
9.1167 559
9.1333 562
9.15 566
9.1667 570
9.1833 573
9.2 577
9.2167 581
9.2333 584
9.25 588
9.2667 592
9.2833 595
9.3 599
9.3167 603
9.3333 606
9.35 610
9.3667 613
9.3833 617
9.4 620
9.4167 624
9.4333 627
9.45 631
9.4667 634
9.4833 638
9.5 641
9.5167 645
9.5333 648
9.55 652
9.5667 655
9.5833 658
9.6 662
9.6167 665
9.6333 668
9.65 672
9.6667 675
9.6833 678
9.7 682
9.7167 685
9.7333 688
9.75 692
9.7667 695
9.7833 698
9.8 701
9.8167 705
9.8333 708
9.85 711
9.8667 714
9.8833 717
9.9 720
9.9167 724
9.9333 727
9.95 730
9.9667 733
9.9833 736
10.0 739
10.0167 742
10.0333 745
10.05 748
10.0667 751
10.0833 754
10.1 757
10.1167 760
10.1333 763
10.15 766
10.1667 769
10.1833 772
10.2 774
10.2167 777
10.2333 780
10.25 783
10.2667 786
10.2833 789
10.3 791
10.3167 794
10.3333 797
10.35 800
10.3667 802
10.3833 805
10.4 808
10.4167 810
10.4333 813
10.45 816
10.4667 818
10.4833 821
10.5 824
10.5167 826
10.5333 829
10.55 831
10.5667 834
10.5833 836
10.6 839
10.6167 841
10.6333 844
10.65 846
10.6667 848
10.6833 851
10.7 853
10.7167 856
10.7333 858
10.75 860
10.7667 863
10.7833 865
10.8 867
10.8167 869
10.8333 872
10.85 874
10.8667 876
10.8833 878
10.9 880
10.9167 883
10.9333 885
10.95 887
10.9667 889
10.9833 891
11.0 893
11.0167 895
11.0333 897
11.05 899
11.0667 901
11.0833 903
11.1 905
11.1167 907
11.1333 909
11.15 911
11.1667 913
11.1833 915
11.2 916
11.2167 918
11.2333 920
11.25 922
11.2667 924
11.2833 925
11.3 927
11.3167 929
11.3333 930
11.35 932
11.3667 934
11.3833 935
11.4 937
11.4167 939
11.4333 940
11.45 942
11.4667 943
11.4833 945
11.5 946
11.5167 948
11.5333 949
11.55 951
11.5667 952
11.5833 954
11.6 955
11.6167 956
11.6333 958
11.65 959
11.6667 960
11.6833 962
11.7 963
11.7167 964
11.7333 965
11.75 966
11.7667 968
11.7833 969
11.8 970
11.8167 971
11.8333 972
11.85 973
11.8667 974
11.8833 975
11.9 976
11.9167 977
11.9333 978
11.95 979
11.9667 980
11.9833 981
12.0 982
12.0167 983
12.0333 984
12.05 985
12.0667 985
12.0833 986
12.1 987
12.1167 988
12.1333 989
12.15 989
12.1667 990
12.1833 991
12.2 991
12.2167 992
12.2333 993
12.25 993
12.2667 994
12.2833 994
12.3 995
12.3167 995
12.3333 996
12.35 996
12.3667 997
12.3833 997
12.4 998
12.4167 998
12.4333 998
12.45 999
12.4667 999
12.4833 999
12.5 1000
12.5167 1000
12.5333 1000
12.55 1000
12.5667 1001
12.5833 1001
12.6 1001
12.6167 1001
12.6333 1001
12.65 1001
12.6667 1001
12.6833 1001
12.7 1002
12.7167 1002
12.7333 1002
12.75 1002
12.7667 1001
12.7833 1001
12.8 1001
12.8167 1001
12.8333 1001
12.85 1001
12.8667 1001
12.8833 1001
12.9 1000
12.9167 1000
12.9333 1000
12.95 1000
12.9667 999
12.9833 999
13.0 999
13.0167 998
13.0333 998
13.05 998
13.0667 997
13.0833 997
13.1 996
13.1167 996
13.1333 995
13.15 995
13.1667 994
13.1833 994
13.2 993
13.2167 993
13.2333 992
13.25 991
13.2667 991
13.2833 990
13.3 989
13.3167 989
13.3333 988
13.35 987
13.3667 986
13.3833 985
13.4 985
13.4167 984
13.4333 983
13.45 982
13.4667 981
13.4833 980
13.5 979
13.5167 978
13.5333 977
13.55 976
13.5667 975
13.5833 974
13.6 973
13.6167 972
13.6333 971
13.65 970
13.6667 969
13.6833 968
13.7 966
13.7167 965
13.7333 964
13.75 963
13.7667 961
13.7833 960
13.8 959
13.8167 958
13.8333 956
13.85 955
13.8667 953
13.8833 952
13.9 951
13.9167 949
13.9333 948
13.95 946
13.9667 945
13.9833 943
14.0 942
14.0167 940
14.0333 939
14.05 937
14.0667 935
14.0833 934
14.1 932
14.1167 930
14.1333 929
14.15 927
14.1667 925
14.1833 924
14.2 922
14.2167 920
14.2333 918
14.25 916
14.2667 915
14.2833 913
14.3 911
14.3167 909
14.3333 907
14.35 905
14.3667 903
14.3833 901
14.4 899
14.4167 897
14.4333 895
14.45 893
14.4667 891
14.4833 889
14.5 887
14.5167 885
14.5333 883
14.55 880
14.5667 878
14.5833 876
14.6 874
14.6167 872
14.6333 869
14.65 867
14.6667 865
14.6833 863
14.7 860
14.7167 858
14.7333 856
14.75 853
14.7667 851
14.7833 848
14.8 846
14.8167 844
14.8333 841
14.85 839
14.8667 836
14.8833 834
14.9 831
14.9167 829
14.9333 826
14.95 823
14.9667 821
14.9833 818
15.0 816
15.0167 813
15.0333 811
15.05 808
15.0667 805
15.0833 803
15.1 800
15.1167 797
15.1333 794
15.15 792
15.1667 789
15.1833 786
15.2 783
15.2167 780
15.2333 778
15.25 775
15.2667 772
15.2833 769
15.3 766
15.3167 763
15.3333 760
15.35 757
15.3667 754
15.3833 751
15.4 748
15.4167 745
15.4333 742
15.45 739
15.4667 736
15.4833 733
15.5 730
15.5167 727
15.5333 724
15.55 721
15.5667 718
15.5833 714
15.6 711
15.6167 708
15.6333 705
15.65 702
15.6667 698
15.6833 695
15.7 692
15.7167 689
15.7333 685
15.75 682
15.7667 679
15.7833 675
15.8 672
15.8167 669
15.8333 665
15.85 662
15.8667 659
15.8833 655
15.9 652
15.9167 648
15.9333 645
15.95 641
15.9667 638
15.9833 635
16.0 631
16.0167 628
16.0333 624
16.05 621
16.0667 617
16.0833 613
16.1 610
16.1167 606
16.1333 603
16.15 599
16.1667 596
16.1833 592
16.2 588
16.2167 585
16.2333 581
16.25 577
16.2667 574
16.2833 570
16.3 566
16.3167 563
16.3333 559
16.35 555
16.3667 552
16.3833 548
16.4 544
16.4167 540
16.4333 537
16.45 533
16.4667 529
16.4833 525
16.5 521
16.5167 518
16.5333 514
16.55 510
16.5667 506
16.5833 502
16.6 498
16.6167 495
16.6333 491
16.65 487
16.6667 483
16.6833 479
16.7 475
16.7167 471
16.7333 467
16.75 463
16.7667 460
16.7833 456
16.8 452
16.8167 448
16.8333 444
16.85 440
16.8667 436
16.8833 432
16.9 428
16.9167 424
16.9333 420
16.95 416
16.9667 412
16.9833 408
