8.0 321
8.0167 325
8.0333 329
8.05 333
8.0667 337
8.0833 340
8.1 344
8.1167 348
8.1333 352
8.15 356
8.1667 359
8.1833 363
8.2 367
8.2167 371
8.2333 375
8.25 378
8.2667 382
8.2833 386
8.3 390
8.3167 393
8.3333 397
8.35 401
8.3667 405
8.3833 409
8.4 412
8.4167 416
8.4333 420
8.45 424
8.4667 427
8.4833 431
8.5 435
8.5167 439
8.5333 442
8.55 446
8.5667 450
8.5833 454
8.6 457
8.6167 461
8.6333 465
8.65 468
8.6667 472
8.6833 476
8.7 479
8.7167 483
8.7333 487
8.75 490
8.7667 494
8.7833 498
8.8 501
8.8167 505
8.8333 509
8.85 512
8.8667 516
8.8833 519
8.9 523
8.9167 527
8.9333 530
8.95 534
8.9667 537
8.9833 541
9.0 545
9.0167 549
9.0333 552
9.05 556
9.0667 559
9.0833 563
9.1 566
9.1167 570
9.1333 573
9.15 577
9.1667 580
9.1833 583
9.2 587
9.2167 590
9.2333 594
9.25 597
9.2667 601
9.2833 604
9.3 607
9.3167 611
9.3333 614
9.35 617
9.3667 621
9.3833 624
9.4 627
9.4167 631
9.4333 634
9.45 637
9.4667 640
9.4833 644
9.5 647
9.5167 650
9.5333 653
9.55 657
9.5667 660
9.5833 663
9.6 666
9.6167 669
9.6333 672
9.65 676
9.6667 679
9.6833 682
9.7 685
9.7167 688
9.7333 691
9.75 694
9.7667 697
9.7833 700
9.8 703
9.8167 706
9.8333 709
9.85 712
9.8667 715
9.8833 718
9.9 721
9.9167 724
9.9333 727
9.95 730
9.9667 733
9.9833 736
10.0 738
10.0167 741
10.0333 744
10.05 747
10.0667 750
10.0833 752
10.1 755
10.1167 758
10.1333 761
10.15 763
10.1667 766
10.1833 769
10.2 772
10.2167 774
10.2333 777
10.25 779
10.2667 782
10.2833 785
10.3 787
10.3167 790
10.3333 792
10.35 795
10.3667 797
10.3833 800
10.4 802
10.4167 805
10.4333 807
10.45 810
10.4667 812
10.4833 815
10.5 817
10.5167 820
10.5333 822
10.55 824
10.5667 827
10.5833 829
10.6 831
10.6167 833
10.6333 836
10.65 838
10.6667 840
10.6833 842
10.7 845
10.7167 847
10.7333 849
10.75 851
10.7667 853
10.7833 855
10.8 858
10.8167 860
10.8333 862
10.85 864
10.8667 866
10.8833 868
10.9 870
10.9167 872
10.9333 874
10.95 876
10.9667 878
10.9833 880
11.0 881
11.0167 883
11.0333 885
11.05 887
11.0667 889
11.0833 891
11.1 892
11.1167 894
11.1333 896
11.15 898
11.1667 899
11.1833 901
11.2 903
11.2167 904
11.2333 906
11.25 908
11.2667 909
11.2833 911
11.3 913
11.3167 914
11.3333 916
11.35 917
11.3667 919
11.3833 920
11.4 922
11.4167 923
11.4333 924
11.45 926
11.4667 927
11.4833 929
11.5 930
11.5167 931
11.5333 933
11.55 934
11.5667 935
11.5833 936
11.6 938
11.6167 939
11.6333 940
11.65 941
11.6667 942
11.6833 944
11.7 945
11.7167 946
11.7333 947
11.75 948
11.7667 949
11.7833 950
11.8 951
11.8167 952
11.8333 953
11.85 954
11.8667 955
11.8833 956
11.9 957
11.9167 958
11.9333 958
11.95 959
11.9667 960
11.9833 961
12.0 962
12.0167 962
12.0333 963
12.05 964
12.0667 965
12.0833 965
12.1 966
12.1167 967
12.1333 967
12.15 968
12.1667 968
12.1833 969
12.2 970
12.2167 970
12.2333 971
12.25 971
12.2667 972
12.2833 972
12.3 972
12.3167 973
12.3333 973
12.35 974
12.3667 974
12.3833 974
12.4 975
12.4167 975
12.4333 975
12.45 975
12.4667 976
12.4833 976
12.5 976
12.5167 976
12.5333 976
12.55 976
12.5667 976
12.5833 977
12.6 977
12.6167 977
12.6333 977
12.65 977
12.6667 977
12.6833 977
12.7 977
12.7167 977
12.7333 976
12.75 976
12.7667 976
12.7833 976
12.8 976
12.8167 976
12.8333 976
12.85 975
12.8667 975
12.8833 975
12.9 975
12.9167 974
12.9333 974
12.95 974
12.9667 973
12.9833 973
13.0 972
13.0167 972
13.0333 971
13.05 971
13.0667 971
13.0833 970
13.1 970
13.1167 969
13.1333 968
13.15 968
13.1667 967
13.1833 967
13.2 966
13.2167 965
13.2333 965
13.25 964
13.2667 963
13.2833 962
13.3 962
13.3167 961
13.3333 960
13.35 959
13.3667 958
13.3833 958
13.4 957
13.4167 956
13.4333 955
13.45 954
13.4667 953
13.4833 952
13.5 951
13.5167 950
13.5333 949
13.55 948
13.5667 947
13.5833 946
13.6 945
13.6167 944
13.6333 942
13.65 941
13.6667 940
13.6833 939
13.7 938
13.7167 936
13.7333 935
13.75 934
13.7667 933
13.7833 931
13.8 930
13.8167 929
13.8333 927
13.85 926
13.8667 924
13.8833 923
13.9 922
13.9167 920
13.9333 919
13.95 917
13.9667 916
13.9833 914
14.0 913
14.0167 911
14.0333 909
14.05 908
14.0667 906
14.0833 904
14.1 903
14.1167 901
14.1333 899
14.15 898
14.1667 896
14.1833 894
14.2 892
14.2167 891
14.2333 889
14.25 887
14.2667 885
14.2833 883
14.3 881
14.3167 880
14.3333 878
14.35 876
14.3667 874
14.3833 872
14.4 870
14.4167 868
14.4333 866
14.45 864
14.4667 862
14.4833 860
14.5 858
14.5167 855
14.5333 853
14.55 851
14.5667 849
14.5833 847
14.6 845
14.6167 842
14.6333 840
14.65 838
14.6667 836
14.6833 833
14.7 831
14.7167 829
14.7333 827
14.75 824
14.7667 822
14.7833 819
14.8 817
14.8167 815
14.8333 812
14.85 810
14.8667 807
14.8833 805
14.9 802
14.9167 800
14.9333 797
14.95 795
14.9667 792
14.9833 790
15.0 787
15.0167 785
15.0333 782
15.05 780
15.0667 777
15.0833 774
15.1 772
15.1167 769
15.1333 766
15.15 764
15.1667 761
15.1833 758
15.2 755
15.2167 753
15.2333 750
15.25 747
15.2667 744
15.2833 741
15.3 739
15.3167 736
15.3333 733
15.35 730
15.3667 727
15.3833 724
15.4 721
15.4167 718
15.4333 715
15.45 712
15.4667 709
15.4833 706
15.5 703
15.5167 700
15.5333 697
15.55 694
15.5667 691
15.5833 688
15.6 685
15.6167 682
15.6333 679
15.65 676
15.6667 673
15.6833 669
15.7 666
15.7167 663
15.7333 660
15.75 657
15.7667 654
15.7833 650
15.8 647
15.8167 644
15.8333 641
15.85 637
15.8667 634
15.8833 631
15.9 627
15.9167 624
15.9333 621
15.95 618
15.9667 614
15.9833 611
16.0 607
16.0167 604
16.0333 601
16.05 597
16.0667 594
16.0833 591
16.1 587
16.1167 584
16.1333 580
16.15 577
16.1667 573
16.1833 570
16.2 566
16.2167 563
16.2333 559
16.25 556
16.2667 552
16.2833 549
16.3 545
16.3167 542
16.3333 538
16.35 535
16.3667 531
16.3833 527
16.4 524
16.4167 520
16.4333 517
16.45 513
16.4667 509
16.4833 506
16.5 502
16.5167 499
16.5333 495
16.55 491
16.5667 488
16.5833 484
16.6 480
16.6167 477
16.6333 473
16.65 469
16.6667 465
16.6833 462
16.7 458
16.7167 454
16.7333 451
16.75 447
16.7667 443
16.7833 439
16.8 436
16.8167 432
16.8333 428
16.85 424
16.8667 421
16.8833 417
16.9 413
16.9167 409
16.9333 406
16.95 402
16.9667 398
16.9833 394
