8.0 348
8.0167 352
8.0333 356
8.05 360
8.0667 364
8.0833 368
8.1 372
8.1167 376
8.1333 380
8.15 384
8.1667 388
8.1833 392
8.2 396
8.2167 400
8.2333 404
8.25 408
8.2667 412
8.2833 416
8.3 420
8.3167 424
8.3333 428
8.35 432
8.3667 436
8.3833 440
8.4 444
8.4167 448
8.4333 452
8.45 456
8.4667 460
8.4833 464
8.5 467
8.5167 471
8.5333 475
8.55 479
8.5667 483
8.5833 487
8.6 491
8.6167 495
8.6333 499
8.65 503
8.6667 506
8.6833 510
8.7 514
8.7167 518
8.7333 522
8.75 526
8.7667 529
8.7833 533
8.8 537
8.8167 541
8.8333 545
8.85 548
8.8667 552
8.8833 556
8.9 560
8.9167 563
8.9333 567
8.95 571
8.9667 575
8.9833 578
9.0 582
9.0167 586
9.0333 590
9.05 594
9.0667 597
9.0833 601
9.1 605
9.1167 608
9.1333 612
9.15 616
9.1667 619
9.1833 623
9.2 626
9.2167 630
9.2333 633
9.25 637
9.2667 640
9.2833 644
9.3 647
9.3167 651
9.3333 654
9.35 658
9.3667 661
9.3833 665
9.4 668
9.4167 672
9.4333 675
9.45 678
9.4667 682
9.4833 685
9.5 689
9.5167 692
9.5333 695
9.55 699
9.5667 702
9.5833 705
9.6 708
9.6167 712
9.6333 715
9.65 718
9.6667 721
9.6833 725
9.7 728
9.7167 731
9.7333 734
9.75 737
9.7667 741
9.7833 744
9.8 747
9.8167 750
9.8333 753
9.85 756
9.8667 759
9.8833 762
9.9 765
9.9167 768
9.9333 771
9.95 774
9.9667 777
9.9833 780
10.0 783
10.0167 786
10.0333 789
10.05 792
10.0667 795
10.0833 798
10.1 801
10.1167 803
10.1333 806
10.15 809
10.1667 812
10.1833 815
10.2 817
10.2167 820
10.2333 823
10.25 826
10.2667 828
10.2833 831
10.3 834
10.3167 836
10.3333 839
10.35 842
10.3667 844
10.3833 847
10.4 849
10.4167 852
10.4333 855
10.45 857
10.4667 860
10.4833 862
10.5 865
10.5167 867
10.5333 869
10.55 872
10.5667 874
10.5833 877
10.6 879
10.6167 881
10.6333 884
10.65 886
10.6667 888
10.6833 891
10.7 893
10.7167 895
10.7333 898
10.75 900
10.7667 902
10.7833 904
10.8 906
10.8167 908
10.8333 911
10.85 913
10.8667 915
10.8833 917
10.9 919
10.9167 921
10.9333 923
10.95 925
10.9667 927
10.9833 929
11.0 931
11.0167 933
11.0333 935
11.05 937
11.0667 939
11.0833 941
11.1 942
11.1167 944
11.1333 946
11.15 948
11.1667 950
11.1833 951
11.2 953
11.2167 955
11.2333 957
11.25 958
11.2667 960
11.2833 962
11.3 963
11.3167 965
11.3333 966
11.35 968
11.3667 970
11.3833 971
11.4 973
11.4167 974
11.4333 976
11.45 977
11.4667 978
11.4833 980
11.5 981
11.5167 983
11.5333 984
11.55 985
11.5667 987
11.5833 988
11.6 989
11.6167 991
11.6333 992
11.65 993
11.6667 994
11.6833 995
11.7 997
11.7167 998
11.7333 999
11.75 1000
11.7667 1001
11.7833 1002
11.8 1003
11.8167 1004
11.8333 1005
11.85 1006
11.8667 1007
11.8833 1008
11.9 1009
11.9167 1010
11.9333 1011
11.95 1012
11.9667 1013
11.9833 1014
12.0 1014
12.0167 1015
12.0333 1016
12.05 1017
12.0667 1017
12.0833 1018
12.1 1019
12.1167 1020
12.1333 1020
12.15 1021
12.1667 1021
12.1833 1022
12.2 1023
12.2167 1023
12.2333 1024
12.25 1024
12.2667 1025
12.2833 1025
12.3 1026
12.3167 1026
12.3333 1026
12.35 1027
12.3667 1027
12.3833 1028
12.4 1028
12.4167 1028
12.4333 1029
12.45 1029
12.4667 1029
12.4833 1029
12.5 1030
12.5167 1030
12.5333 1030
12.55 1030
12.5667 1030
12.5833 1030
12.6 1030
12.6167 1030
12.6333 1030
12.65 1031
12.6667 1031
12.6833 1031
12.7 1030
12.7167 1030
12.7333 1030
12.75 1030
12.7667 1030
12.7833 1030
12.8 1030
12.8167 1030
12.8333 1030
12.85 1029
12.8667 1029
12.8833 1029
12.9 1029
12.9167 1028
12.9333 1028
12.95 1028
12.9667 1027
12.9833 1027
13.0 1027
13.0167 1026
13.0333 1026
13.05 1025
13.0667 1025
13.0833 1024
13.1 1024
13.1167 1023
13.1333 1023
13.15 1022
13.1667 1021
13.1833 1021
13.2 1020
13.2167 1020
13.2333 1019
13.25 1018
13.2667 1017
13.2833 1017
13.3 1016
13.3167 1015
13.3333 1014
13.35 1014
13.3667 1013
13.3833 1012
13.4 1011
13.4167 1010
13.4333 1009
13.45 1008
13.4667 1007
13.4833 1006
13.5 1005
13.5167 1004
13.5333 1003
13.55 1002
13.5667 1001
13.5833 1000
13.6 999
13.6167 998
13.6333 997
13.65 996
13.6667 994
13.6833 993
13.7 992
13.7167 991
13.7333 989
13.75 988
13.7667 987
13.7833 986
13.8 984
13.8167 983
13.8333 981
13.85 980
13.8667 979
13.8833 977
13.9 976
13.9167 974
13.9333 973
13.95 971
13.9667 970
13.9833 968
14.0 967
14.0167 965
14.0333 963
14.05 962
14.0667 960
14.0833 958
14.1 957
14.1167 955
14.1333 953
14.15 952
14.1667 950
14.1833 948
14.2 946
14.2167 944
14.2333 943
14.25 941
14.2667 939
14.2833 937
14.3 935
14.3167 933
14.3333 931
14.35 929
14.3667 927
14.3833 925
14.4 923
14.4167 921
14.4333 919
14.45 917
14.4667 915
14.4833 913
14.5 911
14.5167 909
14.5333 907
14.55 904
14.5667 902
14.5833 900
14.6 898
14.6167 896
14.6333 893
14.65 891
14.6667 889
14.6833 886
14.7 884
14.7167 882
14.7333 879
14.75 877
14.7667 875
14.7833 872
14.8 870
14.8167 867
14.8333 865
14.85 862
14.8667 860
14.8833 857
14.9 855
14.9167 852
14.9333 850
14.95 847
14.9667 845
14.9833 842
15.0 840
15.0167 837
15.0333 834
15.05 832
15.0667 829
15.0833 826
15.1 823
15.1167 821
15.1333 818
15.15 815
15.1667 812
15.1833 810
15.2 807
15.2167 804
15.2333 801
15.25 798
15.2667 795
15.2833 793
15.3 790
15.3167 787
15.3333 784
15.35 781
15.3667 778
15.3833 775
15.4 772
15.4167 769
15.4333 766
15.45 763
15.4667 760
15.4833 757
15.5 754
15.5167 751
15.5333 747
15.55 744
15.5667 741
15.5833 738
15.6 735
15.6167 732
15.6333 728
15.65 725
15.6667 722
15.6833 719
15.7 716
15.7167 712
15.7333 709
15.75 706
15.7667 702
15.7833 699
15.8 696
15.8167 693
15.8333 689
15.85 686
15.8667 682
15.8833 679
15.9 676
15.9167 672
15.9333 669
15.95 665
15.9667 662
15.9833 659
16.0 655
16.0167 652
16.0333 648
16.05 645
16.0667 641
16.0833 638
16.1 634
16.1167 630
16.1333 627
16.15 623
16.1667 620
16.1833 616
16.2 613
16.2167 609
16.2333 605
16.25 602
16.2667 598
16.2833 594
16.3 591
16.3167 587
16.3333 583
16.35 580
16.3667 576
16.3833 572
16.4 569
16.4167 565
16.4333 561
16.45 557
16.4667 554
16.4833 550
16.5 546
16.5167 542
16.5333 539
16.55 535
16.5667 531
16.5833 527
16.6 523
16.6167 519
16.6333 516
16.65 512
16.6667 508
16.6833 504
16.7 500
16.7167 496
16.7333 492
16.75 489
16.7667 485
16.7833 481
16.8 477
16.8167 473
16.8333 469
16.85 465
16.8667 461
16.8833 457
16.9 453
16.9167 449
16.9333 445
16.95 441
16.9667 437
16.9833 433
