8.0 330
8.0167 334
8.0333 339
8.05 343
8.0667 347
8.0833 351
8.1 355
8.1167 359
8.1333 363
8.15 367
8.1667 371
8.1833 375
8.2 379
8.2167 383
8.2333 388
8.25 392
8.2667 396
8.2833 400
8.3 404
8.3167 408
8.3333 412
8.35 416
8.3667 420
8.3833 424
8.4 428
8.4167 432
8.4333 436
8.45 440
8.4667 444
8.4833 448
8.5 452
8.5167 456
8.5333 460
8.55 464
8.5667 468
8.5833 472
8.6 476
8.6167 480
8.6333 484
8.65 488
8.6667 492
8.6833 495
8.7 499
8.7167 503
8.7333 507
8.75 511
8.7667 515
8.7833 519
8.8 523
8.8167 527
8.8333 530
8.85 534
8.8667 538
8.8833 542
8.9 546
8.9167 549
8.9333 553
8.95 557
8.9667 561
8.9833 565
9.0 568
9.0167 573
9.0333 577
9.05 580
9.0667 584
9.0833 588
9.1 591
9.1167 595
9.1333 599
9.15 602
9.1667 606
9.1833 610
9.2 613
9.2167 617
9.2333 621
9.25 624
9.2667 628
9.2833 631
9.3 635
9.3167 639
9.3333 642
9.35 646
9.3667 649
9.3833 653
9.4 656
9.4167 660
9.4333 663
9.45 667
9.4667 670
9.4833 673
9.5 677
9.5167 680
9.5333 684
9.55 687
9.5667 690
9.5833 694
9.6 697
9.6167 700
9.6333 704
9.65 707
9.6667 710
9.6833 714
9.7 717
9.7167 720
9.7333 723
9.75 727
9.7667 730
9.7833 733
9.8 736
9.8167 739
9.8333 743
9.85 746
9.8667 749
9.8833 752
9.9 755
9.9167 758
9.9333 761
9.95 764
9.9667 767
9.9833 770
10.0 773
10.0167 776
10.0333 779
10.05 782
10.0667 785
10.0833 788
10.1 791
10.1167 794
10.1333 797
10.15 800
10.1667 803
10.1833 805
10.2 808
10.2167 811
10.2333 814
10.25 817
10.2667 819
10.2833 822
10.3 825
10.3167 828
10.3333 830
10.35 833
10.3667 836
10.3833 838
10.4 841
10.4167 844
10.4333 846
10.45 849
10.4667 851
10.4833 854
10.5 856
10.5167 859
10.5333 861
10.55 864
10.5667 866
10.5833 869
10.6 871
10.6167 874
10.6333 876
10.65 879
10.6667 881
10.6833 883
10.7 886
10.7167 888
10.7333 890
10.75 893
10.7667 895
10.7833 897
10.8 899
10.8167 901
10.8333 904
10.85 906
10.8667 908
10.8833 910
10.9 912
10.9167 914
10.9333 916
10.95 919
10.9667 921
10.9833 923
11.0 925
11.0167 927
11.0333 929
11.05 931
11.0667 932
11.0833 934
11.1 936
11.1167 938
11.1333 940
11.15 942
11.1667 944
11.1833 946
11.2 947
11.2167 949
11.2333 951
11.25 953
11.2667 954
11.2833 956
11.3 958
11.3167 959
11.3333 961
11.35 963
11.3667 964
11.3833 966
11.4 967
11.4167 969
11.4333 970
11.45 972
11.4667 973
11.4833 975
11.5 976
11.5167 978
11.5333 979
11.55 981
11.5667 982
11.5833 983
11.6 985
11.6167 986
11.6333 987
11.65 989
11.6667 990
11.6833 991
11.7 992
11.7167 993
11.7333 995
11.75 996
11.7667 997
11.7833 998
11.8 999
11.8167 1000
11.8333 1001
11.85 1002
11.8667 1003
11.8833 1004
11.9 1005
11.9167 1006
11.9333 1007
11.95 1008
11.9667 1009
11.9833 1010
12.0 1011
12.0167 1012
12.0333 1012
12.05 1013
12.0667 1014
12.0833 1015
12.1 1015
12.1167 1016
12.1333 1017
12.15 1018
12.1667 1018
12.1833 1019
12.2 1019
12.2167 1020
12.2333 1021
12.25 1021
12.2667 1022
12.2833 1022
12.3 1023
12.3167 1023
12.3333 1024
12.35 1024
12.3667 1024
12.3833 1025
12.4 1025
12.4167 1026
12.4333 1026
12.45 1026
12.4667 1027
12.4833 1027
12.5 1027
12.5167 1027
12.5333 1027
12.55 1028
12.5667 1028
12.5833 1028
12.6 1028
12.6167 1028
12.6333 1028
12.65 1028
12.6667 1028
12.6833 1028
12.7 1028
12.7167 1028
12.7333 1028
12.75 1028
12.7667 1028
12.7833 1028
12.8 1028
12.8167 1028
12.8333 1028
12.85 1028
12.8667 1027
12.8833 1027
12.9 1027
12.9167 1027
12.9333 1026
12.95 1026
12.9667 1026
12.9833 1025
13.0 1025
13.0167 1025
13.0333 1024
13.05 1024
13.0667 1023
13.0833 1023
13.1 1022
13.1167 1022
13.1333 1021
13.15 1021
13.1667 1020
13.1833 1020
13.2 1019
13.2167 1018
13.2333 1018
13.25 1017
13.2667 1016
13.2833 1016
13.3 1015
13.3167 1014
13.3333 1013
13.35 1013
13.3667 1012
13.3833 1011
13.4 1010
13.4167 1009
13.4333 1008
13.45 1007
13.4667 1006
13.4833 1006
13.5 1005
13.5167 1004
13.5333 1003
13.55 1002
13.5667 1000
13.5833 999
13.6 998
13.6167 997
13.6333 996
13.65 995
13.6667 994
13.6833 993
13.7 991
13.7167 990
13.7333 989
13.75 988
13.7667 986
13.7833 985
13.8 984
13.8167 982
13.8333 981
13.85 980
13.8667 978
13.8833 977
13.9 975
13.9167 974
13.9333 972
13.95 971
13.9667 969
13.9833 968
14.0 966
14.0167 965
14.0333 963
14.05 961
14.0667 960
14.0833 958
14.1 956
14.1167 955
14.1333 953
14.15 951
14.1667 950
14.1833 948
14.2 946
14.2167 944
14.2333 942
14.25 941
14.2667 939
14.2833 937
14.3 935
14.3167 933
14.3333 931
14.35 929
14.3667 927
14.3833 925
14.4 923
14.4167 921
14.4333 919
14.45 917
14.4667 915
14.4833 913
14.5 911
14.5167 909
14.5333 906
14.55 904
14.5667 902
14.5833 900
14.6 898
14.6167 895
14.6333 893
14.65 891
14.6667 889
14.6833 886
14.7 884
14.7167 882
14.7333 879
14.75 877
14.7667 874
14.7833 872
14.8 870
14.8167 867
14.8333 865
14.85 862
14.8667 860
14.8833 857
14.9 855
14.9167 852
14.9333 849
14.95 847
14.9667 844
14.9833 842
15.0 839
15.0167 837
15.0333 834
15.05 831
15.0667 829
15.0833 826
15.1 823
15.1167 820
15.1333 818
15.15 815
15.1667 812
15.1833 809
15.2 806
15.2167 804
15.2333 801
15.25 798
15.2667 795
15.2833 792
15.3 789
15.3167 786
15.3333 783
15.35 780
15.3667 777
15.3833 774
15.4 771
15.4167 768
15.4333 765
15.45 762
15.4667 759
15.4833 756
15.5 753
15.5167 750
15.5333 747
15.55 744
15.5667 741
15.5833 737
15.6 734
15.6167 731
15.6333 728
15.65 725
15.6667 721
15.6833 718
15.7 715
15.7167 712
15.7333 708
15.75 705
15.7667 702
15.7833 698
15.8 695
15.8167 692
15.8333 688
15.85 685
15.8667 681
15.8833 678
15.9 675
15.9167 671
15.9333 668
15.95 664
15.9667 661
15.9833 657
16.0 654
16.0167 650
16.0333 647
16.05 643
16.0667 640
16.0833 636
16.1 633
16.1167 629
16.1333 626
16.15 622
16.1667 618
16.1833 615
16.2 611
16.2167 607
16.2333 604
16.25 600
16.2667 596
16.2833 593
16.3 589
16.3167 585
16.3333 582
16.35 578
16.3667 574
16.3833 570
16.4 567
16.4167 563
16.4333 559
16.45 555
16.4667 552
16.4833 548
16.5 544
16.5167 540
16.5333 536
16.55 533
16.5667 529
16.5833 525
16.6 521
16.6167 517
16.6333 513
16.65 509
16.6667 505
16.6833 502
16.7 498
16.7167 494
16.7333 490
16.75 486
16.7667 482
16.7833 478
16.8 474
16.8167 470
16.8333 466
16.85 462
16.8667 458
16.8833 454
16.9 450
16.9167 446
16.9333 442
16.95 438
16.9667 434
16.9833 430
