8.0 250
8.0167 253
8.0333 257
8.05 260
8.0667 264
8.0833 267
8.1 271
8.1167 274
8.1333 278
8.15 281
8.1667 285
8.1833 288
8.2 292
8.2167 296
8.2333 299
8.25 303
8.2667 306
8.2833 310
8.3 313
8.3167 317
8.3333 321
8.35 324
8.3667 328
8.3833 331
8.4 335
8.4167 338
8.4333 342
8.45 346
8.4667 349
8.4833 353
8.5 356
8.5167 360
8.5333 363
8.55 367
8.5667 370
8.5833 374
8.6 378
8.6167 381
8.6333 385
8.65 388
8.6667 392
8.6833 395
8.7 399
8.7167 402
8.7333 406
8.75 410
8.7667 413
8.7833 417
8.8 420
8.8167 424
8.8333 427
8.85 431
8.8667 434
8.8833 438
8.9 441
8.9167 445
8.9333 448
8.95 452
8.9667 455
8.9833 458
9.0 462
9.0167 466
9.0333 470
9.05 473
9.0667 476
9.0833 480
9.1 483
9.1167 487
9.1333 490
9.15 493
9.1667 497
9.1833 500
9.2 504
9.2167 507
9.2333 510
9.25 514
9.2667 517
9.2833 520
9.3 524
9.3167 527
9.3333 530
9.35 534
9.3667 537
9.3833 540
9.4 543
9.4167 547
9.4333 550
9.45 553
9.4667 556
9.4833 559
9.5 563
9.5167 566
9.5333 569
9.55 572
9.5667 575
9.5833 579
9.6 582
9.6167 585
9.6333 588
9.65 591
9.6667 594
9.6833 597
9.7 600
9.7167 603
9.7333 606
9.75 609
9.7667 613
9.7833 616
9.8 619
9.8167 622
9.8333 624
9.85 627
9.8667 630
9.8833 633
9.9 636
9.9167 639
9.9333 642
9.95 645
9.9667 648
9.9833 651
10.0 654
10.0167 656
10.0333 659
10.05 662
10.0667 665
10.0833 668
10.1 670
10.1167 673
10.1333 676
10.15 679
10.1667 681
10.1833 684
10.2 687
10.2167 689
10.2333 692
10.25 695
10.2667 697
10.2833 700
10.3 703
10.3167 705
10.3333 708
10.35 710
10.3667 713
10.3833 715
10.4 718
10.4167 720
10.4333 723
10.45 725
10.4667 728
10.4833 730
10.5 733
10.5167 735
10.5333 737
10.55 740
10.5667 742
10.5833 744
10.6 747
10.6167 749
10.6333 751
10.65 754
10.6667 756
10.6833 758
10.7 760
10.7167 763
10.7333 765
10.75 767
10.7667 769
10.7833 771
10.8 773
10.8167 776
10.8333 778
10.85 780
10.8667 782
10.8833 784
10.9 786
10.9167 788
10.9333 790
10.95 792
10.9667 794
10.9833 796
11.0 798
11.0167 800
11.0333 802
11.05 803
11.0667 805
11.0833 807
11.1 809
11.1167 811
11.1333 813
11.15 814
11.1667 816
11.1833 818
11.2 820
11.2167 821
11.2333 823
11.25 825
11.2667 826
11.2833 828
11.3 829
11.3167 831
11.3333 833
11.35 834
11.3667 836
11.3833 837
11.4 839
11.4167 840
11.4333 842
11.45 843
11.4667 845
11.4833 846
11.5 847
11.5167 849
11.5333 850
11.55 851
11.5667 853
11.5833 854
11.6 855
11.6167 857
11.6333 858
11.65 859
11.6667 860
11.6833 861
11.7 863
11.7167 864
11.7333 865
11.75 866
11.7667 867
11.7833 868
11.8 869
11.8167 870
11.8333 871
11.85 872
11.8667 873
11.8833 874
11.9 875
11.9167 876
11.9333 877
11.95 878
11.9667 879
11.9833 880
12.0 880
12.0167 881
12.0333 882
12.05 883
12.0667 883
12.0833 884
12.1 885
12.1167 886
12.1333 886
12.15 887
12.1667 888
12.1833 888
12.2 889
12.2167 889
12.2333 890
12.25 890
12.2667 891
12.2833 891
12.3 892
12.3167 892
12.3333 893
12.35 893
12.3667 894
12.3833 894
12.4 894
12.4167 895
12.4333 895
12.45 895
12.4667 896
12.4833 896
12.5 896
12.5167 896
12.5333 896
12.55 897
12.5667 897
12.5833 897
12.6 897
12.6167 897
12.6333 897
12.65 897
12.6667 897
12.6833 897
12.7 897
12.7167 897
12.7333 897
12.75 897
12.7667 897
12.7833 897
12.8 897
12.8167 897
12.8333 897
12.85 896
12.8667 896
12.8833 896
12.9 896
12.9167 895
12.9333 895
12.95 895
12.9667 895
12.9833 894
13.0 894
13.0167 893
13.0333 893
13.05 893
13.0667 892
13.0833 892
13.1 891
13.1167 891
13.1333 890
13.15 890
13.1667 889
13.1833 889
13.2 888
13.2167 887
13.2333 887
13.25 886
13.2667 885
13.2833 885
13.3 884
13.3167 883
13.3333 883
13.35 882
13.3667 881
13.3833 880
13.4 879
13.4167 879
13.4333 878
13.45 877
13.4667 876
13.4833 875
13.5 874
13.5167 873
13.5333 872
13.55 871
13.5667 870
13.5833 869
13.6 868
13.6167 867
13.6333 866
13.65 865
13.6667 864
13.6833 862
13.7 861
13.7167 860
13.7333 859
13.75 858
13.7667 856
13.7833 855
13.8 854
13.8167 852
13.8333 851
13.85 850
13.8667 848
13.8833 847
13.9 846
13.9167 844
13.9333 843
13.95 841
13.9667 840
13.9833 838
14.0 837
14.0167 835
14.0333 834
14.05 832
14.0667 831
14.0833 829
14.1 827
14.1167 826
14.1333 824
14.15 823
14.1667 821
14.1833 819
14.2 817
14.2167 816
14.2333 814
14.25 812
14.2667 810
14.2833 809
14.3 807
14.3167 805
14.3333 803
14.35 801
14.3667 799
14.3833 797
14.4 795
14.4167 793
14.4333 791
14.45 789
14.4667 787
14.4833 785
14.5 783
14.5167 781
14.5333 779
14.55 777
14.5667 775
14.5833 773
14.6 771
14.6167 769
14.6333 767
14.65 764
14.6667 762
14.6833 760
14.7 758
14.7167 755
14.7333 753
14.75 751
14.7667 749
14.7833 746
14.8 744
14.8167 742
14.8333 739
14.85 737
14.8667 734
14.8833 732
14.9 730
14.9167 727
14.9333 725
14.95 722
14.9667 720
14.9833 717
15.0 715
15.0167 713
15.0333 710
15.05 707
15.0667 705
15.0833 702
15.1 700
15.1167 697
15.1333 694
15.15 692
15.1667 689
15.1833 686
15.2 684
15.2167 681
15.2333 678
15.25 676
15.2667 673
15.2833 670
15.3 667
15.3167 665
15.3333 662
15.35 659
15.3667 656
15.3833 653
15.4 650
15.4167 648
15.4333 645
15.45 642
15.4667 639
15.4833 636
15.5 633
15.5167 630
15.5333 627
15.55 624
15.5667 621
15.5833 618
15.6 615
15.6167 612
15.6333 609
15.65 606
15.6667 603
15.6833 600
15.7 597
15.7167 594
15.7333 591
15.75 588
15.7667 584
15.7833 581
15.8 578
15.8167 575
15.8333 572
15.85 569
15.8667 565
15.8833 562
15.9 559
15.9167 556
15.9333 553
15.95 549
15.9667 546
15.9833 543
16.0 540
16.0167 536
16.0333 533
16.05 530
16.0667 526
16.0833 523
16.1 520
16.1167 517
16.1333 513
16.15 510
16.1667 506
16.1833 503
16.2 500
16.2167 496
16.2333 493
16.25 490
16.2667 486
16.2833 483
16.3 479
16.3167 476
16.3333 473
16.35 469
16.3667 466
16.3833 462
16.4 459
16.4167 455
16.4333 452
16.45 448
16.4667 445
16.4833 441
16.5 438
16.5167 434
16.5333 431
16.55 427
16.5667 424
16.5833 420
16.6 417
16.6167 413
16.6333 410
16.65 406
16.6667 403
16.6833 399
16.7 396
16.7167 392
16.7333 389
16.75 385
16.7667 381
16.7833 378
16.8 374
16.8167 371
16.8333 367
16.85 364
16.8667 360
16.8833 356
16.9 353
16.9167 349
16.9333 346
16.95 342
16.9667 339
16.9833 335
