8.0 335
8.0167 339
8.0333 343
8.05 347
8.0667 350
8.0833 354
8.1 358
8.1167 362
8.1333 366
8.15 370
8.1667 373
8.1833 377
8.2 381
8.2167 385
8.2333 389
8.25 392
8.2667 396
8.2833 400
8.3 404
8.3167 408
8.3333 411
8.35 415
8.3667 419
8.3833 423
8.4 427
8.4167 430
8.4333 434
8.45 438
8.4667 442
8.4833 445
8.5 449
8.5167 453
8.5333 457
8.55 460
8.5667 464
8.5833 468
8.6 472
8.6167 475
8.6333 479
8.65 483
8.6667 487
8.6833 490
8.7 494
8.7167 498
8.7333 501
8.75 505
8.7667 509
8.7833 512
8.8 516
8.8167 520
8.8333 523
8.85 527
8.8667 530
8.8833 534
8.9 538
8.9167 541
8.9333 545
8.95 548
8.9667 552
8.9833 555
9.0 559
9.0167 563
9.0333 567
9.05 570
9.0667 574
9.0833 577
9.1 581
9.1167 584
9.1333 588
9.15 591
9.1667 594
9.1833 598
9.2 601
9.2167 605
9.2333 608
9.25 612
9.2667 615
9.2833 618
9.3 622
9.3167 625
9.3333 628
9.35 632
9.3667 635
9.3833 638
9.4 642
9.4167 645
9.4333 648
9.45 652
9.4667 655
9.4833 658
9.5 661
9.5167 664
9.5333 668
9.55 671
9.5667 674
9.5833 677
9.6 680
9.6167 684
9.6333 687
9.65 690
9.6667 693
9.6833 696
9.7 699
9.7167 702
9.7333 705
9.75 708
9.7667 711
9.7833 714
9.8 717
9.8167 720
9.8333 723
9.85 726
9.8667 729
9.8833 732
9.9 735
9.9167 738
9.9333 741
9.95 744
9.9667 747
9.9833 750
10.0 752
10.0167 755
10.0333 758
10.05 761
10.0667 764
10.0833 766
10.1 769
10.1167 772
10.1333 775
10.15 777
10.1667 780
10.1833 783
10.2 785
10.2167 788
10.2333 791
10.25 793
10.2667 796
10.2833 799
10.3 801
10.3167 804
10.3333 806
10.35 809
10.3667 811
10.3833 814
10.4 816
10.4167 819
10.4333 821
10.45 824
10.4667 826
10.4833 828
10.5 831
10.5167 833
10.5333 836
10.55 838
10.5667 840
10.5833 843
10.6 845
10.6167 847
10.6333 849
10.65 852
10.6667 854
10.6833 856
10.7 858
10.7167 860
10.7333 863
10.75 865
10.7667 867
10.7833 869
10.8 871
10.8167 873
10.8333 875
10.85 877
10.8667 879
10.8833 881
10.9 883
10.9167 885
10.9333 887
10.95 889
10.9667 891
10.9833 893
11.0 895
11.0167 897
11.0333 899
11.05 900
11.0667 902
11.0833 904
11.1 906
11.1167 907
11.1333 909
11.15 911
11.1667 913
11.1833 914
11.2 916
11.2167 918
11.2333 919
11.25 921
11.2667 923
11.2833 924
11.3 926
11.3167 927
11.3333 929
11.35 930
11.3667 932
11.3833 933
11.4 935
11.4167 936
11.4333 937
11.45 939
11.4667 940
11.4833 942
11.5 943
11.5167 944
11.5333 946
11.55 947
11.5667 948
11.5833 949
11.6 951
11.6167 952
11.6333 953
11.65 954
11.6667 955
11.6833 956
11.7 958
11.7167 959
11.7333 960
11.75 961
11.7667 962
11.7833 963
11.8 964
11.8167 965
11.8333 966
11.85 967
11.8667 968
11.8833 969
11.9 969
11.9167 970
11.9333 971
11.95 972
11.9667 973
11.9833 974
12.0 974
12.0167 975
12.0333 976
12.05 977
12.0667 977
12.0833 978
12.1 979
12.1167 979
12.1333 980
12.15 980
12.1667 981
12.1833 982
12.2 982
12.2167 983
12.2333 983
12.25 984
12.2667 984
12.2833 984
12.3 985
12.3167 985
12.3333 986
12.35 986
12.3667 986
12.3833 987
12.4 987
12.4167 987
12.4333 987
12.45 988
12.4667 988
12.4833 988
12.5 988
12.5167 988
12.5333 989
12.55 989
12.5667 989
12.5833 989
12.6 989
12.6167 989
12.6333 989
12.65 989
12.6667 989
12.6833 989
12.7 989
12.7167 989
12.7333 989
12.75 989
12.7667 988
12.7833 988
12.8 988
12.8167 988
12.8333 988
12.85 987
12.8667 987
12.8833 987
12.9 987
12.9167 986
12.9333 986
12.95 986
12.9667 985
12.9833 985
13.0 984
13.0167 984
13.0333 984
13.05 983
13.0667 983
13.0833 982
13.1 982
13.1167 981
13.1333 980
13.15 980
13.1667 979
13.1833 979
13.2 978
13.2167 977
13.2333 977
13.25 976
13.2667 975
13.2833 974
13.3 974
13.3167 973
13.3333 972
13.35 971
13.3667 970
13.3833 970
13.4 969
13.4167 968
13.4333 967
13.45 966
13.4667 965
13.4833 964
13.5 963
13.5167 962
13.5333 961
13.55 960
13.5667 959
13.5833 958
13.6 957
13.6167 955
13.6333 954
13.65 953
13.6667 952
13.6833 951
13.7 950
13.7167 948
13.7333 947
13.75 946
13.7667 944
13.7833 943
13.8 942
13.8167 940
13.8333 939
13.85 938
13.8667 936
13.8833 935
13.9 933
13.9167 932
13.9333 930
13.95 929
13.9667 927
13.9833 926
14.0 924
14.0167 923
14.0333 921
14.05 920
14.0667 918
14.0833 916
14.1 915
14.1167 913
14.1333 911
14.15 909
14.1667 908
14.1833 906
14.2 904
14.2167 902
14.2333 901
14.25 899
14.2667 897
14.2833 895
14.3 893
14.3167 891
14.3333 889
14.35 887
14.3667 885
14.3833 884
14.4 882
14.4167 880
14.4333 877
14.45 875
14.4667 873
14.4833 871
14.5 869
14.5167 867
14.5333 865
14.55 863
14.5667 861
14.5833 859
14.6 856
14.6167 854
14.6333 852
14.65 850
14.6667 847
14.6833 845
14.7 843
14.7167 841
14.7333 838
14.75 836
14.7667 834
14.7833 831
14.8 829
14.8167 826
14.8333 824
14.85 822
14.8667 819
14.8833 817
14.9 814
14.9167 812
14.9333 809
14.95 807
14.9667 804
14.9833 801
15.0 799
15.0167 796
15.0333 794
15.05 791
15.0667 789
15.0833 786
15.1 783
15.1167 781
15.1333 778
15.15 775
15.1667 772
15.1833 770
15.2 767
15.2167 764
15.2333 761
15.25 759
15.2667 756
15.2833 753
15.3 750
15.3167 747
15.3333 744
15.35 742
15.3667 739
15.3833 736
15.4 733
15.4167 730
15.4333 727
15.45 724
15.4667 721
15.4833 718
15.5 715
15.5167 712
15.5333 709
15.55 706
15.5667 703
15.5833 700
15.6 697
15.6167 694
15.6333 690
15.65 687
15.6667 684
15.6833 681
15.7 678
15.7167 675
15.7333 672
15.75 668
15.7667 665
15.7833 662
15.8 659
15.8167 655
15.8333 652
15.85 649
15.8667 646
15.8833 642
15.9 639
15.9167 636
15.9333 632
15.95 629
15.9667 626
15.9833 622
16.0 619
16.0167 616
16.0333 612
16.05 609
16.0667 605
16.0833 602
16.1 599
16.1167 595
16.1333 592
16.15 588
16.1667 585
16.1833 581
16.2 578
16.2167 574
16.2333 571
16.25 567
16.2667 564
16.2833 560
16.3 557
16.3167 553
16.3333 550
16.35 546
16.3667 542
16.3833 539
16.4 535
16.4167 532
16.4333 528
16.45 524
16.4667 521
16.4833 517
16.5 513
16.5167 510
16.5333 506
16.55 503
16.5667 499
16.5833 495
16.6 491
16.6167 488
16.6333 484
16.65 480
16.6667 477
16.6833 473
16.7 469
16.7167 466
16.7333 462
16.75 458
16.7667 454
16.7833 451
16.8 447
16.8167 443
16.8333 439
16.85 436
16.8667 432
16.8833 428
16.9 424
16.9167 420
16.9333 417
16.95 413
16.9667 409
16.9833 405
