8.0 274
8.0167 278
8.0333 282
8.05 285
8.0667 289
8.0833 292
8.1 296
8.1167 299
8.1333 303
8.15 306
8.1667 310
8.1833 313
8.2 317
8.2167 320
8.2333 324
8.25 328
8.2667 331
8.2833 335
8.3 338
8.3167 342
8.3333 345
8.35 349
8.3667 352
8.3833 356
8.4 360
8.4167 363
8.4333 367
8.45 370
8.4667 374
8.4833 377
8.5 381
8.5167 384
8.5333 388
8.55 391
8.5667 395
8.5833 399
8.6 402
8.6167 406
8.6333 409
8.65 413
8.6667 416
8.6833 420
8.7 423
8.7167 427
8.7333 430
8.75 434
8.7667 437
8.7833 441
8.8 444
8.8167 448
8.8333 451
8.85 455
8.8667 458
8.8833 461
8.9 465
8.9167 468
8.9333 472
8.95 475
8.9667 479
8.9833 482
9.0 485
9.0167 489
9.0333 493
9.05 496
9.0667 500
9.0833 503
9.1 506
9.1167 510
9.1333 513
9.15 516
9.1667 520
9.1833 523
9.2 526
9.2167 530
9.2333 533
9.25 536
9.2667 540
9.2833 543
9.3 546
9.3167 549
9.3333 553
9.35 556
9.3667 559
9.3833 562
9.4 566
9.4167 569
9.4333 572
9.45 575
9.4667 578
9.4833 581
9.5 585
9.5167 588
9.5333 591
9.55 594
9.5667 597
9.5833 600
9.6 603
9.6167 606
9.6333 609
9.65 612
9.6667 615
9.6833 618
9.7 622
9.7167 625
9.7333 628
9.75 630
9.7667 633
9.7833 636
9.8 639
9.8167 642
9.8333 645
9.85 648
9.8667 651
9.8833 654
9.9 657
9.9167 660
9.9333 662
9.95 665
9.9667 668
9.9833 671
10.0 674
10.0167 676
10.0333 679
10.05 682
10.0667 685
10.0833 687
10.1 690
10.1167 693
10.1333 696
10.15 698
10.1667 701
10.1833 704
10.2 706
10.2167 709
10.2333 711
10.25 714
10.2667 716
10.2833 719
10.3 722
10.3167 724
10.3333 727
10.35 729
10.3667 732
10.3833 734
10.4 737
10.4167 739
10.4333 741
10.45 744
10.4667 746
10.4833 749
10.5 751
10.5167 753
10.5333 756
10.55 758
10.5667 760
10.5833 762
10.6 765
10.6167 767
10.6333 769
10.65 771
10.6667 774
10.6833 776
10.7 778
10.7167 780
10.7333 782
10.75 784
10.7667 787
10.7833 789
10.8 791
10.8167 793
10.8333 795
10.85 797
10.8667 799
10.8833 801
10.9 803
10.9167 805
10.9333 807
10.95 809
10.9667 810
10.9833 812
11.0 814
11.0167 816
11.0333 818
11.05 820
11.0667 822
11.0833 823
11.1 825
11.1167 827
11.1333 829
11.15 830
11.1667 832
11.1833 834
11.2 835
11.2167 837
11.2333 839
11.25 840
11.2667 842
11.2833 843
11.3 845
11.3167 846
11.3333 848
11.35 849
11.3667 851
11.3833 852
11.4 854
11.4167 855
11.4333 857
11.45 858
11.4667 859
11.4833 861
11.5 862
11.5167 863
11.5333 865
11.55 866
11.5667 867
11.5833 869
11.6 870
11.6167 871
11.6333 872
11.65 873
11.6667 875
11.6833 876
11.7 877
11.7167 878
11.7333 879
11.75 880
11.7667 881
11.7833 882
11.8 883
11.8167 884
11.8333 885
11.85 886
11.8667 887
11.8833 888
11.9 889
11.9167 890
11.9333 890
11.95 891
11.9667 892
11.9833 893
12.0 894
12.0167 894
12.0333 895
12.05 896
12.0667 897
12.0833 897
12.1 898
12.1167 899
12.1333 899
12.15 900
12.1667 900
12.1833 901
12.2 901
12.2167 902
12.2333 903
12.25 903
12.2667 903
12.2833 904
12.3 904
12.3167 905
12.3333 905
12.35 905
12.3667 906
12.3833 906
12.4 906
12.4167 907
12.4333 907
12.45 907
12.4667 908
12.4833 908
12.5 908
12.5167 908
12.5333 908
12.55 908
12.5667 909
12.5833 909
12.6 909
12.6167 909
12.6333 909
12.65 909
12.6667 909
12.6833 909
12.7 909
12.7167 909
12.7333 909
12.75 909
12.7667 908
12.7833 908
12.8 908
12.8167 908
12.8333 908
12.85 908
12.8667 907
12.8833 907
12.9 907
12.9167 906
12.9333 906
12.95 906
12.9667 905
12.9833 905
13.0 905
13.0167 904
13.0333 904
13.05 903
13.0667 903
13.0833 902
13.1 902
13.1167 901
13.1333 901
13.15 900
13.1667 900
13.1833 899
13.2 899
13.2167 898
13.2333 897
13.25 897
13.2667 896
13.2833 895
13.3 894
13.3167 894
13.3333 893
13.35 892
13.3667 891
13.3833 890
13.4 890
13.4167 889
13.4333 888
13.45 887
13.4667 886
13.4833 885
13.5 884
13.5167 883
13.5333 882
13.55 881
13.5667 880
13.5833 879
13.6 878
13.6167 877
13.6333 876
13.65 875
13.6667 873
13.6833 872
13.7 871
13.7167 870
13.7333 869
13.75 867
13.7667 866
13.7833 865
13.8 863
13.8167 862
13.8333 861
13.85 859
13.8667 858
13.8833 857
13.9 855
13.9167 854
13.9333 852
13.95 851
13.9667 849
13.9833 848
14.0 846
14.0167 845
14.0333 843
14.05 842
14.0667 840
14.0833 839
14.1 837
14.1167 835
14.1333 834
14.15 832
14.1667 830
14.1833 829
14.2 827
14.2167 825
14.2333 823
14.25 821
14.2667 820
14.2833 818
14.3 816
14.3167 814
14.3333 812
14.35 810
14.3667 809
14.3833 807
14.4 805
14.4167 803
14.4333 801
14.45 799
14.4667 797
14.4833 795
14.5 793
14.5167 791
14.5333 789
14.55 786
14.5667 784
14.5833 782
14.6 780
14.6167 778
14.6333 776
14.65 774
14.6667 771
14.6833 769
14.7 767
14.7167 765
14.7333 762
14.75 760
14.7667 758
14.7833 756
14.8 753
14.8167 751
14.8333 748
14.85 746
14.8667 744
14.8833 741
14.9 739
14.9167 736
14.9333 734
14.95 732
14.9667 729
14.9833 727
15.0 724
15.0167 722
15.0333 719
15.05 717
15.0667 714
15.0833 711
15.1 709
15.1167 706
15.1333 704
15.15 701
15.1667 698
15.1833 696
15.2 693
15.2167 690
15.2333 688
15.25 685
15.2667 682
15.2833 679
15.3 677
15.3167 674
15.3333 671
15.35 668
15.3667 665
15.3833 663
15.4 660
15.4167 657
15.4333 654
15.45 651
15.4667 648
15.4833 645
15.5 642
15.5167 640
15.5333 637
15.55 634
15.5667 631
15.5833 628
15.6 625
15.6167 622
15.6333 619
15.65 616
15.6667 613
15.6833 610
15.7 606
15.7167 603
15.7333 600
15.75 597
15.7667 594
15.7833 591
15.8 588
15.8167 585
15.8333 582
15.85 578
15.8667 575
15.8833 572
15.9 569
15.9167 566
15.9333 563
15.95 559
15.9667 556
15.9833 553
16.0 550
16.0167 546
16.0333 543
16.05 540
16.0667 536
16.0833 533
16.1 530
16.1167 527
16.1333 523
16.15 520
16.1667 517
16.1833 513
16.2 510
16.2167 507
16.2333 503
16.25 500
16.2667 496
16.2833 493
16.3 490
16.3167 486
16.3333 483
16.35 479
16.3667 476
16.3833 473
16.4 469
16.4167 466
16.4333 462
16.45 459
16.4667 455
16.4833 452
16.5 448
16.5167 445
16.5333 441
16.55 438
16.5667 434
16.5833 431
16.6 427
16.6167 424
16.6333 420
16.65 417
16.6667 413
16.6833 410
16.7 406
16.7167 403
16.7333 399
16.75 396
16.7667 392
16.7833 389
16.8 385
16.8167 382
16.8333 378
16.85 375
16.8667 371
16.8833 367
16.9 364
16.9167 360
16.9333 357
16.95 353
16.9667 350
16.9833 346
