8.0 315
8.0167 319
8.0333 323
8.05 327
8.0667 330
8.0833 334
8.1 338
8.1167 342
8.1333 346
8.15 350
8.1667 354
8.1833 357
8.2 361
8.2167 365
8.2333 369
8.25 373
8.2667 377
8.2833 380
8.3 384
8.3167 388
8.3333 392
8.35 396
8.3667 400
8.3833 403
8.4 407
8.4167 411
8.4333 415
8.45 419
8.4667 423
8.4833 426
8.5 430
8.5167 434
8.5333 438
8.55 442
8.5667 445
8.5833 449
8.6 453
8.6167 457
8.6333 460
8.65 464
8.6667 468
8.6833 472
8.7 475
8.7167 479
8.7333 483
8.75 487
8.7667 490
8.7833 494
8.8 498
8.8167 501
8.8333 505
8.85 509
8.8667 512
8.8833 516
8.9 520
8.9167 523
8.9333 527
8.95 531
8.9667 534
8.9833 538
9.0 542
9.0167 546
9.0333 549
9.05 553
9.0667 556
9.0833 560
9.1 564
9.1167 567
9.1333 571
9.15 574
9.1667 578
9.1833 581
9.2 585
9.2167 588
9.2333 592
9.25 595
9.2667 599
9.2833 602
9.3 605
9.3167 609
9.3333 612
9.35 616
9.3667 619
9.3833 622
9.4 626
9.4167 629
9.4333 632
9.45 636
9.4667 639
9.4833 642
9.5 646
9.5167 649
9.5333 652
9.55 655
9.5667 659
9.5833 662
9.6 665
9.6167 668
9.6333 672
9.65 675
9.6667 678
9.6833 681
9.7 684
9.7167 687
9.7333 691
9.75 694
9.7667 697
9.7833 700
9.8 703
9.8167 706
9.8333 709
9.85 712
9.8667 715
9.8833 718
9.9 721
9.9167 724
9.9333 727
9.95 730
9.9667 733
9.9833 736
10.0 739
10.0167 741
10.0333 744
10.05 747
10.0667 750
10.0833 753
10.1 756
10.1167 759
10.1333 761
10.15 764
10.1667 767
10.1833 770
10.2 772
10.2167 775
10.2333 778
10.25 780
10.2667 783
10.2833 786
10.3 788
10.3167 791
10.3333 794
10.35 796
10.3667 799
10.3833 801
10.4 804
10.4167 806
10.4333 809
10.45 811
10.4667 814
10.4833 816
10.5 819
10.5167 821
10.5333 824
10.55 826
10.5667 828
10.5833 831
10.6 833
10.6167 835
10.6333 838
10.65 840
10.6667 842
10.6833 845
10.7 847
10.7167 849
10.7333 851
10.75 853
10.7667 856
10.7833 858
10.8 860
10.8167 862
10.8333 864
10.85 866
10.8667 868
10.8833 870
10.9 872
10.9167 874
10.9333 876
10.95 878
10.9667 880
10.9833 882
11.0 884
11.0167 886
11.0333 888
11.05 890
11.0667 892
11.0833 894
11.1 895
11.1167 897
11.1333 899
11.15 901
11.1667 903
11.1833 904
11.2 906
11.2167 908
11.2333 909
11.25 911
11.2667 913
11.2833 914
11.3 916
11.3167 918
11.3333 919
11.35 921
11.3667 922
11.3833 924
11.4 925
11.4167 927
11.4333 928
11.45 930
11.4667 931
11.4833 932
11.5 934
11.5167 935
11.5333 937
11.55 938
11.5667 939
11.5833 940
11.6 942
11.6167 943
11.6333 944
11.65 945
11.6667 947
11.6833 948
11.7 949
11.7167 950
11.7333 951
11.75 952
11.7667 953
11.7833 954
11.8 955
11.8167 956
11.8333 957
11.85 958
11.8667 959
11.8833 960
11.9 961
11.9167 962
11.9333 963
11.95 964
11.9667 965
11.9833 966
12.0 966
12.0167 967
12.0333 968
12.05 969
12.0667 969
12.0833 970
12.1 971
12.1167 971
12.1333 972
12.15 973
12.1667 973
12.1833 974
12.2 974
12.2167 975
12.2333 976
12.25 976
12.2667 977
12.2833 977
12.3 977
12.3167 978
12.3333 978
12.35 979
12.3667 979
12.3833 979
12.4 980
12.4167 980
12.4333 980
12.45 981
12.4667 981
12.4833 981
12.5 981
12.5167 981
12.5333 982
12.55 982
12.5667 982
12.5833 982
12.6 982
12.6167 982
12.6333 982
12.65 982
12.6667 982
12.6833 982
12.7 982
12.7167 982
12.7333 982
12.75 982
12.7667 982
12.7833 982
12.8 982
12.8167 981
12.8333 981
12.85 981
12.8667 981
12.8833 981
12.9 980
12.9167 980
12.9333 980
12.95 979
12.9667 979
12.9833 979
13.0 978
13.0167 978
13.0333 977
13.05 977
13.0667 976
13.0833 976
13.1 975
13.1167 975
13.1333 974
13.15 974
13.1667 973
13.1833 973
13.2 972
13.2167 971
13.2333 971
13.25 970
13.2667 969
13.2833 968
13.3 968
13.3167 967
13.3333 966
13.35 965
13.3667 965
13.3833 964
13.4 963
13.4167 962
13.4333 961
13.45 960
13.4667 959
13.4833 958
13.5 957
13.5167 956
13.5333 955
13.55 954
13.5667 953
13.5833 952
13.6 951
13.6167 950
13.6333 949
13.65 947
13.6667 946
13.6833 945
13.7 944
13.7167 943
13.7333 941
13.75 940
13.7667 939
13.7833 937
13.8 936
13.8167 935
13.8333 933
13.85 932
13.8667 931
13.8833 929
13.9 928
13.9167 926
13.9333 925
13.95 923
13.9667 922
13.9833 920
14.0 919
14.0167 917
14.0333 916
14.05 914
14.0667 912
14.0833 911
14.1 909
14.1167 907
14.1333 906
14.15 904
14.1667 902
14.1833 900
14.2 899
14.2167 897
14.2333 895
14.25 893
14.2667 891
14.2833 889
14.3 888
14.3167 886
14.3333 884
14.35 882
14.3667 880
14.3833 878
14.4 876
14.4167 874
14.4333 872
14.45 870
14.4667 868
14.4833 866
14.5 864
14.5167 861
14.5333 859
14.55 857
14.5667 855
14.5833 853
14.6 851
14.6167 848
14.6333 846
14.65 844
14.6667 842
14.6833 839
14.7 837
14.7167 835
14.7333 832
14.75 830
14.7667 828
14.7833 825
14.8 823
14.8167 820
14.8333 818
14.85 816
14.8667 813
14.8833 811
14.9 808
14.9167 806
14.9333 803
14.95 801
14.9667 798
14.9833 795
15.0 793
15.0167 790
15.0333 788
15.05 785
15.0667 783
15.0833 780
15.1 777
15.1167 774
15.1333 772
15.15 769
15.1667 766
15.1833 764
15.2 761
15.2167 758
15.2333 755
15.25 752
15.2667 750
15.2833 747
15.3 744
15.3167 741
15.3333 738
15.35 735
15.3667 732
15.3833 729
15.4 726
15.4167 723
15.4333 720
15.45 717
15.4667 714
15.4833 711
15.5 708
15.5167 705
15.5333 702
15.55 699
15.5667 696
15.5833 693
15.6 690
15.6167 687
15.6333 684
15.65 680
15.6667 677
15.6833 674
15.7 671
15.7167 668
15.7333 665
15.75 661
15.7667 658
15.7833 655
15.8 652
15.8167 648
15.8333 645
15.85 642
15.8667 638
15.8833 635
15.9 632
15.9167 628
15.9333 625
15.95 622
15.9667 618
15.9833 615
16.0 612
16.0167 608
16.0333 605
16.05 601
16.0667 598
16.0833 594
16.1 591
16.1167 587
16.1333 584
16.15 580
16.1667 577
16.1833 573
16.2 570
16.2167 566
16.2333 563
16.25 559
16.2667 556
16.2833 552
16.3 549
16.3167 545
16.3333 541
16.35 538
16.3667 534
16.3833 531
16.4 527
16.4167 523
16.4333 520
16.45 516
16.4667 512
16.4833 509
16.5 505
16.5167 501
16.5333 498
16.55 494
16.5667 490
16.5833 487
16.6 483
16.6167 479
16.6333 475
16.65 472
16.6667 468
16.6833 464
16.7 460
16.7167 457
16.7333 453
16.75 449
16.7667 445
16.7833 442
16.8 438
16.8167 434
16.8333 430
16.85 426
16.8667 423
16.8833 419
16.9 415
16.9167 411
16.9333 407
16.95 403
16.9667 400
16.9833 396
