8.0 298
8.0167 302
8.0333 306
8.05 310
8.0667 314
8.0833 318
8.1 322
8.1167 326
8.1333 330
8.15 334
8.1667 338
8.1833 342
8.2 346
8.2167 351
8.2333 355
8.25 359
8.2667 363
8.2833 367
8.3 371
8.3167 375
8.3333 379
8.35 383
8.3667 387
8.3833 391
8.4 395
8.4167 399
8.4333 403
8.45 407
8.4667 411
8.4833 415
8.5 419
8.5167 423
8.5333 426
8.55 430
8.5667 434
8.5833 438
8.6 442
8.6167 446
8.6333 450
8.65 454
8.6667 458
8.6833 462
8.7 466
8.7167 470
8.7333 474
8.75 477
8.7667 481
8.7833 485
8.8 489
8.8167 493
8.8333 497
8.85 501
8.8667 504
8.8833 508
8.9 512
8.9167 516
8.9333 520
8.95 523
8.9667 527
8.9833 531
9.0 535
9.0167 539
9.0333 543
9.05 547
9.0667 551
9.0833 554
9.1 558
9.1167 562
9.1333 565
9.15 569
9.1667 573
9.1833 576
9.2 580
9.2167 584
9.2333 587
9.25 591
9.2667 595
9.2833 598
9.3 602
9.3167 605
9.3333 609
9.35 612
9.3667 616
9.3833 619
9.4 623
9.4167 626
9.4333 630
9.45 633
9.4667 637
9.4833 640
9.5 644
9.5167 647
9.5333 651
9.55 654
9.5667 657
9.5833 661
9.6 664
9.6167 668
9.6333 671
9.65 674
9.6667 677
9.6833 681
9.7 684
9.7167 687
9.7333 691
9.75 694
9.7667 697
9.7833 700
9.8 704
9.8167 707
9.8333 710
9.85 713
9.8667 716
9.8833 719
9.9 722
9.9167 726
9.9333 729
9.95 732
9.9667 735
9.9833 738
10.0 741
10.0167 744
10.0333 747
10.05 750
10.0667 753
10.0833 756
10.1 759
10.1167 762
10.1333 765
10.15 768
10.1667 770
10.1833 773
10.2 776
10.2167 779
10.2333 782
10.25 785
10.2667 788
10.2833 790
10.3 793
10.3167 796
10.3333 799
10.35 801
10.3667 804
10.3833 807
10.4 809
10.4167 812
10.4333 815
10.45 817
10.4667 820
10.4833 822
10.5 825
10.5167 828
10.5333 830
10.55 833
10.5667 835
10.5833 838
10.6 840
10.6167 842
10.6333 845
10.65 847
10.6667 850
10.6833 852
10.7 854
10.7167 857
10.7333 859
10.75 861
10.7667 864
10.7833 866
10.8 868
10.8167 871
10.8333 873
10.85 875
10.8667 877
10.8833 879
10.9 881
10.9167 884
10.9333 886
10.95 888
10.9667 890
10.9833 892
11.0 894
11.0167 896
11.0333 898
11.05 900
11.0667 902
11.0833 904
11.1 906
11.1167 908
11.1333 910
11.15 912
11.1667 913
11.1833 915
11.2 917
11.2167 919
11.2333 921
11.25 922
11.2667 924
11.2833 926
11.3 928
11.3167 929
11.3333 931
11.35 933
11.3667 934
11.3833 936
11.4 938
11.4167 939
11.4333 941
11.45 942
11.4667 944
11.4833 945
11.5 947
11.5167 948
11.5333 950
11.55 951
11.5667 952
11.5833 954
11.6 955
11.6167 957
11.6333 958
11.65 959
11.6667 960
11.6833 962
11.7 963
11.7167 964
11.7333 965
11.75 967
11.7667 968
11.7833 969
11.8 970
11.8167 971
11.8333 972
11.85 973
11.8667 974
11.8833 975
11.9 976
11.9167 977
11.9333 978
11.95 979
11.9667 980
11.9833 981
12.0 982
12.0167 983
12.0333 984
12.05 985
12.0667 985
12.0833 986
12.1 987
12.1167 988
12.1333 988
12.15 989
12.1667 990
12.1833 990
12.2 991
12.2167 992
12.2333 992
12.25 993
12.2667 993
12.2833 994
12.3 995
12.3167 995
12.3333 996
12.35 996
12.3667 996
12.3833 997
12.4 997
12.4167 998
12.4333 998
12.45 998
12.4667 999
12.4833 999
12.5 999
12.5167 999
12.5333 1000
12.55 1000
12.5667 1000
12.5833 1000
12.6 1000
12.6167 1001
12.6333 1001
12.65 1001
12.6667 1001
12.6833 1001
12.7 1001
12.7167 1001
12.7333 1001
12.75 1001
12.7667 1001
12.7833 1001
12.8 1001
12.8167 1001
12.8333 1000
12.85 1000
12.8667 1000
12.8833 1000
12.9 1000
12.9167 999
12.9333 999
12.95 999
12.9667 999
12.9833 998
13.0 998
13.0167 998
13.0333 997
13.05 997
13.0667 996
13.0833 996
13.1 995
13.1167 995
13.1333 994
13.15 994
13.1667 993
13.1833 993
13.2 992
13.2167 992
13.2333 991
13.25 990
13.2667 990
13.2833 989
13.3 988
13.3167 988
13.3333 987
13.35 986
13.3667 985
13.3833 984
13.4 984
13.4167 983
13.4333 982
13.45 981
13.4667 980
13.4833 979
13.5 978
13.5167 977
13.5333 976
13.55 975
13.5667 974
13.5833 973
13.6 972
13.6167 971
13.6333 970
13.65 969
13.6667 968
13.6833 966
13.7 965
13.7167 964
13.7333 963
13.75 962
13.7667 960
13.7833 959
13.8 958
13.8167 956
13.8333 955
13.85 954
13.8667 952
13.8833 951
13.9 949
13.9167 948
13.9333 947
13.95 945
13.9667 944
13.9833 942
14.0 940
14.0167 939
14.0333 937
14.05 936
14.0667 934
14.0833 932
14.1 931
14.1167 929
14.1333 927
14.15 926
14.1667 924
14.1833 922
14.2 920
14.2167 919
14.2333 917
14.25 915
14.2667 913
14.2833 911
14.3 909
14.3167 908
14.3333 906
14.35 904
14.3667 902
14.3833 900
14.4 898
14.4167 896
14.4333 894
14.45 892
14.4667 890
14.4833 888
14.5 885
14.5167 883
14.5333 881
14.55 879
14.5667 877
14.5833 875
14.6 872
14.6167 870
14.6333 868
14.65 866
14.6667 863
14.6833 861
14.7 859
14.7167 856
14.7333 854
14.75 852
14.7667 849
14.7833 847
14.8 845
14.8167 842
14.8333 840
14.85 837
14.8667 835
14.8833 832
14.9 830
14.9167 827
14.9333 825
14.95 822
14.9667 819
14.9833 817
15.0 815
15.0167 812
15.0333 809
15.05 807
15.0667 804
15.0833 801
15.1 799
15.1167 796
15.1333 793
15.15 790
15.1667 787
15.1833 785
15.2 782
15.2167 779
15.2333 776
15.25 773
15.2667 770
15.2833 768
15.3 765
15.3167 762
15.3333 759
15.35 756
15.3667 753
15.3833 750
15.4 747
15.4167 744
15.4333 741
15.45 738
15.4667 735
15.4833 732
15.5 729
15.5167 726
15.5333 722
15.55 719
15.5667 716
15.5833 713
15.6 710
15.6167 707
15.6333 703
15.65 700
15.6667 697
15.6833 694
15.7 691
15.7167 687
15.7333 684
15.75 681
15.7667 677
15.7833 674
15.8 671
15.8167 667
15.8333 664
15.85 661
15.8667 657
15.8833 654
15.9 650
15.9167 647
15.9333 644
15.95 640
15.9667 637
15.9833 633
16.0 630
16.0167 626
16.0333 623
16.05 619
16.0667 616
16.0833 612
16.1 609
16.1167 605
16.1333 602
16.15 598
16.1667 594
16.1833 591
16.2 587
16.2167 584
16.2333 580
16.25 576
16.2667 573
16.2833 569
16.3 565
16.3167 562
16.3333 558
16.35 554
16.3667 550
16.3833 547
16.4 543
16.4167 539
16.4333 536
16.45 532
16.4667 528
16.4833 524
16.5 520
16.5167 517
16.5333 513
16.55 509
16.5667 505
16.5833 501
16.6 497
16.6167 494
16.6333 490
16.65 486
16.6667 482
16.6833 478
16.7 474
16.7167 470
16.7333 467
16.75 463
16.7667 459
16.7833 455
16.8 451
16.8167 447
16.8333 443
16.85 439
16.8667 435
16.8833 431
16.9 427
16.9167 423
16.9333 419
16.95 415
16.9667 411
16.9833 407
