8.0 402
8.0167 406
8.0333 409
8.05 413
8.0667 417
8.0833 421
8.1 425
8.1167 429
8.1333 432
8.15 436
8.1667 440
8.1833 444
8.2 448
8.2167 451
8.2333 455
8.25 459
8.2667 463
8.2833 466
8.3 470
8.3167 474
8.3333 478
8.35 481
8.3667 485
8.3833 489
8.4 493
8.4167 496
8.4333 500
8.45 504
8.4667 508
8.4833 511
8.5 515
8.5167 519
8.5333 522
8.55 526
8.5667 530
8.5833 533
8.6 537
8.6167 541
8.6333 544
8.65 548
8.6667 552
8.6833 555
8.7 559
8.7167 562
8.7333 566
8.75 570
8.7667 573
8.7833 577
8.8 580
8.8167 584
8.8333 587
8.85 591
8.8667 594
8.8833 598
8.9 601
8.9167 605
8.9333 608
8.95 612
8.9667 615
8.9833 619
9.0 622
9.0167 626
9.0333 629
9.05 633
9.0667 636
9.0833 639
9.1 643
9.1167 646
9.1333 650
9.15 653
9.1667 656
9.1833 660
9.2 663
9.2167 666
9.2333 670
9.25 673
9.2667 676
9.2833 680
9.3 683
9.3167 686
9.3333 689
9.35 693
9.3667 696
9.3833 699
9.4 702
9.4167 705
9.4333 709
9.45 712
9.4667 715
9.4833 718
9.5 721
9.5167 724
9.5333 727
9.55 730
9.5667 734
9.5833 737
9.6 740
9.6167 743
9.6333 746
9.65 749
9.6667 752
9.6833 755
9.7 758
9.7167 761
9.7333 764
9.75 767
9.7667 770
9.7833 773
9.8 775
9.8167 778
9.8333 781
9.85 784
9.8667 787
9.8833 790
9.9 793
9.9167 795
9.9333 798
9.95 801
9.9667 804
9.9833 807
10.0 809
10.0167 812
10.0333 815
10.05 817
10.0667 820
10.0833 823
10.1 825
10.1167 828
10.1333 831
10.15 833
10.1667 836
10.1833 839
10.2 841
10.2167 844
10.2333 846
10.25 849
10.2667 851
10.2833 854
10.3 856
10.3167 859
10.3333 861
10.35 864
10.3667 866
10.3833 868
10.4 871
10.4167 873
10.4333 876
10.45 878
10.4667 880
10.4833 883
10.5 885
10.5167 887
10.5333 889
10.55 892
10.5667 894
10.5833 896
10.6 898
10.6167 901
10.6333 903
10.65 905
10.6667 907
10.6833 909
10.7 911
10.7167 913
10.7333 915
10.75 918
10.7667 920
10.7833 922
10.8 924
10.8167 926
10.8333 928
10.85 930
10.8667 931
10.8833 933
10.9 935
10.9167 937
10.9333 939
10.95 941
10.9667 943
10.9833 945
11.0 946
11.0167 948
11.0333 950
11.05 952
11.0667 954
11.0833 955
11.1 957
11.1167 959
11.1333 960
11.15 962
11.1667 964
11.1833 965
11.2 967
11.2167 968
11.2333 970
11.25 972
11.2667 973
11.2833 975
11.3 976
11.3167 978
11.3333 979
11.35 981
11.3667 982
11.3833 983
11.4 985
11.4167 986
11.4333 987
11.45 989
11.4667 990
11.4833 991
11.5 993
11.5167 994
11.5333 995
11.55 996
11.5667 998
11.5833 999
11.6 1000
11.6167 1001
11.6333 1002
11.65 1004
11.6667 1005
11.6833 1006
11.7 1007
11.7167 1008
11.7333 1009
11.75 1010
11.7667 1011
11.7833 1012
11.8 1013
11.8167 1014
11.8333 1015
11.85 1016
11.8667 1016
11.8833 1017
11.9 1018
11.9167 1019
11.9333 1020
11.95 1021
11.9667 1021
11.9833 1022
12.0 1023
12.0167 1024
12.0333 1024
12.05 1025
12.0667 1026
12.0833 1026
12.1 1027
12.1167 1027
12.1333 1028
12.15 1029
12.1667 1029
12.1833 1030
12.2 1030
12.2167 1031
12.2333 1031
12.25 1032
12.2667 1032
12.2833 1033
12.3 1033
12.3167 1033
12.3333 1034
12.35 1034
12.3667 1034
12.3833 1035
12.4 1035
12.4167 1035
12.4333 1035
12.45 1036
12.4667 1036
12.4833 1036
12.5 1036
12.5167 1036
12.5333 1037
12.55 1037
12.5667 1037
12.5833 1037
12.6 1037
12.6167 1037
12.6333 1037
12.65 1037
12.6667 1037
12.6833 1037
12.7 1037
12.7167 1037
12.7333 1037
12.75 1037
12.7667 1036
12.7833 1036
12.8 1036
12.8167 1036
12.8333 1036
12.85 1035
12.8667 1035
12.8833 1035
12.9 1035
12.9167 1034
12.9333 1034
12.95 1034
12.9667 1033
12.9833 1033
13.0 1033
13.0167 1032
13.0333 1032
13.05 1031
13.0667 1031
13.0833 1030
13.1 1030
13.1167 1029
13.1333 1029
13.15 1028
13.1667 1027
13.1833 1027
13.2 1026
13.2167 1026
13.2333 1025
13.25 1024
13.2667 1024
13.2833 1023
13.3 1022
13.3167 1021
13.3333 1021
13.35 1020
13.3667 1019
13.3833 1018
13.4 1017
13.4167 1016
13.4333 1016
13.45 1015
13.4667 1014
13.4833 1013
13.5 1012
13.5167 1011
13.5333 1010
13.55 1009
13.5667 1008
13.5833 1007
13.6 1006
13.6167 1005
13.6333 1003
13.65 1002
13.6667 1001
13.6833 1000
13.7 999
13.7167 998
13.7333 996
13.75 995
13.7667 994
13.7833 993
13.8 991
13.8167 990
13.8333 989
13.85 987
13.8667 986
13.8833 985
13.9 983
13.9167 982
13.9333 981
13.95 979
13.9667 978
13.9833 976
14.0 975
14.0167 973
14.0333 972
14.05 970
14.0667 968
14.0833 967
14.1 965
14.1167 964
14.1333 962
14.15 960
14.1667 959
14.1833 957
14.2 955
14.2167 954
14.2333 952
14.25 950
14.2667 948
14.2833 946
14.3 945
14.3167 943
14.3333 941
14.35 939
14.3667 937
14.3833 935
14.4 933
14.4167 931
14.4333 930
14.45 928
14.4667 926
14.4833 924
14.5 922
14.5167 920
14.5333 917
14.55 915
14.5667 913
14.5833 911
14.6 909
14.6167 907
14.6333 905
14.65 903
14.6667 901
14.6833 898
14.7 896
14.7167 894
14.7333 892
14.75 889
14.7667 887
14.7833 885
14.8 883
14.8167 880
14.8333 878
14.85 876
14.8667 873
14.8833 871
14.9 868
14.9167 866
14.9333 864
14.95 861
14.9667 859
14.9833 856
15.0 854
15.0167 851
15.0333 849
15.05 846
15.0667 844
15.0833 841
15.1 839
15.1167 836
15.1333 833
15.15 831
15.1667 828
15.1833 826
15.2 823
15.2167 820
15.2333 818
15.25 815
15.2667 812
15.2833 809
15.3 807
15.3167 804
15.3333 801
15.35 798
15.3667 796
15.3833 793
15.4 790
15.4167 787
15.4333 784
15.45 781
15.4667 778
15.4833 776
15.5 773
15.5167 770
15.5333 767
15.55 764
15.5667 761
15.5833 758
15.6 755
15.6167 752
15.6333 749
15.65 746
15.6667 743
15.6833 740
15.7 737
15.7167 734
15.7333 731
15.75 728
15.7667 724
15.7833 721
15.8 718
15.8167 715
15.8333 712
15.85 709
15.8667 706
15.8833 702
15.9 699
15.9167 696
15.9333 693
15.95 689
15.9667 686
15.9833 683
16.0 680
16.0167 676
16.0333 673
16.05 670
16.0667 667
16.0833 663
16.1 660
16.1167 656
16.1333 653
16.15 650
16.1667 646
16.1833 643
16.2 640
16.2167 636
16.2333 633
16.25 629
16.2667 626
16.2833 623
16.3 619
16.3167 616
16.3333 612
16.35 609
16.3667 605
16.3833 602
16.4 598
16.4167 595
16.4333 591
16.45 588
16.4667 584
16.4833 580
16.5 577
16.5167 573
16.5333 570
16.55 566
16.5667 563
16.5833 559
16.6 555
16.6167 552
16.6333 548
16.65 545
16.6667 541
16.6833 537
16.7 534
16.7167 530
16.7333 526
16.75 523
16.7667 519
16.7833 515
16.8 512
16.8167 508
16.8333 504
16.85 500
16.8667 497
16.8833 493
16.9 489
16.9167 486
16.9333 482
16.95 478
16.9667 474
16.9833 471
