8.0 348
8.0167 352
8.0333 355
8.05 359
8.0667 363
8.0833 367
8.1 370
8.1167 374
8.1333 378
8.15 381
8.1667 385
8.1833 389
8.2 393
8.2167 396
8.2333 400
8.25 404
8.2667 407
8.2833 411
8.3 415
8.3167 419
8.3333 422
8.35 426
8.3667 430
8.3833 433
8.4 437
8.4167 441
8.4333 444
8.45 448
8.4667 452
8.4833 455
8.5 459
8.5167 463
8.5333 466
8.55 470
8.5667 473
8.5833 477
8.6 481
8.6167 484
8.6333 488
8.65 491
8.6667 495
8.6833 499
8.7 502
8.7167 506
8.7333 509
8.75 513
8.7667 516
8.7833 520
8.8 524
8.8167 527
8.8333 531
8.85 534
8.8667 538
8.8833 541
8.9 545
8.9167 548
8.9333 552
8.95 555
8.9667 559
8.9833 562
9.0 565
9.0167 569
9.0333 573
9.05 576
9.0667 579
9.0833 583
9.1 586
9.1167 590
9.1333 593
9.15 596
9.1667 600
9.1833 603
9.2 606
9.2167 610
9.2333 613
9.25 616
9.2667 620
9.2833 623
9.3 626
9.3167 629
9.3333 633
9.35 636
9.3667 639
9.3833 642
9.4 645
9.4167 649
9.4333 652
9.45 655
9.4667 658
9.4833 661
9.5 664
9.5167 668
9.5333 671
9.55 674
9.5667 677
9.5833 680
9.6 683
9.6167 686
9.6333 689
9.65 692
9.6667 695
9.6833 698
9.7 701
9.7167 704
9.7333 707
9.75 710
9.7667 713
9.7833 716
9.8 719
9.8167 722
9.8333 725
9.85 728
9.8667 730
9.8833 733
9.9 736
9.9167 739
9.9333 742
9.95 745
9.9667 747
9.9833 750
10.0 753
10.0167 756
10.0333 758
10.05 761
10.0667 764
10.0833 766
10.1 769
10.1167 772
10.1333 774
10.15 777
10.1667 780
10.1833 782
10.2 785
10.2167 787
10.2333 790
10.25 793
10.2667 795
10.2833 798
10.3 800
10.3167 803
10.3333 805
10.35 807
10.3667 810
10.3833 812
10.4 815
10.4167 817
10.4333 820
10.45 822
10.4667 824
10.4833 827
10.5 829
10.5167 831
10.5333 833
10.55 836
10.5667 838
10.5833 840
10.6 842
10.6167 845
10.6333 847
10.65 849
10.6667 851
10.6833 853
10.7 855
10.7167 858
10.7333 860
10.75 862
10.7667 864
10.7833 866
10.8 868
10.8167 870
10.8333 872
10.85 874
10.8667 876
10.8833 878
10.9 880
10.9167 881
10.9333 883
10.95 885
10.9667 887
10.9833 889
11.0 891
11.0167 893
11.0333 894
11.05 896
11.0667 898
11.0833 900
11.1 901
11.1167 903
11.1333 905
11.15 906
11.1667 908
11.1833 910
11.2 911
11.2167 913
11.2333 914
11.25 916
11.2667 918
11.2833 919
11.3 921
11.3167 922
11.3333 924
11.35 925
11.3667 926
11.3833 928
11.4 929
11.4167 931
11.4333 932
11.45 933
11.4667 935
11.4833 936
11.5 937
11.5167 939
11.5333 940
11.55 941
11.5667 942
11.5833 943
11.6 945
11.6167 946
11.6333 947
11.65 948
11.6667 949
11.6833 950
11.7 951
11.7167 952
11.7333 953
11.75 954
11.7667 955
11.7833 956
11.8 957
11.8167 958
11.8333 959
11.85 960
11.8667 961
11.8833 962
11.9 963
11.9167 964
11.9333 964
11.95 965
11.9667 966
11.9833 967
12.0 967
12.0167 968
12.0333 969
12.05 969
12.0667 970
12.0833 971
12.1 971
12.1167 972
12.1333 973
12.15 973
12.1667 974
12.1833 974
12.2 975
12.2167 975
12.2333 976
12.25 976
12.2667 976
12.2833 977
12.3 977
12.3167 978
12.3333 978
12.35 978
12.3667 979
12.3833 979
12.4 979
12.4167 980
12.4333 980
12.45 980
12.4667 980
12.4833 980
12.5 980
12.5167 981
12.5333 981
12.55 981
12.5667 981
12.5833 981
12.6 981
12.6167 981
12.6333 981
12.65 981
12.6667 981
12.6833 981
12.7 981
12.7167 981
12.7333 981
12.75 981
12.7667 980
12.7833 980
12.8 980
12.8167 980
12.8333 980
12.85 979
12.8667 979
12.8833 979
12.9 978
12.9167 978
12.9333 978
12.95 977
12.9667 977
12.9833 977
13.0 976
13.0167 976
13.0333 975
13.05 975
13.0667 974
13.0833 974
13.1 973
13.1167 973
13.1333 972
13.15 972
13.1667 971
13.1833 970
13.2 970
13.2167 969
13.2333 968
13.25 968
13.2667 967
13.2833 966
13.3 965
13.3167 965
13.3333 964
13.35 963
13.3667 962
13.3833 961
13.4 960
13.4167 960
13.4333 959
13.45 958
13.4667 957
13.4833 956
13.5 955
13.5167 954
13.5333 953
13.55 952
13.5667 951
13.5833 950
13.6 948
13.6167 947
13.6333 946
13.65 945
13.6667 944
13.6833 943
13.7 941
13.7167 940
13.7333 939
13.75 938
13.7667 936
13.7833 935
13.8 934
13.8167 933
13.8333 931
13.85 930
13.8667 928
13.8833 927
13.9 926
13.9167 924
13.9333 923
13.95 921
13.9667 920
13.9833 918
14.0 917
14.0167 915
14.0333 913
14.05 912
14.0667 910
14.0833 909
14.1 907
14.1167 905
14.1333 904
14.15 902
14.1667 900
14.1833 899
14.2 897
14.2167 895
14.2333 893
14.25 891
14.2667 890
14.2833 888
14.3 886
14.3167 884
14.3333 882
14.35 880
14.3667 878
14.3833 876
14.4 875
14.4167 873
14.4333 871
14.45 869
14.4667 867
14.4833 865
14.5 862
14.5167 860
14.5333 858
14.55 856
14.5667 854
14.5833 852
14.6 850
14.6167 848
14.6333 846
14.65 843
14.6667 841
14.6833 839
14.7 837
14.7167 834
14.7333 832
14.75 830
14.7667 827
14.7833 825
14.8 823
14.8167 820
14.8333 818
14.85 816
14.8667 813
14.8833 811
14.9 808
14.9167 806
14.9333 804
14.95 801
14.9667 799
14.9833 796
15.0 794
15.0167 791
15.0333 789
15.05 786
15.0667 783
15.0833 781
15.1 778
15.1167 776
15.1333 773
15.15 770
15.1667 768
15.1833 765
15.2 762
15.2167 760
15.2333 757
15.25 754
15.2667 751
15.2833 749
15.3 746
15.3167 743
15.3333 740
15.35 737
15.3667 735
15.3833 732
15.4 729
15.4167 726
15.4333 723
15.45 720
15.4667 717
15.4833 714
15.5 711
15.5167 709
15.5333 706
15.55 703
15.5667 700
15.5833 697
15.6 694
15.6167 691
15.6333 688
15.65 684
15.6667 681
15.6833 678
15.7 675
15.7167 672
15.7333 669
15.75 666
15.7667 663
15.7833 660
15.8 656
15.8167 653
15.8333 650
15.85 647
15.8667 644
15.8833 641
15.9 637
15.9167 634
15.9333 631
15.95 628
15.9667 624
15.9833 621
16.0 618
16.0167 614
16.0333 611
16.05 608
16.0667 605
16.0833 601
16.1 598
16.1167 594
16.1333 591
16.15 588
16.1667 584
16.1833 581
16.2 578
16.2167 574
16.2333 571
16.25 567
16.2667 564
16.2833 560
16.3 557
16.3167 553
16.3333 550
16.35 547
16.3667 543
16.3833 540
16.4 536
16.4167 533
16.4333 529
16.45 526
16.4667 522
16.4833 518
16.5 515
16.5167 511
16.5333 508
16.55 504
16.5667 501
16.5833 497
16.6 493
16.6167 490
16.6333 486
16.65 483
16.6667 479
16.6833 475
16.7 472
16.7167 468
16.7333 465
16.75 461
16.7667 457
16.7833 454
16.8 450
16.8167 446
16.8333 443
16.85 439
16.8667 435
16.8833 432
16.9 428
16.9167 424
16.9333 421
16.95 417
16.9667 413
16.9833 409
