8.0 338
8.0167 341
8.0333 345
8.05 349
8.0667 352
8.0833 356
8.1 359
8.1167 363
8.1333 367
8.15 370
8.1667 374
8.1833 377
8.2 381
8.2167 384
8.2333 388
8.25 392
8.2667 395
8.2833 399
8.3 402
8.3167 406
8.3333 410
8.35 413
8.3667 417
8.3833 420
8.4 424
8.4167 427
8.4333 431
8.45 434
8.4667 438
8.4833 442
8.5 445
8.5167 449
8.5333 452
8.55 456
8.5667 459
8.5833 463
8.6 466
8.6167 470
8.6333 473
8.65 477
8.6667 480
8.6833 484
8.7 487
8.7167 491
8.7333 494
8.75 498
8.7667 501
8.7833 504
8.8 508
8.8167 511
8.8333 515
8.85 518
8.8667 522
8.8833 525
8.9 528
8.9167 532
8.9333 535
8.95 539
8.9667 542
8.9833 545
9.0 549
9.0167 552
9.0333 555
9.05 559
9.0667 562
9.0833 565
9.1 569
9.1167 572
9.1333 575
9.15 579
9.1667 582
9.1833 585
9.2 588
9.2167 592
9.2333 595
9.25 598
9.2667 601
9.2833 604
9.3 608
9.3167 611
9.3333 614
9.35 617
9.3667 620
9.3833 623
9.4 627
9.4167 630
9.4333 633
9.45 636
9.4667 639
9.4833 642
9.5 645
9.5167 648
9.5333 651
9.55 654
9.5667 657
9.5833 660
9.6 663
9.6167 666
9.6333 669
9.65 672
9.6667 675
9.6833 678
9.7 681
9.7167 684
9.7333 687
9.75 690
9.7667 693
9.7833 695
9.8 698
9.8167 701
9.8333 704
9.85 707
9.8667 710
9.8833 712
9.9 715
9.9167 718
9.9333 721
9.95 723
9.9667 726
9.9833 729
10.0 732
10.0167 734
10.0333 737
10.05 740
10.0667 742
10.0833 745
10.1 747
10.1167 750
10.1333 753
10.15 755
10.1667 758
10.1833 760
10.2 763
10.2167 765
10.2333 768
10.25 770
10.2667 773
10.2833 775
10.3 778
10.3167 780
10.3333 783
10.35 785
10.3667 787
10.3833 790
10.4 792
10.4167 794
10.4333 797
10.45 799
10.4667 801
10.4833 804
10.5 806
10.5167 808
10.5333 810
10.55 813
10.5667 815
10.5833 817
10.6 819
10.6167 821
10.6333 823
10.65 826
10.6667 828
10.6833 830
10.7 832
10.7167 834
10.7333 836
10.75 838
10.7667 840
10.7833 842
10.8 844
10.8167 846
10.8333 848
10.85 850
10.8667 852
10.8833 854
10.9 856
10.9167 857
10.9333 859
10.95 861
10.9667 863
10.9833 865
11.0 867
11.0167 868
11.0333 870
11.05 872
11.0667 874
11.0833 875
11.1 877
11.1167 879
11.1333 880
11.15 882
11.1667 883
11.1833 885
11.2 887
11.2167 888
11.2333 890
11.25 891
11.2667 893
11.2833 894
11.3 896
11.3167 897
11.3333 899
11.35 900
11.3667 902
11.3833 903
11.4 904
11.4167 906
11.4333 907
11.45 908
11.4667 910
11.4833 911
11.5 912
11.5167 913
11.5333 915
11.55 916
11.5667 917
11.5833 918
11.6 919
11.6167 921
11.6333 922
11.65 923
11.6667 924
11.6833 925
11.7 926
11.7167 927
11.7333 928
11.75 929
11.7667 930
11.7833 931
11.8 932
11.8167 933
11.8333 934
11.85 935
11.8667 935
11.8833 936
11.9 937
11.9167 938
11.9333 939
11.95 940
11.9667 940
11.9833 941
12.0 942
12.0167 942
12.0333 943
12.05 944
12.0667 944
12.0833 945
12.1 946
12.1167 946
12.1333 947
12.15 947
12.1667 948
12.1833 948
12.2 949
12.2167 949
12.2333 950
12.25 950
12.2667 951
12.2833 951
12.3 952
12.3167 952
12.3333 952
12.35 953
12.3667 953
12.3833 953
12.4 953
12.4167 954
12.4333 954
12.45 954
12.4667 954
12.4833 955
12.5 955
12.5167 955
12.5333 955
12.55 955
12.5667 955
12.5833 955
12.6 955
12.6167 955
12.6333 955
12.65 955
12.6667 955
12.6833 955
12.7 955
12.7167 955
12.7333 955
12.75 955
12.7667 955
12.7833 954
12.8 954
12.8167 954
12.8333 954
12.85 954
12.8667 953
12.8833 953
12.9 953
12.9167 952
12.9333 952
12.95 952
12.9667 951
12.9833 951
13.0 951
13.0167 950
13.0333 950
13.05 949
13.0667 949
13.0833 948
13.1 948
13.1167 947
13.1333 947
13.15 946
13.1667 945
13.1833 945
13.2 944
13.2167 944
13.2333 943
13.25 942
13.2667 941
13.2833 941
13.3 940
13.3167 939
13.3333 938
13.35 938
13.3667 937
13.3833 936
13.4 935
13.4167 934
13.4333 933
13.45 932
13.4667 932
13.4833 931
13.5 930
13.5167 929
13.5333 928
13.55 927
13.5667 926
13.5833 925
13.6 923
13.6167 922
13.6333 921
13.65 920
13.6667 919
13.6833 918
13.7 917
13.7167 915
13.7333 914
13.75 913
13.7667 912
13.7833 910
13.8 909
13.8167 908
13.8333 906
13.85 905
13.8667 904
13.8833 902
13.9 901
13.9167 900
13.9333 898
13.95 897
13.9667 895
13.9833 894
14.0 892
14.0167 891
14.0333 889
14.05 888
14.0667 886
14.0833 884
14.1 883
14.1167 881
14.1333 880
14.15 878
14.1667 876
14.1833 875
14.2 873
14.2167 871
14.2333 869
14.25 868
14.2667 866
14.2833 864
14.3 862
14.3167 860
14.3333 859
14.35 857
14.3667 855
14.3833 853
14.4 851
14.4167 849
14.4333 847
14.45 845
14.4667 843
14.4833 841
14.5 839
14.5167 837
14.5333 835
14.55 833
14.5667 831
14.5833 829
14.6 827
14.6167 825
14.6333 823
14.65 821
14.6667 818
14.6833 816
14.7 814
14.7167 812
14.7333 810
14.75 807
14.7667 805
14.7833 803
14.8 801
14.8167 798
14.8333 796
14.85 794
14.8667 791
14.8833 789
14.9 786
14.9167 784
14.9333 782
14.95 779
14.9667 777
14.9833 774
15.0 772
15.0167 770
15.0333 767
15.05 765
15.0667 762
15.0833 760
15.1 757
15.1167 754
15.1333 752
15.15 749
15.1667 747
15.1833 744
15.2 741
15.2167 739
15.2333 736
15.25 733
15.2667 731
15.2833 728
15.3 725
15.3167 723
15.3333 720
15.35 717
15.3667 714
15.3833 712
15.4 709
15.4167 706
15.4333 703
15.45 700
15.4667 697
15.4833 695
15.5 692
15.5167 689
15.5333 686
15.55 683
15.5667 680
15.5833 677
15.6 674
15.6167 671
15.6333 668
15.65 665
15.6667 662
15.6833 659
15.7 656
15.7167 653
15.7333 650
15.75 647
15.7667 644
15.7833 641
15.8 638
15.8167 635
15.8333 632
15.85 629
15.8667 626
15.8833 623
15.9 619
15.9167 616
15.9333 613
15.95 610
15.9667 607
15.9833 604
16.0 600
16.0167 597
16.0333 594
16.05 591
16.0667 587
16.0833 584
16.1 581
16.1167 578
16.1333 574
16.15 571
16.1667 568
16.1833 564
16.2 561
16.2167 558
16.2333 555
16.25 551
16.2667 548
16.2833 544
16.3 541
16.3167 538
16.3333 534
16.35 531
16.3667 528
16.3833 524
16.4 521
16.4167 517
16.4333 514
16.45 511
16.4667 507
16.4833 504
16.5 500
16.5167 497
16.5333 493
16.55 490
16.5667 486
16.5833 483
16.6 479
16.6167 476
16.6333 472
16.65 469
16.6667 465
16.6833 462
16.7 458
16.7167 455
16.7333 451
16.75 448
16.7667 444
16.7833 441
16.8 437
16.8167 434
16.8333 430
16.85 427
16.8667 423
16.8833 419
16.9 416
16.9167 412
16.9333 409
16.95 405
16.9667 402
16.9833 398
