8.0 399
8.0167 403
8.0333 407
8.05 410
8.0667 414
8.0833 418
8.1 422
8.1167 426
8.1333 430
8.15 433
8.1667 437
8.1833 441
8.2 445
8.2167 449
8.2333 452
8.25 456
8.2667 460
8.2833 464
8.3 467
8.3167 471
8.3333 475
8.35 479
8.3667 482
8.3833 486
8.4 490
8.4167 494
8.4333 497
8.45 501
8.4667 505
8.4833 508
8.5 512
8.5167 516
8.5333 520
8.55 523
8.5667 527
8.5833 531
8.6 534
8.6167 538
8.6333 542
8.65 545
8.6667 549
8.6833 552
8.7 556
8.7167 560
8.7333 563
8.75 567
8.7667 570
8.7833 574
8.8 578
8.8167 581
8.8333 585
8.85 588
8.8667 592
8.8833 595
8.9 599
8.9167 602
8.9333 606
8.95 609
8.9667 613
8.9833 616
9.0 620
9.0167 623
9.0333 627
9.05 630
9.0667 633
9.0833 637
9.1 640
9.1167 644
9.1333 647
9.15 650
9.1667 654
9.1833 657
9.2 660
9.2167 664
9.2333 667
9.25 670
9.2667 674
9.2833 677
9.3 680
9.3167 684
9.3333 687
9.35 690
9.3667 693
9.3833 696
9.4 700
9.4167 703
9.4333 706
9.45 709
9.4667 712
9.4833 716
9.5 719
9.5167 722
9.5333 725
9.55 728
9.5667 731
9.5833 734
9.6 737
9.6167 740
9.6333 743
9.65 746
9.6667 749
9.6833 752
9.7 755
9.7167 758
9.7333 761
9.75 764
9.7667 767
9.7833 770
9.8 773
9.8167 776
9.8333 779
9.85 782
9.8667 785
9.8833 787
9.9 790
9.9167 793
9.9333 796
9.95 799
9.9667 801
9.9833 804
10.0 807
10.0167 810
10.0333 812
10.05 815
10.0667 818
10.0833 820
10.1 823
10.1167 826
10.1333 828
10.15 831
10.1667 834
10.1833 836
10.2 839
10.2167 841
10.2333 844
10.25 846
10.2667 849
10.2833 851
10.3 854
10.3167 856
10.3333 859
10.35 861
10.3667 864
10.3833 866
10.4 869
10.4167 871
10.4333 873
10.45 876
10.4667 878
10.4833 880
10.5 883
10.5167 885
10.5333 887
10.55 889
10.5667 892
10.5833 894
10.6 896
10.6167 898
10.6333 901
10.65 903
10.6667 905
10.6833 907
10.7 909
10.7167 911
10.7333 913
10.75 915
10.7667 917
10.7833 919
10.8 921
10.8167 923
10.8333 925
10.85 927
10.8667 929
10.8833 931
10.9 933
10.9167 935
10.9333 937
10.95 939
10.9667 941
10.9833 942
11.0 944
11.0167 946
11.0333 948
11.05 950
11.0667 951
11.0833 953
11.1 955
11.1167 956
11.1333 958
11.15 960
11.1667 961
11.1833 963
11.2 965
11.2167 966
11.2333 968
11.25 969
11.2667 971
11.2833 972
11.3 974
11.3167 975
11.3333 977
11.35 978
11.3667 980
11.3833 981
11.4 983
11.4167 984
11.4333 985
11.45 987
11.4667 988
11.4833 989
11.5 991
11.5167 992
11.5333 993
11.55 994
11.5667 996
11.5833 997
11.6 998
11.6167 999
11.6333 1000
11.65 1001
11.6667 1002
11.6833 1003
11.7 1005
11.7167 1006
11.7333 1007
11.75 1008
11.7667 1009
11.7833 1010
11.8 1011
11.8167 1012
11.8333 1012
11.85 1013
11.8667 1014
11.8833 1015
11.9 1016
11.9167 1017
11.9333 1018
11.95 1018
11.9667 1019
11.9833 1020
12.0 1021
12.0167 1021
12.0333 1022
12.05 1023
12.0667 1023
12.0833 1024
12.1 1025
12.1167 1025
12.1333 1026
12.15 1026
12.1667 1027
12.1833 1027
12.2 1028
12.2167 1028
12.2333 1029
12.25 1029
12.2667 1030
12.2833 1030
12.3 1031
12.3167 1031
12.3333 1031
12.35 1032
12.3667 1032
12.3833 1032
12.4 1033
12.4167 1033
12.4333 1033
12.45 1033
12.4667 1034
12.4833 1034
12.5 1034
12.5167 1034
12.5333 1034
12.55 1034
12.5667 1034
12.5833 1034
12.6 1034
12.6167 1035
12.6333 1035
12.65 1035
12.6667 1035
12.6833 1034
12.7 1034
12.7167 1034
12.7333 1034
12.75 1034
12.7667 1034
12.7833 1034
12.8 1034
12.8167 1033
12.8333 1033
12.85 1033
12.8667 1033
12.8833 1032
12.9 1032
12.9167 1032
12.9333 1032
12.95 1031
12.9667 1031
12.9833 1030
13.0 1030
13.0167 1030
13.0333 1029
13.05 1029
13.0667 1028
13.0833 1028
13.1 1027
13.1167 1027
13.1333 1026
13.15 1026
13.1667 1025
13.1833 1024
13.2 1024
13.2167 1023
13.2333 1022
13.25 1022
13.2667 1021
13.2833 1020
13.3 1020
13.3167 1019
13.3333 1018
13.35 1017
13.3667 1016
13.3833 1016
13.4 1015
13.4167 1014
13.4333 1013
13.45 1012
13.4667 1011
13.4833 1010
13.5 1009
13.5167 1008
13.5333 1007
13.55 1006
13.5667 1005
13.5833 1004
13.6 1003
13.6167 1002
13.6333 1001
13.65 1000
13.6667 999
13.6833 997
13.7 996
13.7167 995
13.7333 994
13.75 993
13.7667 991
13.7833 990
13.8 989
13.8167 987
13.8333 986
13.85 985
13.8667 983
13.8833 982
13.9 981
13.9167 979
13.9333 978
13.95 976
13.9667 975
13.9833 973
14.0 972
14.0167 970
14.0333 969
14.05 967
14.0667 966
14.0833 964
14.1 962
14.1167 961
14.1333 959
14.15 957
14.1667 956
14.1833 954
14.2 952
14.2167 951
14.2333 949
14.25 947
14.2667 945
14.2833 943
14.3 942
14.3167 940
14.3333 938
14.35 936
14.3667 934
14.3833 932
14.4 930
14.4167 928
14.4333 926
14.45 924
14.4667 922
14.4833 920
14.5 918
14.5167 916
14.5333 914
14.55 912
14.5667 910
14.5833 908
14.6 906
14.6167 904
14.6333 902
14.65 900
14.6667 897
14.6833 895
14.7 893
14.7167 891
14.7333 888
14.75 886
14.7667 884
14.7833 882
14.8 879
14.8167 877
14.8333 875
14.85 872
14.8667 870
14.8833 868
14.9 865
14.9167 863
14.9333 860
14.95 858
14.9667 855
14.9833 853
15.0 851
15.0167 848
15.0333 845
15.05 843
15.0667 840
15.0833 838
15.1 835
15.1167 833
15.1333 830
15.15 827
15.1667 825
15.1833 822
15.2 819
15.2167 817
15.2333 814
15.25 811
15.2667 809
15.2833 806
15.3 803
15.3167 800
15.3333 798
15.35 795
15.3667 792
15.3833 789
15.4 786
15.4167 783
15.4333 781
15.45 778
15.4667 775
15.4833 772
15.5 769
15.5167 766
15.5333 763
15.55 760
15.5667 757
15.5833 754
15.6 751
15.6167 748
15.6333 745
15.65 742
15.6667 739
15.6833 736
15.7 733
15.7167 730
15.7333 727
15.75 724
15.7667 721
15.7833 718
15.8 714
15.8167 711
15.8333 708
15.85 705
15.8667 702
15.8833 698
15.9 695
15.9167 692
15.9333 689
15.95 686
15.9667 682
15.9833 679
16.0 676
16.0167 672
16.0333 669
16.05 666
16.0667 663
16.0833 659
16.1 656
16.1167 652
16.1333 649
16.15 646
16.1667 642
16.1833 639
16.2 636
16.2167 632
16.2333 629
16.25 625
16.2667 622
16.2833 618
16.3 615
16.3167 611
16.3333 608
16.35 605
16.3667 601
16.3833 598
16.4 594
16.4167 590
16.4333 587
16.45 583
16.4667 580
16.4833 576
16.5 573
16.5167 569
16.5333 566
16.55 562
16.5667 558
16.5833 555
16.6 551
16.6167 547
16.6333 544
16.65 540
16.6667 537
16.6833 533
16.7 529
16.7167 526
16.7333 522
16.75 518
16.7667 515
16.7833 511
16.8 507
16.8167 503
16.8333 500
16.85 496
16.8667 492
16.8833 489
16.9 485
16.9167 481
16.9333 477
16.95 474
16.9667 470
16.9833 466
