8.0 349
8.0167 353
8.0333 356
8.05 360
8.0667 364
8.0833 368
8.1 371
8.1167 375
8.1333 379
8.15 382
8.1667 386
8.1833 390
8.2 393
8.2167 397
8.2333 401
8.25 404
8.2667 408
8.2833 412
8.3 415
8.3167 419
8.3333 423
8.35 426
8.3667 430
8.3833 434
8.4 437
8.4167 441
8.4333 445
8.45 448
8.4667 452
8.4833 456
8.5 459
8.5167 463
8.5333 466
8.55 470
8.5667 474
8.5833 477
8.6 481
8.6167 484
8.6333 488
8.65 492
8.6667 495
8.6833 499
8.7 502
8.7167 506
8.7333 509
8.75 513
8.7667 516
8.7833 520
8.8 523
8.8167 527
8.8333 530
8.85 534
8.8667 537
8.8833 541
8.9 544
8.9167 548
8.9333 551
8.95 555
8.9667 558
8.9833 562
9.0 565
9.0167 569
9.0333 572
9.05 575
9.0667 579
9.0833 582
9.1 586
9.1167 589
9.1333 592
9.15 596
9.1667 599
9.1833 602
9.2 606
9.2167 609
9.2333 612
9.25 615
9.2667 619
9.2833 622
9.3 625
9.3167 628
9.3333 632
9.35 635
9.3667 638
9.3833 641
9.4 644
9.4167 648
9.4333 651
9.45 654
9.4667 657
9.4833 660
9.5 663
9.5167 666
9.5333 670
9.55 673
9.5667 676
9.5833 679
9.6 682
9.6167 685
9.6333 688
9.65 691
9.6667 694
9.6833 697
9.7 700
9.7167 703
9.7333 706
9.75 709
9.7667 712
9.7833 715
9.8 717
9.8167 720
9.8333 723
9.85 726
9.8667 729
9.8833 732
9.9 735
9.9167 737
9.9333 740
9.95 743
9.9667 746
9.9833 748
10.0 751
10.0167 754
10.0333 757
10.05 759
10.0667 762
10.0833 765
10.1 767
10.1167 770
10.1333 773
10.15 775
10.1667 778
10.1833 780
10.2 783
10.2167 786
10.2333 788
10.25 791
10.2667 793
10.2833 796
10.3 798
10.3167 801
10.3333 803
10.35 805
10.3667 808
10.3833 810
10.4 813
10.4167 815
10.4333 817
10.45 820
10.4667 822
10.4833 824
10.5 827
10.5167 829
10.5333 831
10.55 834
10.5667 836
10.5833 838
10.6 840
10.6167 842
10.6333 845
10.65 847
10.6667 849
10.6833 851
10.7 853
10.7167 855
10.7333 857
10.75 859
10.7667 861
10.7833 863
10.8 865
10.8167 867
10.8333 869
10.85 871
10.8667 873
10.8833 875
10.9 877
10.9167 879
10.9333 881
10.95 883
10.9667 885
10.9833 886
11.0 888
11.0167 890
11.0333 892
11.05 893
11.0667 895
11.0833 897
11.1 899
11.1167 900
11.1333 902
11.15 904
11.1667 905
11.1833 907
11.2 909
11.2167 910
11.2333 912
11.25 913
11.2667 915
11.2833 916
11.3 918
11.3167 919
11.3333 921
11.35 922
11.3667 924
11.3833 925
11.4 926
11.4167 928
11.4333 929
11.45 930
11.4667 932
11.4833 933
11.5 934
11.5167 936
11.5333 937
11.55 938
11.5667 939
11.5833 941
11.6 942
11.6167 943
11.6333 944
11.65 945
11.6667 946
11.6833 947
11.7 948
11.7167 949
11.7333 950
11.75 951
11.7667 952
11.7833 953
11.8 954
11.8167 955
11.8333 956
11.85 957
11.8667 958
11.8833 959
11.9 960
11.9167 960
11.9333 961
11.95 962
11.9667 963
11.9833 964
12.0 964
12.0167 965
12.0333 966
12.05 966
12.0667 967
12.0833 968
12.1 968
12.1167 969
12.1333 969
12.15 970
12.1667 971
12.1833 971
12.2 972
12.2167 972
12.2333 973
12.25 973
12.2667 973
12.2833 974
12.3 974
12.3167 975
12.3333 975
12.35 975
12.3667 976
12.3833 976
12.4 976
12.4167 976
12.4333 977
12.45 977
12.4667 977
12.4833 977
12.5 977
12.5167 977
12.5333 978
12.55 978
12.5667 978
12.5833 978
12.6 978
12.6167 978
12.6333 978
12.65 978
12.6667 978
12.6833 978
12.7 978
12.7167 978
12.7333 978
12.75 977
12.7667 977
12.7833 977
12.8 977
12.8167 977
12.8333 976
12.85 976
12.8667 976
12.8833 976
12.9 975
12.9167 975
12.9333 975
12.95 974
12.9667 974
12.9833 974
13.0 973
13.0167 973
13.0333 972
13.05 972
13.0667 971
13.0833 971
13.1 970
13.1167 970
13.1333 969
13.15 969
13.1667 968
13.1833 967
13.2 967
13.2167 966
13.2333 965
13.25 965
13.2667 964
13.2833 963
13.3 962
13.3167 962
13.3333 961
13.35 960
13.3667 959
13.3833 958
13.4 957
13.4167 957
13.4333 956
13.45 955
13.4667 954
13.4833 953
13.5 952
13.5167 951
13.5333 950
13.55 949
13.5667 948
13.5833 947
13.6 946
13.6167 944
13.6333 943
13.65 942
13.6667 941
13.6833 940
13.7 939
13.7167 937
13.7333 936
13.75 935
13.7667 934
13.7833 932
13.8 931
13.8167 930
13.8333 928
13.85 927
13.8667 926
13.8833 924
13.9 923
13.9167 921
13.9333 920
13.95 918
13.9667 917
13.9833 915
14.0 914
14.0167 912
14.0333 911
14.05 909
14.0667 908
14.0833 906
14.1 904
14.1167 903
14.1333 901
14.15 899
14.1667 898
14.1833 896
14.2 894
14.2167 892
14.2333 891
14.25 889
14.2667 887
14.2833 885
14.3 883
14.3167 882
14.3333 880
14.35 878
14.3667 876
14.3833 874
14.4 872
14.4167 870
14.4333 868
14.45 866
14.4667 864
14.4833 862
14.5 860
14.5167 858
14.5333 856
14.55 854
14.5667 852
14.5833 850
14.6 848
14.6167 845
14.6333 843
14.65 841
14.6667 839
14.6833 837
14.7 834
14.7167 832
14.7333 830
14.75 828
14.7667 825
14.7833 823
14.8 821
14.8167 818
14.8333 816
14.85 814
14.8667 811
14.8833 809
14.9 806
14.9167 804
14.9333 802
14.95 799
14.9667 797
14.9833 794
15.0 792
15.0167 789
15.0333 787
15.05 784
15.0667 782
15.0833 779
15.1 776
15.1167 774
15.1333 771
15.15 769
15.1667 766
15.1833 763
15.2 761
15.2167 758
15.2333 755
15.25 752
15.2667 750
15.2833 747
15.3 744
15.3167 741
15.3333 739
15.35 736
15.3667 733
15.3833 730
15.4 727
15.4167 724
15.4333 722
15.45 719
15.4667 716
15.4833 713
15.5 710
15.5167 707
15.5333 704
15.55 701
15.5667 698
15.5833 695
15.6 692
15.6167 689
15.6333 686
15.65 683
15.6667 680
15.6833 677
15.7 674
15.7167 671
15.7333 668
15.75 665
15.7667 662
15.7833 659
15.8 655
15.8167 652
15.8333 649
15.85 646
15.8667 643
15.8833 640
15.9 636
15.9167 633
15.9333 630
15.95 627
15.9667 623
15.9833 620
16.0 617
16.0167 614
16.0333 610
16.05 607
16.0667 604
16.0833 600
16.1 597
16.1167 594
16.1333 590
16.15 587
16.1667 584
16.1833 580
16.2 577
16.2167 574
16.2333 570
16.25 567
16.2667 563
16.2833 560
16.3 557
16.3167 553
16.3333 550
16.35 546
16.3667 543
16.3833 539
16.4 536
16.4167 532
16.4333 529
16.45 525
16.4667 522
16.4833 518
16.5 515
16.5167 511
16.5333 508
16.55 504
16.5667 501
16.5833 497
16.6 493
16.6167 490
16.6333 486
16.65 483
16.6667 479
16.6833 476
16.7 472
16.7167 468
16.7333 465
16.75 461
16.7667 457
16.7833 454
16.8 450
16.8167 447
16.8333 443
16.85 439
16.8667 436
16.8833 432
16.9 428
16.9167 425
16.9333 421
16.95 417
16.9667 414
16.9833 410
