8.0 328
8.0167 332
8.0333 336
8.05 340
8.0667 343
8.0833 347
8.1 351
8.1167 355
8.1333 358
8.15 362
8.1667 366
8.1833 370
8.2 373
8.2167 377
8.2333 381
8.25 385
8.2667 388
8.2833 392
8.3 396
8.3167 400
8.3333 403
8.35 407
8.3667 411
8.3833 415
8.4 418
8.4167 422
8.4333 426
8.45 429
8.4667 433
8.4833 437
8.5 441
8.5167 444
8.5333 448
8.55 452
8.5667 455
8.5833 459
8.6 463
8.6167 466
8.6333 470
8.65 474
8.6667 477
8.6833 481
8.7 485
8.7167 488
8.7333 492
8.75 495
8.7667 499
8.7833 503
8.8 506
8.8167 510
8.8333 513
8.85 517
8.8667 521
8.8833 524
8.9 528
8.9167 531
8.9333 535
8.95 538
8.9667 542
8.9833 545
9.0 549
9.0167 553
9.0333 556
9.05 560
9.0667 563
9.0833 567
9.1 570
9.1167 573
9.1333 577
9.15 580
9.1667 584
9.1833 587
9.2 590
9.2167 594
9.2333 597
9.25 601
9.2667 604
9.2833 607
9.3 611
9.3167 614
9.3333 617
9.35 621
9.3667 624
9.3833 627
9.4 630
9.4167 634
9.4333 637
9.45 640
9.4667 643
9.4833 647
9.5 650
9.5167 653
9.5333 656
9.55 659
9.5667 662
9.5833 666
9.6 669
9.6167 672
9.6333 675
9.65 678
9.6667 681
9.6833 684
9.7 687
9.7167 690
9.7333 693
9.75 696
9.7667 699
9.7833 702
9.8 705
9.8167 708
9.8333 711
9.85 714
9.8667 717
9.8833 720
9.9 723
9.9167 726
9.9333 729
9.95 731
9.9667 734
9.9833 737
10.0 740
10.0167 743
10.0333 745
10.05 748
10.0667 751
10.0833 754
10.1 756
10.1167 759
10.1333 762
10.15 765
10.1667 767
10.1833 770
10.2 773
10.2167 775
10.2333 778
10.25 780
10.2667 783
10.2833 785
10.3 788
10.3167 791
10.3333 793
10.35 796
10.3667 798
10.3833 801
10.4 803
10.4167 805
10.4333 808
10.45 810
10.4667 813
10.4833 815
10.5 817
10.5167 820
10.5333 822
10.55 824
10.5667 827
10.5833 829
10.6 831
10.6167 834
10.6333 836
10.65 838
10.6667 840
10.6833 842
10.7 845
10.7167 847
10.7333 849
10.75 851
10.7667 853
10.7833 855
10.8 857
10.8167 859
10.8333 861
10.85 863
10.8667 865
10.8833 867
10.9 869
10.9167 871
10.9333 873
10.95 875
10.9667 877
10.9833 879
11.0 881
11.0167 883
11.0333 884
11.05 886
11.0667 888
11.0833 890
11.1 892
11.1167 893
11.1333 895
11.15 897
11.1667 898
11.1833 900
11.2 902
11.2167 903
11.2333 905
11.25 907
11.2667 908
11.2833 910
11.3 911
11.3167 913
11.3333 914
11.35 916
11.3667 917
11.3833 919
11.4 920
11.4167 922
11.4333 923
11.45 924
11.4667 926
11.4833 927
11.5 928
11.5167 930
11.5333 931
11.55 932
11.5667 934
11.5833 935
11.6 936
11.6167 937
11.6333 938
11.65 939
11.6667 941
11.6833 942
11.7 943
11.7167 944
11.7333 945
11.75 946
11.7667 947
11.7833 948
11.8 949
11.8167 950
11.8333 951
11.85 952
11.8667 953
11.8833 954
11.9 955
11.9167 955
11.9333 956
11.95 957
11.9667 958
11.9833 959
12.0 959
12.0167 960
12.0333 961
12.05 962
12.0667 962
12.0833 963
12.1 964
12.1167 964
12.1333 965
12.15 965
12.1667 966
12.1833 966
12.2 967
12.2167 967
12.2333 968
12.25 968
12.2667 969
12.2833 969
12.3 970
12.3167 970
12.3333 970
12.35 971
12.3667 971
12.3833 971
12.4 972
12.4167 972
12.4333 972
12.45 973
12.4667 973
12.4833 973
12.5 973
12.5167 973
12.5333 973
12.55 974
12.5667 974
12.5833 974
12.6 974
12.6167 974
12.6333 974
12.65 974
12.6667 974
12.6833 974
12.7 974
12.7167 974
12.7333 973
12.75 973
12.7667 973
12.7833 973
12.8 973
12.8167 973
12.8333 972
12.85 972
12.8667 972
12.8833 972
12.9 971
12.9167 971
12.9333 971
12.95 970
12.9667 970
12.9833 970
13.0 969
13.0167 969
13.0333 968
13.05 968
13.0667 967
13.0833 967
13.1 966
13.1167 966
13.1333 965
13.15 965
13.1667 964
13.1833 963
13.2 963
13.2167 962
13.2333 961
13.25 961
13.2667 960
13.2833 959
13.3 958
13.3167 958
13.3333 957
13.35 956
13.3667 955
13.3833 954
13.4 953
13.4167 952
13.4333 952
13.45 951
13.4667 950
13.4833 949
13.5 948
13.5167 947
13.5333 946
13.55 945
13.5667 944
13.5833 942
13.6 941
13.6167 940
13.6333 939
13.65 938
13.6667 937
13.6833 936
13.7 934
13.7167 933
13.7333 932
13.75 931
13.7667 929
13.7833 928
13.8 927
13.8167 925
13.8333 924
13.85 923
13.8667 921
13.8833 920
13.9 918
13.9167 917
13.9333 915
13.95 914
13.9667 912
13.9833 911
14.0 909
14.0167 908
14.0333 906
14.05 904
14.0667 903
14.0833 901
14.1 900
14.1167 898
14.1333 896
14.15 894
14.1667 893
14.1833 891
14.2 889
14.2167 887
14.2333 886
14.25 884
14.2667 882
14.2833 880
14.3 878
14.3167 876
14.3333 874
14.35 873
14.3667 871
14.3833 869
14.4 867
14.4167 865
14.4333 863
14.45 861
14.4667 859
14.4833 857
14.5 854
14.5167 852
14.5333 850
14.55 848
14.5667 846
14.5833 844
14.6 842
14.6167 839
14.6333 837
14.65 835
14.6667 833
14.6833 831
14.7 828
14.7167 826
14.7333 824
14.75 821
14.7667 819
14.7833 817
14.8 814
14.8167 812
14.8333 810
14.85 807
14.8667 805
14.8833 802
14.9 800
14.9167 797
14.9333 795
14.95 792
14.9667 790
14.9833 787
15.0 785
15.0167 782
15.0333 780
15.05 777
15.0667 774
15.0833 772
15.1 769
15.1167 766
15.1333 764
15.15 761
15.1667 758
15.1833 756
15.2 753
15.2167 750
15.2333 747
15.25 745
15.2667 742
15.2833 739
15.3 736
15.3167 733
15.3333 731
15.35 728
15.3667 725
15.3833 722
15.4 719
15.4167 716
15.4333 713
15.45 710
15.4667 707
15.4833 704
15.5 701
15.5167 698
15.5333 695
15.55 692
15.5667 689
15.5833 686
15.6 683
15.6167 680
15.6333 677
15.65 674
15.6667 671
15.6833 668
15.7 665
15.7167 662
15.7333 658
15.75 655
15.7667 652
15.7833 649
15.8 646
15.8167 642
15.8333 639
15.85 636
15.8667 633
15.8833 629
15.9 626
15.9167 623
15.9333 620
15.95 616
15.9667 613
15.9833 610
16.0 606
16.0167 603
16.0333 600
16.05 596
16.0667 593
16.0833 590
16.1 586
16.1167 583
16.1333 579
16.15 576
16.1667 573
16.1833 569
16.2 566
16.2167 562
16.2333 559
16.25 555
16.2667 552
16.2833 548
16.3 545
16.3167 541
16.3333 538
16.35 534
16.3667 531
16.3833 527
16.4 524
16.4167 520
16.4333 516
16.45 513
16.4667 509
16.4833 506
16.5 502
16.5167 498
16.5333 495
16.55 491
16.5667 488
16.5833 484
16.6 480
16.6167 477
16.6333 473
16.65 469
16.6667 466
16.6833 462
16.7 458
16.7167 455
16.7333 451
16.75 447
16.7667 444
16.7833 440
16.8 436
16.8167 433
16.8333 429
16.85 425
16.8667 422
16.8833 418
16.9 414
16.9167 410
16.9333 407
16.95 403
16.9667 399
16.9833 395
