8.0 361
8.0167 365
8.0333 369
8.05 373
8.0667 377
8.0833 381
8.1 384
8.1167 388
8.1333 392
8.15 396
8.1667 400
8.1833 403
8.2 407
8.2167 411
8.2333 415
8.25 419
8.2667 422
8.2833 426
8.3 430
8.3167 434
8.3333 438
8.35 441
8.3667 445
8.3833 449
8.4 453
8.4167 456
8.4333 460
8.45 464
8.4667 468
8.4833 471
8.5 475
8.5167 479
8.5333 483
8.55 486
8.5667 490
8.5833 494
8.6 497
8.6167 501
8.6333 505
8.65 508
8.6667 512
8.6833 516
8.7 519
8.7167 523
8.7333 527
8.75 530
8.7667 534
8.7833 538
8.8 541
8.8167 545
8.8333 548
8.85 552
8.8667 556
8.8833 559
8.9 563
8.9167 566
8.9333 570
8.95 573
8.9667 577
8.9833 580
9.0 584
9.0167 588
9.0333 591
9.05 595
9.0667 598
9.0833 602
9.1 605
9.1167 609
9.1333 612
9.15 615
9.1667 619
9.1833 622
9.2 626
9.2167 629
9.2333 632
9.25 636
9.2667 639
9.2833 642
9.3 646
9.3167 649
9.3333 652
9.35 656
9.3667 659
9.3833 662
9.4 665
9.4167 669
9.4333 672
9.45 675
9.4667 678
9.4833 682
9.5 685
9.5167 688
9.5333 691
9.55 694
9.5667 697
9.5833 701
9.6 704
9.6167 707
9.6333 710
9.65 713
9.6667 716
9.6833 719
9.7 722
9.7167 725
9.7333 728
9.75 731
9.7667 734
9.7833 737
9.8 740
9.8167 743
9.8333 746
9.85 749
9.8667 752
9.8833 755
9.9 758
9.9167 760
9.9333 763
9.95 766
9.9667 769
9.9833 772
10.0 775
10.0167 777
10.0333 780
10.05 783
10.0667 786
10.0833 788
10.1 791
10.1167 794
10.1333 796
10.15 799
10.1667 802
10.1833 804
10.2 807
10.2167 810
10.2333 812
10.25 815
10.2667 817
10.2833 820
10.3 822
10.3167 825
10.3333 827
10.35 830
10.3667 832
10.3833 835
10.4 837
10.4167 840
10.4333 842
10.45 845
10.4667 847
10.4833 849
10.5 852
10.5167 854
10.5333 856
10.55 859
10.5667 861
10.5833 863
10.6 865
10.6167 868
10.6333 870
10.65 872
10.6667 874
10.6833 876
10.7 878
10.7167 881
10.7333 883
10.75 885
10.7667 887
10.7833 889
10.8 891
10.8167 893
10.8333 895
10.85 897
10.8667 899
10.8833 901
10.9 903
10.9167 905
10.9333 907
10.95 909
10.9667 911
10.9833 912
11.0 914
11.0167 916
11.0333 918
11.05 920
11.0667 922
11.0833 923
11.1 925
11.1167 927
11.1333 928
11.15 930
11.1667 932
11.1833 933
11.2 935
11.2167 937
11.2333 938
11.25 940
11.2667 941
11.2833 943
11.3 945
11.3167 946
11.3333 948
11.35 949
11.3667 950
11.3833 952
11.4 953
11.4167 955
11.4333 956
11.45 957
11.4667 959
11.4833 960
11.5 961
11.5167 963
11.5333 964
11.55 965
11.5667 966
11.5833 968
11.6 969
11.6167 970
11.6333 971
11.65 972
11.6667 973
11.6833 975
11.7 976
11.7167 977
11.7333 978
11.75 979
11.7667 980
11.7833 981
11.8 982
11.8167 983
11.8333 984
11.85 985
11.8667 985
11.8833 986
11.9 987
11.9167 988
11.9333 989
11.95 990
11.9667 990
11.9833 991
12.0 992
12.0167 993
12.0333 993
12.05 994
12.0667 995
12.0833 995
12.1 996
12.1167 997
12.1333 997
12.15 998
12.1667 998
12.1833 999
12.2 999
12.2167 1000
12.2333 1000
12.25 1001
12.2667 1001
12.2833 1002
12.3 1002
12.3167 1002
12.3333 1003
12.35 1003
12.3667 1003
12.3833 1004
12.4 1004
12.4167 1004
12.4333 1004
12.45 1005
12.4667 1005
12.4833 1005
12.5 1005
12.5167 1005
12.5333 1005
12.55 1006
12.5667 1006
12.5833 1006
12.6 1006
12.6167 1006
12.6333 1006
12.65 1006
12.6667 1006
12.6833 1006
12.7 1006
12.7167 1006
12.7333 1005
12.75 1005
12.7667 1005
12.7833 1005
12.8 1005
12.8167 1005
12.8333 1004
12.85 1004
12.8667 1004
12.8833 1004
12.9 1003
12.9167 1003
12.9333 1003
12.95 1002
12.9667 1002
12.9833 1001
13.0 1001
13.0167 1001
13.0333 1000
13.05 1000
13.0667 999
13.0833 999
13.1 998
13.1167 998
13.1333 997
13.15 996
13.1667 996
13.1833 995
13.2 994
13.2167 994
13.2333 993
13.25 992
13.2667 992
13.2833 991
13.3 990
13.3167 989
13.3333 989
13.35 988
13.3667 987
13.3833 986
13.4 985
13.4167 984
13.4333 983
13.45 982
13.4667 981
13.4833 980
13.5 979
13.5167 978
13.5333 977
13.55 976
13.5667 975
13.5833 974
13.6 973
13.6167 972
13.6333 971
13.65 970
13.6667 968
13.6833 967
13.7 966
13.7167 965
13.7333 963
13.75 962
13.7667 961
13.7833 960
13.8 958
13.8167 957
13.8333 955
13.85 954
13.8667 953
13.8833 951
13.9 950
13.9167 948
13.9333 947
13.95 945
13.9667 944
13.9833 942
14.0 941
14.0167 939
14.0333 938
14.05 936
14.0667 934
14.0833 933
14.1 931
14.1167 929
14.1333 928
14.15 926
14.1667 924
14.1833 923
14.2 921
14.2167 919
14.2333 917
14.25 915
14.2667 914
14.2833 912
14.3 910
14.3167 908
14.3333 906
14.35 904
14.3667 902
14.3833 900
14.4 898
14.4167 896
14.4333 894
14.45 892
14.4667 890
14.4833 888
14.5 886
14.5167 884
14.5333 882
14.55 880
14.5667 878
14.5833 875
14.6 873
14.6167 871
14.6333 869
14.65 867
14.6667 864
14.6833 862
14.7 860
14.7167 858
14.7333 855
14.75 853
14.7667 851
14.7833 848
14.8 846
14.8167 844
14.8333 841
14.85 839
14.8667 836
14.8833 834
14.9 831
14.9167 829
14.9333 826
14.95 824
14.9667 821
14.9833 819
15.0 816
15.0167 814
15.0333 811
15.05 809
15.0667 806
15.0833 803
15.1 801
15.1167 798
15.1333 795
15.15 793
15.1667 790
15.1833 787
15.2 785
15.2167 782
15.2333 779
15.25 776
15.2667 774
15.2833 771
15.3 768
15.3167 765
15.3333 762
15.35 759
15.3667 756
15.3833 754
15.4 751
15.4167 748
15.4333 745
15.45 742
15.4667 739
15.4833 736
15.5 733
15.5167 730
15.5333 727
15.55 724
15.5667 721
15.5833 718
15.6 715
15.6167 712
15.6333 709
15.65 706
15.6667 703
15.6833 699
15.7 696
15.7167 693
15.7333 690
15.75 687
15.7667 684
15.7833 680
15.8 677
15.8167 674
15.8333 671
15.85 668
15.8667 664
15.8833 661
15.9 658
15.9167 654
15.9333 651
15.95 648
15.9667 645
15.9833 641
16.0 638
16.0167 634
16.0333 631
16.05 628
16.0667 624
16.0833 621
16.1 618
16.1167 614
16.1333 611
16.15 607
16.1667 604
16.1833 600
16.2 597
16.2167 593
16.2333 590
16.25 587
16.2667 583
16.2833 580
16.3 576
16.3167 572
16.3333 569
16.35 565
16.3667 562
16.3833 558
16.4 555
16.4167 551
16.4333 548
16.45 544
16.4667 540
16.4833 537
16.5 533
16.5167 529
16.5333 526
16.55 522
16.5667 519
16.5833 515
16.6 511
16.6167 508
16.6333 504
16.65 500
16.6667 496
16.6833 493
16.7 489
16.7167 485
16.7333 482
16.75 478
16.7667 474
16.7833 471
16.8 467
16.8167 463
16.8333 459
16.85 456
16.8667 452
16.8833 448
16.9 444
16.9167 440
16.9333 437
16.95 433
16.9667 429
16.9833 425
