8.0 365
8.0167 369
8.0333 372
8.05 376
8.0667 380
8.0833 383
8.1 387
8.1167 390
8.1333 394
8.15 398
8.1667 401
8.1833 405
8.2 409
8.2167 412
8.2333 416
8.25 419
8.2667 423
8.2833 427
8.3 430
8.3167 434
8.3333 438
8.35 441
8.3667 445
8.3833 448
8.4 452
8.4167 456
8.4333 459
8.45 463
8.4667 466
8.4833 470
8.5 473
8.5167 477
8.5333 480
8.55 484
8.5667 488
8.5833 491
8.6 495
8.6167 498
8.6333 502
8.65 505
8.6667 509
8.6833 512
8.7 516
8.7167 519
8.7333 523
8.75 526
8.7667 530
8.7833 533
8.8 536
8.8167 540
8.8333 543
8.85 547
8.8667 550
8.8833 554
8.9 557
8.9167 560
8.9333 564
8.95 567
8.9667 571
8.9833 574
9.0 577
9.0167 581
9.0333 584
9.05 587
9.0667 591
9.0833 594
9.1 597
9.1167 601
9.1333 604
9.15 607
9.1667 610
9.1833 614
9.2 617
9.2167 620
9.2333 623
9.25 627
9.2667 630
9.2833 633
9.3 636
9.3167 639
9.3333 642
9.35 646
9.3667 649
9.3833 652
9.4 655
9.4167 658
9.4333 661
9.45 664
9.4667 667
9.4833 671
9.5 674
9.5167 677
9.5333 680
9.55 683
9.5667 686
9.5833 689
9.6 692
9.6167 695
9.6333 698
9.65 701
9.6667 704
9.6833 707
9.7 709
9.7167 712
9.7333 715
9.75 718
9.7667 721
9.7833 724
9.8 727
9.8167 730
9.8333 732
9.85 735
9.8667 738
9.8833 741
9.9 744
9.9167 746
9.9333 749
9.95 752
9.9667 755
9.9833 757
10.0 760
10.0167 763
10.0333 765
10.05 768
10.0667 771
10.0833 773
10.1 776
10.1167 778
10.1333 781
10.15 784
10.1667 786
10.1833 789
10.2 791
10.2167 794
10.2333 796
10.25 799
10.2667 801
10.2833 804
10.3 806
10.3167 809
10.3333 811
10.35 813
10.3667 816
10.3833 818
10.4 820
10.4167 823
10.4333 825
10.45 827
10.4667 830
10.4833 832
10.5 834
10.5167 837
10.5333 839
10.55 841
10.5667 843
10.5833 845
10.6 848
10.6167 850
10.6333 852
10.65 854
10.6667 856
10.6833 858
10.7 860
10.7167 862
10.7333 864
10.75 866
10.7667 868
10.7833 870
10.8 872
10.8167 874
10.8333 876
10.85 878
10.8667 880
10.8833 882
10.9 884
10.9167 886
10.9333 888
10.95 890
10.9667 891
10.9833 893
11.0 895
11.0167 897
11.0333 899
11.05 900
11.0667 902
11.0833 904
11.1 905
11.1167 907
11.1333 909
11.15 910
11.1667 912
11.1833 914
11.2 915
11.2167 917
11.2333 918
11.25 920
11.2667 921
11.2833 923
11.3 924
11.3167 926
11.3333 927
11.35 929
11.3667 930
11.3833 932
11.4 933
11.4167 934
11.4333 936
11.45 937
11.4667 938
11.4833 940
11.5 941
11.5167 942
11.5333 944
11.55 945
11.5667 946
11.5833 947
11.6 948
11.6167 949
11.6333 951
11.65 952
11.6667 953
11.6833 954
11.7 955
11.7167 956
11.7333 957
11.75 958
11.7667 959
11.7833 960
11.8 961
11.8167 962
11.8333 963
11.85 964
11.8667 965
11.8833 966
11.9 966
11.9167 967
11.9333 968
11.95 969
11.9667 970
11.9833 970
12.0 971
12.0167 972
12.0333 973
12.05 973
12.0667 974
12.0833 975
12.1 975
12.1167 976
12.1333 976
12.15 977
12.1667 978
12.1833 978
12.2 979
12.2167 979
12.2333 980
12.25 980
12.2667 981
12.2833 981
12.3 981
12.3167 982
12.3333 982
12.35 983
12.3667 983
12.3833 983
12.4 984
12.4167 984
12.4333 984
12.45 984
12.4667 985
12.4833 985
12.5 985
12.5167 985
12.5333 985
12.55 985
12.5667 986
12.5833 986
12.6 986
12.6167 986
12.6333 986
12.65 986
12.6667 986
12.6833 986
12.7 986
12.7167 986
12.7333 986
12.75 986
12.7667 986
12.7833 985
12.8 985
12.8167 985
12.8333 985
12.85 985
12.8667 984
12.8833 984
12.9 984
12.9167 984
12.9333 983
12.95 983
12.9667 983
12.9833 982
13.0 982
13.0167 982
13.0333 981
13.05 981
13.0667 980
13.0833 980
13.1 979
13.1167 979
13.1333 978
13.15 978
13.1667 977
13.1833 977
13.2 976
13.2167 975
13.2333 975
13.25 974
13.2667 974
13.2833 973
13.3 972
13.3167 971
13.3333 971
13.35 970
13.3667 969
13.3833 968
13.4 968
13.4167 967
13.4333 966
13.45 965
13.4667 964
13.4833 963
13.5 962
13.5167 961
13.5333 960
13.55 959
13.5667 958
13.5833 957
13.6 956
13.6167 955
13.6333 954
13.65 953
13.6667 952
13.6833 951
13.7 950
13.7167 949
13.7333 948
13.75 946
13.7667 945
13.7833 944
13.8 943
13.8167 941
13.8333 940
13.85 939
13.8667 938
13.8833 936
13.9 935
13.9167 934
13.9333 932
13.95 931
13.9667 929
13.9833 928
14.0 926
14.0167 925
14.0333 923
14.05 922
14.0667 920
14.0833 919
14.1 917
14.1167 916
14.1333 914
14.15 913
14.1667 911
14.1833 909
14.2 908
14.2167 906
14.2333 904
14.25 903
14.2667 901
14.2833 899
14.3 897
14.3167 896
14.3333 894
14.35 892
14.3667 890
14.3833 888
14.4 887
14.4167 885
14.4333 883
14.45 881
14.4667 879
14.4833 877
14.5 875
14.5167 873
14.5333 871
14.55 869
14.5667 867
14.5833 865
14.6 863
14.6167 861
14.6333 859
14.65 857
14.6667 855
14.6833 853
14.7 850
14.7167 848
14.7333 846
14.75 844
14.7667 842
14.7833 840
14.8 837
14.8167 835
14.8333 833
14.85 830
14.8667 828
14.8833 826
14.9 824
14.9167 821
14.9333 819
14.95 817
14.9667 814
14.9833 812
15.0 809
15.0167 807
15.0333 805
15.05 802
15.0667 800
15.0833 797
15.1 795
15.1167 792
15.1333 790
15.15 787
15.1667 785
15.1833 782
15.2 779
15.2167 777
15.2333 774
15.25 772
15.2667 769
15.2833 766
15.3 764
15.3167 761
15.3333 758
15.35 756
15.3667 753
15.3833 750
15.4 747
15.4167 745
15.4333 742
15.45 739
15.4667 736
15.4833 733
15.5 731
15.5167 728
15.5333 725
15.55 722
15.5667 719
15.5833 716
15.6 714
15.6167 711
15.6333 708
15.65 705
15.6667 702
15.6833 699
15.7 696
15.7167 693
15.7333 690
15.75 687
15.7667 684
15.7833 681
15.8 678
15.8167 675
15.8333 672
15.85 669
15.8667 666
15.8833 663
15.9 659
15.9167 656
15.9333 653
15.95 650
15.9667 647
15.9833 644
16.0 641
16.0167 637
16.0333 634
16.05 631
16.0667 628
16.0833 625
16.1 621
16.1167 618
16.1333 615
16.15 612
16.1667 608
16.1833 605
16.2 602
16.2167 599
16.2333 595
16.25 592
16.2667 589
16.2833 585
16.3 582
16.3167 579
16.3333 575
16.35 572
16.3667 569
16.3833 565
16.4 562
16.4167 558
16.4333 555
16.45 552
16.4667 548
16.4833 545
16.5 541
16.5167 538
16.5333 534
16.55 531
16.5667 527
16.5833 524
16.6 521
16.6167 517
16.6333 514
16.65 510
16.6667 507
16.6833 503
16.7 500
16.7167 496
16.7333 492
16.75 489
16.7667 485
16.7833 482
16.8 478
16.8167 475
16.8333 471
16.85 468
16.8667 464
16.8833 461
16.9 457
16.9167 453
16.9333 450
16.95 446
16.9667 443
16.9833 439
