8.0 355
8.0167 358
8.0333 362
8.05 366
8.0667 369
8.0833 373
8.1 376
8.1167 380
8.1333 384
8.15 387
8.1667 391
8.1833 394
8.2 398
8.2167 401
8.2333 405
8.25 409
8.2667 412
8.2833 416
8.3 419
8.3167 423
8.3333 426
8.35 430
8.3667 434
8.3833 437
8.4 441
8.4167 444
8.4333 448
8.45 451
8.4667 455
8.4833 458
8.5 462
8.5167 465
8.5333 469
8.55 472
8.5667 476
8.5833 479
8.6 483
8.6167 486
8.6333 490
8.65 493
8.6667 497
8.6833 500
8.7 504
8.7167 507
8.7333 511
8.75 514
8.7667 517
8.7833 521
8.8 524
8.8167 528
8.8333 531
8.85 534
8.8667 538
8.8833 541
8.9 545
8.9167 548
8.9333 551
8.95 555
8.9667 558
8.9833 561
9.0 565
9.0167 568
9.0333 571
9.05 574
9.0667 578
9.0833 581
9.1 584
9.1167 588
9.1333 591
9.15 594
9.1667 597
9.1833 601
9.2 604
9.2167 607
9.2333 610
9.25 613
9.2667 617
9.2833 620
9.3 623
9.3167 626
9.3333 629
9.35 632
9.3667 636
9.3833 639
9.4 642
9.4167 645
9.4333 648
9.45 651
9.4667 654
9.4833 657
9.5 660
9.5167 663
9.5333 666
9.55 669
9.5667 672
9.5833 675
9.6 678
9.6167 681
9.6333 684
9.65 687
9.6667 690
9.6833 693
9.7 696
9.7167 699
9.7333 702
9.75 705
9.7667 707
9.7833 710
9.8 713
9.8167 716
9.8333 719
9.85 722
9.8667 724
9.8833 727
9.9 730
9.9167 733
9.9333 735
9.95 738
9.9667 741
9.9833 743
10.0 746
10.0167 749
10.0333 751
10.05 754
10.0667 757
10.0833 759
10.1 762
10.1167 765
10.1333 767
10.15 770
10.1667 772
10.1833 775
10.2 777
10.2167 780
10.2333 782
10.25 785
10.2667 787
10.2833 790
10.3 792
10.3167 795
10.3333 797
10.35 799
10.3667 802
10.3833 804
10.4 807
10.4167 809
10.4333 811
10.45 814
10.4667 816
10.4833 818
10.5 820
10.5167 823
10.5333 825
10.55 827
10.5667 829
10.5833 832
10.6 834
10.6167 836
10.6333 838
10.65 840
10.6667 842
10.6833 844
10.7 846
10.7167 849
10.7333 851
10.75 853
10.7667 855
10.7833 857
10.8 859
10.8167 861
10.8333 863
10.85 865
10.8667 867
10.8833 868
10.9 870
10.9167 872
10.9333 874
10.95 876
10.9667 878
10.9833 880
11.0 881
11.0167 883
11.0333 885
11.05 887
11.0667 888
11.0833 890
11.1 892
11.1167 894
11.1333 895
11.15 897
11.1667 899
11.1833 900
11.2 902
11.2167 903
11.2333 905
11.25 906
11.2667 908
11.2833 909
11.3 911
11.3167 912
11.3333 914
11.35 915
11.3667 917
11.3833 918
11.4 920
11.4167 921
11.4333 922
11.45 924
11.4667 925
11.4833 926
11.5 928
11.5167 929
11.5333 930
11.55 932
11.5667 933
11.5833 934
11.6 935
11.6167 936
11.6333 937
11.65 939
11.6667 940
11.6833 941
11.7 942
11.7167 943
11.7333 944
11.75 945
11.7667 946
11.7833 947
11.8 948
11.8167 949
11.8333 950
11.85 951
11.8667 952
11.8833 953
11.9 954
11.9167 955
11.9333 955
11.95 956
11.9667 957
11.9833 958
12.0 959
12.0167 959
12.0333 960
12.05 961
12.0667 961
12.0833 962
12.1 963
12.1167 963
12.1333 964
12.15 965
12.1667 965
12.1833 966
12.2 966
12.2167 967
12.2333 967
12.25 968
12.2667 968
12.2833 969
12.3 969
12.3167 970
12.3333 970
12.35 970
12.3667 971
12.3833 971
12.4 972
12.4167 972
12.4333 972
12.45 972
12.4667 973
12.4833 973
12.5 973
12.5167 973
12.5333 974
12.55 974
12.5667 974
12.5833 974
12.6 974
12.6167 974
12.6333 974
12.65 974
12.6667 974
12.6833 974
12.7 974
12.7167 974
12.7333 974
12.75 974
12.7667 974
12.7833 974
12.8 974
12.8167 974
12.8333 974
12.85 974
12.8667 973
12.8833 973
12.9 973
12.9167 973
12.9333 972
12.95 972
12.9667 972
12.9833 971
13.0 971
13.0167 971
13.0333 970
13.05 970
13.0667 970
13.0833 969
13.1 969
13.1167 968
13.1333 968
13.15 967
13.1667 967
13.1833 966
13.2 966
13.2167 965
13.2333 965
13.25 964
13.2667 963
13.2833 963
13.3 962
13.3167 961
13.3333 961
13.35 960
13.3667 959
13.3833 958
13.4 958
13.4167 957
13.4333 956
13.45 955
13.4667 954
13.4833 953
13.5 953
13.5167 952
13.5333 951
13.55 950
13.5667 949
13.5833 948
13.6 947
13.6167 946
13.6333 945
13.65 944
13.6667 943
13.6833 942
13.7 941
13.7167 940
13.7333 938
13.75 937
13.7667 936
13.7833 935
13.8 934
13.8167 933
13.8333 931
13.85 930
13.8667 929
13.8833 927
13.9 926
13.9167 925
13.9333 924
13.95 922
13.9667 921
13.9833 919
14.0 918
14.0167 917
14.0333 915
14.05 914
14.0667 912
14.0833 911
14.1 909
14.1167 908
14.1333 906
14.15 905
14.1667 903
14.1833 901
14.2 900
14.2167 898
14.2333 897
14.25 895
14.2667 893
14.2833 892
14.3 890
14.3167 888
14.3333 886
14.35 885
14.3667 883
14.3833 881
14.4 879
14.4167 877
14.4333 876
14.45 874
14.4667 872
14.4833 870
14.5 868
14.5167 866
14.5333 864
14.55 862
14.5667 860
14.5833 858
14.6 856
14.6167 854
14.6333 852
14.65 850
14.6667 848
14.6833 846
14.7 844
14.7167 842
14.7333 840
14.75 838
14.7667 835
14.7833 833
14.8 831
14.8167 829
14.8333 827
14.85 825
14.8667 822
14.8833 820
14.9 818
14.9167 815
14.9333 813
14.95 811
14.9667 809
14.9833 806
15.0 804
15.0167 802
15.0333 799
15.05 797
15.0667 794
15.0833 792
15.1 789
15.1167 787
15.1333 785
15.15 782
15.1667 780
15.1833 777
15.2 775
15.2167 772
15.2333 769
15.25 767
15.2667 764
15.2833 762
15.3 759
15.3167 756
15.3333 754
15.35 751
15.3667 748
15.3833 746
15.4 743
15.4167 740
15.4333 738
15.45 735
15.4667 732
15.4833 729
15.5 727
15.5167 724
15.5333 721
15.55 718
15.5667 716
15.5833 713
15.6 710
15.6167 707
15.6333 704
15.65 701
15.6667 698
15.6833 696
15.7 693
15.7167 690
15.7333 687
15.75 684
15.7667 681
15.7833 678
15.8 675
15.8167 672
15.8333 669
15.85 666
15.8667 663
15.8833 660
15.9 657
15.9167 654
15.9333 651
15.95 648
15.9667 644
15.9833 641
16.0 638
16.0167 635
16.0333 632
16.05 629
16.0667 626
16.0833 623
16.1 619
16.1167 616
16.1333 613
16.15 610
16.1667 607
16.1833 603
16.2 600
16.2167 597
16.2333 594
16.25 590
16.2667 587
16.2833 584
16.3 581
16.3167 577
16.3333 574
16.35 571
16.3667 567
16.3833 564
16.4 561
16.4167 557
16.4333 554
16.45 551
16.4667 547
16.4833 544
16.5 541
16.5167 537
16.5333 534
16.55 530
16.5667 527
16.5833 524
16.6 520
16.6167 517
16.6333 513
16.65 510
16.6667 507
16.6833 503
16.7 500
16.7167 496
16.7333 493
16.75 489
16.7667 486
16.7833 482
16.8 479
16.8167 475
16.8333 472
16.85 468
16.8667 465
16.8833 461
16.9 458
16.9167 454
16.9333 451
16.95 447
16.9667 444
16.9833 440
