8.0 345
8.0167 349
8.0333 352
8.05 356
8.0667 360
8.0833 363
8.1 367
8.1167 370
8.1333 374
8.15 377
8.1667 381
8.1833 384
8.2 388
8.2167 391
8.2333 395
8.25 399
8.2667 402
8.2833 406
8.3 409
8.3167 413
8.3333 416
8.35 420
8.3667 423
8.3833 427
8.4 430
8.4167 434
8.4333 437
8.45 441
8.4667 444
8.4833 448
8.5 451
8.5167 455
8.5333 458
8.55 462
8.5667 465
8.5833 469
8.6 472
8.6167 476
8.6333 479
8.65 482
8.6667 486
8.6833 489
8.7 493
8.7167 496
8.7333 500
8.75 503
8.7667 506
8.7833 510
8.8 513
8.8167 517
8.8333 520
8.85 523
8.8667 527
8.8833 530
8.9 533
8.9167 537
8.9333 540
8.95 543
8.9667 547
8.9833 550
9.0 553
9.0167 557
9.0333 560
9.05 563
9.0667 567
9.0833 570
9.1 573
9.1167 576
9.1333 580
9.15 583
9.1667 586
9.1833 589
9.2 592
9.2167 596
9.2333 599
9.25 602
9.2667 605
9.2833 608
9.3 611
9.3167 615
9.3333 618
9.35 621
9.3667 624
9.3833 627
9.4 630
9.4167 633
9.4333 636
9.45 639
9.4667 642
9.4833 645
9.5 648
9.5167 651
9.5333 654
9.55 657
9.5667 660
9.5833 663
9.6 666
9.6167 669
9.6333 672
9.65 675
9.6667 678
9.6833 681
9.7 684
9.7167 687
9.7333 690
9.75 692
9.7667 695
9.7833 698
9.8 701
9.8167 704
9.8333 707
9.85 709
9.8667 712
9.8833 715
9.9 718
9.9167 720
9.9333 723
9.95 726
9.9667 728
9.9833 731
10.0 734
10.0167 736
10.0333 739
10.05 742
10.0667 744
10.0833 747
10.1 750
10.1167 752
10.1333 755
10.15 757
10.1667 760
10.1833 762
10.2 765
10.2167 767
10.2333 770
10.25 772
10.2667 775
10.2833 777
10.3 779
10.3167 782
10.3333 784
10.35 787
10.3667 789
10.3833 791
10.4 794
10.4167 796
10.4333 798
10.45 801
10.4667 803
10.4833 805
10.5 807
10.5167 810
10.5333 812
10.55 814
10.5667 816
10.5833 818
10.6 821
10.6167 823
10.6333 825
10.65 827
10.6667 829
10.6833 831
10.7 833
10.7167 835
10.7333 837
10.75 839
10.7667 841
10.7833 843
10.8 845
10.8167 847
10.8333 849
10.85 851
10.8667 853
10.8833 855
10.9 857
10.9167 859
10.9333 860
10.95 862
10.9667 864
10.9833 866
11.0 868
11.0167 869
11.0333 871
11.05 873
11.0667 875
11.0833 876
11.1 878
11.1167 880
11.1333 881
11.15 883
11.1667 884
11.1833 886
11.2 888
11.2167 889
11.2333 891
11.25 892
11.2667 894
11.2833 895
11.3 897
11.3167 898
11.3333 900
11.35 901
11.3667 902
11.3833 904
11.4 905
11.4167 907
11.4333 908
11.45 909
11.4667 911
11.4833 912
11.5 913
11.5167 914
11.5333 916
11.55 917
11.5667 918
11.5833 919
11.6 920
11.6167 921
11.6333 923
11.65 924
11.6667 925
11.6833 926
11.7 927
11.7167 928
11.7333 929
11.75 930
11.7667 931
11.7833 932
11.8 933
11.8167 934
11.8333 935
11.85 936
11.8667 937
11.8833 937
11.9 938
11.9167 939
11.9333 940
11.95 941
11.9667 941
11.9833 942
12.0 943
12.0167 944
12.0333 944
12.05 945
12.0667 946
12.0833 946
12.1 947
12.1167 948
12.1333 948
12.15 949
12.1667 949
12.1833 950
12.2 950
12.2167 951
12.2333 951
12.25 952
12.2667 952
12.2833 953
12.3 953
12.3167 953
12.3333 954
12.35 954
12.3667 954
12.3833 955
12.4 955
12.4167 955
12.4333 956
12.45 956
12.4667 956
12.4833 956
12.5 956
12.5167 957
12.5333 957
12.55 957
12.5667 957
12.5833 957
12.6 957
12.6167 957
12.6333 957
12.65 957
12.6667 957
12.6833 957
12.7 957
12.7167 957
12.7333 957
12.75 957
12.7667 957
12.7833 957
12.8 957
12.8167 956
12.8333 956
12.85 956
12.8667 956
12.8833 956
12.9 955
12.9167 955
12.9333 955
12.95 954
12.9667 954
12.9833 954
13.0 953
13.0167 953
13.0333 952
13.05 952
13.0667 952
13.0833 951
13.1 951
13.1167 950
13.1333 950
13.15 949
13.1667 949
13.1833 948
13.2 947
13.2167 947
13.2333 946
13.25 945
13.2667 945
13.2833 944
13.3 943
13.3167 943
13.3333 942
13.35 941
13.3667 940
13.3833 940
13.4 939
13.4167 938
13.4333 937
13.45 936
13.4667 935
13.4833 934
13.5 934
13.5167 933
13.5333 932
13.55 931
13.5667 930
13.5833 929
13.6 928
13.6167 927
13.6333 926
13.65 924
13.6667 923
13.6833 922
13.7 921
13.7167 920
13.7333 919
13.75 918
13.7667 916
13.7833 915
13.8 914
13.8167 913
13.8333 911
13.85 910
13.8667 909
13.8833 907
13.9 906
13.9167 905
13.9333 903
13.95 902
13.9667 901
13.9833 899
14.0 898
14.0167 896
14.0333 895
14.05 893
14.0667 892
14.0833 890
14.1 889
14.1167 887
14.1333 886
14.15 884
14.1667 882
14.1833 881
14.2 879
14.2167 877
14.2333 876
14.25 874
14.2667 872
14.2833 871
14.3 869
14.3167 867
14.3333 865
14.35 863
14.3667 862
14.3833 860
14.4 858
14.4167 856
14.4333 854
14.45 852
14.4667 850
14.4833 848
14.5 847
14.5167 845
14.5333 843
14.55 841
14.5667 839
14.5833 837
14.6 835
14.6167 832
14.6333 830
14.65 828
14.6667 826
14.6833 824
14.7 822
14.7167 820
14.7333 818
14.75 816
14.7667 813
14.7833 811
14.8 809
14.8167 807
14.8333 804
14.85 802
14.8667 800
14.8833 798
14.9 795
14.9167 793
14.9333 791
14.95 788
14.9667 786
14.9833 784
15.0 781
15.0167 779
15.0333 776
15.05 774
15.0667 771
15.0833 769
15.1 767
15.1167 764
15.1333 762
15.15 759
15.1667 756
15.1833 754
15.2 751
15.2167 749
15.2333 746
15.25 744
15.2667 741
15.2833 738
15.3 736
15.3167 733
15.3333 730
15.35 728
15.3667 725
15.3833 722
15.4 720
15.4167 717
15.4333 714
15.45 711
15.4667 709
15.4833 706
15.5 703
15.5167 700
15.5333 697
15.55 695
15.5667 692
15.5833 689
15.6 686
15.6167 683
15.6333 680
15.65 677
15.6667 674
15.6833 671
15.7 669
15.7167 666
15.7333 663
15.75 660
15.7667 657
15.7833 654
15.8 651
15.8167 648
15.8333 645
15.85 642
15.8667 639
15.8833 635
15.9 632
15.9167 629
15.9333 626
15.95 623
15.9667 620
15.9833 617
16.0 614
16.0167 611
16.0333 607
16.05 604
16.0667 601
16.0833 598
16.1 595
16.1167 592
16.1333 588
16.15 585
16.1667 582
16.1833 579
16.2 575
16.2167 572
16.2333 569
16.25 566
16.2667 562
16.2833 559
16.3 556
16.3167 553
16.3333 549
16.35 546
16.3667 543
16.3833 539
16.4 536
16.4167 533
16.4333 529
16.45 526
16.4667 522
16.4833 519
16.5 516
16.5167 512
16.5333 509
16.55 506
16.5667 502
16.5833 499
16.6 495
16.6167 492
16.6333 488
16.65 485
16.6667 482
16.6833 478
16.7 475
16.7167 471
16.7333 468
16.75 464
16.7667 461
16.7833 457
16.8 454
16.8167 450
16.8333 447
16.85 443
16.8667 440
16.8833 436
16.9 433
16.9167 429
16.9333 426
16.95 422
16.9667 419
16.9833 415
