8.0 318
8.0167 322
8.0333 326
8.05 330
8.0667 333
8.0833 337
8.1 341
8.1167 344
8.1333 348
8.15 352
8.1667 356
8.1833 359
8.2 363
8.2167 367
8.2333 370
8.25 374
8.2667 378
8.2833 381
8.3 385
8.3167 389
8.3333 392
8.35 396
8.3667 400
8.3833 404
8.4 407
8.4167 411
8.4333 415
8.45 418
8.4667 422
8.4833 426
8.5 429
8.5167 433
8.5333 437
8.55 440
8.5667 444
8.5833 447
8.6 451
8.6167 455
8.6333 458
8.65 462
8.6667 466
8.6833 469
8.7 473
8.7167 476
8.7333 480
8.75 484
8.7667 487
8.7833 491
8.8 494
8.8167 498
8.8333 501
8.85 505
8.8667 509
8.8833 512
8.9 516
8.9167 519
8.9333 523
8.95 526
8.9667 530
8.9833 533
9.0 537
9.0167 540
9.0333 543
9.05 547
9.0667 550
9.0833 554
9.1 557
9.1167 561
9.1333 564
9.15 567
9.1667 571
9.1833 574
9.2 578
9.2167 581
9.2333 584
9.25 588
9.2667 591
9.2833 594
9.3 598
9.3167 601
9.3333 604
9.35 608
9.3667 611
9.3833 614
9.4 618
9.4167 621
9.4333 624
9.45 627
9.4667 631
9.4833 634
9.5 637
9.5167 640
9.5333 643
9.55 647
9.5667 650
9.5833 653
9.6 656
9.6167 659
9.6333 662
9.65 666
9.6667 669
9.6833 672
9.7 675
9.7167 678
9.7333 681
9.75 684
9.7667 687
9.7833 690
9.8 693
9.8167 696
9.8333 699
9.85 702
9.8667 705
9.8833 708
9.9 711
9.9167 714
9.9333 717
9.95 720
9.9667 722
9.9833 725
10.0 728
10.0167 731
10.0333 734
10.05 737
10.0667 739
10.0833 742
10.1 745
10.1167 748
10.1333 751
10.15 753
10.1667 756
10.1833 759
10.2 761
10.2167 764
10.2333 767
10.25 769
10.2667 772
10.2833 775
10.3 777
10.3167 780
10.3333 782
10.35 785
10.3667 788
10.3833 790
10.4 793
10.4167 795
10.4333 798
10.45 800
10.4667 803
10.4833 805
10.5 808
10.5167 810
10.5333 812
10.55 815
10.5667 817
10.5833 820
10.6 822
10.6167 824
10.6333 827
10.65 829
10.6667 831
10.6833 833
10.7 836
10.7167 838
10.7333 840
10.75 842
10.7667 845
10.7833 847
10.8 849
10.8167 851
10.8333 853
10.85 855
10.8667 857
10.8833 859
10.9 861
10.9167 864
10.9333 866
10.95 868
10.9667 870
10.9833 872
11.0 874
11.0167 875
11.0333 877
11.05 879
11.0667 881
11.0833 883
11.1 885
11.1167 887
11.1333 889
11.15 890
11.1667 892
11.1833 894
11.2 896
11.2167 898
11.2333 899
11.25 901
11.2667 903
11.2833 904
11.3 906
11.3167 908
11.3333 909
11.35 911
11.3667 913
11.3833 914
11.4 916
11.4167 917
11.4333 919
11.45 920
11.4667 922
11.4833 923
11.5 925
11.5167 926
11.5333 928
11.55 929
11.5667 930
11.5833 932
11.6 933
11.6167 934
11.6333 936
11.65 937
11.6667 938
11.6833 939
11.7 941
11.7167 942
11.7333 943
11.75 944
11.7667 945
11.7833 947
11.8 948
11.8167 949
11.8333 950
11.85 951
11.8667 952
11.8833 953
11.9 954
11.9167 955
11.9333 956
11.95 957
11.9667 958
11.9833 959
12.0 960
12.0167 961
12.0333 962
12.05 963
12.0667 963
12.0833 964
12.1 965
12.1167 966
12.1333 967
12.15 967
12.1667 968
12.1833 969
12.2 969
12.2167 970
12.2333 971
12.25 971
12.2667 972
12.2833 973
12.3 973
12.3167 974
12.3333 974
12.35 975
12.3667 975
12.3833 976
12.4 976
12.4167 977
12.4333 977
12.45 977
12.4667 978
12.4833 978
12.5 979
12.5167 979
12.5333 979
12.55 980
12.5667 980
12.5833 980
12.6 980
12.6167 981
12.6333 981
12.65 981
12.6667 981
12.6833 981
12.7 981
12.7167 981
12.7333 982
12.75 982
12.7667 982
12.7833 982
12.8 982
12.8167 982
12.8333 982
12.85 982
12.8667 981
12.8833 981
12.9 981
12.9167 981
12.9333 981
12.95 981
12.9667 981
12.9833 980
13.0 980
13.0167 980
13.0333 980
13.05 979
13.0667 979
13.0833 979
13.1 979
13.1167 978
13.1333 978
13.15 977
13.1667 977
13.1833 977
13.2 976
13.2167 976
13.2333 975
13.25 975
13.2667 974
13.2833 974
13.3 973
13.3167 972
13.3333 972
13.35 971
13.3667 971
13.3833 970
13.4 969
13.4167 969
13.4333 968
13.45 967
13.4667 966
13.4833 966
13.5 965
13.5167 964
13.5333 963
13.55 962
13.5667 961
13.5833 961
13.6 960
13.6167 959
13.6333 958
13.65 957
13.6667 956
13.6833 955
13.7 954
13.7167 953
13.7333 952
13.75 951
13.7667 950
13.7833 949
13.8 948
13.8167 946
13.8333 945
13.85 944
13.8667 943
13.8833 942
13.9 940
13.9167 939
13.9333 938
13.95 937
13.9667 935
13.9833 934
14.0 933
14.0167 931
14.0333 930
14.05 929
14.0667 927
14.0833 926
14.1 924
14.1167 923
14.1333 921
14.15 920
14.1667 918
14.1833 917
14.2 915
14.2167 914
14.2333 912
14.25 911
14.2667 909
14.2833 907
14.3 906
14.3167 904
14.3333 902
14.35 901
14.3667 899
14.3833 897
14.4 895
14.4167 894
14.4333 892
14.45 890
14.4667 888
14.4833 886
14.5 885
14.5167 883
14.5333 881
14.55 879
14.5667 877
14.5833 875
14.6 873
14.6167 871
14.6333 869
14.65 867
14.6667 865
14.6833 863
14.7 861
14.7167 859
14.7333 857
14.75 855
14.7667 853
14.7833 850
14.8 848
14.8167 846
14.8333 844
14.85 842
14.8667 840
14.8833 837
14.9 835
14.9167 833
14.9333 831
14.95 828
14.9667 826
14.9833 824
15.0 821
15.0167 819
15.0333 816
15.05 814
15.0667 812
15.0833 809
15.1 807
15.1167 804
15.1333 802
15.15 799
15.1667 797
15.1833 794
15.2 792
15.2167 789
15.2333 787
15.25 784
15.2667 782
15.2833 779
15.3 777
15.3167 774
15.3333 771
15.35 769
15.3667 766
15.3833 763
15.4 761
15.4167 758
15.4333 755
15.45 752
15.4667 750
15.4833 747
15.5 744
15.5167 741
15.5333 739
15.55 736
15.5667 733
15.5833 730
15.6 727
15.6167 724
15.6333 722
15.65 719
15.6667 716
15.6833 713
15.7 710
15.7167 707
15.7333 704
15.75 701
15.7667 698
15.7833 695
15.8 692
15.8167 689
15.8333 686
15.85 683
15.8667 680
15.8833 677
15.9 674
15.9167 671
15.9333 668
15.95 665
15.9667 661
15.9833 658
16.0 655
16.0167 652
16.0333 649
16.05 646
16.0667 642
16.0833 639
16.1 636
16.1167 633
16.1333 630
16.15 626
16.1667 623
16.1833 620
16.2 617
16.2167 613
16.2333 610
16.25 607
16.2667 603
16.2833 600
16.3 597
16.3167 593
16.3333 590
16.35 587
16.3667 583
16.3833 580
16.4 577
16.4167 573
16.4333 570
16.45 566
16.4667 563
16.4833 560
16.5 556
16.5167 553
16.5333 549
16.55 546
16.5667 542
16.5833 539
16.6 535
16.6167 532
16.6333 528
16.65 525
16.6667 521
16.6833 518
16.7 514
16.7167 511
16.7333 507
16.75 504
16.7667 500
16.7833 497
16.8 493
16.8167 489
16.8333 486
16.85 482
16.8667 479
16.8833 475
16.9 471
16.9167 468
16.9333 464
16.95 461
16.9667 457
16.9833 453
