8.0 343
8.0167 346
8.0333 350
8.05 354
8.0667 357
8.0833 361
8.1 365
8.1167 368
8.1333 372
8.15 375
8.1667 379
8.1833 383
8.2 386
8.2167 390
8.2333 394
8.25 397
8.2667 401
8.2833 405
8.3 408
8.3167 412
8.3333 416
8.35 419
8.3667 423
8.3833 426
8.4 430
8.4167 434
8.4333 437
8.45 441
8.4667 445
8.4833 448
8.5 452
8.5167 455
8.5333 459
8.55 462
8.5667 466
8.5833 470
8.6 473
8.6167 477
8.6333 480
8.65 484
8.6667 487
8.6833 491
8.7 495
8.7167 498
8.7333 502
8.75 505
8.7667 509
8.7833 512
8.8 516
8.8167 519
8.8333 523
8.85 526
8.8667 530
8.8833 533
8.9 536
8.9167 540
8.9333 543
8.95 547
8.9667 550
8.9833 554
9.0 557
9.0167 560
9.0333 564
9.05 567
9.0667 570
9.0833 574
9.1 577
9.1167 580
9.1333 584
9.15 587
9.1667 591
9.1833 594
9.2 597
9.2167 600
9.2333 604
9.25 607
9.2667 610
9.2833 614
9.3 617
9.3167 620
9.3333 623
9.35 627
9.3667 630
9.3833 633
9.4 636
9.4167 639
9.4333 643
9.45 646
9.4667 649
9.4833 652
9.5 655
9.5167 658
9.5333 661
9.55 664
9.5667 668
9.5833 671
9.6 674
9.6167 677
9.6333 680
9.65 683
9.6667 686
9.6833 689
9.7 692
9.7167 695
9.7333 698
9.75 701
9.7667 704
9.7833 707
9.8 710
9.8167 713
9.8333 716
9.85 718
9.8667 721
9.8833 724
9.9 727
9.9167 730
9.9333 733
9.95 736
9.9667 738
9.9833 741
10.0 744
10.0167 747
10.0333 749
10.05 752
10.0667 755
10.0833 758
10.1 760
10.1167 763
10.1333 766
10.15 768
10.1667 771
10.1833 774
10.2 776
10.2167 779
10.2333 781
10.25 784
10.2667 787
10.2833 789
10.3 792
10.3167 794
10.3333 797
10.35 799
10.3667 802
10.3833 804
10.4 807
10.4167 809
10.4333 812
10.45 814
10.4667 816
10.4833 819
10.5 821
10.5167 823
10.5333 826
10.55 828
10.5667 830
10.5833 833
10.6 835
10.6167 837
10.6333 840
10.65 842
10.6667 844
10.6833 846
10.7 848
10.7167 851
10.7333 853
10.75 855
10.7667 857
10.7833 859
10.8 861
10.8167 863
10.8333 865
10.85 867
10.8667 869
10.8833 871
10.9 873
10.9167 875
10.9333 877
10.95 879
10.9667 881
10.9833 883
11.0 885
11.0167 887
11.0333 889
11.05 891
11.0667 893
11.0833 894
11.1 896
11.1167 898
11.1333 900
11.15 901
11.1667 903
11.1833 905
11.2 907
11.2167 908
11.2333 910
11.25 912
11.2667 913
11.2833 915
11.3 917
11.3167 918
11.3333 920
11.35 921
11.3667 923
11.3833 924
11.4 926
11.4167 927
11.4333 929
11.45 930
11.4667 932
11.4833 933
11.5 934
11.5167 936
11.5333 937
11.55 939
11.5667 940
11.5833 941
11.6 942
11.6167 944
11.6333 945
11.65 946
11.6667 947
11.6833 949
11.7 950
11.7167 951
11.7333 952
11.75 953
11.7667 954
11.7833 956
11.8 957
11.8167 958
11.8333 959
11.85 960
11.8667 961
11.8833 962
11.9 963
11.9167 964
11.9333 965
11.95 966
11.9667 967
11.9833 967
12.0 968
12.0167 969
12.0333 970
12.05 971
12.0667 972
12.0833 972
12.1 973
12.1167 974
12.1333 975
12.15 975
12.1667 976
12.1833 977
12.2 977
12.2167 978
12.2333 979
12.25 979
12.2667 980
12.2833 980
12.3 981
12.3167 981
12.3333 982
12.35 982
12.3667 983
12.3833 983
12.4 984
12.4167 984
12.4333 984
12.45 985
12.4667 985
12.4833 986
12.5 986
12.5167 986
12.5333 986
12.55 987
12.5667 987
12.5833 987
12.6 987
12.6167 988
12.6333 988
12.65 988
12.6667 988
12.6833 988
12.7 988
12.7167 988
12.7333 988
12.75 988
12.7667 988
12.7833 988
12.8 988
12.8167 988
12.8333 988
12.85 988
12.8667 988
12.8833 988
12.9 988
12.9167 988
12.9333 988
12.95 987
12.9667 987
12.9833 987
13.0 987
13.0167 986
13.0333 986
13.05 986
13.0667 986
13.0833 985
13.1 985
13.1167 985
13.1333 984
13.15 984
13.1667 983
13.1833 983
13.2 982
13.2167 982
13.2333 981
13.25 981
13.2667 980
13.2833 980
13.3 979
13.3167 979
13.3333 978
13.35 977
13.3667 977
13.3833 976
13.4 975
13.4167 975
13.4333 974
13.45 973
13.4667 972
13.4833 972
13.5 971
13.5167 970
13.5333 969
13.55 968
13.5667 968
13.5833 967
13.6 966
13.6167 965
13.6333 964
13.65 963
13.6667 962
13.6833 961
13.7 960
13.7167 959
13.7333 958
13.75 957
13.7667 956
13.7833 955
13.8 954
13.8167 952
13.8333 951
13.85 950
13.8667 949
13.8833 948
13.9 946
13.9167 945
13.9333 944
13.95 943
13.9667 941
13.9833 940
14.0 939
14.0167 937
14.0333 936
14.05 935
14.0667 933
14.0833 932
14.1 930
14.1167 929
14.1333 928
14.15 926
14.1667 925
14.1833 923
14.2 922
14.2167 920
14.2333 918
14.25 917
14.2667 915
14.2833 914
14.3 912
14.3167 910
14.3333 909
14.35 907
14.3667 905
14.3833 904
14.4 902
14.4167 900
14.4333 898
14.45 896
14.4667 895
14.4833 893
14.5 891
14.5167 889
14.5333 887
14.55 885
14.5667 883
14.5833 882
14.6 880
14.6167 878
14.6333 876
14.65 874
14.6667 872
14.6833 870
14.7 868
14.7167 866
14.7333 864
14.75 862
14.7667 859
14.7833 857
14.8 855
14.8167 853
14.8333 851
14.85 849
14.8667 847
14.8833 844
14.9 842
14.9167 840
14.9333 838
14.95 835
14.9667 833
14.9833 831
15.0 829
15.0167 826
15.0333 824
15.05 822
15.0667 819
15.0833 817
15.1 814
15.1167 812
15.1333 810
15.15 807
15.1667 805
15.1833 802
15.2 800
15.2167 797
15.2333 795
15.25 792
15.2667 790
15.2833 787
15.3 785
15.3167 782
15.3333 779
15.35 777
15.3667 774
15.3833 772
15.4 769
15.4167 766
15.4333 764
15.45 761
15.4667 758
15.4833 755
15.5 753
15.5167 750
15.5333 747
15.55 744
15.5667 742
15.5833 739
15.6 736
15.6167 733
15.6333 730
15.65 728
15.6667 725
15.6833 722
15.7 719
15.7167 716
15.7333 713
15.75 710
15.7667 707
15.7833 704
15.8 701
15.8167 698
15.8333 695
15.85 692
15.8667 689
15.8833 686
15.9 683
15.9167 680
15.9333 677
15.95 674
15.9667 671
15.9833 668
16.0 665
16.0167 662
16.0333 659
16.05 656
16.0667 653
16.0833 649
16.1 646
16.1167 643
16.1333 640
16.15 637
16.1667 634
16.1833 630
16.2 627
16.2167 624
16.2333 621
16.25 617
16.2667 614
16.2833 611
16.3 608
16.3167 604
16.3333 601
16.35 598
16.3667 594
16.3833 591
16.4 588
16.4167 584
16.4333 581
16.45 578
16.4667 574
16.4833 571
16.5 568
16.5167 564
16.5333 561
16.55 557
16.5667 554
16.5833 551
16.6 547
16.6167 544
16.6333 540
16.65 537
16.6667 533
16.6833 530
16.7 526
16.7167 523
16.7333 519
16.75 516
16.7667 512
16.7833 509
16.8 505
16.8167 502
16.8333 498
16.85 495
16.8667 491
16.8833 488
16.9 484
16.9167 481
16.9333 477
16.95 474
16.9667 470
16.9833 466
