8.0 314
8.0167 318
8.0333 322
8.05 325
8.0667 329
8.0833 333
8.1 336
8.1167 340
8.1333 344
8.15 347
8.1667 351
8.1833 354
8.2 358
8.2167 362
8.2333 365
8.25 369
8.2667 373
8.2833 376
8.3 380
8.3167 384
8.3333 387
8.35 391
8.3667 395
8.3833 398
8.4 402
8.4167 406
8.4333 409
8.45 413
8.4667 416
8.4833 420
8.5 424
8.5167 427
8.5333 431
8.55 435
8.5667 438
8.5833 442
8.6 445
8.6167 449
8.6333 453
8.65 456
8.6667 460
8.6833 463
8.7 467
8.7167 470
8.7333 474
8.75 478
8.7667 481
8.7833 485
8.8 488
8.8167 492
8.8333 495
8.85 499
8.8667 502
8.8833 506
8.9 509
8.9167 513
8.9333 516
8.95 520
8.9667 523
8.9833 527
9.0 530
9.0167 533
9.0333 537
9.05 540
9.0667 544
9.0833 547
9.1 551
9.1167 554
9.1333 557
9.15 561
9.1667 564
9.1833 567
9.2 571
9.2167 574
9.2333 578
9.25 581
9.2667 584
9.2833 588
9.3 591
9.3167 594
9.3333 597
9.35 601
9.3667 604
9.3833 607
9.4 610
9.4167 614
9.4333 617
9.45 620
9.4667 623
9.4833 627
9.5 630
9.5167 633
9.5333 636
9.55 639
9.5667 642
9.5833 646
9.6 649
9.6167 652
9.6333 655
9.65 658
9.6667 661
9.6833 664
9.7 667
9.7167 670
9.7333 673
9.75 676
9.7667 679
9.7833 682
9.8 685
9.8167 688
9.8333 691
9.85 694
9.8667 697
9.8833 700
9.9 703
9.9167 706
9.9333 709
9.95 712
9.9667 715
9.9833 717
10.0 720
10.0167 723
10.0333 726
10.05 729
10.0667 731
10.0833 734
10.1 737
10.1167 740
10.1333 742
10.15 745
10.1667 748
10.1833 751
10.2 753
10.2167 756
10.2333 759
10.25 761
10.2667 764
10.2833 766
10.3 769
10.3167 772
10.3333 774
10.35 777
10.3667 779
10.3833 782
10.4 784
10.4167 787
10.4333 789
10.45 792
10.4667 794
10.4833 797
10.5 799
10.5167 801
10.5333 804
10.55 806
10.5667 809
10.5833 811
10.6 813
10.6167 816
10.6333 818
10.65 820
10.6667 822
10.6833 825
10.7 827
10.7167 829
10.7333 831
10.75 834
10.7667 836
10.7833 838
10.8 840
10.8167 842
10.8333 844
10.85 846
10.8667 849
10.8833 851
10.9 853
10.9167 855
10.9333 857
10.95 859
10.9667 861
10.9833 863
11.0 865
11.0167 867
11.0333 868
11.05 870
11.0667 872
11.0833 874
11.1 876
11.1167 878
11.1333 880
11.15 881
11.1667 883
11.1833 885
11.2 887
11.2167 889
11.2333 890
11.25 892
11.2667 894
11.2833 895
11.3 897
11.3167 899
11.3333 900
11.35 902
11.3667 903
11.3833 905
11.4 907
11.4167 908
11.4333 910
11.45 911
11.4667 913
11.4833 914
11.5 915
11.5167 917
11.5333 918
11.55 920
11.5667 921
11.5833 922
11.6 924
11.6167 925
11.6333 926
11.65 928
11.6667 929
11.6833 930
11.7 931
11.7167 933
11.7333 934
11.75 935
11.7667 936
11.7833 937
11.8 938
11.8167 940
11.8333 941
11.85 942
11.8667 943
11.8833 944
11.9 945
11.9167 946
11.9333 947
11.95 948
11.9667 949
11.9833 950
12.0 951
12.0167 951
12.0333 952
12.05 953
12.0667 954
12.0833 955
12.1 956
12.1167 956
12.1333 957
12.15 958
12.1667 959
12.1833 959
12.2 960
12.2167 961
12.2333 961
12.25 962
12.2667 963
12.2833 963
12.3 964
12.3167 964
12.3333 965
12.35 965
12.3667 966
12.3833 966
12.4 967
12.4167 967
12.4333 968
12.45 968
12.4667 968
12.4833 969
12.5 969
12.5167 969
12.5333 970
12.55 970
12.5667 970
12.5833 971
12.6 971
12.6167 971
12.6333 971
12.65 971
12.6667 972
12.6833 972
12.7 972
12.7167 972
12.7333 972
12.75 972
12.7667 972
12.7833 972
12.8 972
12.8167 972
12.8333 972
12.85 972
12.8667 972
12.8833 972
12.9 972
12.9167 972
12.9333 972
12.95 971
12.9667 971
12.9833 971
13.0 971
13.0167 971
13.0333 970
13.05 970
13.0667 970
13.0833 969
13.1 969
13.1167 969
13.1333 968
13.15 968
13.1667 968
13.1833 967
13.2 967
13.2167 966
13.2333 966
13.25 965
13.2667 965
13.2833 964
13.3 964
13.3167 963
13.3333 962
13.35 962
13.3667 961
13.3833 961
13.4 960
13.4167 959
13.4333 958
13.45 958
13.4667 957
13.4833 956
13.5 955
13.5167 955
13.5333 954
13.55 953
13.5667 952
13.5833 951
13.6 950
13.6167 949
13.6333 949
13.65 948
13.6667 947
13.6833 946
13.7 945
13.7167 944
13.7333 943
13.75 942
13.7667 940
13.7833 939
13.8 938
13.8167 937
13.8333 936
13.85 935
13.8667 934
13.8833 932
13.9 931
13.9167 930
13.9333 929
13.95 927
13.9667 926
13.9833 925
14.0 923
14.0167 922
14.0333 921
14.05 919
14.0667 918
14.0833 917
14.1 915
14.1167 914
14.1333 912
14.15 911
14.1667 909
14.1833 908
14.2 906
14.2167 905
14.2333 903
14.25 901
14.2667 900
14.2833 898
14.3 897
14.3167 895
14.3333 893
14.35 892
14.3667 890
14.3833 888
14.4 886
14.4167 885
14.4333 883
14.45 881
14.4667 879
14.4833 877
14.5 876
14.5167 874
14.5333 872
14.55 870
14.5667 868
14.5833 866
14.6 864
14.6167 862
14.6333 860
14.65 858
14.6667 856
14.6833 854
14.7 852
14.7167 850
14.7333 848
14.75 846
14.7667 844
14.7833 842
14.8 840
14.8167 837
14.8333 835
14.85 833
14.8667 831
14.8833 829
14.9 826
14.9167 824
14.9333 822
14.95 820
14.9667 817
14.9833 815
15.0 813
15.0167 810
15.0333 808
15.05 806
15.0667 803
15.0833 801
15.1 798
15.1167 796
15.1333 794
15.15 791
15.1667 789
15.1833 786
15.2 784
15.2167 781
15.2333 779
15.25 776
15.2667 773
15.2833 771
15.3 768
15.3167 766
15.3333 763
15.35 760
15.3667 758
15.3833 755
15.4 752
15.4167 750
15.4333 747
15.45 744
15.4667 742
15.4833 739
15.5 736
15.5167 733
15.5333 731
15.55 728
15.5667 725
15.5833 722
15.6 719
15.6167 717
15.6333 714
15.65 711
15.6667 708
15.6833 705
15.7 702
15.7167 699
15.7333 696
15.75 693
15.7667 690
15.7833 687
15.8 684
15.8167 681
15.8333 678
15.85 675
15.8667 672
15.8833 669
15.9 666
15.9167 663
15.9333 660
15.95 657
15.9667 654
15.9833 651
16.0 648
16.0167 645
16.0333 642
16.05 638
16.0667 635
16.0833 632
16.1 629
16.1167 626
16.1333 622
16.15 619
16.1667 616
16.1833 613
16.2 610
16.2167 606
16.2333 603
16.25 600
16.2667 596
16.2833 593
16.3 590
16.3167 587
16.3333 583
16.35 580
16.3667 577
16.3833 573
16.4 570
16.4167 566
16.4333 563
16.45 560
16.4667 556
16.4833 553
16.5 550
16.5167 546
16.5333 543
16.55 539
16.5667 536
16.5833 532
16.6 529
16.6167 525
16.6333 522
16.65 519
16.6667 515
16.6833 512
16.7 508
16.7167 505
16.7333 501
16.75 498
16.7667 494
16.7833 490
16.8 487
16.8167 483
16.8333 480
16.85 476
16.8667 473
16.8833 469
16.9 466
16.9167 462
16.9333 458
16.95 455
16.9667 451
16.9833 448
