8.0 374
8.0167 377
8.0333 381
8.05 385
8.0667 388
8.0833 392
8.1 396
8.1167 400
8.1333 403
8.15 407
8.1667 411
8.1833 415
8.2 418
8.2167 422
8.2333 426
8.25 429
8.2667 433
8.2833 437
8.3 441
8.3167 444
8.3333 448
8.35 452
8.3667 455
8.3833 459
8.4 463
8.4167 466
8.4333 470
8.45 474
8.4667 477
8.4833 481
8.5 485
8.5167 488
8.5333 492
8.55 495
8.5667 499
8.5833 503
8.6 506
8.6167 510
8.6333 513
8.65 517
8.6667 521
8.6833 524
8.7 528
8.7167 531
8.7333 535
8.75 538
8.7667 542
8.7833 546
8.8 549
8.8167 553
8.8333 556
8.85 560
8.8667 563
8.8833 567
8.9 570
8.9167 574
8.9333 577
8.95 581
8.9667 584
8.9833 587
9.0 591
9.0167 594
9.0333 597
9.05 601
9.0667 604
9.0833 608
9.1 611
9.1167 614
9.1333 618
9.15 621
9.1667 624
9.1833 628
9.2 631
9.2167 634
9.2333 638
9.25 641
9.2667 644
9.2833 648
9.3 651
9.3167 654
9.3333 657
9.35 661
9.3667 664
9.3833 667
9.4 670
9.4167 673
9.4333 677
9.45 680
9.4667 683
9.4833 686
9.5 689
9.5167 692
9.5333 696
9.55 699
9.5667 702
9.5833 705
9.6 708
9.6167 711
9.6333 714
9.65 717
9.6667 720
9.6833 723
9.7 726
9.7167 729
9.7333 732
9.75 735
9.7667 738
9.7833 741
9.8 744
9.8167 747
9.8333 750
9.85 753
9.8667 755
9.8833 758
9.9 761
9.9167 764
9.9333 767
9.95 770
9.9667 772
9.9833 775
10.0 778
10.0167 781
10.0333 783
10.05 786
10.0667 789
10.0833 792
10.1 794
10.1167 797
10.1333 800
10.15 802
10.1667 805
10.1833 808
10.2 810
10.2167 813
10.2333 815
10.25 818
10.2667 821
10.2833 823
10.3 826
10.3167 828
10.3333 831
10.35 833
10.3667 836
10.3833 838
10.4 840
10.4167 843
10.4333 845
10.45 848
10.4667 850
10.4833 852
10.5 855
10.5167 857
10.5333 859
10.55 862
10.5667 864
10.5833 866
10.6 869
10.6167 871
10.6333 873
10.65 875
10.6667 878
10.6833 880
10.7 882
10.7167 884
10.7333 886
10.75 888
10.7667 890
10.7833 893
10.8 895
10.8167 897
10.8333 899
10.85 901
10.8667 903
10.8833 905
10.9 907
10.9167 909
10.9333 911
10.95 913
10.9667 914
10.9833 916
11.0 918
11.0167 920
11.0333 922
11.05 924
11.0667 926
11.0833 927
11.1 929
11.1167 931
11.1333 933
11.15 934
11.1667 936
11.1833 938
11.2 940
11.2167 941
11.2333 943
11.25 945
11.2667 946
11.2833 948
11.3 949
11.3167 951
11.3333 952
11.35 954
11.3667 955
11.3833 957
11.4 958
11.4167 960
11.4333 961
11.45 963
11.4667 964
11.4833 966
11.5 967
11.5167 968
11.5333 970
11.55 971
11.5667 972
11.5833 974
11.6 975
11.6167 976
11.6333 977
11.65 979
11.6667 980
11.6833 981
11.7 982
11.7167 983
11.7333 984
11.75 986
11.7667 987
11.7833 988
11.8 989
11.8167 990
11.8333 991
11.85 992
11.8667 993
11.8833 994
11.9 995
11.9167 996
11.9333 997
11.95 998
11.9667 998
11.9833 999
12.0 1000
12.0167 1001
12.0333 1002
12.05 1003
12.0667 1003
12.0833 1004
12.1 1005
12.1167 1005
12.1333 1006
12.15 1007
12.1667 1008
12.1833 1008
12.2 1009
12.2167 1009
12.2333 1010
12.25 1011
12.2667 1011
12.2833 1012
12.3 1012
12.3167 1013
12.3333 1013
12.35 1014
12.3667 1014
12.3833 1014
12.4 1015
12.4167 1015
12.4333 1016
12.45 1016
12.4667 1016
12.4833 1017
12.5 1017
12.5167 1017
12.5333 1017
12.55 1018
12.5667 1018
12.5833 1018
12.6 1018
12.6167 1018
12.6333 1019
12.65 1019
12.6667 1019
12.6833 1019
12.7 1019
12.7167 1019
12.7333 1019
12.75 1019
12.7667 1019
12.7833 1019
12.8 1019
12.8167 1019
12.8333 1019
12.85 1019
12.8667 1019
12.8833 1019
12.9 1018
12.9167 1018
12.9333 1018
12.95 1018
12.9667 1018
12.9833 1017
13.0 1017
13.0167 1017
13.0333 1016
13.05 1016
13.0667 1016
13.0833 1015
13.1 1015
13.1167 1015
13.1333 1014
13.15 1014
13.1667 1013
13.1833 1013
13.2 1012
13.2167 1012
13.2333 1011
13.25 1011
13.2667 1010
13.2833 1010
13.3 1009
13.3167 1008
13.3333 1008
13.35 1007
13.3667 1006
13.3833 1006
13.4 1005
13.4167 1004
13.4333 1004
13.45 1003
13.4667 1002
13.4833 1001
13.5 1000
13.5167 1000
13.5333 999
13.55 998
13.5667 997
13.5833 996
13.6 995
13.6167 994
13.6333 993
13.65 992
13.6667 991
13.6833 990
13.7 989
13.7167 988
13.7333 987
13.75 986
13.7667 985
13.7833 984
13.8 983
13.8167 981
13.8333 980
13.85 979
13.8667 978
13.8833 977
13.9 975
13.9167 974
13.9333 973
13.95 972
13.9667 970
13.9833 969
14.0 968
14.0167 966
14.0333 965
14.05 963
14.0667 962
14.0833 961
14.1 959
14.1167 958
14.1333 956
14.15 955
14.1667 953
14.1833 952
14.2 950
14.2167 948
14.2333 947
14.25 945
14.2667 944
14.2833 942
14.3 940
14.3167 939
14.3333 937
14.35 935
14.3667 933
14.3833 932
14.4 930
14.4167 928
14.4333 926
14.45 925
14.4667 923
14.4833 921
14.5 919
14.5167 917
14.5333 915
14.55 913
14.5667 911
14.5833 910
14.6 908
14.6167 906
14.6333 904
14.65 902
14.6667 900
14.6833 898
14.7 895
14.7167 893
14.7333 891
14.75 889
14.7667 887
14.7833 885
14.8 883
14.8167 881
14.8333 878
14.85 876
14.8667 874
14.8833 872
14.9 870
14.9167 867
14.9333 865
14.95 863
14.9667 860
14.9833 858
15.0 856
15.0167 854
15.0333 851
15.05 849
15.0667 846
15.0833 844
15.1 842
15.1167 839
15.1333 837
15.15 834
15.1667 832
15.1833 829
15.2 827
15.2167 824
15.2333 822
15.25 819
15.2667 817
15.2833 814
15.3 811
15.3167 809
15.3333 806
15.35 804
15.3667 801
15.3833 798
15.4 796
15.4167 793
15.4333 790
15.45 787
15.4667 785
15.4833 782
15.5 779
15.5167 776
15.5333 774
15.55 771
15.5667 768
15.5833 765
15.6 762
15.6167 760
15.6333 757
15.65 754
15.6667 751
15.6833 748
15.7 745
15.7167 742
15.7333 739
15.75 736
15.7667 733
15.7833 730
15.8 727
15.8167 724
15.8333 721
15.85 718
15.8667 715
15.8833 712
15.9 709
15.9167 706
15.9333 703
15.95 700
15.9667 697
15.9833 694
16.0 691
16.0167 688
16.0333 684
16.05 681
16.0667 678
16.0833 675
16.1 672
16.1167 669
16.1333 665
16.15 662
16.1667 659
16.1833 656
16.2 652
16.2167 649
16.2333 646
16.25 643
16.2667 639
16.2833 636
16.3 633
16.3167 629
16.3333 626
16.35 623
16.3667 619
16.3833 616
16.4 613
16.4167 609
16.4333 606
16.45 602
16.4667 599
16.4833 596
16.5 592
16.5167 589
16.5333 585
16.55 582
16.5667 578
16.5833 575
16.6 571
16.6167 568
16.6333 565
16.65 561
16.6667 558
16.6833 554
16.7 550
16.7167 547
16.7333 543
16.75 540
16.7667 536
16.7833 533
16.8 529
16.8167 526
16.8333 522
16.85 518
16.8667 515
16.8833 511
16.9 508
16.9167 504
16.9333 500
16.95 497
16.9667 493
16.9833 490
