8.0 328
8.0167 332
8.0333 336
8.05 339
8.0667 343
8.0833 347
8.1 350
8.1167 354
8.1333 358
8.15 361
8.1667 365
8.1833 369
8.2 372
8.2167 376
8.2333 380
8.25 383
8.2667 387
8.2833 391
8.3 394
8.3167 398
8.3333 402
8.35 405
8.3667 409
8.3833 413
8.4 416
8.4167 420
8.4333 424
8.45 427
8.4667 431
8.4833 434
8.5 438
8.5167 442
8.5333 445
8.55 449
8.5667 453
8.5833 456
8.6 460
8.6167 463
8.6333 467
8.65 470
8.6667 474
8.6833 478
8.7 481
8.7167 485
8.7333 488
8.75 492
8.7667 495
8.7833 499
8.8 502
8.8167 506
8.8333 509
8.85 513
8.8667 516
8.8833 520
8.9 523
8.9167 527
8.9333 530
8.95 534
8.9667 537
8.9833 541
9.0 544
9.0167 547
9.0333 551
9.05 554
9.0667 558
9.0833 561
9.1 564
9.1167 568
9.1333 571
9.15 575
9.1667 578
9.1833 581
9.2 585
9.2167 588
9.2333 591
9.25 595
9.2667 598
9.2833 601
9.3 605
9.3167 608
9.3333 611
9.35 614
9.3667 618
9.3833 621
9.4 624
9.4167 627
9.4333 631
9.45 634
9.4667 637
9.4833 640
9.5 643
9.5167 646
9.5333 650
9.55 653
9.5667 656
9.5833 659
9.6 662
9.6167 665
9.6333 668
9.65 671
9.6667 674
9.6833 677
9.7 681
9.7167 684
9.7333 687
9.75 690
9.7667 693
9.7833 696
9.8 699
9.8167 701
9.8333 704
9.85 707
9.8667 710
9.8833 713
9.9 716
9.9167 719
9.9333 722
9.95 725
9.9667 728
9.9833 730
10.0 733
10.0167 736
10.0333 739
10.05 742
10.0667 744
10.0833 747
10.1 750
10.1167 753
10.1333 755
10.15 758
10.1667 761
10.1833 763
10.2 766
10.2167 769
10.2333 771
10.25 774
10.2667 776
10.2833 779
10.3 782
10.3167 784
10.3333 787
10.35 789
10.3667 792
10.3833 794
10.4 797
10.4167 799
10.4333 802
10.45 804
10.4667 807
10.4833 809
10.5 811
10.5167 814
10.5333 816
10.55 819
10.5667 821
10.5833 823
10.6 826
10.6167 828
10.6333 830
10.65 832
10.6667 835
10.6833 837
10.7 839
10.7167 841
10.7333 843
10.75 846
10.7667 848
10.7833 850
10.8 852
10.8167 854
10.8333 856
10.85 858
10.8667 860
10.8833 862
10.9 865
10.9167 867
10.9333 869
10.95 871
10.9667 872
10.9833 874
11.0 876
11.0167 878
11.0333 880
11.05 882
11.0667 884
11.0833 886
11.1 888
11.1167 889
11.1333 891
11.15 893
11.1667 895
11.1833 897
11.2 898
11.2167 900
11.2333 902
11.25 903
11.2667 905
11.2833 907
11.3 908
11.3167 910
11.3333 912
11.35 913
11.3667 915
11.3833 916
11.4 918
11.4167 919
11.4333 921
11.45 922
11.4667 924
11.4833 925
11.5 927
11.5167 928
11.5333 930
11.55 931
11.5667 932
11.5833 934
11.6 935
11.6167 936
11.6333 938
11.65 939
11.6667 940
11.6833 941
11.7 943
11.7167 944
11.7333 945
11.75 946
11.7667 947
11.7833 948
11.8 949
11.8167 951
11.8333 952
11.85 953
11.8667 954
11.8833 955
11.9 956
11.9167 957
11.9333 958
11.95 959
11.9667 960
11.9833 960
12.0 961
12.0167 962
12.0333 963
12.05 964
12.0667 965
12.0833 966
12.1 966
12.1167 967
12.1333 968
12.15 969
12.1667 969
12.1833 970
12.2 971
12.2167 971
12.2333 972
12.25 973
12.2667 973
12.2833 974
12.3 974
12.3167 975
12.3333 975
12.35 976
12.3667 976
12.3833 977
12.4 977
12.4167 978
12.4333 978
12.45 979
12.4667 979
12.4833 979
12.5 980
12.5167 980
12.5333 980
12.55 981
12.5667 981
12.5833 981
12.6 981
12.6167 982
12.6333 982
12.65 982
12.6667 982
12.6833 982
12.7 982
12.7167 982
12.7333 982
12.75 983
12.7667 983
12.7833 983
12.8 983
12.8167 983
12.8333 983
12.85 982
12.8667 982
12.8833 982
12.9 982
12.9167 982
12.9333 982
12.95 982
12.9667 982
12.9833 981
13.0 981
13.0167 981
13.0333 981
13.05 980
13.0667 980
13.0833 980
13.1 979
13.1167 979
13.1333 979
13.15 978
13.1667 978
13.1833 977
13.2 977
13.2167 977
13.2333 976
13.25 976
13.2667 975
13.2833 974
13.3 974
13.3167 973
13.3333 973
13.35 972
13.3667 971
13.3833 971
13.4 970
13.4167 969
13.4333 969
13.45 968
13.4667 967
13.4833 967
13.5 966
13.5167 965
13.5333 964
13.55 963
13.5667 962
13.5833 962
13.6 961
13.6167 960
13.6333 959
13.65 958
13.6667 957
13.6833 956
13.7 955
13.7167 954
13.7333 953
13.75 952
13.7667 951
13.7833 950
13.8 949
13.8167 947
13.8333 946
13.85 945
13.8667 944
13.8833 943
13.9 942
13.9167 940
13.9333 939
13.95 938
13.9667 936
13.9833 935
14.0 934
14.0167 933
14.0333 931
14.05 930
14.0667 928
14.0833 927
14.1 926
14.1167 924
14.1333 923
14.15 921
14.1667 920
14.1833 918
14.2 917
14.2167 915
14.2333 914
14.25 912
14.2667 910
14.2833 909
14.3 907
14.3167 905
14.3333 904
14.35 902
14.3667 900
14.3833 899
14.4 897
14.4167 895
14.4333 893
14.45 892
14.4667 890
14.4833 888
14.5 886
14.5167 884
14.5333 882
14.55 881
14.5667 879
14.5833 877
14.6 875
14.6167 873
14.6333 871
14.65 869
14.6667 867
14.6833 865
14.7 863
14.7167 861
14.7333 859
14.75 857
14.7667 855
14.7833 852
14.8 850
14.8167 848
14.8333 846
14.85 844
14.8667 842
14.8833 840
14.9 837
14.9167 835
14.9333 833
14.95 831
14.9667 828
14.9833 826
15.0 824
15.0167 821
15.0333 819
15.05 817
15.0667 814
15.0833 812
15.1 809
15.1167 807
15.1333 805
15.15 802
15.1667 800
15.1833 797
15.2 795
15.2167 792
15.2333 790
15.25 787
15.2667 785
15.2833 782
15.3 779
15.3167 777
15.3333 774
15.35 772
15.3667 769
15.3833 766
15.4 764
15.4167 761
15.4333 758
15.45 756
15.4667 753
15.4833 750
15.5 748
15.5167 745
15.5333 742
15.55 739
15.5667 736
15.5833 734
15.6 731
15.6167 728
15.6333 725
15.65 722
15.6667 719
15.6833 717
15.7 714
15.7167 711
15.7333 708
15.75 705
15.7667 702
15.7833 699
15.8 696
15.8167 693
15.8333 690
15.85 687
15.8667 684
15.8833 681
15.9 678
15.9167 675
15.9333 672
15.95 669
15.9667 666
15.9833 663
16.0 660
16.0167 656
16.0333 653
16.05 650
16.0667 647
16.0833 644
16.1 641
16.1167 637
16.1333 634
16.15 631
16.1667 628
16.1833 625
16.2 621
16.2167 618
16.2333 615
16.25 612
16.2667 608
16.2833 605
16.3 602
16.3167 599
16.3333 595
16.35 592
16.3667 589
16.3833 585
16.4 582
16.4167 579
16.4333 575
16.45 572
16.4667 568
16.4833 565
16.5 562
16.5167 558
16.5333 555
16.55 551
16.5667 548
16.5833 545
16.6 541
16.6167 538
16.6333 534
16.65 531
16.6667 527
16.6833 524
16.7 520
16.7167 517
16.7333 513
16.75 510
16.7667 506
16.7833 503
16.8 499
16.8167 496
16.8333 492
16.85 489
16.8667 485
16.8833 481
16.9 478
16.9167 474
16.9333 471
16.95 467
16.9667 464
16.9833 460
