8.0 311
8.0167 315
8.0333 318
8.05 322
8.0667 326
8.0833 329
8.1 333
8.1167 337
8.1333 341
8.15 344
8.1667 348
8.1833 352
8.2 355
8.2167 359
8.2333 363
8.25 366
8.2667 370
8.2833 374
8.3 377
8.3167 381
8.3333 385
8.35 388
8.3667 392
8.3833 396
8.4 399
8.4167 403
8.4333 407
8.45 410
8.4667 414
8.4833 418
8.5 421
8.5167 425
8.5333 429
8.55 432
8.5667 436
8.5833 440
8.6 443
8.6167 447
8.6333 451
8.65 454
8.6667 458
8.6833 461
8.7 465
8.7167 469
8.7333 472
8.75 476
8.7667 479
8.7833 483
8.8 487
8.8167 490
8.8333 494
8.85 497
8.8667 501
8.8833 504
8.9 508
8.9167 511
8.9333 515
8.95 518
8.9667 522
8.9833 525
9.0 529
9.0167 532
9.0333 536
9.05 539
9.0667 543
9.0833 546
9.1 549
9.1167 553
9.1333 556
9.15 560
9.1667 563
9.1833 567
9.2 570
9.2167 573
9.2333 577
9.25 580
9.2667 583
9.2833 587
9.3 590
9.3167 593
9.3333 597
9.35 600
9.3667 603
9.3833 607
9.4 610
9.4167 613
9.4333 616
9.45 620
9.4667 623
9.4833 626
9.5 629
9.5167 633
9.5333 636
9.55 639
9.5667 642
9.5833 645
9.6 648
9.6167 652
9.6333 655
9.65 658
9.6667 661
9.6833 664
9.7 667
9.7167 670
9.7333 673
9.75 676
9.7667 679
9.7833 682
9.8 685
9.8167 688
9.8333 691
9.85 694
9.8667 697
9.8833 700
9.9 703
9.9167 706
9.9333 709
9.95 712
9.9667 715
9.9833 718
10.0 721
10.0167 723
10.0333 726
10.05 729
10.0667 732
10.0833 735
10.1 738
10.1167 740
10.1333 743
10.15 746
10.1667 749
10.1833 751
10.2 754
10.2167 757
10.2333 759
10.25 762
10.2667 765
10.2833 767
10.3 770
10.3167 772
10.3333 775
10.35 778
10.3667 780
10.3833 783
10.4 785
10.4167 788
10.4333 790
10.45 793
10.4667 795
10.4833 798
10.5 800
10.5167 803
10.5333 805
10.55 807
10.5667 810
10.5833 812
10.6 815
10.6167 817
10.6333 819
10.65 821
10.6667 824
10.6833 826
10.7 828
10.7167 831
10.7333 833
10.75 835
10.7667 837
10.7833 839
10.8 842
10.8167 844
10.8333 846
10.85 848
10.8667 850
10.8833 852
10.9 854
10.9167 856
10.9333 858
10.95 860
10.9667 862
10.9833 864
11.0 866
11.0167 868
11.0333 870
11.05 872
11.0667 874
11.0833 876
11.1 878
11.1167 880
11.1333 881
11.15 883
11.1667 885
11.1833 887
11.2 889
11.2167 890
11.2333 892
11.25 894
11.2667 896
11.2833 897
11.3 899
11.3167 901
11.3333 902
11.35 904
11.3667 905
11.3833 907
11.4 909
11.4167 910
11.4333 912
11.45 913
11.4667 915
11.4833 916
11.5 918
11.5167 919
11.5333 920
11.55 922
11.5667 923
11.5833 925
11.6 926
11.6167 927
11.6333 929
11.65 930
11.6667 931
11.6833 932
11.7 934
11.7167 935
11.7333 936
11.75 937
11.7667 938
11.7833 940
11.8 941
11.8167 942
11.8333 943
11.85 944
11.8667 945
11.8833 946
11.9 947
11.9167 948
11.9333 949
11.95 950
11.9667 951
11.9833 952
12.0 953
12.0167 954
12.0333 955
12.05 955
12.0667 956
12.0833 957
12.1 958
12.1167 959
12.1333 959
12.15 960
12.1667 961
12.1833 962
12.2 962
12.2167 963
12.2333 964
12.25 964
12.2667 965
12.2833 966
12.3 966
12.3167 967
12.3333 967
12.35 968
12.3667 968
12.3833 969
12.4 969
12.4167 970
12.4333 970
12.45 970
12.4667 971
12.4833 971
12.5 972
12.5167 972
12.5333 972
12.55 972
12.5667 973
12.5833 973
12.6 973
12.6167 973
12.6333 974
12.65 974
12.6667 974
12.6833 974
12.7 974
12.7167 974
12.7333 974
12.75 974
12.7667 975
12.7833 975
12.8 975
12.8167 975
12.8333 975
12.85 974
12.8667 974
12.8833 974
12.9 974
12.9167 974
12.9333 974
12.95 974
12.9667 974
12.9833 973
13.0 973
13.0167 973
13.0333 973
13.05 972
13.0667 972
13.0833 972
13.1 971
13.1167 971
13.1333 971
13.15 970
13.1667 970
13.1833 969
13.2 969
13.2167 969
13.2333 968
13.25 967
13.2667 967
13.2833 966
13.3 966
13.3167 965
13.3333 965
13.35 964
13.3667 963
13.3833 963
13.4 962
13.4167 961
13.4333 961
13.45 960
13.4667 959
13.4833 958
13.5 958
13.5167 957
13.5333 956
13.55 955
13.5667 954
13.5833 953
13.6 952
13.6167 952
13.6333 951
13.65 950
13.6667 949
13.6833 948
13.7 947
13.7167 946
13.7333 945
13.75 944
13.7667 942
13.7833 941
13.8 940
13.8167 939
13.8333 938
13.85 937
13.8667 936
13.8833 934
13.9 933
13.9167 932
13.9333 931
13.95 929
13.9667 928
13.9833 927
14.0 925
14.0167 924
14.0333 923
14.05 921
14.0667 920
14.0833 918
14.1 917
14.1167 915
14.1333 914
14.15 912
14.1667 911
14.1833 909
14.2 908
14.2167 906
14.2333 905
14.25 903
14.2667 901
14.2833 900
14.3 898
14.3167 897
14.3333 895
14.35 893
14.3667 891
14.3833 890
14.4 888
14.4167 886
14.4333 884
14.45 883
14.4667 881
14.4833 879
14.5 877
14.5167 875
14.5333 873
14.55 871
14.5667 869
14.5833 867
14.6 865
14.6167 863
14.6333 861
14.65 859
14.6667 857
14.6833 855
14.7 853
14.7167 851
14.7333 849
14.75 847
14.7667 845
14.7833 843
14.8 841
14.8167 838
14.8333 836
14.85 834
14.8667 832
14.8833 830
14.9 827
14.9167 825
14.9333 823
14.95 821
14.9667 818
14.9833 816
15.0 813
15.0167 811
15.0333 809
15.05 806
15.0667 804
15.0833 801
15.1 799
15.1167 796
15.1333 794
15.15 792
15.1667 789
15.1833 787
15.2 784
15.2167 781
15.2333 779
15.25 776
15.2667 774
15.2833 771
15.3 769
15.3167 766
15.3333 763
15.35 761
15.3667 758
15.3833 755
15.4 753
15.4167 750
15.4333 747
15.45 744
15.4667 742
15.4833 739
15.5 736
15.5167 733
15.5333 731
15.55 728
15.5667 725
15.5833 722
15.6 719
15.6167 716
15.6333 713
15.65 711
15.6667 708
15.6833 705
15.7 702
15.7167 699
15.7333 696
15.75 693
15.7667 690
15.7833 687
15.8 684
15.8167 681
15.8333 678
15.85 675
15.8667 672
15.8833 669
15.9 666
15.9167 663
15.9333 659
15.95 656
15.9667 653
15.9833 650
16.0 647
16.0167 644
16.0333 641
16.05 637
16.0667 634
16.0833 631
16.1 628
16.1167 625
16.1333 621
16.15 618
16.1667 615
16.1833 612
16.2 608
16.2167 605
16.2333 602
16.25 598
16.2667 595
16.2833 592
16.3 588
16.3167 585
16.3333 582
16.35 578
16.3667 575
16.3833 572
16.4 568
16.4167 565
16.4333 561
16.45 558
16.4667 555
16.4833 551
16.5 548
16.5167 544
16.5333 541
16.55 537
16.5667 534
16.5833 530
16.6 527
16.6167 523
16.6333 520
16.65 516
16.6667 513
16.6833 509
16.7 506
16.7167 502
16.7333 499
16.75 495
16.7667 492
16.7833 488
16.8 485
16.8167 481
16.8333 477
16.85 474
16.8667 470
16.8833 467
16.9 463
16.9167 459
16.9333 456
16.95 452
16.9667 448
16.9833 445
