8.0 271
8.0167 275
8.0333 278
8.05 282
8.0667 285
8.0833 289
8.1 293
8.1167 296
8.1333 300
8.15 304
8.1667 307
8.1833 311
8.2 314
8.2167 318
8.2333 322
8.25 325
8.2667 329
8.2833 333
8.3 336
8.3167 340
8.3333 343
8.35 347
8.3667 351
8.3833 354
8.4 358
8.4167 362
8.4333 365
8.45 369
8.4667 372
8.4833 376
8.5 380
8.5167 383
8.5333 387
8.55 391
8.5667 394
8.5833 398
8.6 401
8.6167 405
8.6333 409
8.65 412
8.6667 416
8.6833 419
8.7 423
8.7167 427
8.7333 430
8.75 434
8.7667 437
8.7833 441
8.8 444
8.8167 448
8.8333 451
8.85 455
8.8667 459
8.8833 462
8.9 466
8.9167 469
8.9333 473
8.95 476
8.9667 480
8.9833 483
9.0 487
9.0167 490
9.0333 493
9.05 497
9.0667 500
9.0833 504
9.1 507
9.1167 511
9.1333 514
9.15 517
9.1667 521
9.1833 524
9.2 528
9.2167 531
9.2333 534
9.25 538
9.2667 541
9.2833 544
9.3 548
9.3167 551
9.3333 554
9.35 558
9.3667 561
9.3833 564
9.4 568
9.4167 571
9.4333 574
9.45 577
9.4667 581
9.4833 584
9.5 587
9.5167 590
9.5333 594
9.55 597
9.5667 600
9.5833 603
9.6 606
9.6167 609
9.6333 613
9.65 616
9.6667 619
9.6833 622
9.7 625
9.7167 628
9.7333 631
9.75 634
9.7667 637
9.7833 640
9.8 643
9.8167 646
9.8333 649
9.85 652
9.8667 655
9.8833 658
9.9 661
9.9167 664
9.9333 667
9.95 670
9.9667 673
9.9833 676
10.0 679
10.0167 682
10.0333 684
10.05 687
10.0667 690
10.0833 693
10.1 696
10.1167 698
10.1333 701
10.15 704
10.1667 707
10.1833 709
10.2 712
10.2167 715
10.2333 718
10.25 720
10.2667 723
10.2833 725
10.3 728
10.3167 731
10.3333 733
10.35 736
10.3667 738
10.3833 741
10.4 744
10.4167 746
10.4333 749
10.45 751
10.4667 754
10.4833 756
10.5 758
10.5167 761
10.5333 763
10.55 766
10.5667 768
10.5833 770
10.6 773
10.6167 775
10.6333 778
10.65 780
10.6667 782
10.6833 784
10.7 787
10.7167 789
10.7333 791
10.75 793
10.7667 796
10.7833 798
10.8 800
10.8167 802
10.8333 804
10.85 806
10.8667 808
10.8833 811
10.9 813
10.9167 815
10.9333 817
10.95 819
10.9667 821
10.9833 823
11.0 825
11.0167 827
11.0333 829
11.05 830
11.0667 832
11.0833 834
11.1 836
11.1167 838
11.1333 840
11.15 842
11.1667 843
11.1833 845
11.2 847
11.2167 849
11.2333 850
11.25 852
11.2667 854
11.2833 855
11.3 857
11.3167 859
11.3333 860
11.35 862
11.3667 864
11.3833 865
11.4 867
11.4167 868
11.4333 870
11.45 871
11.4667 873
11.4833 874
11.5 876
11.5167 877
11.5333 878
11.55 880
11.5667 881
11.5833 883
11.6 884
11.6167 885
11.6333 886
11.65 888
11.6667 889
11.6833 890
11.7 892
11.7167 893
11.7333 894
11.75 895
11.7667 896
11.7833 897
11.8 898
11.8167 900
11.8333 901
11.85 902
11.8667 903
11.8833 904
11.9 905
11.9167 906
11.9333 907
11.95 908
11.9667 909
11.9833 909
12.0 910
12.0167 911
12.0333 912
12.05 913
12.0667 914
12.0833 914
12.1 915
12.1167 916
12.1333 917
12.15 917
12.1667 918
12.1833 919
12.2 919
12.2167 920
12.2333 921
12.25 921
12.2667 922
12.2833 922
12.3 923
12.3167 924
12.3333 924
12.35 925
12.3667 925
12.3833 925
12.4 926
12.4167 926
12.4333 927
12.45 927
12.4667 927
12.4833 928
12.5 928
12.5167 928
12.5333 929
12.55 929
12.5667 929
12.5833 929
12.6 929
12.6167 930
12.6333 930
12.65 930
12.6667 930
12.6833 930
12.7 930
12.7167 930
12.7333 930
12.75 930
12.7667 930
12.7833 930
12.8 930
12.8167 930
12.8333 930
12.85 930
12.8667 930
12.8833 930
12.9 930
12.9167 929
12.9333 929
12.95 929
12.9667 929
12.9833 929
13.0 928
13.0167 928
13.0333 928
13.05 927
13.0667 927
13.0833 927
13.1 926
13.1167 926
13.1333 925
13.15 925
13.1667 924
13.1833 924
13.2 923
13.2167 923
13.2333 922
13.25 922
13.2667 921
13.2833 921
13.3 920
13.3167 919
13.3333 919
13.35 918
13.3667 917
13.3833 917
13.4 916
13.4167 915
13.4333 914
13.45 914
13.4667 913
13.4833 912
13.5 911
13.5167 910
13.5333 909
13.55 908
13.5667 907
13.5833 907
13.6 906
13.6167 905
13.6333 904
13.65 903
13.6667 902
13.6833 900
13.7 899
13.7167 898
13.7333 897
13.75 896
13.7667 895
13.7833 894
13.8 893
13.8167 891
13.8333 890
13.85 889
13.8667 888
13.8833 886
13.9 885
13.9167 884
13.9333 882
13.95 881
13.9667 880
13.9833 878
14.0 877
14.0167 875
14.0333 874
14.05 872
14.0667 871
14.0833 870
14.1 868
14.1167 866
14.1333 865
14.15 863
14.1667 862
14.1833 860
14.2 859
14.2167 857
14.2333 855
14.25 854
14.2667 852
14.2833 850
14.3 848
14.3167 847
14.3333 845
14.35 843
14.3667 841
14.3833 839
14.4 838
14.4167 836
14.4333 834
14.45 832
14.4667 830
14.4833 828
14.5 826
14.5167 824
14.5333 822
14.55 820
14.5667 818
14.5833 816
14.6 814
14.6167 812
14.6333 810
14.65 808
14.6667 806
14.6833 804
14.7 802
14.7167 800
14.7333 797
14.75 795
14.7667 793
14.7833 791
14.8 789
14.8167 786
14.8333 784
14.85 782
14.8667 779
14.8833 777
14.9 775
14.9167 772
14.9333 770
14.95 768
14.9667 765
14.9833 763
15.0 760
15.0167 758
15.0333 755
15.05 753
15.0667 750
15.0833 748
15.1 745
15.1167 743
15.1333 740
15.15 738
15.1667 735
15.1833 732
15.2 730
15.2167 727
15.2333 725
15.25 722
15.2667 719
15.2833 717
15.3 714
15.3167 711
15.3333 709
15.35 706
15.3667 703
15.3833 700
15.4 698
15.4167 695
15.4333 692
15.45 689
15.4667 686
15.4833 683
15.5 681
15.5167 678
15.5333 675
15.55 672
15.5667 669
15.5833 666
15.6 663
15.6167 660
15.6333 657
15.65 654
15.6667 651
15.6833 648
15.7 645
15.7167 642
15.7333 639
15.75 636
15.7667 633
15.7833 630
15.8 627
15.8167 624
15.8333 621
15.85 618
15.8667 615
15.8833 612
15.9 608
15.9167 605
15.9333 602
15.95 599
15.9667 596
15.9833 593
16.0 589
16.0167 586
16.0333 583
16.05 580
16.0667 576
16.0833 573
16.1 570
16.1167 567
16.1333 563
16.15 560
16.1667 557
16.1833 553
16.2 550
16.2167 547
16.2333 543
16.25 540
16.2667 537
16.2833 533
16.3 530
16.3167 526
16.3333 523
16.35 520
16.3667 516
16.3833 513
16.4 509
16.4167 506
16.4333 503
16.45 499
16.4667 496
16.4833 492
16.5 489
16.5167 485
16.5333 482
16.55 478
16.5667 475
16.5833 471
16.6 468
16.6167 464
16.6333 461
16.65 457
16.6667 454
16.6833 450
16.7 446
16.7167 443
16.7333 439
16.75 436
16.7667 432
16.7833 429
16.8 425
16.8167 421
16.8333 418
16.85 414
16.8667 411
16.8833 407
16.9 404
16.9167 400
16.9333 396
16.95 393
16.9667 389
16.9833 385
