8.0 238
8.0167 241
8.0333 244
8.05 247
8.0667 251
8.0833 254
8.1 257
8.1167 260
8.1333 263
8.15 267
8.1667 270
8.1833 273
8.2 276
8.2167 279
8.2333 283
8.25 286
8.2667 289
8.2833 292
8.3 296
8.3167 299
8.3333 302
8.35 305
8.3667 309
8.3833 312
8.4 315
8.4167 318
8.4333 322
8.45 325
8.4667 328
8.4833 331
8.5 335
8.5167 338
8.5333 341
8.55 345
8.5667 348
8.5833 351
8.6 354
8.6167 358
8.6333 361
8.65 364
8.6667 367
8.6833 371
8.7 374
8.7167 377
8.7333 380
8.75 384
8.7667 387
8.7833 390
8.8 393
8.8167 397
8.8333 400
8.85 403
8.8667 406
8.8833 410
8.9 413
8.9167 416
8.9333 419
8.95 423
8.9667 426
8.9833 429
9.0 432
9.0167 435
9.0333 438
9.05 442
9.0667 445
9.0833 448
9.1 451
9.1167 454
9.1333 457
9.15 461
9.1667 464
9.1833 467
9.2 470
9.2167 473
9.2333 476
9.25 479
9.2667 483
9.2833 486
9.3 489
9.3167 492
9.3333 495
9.35 498
9.3667 501
9.3833 504
9.4 507
9.4167 510
9.4333 513
9.45 516
9.4667 519
9.4833 522
9.5 525
9.5167 528
9.5333 531
9.55 534
9.5667 537
9.5833 540
9.6 543
9.6167 546
9.6333 549
9.65 552
9.6667 555
9.6833 558
9.7 561
9.7167 564
9.7333 567
9.75 569
9.7667 572
9.7833 575
9.8 578
9.8167 581
9.8333 584
9.85 586
9.8667 589
9.8833 592
9.9 595
9.9167 598
9.9333 600
9.95 603
9.9667 606
9.9833 608
10.0 611
10.0167 614
10.0333 617
10.05 619
10.0667 622
10.0833 625
10.1 627
10.1167 630
10.1333 632
10.15 635
10.1667 638
10.1833 640
10.2 643
10.2167 645
10.2333 648
10.25 650
10.2667 653
10.2833 655
10.3 658
10.3167 660
10.3333 663
10.35 665
10.3667 668
10.3833 670
10.4 673
10.4167 675
10.4333 677
10.45 680
10.4667 682
10.4833 684
10.5 687
10.5167 689
10.5333 691
10.55 694
10.5667 696
10.5833 698
10.6 700
10.6167 703
10.6333 705
10.65 707
10.6667 709
10.6833 711
10.7 714
10.7167 716
10.7333 718
10.75 720
10.7667 722
10.7833 724
10.8 726
10.8167 728
10.8333 730
10.85 732
10.8667 734
10.8833 736
10.9 738
10.9167 740
10.9333 742
10.95 744
10.9667 746
10.9833 748
11.0 750
11.0167 752
11.0333 754
11.05 755
11.0667 757
11.0833 759
11.1 761
11.1167 763
11.1333 764
11.15 766
11.1667 768
11.1833 769
11.2 771
11.2167 773
11.2333 775
11.25 776
11.2667 778
11.2833 779
11.3 781
11.3167 783
11.3333 784
11.35 786
11.3667 787
11.3833 789
11.4 790
11.4167 792
11.4333 793
11.45 795
11.4667 796
11.4833 797
11.5 799
11.5167 800
11.5333 802
11.55 803
11.5667 804
11.5833 806
11.6 807
11.6167 808
11.6333 809
11.65 811
11.6667 812
11.6833 813
11.7 814
11.7167 815
11.7333 817
11.75 818
11.7667 819
11.7833 820
11.8 821
11.8167 822
11.8333 823
11.85 824
11.8667 825
11.8833 826
11.9 827
11.9167 828
11.9333 829
11.95 830
11.9667 831
11.9833 832
12.0 833
12.0167 834
12.0333 834
12.05 835
12.0667 836
12.0833 837
12.1 838
12.1167 838
12.1333 839
12.15 840
12.1667 840
12.1833 841
12.2 842
12.2167 842
12.2333 843
12.25 844
12.2667 844
12.2833 845
12.3 845
12.3167 846
12.3333 846
12.35 847
12.3667 847
12.3833 848
12.4 848
12.4167 849
12.4333 849
12.45 849
12.4667 850
12.4833 850
12.5 850
12.5167 851
12.5333 851
12.55 851
12.5667 852
12.5833 852
12.6 852
12.6167 852
12.6333 852
12.65 853
12.6667 853
12.6833 853
12.7 853
12.7167 853
12.7333 853
12.75 853
12.7667 853
12.7833 853
12.8 853
12.8167 853
12.8333 853
12.85 853
12.8667 853
12.8833 853
12.9 853
12.9167 853
12.9333 853
12.95 852
12.9667 852
12.9833 852
13.0 852
13.0167 852
13.0333 851
13.05 851
13.0667 851
13.0833 850
13.1 850
13.1167 850
13.1333 849
13.15 849
13.1667 849
13.1833 848
13.2 848
13.2167 847
13.2333 847
13.25 846
13.2667 846
13.2833 845
13.3 845
13.3167 844
13.3333 843
13.35 843
13.3667 842
13.3833 842
13.4 841
13.4167 840
13.4333 840
13.45 839
13.4667 838
13.4833 837
13.5 837
13.5167 836
13.5333 835
13.55 834
13.5667 833
13.5833 832
13.6 832
13.6167 831
13.6333 830
13.65 829
13.6667 828
13.6833 827
13.7 826
13.7167 825
13.7333 824
13.75 823
13.7667 822
13.7833 821
13.8 820
13.8167 819
13.8333 817
13.85 816
13.8667 815
13.8833 814
13.9 813
13.9167 812
13.9333 810
13.95 809
13.9667 808
13.9833 807
14.0 805
14.0167 804
14.0333 803
14.05 801
14.0667 800
14.0833 798
14.1 797
14.1167 796
14.1333 794
14.15 793
14.1667 791
14.1833 790
14.2 788
14.2167 787
14.2333 785
14.25 784
14.2667 782
14.2833 781
14.3 779
14.3167 777
14.3333 776
14.35 774
14.3667 772
14.3833 771
14.4 769
14.4167 767
14.4333 766
14.45 764
14.4667 762
14.4833 760
14.5 758
14.5167 757
14.5333 755
14.55 753
14.5667 751
14.5833 749
14.6 747
14.6167 745
14.6333 744
14.65 742
14.6667 740
14.6833 738
14.7 736
14.7167 734
14.7333 732
14.75 730
14.7667 728
14.7833 726
14.8 724
14.8167 721
14.8333 719
14.85 717
14.8667 715
14.8833 713
14.9 711
14.9167 709
14.9333 706
14.95 704
14.9667 702
14.9833 700
15.0 697
15.0167 695
15.0333 693
15.05 690
15.0667 688
15.0833 686
15.1 683
15.1167 681
15.1333 679
15.15 676
15.1667 674
15.1833 672
15.2 669
15.2167 667
15.2333 664
15.25 662
15.2667 659
15.2833 657
15.3 654
15.3167 652
15.3333 649
15.35 647
15.3667 644
15.3833 642
15.4 639
15.4167 637
15.4333 634
15.45 631
15.4667 629
15.4833 626
15.5 623
15.5167 621
15.5333 618
15.55 615
15.5667 613
15.5833 610
15.6 607
15.6167 605
15.6333 602
15.65 599
15.6667 596
15.6833 594
15.7 591
15.7167 588
15.7333 585
15.75 582
15.7667 580
15.7833 577
15.8 574
15.8167 571
15.8333 568
15.85 565
15.8667 562
15.8833 560
15.9 557
15.9167 554
15.9333 551
15.95 548
15.9667 545
15.9833 542
16.0 539
16.0167 536
16.0333 533
16.05 530
16.0667 527
16.0833 524
16.1 521
16.1167 518
16.1333 515
16.15 512
16.1667 509
16.1833 506
16.2 503
16.2167 500
16.2333 497
16.25 494
16.2667 491
16.2833 487
16.3 484
16.3167 481
16.3333 478
16.35 475
16.3667 472
16.3833 469
16.4 466
16.4167 462
16.4333 459
16.45 456
16.4667 453
16.4833 450
16.5 447
16.5167 443
16.5333 440
16.55 437
16.5667 434
16.5833 431
16.6 427
16.6167 424
16.6333 421
16.65 418
16.6667 415
16.6833 411
16.7 408
16.7167 405
16.7333 402
16.75 398
16.7667 395
16.7833 392
16.8 389
16.8167 385
16.8333 382
16.85 379
16.8667 376
16.8833 372
16.9 369
16.9167 366
16.9333 363
16.95 359
16.9667 356
16.9833 353
