8.0 329
8.0167 332
8.0333 336
8.05 340
8.0667 344
8.0833 348
8.1 352
8.1167 356
8.1333 359
8.15 363
8.1667 367
8.1833 371
8.2 375
8.2167 379
8.2333 382
8.25 386
8.2667 390
8.2833 394
8.3 398
8.3167 401
8.3333 405
8.35 409
8.3667 413
8.3833 417
8.4 420
8.4167 424
8.4333 428
8.45 432
8.4667 436
8.4833 439
8.5 443
8.5167 447
8.5333 451
8.55 454
8.5667 458
8.5833 462
8.6 466
8.6167 469
8.6333 473
8.65 477
8.6667 481
8.6833 484
8.7 488
8.7167 492
8.7333 495
8.75 499
8.7667 503
8.7833 507
8.8 510
8.8167 514
8.8333 518
8.85 521
8.8667 525
8.8833 528
8.9 532
8.9167 536
8.9333 539
8.95 543
8.9667 547
8.9833 550
9.0 554
9.0167 557
9.0333 561
9.05 564
9.0667 568
9.0833 571
9.1 575
9.1167 578
9.1333 582
9.15 585
9.1667 589
9.1833 592
9.2 596
9.2167 599
9.2333 603
9.25 606
9.2667 610
9.2833 613
9.3 616
9.3167 620
9.3333 623
9.35 627
9.3667 630
9.3833 633
9.4 637
9.4167 640
9.4333 643
9.45 647
9.4667 650
9.4833 653
9.5 657
9.5167 660
9.5333 663
9.55 666
9.5667 670
9.5833 673
9.6 676
9.6167 679
9.6333 682
9.65 686
9.6667 689
9.6833 692
9.7 695
9.7167 698
9.7333 701
9.75 704
9.7667 708
9.7833 711
9.8 714
9.8167 717
9.8333 720
9.85 723
9.8667 726
9.8833 729
9.9 732
9.9167 735
9.9333 738
9.95 741
9.9667 744
9.9833 747
10.0 750
10.0167 752
10.0333 755
10.05 758
10.0667 761
10.0833 764
10.1 767
10.1167 770
10.1333 772
10.15 775
10.1667 778
10.1833 781
10.2 783
10.2167 786
10.2333 789
10.25 792
10.2667 794
10.2833 797
10.3 800
10.3167 802
10.3333 805
10.35 808
10.3667 810
10.3833 813
10.4 815
10.4167 818
10.4333 820
10.45 823
10.4667 826
10.4833 828
10.5 830
10.5167 833
10.5333 835
10.55 838
10.5667 840
10.5833 843
10.6 845
10.6167 847
10.6333 850
10.65 852
10.6667 854
10.6833 857
10.7 859
10.7167 861
10.7333 864
10.75 866
10.7667 868
10.7833 870
10.8 873
10.8167 875
10.8333 877
10.85 879
10.8667 881
10.8833 883
10.9 885
10.9167 887
10.9333 890
10.95 892
10.9667 894
10.9833 896
11.0 898
11.0167 900
11.0333 902
11.05 904
11.0667 905
11.0833 907
11.1 909
11.1167 911
11.1333 913
11.15 915
11.1667 917
11.1833 918
11.2 920
11.2167 922
11.2333 924
11.25 926
11.2667 927
11.2833 929
11.3 931
11.3167 932
11.3333 934
11.35 936
11.3667 937
11.3833 939
11.4 940
11.4167 942
11.4333 944
11.45 945
11.4667 947
11.4833 948
11.5 950
11.5167 951
11.5333 952
11.55 954
11.5667 955
11.5833 957
11.6 958
11.6167 959
11.6333 961
11.65 962
11.6667 963
11.6833 965
11.7 966
11.7167 967
11.7333 968
11.75 969
11.7667 971
11.7833 972
11.8 973
11.8167 974
11.8333 975
11.85 976
11.8667 977
11.8833 978
11.9 979
11.9167 980
11.9333 981
11.95 982
11.9667 983
11.9833 984
12.0 985
12.0167 986
12.0333 987
12.05 988
12.0667 989
12.0833 990
12.1 990
12.1167 991
12.1333 992
12.15 993
12.1667 993
12.1833 994
12.2 995
12.2167 995
12.2333 996
12.25 997
12.2667 997
12.2833 998
12.3 999
12.3167 999
12.3333 1000
12.35 1000
12.3667 1001
12.3833 1001
12.4 1002
12.4167 1002
12.4333 1003
12.45 1003
12.4667 1003
12.4833 1004
12.5 1004
12.5167 1004
12.5333 1005
12.55 1005
12.5667 1005
12.5833 1005
12.6 1006
12.6167 1006
12.6333 1006
12.65 1006
12.6667 1006
12.6833 1007
12.7 1007
12.7167 1007
12.7333 1007
12.75 1007
12.7667 1007
12.7833 1007
12.8 1007
12.8167 1007
12.8333 1007
12.85 1007
12.8667 1007
12.8833 1007
12.9 1007
12.9167 1006
12.9333 1006
12.95 1006
12.9667 1006
12.9833 1006
13.0 1005
13.0167 1005
13.0333 1005
13.05 1005
13.0667 1004
13.0833 1004
13.1 1004
13.1167 1003
13.1333 1003
13.15 1002
13.1667 1002
13.1833 1002
13.2 1001
13.2167 1001
13.2333 1000
13.25 1000
13.2667 999
13.2833 999
13.3 998
13.3167 997
13.3333 997
13.35 996
13.3667 995
13.3833 995
13.4 994
13.4167 993
13.4333 993
13.45 992
13.4667 991
13.4833 990
13.5 989
13.5167 989
13.5333 988
13.55 987
13.5667 986
13.5833 985
13.6 984
13.6167 983
13.6333 982
13.65 981
13.6667 980
13.6833 979
13.7 978
13.7167 977
13.7333 976
13.75 975
13.7667 974
13.7833 973
13.8 972
13.8167 971
13.8333 969
13.85 968
13.8667 967
13.8833 966
13.9 964
13.9167 963
13.9333 962
13.95 961
13.9667 959
13.9833 958
14.0 957
14.0167 955
14.0333 954
14.05 952
14.0667 951
14.0833 949
14.1 948
14.1167 946
14.1333 945
14.15 943
14.1667 942
14.1833 940
14.2 939
14.2167 937
14.2333 935
14.25 934
14.2667 932
14.2833 931
14.3 929
14.3167 927
14.3333 925
14.35 924
14.3667 922
14.3833 920
14.4 918
14.4167 916
14.4333 915
14.45 913
14.4667 911
14.4833 909
14.5 907
14.5167 905
14.5333 903
14.55 901
14.5667 899
14.5833 897
14.6 895
14.6167 893
14.6333 891
14.65 889
14.6667 887
14.6833 885
14.7 883
14.7167 881
14.7333 879
14.75 877
14.7667 875
14.7833 872
14.8 870
14.8167 868
14.8333 866
14.85 863
14.8667 861
14.8833 859
14.9 857
14.9167 854
14.9333 852
14.95 850
14.9667 847
14.9833 845
15.0 842
15.0167 840
15.0333 837
15.05 835
15.0667 832
15.0833 830
15.1 828
15.1167 825
15.1333 823
15.15 820
15.1667 817
15.1833 815
15.2 812
15.2167 810
15.2333 807
15.25 804
15.2667 802
15.2833 799
15.3 796
15.3167 794
15.3333 791
15.35 788
15.3667 786
15.3833 783
15.4 780
15.4167 777
15.4333 775
15.45 772
15.4667 769
15.4833 766
15.5 763
15.5167 761
15.5333 758
15.55 755
15.5667 752
15.5833 749
15.6 746
15.6167 743
15.6333 740
15.65 737
15.6667 734
15.6833 731
15.7 728
15.7167 725
15.7333 722
15.75 719
15.7667 716
15.7833 713
15.8 710
15.8167 707
15.8333 704
15.85 701
15.8667 698
15.8833 694
15.9 691
15.9167 688
15.9333 685
15.95 682
15.9667 679
15.9833 675
16.0 672
16.0167 669
16.0333 666
16.05 662
16.0667 659
16.0833 656
16.1 653
16.1167 649
16.1333 646
16.15 643
16.1667 639
16.1833 636
16.2 633
16.2167 629
16.2333 626
16.25 622
16.2667 619
16.2833 616
16.3 612
16.3167 609
16.3333 605
16.35 602
16.3667 598
16.3833 595
16.4 592
16.4167 588
16.4333 585
16.45 581
16.4667 578
16.4833 574
16.5 570
16.5167 567
16.5333 563
16.55 560
16.5667 556
16.5833 553
16.6 549
16.6167 546
16.6333 542
16.65 538
16.6667 535
16.6833 531
16.7 527
16.7167 524
16.7333 520
16.75 517
16.7667 513
16.7833 509
16.8 506
16.8167 502
16.8333 498
16.85 494
16.8667 491
16.8833 487
16.9 483
16.9167 480
16.9333 476
16.95 472
16.9667 468
16.9833 465
