8.0 319
8.0167 323
8.0333 327
8.05 330
8.0667 334
8.0833 338
8.1 342
8.1167 346
8.1333 350
8.15 353
8.1667 357
8.1833 361
8.2 365
8.2167 369
8.2333 373
8.25 376
8.2667 380
8.2833 384
8.3 388
8.3167 392
8.3333 396
8.35 399
8.3667 403
8.3833 407
8.4 411
8.4167 415
8.4333 418
8.45 422
8.4667 426
8.4833 430
8.5 434
8.5167 437
8.5333 441
8.55 445
8.5667 449
8.5833 452
8.6 456
8.6167 460
8.6333 464
8.65 467
8.6667 471
8.6833 475
8.7 479
8.7167 482
8.7333 486
8.75 490
8.7667 493
8.7833 497
8.8 501
8.8167 504
8.8333 508
8.85 512
8.8667 515
8.8833 519
8.9 523
8.9167 526
8.9333 530
8.95 534
8.9667 537
8.9833 541
9.0 544
9.0167 548
9.0333 551
9.05 555
9.0667 558
9.0833 562
9.1 566
9.1167 569
9.1333 573
9.15 576
9.1667 580
9.1833 583
9.2 587
9.2167 590
9.2333 594
9.25 597
9.2667 600
9.2833 604
9.3 607
9.3167 611
9.3333 614
9.35 618
9.3667 621
9.3833 624
9.4 628
9.4167 631
9.4333 634
9.45 638
9.4667 641
9.4833 644
9.5 648
9.5167 651
9.5333 654
9.55 657
9.5667 661
9.5833 664
9.6 667
9.6167 670
9.6333 674
9.65 677
9.6667 680
9.6833 683
9.7 686
9.7167 690
9.7333 693
9.75 696
9.7667 699
9.7833 702
9.8 705
9.8167 708
9.8333 711
9.85 714
9.8667 717
9.8833 720
9.9 723
9.9167 726
9.9333 729
9.95 732
9.9667 735
9.9833 738
10.0 741
10.0167 744
10.0333 747
10.05 750
10.0667 753
10.0833 755
10.1 758
10.1167 761
10.1333 764
10.15 767
10.1667 770
10.1833 772
10.2 775
10.2167 778
10.2333 781
10.25 783
10.2667 786
10.2833 789
10.3 791
10.3167 794
10.3333 797
10.35 799
10.3667 802
10.3833 805
10.4 807
10.4167 810
10.4333 812
10.45 815
10.4667 817
10.4833 820
10.5 822
10.5167 825
10.5333 827
10.55 830
10.5667 832
10.5833 834
10.6 837
10.6167 839
10.6333 842
10.65 844
10.6667 846
10.6833 849
10.7 851
10.7167 853
10.7333 856
10.75 858
10.7667 860
10.7833 862
10.8 864
10.8167 867
10.8333 869
10.85 871
10.8667 873
10.8833 875
10.9 877
10.9167 879
10.9333 881
10.95 884
10.9667 886
10.9833 888
11.0 890
11.0167 892
11.0333 894
11.05 895
11.0667 897
11.0833 899
11.1 901
11.1167 903
11.1333 905
11.15 907
11.1667 909
11.1833 910
11.2 912
11.2167 914
11.2333 916
11.25 918
11.2667 919
11.2833 921
11.3 923
11.3167 924
11.3333 926
11.35 928
11.3667 929
11.3833 931
11.4 932
11.4167 934
11.4333 936
11.45 937
11.4667 939
11.4833 940
11.5 942
11.5167 943
11.5333 944
11.55 946
11.5667 947
11.5833 949
11.6 950
11.6167 951
11.6333 953
11.65 954
11.6667 955
11.6833 957
11.7 958
11.7167 959
11.7333 960
11.75 961
11.7667 963
11.7833 964
11.8 965
11.8167 966
11.8333 967
11.85 968
11.8667 969
11.8833 970
11.9 971
11.9167 972
11.9333 973
11.95 974
11.9667 975
11.9833 976
12.0 977
12.0167 978
12.0333 979
12.05 980
12.0667 981
12.0833 981
12.1 982
12.1167 983
12.1333 984
12.15 985
12.1667 985
12.1833 986
12.2 987
12.2167 987
12.2333 988
12.25 989
12.2667 989
12.2833 990
12.3 990
12.3167 991
12.3333 992
12.35 992
12.3667 993
12.3833 993
12.4 993
12.4167 994
12.4333 994
12.45 995
12.4667 995
12.4833 995
12.5 996
12.5167 996
12.5333 996
12.55 997
12.5667 997
12.5833 997
12.6 997
12.6167 998
12.6333 998
12.65 998
12.6667 998
12.6833 998
12.7 998
12.7167 998
12.7333 998
12.75 999
12.7667 999
12.7833 999
12.8 999
12.8167 999
12.8333 998
12.85 998
12.8667 998
12.8833 998
12.9 998
12.9167 998
12.9333 998
12.95 998
12.9667 997
12.9833 997
13.0 997
13.0167 997
13.0333 996
13.05 996
13.0667 996
13.0833 995
13.1 995
13.1167 995
13.1333 994
13.15 994
13.1667 993
13.1833 993
13.2 992
13.2167 992
13.2333 991
13.25 991
13.2667 990
13.2833 990
13.3 989
13.3167 988
13.3333 988
13.35 987
13.3667 987
13.3833 986
13.4 985
13.4167 984
13.4333 984
13.45 983
13.4667 982
13.4833 981
13.5 980
13.5167 980
13.5333 979
13.55 978
13.5667 977
13.5833 976
13.6 975
13.6167 974
13.6333 973
13.65 972
13.6667 971
13.6833 970
13.7 969
13.7167 968
13.7333 967
13.75 966
13.7667 965
13.7833 964
13.8 962
13.8167 961
13.8333 960
13.85 959
13.8667 957
13.8833 956
13.9 955
13.9167 954
13.9333 952
13.95 951
13.9667 950
13.9833 948
14.0 947
14.0167 945
14.0333 944
14.05 943
14.0667 941
14.0833 940
14.1 938
14.1167 937
14.1333 935
14.15 934
14.1667 932
14.1833 930
14.2 929
14.2167 927
14.2333 926
14.25 924
14.2667 922
14.2833 921
14.3 919
14.3167 917
14.3333 915
14.35 914
14.3667 912
14.3833 910
14.4 908
14.4167 906
14.4333 904
14.45 903
14.4667 901
14.4833 899
14.5 897
14.5167 895
14.5333 893
14.55 891
14.5667 889
14.5833 887
14.6 885
14.6167 883
14.6333 881
14.65 879
14.6667 877
14.6833 875
14.7 872
14.7167 870
14.7333 868
14.75 866
14.7667 864
14.7833 862
14.8 859
14.8167 857
14.8333 855
14.85 853
14.8667 850
14.8833 848
14.9 846
14.9167 843
14.9333 841
14.95 839
14.9667 836
14.9833 834
15.0 831
15.0167 829
15.0333 826
15.05 824
15.0667 821
15.0833 819
15.1 816
15.1167 814
15.1333 811
15.15 809
15.1667 806
15.1833 803
15.2 801
15.2167 798
15.2333 796
15.25 793
15.2667 790
15.2833 788
15.3 785
15.3167 782
15.3333 779
15.35 777
15.3667 774
15.3833 771
15.4 768
15.4167 766
15.4333 763
15.45 760
15.4667 757
15.4833 754
15.5 751
15.5167 749
15.5333 746
15.55 743
15.5667 740
15.5833 737
15.6 734
15.6167 731
15.6333 728
15.65 725
15.6667 722
15.6833 719
15.7 716
15.7167 713
15.7333 710
15.75 707
15.7667 704
15.7833 701
15.8 698
15.8167 694
15.8333 691
15.85 688
15.8667 685
15.8833 682
15.9 679
15.9167 676
15.9333 672
15.95 669
15.9667 666
15.9833 663
16.0 659
16.0167 656
16.0333 653
16.05 650
16.0667 646
16.0833 643
16.1 640
16.1167 636
16.1333 633
16.15 630
16.1667 626
16.1833 623
16.2 620
16.2167 616
16.2333 613
16.25 609
16.2667 606
16.2833 603
16.3 599
16.3167 596
16.3333 592
16.35 589
16.3667 585
16.3833 582
16.4 578
16.4167 575
16.4333 571
16.45 568
16.4667 564
16.4833 561
16.5 557
16.5167 553
16.5333 550
16.55 546
16.5667 543
16.5833 539
16.6 536
16.6167 532
16.6333 528
16.65 525
16.6667 521
16.6833 517
16.7 514
16.7167 510
16.7333 506
16.75 503
16.7667 499
16.7833 495
16.8 492
16.8167 488
16.8333 484
16.85 481
16.8667 477
16.8833 473
16.9 469
16.9167 466
16.9333 462
16.95 458
16.9667 454
16.9833 451
