8.0 277
8.0167 281
8.0333 285
8.05 288
8.0667 292
8.0833 296
8.1 299
8.1167 303
8.1333 307
8.15 311
8.1667 314
8.1833 318
8.2 322
8.2167 326
8.2333 329
8.25 333
8.2667 337
8.2833 341
8.3 344
8.3167 348
8.3333 352
8.35 356
8.3667 359
8.3833 363
8.4 367
8.4167 371
8.4333 374
8.45 378
8.4667 382
8.4833 385
8.5 389
8.5167 393
8.5333 397
8.55 400
8.5667 404
8.5833 408
8.6 411
8.6167 415
8.6333 419
8.65 423
8.6667 426
8.6833 430
8.7 434
8.7167 437
8.7333 441
8.75 445
8.7667 448
8.7833 452
8.8 456
8.8167 459
8.8333 463
8.85 466
8.8667 470
8.8833 474
8.9 477
8.9167 481
8.9333 485
8.95 488
8.9667 492
8.9833 495
9.0 499
9.0167 502
9.0333 506
9.05 509
9.0667 513
9.0833 516
9.1 520
9.1167 523
9.1333 527
9.15 530
9.1667 534
9.1833 537
9.2 541
9.2167 544
9.2333 548
9.25 551
9.2667 554
9.2833 558
9.3 561
9.3167 565
9.3333 568
9.35 571
9.3667 575
9.3833 578
9.4 582
9.4167 585
9.4333 588
9.45 592
9.4667 595
9.4833 598
9.5 601
9.5167 605
9.5333 608
9.55 611
9.5667 614
9.5833 618
9.6 621
9.6167 624
9.6333 627
9.65 630
9.6667 634
9.6833 637
9.7 640
9.7167 643
9.7333 646
9.75 649
9.7667 652
9.7833 655
9.8 659
9.8167 662
9.8333 665
9.85 668
9.8667 671
9.8833 674
9.9 677
9.9167 680
9.9333 683
9.95 686
9.9667 689
9.9833 691
10.0 694
10.0167 697
10.0333 700
10.05 703
10.0667 706
10.0833 709
10.1 712
10.1167 714
10.1333 717
10.15 720
10.1667 723
10.1833 725
10.2 728
10.2167 731
10.2333 734
10.25 736
10.2667 739
10.2833 742
10.3 744
10.3167 747
10.3333 750
10.35 752
10.3667 755
10.3833 757
10.4 760
10.4167 763
10.4333 765
10.45 768
10.4667 770
10.4833 773
10.5 775
10.5167 778
10.5333 780
10.55 782
10.5667 785
10.5833 787
10.6 790
10.6167 792
10.6333 794
10.65 797
10.6667 799
10.6833 801
10.7 803
10.7167 806
10.7333 808
10.75 810
10.7667 812
10.7833 815
10.8 817
10.8167 819
10.8333 821
10.85 823
10.8667 825
10.8833 827
10.9 830
10.9167 832
10.9333 834
10.95 836
10.9667 838
10.9833 840
11.0 842
11.0167 844
11.0333 846
11.05 847
11.0667 849
11.0833 851
11.1 853
11.1167 855
11.1333 857
11.15 859
11.1667 860
11.1833 862
11.2 864
11.2167 866
11.2333 867
11.25 869
11.2667 871
11.2833 872
11.3 874
11.3167 876
11.3333 877
11.35 879
11.3667 881
11.3833 882
11.4 884
11.4167 885
11.4333 887
11.45 888
11.4667 890
11.4833 891
11.5 893
11.5167 894
11.5333 895
11.55 897
11.5667 898
11.5833 899
11.6 901
11.6167 902
11.6333 903
11.65 905
11.6667 906
11.6833 907
11.7 908
11.7167 910
11.7333 911
11.75 912
11.7667 913
11.7833 914
11.8 915
11.8167 916
11.8333 917
11.85 918
11.8667 919
11.8833 920
11.9 921
11.9167 922
11.9333 923
11.95 924
11.9667 925
11.9833 926
12.0 927
12.0167 928
12.0333 929
12.05 929
12.0667 930
12.0833 931
12.1 932
12.1167 932
12.1333 933
12.15 934
12.1667 934
12.1833 935
12.2 936
12.2167 936
12.2333 937
12.25 938
12.2667 938
12.2833 939
12.3 939
12.3167 940
12.3333 940
12.35 941
12.3667 941
12.3833 941
12.4 942
12.4167 942
12.4333 943
12.45 943
12.4667 943
12.4833 943
12.5 944
12.5167 944
12.5333 944
12.55 944
12.5667 945
12.5833 945
12.6 945
12.6167 945
12.6333 945
12.65 945
12.6667 945
12.6833 945
12.7 945
12.7167 946
12.7333 946
12.75 945
12.7667 945
12.7833 945
12.8 945
12.8167 945
12.8333 945
12.85 945
12.8667 945
12.8833 945
12.9 944
12.9167 944
12.9333 944
12.95 944
12.9667 943
12.9833 943
13.0 943
13.0167 942
13.0333 942
13.05 942
13.0667 941
13.0833 941
13.1 940
13.1167 940
13.1333 940
13.15 939
13.1667 939
13.1833 938
13.2 937
13.2167 937
13.2333 936
13.25 936
13.2667 935
13.2833 934
13.3 934
13.3167 933
13.3333 932
13.35 932
13.3667 931
13.3833 930
13.4 929
13.4167 928
13.4333 928
13.45 927
13.4667 926
13.4833 925
13.5 924
13.5167 923
13.5333 922
13.55 921
13.5667 920
13.5833 919
13.6 918
13.6167 917
13.6333 916
13.65 915
13.6667 914
13.6833 913
13.7 912
13.7167 911
13.7333 909
13.75 908
13.7667 907
13.7833 906
13.8 905
13.8167 903
13.8333 902
13.85 901
13.8667 899
13.8833 898
13.9 897
13.9167 895
13.9333 894
13.95 892
13.9667 891
13.9833 890
14.0 888
14.0167 887
14.0333 885
14.05 884
14.0667 882
14.0833 880
14.1 879
14.1167 877
14.1333 876
14.15 874
14.1667 872
14.1833 871
14.2 869
14.2167 867
14.2333 865
14.25 864
14.2667 862
14.2833 860
14.3 858
14.3167 857
14.3333 855
14.35 853
14.3667 851
14.3833 849
14.4 847
14.4167 845
14.4333 843
14.45 841
14.4667 839
14.4833 837
14.5 835
14.5167 833
14.5333 831
14.55 829
14.5667 827
14.5833 825
14.6 823
14.6167 821
14.6333 819
14.65 817
14.6667 814
14.6833 812
14.7 810
14.7167 808
14.7333 805
14.75 803
14.7667 801
14.7833 799
14.8 796
14.8167 794
14.8333 792
14.85 789
14.8667 787
14.8833 785
14.9 782
14.9167 780
14.9333 777
14.95 775
14.9667 772
14.9833 770
15.0 767
15.0167 764
15.0333 762
15.05 759
15.0667 757
15.0833 754
15.1 751
15.1167 749
15.1333 746
15.15 743
15.1667 741
15.1833 738
15.2 735
15.2167 733
15.2333 730
15.25 727
15.2667 725
15.2833 722
15.3 719
15.3167 716
15.3333 713
15.35 711
15.3667 708
15.3833 705
15.4 702
15.4167 699
15.4333 696
15.45 693
15.4667 690
15.4833 688
15.5 685
15.5167 682
15.5333 679
15.55 676
15.5667 673
15.5833 670
15.6 667
15.6167 664
15.6333 661
15.65 658
15.6667 654
15.6833 651
15.7 648
15.7167 645
15.7333 642
15.75 639
15.7667 636
15.7833 633
15.8 629
15.8167 626
15.8333 623
15.85 620
15.8667 617
15.8833 613
15.9 610
15.9167 607
15.9333 604
15.95 600
15.9667 597
15.9833 594
16.0 590
16.0167 587
16.0333 584
16.05 580
16.0667 577
16.0833 574
16.1 570
16.1167 567
16.1333 564
16.15 560
16.1667 557
16.1833 553
16.2 550
16.2167 546
16.2333 543
16.25 540
16.2667 536
16.2833 533
16.3 529
16.3167 526
16.3333 522
16.35 519
16.3667 515
16.3833 512
16.4 508
16.4167 505
16.4333 501
16.45 497
16.4667 494
16.4833 490
16.5 487
16.5167 483
16.5333 479
16.55 476
16.5667 472
16.5833 469
16.6 465
16.6167 461
16.6333 458
16.65 454
16.6667 450
16.6833 447
16.7 443
16.7167 439
16.7333 436
16.75 432
16.7667 428
16.7833 425
16.8 421
16.8167 417
16.8333 414
16.85 410
16.8667 406
16.8833 403
16.9 399
16.9167 395
16.9333 391
16.95 388
16.9667 384
16.9833 380
