8.0 232
8.0167 236
8.0333 239
8.05 243
8.0667 246
8.0833 250
8.1 254
8.1167 257
8.1333 261
8.15 265
8.1667 268
8.1833 272
8.2 276
8.2167 279
8.2333 283
8.25 287
8.2667 290
8.2833 294
8.3 297
8.3167 301
8.3333 305
8.35 308
8.3667 312
8.3833 316
8.4 319
8.4167 323
8.4333 327
8.45 330
8.4667 334
8.4833 338
8.5 341
8.5167 345
8.5333 349
8.55 352
8.5667 356
8.5833 360
8.6 363
8.6167 367
8.6333 370
8.65 374
8.6667 378
8.6833 381
8.7 385
8.7167 388
8.7333 392
8.75 396
8.7667 399
8.7833 403
8.8 406
8.8167 410
8.8333 414
8.85 417
8.8667 421
8.8833 424
8.9 428
8.9167 431
8.9333 435
8.95 438
8.9667 442
8.9833 445
9.0 449
9.0167 452
9.0333 455
9.05 459
9.0667 462
9.0833 466
9.1 469
9.1167 473
9.1333 476
9.15 479
9.1667 483
9.1833 486
9.2 490
9.2167 493
9.2333 496
9.25 500
9.2667 503
9.2833 507
9.3 510
9.3167 513
9.3333 516
9.35 520
9.3667 523
9.3833 526
9.4 530
9.4167 533
9.4333 536
9.45 539
9.4667 543
9.4833 546
9.5 549
9.5167 552
9.5333 555
9.55 559
9.5667 562
9.5833 565
9.6 568
9.6167 571
9.6333 574
9.65 577
9.6667 580
9.6833 584
9.7 587
9.7167 590
9.7333 593
9.75 596
9.7667 599
9.7833 602
9.8 605
9.8167 608
9.8333 611
9.85 614
9.8667 616
9.8833 619
9.9 622
9.9167 625
9.9333 628
9.95 631
9.9667 634
9.9833 637
10.0 639
10.0167 642
10.0333 645
10.05 648
10.0667 651
10.0833 653
10.1 656
10.1167 659
10.1333 661
10.15 664
10.1667 667
10.1833 669
10.2 672
10.2167 675
10.2333 677
10.25 680
10.2667 682
10.2833 685
10.3 688
10.3167 690
10.3333 693
10.35 695
10.3667 698
10.3833 700
10.4 702
10.4167 705
10.4333 707
10.45 710
10.4667 712
10.4833 714
10.5 717
10.5167 719
10.5333 722
10.55 724
10.5667 726
10.5833 728
10.6 731
10.6167 733
10.6333 735
10.65 737
10.6667 739
10.6833 742
10.7 744
10.7167 746
10.7333 748
10.75 750
10.7667 752
10.7833 754
10.8 756
10.8167 758
10.8333 760
10.85 762
10.8667 764
10.8833 766
10.9 768
10.9167 770
10.9333 772
10.95 774
10.9667 776
10.9833 778
11.0 779
11.0167 781
11.0333 783
11.05 785
11.0667 787
11.0833 788
11.1 790
11.1167 792
11.1333 793
11.15 795
11.1667 797
11.1833 798
11.2 800
11.2167 802
11.2333 803
11.25 805
11.2667 806
11.2833 808
11.3 809
11.3167 811
11.3333 812
11.35 814
11.3667 815
11.3833 816
11.4 818
11.4167 819
11.4333 821
11.45 822
11.4667 823
11.4833 824
11.5 826
11.5167 827
11.5333 828
11.55 829
11.5667 831
11.5833 832
11.6 833
11.6167 834
11.6333 835
11.65 836
11.6667 837
11.6833 838
11.7 839
11.7167 840
11.7333 841
11.75 842
11.7667 843
11.7833 844
11.8 845
11.8167 846
11.8333 847
11.85 848
11.8667 849
11.8833 850
11.9 850
11.9167 851
11.9333 852
11.95 853
11.9667 853
11.9833 854
12.0 855
12.0167 855
12.0333 856
12.05 857
12.0667 857
12.0833 858
12.1 858
12.1167 859
12.1333 859
12.15 860
12.1667 860
12.1833 861
12.2 861
12.2167 862
12.2333 862
12.25 862
12.2667 863
12.2833 863
12.3 863
12.3167 864
12.3333 864
12.35 864
12.3667 864
12.3833 865
12.4 865
12.4167 865
12.4333 865
12.45 865
12.4667 865
12.4833 866
12.5 866
12.5167 866
12.5333 866
12.55 866
12.5667 866
12.5833 866
12.6 866
12.6167 866
12.6333 865
12.65 865
12.6667 865
12.6833 865
12.7 865
12.7167 865
12.7333 864
12.75 864
12.7667 864
12.7833 864
12.8 863
12.8167 863
12.8333 863
12.85 862
12.8667 862
12.8833 862
12.9 861
12.9167 861
12.9333 860
12.95 860
12.9667 859
12.9833 859
13.0 858
13.0167 858
13.0333 857
13.05 857
13.0667 856
13.0833 855
13.1 855
13.1167 854
13.1333 853
13.15 853
13.1667 852
13.1833 851
13.2 850
13.2167 850
13.2333 849
13.25 848
13.2667 847
13.2833 846
13.3 845
13.3167 844
13.3333 843
13.35 842
13.3667 841
13.3833 840
13.4 839
13.4167 838
13.4333 837
13.45 836
13.4667 835
13.4833 834
13.5 833
13.5167 832
13.5333 831
13.55 829
13.5667 828
13.5833 827
13.6 826
13.6167 825
13.6333 823
13.65 822
13.6667 821
13.6833 819
13.7 818
13.7167 816
13.7333 815
13.75 814
13.7667 812
13.7833 811
13.8 809
13.8167 808
13.8333 806
13.85 805
13.8667 803
13.8833 802
13.9 800
13.9167 798
13.9333 797
13.95 795
13.9667 793
13.9833 792
14.0 790
14.0167 788
14.0333 787
14.05 785
14.0667 783
14.0833 781
14.1 780
14.1167 778
14.1333 776
14.15 774
14.1667 772
14.1833 770
14.2 768
14.2167 766
14.2333 764
14.25 762
14.2667 760
14.2833 758
14.3 756
14.3167 754
14.3333 752
14.35 750
14.3667 748
14.3833 746
14.4 744
14.4167 742
14.4333 740
14.45 737
14.4667 735
14.4833 733
14.5 731
14.5167 728
14.5333 726
14.55 724
14.5667 722
14.5833 719
14.6 717
14.6167 715
14.6333 712
14.65 710
14.6667 707
14.6833 705
14.7 703
14.7167 700
14.7333 698
14.75 695
14.7667 693
14.7833 690
14.8 688
14.8167 685
14.8333 683
14.85 680
14.8667 677
14.8833 675
14.9 672
14.9167 669
14.9333 667
14.95 664
14.9667 661
14.9833 659
15.0 655
15.0167 652
15.0333 650
15.05 647
15.0667 644
15.0833 641
15.1 638
15.1167 636
15.1333 633
15.15 630
15.1667 627
15.1833 624
15.2 621
15.2167 618
15.2333 616
15.25 613
15.2667 610
15.2833 607
15.3 604
15.3167 601
15.3333 598
15.35 595
15.3667 592
15.3833 589
15.4 586
15.4167 583
15.4333 580
15.45 576
15.4667 573
15.4833 570
15.5 567
15.5167 564
15.5333 561
15.55 558
15.5667 554
15.5833 551
15.6 548
15.6167 545
15.6333 542
15.65 538
15.6667 535
15.6833 532
15.7 529
15.7167 525
15.7333 522
15.75 519
15.7667 516
15.7833 512
15.8 509
15.8167 506
15.8333 502
15.85 499
15.8667 495
15.8833 492
15.9 489
15.9167 485
15.9333 482
15.95 479
15.9667 475
15.9833 472
16.0 468
16.0167 465
16.0333 461
16.05 458
16.0667 454
16.0833 451
16.1 447
16.1167 444
16.1333 440
16.15 437
16.1667 433
16.1833 430
16.2 426
16.2167 423
16.2333 419
16.25 416
16.2667 412
16.2833 409
16.3 405
16.3167 401
16.3333 398
16.35 394
16.3667 391
16.3833 387
16.4 383
16.4167 380
16.4333 376
16.45 373
16.4667 369
16.4833 365
16.5 362
16.5167 358
16.5333 355
16.55 351
16.5667 347
16.5833 344
16.6 340
16.6167 336
16.6333 333
16.65 329
16.6667 325
16.6833 322
16.7 318
16.7167 314
16.7333 311
16.75 307
16.7667 303
16.7833 300
16.8 296
16.8167 292
16.8333 289
16.85 285
16.8667 281
16.8833 278
16.9 274
16.9167 271
16.9333 267
16.95 263
16.9667 260
16.9833 256
