8.0 258
8.0167 261
8.0333 265
8.05 269
8.0667 272
8.0833 276
8.1 280
8.1167 283
8.1333 287
8.15 291
8.1667 294
8.1833 298
8.2 302
8.2167 306
8.2333 309
8.25 313
8.2667 317
8.2833 320
8.3 324
8.3167 328
8.3333 331
8.35 335
8.3667 339
8.3833 343
8.4 346
8.4167 350
8.4333 354
8.45 357
8.4667 361
8.4833 365
8.5 369
8.5167 372
8.5333 376
8.55 380
8.5667 383
8.5833 387
8.6 391
8.6167 394
8.6333 398
8.65 402
8.6667 405
8.6833 409
8.7 413
8.7167 416
8.7333 420
8.75 424
8.7667 427
8.7833 431
8.8 435
8.8167 438
8.8333 442
8.85 445
8.8667 449
8.8833 453
8.9 456
8.9167 460
8.9333 463
8.95 467
8.9667 470
8.9833 474
9.0 478
9.0167 481
9.0333 484
9.05 488
9.0667 491
9.0833 495
9.1 498
9.1167 502
9.1333 505
9.15 509
9.1667 512
9.1833 516
9.2 519
9.2167 523
9.2333 526
9.25 529
9.2667 533
9.2833 536
9.3 540
9.3167 543
9.3333 546
9.35 550
9.3667 553
9.3833 556
9.4 560
9.4167 563
9.4333 566
9.45 570
9.4667 573
9.4833 576
9.5 580
9.5167 583
9.5333 586
9.55 589
9.5667 592
9.5833 596
9.6 599
9.6167 602
9.6333 605
9.65 608
9.6667 612
9.6833 615
9.7 618
9.7167 621
9.7333 624
9.75 627
9.7667 630
9.7833 633
9.8 636
9.8167 639
9.8333 642
9.85 645
9.8667 648
9.8833 651
9.9 654
9.9167 657
9.9333 660
9.95 663
9.9667 666
9.9833 669
10.0 672
10.0167 675
10.0333 678
10.05 680
10.0667 683
10.0833 686
10.1 689
10.1167 692
10.1333 694
10.15 697
10.1667 700
10.1833 703
10.2 705
10.2167 708
10.2333 711
10.25 713
10.2667 716
10.2833 719
10.3 721
10.3167 724
10.3333 727
10.35 729
10.3667 732
10.3833 734
10.4 737
10.4167 739
10.4333 742
10.45 744
10.4667 747
10.4833 749
10.5 752
10.5167 754
10.5333 756
10.55 759
10.5667 761
10.5833 764
10.6 766
10.6167 768
10.6333 771
10.65 773
10.6667 775
10.6833 777
10.7 780
10.7167 782
10.7333 784
10.75 786
10.7667 788
10.7833 791
10.8 793
10.8167 795
10.8333 797
10.85 799
10.8667 801
10.8833 803
10.9 805
10.9167 807
10.9333 809
10.95 811
10.9667 813
10.9833 815
11.0 817
11.0167 819
11.0333 821
11.05 823
11.0667 825
11.0833 826
11.1 828
11.1167 830
11.1333 832
11.15 834
11.1667 835
11.1833 837
11.2 839
11.2167 841
11.2333 842
11.25 844
11.2667 845
11.2833 847
11.3 849
11.3167 850
11.3333 852
11.35 853
11.3667 855
11.3833 856
11.4 858
11.4167 859
11.4333 861
11.45 862
11.4667 864
11.4833 865
11.5 867
11.5167 868
11.5333 869
11.55 871
11.5667 872
11.5833 873
11.6 874
11.6167 876
11.6333 877
11.65 878
11.6667 879
11.6833 880
11.7 882
11.7167 883
11.7333 884
11.75 885
11.7667 886
11.7833 887
11.8 888
11.8167 889
11.8333 890
11.85 891
11.8667 892
11.8833 893
11.9 894
11.9167 895
11.9333 896
11.95 897
11.9667 897
11.9833 898
12.0 899
12.0167 900
12.0333 901
12.05 901
12.0667 902
12.0833 903
12.1 903
12.1167 904
12.1333 905
12.15 905
12.1667 906
12.1833 907
12.2 907
12.2167 908
12.2333 908
12.25 909
12.2667 909
12.2833 910
12.3 910
12.3167 911
12.3333 911
12.35 911
12.3667 912
12.3833 912
12.4 912
12.4167 913
12.4333 913
12.45 913
12.4667 913
12.4833 914
12.5 914
12.5167 914
12.5333 914
12.55 914
12.5667 914
12.5833 915
12.6 915
12.6167 915
12.6333 915
12.65 915
12.6667 915
12.6833 915
12.7 915
12.7167 915
12.7333 915
12.75 915
12.7667 914
12.7833 914
12.8 914
12.8167 914
12.8333 914
12.85 914
12.8667 913
12.8833 913
12.9 913
12.9167 912
12.9333 912
12.95 912
12.9667 911
12.9833 911
13.0 911
13.0167 910
13.0333 910
13.05 909
13.0667 909
13.0833 908
13.1 908
13.1167 907
13.1333 907
13.15 906
13.1667 906
13.1833 905
13.2 904
13.2167 904
13.2333 903
13.25 902
13.2667 902
13.2833 901
13.3 900
13.3167 899
13.3333 899
13.35 898
13.3667 897
13.3833 896
13.4 895
13.4167 894
13.4333 893
13.45 892
13.4667 892
13.4833 891
13.5 890
13.5167 889
13.5333 888
13.55 886
13.5667 885
13.5833 884
13.6 883
13.6167 882
13.6333 881
13.65 880
13.6667 879
13.6833 877
13.7 876
13.7167 875
13.7333 874
13.75 872
13.7667 871
13.7833 870
13.8 868
13.8167 867
13.8333 866
13.85 864
13.8667 863
13.8833 861
13.9 860
13.9167 859
13.9333 857
13.95 856
13.9667 854
13.9833 853
14.0 851
14.0167 849
14.0333 848
14.05 846
14.0667 845
14.0833 843
14.1 841
14.1167 840
14.1333 838
14.15 836
14.1667 834
14.1833 833
14.2 831
14.2167 829
14.2333 827
14.25 825
14.2667 823
14.2833 822
14.3 820
14.3167 818
14.3333 816
14.35 814
14.3667 812
14.3833 810
14.4 808
14.4167 806
14.4333 804
14.45 802
14.4667 800
14.4833 798
14.5 796
14.5167 794
14.5333 791
14.55 789
14.5667 787
14.5833 785
14.6 783
14.6167 781
14.6333 778
14.65 776
14.6667 774
14.6833 772
14.7 769
14.7167 767
14.7333 765
14.75 762
14.7667 760
14.7833 757
14.8 755
14.8167 753
14.8333 750
14.85 748
14.8667 745
14.8833 743
14.9 740
14.9167 738
14.9333 735
14.95 733
14.9667 730
14.9833 728
15.0 724
15.0167 722
15.0333 719
15.05 716
15.0667 714
15.0833 711
15.1 708
15.1167 706
15.1333 703
15.15 700
15.1667 698
15.1833 695
15.2 692
15.2167 689
15.2333 686
15.25 684
15.2667 681
15.2833 678
15.3 675
15.3167 672
15.3333 669
15.35 666
15.3667 664
15.3833 661
15.4 658
15.4167 655
15.4333 652
15.45 649
15.4667 646
15.4833 643
15.5 640
15.5167 637
15.5333 634
15.55 631
15.5667 628
15.5833 624
15.6 621
15.6167 618
15.6333 615
15.65 612
15.6667 609
15.6833 606
15.7 603
15.7167 599
15.7333 596
15.75 593
15.7667 590
15.7833 587
15.8 583
15.8167 580
15.8333 577
15.85 573
15.8667 570
15.8833 567
15.9 564
15.9167 560
15.9333 557
15.95 554
15.9667 550
15.9833 547
16.0 544
16.0167 540
16.0333 537
16.05 533
16.0667 530
16.0833 527
16.1 523
16.1167 520
16.1333 516
16.15 513
16.1667 509
16.1833 506
16.2 502
16.2167 499
16.2333 495
16.25 492
16.2667 488
16.2833 485
16.3 481
16.3167 478
16.3333 474
16.35 471
16.3667 467
16.3833 464
16.4 460
16.4167 456
16.4333 453
16.45 449
16.4667 446
16.4833 442
16.5 438
16.5167 435
16.5333 431
16.55 428
16.5667 424
16.5833 420
16.6 417
16.6167 413
16.6333 409
16.65 406
16.6667 402
16.6833 398
16.7 395
16.7167 391
16.7333 387
16.75 384
16.7667 380
16.7833 376
16.8 373
16.8167 369
16.8333 365
16.85 361
16.8667 358
16.8833 354
16.9 350
16.9167 347
16.9333 343
16.95 339
16.9667 335
16.9833 332
