8.0 298
8.0167 302
8.0333 306
8.05 310
8.0667 314
8.0833 318
8.1 322
8.1167 326
8.1333 331
8.15 335
8.1667 339
8.1833 343
8.2 347
8.2167 351
8.2333 355
8.25 359
8.2667 363
8.2833 367
8.3 371
8.3167 375
8.3333 379
8.35 383
8.3667 387
8.3833 391
8.4 395
8.4167 399
8.4333 403
8.45 407
8.4667 411
8.4833 415
8.5 419
8.5167 423
8.5333 427
8.55 431
8.5667 435
8.5833 438
8.6 442
8.6167 446
8.6333 450
8.65 454
8.6667 458
8.6833 462
8.7 466
8.7167 470
8.7333 473
8.75 477
8.7667 481
8.7833 485
8.8 489
8.8167 493
8.8333 496
8.85 500
8.8667 504
8.8833 508
8.9 511
8.9167 515
8.9333 519
8.95 523
8.9667 526
8.9833 530
9.0 534
9.0167 537
9.0333 541
9.05 544
9.0667 548
9.0833 552
9.1 555
9.1167 559
9.1333 563
9.15 566
9.1667 570
9.1833 573
9.2 577
9.2167 581
9.2333 584
9.25 588
9.2667 591
9.2833 595
9.3 598
9.3167 602
9.3333 605
9.35 609
9.3667 612
9.3833 616
9.4 619
9.4167 623
9.4333 626
9.45 629
9.4667 633
9.4833 636
9.5 639
9.5167 643
9.5333 646
9.55 649
9.5667 653
9.5833 656
9.6 659
9.6167 663
9.6333 666
9.65 669
9.6667 672
9.6833 675
9.7 679
9.7167 682
9.7333 685
9.75 688
9.7667 691
9.7833 694
9.8 698
9.8167 701
9.8333 704
9.85 707
9.8667 710
9.8833 713
9.9 716
9.9167 719
9.9333 722
9.95 725
9.9667 728
9.9833 731
10.0 734
10.0167 737
10.0333 740
10.05 742
10.0667 745
10.0833 748
10.1 751
10.1167 754
10.1333 757
10.15 759
10.1667 762
10.1833 765
10.2 768
10.2167 770
10.2333 773
10.25 776
10.2667 778
10.2833 781
10.3 784
10.3167 786
10.3333 789
10.35 792
10.3667 794
10.3833 797
10.4 799
10.4167 802
10.4333 804
10.45 807
10.4667 809
10.4833 812
10.5 814
10.5167 817
10.5333 819
10.55 821
10.5667 824
10.5833 826
10.6 828
10.6167 831
10.6333 833
10.65 835
10.6667 838
10.6833 840
10.7 842
10.7167 844
10.7333 846
10.75 849
10.7667 851
10.7833 853
10.8 855
10.8167 857
10.8333 859
10.85 861
10.8667 863
10.8833 865
10.9 867
10.9167 869
10.9333 871
10.95 873
10.9667 875
10.9833 877
11.0 879
11.0167 881
11.0333 883
11.05 885
11.0667 886
11.0833 888
11.1 890
11.1167 892
11.1333 894
11.15 895
11.1667 897
11.1833 899
11.2 900
11.2167 902
11.2333 904
11.25 905
11.2667 907
11.2833 908
11.3 910
11.3167 912
11.3333 913
11.35 915
11.3667 916
11.3833 918
11.4 919
11.4167 920
11.4333 922
11.45 923
11.4667 925
11.4833 926
11.5 927
11.5167 928
11.5333 930
11.55 931
11.5667 932
11.5833 933
11.6 935
11.6167 936
11.6333 937
11.65 938
11.6667 939
11.6833 940
11.7 942
11.7167 943
11.7333 944
11.75 945
11.7667 946
11.7833 947
11.8 948
11.8167 949
11.8333 949
11.85 950
11.8667 951
11.8833 952
11.9 953
11.9167 954
11.9333 955
11.95 955
11.9667 956
11.9833 957
12.0 958
12.0167 958
12.0333 959
12.05 960
12.0667 960
12.0833 961
12.1 961
12.1167 962
12.1333 963
12.15 963
12.1667 964
12.1833 964
12.2 965
12.2167 965
12.2333 965
12.25 966
12.2667 966
12.2833 967
12.3 967
12.3167 967
12.3333 968
12.35 968
12.3667 968
12.3833 968
12.4 969
12.4167 969
12.4333 969
12.45 969
12.4667 969
12.4833 969
12.5 970
12.5167 970
12.5333 970
12.55 970
12.5667 970
12.5833 970
12.6 970
12.6167 970
12.6333 970
12.65 970
12.6667 969
12.6833 969
12.7 969
12.7167 969
12.7333 969
12.75 969
12.7667 968
12.7833 968
12.8 968
12.8167 968
12.8333 967
12.85 967
12.8667 967
12.8833 966
12.9 966
12.9167 965
12.9333 965
12.95 964
12.9667 964
12.9833 964
13.0 963
13.0167 962
13.0333 962
13.05 961
13.0667 961
13.0833 960
13.1 959
13.1167 959
13.1333 958
13.15 957
13.1667 957
13.1833 956
13.2 955
13.2167 954
13.2333 954
13.25 953
13.2667 952
13.2833 951
13.3 950
13.3167 949
13.3333 948
13.35 947
13.3667 946
13.3833 945
13.4 944
13.4167 943
13.4333 942
13.45 941
13.4667 940
13.4833 939
13.5 938
13.5167 937
13.5333 936
13.55 934
13.5667 933
13.5833 932
13.6 931
13.6167 930
13.6333 928
13.65 927
13.6667 926
13.6833 924
13.7 923
13.7167 922
13.7333 920
13.75 919
13.7667 917
13.7833 916
13.8 914
13.8167 913
13.8333 911
13.85 910
13.8667 908
13.8833 907
13.9 905
13.9167 903
13.9333 902
13.95 900
13.9667 898
13.9833 897
14.0 895
14.0167 893
14.0333 892
14.05 890
14.0667 888
14.0833 886
14.1 884
14.1167 882
14.1333 881
14.15 879
14.1667 877
14.1833 875
14.2 873
14.2167 871
14.2333 869
14.25 867
14.2667 865
14.2833 863
14.3 861
14.3167 859
14.3333 857
14.35 855
14.3667 853
14.3833 850
14.4 848
14.4167 846
14.4333 844
14.45 842
14.4667 839
14.4833 837
14.5 835
14.5167 833
14.5333 830
14.55 828
14.5667 826
14.5833 823
14.6 821
14.6167 819
14.6333 816
14.65 814
14.6667 811
14.6833 809
14.7 806
14.7167 804
14.7333 801
14.75 799
14.7667 796
14.7833 794
14.8 791
14.8167 789
14.8333 786
14.85 783
14.8667 781
14.8833 778
14.9 775
14.9167 773
14.9333 770
14.95 767
14.9667 764
14.9833 762
15.0 758
15.0167 755
15.0333 752
15.05 749
15.0667 747
15.0833 744
15.1 741
15.1167 738
15.1333 735
15.15 732
15.1667 729
15.1833 726
15.2 723
15.2167 720
15.2333 717
15.25 714
15.2667 711
15.2833 708
15.3 705
15.3167 702
15.3333 699
15.35 696
15.3667 693
15.3833 690
15.4 687
15.4167 683
15.4333 680
15.45 677
15.4667 674
15.4833 671
15.5 667
15.5167 664
15.5333 661
15.55 658
15.5667 654
15.5833 651
15.6 648
15.6167 644
15.6333 641
15.65 638
15.6667 634
15.6833 631
15.7 628
15.7167 624
15.7333 621
15.75 617
15.7667 614
15.7833 611
15.8 607
15.8167 604
15.8333 600
15.85 597
15.8667 593
15.8833 590
15.9 586
15.9167 582
15.9333 579
15.95 575
15.9667 572
15.9833 568
16.0 565
16.0167 561
16.0333 557
16.05 554
16.0667 550
16.0833 546
16.1 543
16.1167 539
16.1333 535
16.15 532
16.1667 528
16.1833 524
16.2 521
16.2167 517
16.2333 513
16.25 509
16.2667 506
16.2833 502
16.3 498
16.3167 494
16.3333 490
16.35 487
16.3667 483
16.3833 479
16.4 475
16.4167 471
16.4333 467
16.45 463
16.4667 460
16.4833 456
16.5 452
16.5167 448
16.5333 444
16.55 440
16.5667 436
16.5833 432
16.6 428
16.6167 424
16.6333 420
16.65 417
16.6667 413
16.6833 409
16.7 405
16.7167 401
16.7333 397
16.75 393
16.7667 389
16.7833 385
16.8 381
16.8167 377
16.8333 373
16.85 369
16.8667 365
16.8833 361
16.9 357
16.9167 353
16.9333 349
16.95 344
16.9667 340
16.9833 336
