8.0 213
8.0167 216
8.0333 220
8.05 224
8.0667 227
8.0833 231
8.1 235
8.1167 239
8.1333 242
8.15 246
8.1667 250
8.1833 253
8.2 257
8.2167 261
8.2333 265
8.25 268
8.2667 272
8.2833 276
8.3 279
8.3167 283
8.3333 287
8.35 291
8.3667 294
8.3833 298
8.4 302
8.4167 306
8.4333 309
8.45 313
8.4667 317
8.4833 320
8.5 324
8.5167 328
8.5333 331
8.55 335
8.5667 339
8.5833 342
8.6 346
8.6167 350
8.6333 353
8.65 357
8.6667 361
8.6833 364
8.7 368
8.7167 372
8.7333 375
8.75 379
8.7667 382
8.7833 386
8.8 390
8.8167 393
8.8333 397
8.85 400
8.8667 404
8.8833 408
8.9 411
8.9167 415
8.9333 418
8.95 422
8.9667 425
8.9833 429
9.0 432
9.0167 435
9.0333 438
9.05 442
9.0667 445
9.0833 449
9.1 452
9.1167 456
9.1333 459
9.15 462
9.1667 466
9.1833 469
9.2 473
9.2167 476
9.2333 479
9.25 483
9.2667 486
9.2833 489
9.3 493
9.3167 496
9.3333 499
9.35 502
9.3667 506
9.3833 509
9.4 512
9.4167 515
9.4333 519
9.45 522
9.4667 525
9.4833 528
9.5 531
9.5167 534
9.5333 538
9.55 541
9.5667 544
9.5833 547
9.6 550
9.6167 553
9.6333 556
9.65 559
9.6667 562
9.6833 565
9.7 568
9.7167 571
9.7333 574
9.75 577
9.7667 580
9.7833 583
9.8 586
9.8167 589
9.8333 592
9.85 595
9.8667 597
9.8833 600
9.9 603
9.9167 606
9.9333 609
9.95 612
9.9667 614
9.9833 617
10.0 620
10.0167 623
10.0333 625
10.05 628
10.0667 631
10.0833 633
10.1 636
10.1167 639
10.1333 641
10.15 644
10.1667 646
10.1833 649
10.2 652
10.2167 654
10.2333 657
10.25 659
10.2667 662
10.2833 664
10.3 666
10.3167 669
10.3333 671
10.35 674
10.3667 676
10.3833 678
10.4 681
10.4167 683
10.4333 686
10.45 688
10.4667 690
10.4833 692
10.5 695
10.5167 697
10.5333 699
10.55 701
10.5667 703
10.5833 706
10.6 708
10.6167 710
10.6333 712
10.65 714
10.6667 716
10.6833 718
10.7 720
10.7167 722
10.7333 724
10.75 726
10.7667 728
10.7833 730
10.8 732
10.8167 734
10.8333 736
10.85 738
10.8667 740
10.8833 742
10.9 743
10.9167 745
10.9333 747
10.95 749
10.9667 750
10.9833 752
11.0 754
11.0167 756
11.0333 757
11.05 759
11.0667 761
11.0833 762
11.1 764
11.1167 765
11.1333 767
11.15 768
11.1667 770
11.1833 772
11.2 773
11.2167 774
11.2333 776
11.25 777
11.2667 779
11.2833 780
11.3 782
11.3167 783
11.3333 784
11.35 786
11.3667 787
11.3833 788
11.4 789
11.4167 791
11.4333 792
11.45 793
11.4667 794
11.4833 795
11.5 796
11.5167 798
11.5333 799
11.55 800
11.5667 801
11.5833 802
11.6 803
11.6167 804
11.6333 805
11.65 806
11.6667 807
11.6833 808
11.7 809
11.7167 809
11.7333 810
11.75 811
11.7667 812
11.7833 813
11.8 813
11.8167 814
11.8333 815
11.85 816
11.8667 816
11.8833 817
11.9 818
11.9167 818
11.9333 819
11.95 820
11.9667 820
11.9833 821
12.0 821
12.0167 822
12.0333 822
12.05 823
12.0667 823
12.0833 824
12.1 824
12.1167 824
12.1333 825
12.15 825
12.1667 826
12.1833 826
12.2 826
12.2167 826
12.2333 827
12.25 827
12.2667 827
12.2833 827
12.3 827
12.3167 828
12.3333 828
12.35 828
12.3667 828
12.3833 828
12.4 828
12.4167 828
12.4333 828
12.45 828
12.4667 828
12.4833 828
12.5 828
12.5167 828
12.5333 828
12.55 828
12.5667 827
12.5833 827
12.6 827
12.6167 827
12.6333 827
12.65 826
12.6667 826
12.6833 826
12.7 825
12.7167 825
12.7333 825
12.75 824
12.7667 824
12.7833 823
12.8 823
12.8167 823
12.8333 822
12.85 822
12.8667 821
12.8833 821
12.9 820
12.9167 819
12.9333 819
12.95 818
12.9667 817
12.9833 817
13.0 816
13.0167 815
13.0333 815
13.05 814
13.0667 813
13.0833 812
13.1 812
13.1167 811
13.1333 810
13.15 809
13.1667 808
13.1833 807
13.2 806
13.2167 805
13.2333 804
13.25 803
13.2667 802
13.2833 801
13.3 800
13.3167 799
13.3333 798
13.35 797
13.3667 796
13.3833 795
13.4 794
13.4167 793
13.4333 791
13.45 790
13.4667 789
13.4833 788
13.5 786
13.5167 785
13.5333 784
13.55 782
13.5667 781
13.5833 780
13.6 778
13.6167 777
13.6333 775
13.65 774
13.6667 772
13.6833 771
13.7 769
13.7167 768
13.7333 766
13.75 765
13.7667 763
13.7833 762
13.8 760
13.8167 758
13.8333 757
13.85 755
13.8667 753
13.8833 752
13.9 750
13.9167 748
13.9333 746
13.95 744
13.9667 743
13.9833 741
14.0 739
14.0167 737
14.0333 735
14.05 733
14.0667 731
14.0833 729
14.1 728
14.1167 726
14.1333 724
14.15 722
14.1667 720
14.1833 717
14.2 715
14.2167 713
14.2333 711
14.25 709
14.2667 707
14.2833 705
14.3 703
14.3167 700
14.3333 698
14.35 696
14.3667 694
14.3833 692
14.4 689
14.4167 687
14.4333 685
14.45 682
14.4667 680
14.4833 678
14.5 675
14.5167 673
14.5333 670
14.55 668
14.5667 666
14.5833 663
14.6 661
14.6167 658
14.6333 656
14.65 653
14.6667 651
14.6833 648
14.7 645
14.7167 643
14.7333 640
14.75 638
14.7667 635
14.7833 632
14.8 630
14.8167 627
14.8333 624
14.85 622
14.8667 619
14.8833 616
14.9 613
14.9167 611
14.9333 608
14.95 605
14.9667 602
14.9833 599
15.0 595
15.0167 592
15.0333 590
15.05 587
15.0667 584
15.0833 581
15.1 578
15.1167 575
15.1333 572
15.15 569
15.1667 566
15.1833 563
15.2 560
15.2167 557
15.2333 554
15.25 551
15.2667 548
15.2833 545
15.3 542
15.3167 539
15.3333 535
15.35 532
15.3667 529
15.3833 526
15.4 523
15.4167 520
15.4333 516
15.45 513
15.4667 510
15.4833 507
15.5 503
15.5167 500
15.5333 497
15.55 494
15.5667 490
15.5833 487
15.6 484
15.6167 480
15.6333 477
15.65 474
15.6667 470
15.6833 467
15.7 464
15.7167 460
15.7333 457
15.75 453
15.7667 450
15.7833 446
15.8 443
15.8167 440
15.8333 436
15.85 433
15.8667 429
15.8833 426
15.9 422
15.9167 419
15.9333 415
15.95 412
15.9667 408
15.9833 404
16.0 401
16.0167 397
16.0333 394
16.05 390
16.0667 387
16.0833 383
16.1 379
16.1167 376
16.1333 372
16.15 369
16.1667 365
16.1833 361
16.2 358
16.2167 354
16.2333 350
16.25 347
16.2667 343
16.2833 339
16.3 336
16.3167 332
16.3333 328
16.35 325
16.3667 321
16.3833 317
16.4 314
16.4167 310
16.4333 306
16.45 302
16.4667 299
16.4833 295
16.5 291
16.5167 288
16.5333 284
16.55 280
16.5667 276
16.5833 273
16.6 269
16.6167 265
16.6333 262
16.65 258
16.6667 254
16.6833 250
16.7 247
16.7167 243
16.7333 239
16.75 236
16.7667 232
16.7833 228
16.8 224
16.8167 221
16.8333 217
16.85 213
16.8667 210
16.8833 206
16.9 202
16.9167 199
16.9333 195
16.95 191
16.9667 188
16.9833 184
