8.0 262
8.0167 266
8.0333 269
8.05 273
8.0667 277
8.0833 281
8.1 285
8.1167 289
8.1333 293
8.15 297
8.1667 301
8.1833 305
8.2 309
8.2167 313
8.2333 317
8.25 321
8.2667 325
8.2833 328
8.3 332
8.3167 336
8.3333 340
8.35 344
8.3667 348
8.3833 352
8.4 356
8.4167 360
8.4333 364
8.45 367
8.4667 371
8.4833 375
8.5 379
8.5167 383
8.5333 387
8.55 391
8.5667 394
8.5833 398
8.6 402
8.6167 406
8.6333 410
8.65 414
8.6667 417
8.6833 421
8.7 425
8.7167 429
8.7333 433
8.75 436
8.7667 440
8.7833 444
8.8 448
8.8167 451
8.8333 455
8.85 459
8.8667 462
8.8833 466
8.9 470
8.9167 473
8.9333 477
8.95 481
8.9667 484
8.9833 488
9.0 492
9.0167 495
9.0333 498
9.05 502
9.0667 506
9.0833 509
9.1 513
9.1167 516
9.1333 520
9.15 523
9.1667 527
9.1833 530
9.2 534
9.2167 537
9.2333 541
9.25 544
9.2667 548
9.2833 551
9.3 555
9.3167 558
9.3333 561
9.35 565
9.3667 568
9.3833 572
9.4 575
9.4167 578
9.4333 582
9.45 585
9.4667 588
9.4833 592
9.5 595
9.5167 598
9.5333 601
9.55 605
9.5667 608
9.5833 611
9.6 614
9.6167 617
9.6333 621
9.65 624
9.6667 627
9.6833 630
9.7 633
9.7167 636
9.7333 639
9.75 642
9.7667 645
9.7833 648
9.8 652
9.8167 655
9.8333 658
9.85 661
9.8667 664
9.8833 666
9.9 669
9.9167 672
9.9333 675
9.95 678
9.9667 681
9.9833 684
10.0 687
10.0167 690
10.0333 692
10.05 695
10.0667 698
10.0833 701
10.1 704
10.1167 706
10.1333 709
10.15 712
10.1667 714
10.1833 717
10.2 720
10.2167 722
10.2333 725
10.25 728
10.2667 730
10.2833 733
10.3 735
10.3167 738
10.3333 740
10.35 743
10.3667 745
10.3833 748
10.4 750
10.4167 753
10.4333 755
10.45 758
10.4667 760
10.4833 762
10.5 765
10.5167 767
10.5333 769
10.55 772
10.5667 774
10.5833 776
10.6 778
10.6167 781
10.6333 783
10.65 785
10.6667 787
10.6833 789
10.7 792
10.7167 794
10.7333 796
10.75 798
10.7667 800
10.7833 802
10.8 804
10.8167 806
10.8333 808
10.85 810
10.8667 812
10.8833 814
10.9 816
10.9167 818
10.9333 820
10.95 822
10.9667 823
10.9833 825
11.0 827
11.0167 829
11.0333 831
11.05 832
11.0667 834
11.0833 836
11.1 838
11.1167 839
11.1333 841
11.15 843
11.1667 844
11.1833 846
11.2 847
11.2167 849
11.2333 850
11.25 852
11.2667 853
11.2833 855
11.3 856
11.3167 858
11.3333 859
11.35 861
11.3667 862
11.3833 863
11.4 865
11.4167 866
11.4333 867
11.45 869
11.4667 870
11.4833 871
11.5 872
11.5167 874
11.5333 875
11.55 876
11.5667 877
11.5833 878
11.6 879
11.6167 881
11.6333 882
11.65 883
11.6667 884
11.6833 885
11.7 886
11.7167 887
11.7333 888
11.75 889
11.7667 889
11.7833 890
11.8 891
11.8167 892
11.8333 893
11.85 894
11.8667 894
11.8833 895
11.9 896
11.9167 897
11.9333 897
11.95 898
11.9667 899
11.9833 899
12.0 900
12.0167 901
12.0333 901
12.05 902
12.0667 902
12.0833 903
12.1 903
12.1167 904
12.1333 904
12.15 905
12.1667 905
12.1833 906
12.2 906
12.2167 906
12.2333 907
12.25 907
12.2667 907
12.2833 907
12.3 908
12.3167 908
12.3333 908
12.35 908
12.3667 909
12.3833 909
12.4 909
12.4167 909
12.4333 909
12.45 909
12.4667 909
12.4833 909
12.5 909
12.5167 909
12.5333 909
12.55 909
12.5667 909
12.5833 909
12.6 909
12.6167 909
12.6333 908
12.65 908
12.6667 908
12.6833 908
12.7 908
12.7167 907
12.7333 907
12.75 907
12.7667 906
12.7833 906
12.8 906
12.8167 905
12.8333 905
12.85 904
12.8667 904
12.8833 904
12.9 903
12.9167 903
12.9333 902
12.95 901
12.9667 901
12.9833 900
13.0 900
13.0167 899
13.0333 898
13.05 898
13.0667 897
13.0833 896
13.1 896
13.1167 895
13.1333 894
13.15 893
13.1667 892
13.1833 892
13.2 891
13.2167 890
13.2333 889
13.25 888
13.2667 887
13.2833 886
13.3 885
13.3167 884
13.3333 883
13.35 882
13.3667 881
13.3833 880
13.4 879
13.4167 878
13.4333 877
13.45 875
13.4667 874
13.4833 873
13.5 872
13.5167 871
13.5333 869
13.55 868
13.5667 867
13.5833 865
13.6 864
13.6167 863
13.6333 861
13.65 860
13.6667 859
13.6833 857
13.7 856
13.7167 854
13.7333 853
13.75 851
13.7667 850
13.7833 848
13.8 847
13.8167 845
13.8333 843
13.85 842
13.8667 840
13.8833 838
13.9 837
13.9167 835
13.9333 833
13.95 832
13.9667 830
13.9833 828
14.0 826
14.0167 824
14.0333 823
14.05 821
14.0667 819
14.0833 817
14.1 815
14.1167 813
14.1333 811
14.15 809
14.1667 807
14.1833 805
14.2 803
14.2167 801
14.2333 799
14.25 797
14.2667 795
14.2833 793
14.3 791
14.3167 788
14.3333 786
14.35 784
14.3667 782
14.3833 780
14.4 777
14.4167 775
14.4333 773
14.45 771
14.4667 768
14.4833 766
14.5 764
14.5167 761
14.5333 759
14.55 756
14.5667 754
14.5833 752
14.6 749
14.6167 747
14.6333 744
14.65 742
14.6667 739
14.6833 737
14.7 734
14.7167 732
14.7333 729
14.75 726
14.7667 724
14.7833 721
14.8 718
14.8167 716
14.8333 713
14.85 710
14.8667 708
14.8833 705
14.9 702
14.9167 699
14.9333 697
14.95 694
14.9667 691
14.9833 688
15.0 684
15.0167 681
15.0333 679
15.05 676
15.0667 673
15.0833 670
15.1 667
15.1167 664
15.1333 661
15.15 658
15.1667 655
15.1833 652
15.2 649
15.2167 646
15.2333 643
15.25 640
15.2667 637
15.2833 634
15.3 630
15.3167 627
15.3333 624
15.35 621
15.3667 618
15.3833 615
15.4 612
15.4167 608
15.4333 605
15.45 602
15.4667 599
15.4833 595
15.5 592
15.5167 589
15.5333 586
15.55 582
15.5667 579
15.5833 576
15.6 572
15.6167 569
15.6333 565
15.65 562
15.6667 559
15.6833 555
15.7 552
15.7167 548
15.7333 545
15.75 541
15.7667 538
15.7833 535
15.8 531
15.8167 527
15.8333 524
15.85 520
15.8667 517
15.8833 513
15.9 510
15.9167 506
15.9333 503
15.95 499
15.9667 495
15.9833 492
16.0 488
16.0167 485
16.0333 481
16.05 477
16.0667 474
16.0833 470
16.1 466
16.1167 463
16.1333 459
16.15 455
16.1667 451
16.1833 448
16.2 444
16.2167 440
16.2333 437
16.25 433
16.2667 429
16.2833 425
16.3 421
16.3167 418
16.3333 414
16.35 410
16.3667 406
16.3833 402
16.4 399
16.4167 395
16.4333 391
16.45 387
16.4667 383
16.4833 379
16.5 375
16.5167 372
16.5333 368
16.55 364
16.5667 360
16.5833 356
16.6 352
16.6167 348
16.6333 344
16.65 341
16.6667 337
16.6833 333
16.7 329
16.7167 325
16.7333 321
16.75 317
16.7667 313
16.7833 309
16.8 305
16.8167 301
16.8333 297
16.85 293
16.8667 290
16.8833 286
16.9 282
16.9167 278
16.9333 274
16.95 270
16.9667 266
16.9833 262
