8.0 173
8.0167 177
8.0333 180
8.05 184
8.0667 187
8.0833 191
8.1 194
8.1167 198
8.1333 201
8.15 205
8.1667 208
8.1833 212
8.2 216
8.2167 219
8.2333 223
8.25 226
8.2667 230
8.2833 233
8.3 237
8.3167 241
8.3333 244
8.35 248
8.3667 251
8.3833 255
8.4 258
8.4167 262
8.4333 266
8.45 269
8.4667 273
8.4833 276
8.5 280
8.5167 284
8.5333 287
8.55 291
8.5667 294
8.5833 298
8.6 301
8.6167 305
8.6333 308
8.65 312
8.6667 315
8.6833 319
8.7 323
8.7167 326
8.7333 330
8.75 333
8.7667 337
8.7833 340
8.8 344
8.8167 347
8.8333 351
8.85 354
8.8667 357
8.8833 361
8.9 364
8.9167 368
8.9333 371
8.95 375
8.9667 378
8.9833 381
9.0 385
9.0167 387
9.0333 391
9.05 394
9.0667 398
9.0833 401
9.1 404
9.1167 408
9.1333 411
9.15 414
9.1667 418
9.1833 421
9.2 424
9.2167 427
9.2333 431
9.25 434
9.2667 437
9.2833 440
9.3 444
9.3167 447
9.3333 450
9.35 453
9.3667 456
9.3833 460
9.4 463
9.4167 466
9.4333 469
9.45 472
9.4667 475
9.4833 478
9.5 481
9.5167 484
9.5333 488
9.55 491
9.5667 494
9.5833 497
9.6 500
9.6167 503
9.6333 506
9.65 509
9.6667 512
9.6833 514
9.7 517
9.7167 520
9.7333 523
9.75 526
9.7667 529
9.7833 532
9.8 535
9.8167 538
9.8333 540
9.85 543
9.8667 546
9.8833 549
9.9 552
9.9167 554
9.9333 557
9.95 560
9.9667 562
9.9833 565
10.0 568
10.0167 570
10.0333 573
10.05 576
10.0667 578
10.0833 581
10.1 584
10.1167 586
10.1333 589
10.15 591
10.1667 594
10.1833 596
10.2 599
10.2167 601
10.2333 604
10.25 606
10.2667 609
10.2833 611
10.3 613
10.3167 616
10.3333 618
10.35 620
10.3667 623
10.3833 625
10.4 627
10.4167 630
10.4333 632
10.45 634
10.4667 636
10.4833 639
10.5 641
10.5167 643
10.5333 645
10.55 647
10.5667 649
10.5833 652
10.6 654
10.6167 656
10.6333 658
10.65 660
10.6667 662
10.6833 664
10.7 666
10.7167 668
10.7333 670
10.75 672
10.7667 674
10.7833 676
10.8 677
10.8167 679
10.8333 681
10.85 683
10.8667 685
10.8833 687
10.9 688
10.9167 690
10.9333 692
10.95 694
10.9667 695
10.9833 697
11.0 699
11.0167 700
11.0333 702
11.05 704
11.0667 705
11.0833 707
11.1 708
11.1167 710
11.1333 711
11.15 713
11.1667 714
11.1833 716
11.2 717
11.2167 719
11.2333 720
11.25 721
11.2667 723
11.2833 724
11.3 725
11.3167 727
11.3333 728
11.35 729
11.3667 731
11.3833 732
11.4 733
11.4167 734
11.4333 735
11.45 737
11.4667 738
11.4833 739
11.5 740
11.5167 741
11.5333 742
11.55 743
11.5667 744
11.5833 745
11.6 746
11.6167 747
11.6333 748
11.65 749
11.6667 750
11.6833 751
11.7 752
11.7167 753
11.7333 753
11.75 754
11.7667 755
11.7833 756
11.8 756
11.8167 757
11.8333 758
11.85 759
11.8667 759
11.8833 760
11.9 761
11.9167 761
11.9333 762
11.95 762
11.9667 763
11.9833 763
12.0 764
12.0167 764
12.0333 765
12.05 765
12.0667 766
12.0833 766
12.1 767
12.1167 767
12.1333 767
12.15 768
12.1667 768
12.1833 768
12.2 768
12.2167 769
12.2333 769
12.25 769
12.2667 769
12.2833 770
12.3 770
12.3167 770
12.3333 770
12.35 770
12.3667 770
12.3833 770
12.4 770
12.4167 770
12.4333 770
12.45 770
12.4667 770
12.4833 770
12.5 770
12.5167 770
12.5333 770
12.55 770
12.5667 769
12.5833 769
12.6 769
12.6167 769
12.6333 768
12.65 768
12.6667 768
12.6833 768
12.7 767
12.7167 767
12.7333 767
12.75 766
12.7667 766
12.7833 765
12.8 765
12.8167 764
12.8333 764
12.85 763
12.8667 763
12.8833 762
12.9 762
12.9167 761
12.9333 761
12.95 760
12.9667 759
12.9833 759
13.0 758
13.0167 757
13.0333 756
13.05 756
13.0667 755
13.0833 754
13.1 753
13.1167 753
13.1333 752
13.15 751
13.1667 750
13.1833 749
13.2 748
13.2167 747
13.2333 746
13.25 745
13.2667 744
13.2833 743
13.3 742
13.3167 741
13.3333 740
13.35 739
13.3667 738
13.3833 737
13.4 735
13.4167 734
13.4333 733
13.45 732
13.4667 731
13.4833 729
13.5 728
13.5167 727
13.5333 726
13.55 724
13.5667 723
13.5833 721
13.6 720
13.6167 719
13.6333 717
13.65 716
13.6667 714
13.6833 713
13.7 711
13.7167 710
13.7333 708
13.75 707
13.7667 705
13.7833 704
13.8 702
13.8167 700
13.8333 699
13.85 697
13.8667 695
13.8833 694
13.9 692
13.9167 690
13.9333 688
13.95 687
13.9667 685
13.9833 683
14.0 681
14.0167 679
14.0333 677
14.05 676
14.0667 674
14.0833 672
14.1 670
14.1167 668
14.1333 666
14.15 664
14.1667 662
14.1833 660
14.2 658
14.2167 656
14.2333 654
14.25 652
14.2667 649
14.2833 647
14.3 645
14.3167 643
14.3333 641
14.35 639
14.3667 636
14.3833 634
14.4 632
14.4167 630
14.4333 627
14.45 625
14.4667 623
14.4833 621
14.5 618
14.5167 616
14.5333 613
14.55 611
14.5667 609
14.5833 606
14.6 604
14.6167 601
14.6333 599
14.65 596
14.6667 594
14.6833 591
14.7 589
14.7167 586
14.7333 584
14.75 581
14.7667 578
14.7833 576
14.8 573
14.8167 571
14.8333 568
14.85 565
14.8667 563
14.8833 560
14.9 557
14.9167 554
14.9333 552
14.95 549
14.9667 546
14.9833 543
15.0 540
15.0167 537
15.0333 534
15.05 531
15.0667 528
15.0833 525
15.1 523
15.1167 520
15.1333 517
15.15 514
15.1667 511
15.1833 508
15.2 505
15.2167 502
15.2333 499
15.25 496
15.2667 493
15.2833 490
15.3 487
15.3167 484
15.3333 481
15.35 478
15.3667 475
15.3833 471
15.4 468
15.4167 465
15.4333 462
15.45 459
15.4667 456
15.4833 453
15.5 449
15.5167 446
15.5333 443
15.55 440
15.5667 436
15.5833 433
15.6 430
15.6167 427
15.6333 423
15.65 420
15.6667 417
15.6833 414
15.7 410
15.7167 407
15.7333 404
15.75 400
15.7667 397
15.7833 394
15.8 390
15.8167 387
15.8333 383
15.85 380
15.8667 377
15.8833 373
15.9 370
15.9167 366
15.9333 363
15.95 359
15.9667 356
15.9833 353
16.0 349
16.0167 346
16.0333 342
16.05 339
16.0667 335
16.0833 332
16.1 328
16.1167 325
16.1333 321
16.15 318
16.1667 314
16.1833 311
16.2 307
16.2167 303
16.2333 300
16.25 296
16.2667 293
16.2833 289
16.3 286
16.3167 282
16.3333 279
16.35 275
16.3667 271
16.3833 268
16.4 264
16.4167 261
16.4333 257
16.45 254
16.4667 250
16.4833 246
16.5 243
16.5167 239
16.5333 236
16.55 232
16.5667 229
16.5833 225
16.6 221
16.6167 218
16.6333 214
16.65 211
16.6667 207
16.6833 204
16.7 200
16.7167 196
16.7333 193
16.75 189
16.7667 186
16.7833 182
16.8 179
16.8167 175
16.8333 172
16.85 168
16.8667 165
16.8833 161
16.9 158
16.9167 154
16.9333 151
16.95 148
16.9667 144
16.9833 141
