8.0 128
8.0167 132
8.0333 135
8.05 138
8.0667 142
8.0833 145
8.1 148
8.1167 151
8.1333 155
8.15 158
8.1667 161
8.1833 165
8.2 168
8.2167 172
8.2333 175
8.25 178
8.2667 182
8.2833 185
8.3 188
8.3167 192
8.3333 195
8.35 199
8.3667 202
8.3833 205
8.4 209
8.4167 212
8.4333 216
8.45 219
8.4667 223
8.4833 226
8.5 229
8.5167 233
8.5333 236
8.55 240
8.5667 243
8.5833 246
8.6 250
8.6167 253
8.6333 257
8.65 260
8.6667 263
8.6833 267
8.7 270
8.7167 274
8.7333 277
8.75 280
8.7667 284
8.7833 287
8.8 291
8.8167 294
8.8333 297
8.85 301
8.8667 304
8.8833 307
8.9 311
8.9167 314
8.9333 317
8.95 321
8.9667 324
8.9833 327
9.0 331
9.0167 333
9.0333 337
9.05 340
9.0667 343
9.0833 346
9.1 350
9.1167 353
9.1333 356
9.15 359
9.1667 363
9.1833 366
9.2 369
9.2167 372
9.2333 375
9.25 379
9.2667 382
9.2833 385
9.3 388
9.3167 391
9.3333 394
9.35 398
9.3667 401
9.3833 404
9.4 407
9.4167 410
9.4333 413
9.45 416
9.4667 419
9.4833 422
9.5 425
9.5167 428
9.5333 431
9.55 434
9.5667 437
9.5833 440
9.6 443
9.6167 446
9.6333 449
9.65 452
9.6667 455
9.6833 458
9.7 461
9.7167 464
9.7333 467
9.75 469
9.7667 472
9.7833 475
9.8 478
9.8167 481
9.8333 483
9.85 486
9.8667 489
9.8833 492
9.9 494
9.9167 497
9.9333 500
9.95 503
9.9667 505
9.9833 508
10.0 511
10.0167 513
10.0333 516
10.05 518
10.0667 521
10.0833 524
10.1 526
10.1167 529
10.1333 531
10.15 534
10.1667 536
10.1833 539
10.2 541
10.2167 544
10.2333 546
10.25 549
10.2667 551
10.2833 553
10.3 556
10.3167 558
10.3333 560
10.35 563
10.3667 565
10.3833 567
10.4 570
10.4167 572
10.4333 574
10.45 577
10.4667 579
10.4833 581
10.5 583
10.5167 585
10.5333 587
10.55 590
10.5667 592
10.5833 594
10.6 596
10.6167 598
10.6333 600
10.65 602
10.6667 604
10.6833 606
10.7 608
10.7167 610
10.7333 612
10.75 614
10.7667 616
10.7833 618
10.8 620
10.8167 622
10.8333 623
10.85 625
10.8667 627
10.8833 629
10.9 631
10.9167 633
10.9333 634
10.95 636
10.9667 638
10.9833 639
11.0 641
11.0167 643
11.0333 644
11.05 646
11.0667 648
11.0833 649
11.1 651
11.1167 652
11.1333 654
11.15 655
11.1667 657
11.1833 658
11.2 660
11.2167 661
11.2333 663
11.25 664
11.2667 666
11.2833 667
11.3 668
11.3167 670
11.3333 671
11.35 672
11.3667 673
11.3833 675
11.4 676
11.4167 677
11.4333 678
11.45 680
11.4667 681
11.4833 682
11.5 683
11.5167 684
11.5333 685
11.55 686
11.5667 687
11.5833 688
11.6 689
11.6167 690
11.6333 691
11.65 692
11.6667 693
11.6833 694
11.7 695
11.7167 696
11.7333 697
11.75 698
11.7667 699
11.7833 699
11.8 700
11.8167 701
11.8333 702
11.85 702
11.8667 703
11.8833 704
11.9 704
11.9167 705
11.9333 706
11.95 706
11.9667 707
11.9833 707
12.0 708
12.0167 709
12.0333 709
12.05 710
12.0667 710
12.0833 711
12.1 711
12.1167 711
12.1333 712
12.15 712
12.1667 712
12.1833 713
12.2 713
12.2167 713
12.2333 714
12.25 714
12.2667 714
12.2833 714
12.3 715
12.3167 715
12.3333 715
12.35 715
12.3667 715
12.3833 715
12.4 715
12.4167 716
12.4333 716
12.45 716
12.4667 716
12.4833 716
12.5 716
12.5167 715
12.5333 715
12.55 715
12.5667 715
12.5833 715
12.6 715
12.6167 715
12.6333 715
12.65 714
12.6667 714
12.6833 714
12.7 714
12.7167 713
12.7333 713
12.75 713
12.7667 712
12.7833 712
12.8 712
12.8167 711
12.8333 711
12.85 710
12.8667 710
12.8833 709
12.9 709
12.9167 708
12.9333 708
12.95 707
12.9667 707
12.9833 706
13.0 705
13.0167 705
13.0333 704
13.05 703
13.0667 703
13.0833 702
13.1 701
13.1167 700
13.1333 700
13.15 699
13.1667 698
13.1833 697
13.2 696
13.2167 696
13.2333 695
13.25 694
13.2667 693
13.2833 692
13.3 691
13.3167 690
13.3333 689
13.35 688
13.3667 687
13.3833 686
13.4 685
13.4167 684
13.4333 682
13.45 681
13.4667 680
13.4833 679
13.5 678
13.5167 677
13.5333 675
13.55 674
13.5667 673
13.5833 671
13.6 670
13.6167 669
13.6333 668
13.65 666
13.6667 665
13.6833 663
13.7 662
13.7167 660
13.7333 659
13.75 658
13.7667 656
13.7833 655
13.8 653
13.8167 651
13.8333 650
13.85 648
13.8667 647
13.8833 645
13.9 643
13.9167 642
13.9333 640
13.95 638
13.9667 637
13.9833 635
14.0 633
14.0167 632
14.0333 630
14.05 628
14.0667 626
14.0833 624
14.1 622
14.1167 621
14.1333 619
14.15 617
14.1667 615
14.1833 613
14.2 611
14.2167 609
14.2333 607
14.25 605
14.2667 603
14.2833 601
14.3 599
14.3167 597
14.3333 595
14.35 593
14.3667 591
14.3833 588
14.4 586
14.4167 584
14.4333 582
14.45 580
14.4667 577
14.4833 575
14.5 573
14.5167 571
14.5333 568
14.55 566
14.5667 564
14.5833 562
14.6 559
14.6167 557
14.6333 554
14.65 552
14.6667 550
14.6833 547
14.7 545
14.7167 542
14.7333 540
14.75 537
14.7667 535
14.7833 532
14.8 530
14.8167 527
14.8333 525
14.85 522
14.8667 520
14.8833 517
14.9 514
14.9167 512
14.9333 509
14.95 506
14.9667 504
14.9833 501
15.0 498
15.0167 495
15.0333 492
15.05 490
15.0667 487
15.0833 484
15.1 481
15.1167 479
15.1333 476
15.15 473
15.1667 470
15.1833 467
15.2 464
15.2167 462
15.2333 459
15.25 456
15.2667 453
15.2833 450
15.3 447
15.3167 444
15.3333 441
15.35 438
15.3667 435
15.3833 432
15.4 429
15.4167 426
15.4333 423
15.45 420
15.4667 417
15.4833 414
15.5 411
15.5167 408
15.5333 405
15.55 402
15.5667 399
15.5833 395
15.6 392
15.6167 389
15.6333 386
15.65 383
15.6667 380
15.6833 377
15.7 373
15.7167 370
15.7333 367
15.75 364
15.7667 360
15.7833 357
15.8 354
15.8167 351
15.8333 347
15.85 344
15.8667 341
15.8833 338
15.9 334
15.9167 331
15.9333 328
15.95 324
15.9667 321
15.9833 318
16.0 314
16.0167 311
16.0333 308
16.05 304
16.0667 301
16.0833 298
16.1 294
16.1167 291
16.1333 288
16.15 284
16.1667 281
16.1833 277
16.2 274
16.2167 271
16.2333 267
16.25 264
16.2667 260
16.2833 257
16.3 254
16.3167 250
16.3333 247
16.35 243
16.3667 240
16.3833 237
16.4 233
16.4167 230
16.4333 226
16.45 223
16.4667 220
16.4833 216
16.5 213
16.5167 209
16.5333 206
16.55 202
16.5667 199
16.5833 196
16.6 192
16.6167 189
16.6333 186
16.65 182
16.6667 179
16.6833 175
16.7 172
16.7167 169
16.7333 165
16.75 162
16.7667 159
16.7833 155
16.8 152
16.8167 149
16.8333 145
16.85 142
16.8667 139
16.8833 136
16.9 132
16.9167 129
16.9333 126
16.95 123
16.9667 120
16.9833 117
