8.0 181
8.0167 184
8.0333 188
8.05 191
8.0667 195
8.0833 198
8.1 202
8.1167 206
8.1333 209
8.15 213
8.1667 216
8.1833 220
8.2 224
8.2167 227
8.2333 231
8.25 234
8.2667 238
8.2833 241
8.3 245
8.3167 249
8.3333 252
8.35 256
8.3667 259
8.3833 263
8.4 267
8.4167 270
8.4333 274
8.45 277
8.4667 281
8.4833 285
8.5 288
8.5167 292
8.5333 295
8.55 299
8.5667 303
8.5833 306
8.6 310
8.6167 313
8.6333 317
8.65 320
8.6667 324
8.6833 327
8.7 331
8.7167 334
8.7333 338
8.75 342
8.7667 345
8.7833 349
8.8 352
8.8167 356
8.8333 359
8.85 363
8.8667 366
8.8833 369
8.9 373
8.9167 376
8.9333 380
8.95 383
8.9667 387
8.9833 390
9.0 394
9.0167 396
9.0333 399
9.05 403
9.0667 406
9.0833 410
9.1 413
9.1167 416
9.1333 420
9.15 423
9.1667 426
9.1833 430
9.2 433
9.2167 436
9.2333 439
9.25 443
9.2667 446
9.2833 449
9.3 452
9.3167 456
9.3333 459
9.35 462
9.3667 465
9.3833 468
9.4 472
9.4167 475
9.4333 478
9.45 481
9.4667 484
9.4833 487
9.5 490
9.5167 493
9.5333 496
9.55 500
9.5667 503
9.5833 506
9.6 509
9.6167 512
9.6333 515
9.65 518
9.6667 521
9.6833 524
9.7 526
9.7167 529
9.7333 532
9.75 535
9.7667 538
9.7833 541
9.8 544
9.8167 547
9.8333 549
9.85 552
9.8667 555
9.8833 558
9.9 561
9.9167 563
9.9333 566
9.95 569
9.9667 572
9.9833 574
10.0 577
10.0167 580
10.0333 582
10.05 585
10.0667 588
10.0833 590
10.1 593
10.1167 595
10.1333 598
10.15 600
10.1667 603
10.1833 605
10.2 608
10.2167 610
10.2333 613
10.25 615
10.2667 618
10.2833 620
10.3 623
10.3167 625
10.3333 627
10.35 630
10.3667 632
10.3833 634
10.4 637
10.4167 639
10.4333 641
10.45 644
10.4667 646
10.4833 648
10.5 650
10.5167 652
10.5333 655
10.55 657
10.5667 659
10.5833 661
10.6 663
10.6167 665
10.6333 667
10.65 669
10.6667 671
10.6833 673
10.7 675
10.7167 677
10.7333 679
10.75 681
10.7667 683
10.7833 685
10.8 687
10.8167 689
10.8333 691
10.85 692
10.8667 694
10.8833 696
10.9 698
10.9167 700
10.9333 701
10.95 703
10.9667 705
10.9833 706
11.0 708
11.0167 710
11.0333 711
11.05 713
11.0667 715
11.0833 716
11.1 718
11.1167 719
11.1333 721
11.15 722
11.1667 724
11.1833 725
11.2 727
11.2167 728
11.2333 730
11.25 731
11.2667 732
11.2833 734
11.3 735
11.3167 736
11.3333 738
11.35 739
11.3667 740
11.3833 741
11.4 743
11.4167 744
11.4333 745
11.45 746
11.4667 747
11.4833 748
11.5 750
11.5167 751
11.5333 752
11.55 753
11.5667 754
11.5833 755
11.6 756
11.6167 757
11.6333 758
11.65 759
11.6667 760
11.6833 760
11.7 761
11.7167 762
11.7333 763
11.75 764
11.7667 765
11.7833 765
11.8 766
11.8167 767
11.8333 768
11.85 768
11.8667 769
11.8833 770
11.9 770
11.9167 771
11.9333 771
11.95 772
11.9667 772
11.9833 773
12.0 774
12.0167 774
12.0333 774
12.05 775
12.0667 775
12.0833 776
12.1 776
12.1167 777
12.1333 777
12.15 777
12.1667 778
12.1833 778
12.2 778
12.2167 778
12.2333 779
12.25 779
12.2667 779
12.2833 779
12.3 779
12.3167 779
12.3333 780
12.35 780
12.3667 780
12.3833 780
12.4 780
12.4167 780
12.4333 780
12.45 780
12.4667 780
12.4833 780
12.5 779
12.5167 779
12.5333 779
12.55 779
12.5667 779
12.5833 779
12.6 779
12.6167 778
12.6333 778
12.65 778
12.6667 777
12.6833 777
12.7 777
12.7167 776
12.7333 776
12.75 776
12.7667 775
12.7833 775
12.8 774
12.8167 774
12.8333 773
12.85 773
12.8667 772
12.8833 772
12.9 771
12.9167 771
12.9333 770
12.95 769
12.9667 769
12.9833 768
13.0 767
13.0167 767
13.0333 766
13.05 765
13.0667 764
13.0833 764
13.1 763
13.1167 762
13.1333 761
13.15 760
13.1667 759
13.1833 758
13.2 757
13.2167 757
13.2333 756
13.25 755
13.2667 754
13.2833 753
13.3 751
13.3167 750
13.3333 749
13.35 748
13.3667 747
13.3833 746
13.4 745
13.4167 744
13.4333 742
13.45 741
13.4667 740
13.4833 739
13.5 737
13.5167 736
13.5333 735
13.55 733
13.5667 732
13.5833 731
13.6 729
13.6167 728
13.6333 726
13.65 725
13.6667 724
13.6833 722
13.7 721
13.7167 719
13.7333 717
13.75 716
13.7667 714
13.7833 713
13.8 711
13.8167 709
13.8333 708
13.85 706
13.8667 704
13.8833 703
13.9 701
13.9167 699
13.9333 697
13.95 696
13.9667 694
13.9833 692
14.0 690
14.0167 688
14.0333 687
14.05 685
14.0667 683
14.0833 681
14.1 679
14.1167 677
14.1333 675
14.15 673
14.1667 671
14.1833 669
14.2 667
14.2167 665
14.2333 663
14.25 661
14.2667 658
14.2833 656
14.3 654
14.3167 652
14.3333 650
14.35 648
14.3667 645
14.3833 643
14.4 641
14.4167 639
14.4333 636
14.45 634
14.4667 632
14.4833 629
14.5 627
14.5167 625
14.5333 622
14.55 620
14.5667 617
14.5833 615
14.6 612
14.6167 610
14.6333 607
14.65 605
14.6667 602
14.6833 600
14.7 597
14.7167 595
14.7333 592
14.75 590
14.7667 587
14.7833 584
14.8 582
14.8167 579
14.8333 576
14.85 574
14.8667 571
14.8833 568
14.9 566
14.9167 563
14.9333 560
14.95 557
14.9667 555
14.9833 552
15.0 548
15.0167 545
15.0333 542
15.05 539
15.0667 537
15.0833 534
15.1 531
15.1167 528
15.1333 525
15.15 522
15.1667 519
15.1833 516
15.2 513
15.2167 510
15.2333 507
15.25 504
15.2667 501
15.2833 498
15.3 495
15.3167 492
15.3333 489
15.35 486
15.3667 483
15.3833 480
15.4 476
15.4167 473
15.4333 470
15.45 467
15.4667 464
15.4833 461
15.5 457
15.5167 454
15.5333 451
15.55 448
15.5667 444
15.5833 441
15.6 438
15.6167 435
15.6333 431
15.65 428
15.6667 425
15.6833 421
15.7 418
15.7167 415
15.7333 411
15.75 408
15.7667 405
15.7833 401
15.8 398
15.8167 395
15.8333 391
15.85 388
15.8667 384
15.8833 381
15.9 377
15.9167 374
15.9333 371
15.95 367
15.9667 364
15.9833 360
16.0 357
16.0167 353
16.0333 350
16.05 346
16.0667 343
16.0833 339
16.1 336
16.1167 332
16.1333 329
16.15 325
16.1667 322
16.1833 318
16.2 314
16.2167 311
16.2333 307
16.25 304
16.2667 300
16.2833 297
16.3 293
16.3167 290
16.3333 286
16.35 282
16.3667 279
16.3833 275
16.4 272
16.4167 268
16.4333 264
16.45 261
16.4667 257
16.4833 254
16.5 250
16.5167 246
16.5333 243
16.55 239
16.5667 236
16.5833 232
16.6 229
16.6167 225
16.6333 221
16.65 218
16.6667 214
16.6833 211
16.7 207
16.7167 203
16.7333 200
16.75 196
16.7667 193
16.7833 189
16.8 186
16.8167 182
16.8333 179
16.85 175
16.8667 172
16.8833 168
16.9 165
16.9167 161
16.9333 158
16.95 154
16.9667 151
16.9833 147
