8.0 90
8.0167 93
8.0333 96
8.05 99
8.0667 102
8.0833 105
8.1 108
8.1167 111
8.1333 114
8.15 117
8.1667 121
8.1833 124
8.2 127
8.2167 130
8.2333 133
8.25 137
8.2667 140
8.2833 143
8.3 147
8.3167 150
8.3333 153
8.35 156
8.3667 160
8.3833 163
8.4 166
8.4167 170
8.4333 173
8.45 176
8.4667 180
8.4833 183
8.5 186
8.5167 190
8.5333 193
8.55 197
8.5667 200
8.5833 203
8.6 207
8.6167 210
8.6333 213
8.65 217
8.6667 220
8.6833 223
8.7 227
8.7167 230
8.7333 234
8.75 237
8.7667 240
8.7833 244
8.8 247
8.8167 250
8.8333 254
8.85 257
8.8667 260
8.8833 264
8.9 267
8.9167 270
8.9333 274
8.95 277
8.9667 280
8.9833 284
9.0 287
9.0167 290
9.0333 293
9.05 296
9.0667 300
9.0833 303
9.1 306
9.1167 310
9.1333 313
9.15 316
9.1667 319
9.1833 323
9.2 326
9.2167 329
9.2333 332
9.25 335
9.2667 339
9.2833 342
9.3 345
9.3167 348
9.3333 351
9.35 355
9.3667 358
9.3833 361
9.4 364
9.4167 367
9.4333 370
9.45 373
9.4667 376
9.4833 379
9.5 383
9.5167 386
9.5333 389
9.55 392
9.5667 395
9.5833 398
9.6 401
9.6167 404
9.6333 407
9.65 410
9.6667 413
9.6833 416
9.7 419
9.7167 422
9.7333 424
9.75 427
9.7667 430
9.7833 433
9.8 436
9.8167 439
9.8333 442
9.85 445
9.8667 447
9.8833 450
9.9 453
9.9167 456
9.9333 459
9.95 461
9.9667 464
9.9833 467
10.0 470
10.0167 472
10.0333 475
10.05 478
10.0667 480
10.0833 483
10.1 486
10.1167 488
10.1333 491
10.15 493
10.1667 496
10.1833 499
10.2 501
10.2167 504
10.2333 506
10.25 509
10.2667 511
10.2833 514
10.3 516
10.3167 519
10.3333 521
10.35 523
10.3667 526
10.3833 528
10.4 531
10.4167 533
10.4333 535
10.45 538
10.4667 540
10.4833 542
10.5 544
10.5167 547
10.5333 549
10.55 551
10.5667 553
10.5833 556
10.6 558
10.6167 560
10.6333 562
10.65 564
10.6667 566
10.6833 569
10.7 571
10.7167 573
10.7333 575
10.75 577
10.7667 579
10.7833 581
10.8 583
10.8167 585
10.8333 587
10.85 589
10.8667 591
10.8833 593
10.9 594
10.9167 596
10.9333 598
10.95 600
10.9667 602
10.9833 604
11.0 605
11.0167 607
11.0333 609
11.05 611
11.0667 612
11.0833 614
11.1 616
11.1167 617
11.1333 619
11.15 621
11.1667 622
11.1833 624
11.2 625
11.2167 627
11.2333 629
11.25 630
11.2667 632
11.2833 633
11.3 635
11.3167 636
11.3333 637
11.35 639
11.3667 640
11.3833 642
11.4 643
11.4167 644
11.4333 646
11.45 647
11.4667 648
11.4833 650
11.5 651
11.5167 652
11.5333 653
11.55 654
11.5667 656
11.5833 657
11.6 658
11.6167 659
11.6333 660
11.65 661
11.6667 662
11.6833 663
11.7 664
11.7167 665
11.7333 666
11.75 667
11.7667 668
11.7833 669
11.8 670
11.8167 671
11.8333 672
11.85 673
11.8667 674
11.8833 674
11.9 675
11.9167 676
11.9333 677
11.95 677
11.9667 678
11.9833 679
12.0 680
12.0167 680
12.0333 681
12.05 682
12.0667 682
12.0833 683
12.1 683
12.1167 684
12.1333 684
12.15 685
12.1667 685
12.1833 686
12.2 686
12.2167 687
12.2333 687
12.25 688
12.2667 688
12.2833 688
12.3 689
12.3167 689
12.3333 689
12.35 690
12.3667 690
12.3833 690
12.4 690
12.4167 691
12.4333 691
12.45 691
12.4667 691
12.4833 691
12.5 691
12.5167 691
12.5333 691
12.55 691
12.5667 691
12.5833 691
12.6 691
12.6167 691
12.6333 691
12.65 691
12.6667 691
12.6833 691
12.7 691
12.7167 691
12.7333 691
12.75 691
12.7667 690
12.7833 690
12.8 690
12.8167 690
12.8333 689
12.85 689
12.8667 689
12.8833 688
12.9 688
12.9167 688
12.9333 687
12.95 687
12.9667 686
12.9833 686
13.0 685
13.0167 685
13.0333 684
13.05 684
13.0667 683
13.0833 683
13.1 682
13.1167 682
13.1333 681
13.15 680
13.1667 680
13.1833 679
13.2 678
13.2167 678
13.2333 677
13.25 676
13.2667 675
13.2833 674
13.3 674
13.3167 673
13.3333 672
13.35 671
13.3667 670
13.3833 669
13.4 668
13.4167 667
13.4333 666
13.45 665
13.4667 664
13.4833 663
13.5 662
13.5167 661
13.5333 660
13.55 659
13.5667 658
13.5833 657
13.6 656
13.6167 654
13.6333 653
13.65 652
13.6667 651
13.6833 650
13.7 648
13.7167 647
13.7333 646
13.75 644
13.7667 643
13.7833 642
13.8 640
13.8167 639
13.8333 638
13.85 636
13.8667 635
13.8833 633
13.9 632
13.9167 630
13.9333 629
13.95 627
13.9667 626
13.9833 624
14.0 622
14.0167 621
14.0333 619
14.05 617
14.0667 616
14.0833 614
14.1 612
14.1167 611
14.1333 609
14.15 607
14.1667 605
14.1833 604
14.2 602
14.2167 600
14.2333 598
14.25 596
14.2667 594
14.2833 593
14.3 591
14.3167 589
14.3333 587
14.35 585
14.3667 583
14.3833 581
14.4 579
14.4167 577
14.4333 575
14.45 573
14.4667 571
14.4833 569
14.5 567
14.5167 564
14.5333 562
14.55 560
14.5667 558
14.5833 556
14.6 554
14.6167 551
14.6333 549
14.65 547
14.6667 545
14.6833 542
14.7 540
14.7167 538
14.7333 535
14.75 533
14.7667 531
14.7833 528
14.8 526
14.8167 523
14.8333 521
14.85 519
14.8667 516
14.8833 514
14.9 511
14.9167 509
14.9333 506
14.95 504
14.9667 501
14.9833 499
15.0 496
15.0167 494
15.0333 491
15.05 488
15.0667 486
15.0833 483
15.1 480
15.1167 478
15.1333 475
15.15 472
15.1667 470
15.1833 467
15.2 464
15.2167 462
15.2333 459
15.25 456
15.2667 453
15.2833 450
15.3 448
15.3167 445
15.3333 442
15.35 439
15.3667 436
15.3833 433
15.4 431
15.4167 428
15.4333 425
15.45 422
15.4667 419
15.4833 416
15.5 413
15.5167 410
15.5333 407
15.55 404
15.5667 401
15.5833 398
15.6 395
15.6167 392
15.6333 389
15.65 386
15.6667 383
15.6833 380
15.7 377
15.7167 374
15.7333 370
15.75 367
15.7667 364
15.7833 361
15.8 358
15.8167 355
15.8333 352
15.85 348
15.8667 345
15.8833 342
15.9 339
15.9167 336
15.9333 333
15.95 329
15.9667 326
15.9833 323
16.0 320
16.0167 316
16.0333 313
16.05 310
16.0667 307
16.0833 303
16.1 300
16.1167 297
16.1333 293
16.15 290
16.1667 287
16.1833 283
16.2 280
16.2167 277
16.2333 274
16.25 270
16.2667 267
16.2833 264
16.3 260
16.3167 257
16.3333 253
16.35 250
16.3667 247
16.3833 243
16.4 240
16.4167 237
16.4333 233
16.45 230
16.4667 227
16.4833 223
16.5 220
16.5167 216
16.5333 213
16.55 210
16.5667 206
16.5833 203
16.6 200
16.6167 196
16.6333 193
16.65 190
16.6667 186
16.6833 183
16.7 180
16.7167 176
16.7333 173
16.75 170
16.7667 166
16.7833 163
16.8 160
16.8167 156
16.8333 153
16.85 150
16.8667 146
16.8833 143
16.9 140
16.9167 137
16.9333 133
16.95 130
16.9667 127
16.9833 124
