8.0 76
8.0167 79
8.0333 82
8.05 85
8.0667 88
8.0833 91
8.1 94
8.1167 97
8.1333 100
8.15 103
8.1667 106
8.1833 109
8.2 112
8.2167 115
8.2333 118
8.25 121
8.2667 124
8.2833 127
8.3 131
8.3167 134
8.3333 137
8.35 140
8.3667 144
8.3833 147
8.4 150
8.4167 153
8.4333 157
8.45 160
8.4667 163
8.4833 166
8.5 170
8.5167 173
8.5333 176
8.55 180
8.5667 183
8.5833 186
8.6 190
8.6167 193
8.6333 196
8.65 200
8.6667 203
8.6833 206
8.7 210
8.7167 213
8.7333 216
8.75 220
8.7667 223
8.7833 226
8.8 230
8.8167 233
8.8333 236
8.85 240
8.8667 243
8.8833 246
8.9 250
8.9167 253
8.9333 256
8.95 260
8.9667 263
8.9833 266
9.0 270
9.0167 272
9.0333 276
9.05 279
9.0667 282
9.0833 286
9.1 289
9.1167 292
9.1333 295
9.15 299
9.1667 302
9.1833 305
9.2 308
9.2167 312
9.2333 315
9.25 318
9.2667 321
9.2833 324
9.3 328
9.3167 331
9.3333 334
9.35 337
9.3667 340
9.3833 343
9.4 347
9.4167 350
9.4333 353
9.45 356
9.4667 359
9.4833 362
9.5 365
9.5167 368
9.5333 371
9.55 375
9.5667 378
9.5833 381
9.6 384
9.6167 387
9.6333 390
9.65 393
9.6667 396
9.6833 399
9.7 402
9.7167 405
9.7333 408
9.75 411
9.7667 413
9.7833 416
9.8 419
9.8167 422
9.8333 425
9.85 428
9.8667 431
9.8833 434
9.9 436
9.9167 439
9.9333 442
9.95 445
9.9667 448
9.9833 450
10.0 453
10.0167 456
10.0333 459
10.05 461
10.0667 464
10.0833 467
10.1 469
10.1167 472
10.1333 475
10.15 477
10.1667 480
10.1833 483
10.2 485
10.2167 488
10.2333 490
10.25 493
10.2667 495
10.2833 498
10.3 500
10.3167 503
10.3333 505
10.35 508
10.3667 510
10.3833 513
10.4 515
10.4167 517
10.4333 520
10.45 522
10.4667 525
10.4833 527
10.5 529
10.5167 532
10.5333 534
10.55 536
10.5667 538
10.5833 541
10.6 543
10.6167 545
10.6333 547
10.65 550
10.6667 552
10.6833 554
10.7 556
10.7167 558
10.7333 560
10.75 562
10.7667 564
10.7833 566
10.8 568
10.8167 570
10.8333 572
10.85 574
10.8667 576
10.8833 578
10.9 580
10.9167 582
10.9333 584
10.95 586
10.9667 588
10.9833 590
11.0 592
11.0167 593
11.0333 595
11.05 597
11.0667 599
11.0833 601
11.1 602
11.1167 604
11.1333 606
11.15 607
11.1667 609
11.1833 611
11.2 612
11.2167 614
11.2333 616
11.25 617
11.2667 619
11.2833 620
11.3 622
11.3167 623
11.3333 625
11.35 626
11.3667 628
11.3833 629
11.4 631
11.4167 632
11.4333 633
11.45 635
11.4667 636
11.4833 637
11.5 639
11.5167 640
11.5333 641
11.55 643
11.5667 644
11.5833 645
11.6 646
11.6167 647
11.6333 649
11.65 650
11.6667 651
11.6833 652
11.7 653
11.7167 654
11.7333 655
11.75 656
11.7667 657
11.7833 658
11.8 659
11.8167 660
11.8333 661
11.85 662
11.8667 663
11.8833 664
11.9 665
11.9167 665
11.9333 666
11.95 667
11.9667 668
11.9833 669
12.0 669
12.0167 670
12.0333 671
12.05 671
12.0667 672
12.0833 673
12.1 673
12.1167 674
12.1333 675
12.15 675
12.1667 676
12.1833 676
12.2 677
12.2167 677
12.2333 678
12.25 678
12.2667 679
12.2833 679
12.3 680
12.3167 680
12.3333 680
12.35 681
12.3667 681
12.3833 681
12.4 682
12.4167 682
12.4333 682
12.45 682
12.4667 683
12.4833 683
12.5 683
12.5167 683
12.5333 683
12.55 683
12.5667 683
12.5833 683
12.6 684
12.6167 684
12.6333 684
12.65 684
12.6667 684
12.6833 684
12.7 683
12.7167 683
12.7333 683
12.75 683
12.7667 683
12.7833 683
12.8 683
12.8167 683
12.8333 682
12.85 682
12.8667 682
12.8833 682
12.9 681
12.9167 681
12.9333 681
12.95 680
12.9667 680
12.9833 679
13.0 679
13.0167 679
13.0333 678
13.05 678
13.0667 677
13.0833 677
13.1 676
13.1167 676
13.1333 675
13.15 675
13.1667 674
13.1833 673
13.2 673
13.2167 672
13.2333 671
13.25 671
13.2667 670
13.2833 669
13.3 668
13.3167 668
13.3333 667
13.35 666
13.3667 665
13.3833 664
13.4 664
13.4167 663
13.4333 662
13.45 661
13.4667 660
13.4833 659
13.5 658
13.5167 657
13.5333 656
13.55 655
13.5667 654
13.5833 653
13.6 652
13.6167 651
13.6333 649
13.65 648
13.6667 647
13.6833 646
13.7 645
13.7167 644
13.7333 642
13.75 641
13.7667 640
13.7833 638
13.8 637
13.8167 636
13.8333 634
13.85 633
13.8667 632
13.8833 630
13.9 629
13.9167 627
13.9333 626
13.95 625
13.9667 623
13.9833 621
14.0 620
14.0167 618
14.0333 617
14.05 615
14.0667 614
14.0833 612
14.1 610
14.1167 609
14.1333 607
14.15 605
14.1667 604
14.1833 602
14.2 600
14.2167 598
14.2333 597
14.25 595
14.2667 593
14.2833 591
14.3 589
14.3167 588
14.3333 586
14.35 584
14.3667 582
14.3833 580
14.4 578
14.4167 576
14.4333 574
14.45 572
14.4667 570
14.4833 568
14.5 566
14.5167 564
14.5333 562
14.55 560
14.5667 558
14.5833 556
14.6 553
14.6167 551
14.6333 549
14.65 547
14.6667 545
14.6833 542
14.7 540
14.7167 538
14.7333 536
14.75 533
14.7667 531
14.7833 529
14.8 526
14.8167 524
14.8333 522
14.85 519
14.8667 517
14.8833 515
14.9 512
14.9167 510
14.9333 507
14.95 505
14.9667 502
14.9833 500
15.0 498
15.0167 495
15.0333 493
15.05 490
15.0667 487
15.0833 485
15.1 482
15.1167 480
15.1333 477
15.15 474
15.1667 472
15.1833 469
15.2 466
15.2167 464
15.2333 461
15.25 458
15.2667 456
15.2833 453
15.3 450
15.3167 447
15.3333 445
15.35 442
15.3667 439
15.3833 436
15.4 433
15.4167 430
15.4333 428
15.45 425
15.4667 422
15.4833 419
15.5 416
15.5167 413
15.5333 410
15.55 407
15.5667 404
15.5833 401
15.6 398
15.6167 395
15.6333 392
15.65 389
15.6667 386
15.6833 383
15.7 380
15.7167 377
15.7333 374
15.75 371
15.7667 368
15.7833 365
15.8 362
15.8167 359
15.8333 356
15.85 353
15.8667 349
15.8833 346
15.9 343
15.9167 340
15.9333 337
15.95 334
15.9667 331
15.9833 327
16.0 324
16.0167 321
16.0333 318
16.05 315
16.0667 311
16.0833 308
16.1 305
16.1167 302
16.1333 298
16.15 295
16.1667 292
16.1833 289
16.2 285
16.2167 282
16.2333 279
16.25 275
16.2667 272
16.2833 269
16.3 265
16.3167 262
16.3333 259
16.35 256
16.3667 252
16.3833 249
16.4 246
16.4167 242
16.4333 239
16.45 236
16.4667 232
16.4833 229
16.5 226
16.5167 222
16.5333 219
16.55 216
16.5667 212
16.5833 209
16.6 206
16.6167 202
16.6333 199
16.65 196
16.6667 192
16.6833 189
16.7 186
16.7167 182
16.7333 179
16.75 176
16.7667 172
16.7833 169
16.8 166
16.8167 162
16.8333 159
16.85 156
16.8667 153
16.8833 149
16.9 146
16.9167 143
16.9333 140
16.95 136
16.9667 133
16.9833 130
