8.0 62
8.0167 65
8.0333 68
8.05 71
8.0667 74
8.0833 76
8.1 79
8.1167 83
8.1333 86
8.15 89
8.1667 92
8.1833 95
8.2 98
8.2167 101
8.2333 105
8.25 108
8.2667 111
8.2833 114
8.3 118
8.3167 121
8.3333 124
8.35 128
8.3667 131
8.3833 135
8.4 138
8.4167 141
8.4333 145
8.45 148
8.4667 152
8.4833 155
8.5 159
8.5167 162
8.5333 165
8.55 169
8.5667 172
8.5833 176
8.6 179
8.6167 183
8.6333 186
8.65 190
8.6667 193
8.6833 197
8.7 200
8.7167 204
8.7333 208
8.75 211
8.7667 215
8.7833 218
8.8 222
8.8167 225
8.8333 229
8.85 232
8.8667 236
8.8833 239
8.9 243
8.9167 246
8.9333 250
8.95 253
8.9667 257
8.9833 260
9.0 264
9.0167 268
9.0333 271
9.05 275
9.0667 278
9.0833 282
9.1 285
9.1167 289
9.1333 292
9.15 296
9.1667 299
9.1833 303
9.2 306
9.2167 310
9.2333 313
9.25 317
9.2667 320
9.2833 323
9.3 327
9.3167 330
9.3333 334
9.35 337
9.3667 341
9.3833 344
9.4 347
9.4167 351
9.4333 354
9.45 357
9.4667 361
9.4833 364
9.5 368
9.5167 371
9.5333 374
9.55 377
9.5667 381
9.5833 384
9.6 387
9.6167 391
9.6333 394
9.65 397
9.6667 400
9.6833 404
9.7 407
9.7167 410
9.7333 413
9.75 416
9.7667 420
9.7833 423
9.8 426
9.8167 429
9.8333 432
9.85 435
9.8667 438
9.8833 442
9.9 445
9.9167 448
9.9333 451
9.95 454
9.9667 457
9.9833 460
10.0 463
10.0167 466
10.0333 469
10.05 472
10.0667 475
10.0833 478
10.1 481
10.1167 484
10.1333 487
10.15 490
10.1667 492
10.1833 495
10.2 498
10.2167 501
10.2333 504
10.25 507
10.2667 509
10.2833 512
10.3 515
10.3167 518
10.3333 520
10.35 523
10.3667 526
10.3833 529
10.4 531
10.4167 534
10.4333 537
10.45 539
10.4667 542
10.4833 545
10.5 547
10.5167 550
10.5333 552
10.55 555
10.5667 557
10.5833 560
10.6 562
10.6167 565
10.6333 567
10.65 570
10.6667 572
10.6833 575
10.7 577
10.7167 580
10.7333 582
10.75 584
10.7667 587
10.7833 589
10.8 591
10.8167 594
10.8333 596
10.85 598
10.8667 600
10.8833 603
10.9 605
10.9167 607
10.9333 609
10.95 612
10.9667 614
10.9833 616
11.0 618
11.0167 620
11.0333 622
11.05 624
11.0667 626
11.0833 628
11.1 630
11.1167 632
11.1333 634
11.15 636
11.1667 638
11.1833 640
11.2 642
11.2167 644
11.2333 646
11.25 648
11.2667 650
11.2833 651
11.3 653
11.3167 655
11.3333 657
11.35 658
11.3667 660
11.3833 662
11.4 664
11.4167 665
11.4333 667
11.45 669
11.4667 670
11.4833 672
11.5 673
11.5167 675
11.5333 677
11.55 678
11.5667 680
11.5833 681
11.6 683
11.6167 684
11.6333 686
11.65 687
11.6667 688
11.6833 690
11.7 691
11.7167 692
11.7333 694
11.75 695
11.7667 696
11.7833 698
11.8 699
11.8167 700
11.8333 701
11.85 703
11.8667 704
11.8833 705
11.9 706
11.9167 707
11.9333 708
11.95 709
11.9667 710
11.9833 711
12.0 712
12.0167 714
12.0333 714
12.05 715
12.0667 716
12.0833 717
12.1 718
12.1167 719
12.1333 720
12.15 721
12.1667 722
12.1833 722
12.2 723
12.2167 724
12.2333 725
12.25 726
12.2667 726
12.2833 727
12.3 728
12.3167 728
12.3333 729
12.35 730
12.3667 730
12.3833 731
12.4 731
12.4167 732
12.4333 732
12.45 733
12.4667 733
12.4833 734
12.5 734
12.5167 735
12.5333 735
12.55 735
12.5667 736
12.5833 736
12.6 736
12.6167 737
12.6333 737
12.65 737
12.6667 738
12.6833 738
12.7 738
12.7167 738
12.7333 738
12.75 738
12.7667 739
12.7833 739
12.8 739
12.8167 739
12.8333 739
12.85 739
12.8667 739
12.8833 739
12.9 739
12.9167 739
12.9333 739
12.95 739
12.9667 738
12.9833 738
13.0 738
13.0167 738
13.0333 738
13.05 738
13.0667 737
13.0833 737
13.1 737
13.1167 737
13.1333 736
13.15 736
13.1667 736
13.1833 735
13.2 735
13.2167 734
13.2333 734
13.25 733
13.2667 733
13.2833 733
13.3 732
13.3167 731
13.3333 731
13.35 730
13.3667 730
13.3833 729
13.4 729
13.4167 728
13.4333 727
13.45 727
13.4667 726
13.4833 725
13.5 724
13.5167 724
13.5333 723
13.55 722
13.5667 721
13.5833 720
13.6 719
13.6167 719
13.6333 718
13.65 717
13.6667 716
13.6833 715
13.7 714
13.7167 713
13.7333 712
13.75 711
13.7667 710
13.7833 709
13.8 708
13.8167 706
13.8333 705
13.85 704
13.8667 703
13.8833 702
13.9 701
13.9167 699
13.9333 698
13.95 697
13.9667 696
13.9833 694
14.0 693
14.0167 692
14.0333 690
14.05 689
14.0667 687
14.0833 686
14.1 685
14.1167 683
14.1333 682
14.15 680
14.1667 679
14.1833 677
14.2 676
14.2167 674
14.2333 672
14.25 671
14.2667 669
14.2833 668
14.3 666
14.3167 664
14.3333 662
14.35 661
14.3667 659
14.3833 657
14.4 656
14.4167 654
14.4333 652
14.45 650
14.4667 648
14.4833 646
14.5 645
14.5167 643
14.5333 641
14.55 639
14.5667 637
14.5833 635
14.6 633
14.6167 631
14.6333 629
14.65 627
14.6667 625
14.6833 623
14.7 621
14.7167 619
14.7333 617
14.75 614
14.7667 612
14.7833 610
14.8 608
14.8167 606
14.8333 603
14.85 601
14.8667 599
14.8833 597
14.9 594
14.9167 592
14.9333 590
14.95 587
14.9667 585
14.9833 583
15.0 581
15.0167 579
15.0333 576
15.05 574
15.0667 572
15.0833 569
15.1 567
15.1167 564
15.1333 562
15.15 559
15.1667 557
15.1833 554
15.2 552
15.2167 549
15.2333 546
15.25 544
15.2667 541
15.2833 538
15.3 536
15.3167 533
15.3333 530
15.35 528
15.3667 525
15.3833 522
15.4 520
15.4167 517
15.4333 514
15.45 511
15.4667 508
15.4833 506
15.5 503
15.5167 500
15.5333 497
15.55 494
15.5667 491
15.5833 488
15.6 486
15.6167 483
15.6333 480
15.65 477
15.6667 474
15.6833 471
15.7 468
15.7167 465
15.7333 462
15.75 459
15.7667 456
15.7833 453
15.8 450
15.8167 447
15.8333 443
15.85 440
15.8667 437
15.8833 434
15.9 431
15.9167 428
15.9333 425
15.95 422
15.9667 418
15.9833 415
16.0 412
16.0167 409
16.0333 406
16.05 402
16.0667 399
16.0833 396
16.1 393
16.1167 389
16.1333 386
16.15 383
16.1667 379
16.1833 376
16.2 373
16.2167 369
16.2333 366
16.25 363
16.2667 359
16.2833 356
16.3 353
16.3167 349
16.3333 346
16.35 343
16.3667 339
16.3833 336
16.4 332
16.4167 329
16.4333 326
16.45 322
16.4667 319
16.4833 315
16.5 312
16.5167 308
16.5333 305
16.55 301
16.5667 298
16.5833 294
16.6 291
16.6167 287
16.6333 284
16.65 280
16.6667 277
16.6833 273
16.7 270
16.7167 266
16.7333 263
16.75 259
16.7667 256
16.7833 252
16.8 249
16.8167 245
16.8333 242
16.85 238
16.8667 235
16.8833 231
16.9 227
16.9167 224
16.9333 220
16.95 217
16.9667 213
16.9833 210
