8.0 66
8.0167 69
8.0333 72
8.05 75
8.0667 79
8.0833 82
8.1 85
8.1167 88
8.1333 91
8.15 94
8.1667 98
8.1833 101
8.2 104
8.2167 108
8.2333 111
8.25 114
8.2667 118
8.2833 121
8.3 124
8.3167 128
8.3333 131
8.35 135
8.3667 139
8.3833 142
8.4 146
8.4167 149
8.4333 153
8.45 156
8.4667 160
8.4833 163
8.5 167
8.5167 170
8.5333 174
8.55 177
8.5667 181
8.5833 184
8.6 188
8.6167 192
8.6333 195
8.65 199
8.6667 202
8.6833 206
8.7 210
8.7167 213
8.7333 217
8.75 220
8.7667 224
8.7833 228
8.8 231
8.8167 235
8.8333 238
8.85 242
8.8667 246
8.8833 249
8.9 253
8.9167 256
8.9333 260
8.95 264
8.9667 267
8.9833 271
9.0 274
9.0167 278
9.0333 282
9.05 285
9.0667 289
9.0833 292
9.1 296
9.1167 300
9.1333 303
9.15 307
9.1667 310
9.1833 314
9.2 317
9.2167 321
9.2333 324
9.25 328
9.2667 331
9.2833 335
9.3 338
9.3167 342
9.3333 345
9.35 349
9.3667 352
9.3833 355
9.4 359
9.4167 362
9.4333 366
9.45 369
9.4667 373
9.4833 376
9.5 379
9.5167 383
9.5333 386
9.55 389
9.5667 393
9.5833 396
9.6 399
9.6167 403
9.6333 406
9.65 409
9.6667 413
9.6833 416
9.7 419
9.7167 422
9.7333 426
9.75 429
9.7667 432
9.7833 435
9.8 438
9.8167 442
9.8333 445
9.85 448
9.8667 451
9.8833 454
9.9 457
9.9167 460
9.9333 464
9.95 467
9.9667 470
9.9833 473
10.0 476
10.0167 479
10.0333 482
10.05 485
10.0667 488
10.0833 491
10.1 494
10.1167 497
10.1333 500
10.15 503
10.1667 506
10.1833 508
10.2 511
10.2167 514
10.2333 517
10.25 520
10.2667 523
10.2833 526
10.3 528
10.3167 531
10.3333 534
10.35 537
10.3667 539
10.3833 542
10.4 545
10.4167 548
10.4333 550
10.45 553
10.4667 556
10.4833 558
10.5 561
10.5167 564
10.5333 566
10.55 569
10.5667 571
10.5833 574
10.6 576
10.6167 579
10.6333 581
10.65 584
10.6667 586
10.6833 589
10.7 591
10.7167 594
10.7333 596
10.75 598
10.7667 601
10.7833 603
10.8 606
10.8167 608
10.8333 610
10.85 612
10.8667 615
10.8833 617
10.9 619
10.9167 621
10.9333 624
10.95 626
10.9667 628
10.9833 630
11.0 632
11.0167 634
11.0333 637
11.05 639
11.0667 641
11.0833 643
11.1 645
11.1167 647
11.1333 649
11.15 651
11.1667 653
11.1833 655
11.2 657
11.2167 659
11.2333 661
11.25 662
11.2667 664
11.2833 666
11.3 668
11.3167 670
11.3333 672
11.35 673
11.3667 675
11.3833 677
11.4 679
11.4167 680
11.4333 682
11.45 684
11.4667 685
11.4833 687
11.5 689
11.5167 690
11.5333 692
11.55 693
11.5667 695
11.5833 696
11.6 698
11.6167 699
11.6333 701
11.65 702
11.6667 704
11.6833 705
11.7 706
11.7167 708
11.7333 709
11.75 710
11.7667 712
11.7833 713
11.8 714
11.8167 716
11.8333 717
11.85 718
11.8667 719
11.8833 720
11.9 722
11.9167 723
11.9333 724
11.95 725
11.9667 726
11.9833 727
12.0 728
12.0167 729
12.0333 730
12.05 731
12.0667 732
12.0833 733
12.1 734
12.1167 735
12.1333 736
12.15 737
12.1667 737
12.1833 738
12.2 739
12.2167 740
12.2333 741
12.25 741
12.2667 742
12.2833 743
12.3 744
12.3167 744
12.3333 745
12.35 745
12.3667 746
12.3833 747
12.4 747
12.4167 748
12.4333 748
12.45 749
12.4667 749
12.4833 750
12.5 750
12.5167 751
12.5333 751
12.55 752
12.5667 752
12.5833 752
12.6 753
12.6167 753
12.6333 753
12.65 753
12.6667 754
12.6833 754
12.7 754
12.7167 754
12.7333 755
12.75 755
12.7667 755
12.7833 755
12.8 755
12.8167 755
12.8333 755
12.85 755
12.8667 755
12.8833 755
12.9 755
12.9167 755
12.9333 755
12.95 755
12.9667 755
12.9833 755
13.0 755
13.0167 754
13.0333 754
13.05 754
13.0667 754
13.0833 754
13.1 753
13.1167 753
13.1333 753
13.15 752
13.1667 752
13.1833 752
13.2 751
13.2167 751
13.2333 751
13.25 750
13.2667 750
13.2833 749
13.3 749
13.3167 748
13.3333 748
13.35 747
13.3667 746
13.3833 746
13.4 745
13.4167 745
13.4333 744
13.45 743
13.4667 743
13.4833 742
13.5 741
13.5167 740
13.5333 740
13.55 739
13.5667 738
13.5833 737
13.6 736
13.6167 735
13.6333 734
13.65 734
13.6667 733
13.6833 732
13.7 731
13.7167 730
13.7333 729
13.75 728
13.7667 727
13.7833 726
13.8 724
13.8167 723
13.8333 722
13.85 721
13.8667 720
13.8833 719
13.9 717
13.9167 716
13.9333 715
13.95 714
13.9667 712
13.9833 711
14.0 710
14.0167 708
14.0333 707
14.05 706
14.0667 704
14.0833 703
14.1 702
14.1167 700
14.1333 699
14.15 697
14.1667 696
14.1833 694
14.2 693
14.2167 691
14.2333 689
14.25 688
14.2667 686
14.2833 685
14.3 683
14.3167 681
14.3333 680
14.35 678
14.3667 676
14.3833 674
14.4 673
14.4167 671
14.4333 669
14.45 667
14.4667 665
14.4833 663
14.5 662
14.5167 660
14.5333 658
14.55 656
14.5667 654
14.5833 652
14.6 650
14.6167 648
14.6333 646
14.65 644
14.6667 642
14.6833 640
14.7 638
14.7167 636
14.7333 634
14.75 631
14.7667 629
14.7833 627
14.8 625
14.8167 623
14.8333 620
14.85 618
14.8667 616
14.8833 614
14.9 611
14.9167 609
14.9333 607
14.95 604
14.9667 602
14.9833 600
15.0 598
15.0167 596
15.0333 594
15.05 591
15.0667 589
15.0833 586
15.1 584
15.1167 581
15.1333 579
15.15 576
15.1667 574
15.1833 571
15.2 568
15.2167 566
15.2333 563
15.25 561
15.2667 558
15.2833 555
15.3 553
15.3167 550
15.3333 547
15.35 545
15.3667 542
15.3833 539
15.4 536
15.4167 534
15.4333 531
15.45 528
15.4667 525
15.4833 522
15.5 520
15.5167 517
15.5333 514
15.55 511
15.5667 508
15.5833 505
15.6 502
15.6167 499
15.6333 496
15.65 493
15.6667 490
15.6833 487
15.7 484
15.7167 481
15.7333 478
15.75 475
15.7667 472
15.7833 469
15.8 466
15.8167 463
15.8333 460
15.85 457
15.8667 454
15.8833 451
15.9 447
15.9167 444
15.9333 441
15.95 438
15.9667 435
15.9833 432
16.0 428
16.0167 425
16.0333 422
16.05 419
16.0667 415
16.0833 412
16.1 409
16.1167 405
16.1333 402
16.15 399
16.1667 396
16.1833 392
16.2 389
16.2167 385
16.2333 382
16.25 379
16.2667 375
16.2833 372
16.3 369
16.3167 365
16.3333 362
16.35 358
16.3667 355
16.3833 351
16.4 348
16.4167 344
16.4333 341
16.45 338
16.4667 334
16.4833 331
16.5 327
16.5167 324
16.5333 320
16.55 317
16.5667 313
16.5833 310
16.6 306
16.6167 302
16.6333 299
16.65 295
16.6667 292
16.6833 288
16.7 285
16.7167 281
16.7333 278
16.75 274
16.7667 270
16.7833 267
16.8 263
16.8167 260
16.8333 256
16.85 252
16.8667 249
16.8833 245
16.9 242
16.9167 238
16.9333 234
16.95 231
16.9667 227
16.9833 224
