8.0 62
8.0167 65
8.0333 67
8.05 70
8.0667 73
8.0833 76
8.1 79
8.1167 82
8.1333 85
8.15 88
8.1667 92
8.1833 95
8.2 98
8.2167 101
8.2333 104
8.25 108
8.2667 111
8.2833 114
8.3 117
8.3167 121
8.3333 124
8.35 127
8.3667 131
8.3833 134
8.4 138
8.4167 141
8.4333 144
8.45 148
8.4667 151
8.4833 155
8.5 158
8.5167 162
8.5333 165
8.55 169
8.5667 172
8.5833 176
8.6 179
8.6167 183
8.6333 186
8.65 190
8.6667 193
8.6833 197
8.7 200
8.7167 204
8.7333 207
8.75 211
8.7667 214
8.7833 218
8.8 221
8.8167 225
8.8333 228
8.85 232
8.8667 235
8.8833 239
8.9 242
8.9167 246
8.9333 249
8.95 253
8.9667 256
8.9833 260
9.0 263
9.0167 267
9.0333 271
9.05 274
9.0667 278
9.0833 281
9.1 285
9.1167 288
9.1333 292
9.15 295
9.1667 298
9.1833 302
9.2 305
9.2167 309
9.2333 312
9.25 316
9.2667 319
9.2833 323
9.3 326
9.3167 329
9.3333 333
9.35 336
9.3667 340
9.3833 343
9.4 346
9.4167 350
9.4333 353
9.45 356
9.4667 360
9.4833 363
9.5 366
9.5167 370
9.5333 373
9.55 376
9.5667 380
9.5833 383
9.6 386
9.6167 389
9.6333 393
9.65 396
9.6667 399
9.6833 402
9.7 406
9.7167 409
9.7333 412
9.75 415
9.7667 418
9.7833 421
9.8 425
9.8167 428
9.8333 431
9.85 434
9.8667 437
9.8833 440
9.9 443
9.9167 446
9.9333 449
9.95 452
9.9667 455
9.9833 458
10.0 461
10.0167 464
10.0333 467
10.05 470
10.0667 473
10.0833 476
10.1 479
10.1167 482
10.1333 485
10.15 488
10.1667 491
10.1833 494
10.2 496
10.2167 499
10.2333 502
10.25 505
10.2667 508
10.2833 510
10.3 513
10.3167 516
10.3333 519
10.35 521
10.3667 524
10.3833 527
10.4 529
10.4167 532
10.4333 535
10.45 537
10.4667 540
10.4833 543
10.5 545
10.5167 548
10.5333 550
10.55 553
10.5667 555
10.5833 558
10.6 560
10.6167 563
10.6333 565
10.65 568
10.6667 570
10.6833 573
10.7 575
10.7167 577
10.7333 580
10.75 582
10.7667 584
10.7833 587
10.8 589
10.8167 591
10.8333 594
10.85 596
10.8667 598
10.8833 600
10.9 603
10.9167 605
10.9333 607
10.95 609
10.9667 611
10.9833 613
11.0 615
11.0167 618
11.0333 620
11.05 622
11.0667 624
11.0833 626
11.1 628
11.1167 630
11.1333 632
11.15 634
11.1667 636
11.1833 637
11.2 639
11.2167 641
11.2333 643
11.25 645
11.2667 647
11.2833 649
11.3 650
11.3167 652
11.3333 654
11.35 656
11.3667 657
11.3833 659
11.4 661
11.4167 662
11.4333 664
11.45 666
11.4667 667
11.4833 669
11.5 670
11.5167 672
11.5333 674
11.55 675
11.5667 677
11.5833 678
11.6 680
11.6167 681
11.6333 682
11.65 684
11.6667 685
11.6833 687
11.7 688
11.7167 689
11.7333 691
11.75 692
11.7667 693
11.7833 694
11.8 696
11.8167 697
11.8333 698
11.85 699
11.8667 700
11.8833 702
11.9 703
11.9167 704
11.9333 705
11.95 706
11.9667 707
11.9833 708
12.0 709
12.0167 710
12.0333 711
12.05 712
12.0667 713
12.0833 714
12.1 715
12.1167 716
12.1333 716
12.15 717
12.1667 718
12.1833 719
12.2 720
12.2167 720
12.2333 721
12.25 722
12.2667 723
12.2833 723
12.3 724
12.3167 725
12.3333 725
12.35 726
12.3667 726
12.3833 727
12.4 727
12.4167 728
12.4333 729
12.45 729
12.4667 729
12.4833 730
12.5 730
12.5167 731
12.5333 731
12.55 732
12.5667 732
12.5833 732
12.6 732
12.6167 733
12.6333 733
12.65 733
12.6667 734
12.6833 734
12.7 734
12.7167 734
12.7333 734
12.75 734
12.7667 734
12.7833 735
12.8 735
12.8167 735
12.8333 735
12.85 735
12.8667 735
12.8833 735
12.9 735
12.9167 735
12.9333 734
12.95 734
12.9667 734
12.9833 734
13.0 734
13.0167 734
13.0333 734
13.05 733
13.0667 733
13.0833 733
13.1 732
13.1167 732
13.1333 732
13.15 732
13.1667 731
13.1833 731
13.2 730
13.2167 730
13.2333 729
13.25 729
13.2667 729
13.2833 728
13.3 728
13.3167 727
13.3333 726
13.35 726
13.3667 725
13.3833 725
13.4 724
13.4167 723
13.4333 723
13.45 722
13.4667 721
13.4833 720
13.5 720
13.5167 719
13.5333 718
13.55 717
13.5667 716
13.5833 716
13.6 715
13.6167 714
13.6333 713
13.65 712
13.6667 711
13.6833 710
13.7 709
13.7167 708
13.7333 707
13.75 706
13.7667 705
13.7833 704
13.8 703
13.8167 702
13.8333 700
13.85 699
13.8667 698
13.8833 697
13.9 696
13.9167 694
13.9333 693
13.95 692
13.9667 691
13.9833 689
14.0 688
14.0167 687
14.0333 685
14.05 684
14.0667 682
14.0833 681
14.1 680
14.1167 678
14.1333 677
14.15 675
14.1667 674
14.1833 672
14.2 670
14.2167 669
14.2333 667
14.25 666
14.2667 664
14.2833 662
14.3 661
14.3167 659
14.3333 657
14.35 656
14.3667 654
14.3833 652
14.4 650
14.4167 649
14.4333 647
14.45 645
14.4667 643
14.4833 641
14.5 639
14.5167 637
14.5333 636
14.55 634
14.5667 632
14.5833 630
14.6 628
14.6167 626
14.6333 624
14.65 622
14.6667 620
14.6833 618
14.7 615
14.7167 613
14.7333 611
14.75 609
14.7667 607
14.7833 605
14.8 603
14.8167 600
14.8333 598
14.85 596
14.8667 594
14.8833 591
14.9 589
14.9167 587
14.9333 584
14.95 582
14.9667 580
14.9833 577
15.0 576
15.0167 573
15.0333 571
15.05 569
15.0667 566
15.0833 564
15.1 561
15.1167 559
15.1333 556
15.15 554
15.1667 551
15.1833 549
15.2 546
15.2167 543
15.2333 541
15.25 538
15.2667 536
15.2833 533
15.3 530
15.3167 528
15.3333 525
15.35 522
15.3667 520
15.3833 517
15.4 514
15.4167 511
15.4333 509
15.45 506
15.4667 503
15.4833 500
15.5 497
15.5167 494
15.5333 492
15.55 489
15.5667 486
15.5833 483
15.6 480
15.6167 477
15.6333 474
15.65 471
15.6667 468
15.6833 465
15.7 462
15.7167 459
15.7333 456
15.75 453
15.7667 450
15.7833 447
15.8 444
15.8167 441
15.8333 438
15.85 435
15.8667 432
15.8833 429
15.9 426
15.9167 422
15.9333 419
15.95 416
15.9667 413
15.9833 410
16.0 406
16.0167 403
16.0333 400
16.05 397
16.0667 394
16.0833 390
16.1 387
16.1167 384
16.1333 381
16.15 377
16.1667 374
16.1833 371
16.2 367
16.2167 364
16.2333 361
16.25 357
16.2667 354
16.2833 351
16.3 347
16.3167 344
16.3333 341
16.35 337
16.3667 334
16.3833 330
16.4 327
16.4167 323
16.4333 320
16.45 317
16.4667 313
16.4833 310
16.5 306
16.5167 303
16.5333 299
16.55 296
16.5667 292
16.5833 289
16.6 285
16.6167 282
16.6333 278
16.65 275
16.6667 271
16.6833 268
16.7 264
16.7167 261
16.7333 257
16.75 254
16.7667 250
16.7833 247
16.8 243
16.8167 240
16.8333 236
16.85 233
16.8667 229
16.8833 226
16.9 222
16.9167 219
16.9333 215
16.95 212
16.9667 208
16.9833 205
