8.0 92
8.0167 95
8.0333 98
8.05 101
8.0667 105
8.0833 108
8.1 111
8.1167 114
8.1333 117
8.15 120
8.1667 124
8.1833 127
8.2 130
8.2167 134
8.2333 137
8.25 141
8.2667 144
8.2833 147
8.3 151
8.3167 154
8.3333 158
8.35 161
8.3667 165
8.3833 168
8.4 172
8.4167 175
8.4333 179
8.45 183
8.4667 186
8.4833 190
8.5 193
8.5167 197
8.5333 200
8.55 204
8.5667 208
8.5833 211
8.6 215
8.6167 218
8.6333 222
8.65 226
8.6667 229
8.6833 233
8.7 237
8.7167 240
8.7333 244
8.75 248
8.7667 251
8.7833 255
8.8 258
8.8167 262
8.8333 266
8.85 269
8.8667 273
8.8833 277
8.9 280
8.9167 284
8.9333 288
8.95 291
8.9667 295
8.9833 299
9.0 302
9.0167 307
9.0333 310
9.05 314
9.0667 318
9.0833 321
9.1 325
9.1167 329
9.1333 332
9.15 336
9.1667 339
9.1833 343
9.2 347
9.2167 350
9.2333 354
9.25 357
9.2667 361
9.2833 364
9.3 368
9.3167 372
9.3333 375
9.35 379
9.3667 382
9.3833 386
9.4 389
9.4167 393
9.4333 396
9.45 400
9.4667 403
9.4833 407
9.5 410
9.5167 414
9.5333 417
9.55 421
9.5667 424
9.5833 427
9.6 431
9.6167 434
9.6333 438
9.65 441
9.6667 444
9.6833 448
9.7 451
9.7167 454
9.7333 458
9.75 461
9.7667 464
9.7833 468
9.8 471
9.8167 474
9.8333 478
9.85 481
9.8667 484
9.8833 487
9.9 491
9.9167 494
9.9333 497
9.95 500
9.9667 503
9.9833 506
10.0 510
10.0167 513
10.0333 516
10.05 519
10.0667 522
10.0833 525
10.1 528
10.1167 531
10.1333 534
10.15 537
10.1667 540
10.1833 543
10.2 546
10.2167 549
10.2333 552
10.25 555
10.2667 558
10.2833 561
10.3 564
10.3167 567
10.3333 570
10.35 573
10.3667 576
10.3833 579
10.4 581
10.4167 584
10.4333 587
10.45 590
10.4667 593
10.4833 595
10.5 598
10.5167 601
10.5333 603
10.55 606
10.5667 609
10.5833 611
10.6 614
10.6167 617
10.6333 619
10.65 622
10.6667 625
10.6833 627
10.7 630
10.7167 632
10.7333 635
10.75 637
10.7667 640
10.7833 642
10.8 645
10.8167 647
10.8333 649
10.85 652
10.8667 654
10.8833 657
10.9 659
10.9167 661
10.9333 664
10.95 666
10.9667 668
10.9833 670
11.0 673
11.0167 675
11.0333 677
11.05 679
11.0667 682
11.0833 684
11.1 686
11.1167 688
11.1333 690
11.15 692
11.1667 694
11.1833 696
11.2 698
11.2167 700
11.2333 702
11.25 704
11.2667 706
11.2833 708
11.3 710
11.3167 712
11.3333 714
11.35 716
11.3667 718
11.3833 720
11.4 721
11.4167 723
11.4333 725
11.45 727
11.4667 729
11.4833 730
11.5 732
11.5167 734
11.5333 735
11.55 737
11.5667 739
11.5833 740
11.6 742
11.6167 743
11.6333 745
11.65 747
11.6667 748
11.6833 750
11.7 751
11.7167 753
11.7333 754
11.75 755
11.7667 757
11.7833 758
11.8 760
11.8167 761
11.8333 762
11.85 764
11.8667 765
11.8833 766
11.9 767
11.9167 769
11.9333 770
11.95 771
11.9667 772
11.9833 773
12.0 774
12.0167 776
12.0333 777
12.05 778
12.0667 779
12.0833 780
12.1 781
12.1167 782
12.1333 783
12.15 784
12.1667 785
12.1833 786
12.2 787
12.2167 787
12.2333 788
12.25 789
12.2667 790
12.2833 791
12.3 791
12.3167 792
12.3333 793
12.35 794
12.3667 794
12.3833 795
12.4 796
12.4167 796
12.4333 797
12.45 798
12.4667 798
12.4833 799
12.5 799
12.5167 800
12.5333 800
12.55 801
12.5667 801
12.5833 802
12.6 802
12.6167 802
12.6333 803
12.65 803
12.6667 803
12.6833 804
12.7 804
12.7167 804
12.7333 804
12.75 805
12.7667 805
12.7833 805
12.8 805
12.8167 805
12.8333 806
12.85 806
12.8667 806
12.8833 806
12.9 806
12.9167 806
12.9333 806
12.95 806
12.9667 806
12.9833 806
13.0 806
13.0167 806
13.0333 805
13.05 805
13.0667 805
13.0833 805
13.1 805
13.1167 804
13.1333 804
13.15 804
13.1667 804
13.1833 803
13.2 803
13.2167 803
13.2333 802
13.25 802
13.2667 801
13.2833 801
13.3 801
13.3167 800
13.3333 800
13.35 799
13.3667 799
13.3833 798
13.4 797
13.4167 797
13.4333 796
13.45 796
13.4667 795
13.4833 794
13.5 794
13.5167 793
13.5333 792
13.55 791
13.5667 791
13.5833 790
13.6 789
13.6167 788
13.6333 787
13.65 786
13.6667 786
13.6833 785
13.7 784
13.7167 783
13.7333 782
13.75 781
13.7667 780
13.7833 779
13.8 778
13.8167 777
13.8333 775
13.85 774
13.8667 773
13.8833 772
13.9 771
13.9167 770
13.9333 769
13.95 767
13.9667 766
13.9833 765
14.0 763
14.0167 762
14.0333 761
14.05 759
14.0667 758
14.0833 757
14.1 755
14.1167 754
14.1333 752
14.15 751
14.1667 749
14.1833 748
14.2 746
14.2167 745
14.2333 743
14.25 742
14.2667 740
14.2833 739
14.3 737
14.3167 735
14.3333 734
14.35 732
14.3667 730
14.3833 728
14.4 727
14.4167 725
14.4333 723
14.45 721
14.4667 719
14.4833 718
14.5 716
14.5167 714
14.5333 712
14.55 710
14.5667 708
14.5833 706
14.6 704
14.6167 702
14.6333 700
14.65 698
14.6667 696
14.6833 694
14.7 692
14.7167 690
14.7333 688
14.75 686
14.7667 684
14.7833 681
14.8 679
14.8167 677
14.8333 675
14.85 673
14.8667 670
14.8833 668
14.9 666
14.9167 663
14.9333 661
14.95 659
14.9667 656
14.9833 654
15.0 653
15.0167 650
15.0333 648
15.05 645
15.0667 643
15.0833 640
15.1 638
15.1167 635
15.1333 633
15.15 630
15.1667 628
15.1833 625
15.2 623
15.2167 620
15.2333 617
15.25 615
15.2667 612
15.2833 610
15.3 607
15.3167 604
15.3333 601
15.35 599
15.3667 596
15.3833 593
15.4 590
15.4167 588
15.4333 585
15.45 582
15.4667 579
15.4833 576
15.5 574
15.5167 571
15.5333 568
15.55 565
15.5667 562
15.5833 559
15.6 556
15.6167 553
15.6333 550
15.65 547
15.6667 544
15.6833 541
15.7 538
15.7167 535
15.7333 532
15.75 529
15.7667 526
15.7833 523
15.8 520
15.8167 517
15.8333 513
15.85 510
15.8667 507
15.8833 504
15.9 501
15.9167 498
15.9333 494
15.95 491
15.9667 488
15.9833 485
16.0 481
16.0167 478
16.0333 475
16.05 472
16.0667 468
16.0833 465
16.1 462
16.1167 458
16.1333 455
16.15 452
16.1667 448
16.1833 445
16.2 442
16.2167 438
16.2333 435
16.25 431
16.2667 428
16.2833 425
16.3 421
16.3167 418
16.3333 414
16.35 411
16.3667 407
16.3833 404
16.4 400
16.4167 397
16.4333 393
16.45 390
16.4667 386
16.4833 383
16.5 379
16.5167 376
16.5333 372
16.55 369
16.5667 365
16.5833 361
16.6 358
16.6167 354
16.6333 351
16.65 347
16.6667 344
16.6833 340
16.7 336
16.7167 333
16.7333 329
16.75 325
16.7667 322
16.7833 318
16.8 315
16.8167 311
16.8333 307
16.85 304
16.8667 300
16.8833 296
16.9 293
16.9167 289
16.9333 285
16.95 282
16.9667 278
16.9833 274
