8.0 104
8.0167 108
8.0333 111
8.05 114
8.0667 118
8.0833 121
8.1 124
8.1167 128
8.1333 131
8.15 135
8.1667 139
8.1833 142
8.2 146
8.2167 149
8.2333 153
8.25 157
8.2667 160
8.2833 164
8.3 168
8.3167 171
8.3333 175
8.35 179
8.3667 182
8.3833 186
8.4 190
8.4167 193
8.4333 197
8.45 201
8.4667 205
8.4833 208
8.5 212
8.5167 216
8.5333 220
8.55 223
8.5667 227
8.5833 231
8.6 235
8.6167 239
8.6333 242
8.65 246
8.6667 250
8.6833 254
8.7 258
8.7167 261
8.7333 265
8.75 269
8.7667 273
8.7833 276
8.8 280
8.8167 284
8.8333 288
8.85 292
8.8667 295
8.8833 299
8.9 303
8.9167 307
8.9333 310
8.95 314
8.9667 318
8.9833 322
9.0 326
9.0167 330
9.0333 334
9.05 338
9.0667 341
9.0833 345
9.1 349
9.1167 353
9.1333 356
9.15 360
9.1667 364
9.1833 367
9.2 371
9.2167 375
9.2333 378
9.25 382
9.2667 386
9.2833 389
9.3 393
9.3167 397
9.3333 400
9.35 404
9.3667 408
9.3833 411
9.4 415
9.4167 418
9.4333 422
9.45 426
9.4667 429
9.4833 433
9.5 436
9.5167 440
9.5333 443
9.55 447
9.5667 450
9.5833 454
9.6 457
9.6167 461
9.6333 464
9.65 468
9.6667 471
9.6833 474
9.7 478
9.7167 481
9.7333 485
9.75 488
9.7667 491
9.7833 495
9.8 498
9.8167 501
9.8333 505
9.85 508
9.8667 511
9.8833 515
9.9 518
9.9167 521
9.9333 524
9.95 528
9.9667 531
9.9833 534
10.0 537
10.0167 541
10.0333 544
10.05 547
10.0667 550
10.0833 553
10.1 556
10.1167 559
10.1333 563
10.15 566
10.1667 569
10.1833 572
10.2 575
10.2167 578
10.2333 581
10.25 584
10.2667 587
10.2833 590
10.3 593
10.3167 596
10.3333 599
10.35 601
10.3667 604
10.3833 607
10.4 610
10.4167 613
10.4333 616
10.45 619
10.4667 621
10.4833 624
10.5 627
10.5167 630
10.5333 632
10.55 635
10.5667 638
10.5833 641
10.6 643
10.6167 646
10.6333 649
10.65 651
10.6667 654
10.6833 656
10.7 659
10.7167 661
10.7333 664
10.75 667
10.7667 669
10.7833 672
10.8 674
10.8167 677
10.8333 679
10.85 681
10.8667 684
10.8833 686
10.9 689
10.9167 691
10.9333 693
10.95 696
10.9667 698
10.9833 700
11.0 702
11.0167 705
11.0333 707
11.05 709
11.0667 711
11.0833 714
11.1 716
11.1167 718
11.1333 720
11.15 722
11.1667 724
11.1833 726
11.2 728
11.2167 730
11.2333 732
11.25 734
11.2667 736
11.2833 738
11.3 740
11.3167 742
11.3333 744
11.35 746
11.3667 748
11.3833 750
11.4 752
11.4167 753
11.4333 755
11.45 757
11.4667 759
11.4833 761
11.5 762
11.5167 764
11.5333 766
11.55 767
11.5667 769
11.5833 771
11.6 772
11.6167 774
11.6333 775
11.65 777
11.6667 779
11.6833 780
11.7 782
11.7167 783
11.7333 784
11.75 786
11.7667 787
11.7833 789
11.8 790
11.8167 791
11.8333 793
11.85 794
11.8667 795
11.8833 797
11.9 798
11.9167 799
11.9333 800
11.95 802
11.9667 803
11.9833 804
12.0 805
12.0167 806
12.0333 807
12.05 808
12.0667 809
12.0833 811
12.1 812
12.1167 813
12.1333 814
12.15 814
12.1667 815
12.1833 816
12.2 817
12.2167 818
12.2333 819
12.25 820
12.2667 821
12.2833 821
12.3 822
12.3167 823
12.3333 824
12.35 824
12.3667 825
12.3833 826
12.4 826
12.4167 827
12.4333 828
12.45 828
12.4667 829
12.4833 829
12.5 830
12.5167 830
12.5333 831
12.55 831
12.5667 832
12.5833 832
12.6 833
12.6167 833
12.6333 834
12.65 834
12.6667 834
12.6833 834
12.7 835
12.7167 835
12.7333 835
12.75 836
12.7667 836
12.7833 836
12.8 836
12.8167 836
12.8333 836
12.85 836
12.8667 837
12.8833 837
12.9 837
12.9167 837
12.9333 837
12.95 837
12.9667 837
12.9833 837
13.0 836
13.0167 836
13.0333 836
13.05 836
13.0667 836
13.0833 836
13.1 835
13.1167 835
13.1333 835
13.15 835
13.1667 834
13.1833 834
13.2 834
13.2167 833
13.2333 833
13.25 833
13.2667 832
13.2833 832
13.3 831
13.3167 831
13.3333 830
13.35 830
13.3667 829
13.3833 829
13.4 828
13.4167 828
13.4333 827
13.45 826
13.4667 826
13.4833 825
13.5 824
13.5167 824
13.5333 823
13.55 822
13.5667 821
13.5833 820
13.6 820
13.6167 819
13.6333 818
13.65 817
13.6667 816
13.6833 815
13.7 814
13.7167 813
13.7333 812
13.75 811
13.7667 810
13.7833 809
13.8 808
13.8167 807
13.8333 806
13.85 805
13.8667 804
13.8833 803
13.9 801
13.9167 800
13.9333 799
13.95 798
13.9667 796
13.9833 795
14.0 794
14.0167 793
14.0333 791
14.05 790
14.0667 788
14.0833 787
14.1 786
14.1167 784
14.1333 783
14.15 781
14.1667 780
14.1833 778
14.2 777
14.2167 775
14.2333 774
14.25 772
14.2667 770
14.2833 769
14.3 767
14.3167 765
14.3333 764
14.35 762
14.3667 760
14.3833 759
14.4 757
14.4167 755
14.4333 753
14.45 751
14.4667 749
14.4833 748
14.5 746
14.5167 744
14.5333 742
14.55 740
14.5667 738
14.5833 736
14.6 734
14.6167 732
14.6333 730
14.65 728
14.6667 726
14.6833 724
14.7 722
14.7167 720
14.7333 717
14.75 715
14.7667 713
14.7833 711
14.8 709
14.8167 707
14.8333 704
14.85 702
14.8667 700
14.8833 697
14.9 695
14.9167 693
14.9333 690
14.95 688
14.9667 686
14.9833 683
15.0 682
15.0167 679
15.0333 677
15.05 675
15.0667 672
15.0833 670
15.1 667
15.1167 665
15.1333 662
15.15 659
15.1667 657
15.1833 654
15.2 652
15.2167 649
15.2333 646
15.25 644
15.2667 641
15.2833 638
15.3 636
15.3167 633
15.3333 630
15.35 627
15.3667 625
15.3833 622
15.4 619
15.4167 616
15.4333 613
15.45 610
15.4667 608
15.4833 605
15.5 602
15.5167 599
15.5333 596
15.55 593
15.5667 590
15.5833 587
15.6 584
15.6167 581
15.6333 578
15.65 575
15.6667 572
15.6833 569
15.7 566
15.7167 563
15.7333 560
15.75 557
15.7667 554
15.7833 550
15.8 547
15.8167 544
15.8333 541
15.85 538
15.8667 534
15.8833 531
15.9 528
15.9167 525
15.9333 522
15.95 518
15.9667 515
15.9833 512
16.0 508
16.0167 505
16.0333 502
16.05 498
16.0667 495
16.0833 492
16.1 488
16.1167 485
16.1333 482
16.15 478
16.1667 475
16.1833 471
16.2 468
16.2167 464
16.2333 461
16.25 457
16.2667 454
16.2833 450
16.3 447
16.3167 443
16.3333 440
16.35 436
16.3667 433
16.3833 429
16.4 426
16.4167 422
16.4333 419
16.45 415
16.4667 411
16.4833 408
16.5 404
16.5167 400
16.5333 397
16.55 393
16.5667 390
16.5833 386
16.6 382
16.6167 379
16.6333 375
16.65 371
16.6667 368
16.6833 364
16.7 360
16.7167 356
16.7333 353
16.75 349
16.7667 345
16.7833 342
16.8 338
16.8167 334
16.8333 330
16.85 327
16.8667 323
16.8833 319
16.9 315
16.9167 311
16.9333 308
16.95 304
16.9667 300
16.9833 296
