8.0 74
8.0167 77
8.0333 80
8.05 83
8.0667 85
8.0833 88
8.1 91
8.1167 94
8.1333 97
8.15 101
8.1667 104
8.1833 107
8.2 110
8.2167 113
8.2333 116
8.25 119
8.2667 123
8.2833 126
8.3 129
8.3167 132
8.3333 136
8.35 139
8.3667 142
8.3833 146
8.4 149
8.4167 153
8.4333 156
8.45 159
8.4667 163
8.4833 166
8.5 170
8.5167 173
8.5333 177
8.55 180
8.5667 184
8.5833 187
8.6 191
8.6167 194
8.6333 198
8.65 201
8.6667 205
8.6833 208
8.7 212
8.7167 215
8.7333 219
8.75 222
8.7667 226
8.7833 229
8.8 233
8.8167 237
8.8333 240
8.85 244
8.8667 247
8.8833 251
8.9 254
8.9167 258
8.9333 262
8.95 265
8.9667 269
8.9833 272
9.0 276
9.0167 280
9.0333 284
9.05 287
9.0667 291
9.0833 294
9.1 298
9.1167 301
9.1333 305
9.15 308
9.1667 312
9.1833 316
9.2 319
9.2167 323
9.2333 326
9.25 330
9.2667 333
9.2833 337
9.3 340
9.3167 344
9.3333 347
9.35 351
9.3667 354
9.3833 357
9.4 361
9.4167 364
9.4333 368
9.45 371
9.4667 375
9.4833 378
9.5 381
9.5167 385
9.5333 388
9.55 392
9.5667 395
9.5833 398
9.6 402
9.6167 405
9.6333 408
9.65 412
9.6667 415
9.6833 418
9.7 422
9.7167 425
9.7333 428
9.75 432
9.7667 435
9.7833 438
9.8 441
9.8167 445
9.8333 448
9.85 451
9.8667 454
9.8833 457
9.9 461
9.9167 464
9.9333 467
9.95 470
9.9667 473
9.9833 476
10.0 479
10.0167 482
10.0333 486
10.05 489
10.0667 492
10.0833 495
10.1 498
10.1167 501
10.1333 504
10.15 507
10.1667 510
10.1833 513
10.2 516
10.2167 519
10.2333 522
10.25 524
10.2667 527
10.2833 530
10.3 533
10.3167 536
10.3333 539
10.35 542
10.3667 544
10.3833 547
10.4 550
10.4167 553
10.4333 556
10.45 558
10.4667 561
10.4833 564
10.5 566
10.5167 569
10.5333 572
10.55 574
10.5667 577
10.5833 580
10.6 582
10.6167 585
10.6333 588
10.65 590
10.6667 593
10.6833 595
10.7 598
10.7167 600
10.7333 603
10.75 605
10.7667 608
10.7833 610
10.8 612
10.8167 615
10.8333 617
10.85 620
10.8667 622
10.8833 624
10.9 627
10.9167 629
10.9333 631
10.95 633
10.9667 636
10.9833 638
11.0 640
11.0167 642
11.0333 645
11.05 647
11.0667 649
11.0833 651
11.1 653
11.1167 655
11.1333 657
11.15 659
11.1667 661
11.1833 664
11.2 666
11.2167 668
11.2333 670
11.25 671
11.2667 673
11.2833 675
11.3 677
11.3167 679
11.3333 681
11.35 683
11.3667 685
11.3833 687
11.4 688
11.4167 690
11.4333 692
11.45 694
11.4667 695
11.4833 697
11.5 699
11.5167 700
11.5333 702
11.55 704
11.5667 705
11.5833 707
11.6 708
11.6167 710
11.6333 712
11.65 713
11.6667 715
11.6833 716
11.7 718
11.7167 719
11.7333 720
11.75 722
11.7667 723
11.7833 725
11.8 726
11.8167 727
11.8333 729
11.85 730
11.8667 731
11.8833 732
11.9 734
11.9167 735
11.9333 736
11.95 737
11.9667 738
11.9833 740
12.0 741
12.0167 742
12.0333 743
12.05 744
12.0667 745
12.0833 746
12.1 747
12.1167 748
12.1333 749
12.15 750
12.1667 751
12.1833 752
12.2 753
12.2167 753
12.2333 754
12.25 755
12.2667 756
12.2833 757
12.3 757
12.3167 758
12.3333 759
12.35 760
12.3667 760
12.3833 761
12.4 762
12.4167 762
12.4333 763
12.45 763
12.4667 764
12.4833 764
12.5 765
12.5167 766
12.5333 766
12.55 766
12.5667 767
12.5833 767
12.6 768
12.6167 768
12.6333 768
12.65 769
12.6667 769
12.6833 769
12.7 770
12.7167 770
12.7333 770
12.75 770
12.7667 771
12.7833 771
12.8 771
12.8167 771
12.8333 771
12.85 771
12.8667 771
12.8833 771
12.9 772
12.9167 772
12.9333 772
12.95 772
12.9667 771
12.9833 771
13.0 771
13.0167 771
13.0333 771
13.05 771
13.0667 771
13.0833 771
13.1 770
13.1167 770
13.1333 770
13.15 770
13.1667 769
13.1833 769
13.2 769
13.2167 768
13.2333 768
13.25 768
13.2667 767
13.2833 767
13.3 766
13.3167 766
13.3333 765
13.35 765
13.3667 764
13.3833 764
13.4 763
13.4167 763
13.4333 762
13.45 761
13.4667 761
13.4833 760
13.5 759
13.5167 759
13.5333 758
13.55 757
13.5667 756
13.5833 756
13.6 755
13.6167 754
13.6333 753
13.65 752
13.6667 751
13.6833 751
13.7 750
13.7167 749
13.7333 748
13.75 747
13.7667 746
13.7833 745
13.8 744
13.8167 743
13.8333 741
13.85 740
13.8667 739
13.8833 738
13.9 737
13.9167 736
13.9333 735
13.95 733
13.9667 732
13.9833 731
14.0 730
14.0167 728
14.0333 727
14.05 726
14.0667 724
14.0833 723
14.1 721
14.1167 720
14.1333 719
14.15 717
14.1667 716
14.1833 714
14.2 713
14.2167 711
14.2333 710
14.25 708
14.2667 707
14.2833 705
14.3 703
14.3167 702
14.3333 700
14.35 698
14.3667 697
14.3833 695
14.4 693
14.4167 691
14.4333 690
14.45 688
14.4667 686
14.4833 684
14.5 682
14.5167 681
14.5333 679
14.55 677
14.5667 675
14.5833 673
14.6 671
14.6167 669
14.6333 667
14.65 665
14.6667 663
14.6833 661
14.7 659
14.7167 657
14.7333 655
14.75 653
14.7667 651
14.7833 648
14.8 646
14.8167 644
14.8333 642
14.85 640
14.8667 637
14.8833 635
14.9 633
14.9167 631
14.9333 628
14.95 626
14.9667 624
14.9833 621
15.0 620
15.0167 618
15.0333 615
15.05 613
15.0667 610
15.0833 608
15.1 606
15.1167 603
15.1333 601
15.15 598
15.1667 596
15.1833 593
15.2 590
15.2167 588
15.2333 585
15.25 583
15.2667 580
15.2833 577
15.3 575
15.3167 572
15.3333 569
15.35 567
15.3667 564
15.3833 561
15.4 559
15.4167 556
15.4333 553
15.45 550
15.4667 548
15.4833 545
15.5 542
15.5167 539
15.5333 536
15.55 533
15.5667 530
15.5833 528
15.6 525
15.6167 522
15.6333 519
15.65 516
15.6667 513
15.6833 510
15.7 507
15.7167 504
15.7333 501
15.75 498
15.7667 495
15.7833 492
15.8 489
15.8167 486
15.8333 483
15.85 480
15.8667 476
15.8833 473
15.9 470
15.9167 467
15.9333 464
15.95 461
15.9667 458
15.9833 454
16.0 451
16.0167 448
16.0333 445
16.05 441
16.0667 438
16.0833 435
16.1 432
16.1167 428
16.1333 425
16.15 422
16.1667 419
16.1833 415
16.2 412
16.2167 409
16.2333 405
16.25 402
16.2667 398
16.2833 395
16.3 392
16.3167 388
16.3333 385
16.35 382
16.3667 378
16.3833 375
16.4 371
16.4167 368
16.4333 364
16.45 361
16.4667 357
16.4833 354
16.5 351
16.5167 347
16.5333 344
16.55 340
16.5667 337
16.5833 333
16.6 330
16.6167 326
16.6333 323
16.65 319
16.6667 315
16.6833 312
16.7 308
16.7167 305
16.7333 301
16.75 298
16.7667 294
16.7833 291
16.8 287
16.8167 284
16.8333 280
16.85 276
16.8667 273
16.8833 269
16.9 266
16.9167 262
16.9333 259
16.95 255
16.9667 251
16.9833 248
