8.0 249
8.0167 253
8.0333 257
8.05 261
8.0667 265
8.0833 269
8.1 273
8.1167 277
8.1333 281
8.15 285
8.1667 289
8.1833 292
8.2 296
8.2167 300
8.2333 304
8.25 308
8.2667 312
8.2833 316
8.3 320
8.3167 324
8.3333 328
8.35 332
8.3667 336
8.3833 340
8.4 344
8.4167 348
8.4333 352
8.45 356
8.4667 360
8.4833 363
8.5 367
8.5167 371
8.5333 375
8.55 379
8.5667 383
8.5833 387
8.6 391
8.6167 395
8.6333 399
8.65 403
8.6667 407
8.6833 410
8.7 414
8.7167 418
8.7333 422
8.75 426
8.7667 430
8.7833 434
8.8 438
8.8167 441
8.8333 445
8.85 449
8.8667 453
8.8833 457
8.9 461
8.9167 464
8.9333 468
8.95 472
8.9667 476
8.9833 480
9.0 483
9.0167 488
9.0333 492
9.05 496
9.0667 499
9.0833 503
9.1 507
9.1167 510
9.1333 514
9.15 518
9.1667 522
9.1833 525
9.2 529
9.2167 532
9.2333 536
9.25 540
9.2667 543
9.2833 547
9.3 551
9.3167 554
9.3333 558
9.35 561
9.3667 565
9.3833 568
9.4 572
9.4167 576
9.4333 579
9.45 583
9.4667 586
9.4833 590
9.5 593
9.5167 597
9.5333 600
9.55 603
9.5667 607
9.5833 610
9.6 614
9.6167 617
9.6333 620
9.65 624
9.6667 627
9.6833 630
9.7 634
9.7167 637
9.7333 640
9.75 644
9.7667 647
9.7833 650
9.8 653
9.8167 657
9.8333 660
9.85 663
9.8667 666
9.8833 670
9.9 673
9.9167 676
9.9333 679
9.95 682
9.9667 685
9.9833 688
10.0 691
10.0167 695
10.0333 698
10.05 701
10.0667 704
10.0833 707
10.1 710
10.1167 713
10.1333 716
10.15 719
10.1667 721
10.1833 724
10.2 727
10.2167 730
10.2333 733
10.25 736
10.2667 739
10.2833 742
10.3 744
10.3167 747
10.3333 750
10.35 753
10.3667 756
10.3833 758
10.4 761
10.4167 764
10.4333 766
10.45 769
10.4667 772
10.4833 774
10.5 777
10.5167 780
10.5333 782
10.55 785
10.5667 787
10.5833 790
10.6 792
10.6167 795
10.6333 797
10.65 800
10.6667 802
10.6833 805
10.7 807
10.7167 810
10.7333 812
10.75 814
10.7667 817
10.7833 819
10.8 821
10.8167 824
10.8333 826
10.85 828
10.8667 830
10.8833 833
10.9 835
10.9167 837
10.9333 839
10.95 841
10.9667 844
10.9833 846
11.0 848
11.0167 850
11.0333 852
11.05 854
11.0667 856
11.0833 858
11.1 860
11.1167 862
11.1333 864
11.15 866
11.1667 868
11.1833 870
11.2 872
11.2167 874
11.2333 875
11.25 877
11.2667 879
11.2833 881
11.3 883
11.3167 884
11.3333 886
11.35 888
11.3667 889
11.3833 891
11.4 893
11.4167 894
11.4333 896
11.45 898
11.4667 899
11.4833 901
11.5 902
11.5167 904
11.5333 905
11.55 907
11.5667 908
11.5833 910
11.6 911
11.6167 913
11.6333 914
11.65 915
11.6667 917
11.6833 918
11.7 919
11.7167 921
11.7333 922
11.75 923
11.7667 924
11.7833 926
11.8 927
11.8167 928
11.8333 929
11.85 930
11.8667 931
11.8833 932
11.9 933
11.9167 935
11.9333 936
11.95 937
11.9667 938
11.9833 939
12.0 939
12.0167 940
12.0333 941
12.05 942
12.0667 943
12.0833 944
12.1 945
12.1167 946
12.1333 946
12.15 947
12.1667 948
12.1833 949
12.2 949
12.2167 950
12.2333 951
12.25 951
12.2667 952
12.2833 952
12.3 953
12.3167 954
12.3333 954
12.35 955
12.3667 955
12.3833 956
12.4 956
12.4167 957
12.4333 957
12.45 957
12.4667 958
12.4833 958
12.5 958
12.5167 959
12.5333 959
12.55 959
12.5667 960
12.5833 960
12.6 960
12.6167 960
12.6333 960
12.65 960
12.6667 961
12.6833 961
12.7 961
12.7167 961
12.7333 961
12.75 961
12.7667 961
12.7833 961
12.8 961
12.8167 961
12.8333 961
12.85 961
12.8667 960
12.8833 960
12.9 960
12.9167 960
12.9333 960
12.95 960
12.9667 959
12.9833 959
13.0 959
13.0167 958
13.0333 958
13.05 958
13.0667 957
13.0833 957
13.1 957
13.1167 956
13.1333 956
13.15 955
13.1667 955
13.1833 954
13.2 954
13.2167 953
13.2333 953
13.25 952
13.2667 951
13.2833 951
13.3 950
13.3167 949
13.3333 949
13.35 948
13.3667 947
13.3833 946
13.4 946
13.4167 945
13.4333 944
13.45 943
13.4667 942
13.4833 941
13.5 941
13.5167 940
13.5333 939
13.55 938
13.5667 937
13.5833 936
13.6 935
13.6167 934
13.6333 933
13.65 932
13.6667 930
13.6833 929
13.7 928
13.7167 927
13.7333 926
13.75 925
13.7667 923
13.7833 922
13.8 921
13.8167 920
13.8333 918
13.85 917
13.8667 916
13.8833 914
13.9 913
13.9167 911
13.9333 910
13.95 909
13.9667 907
13.9833 906
14.0 904
14.0167 903
14.0333 901
14.05 900
14.0667 898
14.0833 896
14.1 895
14.1167 893
14.1333 891
14.15 890
14.1667 888
14.1833 886
14.2 885
14.2167 883
14.2333 881
14.25 879
14.2667 878
14.2833 876
14.3 874
14.3167 872
14.3333 870
14.35 868
14.3667 866
14.3833 864
14.4 862
14.4167 860
14.4333 858
14.45 856
14.4667 854
14.4833 852
14.5 850
14.5167 848
14.5333 846
14.55 844
14.5667 842
14.5833 840
14.6 838
14.6167 835
14.6333 833
14.65 831
14.6667 829
14.6833 826
14.7 824
14.7167 822
14.7333 819
14.75 817
14.7667 815
14.7833 812
14.8 810
14.8167 808
14.8333 805
14.85 803
14.8667 800
14.8833 798
14.9 795
14.9167 793
14.9333 790
14.95 788
14.9667 785
14.9833 783
15.0 781
15.0167 778
15.0333 775
15.05 773
15.0667 770
15.0833 767
15.1 765
15.1167 762
15.1333 759
15.15 757
15.1667 754
15.1833 751
15.2 748
15.2167 745
15.2333 743
15.25 740
15.2667 737
15.2833 734
15.3 731
15.3167 728
15.3333 725
15.35 722
15.3667 720
15.3833 717
15.4 714
15.4167 711
15.4333 708
15.45 705
15.4667 702
15.4833 699
15.5 695
15.5167 692
15.5333 689
15.55 686
15.5667 683
15.5833 680
15.6 677
15.6167 674
15.6333 671
15.65 667
15.6667 664
15.6833 661
15.7 658
15.7167 654
15.7333 651
15.75 648
15.7667 645
15.7833 641
15.8 638
15.8167 635
15.8333 631
15.85 628
15.8667 625
15.8833 621
15.9 618
15.9167 615
15.9333 611
15.95 608
15.9667 604
15.9833 601
16.0 598
16.0167 594
16.0333 591
16.05 587
16.0667 584
16.0833 580
16.1 577
16.1167 573
16.1333 570
16.15 566
16.1667 562
16.1833 559
16.2 555
16.2167 552
16.2333 548
16.25 544
16.2667 541
16.2833 537
16.3 534
16.3167 530
16.3333 526
16.35 523
16.3667 519
16.3833 515
16.4 512
16.4167 508
16.4333 504
16.45 500
16.4667 497
16.4833 493
16.5 489
16.5167 485
16.5333 482
16.55 478
16.5667 474
16.5833 470
16.6 466
16.6167 463
16.6333 459
16.65 455
16.6667 451
16.6833 447
16.7 444
16.7167 440
16.7333 436
16.75 432
16.7667 428
16.7833 424
16.8 420
16.8167 416
16.8333 413
16.85 409
16.8667 405
16.8833 401
16.9 397
16.9167 393
16.9333 389
16.95 385
16.9667 381
16.9833 377
