8.0 235
8.0167 239
8.0333 243
8.05 247
8.0667 251
8.0833 254
8.1 258
8.1167 263
8.1333 267
8.15 271
8.1667 275
8.1833 279
8.2 283
8.2167 287
8.2333 291
8.25 295
8.2667 299
8.2833 303
8.3 307
8.3167 311
8.3333 315
8.35 319
8.3667 323
8.3833 327
8.4 331
8.4167 335
8.4333 339
8.45 343
8.4667 347
8.4833 351
8.5 355
8.5167 359
8.5333 363
8.55 367
8.5667 371
8.5833 375
8.6 379
8.6167 383
8.6333 387
8.65 391
8.6667 395
8.6833 399
8.7 403
8.7167 407
8.7333 411
8.75 415
8.7667 419
8.7833 423
8.8 426
8.8167 430
8.8333 434
8.85 438
8.8667 442
8.8833 446
8.9 450
8.9167 454
8.9333 458
8.95 461
8.9667 465
8.9833 469
9.0 473
9.0167 478
9.0333 482
9.05 486
9.0667 489
9.0833 493
9.1 497
9.1167 501
9.1333 505
9.15 508
9.1667 512
9.1833 516
9.2 520
9.2167 523
9.2333 527
9.25 531
9.2667 534
9.2833 538
9.3 542
9.3167 545
9.3333 549
9.35 553
9.3667 556
9.3833 560
9.4 564
9.4167 567
9.4333 571
9.45 574
9.4667 578
9.4833 581
9.5 585
9.5167 589
9.5333 592
9.55 596
9.5667 599
9.5833 603
9.6 606
9.6167 609
9.6333 613
9.65 616
9.6667 620
9.6833 623
9.7 627
9.7167 630
9.7333 633
9.75 637
9.7667 640
9.7833 643
9.8 647
9.8167 650
9.8333 653
9.85 657
9.8667 660
9.8833 663
9.9 666
9.9167 670
9.9333 673
9.95 676
9.9667 679
9.9833 682
10.0 685
10.0167 689
10.0333 692
10.05 695
10.0667 698
10.0833 701
10.1 704
10.1167 707
10.1333 710
10.15 713
10.1667 716
10.1833 719
10.2 722
10.2167 725
10.2333 728
10.25 731
10.2667 734
10.2833 737
10.3 740
10.3167 742
10.3333 745
10.35 748
10.3667 751
10.3833 754
10.4 757
10.4167 759
10.4333 762
10.45 765
10.4667 768
10.4833 770
10.5 773
10.5167 776
10.5333 778
10.55 781
10.5667 784
10.5833 786
10.6 789
10.6167 791
10.6333 794
10.65 796
10.6667 799
10.6833 801
10.7 804
10.7167 806
10.7333 809
10.75 811
10.7667 814
10.7833 816
10.8 818
10.8167 821
10.8333 823
10.85 825
10.8667 828
10.8833 830
10.9 832
10.9167 835
10.9333 837
10.95 839
10.9667 841
10.9833 843
11.0 846
11.0167 848
11.0333 850
11.05 852
11.0667 854
11.0833 856
11.1 858
11.1167 860
11.1333 862
11.15 864
11.1667 866
11.1833 868
11.2 870
11.2167 872
11.2333 874
11.25 876
11.2667 878
11.2833 880
11.3 881
11.3167 883
11.3333 885
11.35 887
11.3667 889
11.3833 890
11.4 892
11.4167 894
11.4333 895
11.45 897
11.4667 899
11.4833 900
11.5 902
11.5167 903
11.5333 905
11.55 907
11.5667 908
11.5833 910
11.6 911
11.6167 913
11.6333 914
11.65 915
11.6667 917
11.6833 918
11.7 920
11.7167 921
11.7333 922
11.75 923
11.7667 925
11.7833 926
11.8 927
11.8167 929
11.8333 930
11.85 931
11.8667 932
11.8833 933
11.9 934
11.9167 935
11.9333 936
11.95 938
11.9667 939
11.9833 940
12.0 941
12.0167 942
12.0333 943
12.05 943
12.0667 944
12.0833 945
12.1 946
12.1167 947
12.1333 948
12.15 949
12.1667 949
12.1833 950
12.2 951
12.2167 952
12.2333 952
12.25 953
12.2667 954
12.2833 954
12.3 955
12.3167 956
12.3333 956
12.35 957
12.3667 957
12.3833 958
12.4 958
12.4167 959
12.4333 959
12.45 960
12.4667 960
12.4833 961
12.5 961
12.5167 961
12.5333 962
12.55 962
12.5667 962
12.5833 963
12.6 963
12.6167 963
12.6333 963
12.65 964
12.6667 964
12.6833 964
12.7 964
12.7167 964
12.7333 964
12.75 964
12.7667 964
12.7833 964
12.8 964
12.8167 964
12.8333 964
12.85 964
12.8667 964
12.8833 964
12.9 964
12.9167 964
12.9333 964
12.95 963
12.9667 963
12.9833 963
13.0 963
13.0167 962
13.0333 962
13.05 962
13.0667 962
13.0833 961
13.1 961
13.1167 960
13.1333 960
13.15 960
13.1667 959
13.1833 959
13.2 958
13.2167 958
13.2333 957
13.25 957
13.2667 956
13.2833 955
13.3 955
13.3167 954
13.3333 953
13.35 953
13.3667 952
13.3833 951
13.4 951
13.4167 950
13.4333 949
13.45 948
13.4667 947
13.4833 947
13.5 946
13.5167 945
13.5333 944
13.55 943
13.5667 942
13.5833 941
13.6 940
13.6167 939
13.6333 938
13.65 937
13.6667 936
13.6833 935
13.7 934
13.7167 932
13.7333 931
13.75 930
13.7667 929
13.7833 928
13.8 927
13.8167 925
13.8333 924
13.85 923
13.8667 921
13.8833 920
13.9 919
13.9167 917
13.9333 916
13.95 915
13.9667 913
13.9833 912
14.0 910
14.0167 909
14.0333 907
14.05 906
14.0667 904
14.0833 903
14.1 901
14.1167 899
14.1333 898
14.15 896
14.1667 894
14.1833 893
14.2 891
14.2167 889
14.2333 887
14.25 886
14.2667 884
14.2833 882
14.3 880
14.3167 878
14.3333 877
14.35 875
14.3667 873
14.3833 871
14.4 869
14.4167 867
14.4333 865
14.45 863
14.4667 861
14.4833 859
14.5 857
14.5167 855
14.5333 853
14.55 851
14.5667 849
14.5833 846
14.6 844
14.6167 842
14.6333 840
14.65 838
14.6667 835
14.6833 833
14.7 831
14.7167 829
14.7333 826
14.75 824
14.7667 822
14.7833 819
14.8 817
14.8167 815
14.8333 812
14.85 810
14.8667 807
14.8833 805
14.9 802
14.9167 800
14.9333 797
14.95 795
14.9667 792
14.9833 790
15.0 788
15.0167 785
15.0333 783
15.05 780
15.0667 777
15.0833 775
15.1 772
15.1167 769
15.1333 766
15.15 764
15.1667 761
15.1833 758
15.2 755
15.2167 753
15.2333 750
15.25 747
15.2667 744
15.2833 741
15.3 738
15.3167 736
15.3333 733
15.35 730
15.3667 727
15.3833 724
15.4 721
15.4167 718
15.4333 715
15.45 712
15.4667 709
15.4833 706
15.5 703
15.5167 700
15.5333 697
15.55 693
15.5667 690
15.5833 687
15.6 684
15.6167 681
15.6333 678
15.65 675
15.6667 671
15.6833 668
15.7 665
15.7167 662
15.7333 658
15.75 655
15.7667 652
15.7833 649
15.8 645
15.8167 642
15.8333 639
15.85 635
15.8667 632
15.8833 628
15.9 625
15.9167 622
15.9333 618
15.95 615
15.9667 611
15.9833 608
16.0 604
16.0167 601
16.0333 597
16.05 594
16.0667 590
16.0833 587
16.1 583
16.1167 580
16.1333 576
16.15 573
16.1667 569
16.1833 565
16.2 562
16.2167 558
16.2333 555
16.25 551
16.2667 547
16.2833 544
16.3 540
16.3167 536
16.3333 533
16.35 529
16.3667 525
16.3833 521
16.4 518
16.4167 514
16.4333 510
16.45 507
16.4667 503
16.4833 499
16.5 495
16.5167 491
16.5333 488
16.55 484
16.5667 480
16.5833 476
16.6 472
16.6167 468
16.6333 465
16.65 461
16.6667 457
16.6833 453
16.7 449
16.7167 445
16.7333 441
16.75 437
16.7667 433
16.7833 430
16.8 426
16.8167 422
16.8333 418
16.85 414
16.8667 410
16.8833 406
16.9 402
16.9167 398
16.9333 394
16.95 390
16.9667 386
16.9833 382
