8.0 165
8.0167 169
8.0333 173
8.05 176
8.0667 180
8.0833 184
8.1 188
8.1167 191
8.1333 195
8.15 199
8.1667 203
8.1833 206
8.2 210
8.2167 214
8.2333 218
8.25 221
8.2667 225
8.2833 229
8.3 233
8.3167 237
8.3333 241
8.35 244
8.3667 248
8.3833 252
8.4 256
8.4167 260
8.4333 264
8.45 267
8.4667 271
8.4833 275
8.5 279
8.5167 283
8.5333 287
8.55 291
8.5667 294
8.5833 298
8.6 302
8.6167 306
8.6333 310
8.65 314
8.6667 318
8.6833 321
8.7 325
8.7167 329
8.7333 333
8.75 337
8.7667 341
8.7833 345
8.8 348
8.8167 352
8.8333 356
8.85 360
8.8667 364
8.8833 368
8.9 371
8.9167 375
8.9333 379
8.95 383
8.9667 387
8.9833 390
9.0 394
9.0167 399
9.0333 403
9.05 407
9.0667 410
9.0833 414
9.1 418
9.1167 422
9.1333 425
9.15 429
9.1667 433
9.1833 437
9.2 440
9.2167 444
9.2333 448
9.25 451
9.2667 455
9.2833 459
9.3 462
9.3167 466
9.3333 470
9.35 473
9.3667 477
9.3833 480
9.4 484
9.4167 488
9.4333 491
9.45 495
9.4667 498
9.4833 502
9.5 505
9.5167 509
9.5333 512
9.55 516
9.5667 519
9.5833 523
9.6 526
9.6167 530
9.6333 533
9.65 537
9.6667 540
9.6833 544
9.7 547
9.7167 550
9.7333 554
9.75 557
9.7667 561
9.7833 564
9.8 567
9.8167 571
9.8333 574
9.85 577
9.8667 580
9.8833 584
9.9 587
9.9167 590
9.9333 593
9.95 597
9.9667 600
9.9833 603
10.0 606
10.0167 609
10.0333 613
10.05 616
10.0667 619
10.0833 622
10.1 625
10.1167 628
10.1333 631
10.15 634
10.1667 637
10.1833 640
10.2 643
10.2167 646
10.2333 649
10.25 652
10.2667 655
10.2833 658
10.3 661
10.3167 664
10.3333 667
10.35 670
10.3667 673
10.3833 676
10.4 678
10.4167 681
10.4333 684
10.45 687
10.4667 690
10.4833 692
10.5 695
10.5167 698
10.5333 700
10.55 703
10.5667 706
10.5833 708
10.6 711
10.6167 714
10.6333 716
10.65 719
10.6667 722
10.6833 724
10.7 727
10.7167 729
10.7333 732
10.75 734
10.7667 737
10.7833 739
10.8 742
10.8167 744
10.8333 746
10.85 749
10.8667 751
10.8833 753
10.9 756
10.9167 758
10.9333 760
10.95 763
10.9667 765
10.9833 767
11.0 769
11.0167 772
11.0333 774
11.05 776
11.0667 778
11.0833 780
11.1 782
11.1167 785
11.1333 787
11.15 789
11.1667 791
11.1833 793
11.2 795
11.2167 797
11.2333 799
11.25 801
11.2667 803
11.2833 805
11.3 806
11.3167 808
11.3333 810
11.35 812
11.3667 814
11.3833 816
11.4 817
11.4167 819
11.4333 821
11.45 823
11.4667 824
11.4833 826
11.5 828
11.5167 829
11.5333 831
11.55 833
11.5667 834
11.5833 836
11.6 837
11.6167 839
11.6333 840
11.65 842
11.6667 843
11.6833 845
11.7 846
11.7167 848
11.7333 849
11.75 850
11.7667 852
11.7833 853
11.8 854
11.8167 856
11.8333 857
11.85 858
11.8667 860
11.8833 861
11.9 862
11.9167 863
11.9333 864
11.95 865
11.9667 867
11.9833 868
12.0 869
12.0167 870
12.0333 871
12.05 872
12.0667 873
12.0833 874
12.1 875
12.1167 876
12.1333 877
12.15 878
12.1667 878
12.1833 879
12.2 880
12.2167 881
12.2333 882
12.25 882
12.2667 883
12.2833 884
12.3 885
12.3167 885
12.3333 886
12.35 887
12.3667 887
12.3833 888
12.4 888
12.4167 889
12.4333 890
12.45 890
12.4667 891
12.4833 891
12.5 892
12.5167 892
12.5333 892
12.55 893
12.5667 893
12.5833 894
12.6 894
12.6167 894
12.6333 894
12.65 895
12.6667 895
12.6833 895
12.7 895
12.7167 896
12.7333 896
12.75 896
12.7667 896
12.7833 896
12.8 896
12.8167 896
12.8333 896
12.85 896
12.8667 896
12.8833 896
12.9 896
12.9167 896
12.9333 896
12.95 896
12.9667 896
12.9833 896
13.0 896
13.0167 896
13.0333 895
13.05 895
13.0667 895
13.0833 895
13.1 894
13.1167 894
13.1333 894
13.15 893
13.1667 893
13.1833 893
13.2 892
13.2167 892
13.2333 891
13.25 891
13.2667 890
13.2833 890
13.3 889
13.3167 889
13.3333 888
13.35 887
13.3667 887
13.3833 886
13.4 886
13.4167 885
13.4333 884
13.45 883
13.4667 883
13.4833 882
13.5 881
13.5167 880
13.5333 880
13.55 879
13.5667 878
13.5833 877
13.6 876
13.6167 875
13.6333 874
13.65 873
13.6667 872
13.6833 871
13.7 870
13.7167 869
13.7333 868
13.75 867
13.7667 866
13.7833 865
13.8 864
13.8167 862
13.8333 861
13.85 860
13.8667 859
13.8833 857
13.9 856
13.9167 855
13.9333 854
13.95 852
13.9667 851
13.9833 850
14.0 848
14.0167 847
14.0333 845
14.05 844
14.0667 842
14.0833 841
14.1 839
14.1167 838
14.1333 836
14.15 835
14.1667 833
14.1833 832
14.2 830
14.2167 828
14.2333 827
14.25 825
14.2667 823
14.2833 822
14.3 820
14.3167 818
14.3333 816
14.35 814
14.3667 813
14.3833 811
14.4 809
14.4167 807
14.4333 805
14.45 803
14.4667 801
14.4833 799
14.5 797
14.5167 795
14.5333 793
14.55 791
14.5667 789
14.5833 787
14.6 785
14.6167 783
14.6333 781
14.65 779
14.6667 777
14.6833 775
14.7 772
14.7167 770
14.7333 768
14.75 766
14.7667 763
14.7833 761
14.8 759
14.8167 757
14.8333 754
14.85 752
14.8667 750
14.8833 747
14.9 745
14.9167 742
14.9333 740
14.95 737
14.9667 735
14.9833 733
15.0 731
15.0167 728
15.0333 726
15.05 723
15.0667 721
15.0833 718
15.1 715
15.1167 713
15.1333 710
15.15 708
15.1667 705
15.1833 702
15.2 699
15.2167 697
15.2333 694
15.25 691
15.2667 688
15.2833 686
15.3 683
15.3167 680
15.3333 677
15.35 674
15.3667 672
15.3833 669
15.4 666
15.4167 663
15.4333 660
15.45 657
15.4667 654
15.4833 651
15.5 648
15.5167 645
15.5333 642
15.55 639
15.5667 636
15.5833 633
15.6 630
15.6167 627
15.6333 624
15.65 621
15.6667 618
15.6833 614
15.7 611
15.7167 608
15.7333 605
15.75 602
15.7667 599
15.7833 595
15.8 592
15.8167 589
15.8333 586
15.85 582
15.8667 579
15.8833 576
15.9 572
15.9167 569
15.9333 566
15.95 562
15.9667 559
15.9833 556
16.0 552
16.0167 549
16.0333 546
16.05 542
16.0667 539
16.0833 535
16.1 532
16.1167 528
16.1333 525
16.15 521
16.1667 518
16.1833 514
16.2 511
16.2167 507
16.2333 504
16.25 500
16.2667 497
16.2833 493
16.3 490
16.3167 486
16.3333 482
16.35 479
16.3667 475
16.3833 471
16.4 468
16.4167 464
16.4333 461
16.45 457
16.4667 453
16.4833 450
16.5 446
16.5167 442
16.5333 438
16.55 435
16.5667 431
16.5833 427
16.6 424
16.6167 420
16.6333 416
16.65 412
16.6667 409
16.6833 405
16.7 401
16.7167 397
16.7333 393
16.75 390
16.7667 386
16.7833 382
16.8 378
16.8167 374
16.8333 371
16.85 367
16.8667 363
16.8833 359
16.9 355
16.9167 351
16.9333 348
16.95 344
16.9667 340
16.9833 336
