8.0 189
8.0167 193
8.0333 196
8.05 200
8.0667 204
8.0833 208
8.1 212
8.1167 215
8.1333 219
8.15 223
8.1667 227
8.1833 231
8.2 234
8.2167 238
8.2333 242
8.25 246
8.2667 250
8.2833 254
8.3 258
8.3167 262
8.3333 265
8.35 269
8.3667 273
8.3833 277
8.4 281
8.4167 285
8.4333 289
8.45 293
8.4667 297
8.4833 300
8.5 304
8.5167 308
8.5333 312
8.55 316
8.5667 320
8.5833 324
8.6 328
8.6167 332
8.6333 336
8.65 339
8.6667 343
8.6833 347
8.7 351
8.7167 355
8.7333 359
8.75 363
8.7667 367
8.7833 370
8.8 374
8.8167 378
8.8333 382
8.85 386
8.8667 390
8.8833 394
8.9 397
8.9167 401
8.9333 405
8.95 409
8.9667 413
8.9833 416
9.0 420
9.0167 425
9.0333 429
9.05 433
9.0667 436
9.0833 440
9.1 444
9.1167 448
9.1333 451
9.15 455
9.1667 459
9.1833 463
9.2 466
9.2167 470
9.2333 474
9.25 477
9.2667 481
9.2833 485
9.3 488
9.3167 492
9.3333 496
9.35 499
9.3667 503
9.3833 507
9.4 510
9.4167 514
9.4333 517
9.45 521
9.4667 524
9.4833 528
9.5 531
9.5167 535
9.5333 538
9.55 542
9.5667 546
9.5833 549
9.6 552
9.6167 556
9.6333 559
9.65 563
9.6667 566
9.6833 570
9.7 573
9.7167 576
9.7333 580
9.75 583
9.7667 586
9.7833 590
9.8 593
9.8167 596
9.8333 600
9.85 603
9.8667 606
9.8833 610
9.9 613
9.9167 616
9.9333 619
9.95 622
9.9667 626
9.9833 629
10.0 632
10.0167 635
10.0333 638
10.05 641
10.0667 645
10.0833 648
10.1 651
10.1167 654
10.1333 657
10.15 660
10.1667 663
10.1833 666
10.2 669
10.2167 672
10.2333 675
10.25 678
10.2667 681
10.2833 684
10.3 686
10.3167 689
10.3333 692
10.35 695
10.3667 698
10.3833 701
10.4 704
10.4167 706
10.4333 709
10.45 712
10.4667 715
10.4833 717
10.5 720
10.5167 723
10.5333 725
10.55 728
10.5667 731
10.5833 733
10.6 736
10.6167 739
10.6333 741
10.65 744
10.6667 746
10.6833 749
10.7 751
10.7167 754
10.7333 756
10.75 759
10.7667 761
10.7833 764
10.8 766
10.8167 769
10.8333 771
10.85 773
10.8667 776
10.8833 778
10.9 780
10.9167 783
10.9333 785
10.95 787
10.9667 789
10.9833 791
11.0 794
11.0167 796
11.0333 798
11.05 800
11.0667 802
11.0833 804
11.1 807
11.1167 809
11.1333 811
11.15 813
11.1667 815
11.1833 817
11.2 819
11.2167 821
11.2333 823
11.25 825
11.2667 826
11.2833 828
11.3 830
11.3167 832
11.3333 834
11.35 836
11.3667 837
11.3833 839
11.4 841
11.4167 843
11.4333 844
11.45 846
11.4667 848
11.4833 849
11.5 851
11.5167 853
11.5333 854
11.55 856
11.5667 857
11.5833 859
11.6 861
11.6167 862
11.6333 864
11.65 865
11.6667 866
11.6833 868
11.7 869
11.7167 871
11.7333 872
11.75 873
11.7667 875
11.7833 876
11.8 877
11.8167 879
11.8333 880
11.85 881
11.8667 882
11.8833 883
11.9 885
11.9167 886
11.9333 887
11.95 888
11.9667 889
11.9833 890
12.0 891
12.0167 892
12.0333 893
12.05 894
12.0667 895
12.0833 896
12.1 897
12.1167 898
12.1333 899
12.15 900
12.1667 901
12.1833 901
12.2 902
12.2167 903
12.2333 904
12.25 904
12.2667 905
12.2833 906
12.3 907
12.3167 907
12.3333 908
12.35 908
12.3667 909
12.3833 910
12.4 910
12.4167 911
12.4333 911
12.45 912
12.4667 912
12.4833 913
12.5 913
12.5167 913
12.5333 914
12.55 914
12.5667 915
12.5833 915
12.6 915
12.6167 915
12.6333 916
12.65 916
12.6667 916
12.6833 916
12.7 917
12.7167 917
12.7333 917
12.75 917
12.7667 917
12.7833 917
12.8 917
12.8167 917
12.8333 917
12.85 917
12.8667 917
12.8833 917
12.9 917
12.9167 917
12.9333 917
12.95 917
12.9667 917
12.9833 916
13.0 916
13.0167 916
13.0333 916
13.05 915
13.0667 915
13.0833 915
13.1 915
13.1167 914
13.1333 914
13.15 913
13.1667 913
13.1833 913
13.2 912
13.2167 912
13.2333 911
13.25 911
13.2667 910
13.2833 910
13.3 909
13.3167 908
13.3333 908
13.35 907
13.3667 907
13.3833 906
13.4 905
13.4167 904
13.4333 904
13.45 903
13.4667 902
13.4833 901
13.5 901
13.5167 900
13.5333 899
13.55 898
13.5667 897
13.5833 896
13.6 895
13.6167 894
13.6333 893
13.65 892
13.6667 891
13.6833 890
13.7 889
13.7167 888
13.7333 887
13.75 886
13.7667 885
13.7833 884
13.8 882
13.8167 881
13.8333 880
13.85 879
13.8667 877
13.8833 876
13.9 875
13.9167 874
13.9333 872
13.95 871
13.9667 869
13.9833 868
14.0 867
14.0167 865
14.0333 864
14.05 862
14.0667 861
14.0833 859
14.1 858
14.1167 856
14.1333 855
14.15 853
14.1667 851
14.1833 850
14.2 848
14.2167 846
14.2333 845
14.25 843
14.2667 841
14.2833 839
14.3 838
14.3167 836
14.3333 834
14.35 832
14.3667 830
14.3833 829
14.4 827
14.4167 825
14.4333 823
14.45 821
14.4667 819
14.4833 817
14.5 815
14.5167 813
14.5333 811
14.55 809
14.5667 807
14.5833 805
14.6 803
14.6167 800
14.6333 798
14.65 796
14.6667 794
14.6833 792
14.7 790
14.7167 787
14.7333 785
14.75 783
14.7667 780
14.7833 778
14.8 776
14.8167 773
14.8333 771
14.85 769
14.8667 766
14.8833 764
14.9 762
14.9167 759
14.9333 757
14.95 754
14.9667 752
14.9833 749
15.0 747
15.0167 745
15.0333 742
15.05 740
15.0667 737
15.0833 734
15.1 732
15.1167 729
15.1333 726
15.15 724
15.1667 721
15.1833 718
15.2 716
15.2167 713
15.2333 710
15.25 707
15.2667 705
15.2833 702
15.3 699
15.3167 696
15.3333 693
15.35 690
15.3667 687
15.3833 685
15.4 682
15.4167 679
15.4333 676
15.45 673
15.4667 670
15.4833 667
15.5 664
15.5167 661
15.5333 658
15.55 655
15.5667 652
15.5833 649
15.6 645
15.6167 642
15.6333 639
15.65 636
15.6667 633
15.6833 630
15.7 627
15.7167 623
15.7333 620
15.75 617
15.7667 614
15.7833 610
15.8 607
15.8167 604
15.8333 601
15.85 597
15.8667 594
15.8833 591
15.9 587
15.9167 584
15.9333 581
15.95 577
15.9667 574
15.9833 571
16.0 567
16.0167 564
16.0333 560
16.05 557
16.0667 553
16.0833 550
16.1 546
16.1167 543
16.1333 539
16.15 536
16.1667 532
16.1833 529
16.2 525
16.2167 522
16.2333 518
16.25 515
16.2667 511
16.2833 507
16.3 504
16.3167 500
16.3333 497
16.35 493
16.3667 489
16.3833 486
16.4 482
16.4167 478
16.4333 475
16.45 471
16.4667 467
16.4833 464
16.5 460
16.5167 456
16.5333 452
16.55 449
16.5667 445
16.5833 441
16.6 437
16.6167 434
16.6333 430
16.65 426
16.6667 422
16.6833 418
16.7 415
16.7167 411
16.7333 407
16.75 403
16.7667 399
16.7833 396
16.8 392
16.8167 388
16.8333 384
16.85 380
16.8667 376
16.8833 372
16.9 369
16.9167 365
16.9333 361
16.95 357
16.9667 353
16.9833 349
