8.0 173
8.0167 177
8.0333 181
8.05 184
8.0667 188
8.0833 192
8.1 196
8.1167 199
8.1333 203
8.15 207
8.1667 211
8.1833 214
8.2 218
8.2167 222
8.2333 226
8.25 230
8.2667 233
8.2833 237
8.3 241
8.3167 245
8.3333 249
8.35 253
8.3667 257
8.3833 260
8.4 264
8.4167 268
8.4333 272
8.45 276
8.4667 280
8.4833 284
8.5 288
8.5167 291
8.5333 295
8.55 299
8.5667 303
8.5833 307
8.6 311
8.6167 315
8.6333 319
8.65 322
8.6667 326
8.6833 330
8.7 334
8.7167 338
8.7333 342
8.75 346
8.7667 349
8.7833 353
8.8 357
8.8167 361
8.8333 365
8.85 369
8.8667 372
8.8833 376
8.9 380
8.9167 384
8.9333 388
8.95 392
8.9667 395
8.9833 399
9.0 403
9.0167 408
9.0333 412
9.05 415
9.0667 419
9.0833 423
9.1 427
9.1167 430
9.1333 434
9.15 438
9.1667 442
9.1833 445
9.2 449
9.2167 453
9.2333 456
9.25 460
9.2667 464
9.2833 467
9.3 471
9.3167 475
9.3333 478
9.35 482
9.3667 486
9.3833 489
9.4 493
9.4167 496
9.4333 500
9.45 504
9.4667 507
9.4833 511
9.5 514
9.5167 518
9.5333 521
9.55 525
9.5667 528
9.5833 532
9.6 535
9.6167 539
9.6333 542
9.65 546
9.6667 549
9.6833 552
9.7 556
9.7167 559
9.7333 563
9.75 566
9.7667 569
9.7833 573
9.8 576
9.8167 579
9.8333 583
9.85 586
9.8667 589
9.8833 593
9.9 596
9.9167 599
9.9333 602
9.95 605
9.9667 609
9.9833 612
10.0 615
10.0167 618
10.0333 621
10.05 624
10.0667 628
10.0833 631
10.1 634
10.1167 637
10.1333 640
10.15 643
10.1667 646
10.1833 649
10.2 652
10.2167 655
10.2333 658
10.25 661
10.2667 664
10.2833 667
10.3 670
10.3167 673
10.3333 676
10.35 678
10.3667 681
10.3833 684
10.4 687
10.4167 690
10.4333 693
10.45 695
10.4667 698
10.4833 701
10.5 704
10.5167 706
10.5333 709
10.55 712
10.5667 714
10.5833 717
10.6 720
10.6167 722
10.6333 725
10.65 727
10.6667 730
10.6833 733
10.7 735
10.7167 738
10.7333 740
10.75 743
10.7667 745
10.7833 747
10.8 750
10.8167 752
10.8333 755
10.85 757
10.8667 759
10.8833 762
10.9 764
10.9167 766
10.9333 769
10.95 771
10.9667 773
10.9833 776
11.0 778
11.0167 780
11.0333 782
11.05 784
11.0667 786
11.0833 789
11.1 791
11.1167 793
11.1333 795
11.15 797
11.1667 799
11.1833 801
11.2 803
11.2167 805
11.2333 807
11.25 809
11.2667 811
11.2833 813
11.3 815
11.3167 816
11.3333 818
11.35 820
11.3667 822
11.3833 824
11.4 826
11.4167 827
11.4333 829
11.45 831
11.4667 832
11.4833 834
11.5 836
11.5167 837
11.5333 839
11.55 841
11.5667 842
11.5833 844
11.6 845
11.6167 847
11.6333 848
11.65 850
11.6667 851
11.6833 853
11.7 854
11.7167 856
11.7333 857
11.75 858
11.7667 860
11.7833 861
11.8 862
11.8167 864
11.8333 865
11.85 866
11.8667 867
11.8833 869
11.9 870
11.9167 871
11.9333 872
11.95 873
11.9667 874
11.9833 875
12.0 876
12.0167 878
12.0333 879
12.05 880
12.0667 881
12.0833 882
12.1 882
12.1167 883
12.1333 884
12.15 885
12.1667 886
12.1833 887
12.2 888
12.2167 889
12.2333 889
12.25 890
12.2667 891
12.2833 892
12.3 892
12.3167 893
12.3333 894
12.35 894
12.3667 895
12.3833 895
12.4 896
12.4167 897
12.4333 897
12.45 898
12.4667 898
12.4833 899
12.5 899
12.5167 899
12.5333 900
12.55 900
12.5667 901
12.5833 901
12.6 901
12.6167 902
12.6333 902
12.65 902
12.6667 902
12.6833 903
12.7 903
12.7167 903
12.7333 903
12.75 903
12.7667 903
12.7833 903
12.8 904
12.8167 904
12.8333 904
12.85 904
12.8667 904
12.8833 904
12.9 904
12.9167 904
12.9333 903
12.95 903
12.9667 903
12.9833 903
13.0 903
13.0167 903
13.0333 902
13.05 902
13.0667 902
13.0833 902
13.1 901
13.1167 901
13.1333 901
13.15 900
13.1667 900
13.1833 900
13.2 899
13.2167 899
13.2333 898
13.25 898
13.2667 897
13.2833 897
13.3 896
13.3167 896
13.3333 895
13.35 894
13.3667 894
13.3833 893
13.4 892
13.4167 892
13.4333 891
13.45 890
13.4667 890
13.4833 889
13.5 888
13.5167 887
13.5333 886
13.55 885
13.5667 885
13.5833 884
13.6 883
13.6167 882
13.6333 881
13.65 880
13.6667 879
13.6833 878
13.7 877
13.7167 876
13.7333 875
13.75 874
13.7667 872
13.7833 871
13.8 870
13.8167 869
13.8333 868
13.85 867
13.8667 865
13.8833 864
13.9 863
13.9167 861
13.9333 860
13.95 859
13.9667 857
13.9833 856
14.0 855
14.0167 853
14.0333 852
14.05 850
14.0667 849
14.0833 847
14.1 846
14.1167 844
14.1333 843
14.15 841
14.1667 840
14.1833 838
14.2 836
14.2167 835
14.2333 833
14.25 831
14.2667 830
14.2833 828
14.3 826
14.3167 824
14.3333 823
14.35 821
14.3667 819
14.3833 817
14.4 815
14.4167 813
14.4333 811
14.45 809
14.4667 808
14.4833 806
14.5 804
14.5167 802
14.5333 800
14.55 798
14.5667 795
14.5833 793
14.6 791
14.6167 789
14.6333 787
14.65 785
14.6667 783
14.6833 781
14.7 778
14.7167 776
14.7333 774
14.75 772
14.7667 769
14.7833 767
14.8 765
14.8167 763
14.8333 760
14.85 758
14.8667 755
14.8833 753
14.9 751
14.9167 748
14.9333 746
14.95 743
14.9667 741
14.9833 738
15.0 737
15.0167 734
15.0333 732
15.05 729
15.0667 726
15.0833 724
15.1 721
15.1167 719
15.1333 716
15.15 713
15.1667 711
15.1833 708
15.2 705
15.2167 702
15.2333 700
15.25 697
15.2667 694
15.2833 691
15.3 689
15.3167 686
15.3333 683
15.35 680
15.3667 677
15.3833 674
15.4 671
15.4167 668
15.4333 666
15.45 663
15.4667 660
15.4833 657
15.5 654
15.5167 651
15.5333 648
15.55 645
15.5667 642
15.5833 639
15.6 635
15.6167 632
15.6333 629
15.65 626
15.6667 623
15.6833 620
15.7 617
15.7167 613
15.7333 610
15.75 607
15.7667 604
15.7833 601
15.8 597
15.8167 594
15.8333 591
15.85 588
15.8667 584
15.8833 581
15.9 578
15.9167 574
15.9333 571
15.95 568
15.9667 564
15.9833 561
16.0 558
16.0167 554
16.0333 551
16.05 547
16.0667 544
16.0833 540
16.1 537
16.1167 533
16.1333 530
16.15 526
16.1667 523
16.1833 519
16.2 516
16.2167 512
16.2333 509
16.25 505
16.2667 502
16.2833 498
16.3 495
16.3167 491
16.3333 487
16.35 484
16.3667 480
16.3833 476
16.4 473
16.4167 469
16.4333 466
16.45 462
16.4667 458
16.4833 454
16.5 451
16.5167 447
16.5333 443
16.55 440
16.5667 436
16.5833 432
16.6 428
16.6167 425
16.6333 421
16.65 417
16.6667 413
16.6833 410
16.7 406
16.7167 402
16.7333 398
16.75 394
16.7667 391
16.7833 387
16.8 383
16.8167 379
16.8333 375
16.85 371
16.8667 368
16.8833 364
16.9 360
16.9167 356
16.9333 352
16.95 348
16.9667 345
16.9833 341
