8.0 260
8.0167 264
8.0333 268
8.05 273
8.0667 277
8.0833 281
8.1 285
8.1167 289
8.1333 293
8.15 297
8.1667 301
8.1833 306
8.2 310
8.2167 314
8.2333 318
8.25 322
8.2667 326
8.2833 330
8.3 334
8.3167 339
8.3333 343
8.35 347
8.3667 351
8.3833 355
8.4 359
8.4167 363
8.4333 367
8.45 371
8.4667 376
8.4833 380
8.5 384
8.5167 388
8.5333 392
8.55 396
8.5667 400
8.5833 404
8.6 408
8.6167 412
8.6333 416
8.65 420
8.6667 424
8.6833 428
8.7 432
8.7167 436
8.7333 440
8.75 444
8.7667 448
8.7833 452
8.8 456
8.8167 460
8.8333 464
8.85 468
8.8667 472
8.8833 476
8.9 480
8.9167 484
8.9333 488
8.95 492
8.9667 496
8.9833 499
9.0 503
9.0167 508
9.0333 512
9.05 516
9.0667 520
9.0833 524
9.1 527
9.1167 531
9.1333 535
9.15 539
9.1667 543
9.1833 546
9.2 550
9.2167 554
9.2333 558
9.25 561
9.2667 565
9.2833 569
9.3 573
9.3167 576
9.3333 580
9.35 584
9.3667 587
9.3833 591
9.4 595
9.4167 598
9.4333 602
9.45 605
9.4667 609
9.4833 613
9.5 616
9.5167 620
9.5333 623
9.55 627
9.5667 630
9.5833 634
9.6 637
9.6167 641
9.6333 644
9.65 648
9.6667 651
9.6833 654
9.7 658
9.7167 661
9.7333 665
9.75 668
9.7667 671
9.7833 675
9.8 678
9.8167 681
9.8333 685
9.85 688
9.8667 691
9.8833 695
9.9 698
9.9167 701
9.9333 704
9.95 707
9.9667 711
9.9833 714
10.0 717
10.0167 720
10.0333 723
10.05 726
10.0667 729
10.0833 733
10.1 736
10.1167 739
10.1333 742
10.15 745
10.1667 748
10.1833 751
10.2 754
10.2167 757
10.2333 760
10.25 763
10.2667 765
10.2833 768
10.3 771
10.3167 774
10.3333 777
10.35 780
10.3667 783
10.3833 785
10.4 788
10.4167 791
10.4333 794
10.45 796
10.4667 799
10.4833 802
10.5 805
10.5167 807
10.5333 810
10.55 813
10.5667 815
10.5833 818
10.6 820
10.6167 823
10.6333 825
10.65 828
10.6667 831
10.6833 833
10.7 836
10.7167 838
10.7333 840
10.75 843
10.7667 845
10.7833 848
10.8 850
10.8167 852
10.8333 855
10.85 857
10.8667 859
10.8833 862
10.9 864
10.9167 866
10.9333 868
10.95 871
10.9667 873
10.9833 875
11.0 877
11.0167 879
11.0333 881
11.05 884
11.0667 886
11.0833 888
11.1 890
11.1167 892
11.1333 894
11.15 896
11.1667 898
11.1833 900
11.2 902
11.2167 904
11.2333 905
11.25 907
11.2667 909
11.2833 911
11.3 913
11.3167 915
11.3333 916
11.35 918
11.3667 920
11.3833 922
11.4 923
11.4167 925
11.4333 927
11.45 928
11.4667 930
11.4833 932
11.5 933
11.5167 935
11.5333 936
11.55 938
11.5667 939
11.5833 941
11.6 942
11.6167 944
11.6333 945
11.65 947
11.6667 948
11.6833 949
11.7 951
11.7167 952
11.7333 953
11.75 955
11.7667 956
11.7833 957
11.8 958
11.8167 960
11.8333 961
11.85 962
11.8667 963
11.8833 964
11.9 965
11.9167 967
11.9333 968
11.95 969
11.9667 970
11.9833 971
12.0 972
12.0167 973
12.0333 974
12.05 975
12.0667 975
12.0833 976
12.1 977
12.1167 978
12.1333 979
12.15 980
12.1667 980
12.1833 981
12.2 982
12.2167 983
12.2333 983
12.25 984
12.2667 985
12.2833 985
12.3 986
12.3167 987
12.3333 987
12.35 988
12.3667 988
12.3833 989
12.4 989
12.4167 990
12.4333 990
12.45 991
12.4667 991
12.4833 991
12.5 992
12.5167 992
12.5333 992
12.55 993
12.5667 993
12.5833 993
12.6 994
12.6167 994
12.6333 994
12.65 994
12.6667 994
12.6833 994
12.7 995
12.7167 995
12.7333 995
12.75 995
12.7667 995
12.7833 995
12.8 995
12.8167 995
12.8333 995
12.85 995
12.8667 995
12.8833 994
12.9 994
12.9167 994
12.9333 994
12.95 994
12.9667 994
12.9833 993
13.0 993
13.0167 993
13.0333 993
13.05 992
13.0667 992
13.0833 992
13.1 991
13.1167 991
13.1333 990
13.15 990
13.1667 989
13.1833 989
13.2 988
13.2167 988
13.2333 987
13.25 987
13.2667 986
13.2833 985
13.3 985
13.3167 984
13.3333 984
13.35 983
13.3667 982
13.3833 981
13.4 981
13.4167 980
13.4333 979
13.45 978
13.4667 977
13.4833 977
13.5 976
13.5167 975
13.5333 974
13.55 973
13.5667 972
13.5833 971
13.6 970
13.6167 969
13.6333 968
13.65 967
13.6667 966
13.6833 965
13.7 963
13.7167 962
13.7333 961
13.75 960
13.7667 959
13.7833 958
13.8 956
13.8167 955
13.8333 954
13.85 952
13.8667 951
13.8833 950
13.9 948
13.9167 947
13.9333 946
13.95 944
13.9667 943
13.9833 941
14.0 940
14.0167 938
14.0333 937
14.05 935
14.0667 934
14.0833 932
14.1 930
14.1167 929
14.1333 927
14.15 925
14.1667 924
14.1833 922
14.2 920
14.2167 919
14.2333 917
14.25 915
14.2667 913
14.2833 911
14.3 910
14.3167 908
14.3333 906
14.35 904
14.3667 902
14.3833 900
14.4 898
14.4167 896
14.4333 894
14.45 892
14.4667 890
14.4833 888
14.5 886
14.5167 884
14.5333 882
14.55 880
14.5667 878
14.5833 875
14.6 873
14.6167 871
14.6333 869
14.65 867
14.6667 864
14.6833 862
14.7 860
14.7167 858
14.7333 855
14.75 853
14.7667 850
14.7833 848
14.8 846
14.8167 843
14.8333 841
14.85 838
14.8667 836
14.8833 834
14.9 831
14.9167 828
14.9333 826
14.95 823
14.9667 821
14.9833 818
15.0 816
15.0167 814
15.0333 811
15.05 808
15.0667 806
15.0833 803
15.1 800
15.1167 798
15.1333 795
15.15 792
15.1667 789
15.1833 786
15.2 784
15.2167 781
15.2333 778
15.25 775
15.2667 772
15.2833 769
15.3 767
15.3167 764
15.3333 761
15.35 758
15.3667 755
15.3833 752
15.4 749
15.4167 746
15.4333 743
15.45 740
15.4667 737
15.4833 734
15.5 731
15.5167 727
15.5333 724
15.55 721
15.5667 718
15.5833 715
15.6 712
15.6167 709
15.6333 705
15.65 702
15.6667 699
15.6833 696
15.7 692
15.7167 689
15.7333 686
15.75 683
15.7667 679
15.7833 676
15.8 673
15.8167 669
15.8333 666
15.85 662
15.8667 659
15.8833 656
15.9 652
15.9167 649
15.9333 645
15.95 642
15.9667 638
15.9833 635
16.0 631
16.0167 628
16.0333 624
16.05 621
16.0667 617
16.0833 614
16.1 610
16.1167 607
16.1333 603
16.15 599
16.1667 596
16.1833 592
16.2 588
16.2167 585
16.2333 581
16.25 577
16.2667 574
16.2833 570
16.3 566
16.3167 563
16.3333 559
16.35 555
16.3667 551
16.3833 548
16.4 544
16.4167 540
16.4333 536
16.45 532
16.4667 529
16.4833 525
16.5 521
16.5167 517
16.5333 513
16.55 509
16.5667 506
16.5833 502
16.6 498
16.6167 494
16.6333 490
16.65 486
16.6667 482
16.6833 478
16.7 474
16.7167 470
16.7333 466
16.75 462
16.7667 459
16.7833 455
16.8 451
16.8167 447
16.8333 443
16.85 439
16.8667 435
16.8833 431
16.9 427
16.9167 422
16.9333 418
16.95 414
16.9667 410
16.9833 406
