8.0 147
8.0167 150
8.0333 154
8.05 157
8.0667 161
8.0833 164
8.1 168
8.1167 172
8.1333 175
8.15 179
8.1667 183
8.1833 186
8.2 190
8.2167 194
8.2333 197
8.25 201
8.2667 205
8.2833 209
8.3 212
8.3167 216
8.3333 220
8.35 224
8.3667 228
8.3833 231
8.4 235
8.4167 239
8.4333 243
8.45 246
8.4667 250
8.4833 254
8.5 258
8.5167 262
8.5333 266
8.55 269
8.5667 273
8.5833 277
8.6 281
8.6167 285
8.6333 288
8.65 292
8.6667 296
8.6833 300
8.7 304
8.7167 308
8.7333 311
8.75 315
8.7667 319
8.7833 323
8.8 327
8.8167 330
8.8333 334
8.85 338
8.8667 342
8.8833 346
8.9 349
8.9167 353
8.9333 357
8.95 361
8.9667 365
8.9833 368
9.0 372
9.0167 377
9.0333 381
9.05 384
9.0667 388
9.0833 392
9.1 396
9.1167 399
9.1333 403
9.15 407
9.1667 411
9.1833 414
9.2 418
9.2167 422
9.2333 425
9.25 429
9.2667 433
9.2833 436
9.3 440
9.3167 444
9.3333 447
9.35 451
9.3667 454
9.3833 458
9.4 462
9.4167 465
9.4333 469
9.45 472
9.4667 476
9.4833 479
9.5 483
9.5167 487
9.5333 490
9.55 494
9.5667 497
9.5833 501
9.6 504
9.6167 507
9.6333 511
9.65 514
9.6667 518
9.6833 521
9.7 525
9.7167 528
9.7333 531
9.75 535
9.7667 538
9.7833 541
9.8 545
9.8167 548
9.8333 551
9.85 555
9.8667 558
9.8833 561
9.9 565
9.9167 568
9.9333 571
9.95 574
9.9667 578
9.9833 581
10.0 584
10.0167 587
10.0333 590
10.05 593
10.0667 597
10.0833 600
10.1 603
10.1167 606
10.1333 609
10.15 612
10.1667 615
10.1833 618
10.2 621
10.2167 624
10.2333 627
10.25 630
10.2667 633
10.2833 636
10.3 639
10.3167 642
10.3333 645
10.35 648
10.3667 651
10.3833 653
10.4 656
10.4167 659
10.4333 662
10.45 665
10.4667 667
10.4833 670
10.5 673
10.5167 676
10.5333 678
10.55 681
10.5667 684
10.5833 686
10.6 689
10.6167 692
10.6333 694
10.65 697
10.6667 700
10.6833 702
10.7 705
10.7167 707
10.7333 710
10.75 712
10.7667 715
10.7833 717
10.8 720
10.8167 722
10.8333 725
10.85 727
10.8667 729
10.8833 732
10.9 734
10.9167 736
10.9333 739
10.95 741
10.9667 743
10.9833 745
11.0 748
11.0167 750
11.0333 752
11.05 754
11.0667 757
11.0833 759
11.1 761
11.1167 763
11.1333 765
11.15 767
11.1667 769
11.1833 771
11.2 773
11.2167 775
11.2333 777
11.25 779
11.2667 781
11.2833 783
11.3 785
11.3167 787
11.3333 789
11.35 791
11.3667 793
11.3833 794
11.4 796
11.4167 798
11.4333 800
11.45 801
11.4667 803
11.4833 805
11.5 807
11.5167 808
11.5333 810
11.55 812
11.5667 813
11.5833 815
11.6 816
11.6167 818
11.6333 819
11.65 821
11.6667 822
11.6833 824
11.7 825
11.7167 827
11.7333 828
11.75 830
11.7667 831
11.7833 832
11.8 834
11.8167 835
11.8333 836
11.85 838
11.8667 839
11.8833 840
11.9 841
11.9167 843
11.9333 844
11.95 845
11.9667 846
11.9833 847
12.0 848
12.0167 849
12.0333 850
12.05 851
12.0667 852
12.0833 853
12.1 854
12.1167 855
12.1333 856
12.15 857
12.1667 858
12.1833 859
12.2 860
12.2167 861
12.2333 862
12.25 862
12.2667 863
12.2833 864
12.3 865
12.3167 865
12.3333 866
12.35 867
12.3667 867
12.3833 868
12.4 869
12.4167 869
12.4333 870
12.45 870
12.4667 871
12.4833 871
12.5 872
12.5167 872
12.5333 873
12.55 873
12.5667 873
12.5833 874
12.6 874
12.6167 875
12.6333 875
12.65 875
12.6667 875
12.6833 876
12.7 876
12.7167 876
12.7333 876
12.75 877
12.7667 877
12.7833 877
12.8 877
12.8167 877
12.8333 877
12.85 877
12.8667 877
12.8833 877
12.9 877
12.9167 877
12.9333 877
12.95 877
12.9667 877
12.9833 877
13.0 877
13.0167 877
13.0333 876
13.05 876
13.0667 876
13.0833 876
13.1 875
13.1167 875
13.1333 875
13.15 874
13.1667 874
13.1833 874
13.2 873
13.2167 873
13.2333 873
13.25 872
13.2667 872
13.2833 871
13.3 871
13.3167 870
13.3333 870
13.35 869
13.3667 868
13.3833 868
13.4 867
13.4167 866
13.4333 866
13.45 865
13.4667 864
13.4833 864
13.5 863
13.5167 862
13.5333 861
13.55 860
13.5667 860
13.5833 859
13.6 858
13.6167 857
13.6333 856
13.65 855
13.6667 854
13.6833 853
13.7 852
13.7167 851
13.7333 850
13.75 849
13.7667 848
13.7833 847
13.8 846
13.8167 845
13.8333 843
13.85 842
13.8667 841
13.8833 840
13.9 839
13.9167 837
13.9333 836
13.95 835
13.9667 833
13.9833 832
14.0 831
14.0167 829
14.0333 828
14.05 826
14.0667 825
14.0833 824
14.1 822
14.1167 821
14.1333 819
14.15 818
14.1667 816
14.1833 814
14.2 813
14.2167 811
14.2333 810
14.25 808
14.2667 806
14.2833 805
14.3 803
14.3167 801
14.3333 799
14.35 798
14.3667 796
14.3833 794
14.4 792
14.4167 790
14.4333 788
14.45 787
14.4667 785
14.4833 783
14.5 781
14.5167 779
14.5333 777
14.55 775
14.5667 773
14.5833 771
14.6 769
14.6167 767
14.6333 765
14.65 762
14.6667 760
14.6833 758
14.7 756
14.7167 754
14.7333 752
14.75 749
14.7667 747
14.7833 745
14.8 743
14.8167 740
14.8333 738
14.85 736
14.8667 733
14.8833 731
14.9 729
14.9167 726
14.9333 724
14.95 722
14.9667 719
14.9833 717
15.0 715
15.0167 712
15.0333 710
15.05 707
15.0667 705
15.0833 702
15.1 700
15.1167 697
15.1333 695
15.15 692
15.1667 689
15.1833 687
15.2 684
15.2167 681
15.2333 679
15.25 676
15.2667 673
15.2833 670
15.3 668
15.3167 665
15.3333 662
15.35 659
15.3667 656
15.3833 653
15.4 651
15.4167 648
15.4333 645
15.45 642
15.4667 639
15.4833 636
15.5 633
15.5167 630
15.5333 627
15.55 624
15.5667 621
15.5833 618
15.6 615
15.6167 612
15.6333 609
15.65 606
15.6667 603
15.6833 600
15.7 597
15.7167 593
15.7333 590
15.75 587
15.7667 584
15.7833 581
15.8 578
15.8167 574
15.8333 571
15.85 568
15.8667 565
15.8833 561
15.9 558
15.9167 555
15.9333 551
15.95 548
15.9667 545
15.9833 541
16.0 538
16.0167 535
16.0333 531
16.05 528
16.0667 525
16.0833 521
16.1 518
16.1167 514
16.1333 511
16.15 507
16.1667 504
16.1833 500
16.2 497
16.2167 493
16.2333 490
16.25 486
16.2667 483
16.2833 479
16.3 476
16.3167 472
16.3333 469
16.35 465
16.3667 461
16.3833 458
16.4 454
16.4167 451
16.4333 447
16.45 443
16.4667 440
16.4833 436
16.5 432
16.5167 429
16.5333 425
16.55 421
16.5667 418
16.5833 414
16.6 410
16.6167 407
16.6333 403
16.65 399
16.6667 395
16.6833 392
16.7 388
16.7167 384
16.7333 380
16.75 377
16.7667 373
16.7833 369
16.8 365
16.8167 362
16.8333 358
16.85 354
16.8667 350
16.8833 346
16.9 343
16.9167 339
16.9333 335
16.95 331
16.9667 327
16.9833 324
