8.0 193
8.0167 197
8.0333 200
8.05 204
8.0667 208
8.0833 212
8.1 216
8.1167 219
8.1333 223
8.15 227
8.1667 231
8.1833 235
8.2 239
8.2167 242
8.2333 246
8.25 250
8.2667 254
8.2833 258
8.3 262
8.3167 266
8.3333 270
8.35 274
8.3667 277
8.3833 281
8.4 285
8.4167 289
8.4333 293
8.45 297
8.4667 301
8.4833 305
8.5 309
8.5167 313
8.5333 316
8.55 320
8.5667 324
8.5833 328
8.6 332
8.6167 336
8.6333 340
8.65 344
8.6667 348
8.6833 351
8.7 355
8.7167 359
8.7333 363
8.75 367
8.7667 371
8.7833 375
8.8 379
8.8167 382
8.8333 386
8.85 390
8.8667 394
8.8833 398
8.9 402
8.9167 406
8.9333 409
8.95 413
8.9667 417
8.9833 421
9.0 425
9.0167 429
9.0333 433
9.05 437
9.0667 441
9.0833 445
9.1 448
9.1167 452
9.1333 456
9.15 459
9.1667 463
9.1833 467
9.2 471
9.2167 474
9.2333 478
9.25 482
9.2667 485
9.2833 489
9.3 493
9.3167 496
9.3333 500
9.35 504
9.3667 507
9.3833 511
9.4 514
9.4167 518
9.4333 522
9.45 525
9.4667 529
9.4833 532
9.5 536
9.5167 539
9.5333 543
9.55 546
9.5667 550
9.5833 553
9.6 557
9.6167 560
9.6333 564
9.65 567
9.6667 570
9.6833 574
9.7 577
9.7167 581
9.7333 584
9.75 587
9.7667 591
9.7833 594
9.8 597
9.8167 601
9.8333 604
9.85 607
9.8667 610
9.8833 614
9.9 617
9.9167 620
9.9333 623
9.95 627
9.9667 630
9.9833 633
10.0 636
10.0167 639
10.0333 642
10.05 646
10.0667 649
10.0833 652
10.1 655
10.1167 658
10.1333 661
10.15 664
10.1667 667
10.1833 670
10.2 673
10.2167 676
10.2333 679
10.25 682
10.2667 685
10.2833 688
10.3 691
10.3167 693
10.3333 696
10.35 699
10.3667 702
10.3833 705
10.4 708
10.4167 710
10.4333 713
10.45 716
10.4667 719
10.4833 721
10.5 724
10.5167 727
10.5333 729
10.55 732
10.5667 735
10.5833 737
10.6 740
10.6167 743
10.6333 745
10.65 748
10.6667 750
10.6833 753
10.7 755
10.7167 758
10.7333 760
10.75 763
10.7667 765
10.7833 768
10.8 770
10.8167 772
10.8333 775
10.85 777
10.8667 780
10.8833 782
10.9 784
10.9167 786
10.9333 789
10.95 791
10.9667 793
10.9833 795
11.0 798
11.0167 800
11.0333 802
11.05 804
11.0667 806
11.0833 808
11.1 810
11.1167 812
11.1333 814
11.15 817
11.1667 819
11.1833 821
11.2 822
11.2167 824
11.2333 826
11.25 828
11.2667 830
11.2833 832
11.3 834
11.3167 836
11.3333 838
11.35 839
11.3667 841
11.3833 843
11.4 845
11.4167 846
11.4333 848
11.45 850
11.4667 852
11.4833 853
11.5 855
11.5167 856
11.5333 858
11.55 860
11.5667 861
11.5833 863
11.6 864
11.6167 866
11.6333 867
11.65 869
11.6667 870
11.6833 872
11.7 873
11.7167 874
11.7333 876
11.75 877
11.7667 878
11.7833 880
11.8 881
11.8167 882
11.8333 883
11.85 885
11.8667 886
11.8833 887
11.9 888
11.9167 889
11.9333 890
11.95 892
11.9667 893
11.9833 894
12.0 895
12.0167 896
12.0333 897
12.05 898
12.0667 899
12.0833 900
12.1 901
12.1167 901
12.1333 902
12.15 903
12.1667 904
12.1833 905
12.2 906
12.2167 906
12.2333 907
12.25 908
12.2667 909
12.2833 909
12.3 910
12.3167 911
12.3333 911
12.35 912
12.3667 912
12.3833 913
12.4 914
12.4167 914
12.4333 915
12.45 915
12.4667 916
12.4833 916
12.5 916
12.5167 917
12.5333 917
12.55 918
12.5667 918
12.5833 918
12.6 918
12.6167 919
12.6333 919
12.65 919
12.6667 919
12.6833 920
12.7 920
12.7167 920
12.7333 920
12.75 920
12.7667 920
12.7833 920
12.8 920
12.8167 920
12.8333 920
12.85 920
12.8667 920
12.8833 920
12.9 920
12.9167 920
12.9333 920
12.95 920
12.9667 920
12.9833 920
13.0 919
13.0167 919
13.0333 919
13.05 919
13.0667 918
13.0833 918
13.1 918
13.1167 917
13.1333 917
13.15 917
13.1667 916
13.1833 916
13.2 915
13.2167 915
13.2333 914
13.25 914
13.2667 913
13.2833 913
13.3 912
13.3167 912
13.3333 911
13.35 910
13.3667 910
13.3833 909
13.4 908
13.4167 908
13.4333 907
13.45 906
13.4667 905
13.4833 904
13.5 904
13.5167 903
13.5333 902
13.55 901
13.5667 900
13.5833 899
13.6 898
13.6167 897
13.6333 896
13.65 895
13.6667 894
13.6833 893
13.7 892
13.7167 891
13.7333 890
13.75 889
13.7667 888
13.7833 886
13.8 885
13.8167 884
13.8333 883
13.85 882
13.8667 880
13.8833 879
13.9 878
13.9167 876
13.9333 875
13.95 874
13.9667 872
13.9833 871
14.0 869
14.0167 868
14.0333 867
14.05 865
14.0667 864
14.0833 862
14.1 860
14.1167 859
14.1333 857
14.15 856
14.1667 854
14.1833 852
14.2 851
14.2167 849
14.2333 847
14.25 846
14.2667 844
14.2833 842
14.3 840
14.3167 839
14.3333 837
14.35 835
14.3667 833
14.3833 831
14.4 829
14.4167 827
14.4333 826
14.45 824
14.4667 822
14.4833 820
14.5 818
14.5167 816
14.5333 814
14.55 811
14.5667 809
14.5833 807
14.6 805
14.6167 803
14.6333 801
14.65 799
14.6667 797
14.6833 794
14.7 792
14.7167 790
14.7333 788
14.75 785
14.7667 783
14.7833 781
14.8 778
14.8167 776
14.8333 774
14.85 771
14.8667 769
14.8833 767
14.9 764
14.9167 762
14.9333 759
14.95 757
14.9667 754
14.9833 752
15.0 750
15.0167 747
15.0333 745
15.05 742
15.0667 739
15.0833 737
15.1 734
15.1167 732
15.1333 729
15.15 726
15.1667 723
15.1833 721
15.2 718
15.2167 715
15.2333 713
15.25 710
15.2667 707
15.2833 704
15.3 701
15.3167 698
15.3333 696
15.35 693
15.3667 690
15.3833 687
15.4 684
15.4167 681
15.4333 678
15.45 675
15.4667 672
15.4833 669
15.5 666
15.5167 663
15.5333 660
15.55 657
15.5667 654
15.5833 651
15.6 648
15.6167 645
15.6333 642
15.65 638
15.6667 635
15.6833 632
15.7 629
15.7167 626
15.7333 623
15.75 619
15.7667 616
15.7833 613
15.8 610
15.8167 606
15.8333 603
15.85 600
15.8667 596
15.8833 593
15.9 590
15.9167 586
15.9333 583
15.95 580
15.9667 576
15.9833 573
16.0 569
16.0167 566
16.0333 563
16.05 559
16.0667 556
16.0833 552
16.1 549
16.1167 545
16.1333 542
16.15 538
16.1667 535
16.1833 531
16.2 528
16.2167 524
16.2333 520
16.25 517
16.2667 513
16.2833 510
16.3 506
16.3167 502
16.3333 499
16.35 495
16.3667 492
16.3833 488
16.4 484
16.4167 481
16.4333 477
16.45 473
16.4667 469
16.4833 466
16.5 462
16.5167 458
16.5333 455
16.55 451
16.5667 447
16.5833 443
16.6 440
16.6167 436
16.6333 432
16.65 428
16.6667 424
16.6833 421
16.7 417
16.7167 413
16.7333 409
16.75 405
16.7667 402
16.7833 398
16.8 394
16.8167 390
16.8333 386
16.85 382
16.8667 378
16.8833 375
16.9 371
16.9167 367
16.9333 363
16.95 359
16.9667 355
16.9833 351
