8.0 309
8.0167 313
8.0333 317
8.05 321
8.0667 325
8.0833 329
8.1 333
8.1167 337
8.1333 341
8.15 345
8.1667 350
8.1833 354
8.2 358
8.2167 362
8.2333 366
8.25 370
8.2667 374
8.2833 378
8.3 382
8.3167 386
8.3333 390
8.35 394
8.3667 398
8.3833 402
8.4 406
8.4167 410
8.4333 414
8.45 419
8.4667 423
8.4833 427
8.5 431
8.5167 435
8.5333 439
8.55 443
8.5667 447
8.5833 451
8.6 455
8.6167 458
8.6333 462
8.65 466
8.6667 470
8.6833 474
8.7 478
8.7167 482
8.7333 486
8.75 490
8.7667 494
8.7833 498
8.8 502
8.8167 506
8.8333 509
8.85 513
8.8667 517
8.8833 521
8.9 525
8.9167 529
8.9333 533
8.95 536
8.9667 540
8.9833 544
9.0 548
9.0167 552
9.0333 556
9.05 560
9.0667 564
9.0833 567
9.1 571
9.1167 575
9.1333 579
9.15 582
9.1667 586
9.1833 590
9.2 593
9.2167 597
9.2333 601
9.25 604
9.2667 608
9.2833 611
9.3 615
9.3167 619
9.3333 622
9.35 626
9.3667 629
9.3833 633
9.4 636
9.4167 640
9.4333 643
9.45 647
9.4667 650
9.4833 654
9.5 657
9.5167 661
9.5333 664
9.55 668
9.5667 671
9.5833 674
9.6 678
9.6167 681
9.6333 685
9.65 688
9.6667 691
9.6833 695
9.7 698
9.7167 701
9.7333 704
9.75 708
9.7667 711
9.7833 714
9.8 717
9.8167 721
9.8333 724
9.85 727
9.8667 730
9.8833 733
9.9 736
9.9167 740
9.9333 743
9.95 746
9.9667 749
9.9833 752
10.0 755
10.0167 758
10.0333 761
10.05 764
10.0667 767
10.0833 770
10.1 773
10.1167 776
10.1333 779
10.15 782
10.1667 785
10.1833 788
10.2 790
10.2167 793
10.2333 796
10.25 799
10.2667 802
10.2833 805
10.3 807
10.3167 810
10.3333 813
10.35 816
10.3667 818
10.3833 821
10.4 824
10.4167 826
10.4333 829
10.45 832
10.4667 834
10.4833 837
10.5 839
10.5167 842
10.5333 844
10.55 847
10.5667 850
10.5833 852
10.6 854
10.6167 857
10.6333 859
10.65 862
10.6667 864
10.6833 867
10.7 869
10.7167 871
10.7333 874
10.75 876
10.7667 878
10.7833 881
10.8 883
10.8167 885
10.8333 887
10.85 890
10.8667 892
10.8833 894
10.9 896
10.9167 898
10.9333 900
10.95 902
10.9667 905
10.9833 907
11.0 909
11.0167 911
11.0333 913
11.05 915
11.0667 917
11.0833 919
11.1 921
11.1167 923
11.1333 924
11.15 926
11.1667 928
11.1833 930
11.2 932
11.2167 934
11.2333 935
11.25 937
11.2667 939
11.2833 941
11.3 942
11.3167 944
11.3333 946
11.35 948
11.3667 949
11.3833 951
11.4 952
11.4167 954
11.4333 956
11.45 957
11.4667 959
11.4833 960
11.5 962
11.5167 963
11.5333 965
11.55 966
11.5667 967
11.5833 969
11.6 970
11.6167 971
11.6333 973
11.65 974
11.6667 975
11.6833 977
11.7 978
11.7167 979
11.7333 980
11.75 982
11.7667 983
11.7833 984
11.8 985
11.8167 986
11.8333 987
11.85 988
11.8667 989
11.8833 990
11.9 991
11.9167 992
11.9333 993
11.95 994
11.9667 995
11.9833 996
12.0 997
12.0167 998
12.0333 999
12.05 1000
12.0667 1000
12.0833 1001
12.1 1002
12.1167 1003
12.1333 1003
12.15 1004
12.1667 1005
12.1833 1005
12.2 1006
12.2167 1007
12.2333 1007
12.25 1008
12.2667 1009
12.2833 1009
12.3 1010
12.3167 1010
12.3333 1011
12.35 1011
12.3667 1011
12.3833 1012
12.4 1012
12.4167 1013
12.4333 1013
12.45 1013
12.4667 1014
12.4833 1014
12.5 1014
12.5167 1015
12.5333 1015
12.55 1015
12.5667 1015
12.5833 1015
12.6 1016
12.6167 1016
12.6333 1016
12.65 1016
12.6667 1016
12.6833 1016
12.7 1016
12.7167 1016
12.7333 1016
12.75 1016
12.7667 1016
12.7833 1016
12.8 1016
12.8167 1016
12.8333 1016
12.85 1015
12.8667 1015
12.8833 1015
12.9 1015
12.9167 1015
12.9333 1014
12.95 1014
12.9667 1014
12.9833 1013
13.0 1013
13.0167 1013
13.0333 1012
13.05 1012
13.0667 1011
13.0833 1011
13.1 1011
13.1167 1010
13.1333 1010
13.15 1009
13.1667 1009
13.1833 1008
13.2 1007
13.2167 1007
13.2333 1006
13.25 1005
13.2667 1005
13.2833 1004
13.3 1003
13.3167 1003
13.3333 1002
13.35 1001
13.3667 1000
13.3833 1000
13.4 999
13.4167 998
13.4333 997
13.45 996
13.4667 995
13.4833 994
13.5 993
13.5167 992
13.5333 991
13.55 990
13.5667 989
13.5833 988
13.6 987
13.6167 986
13.6333 985
13.65 984
13.6667 983
13.6833 982
13.7 980
13.7167 979
13.7333 978
13.75 977
13.7667 975
13.7833 974
13.8 973
13.8167 971
13.8333 970
13.85 969
13.8667 967
13.8833 966
13.9 964
13.9167 963
13.9333 962
13.95 960
13.9667 959
13.9833 957
14.0 956
14.0167 954
14.0333 952
14.05 951
14.0667 949
14.0833 948
14.1 946
14.1167 944
14.1333 942
14.15 941
14.1667 939
14.1833 937
14.2 935
14.2167 934
14.2333 932
14.25 930
14.2667 928
14.2833 926
14.3 924
14.3167 923
14.3333 921
14.35 919
14.3667 917
14.3833 915
14.4 913
14.4167 911
14.4333 909
14.45 907
14.4667 905
14.4833 902
14.5 900
14.5167 898
14.5333 896
14.55 894
14.5667 892
14.5833 890
14.6 887
14.6167 885
14.6333 883
14.65 881
14.6667 878
14.6833 876
14.7 874
14.7167 871
14.7333 869
14.75 867
14.7667 864
14.7833 862
14.8 859
14.8167 857
14.8333 854
14.85 852
14.8667 849
14.8833 847
14.9 844
14.9167 842
14.9333 839
14.95 837
14.9667 834
14.9833 832
15.0 829
15.0167 827
15.0333 824
15.05 821
15.0667 819
15.0833 816
15.1 813
15.1167 810
15.1333 808
15.15 805
15.1667 802
15.1833 799
15.2 796
15.2167 794
15.2333 791
15.25 788
15.2667 785
15.2833 782
15.3 779
15.3167 776
15.3333 773
15.35 770
15.3667 767
15.3833 764
15.4 761
15.4167 758
15.4333 755
15.45 752
15.4667 749
15.4833 746
15.5 743
15.5167 740
15.5333 737
15.55 734
15.5667 731
15.5833 727
15.6 724
15.6167 721
15.6333 718
15.65 715
15.6667 711
15.6833 708
15.7 705
15.7167 702
15.7333 698
15.75 695
15.7667 692
15.7833 688
15.8 685
15.8167 682
15.8333 678
15.85 675
15.8667 671
15.8833 668
15.9 665
15.9167 661
15.9333 658
15.95 654
15.9667 651
15.9833 647
16.0 644
16.0167 640
16.0333 637
16.05 633
16.0667 630
16.0833 626
16.1 623
16.1167 619
16.1333 615
16.15 612
16.1667 608
16.1833 605
16.2 601
16.2167 597
16.2333 594
16.25 590
16.2667 586
16.2833 583
16.3 579
16.3167 575
16.3333 571
16.35 568
16.3667 564
16.3833 560
16.4 557
16.4167 553
16.4333 549
16.45 545
16.4667 541
16.4833 538
16.5 534
16.5167 530
16.5333 526
16.55 522
16.5667 518
16.5833 515
16.6 511
16.6167 507
16.6333 503
16.65 499
16.6667 495
16.6833 491
16.7 487
16.7167 483
16.7333 479
16.75 476
16.7667 472
16.7833 468
16.8 464
16.8167 460
16.8333 456
16.85 452
16.8667 448
16.8833 444
16.9 440
16.9167 436
16.9333 432
16.95 428
16.9667 424
16.9833 420
