8.0 269
8.0167 273
8.0333 277
8.05 281
8.0667 285
8.0833 288
8.1 292
8.1167 296
8.1333 300
8.15 304
8.1667 308
8.1833 312
8.2 316
8.2167 320
8.2333 323
8.25 327
8.2667 331
8.2833 335
8.3 339
8.3167 343
8.3333 347
8.35 351
8.3667 354
8.3833 358
8.4 362
8.4167 366
8.4333 370
8.45 374
8.4667 378
8.4833 382
8.5 385
8.5167 389
8.5333 393
8.55 397
8.5667 401
8.5833 405
8.6 409
8.6167 412
8.6333 416
8.65 420
8.6667 424
8.6833 428
8.7 431
8.7167 435
8.7333 439
8.75 443
8.7667 447
8.7833 450
8.8 454
8.8167 458
8.8333 462
8.85 466
8.8667 469
8.8833 473
8.9 477
8.9167 481
8.9333 484
8.95 488
8.9667 492
8.9833 495
9.0 499
9.0167 504
9.0333 507
9.05 511
9.0667 515
9.0833 518
9.1 522
9.1167 526
9.1333 529
9.15 533
9.1667 536
9.1833 540
9.2 544
9.2167 547
9.2333 551
9.25 554
9.2667 558
9.2833 561
9.3 565
9.3167 568
9.3333 572
9.35 575
9.3667 579
9.3833 582
9.4 586
9.4167 589
9.4333 593
9.45 596
9.4667 600
9.4833 603
9.5 606
9.5167 610
9.5333 613
9.55 616
9.5667 620
9.5833 623
9.6 626
9.6167 630
9.6333 633
9.65 636
9.6667 640
9.6833 643
9.7 646
9.7167 649
9.7333 653
9.75 656
9.7667 659
9.7833 662
9.8 665
9.8167 669
9.8333 672
9.85 675
9.8667 678
9.8833 681
9.9 684
9.9167 687
9.9333 690
9.95 693
9.9667 696
9.9833 699
10.0 702
10.0167 705
10.0333 708
10.05 711
10.0667 714
10.0833 717
10.1 720
10.1167 723
10.1333 726
10.15 729
10.1667 732
10.1833 735
10.2 737
10.2167 740
10.2333 743
10.25 746
10.2667 749
10.2833 751
10.3 754
10.3167 757
10.3333 760
10.35 762
10.3667 765
10.3833 768
10.4 770
10.4167 773
10.4333 775
10.45 778
10.4667 781
10.4833 783
10.5 786
10.5167 788
10.5333 791
10.55 793
10.5667 796
10.5833 798
10.6 801
10.6167 803
10.6333 806
10.65 808
10.6667 810
10.6833 813
10.7 815
10.7167 817
10.7333 820
10.75 822
10.7667 824
10.7833 827
10.8 829
10.8167 831
10.8333 833
10.85 836
10.8667 838
10.8833 840
10.9 842
10.9167 844
10.9333 846
10.95 848
10.9667 850
10.9833 852
11.0 854
11.0167 856
11.0333 858
11.05 860
11.0667 862
11.0833 864
11.1 866
11.1167 868
11.1333 870
11.15 872
11.1667 874
11.1833 876
11.2 878
11.2167 879
11.2333 881
11.25 883
11.2667 885
11.2833 886
11.3 888
11.3167 890
11.3333 891
11.35 893
11.3667 895
11.3833 896
11.4 898
11.4167 899
11.4333 901
11.45 903
11.4667 904
11.4833 906
11.5 907
11.5167 908
11.5333 910
11.55 911
11.5667 913
11.5833 914
11.6 915
11.6167 917
11.6333 918
11.65 919
11.6667 921
11.6833 922
11.7 923
11.7167 924
11.7333 926
11.75 927
11.7667 928
11.7833 929
11.8 930
11.8167 931
11.8333 933
11.85 934
11.8667 935
11.8833 936
11.9 937
11.9167 938
11.9333 939
11.95 940
11.9667 941
11.9833 941
12.0 942
12.0167 943
12.0333 944
12.05 945
12.0667 946
12.0833 946
12.1 947
12.1167 948
12.1333 949
12.15 949
12.1667 950
12.1833 951
12.2 951
12.2167 952
12.2333 953
12.25 953
12.2667 954
12.2833 954
12.3 955
12.3167 955
12.3333 956
12.35 956
12.3667 957
12.3833 957
12.4 958
12.4167 958
12.4333 958
12.45 959
12.4667 959
12.4833 959
12.5 960
12.5167 960
12.5333 960
12.55 960
12.5667 961
12.5833 961
12.6 961
12.6167 961
12.6333 961
12.65 961
12.6667 961
12.6833 961
12.7 961
12.7167 961
12.7333 961
12.75 961
12.7667 961
12.7833 961
12.8 961
12.8167 961
12.8333 961
12.85 961
12.8667 961
12.8833 960
12.9 960
12.9167 960
12.9333 960
12.95 959
12.9667 959
12.9833 959
13.0 959
13.0167 958
13.0333 958
13.05 957
13.0667 957
13.0833 957
13.1 956
13.1167 956
13.1333 955
13.15 955
13.1667 954
13.1833 954
13.2 953
13.2167 952
13.2333 952
13.25 951
13.2667 950
13.2833 950
13.3 949
13.3167 948
13.3333 948
13.35 947
13.3667 946
13.3833 945
13.4 944
13.4167 944
13.4333 943
13.45 942
13.4667 941
13.4833 940
13.5 939
13.5167 938
13.5333 937
13.55 936
13.5667 935
13.5833 934
13.6 933
13.6167 932
13.6333 931
13.65 930
13.6667 929
13.6833 928
13.7 926
13.7167 925
13.7333 924
13.75 923
13.7667 921
13.7833 920
13.8 919
13.8167 918
13.8333 916
13.85 915
13.8667 914
13.8833 912
13.9 911
13.9167 909
13.9333 908
13.95 906
13.9667 905
13.9833 903
14.0 902
14.0167 900
14.0333 899
14.05 897
14.0667 896
14.0833 894
14.1 892
14.1167 891
14.1333 889
14.15 887
14.1667 886
14.1833 884
14.2 882
14.2167 880
14.2333 878
14.25 877
14.2667 875
14.2833 873
14.3 871
14.3167 869
14.3333 867
14.35 865
14.3667 864
14.3833 862
14.4 860
14.4167 858
14.4333 856
14.45 854
14.4667 852
14.4833 849
14.5 847
14.5167 845
14.5333 843
14.55 841
14.5667 839
14.5833 837
14.6 835
14.6167 832
14.6333 830
14.65 828
14.6667 826
14.6833 823
14.7 821
14.7167 819
14.7333 816
14.75 814
14.7667 812
14.7833 809
14.8 807
14.8167 805
14.8333 802
14.85 800
14.8667 797
14.8833 795
14.9 792
14.9167 790
14.9333 787
14.95 785
14.9667 782
14.9833 780
15.0 777
15.0167 775
15.0333 772
15.05 769
15.0667 767
15.0833 764
15.1 761
15.1167 759
15.1333 756
15.15 753
15.1667 750
15.1833 748
15.2 745
15.2167 742
15.2333 739
15.25 737
15.2667 734
15.2833 731
15.3 728
15.3167 725
15.3333 722
15.35 719
15.3667 716
15.3833 713
15.4 710
15.4167 707
15.4333 704
15.45 701
15.4667 698
15.4833 695
15.5 692
15.5167 689
15.5333 686
15.55 683
15.5667 680
15.5833 677
15.6 674
15.6167 671
15.6333 668
15.65 664
15.6667 661
15.6833 658
15.7 655
15.7167 652
15.7333 648
15.75 645
15.7667 642
15.7833 639
15.8 635
15.8167 632
15.8333 629
15.85 625
15.8667 622
15.8833 619
15.9 615
15.9167 612
15.9333 609
15.95 605
15.9667 602
15.9833 598
16.0 595
16.0167 591
16.0333 588
16.05 585
16.0667 581
16.0833 578
16.1 574
16.1167 571
16.1333 567
16.15 564
16.1667 560
16.1833 557
16.2 553
16.2167 549
16.2333 546
16.25 542
16.2667 539
16.2833 535
16.3 531
16.3167 528
16.3333 524
16.35 521
16.3667 517
16.3833 513
16.4 510
16.4167 506
16.4333 502
16.45 499
16.4667 495
16.4833 491
16.5 487
16.5167 484
16.5333 480
16.55 476
16.5667 473
16.5833 469
16.6 465
16.6167 461
16.6333 458
16.65 454
16.6667 450
16.6833 446
16.7 442
16.7167 439
16.7333 435
16.75 431
16.7667 427
16.7833 423
16.8 420
16.8167 416
16.8333 412
16.85 408
16.8667 404
16.8833 400
16.9 397
16.9167 393
16.9333 389
16.95 385
16.9667 381
16.9833 377
