8.0 230
8.0167 234
8.0333 237
8.05 240
8.0667 244
8.0833 247
8.1 250
8.1167 254
8.1333 257
8.15 261
8.1667 264
8.1833 267
8.2 271
8.2167 274
8.2333 278
8.25 281
8.2667 285
8.2833 288
8.3 291
8.3167 295
8.3333 298
8.35 302
8.3667 305
8.3833 309
8.4 312
8.4167 316
8.4333 319
8.45 323
8.4667 326
8.4833 330
8.5 333
8.5167 336
8.5333 340
8.55 343
8.5667 347
8.5833 350
8.6 354
8.6167 357
8.6333 361
8.65 364
8.6667 368
8.6833 371
8.7 375
8.7167 378
8.7333 381
8.75 385
8.7667 388
8.7833 392
8.8 395
8.8167 399
8.8333 402
8.85 406
8.8667 409
8.8833 412
8.9 416
8.9167 419
8.9333 423
8.95 426
8.9667 429
8.9833 433
9.0 436
9.0167 440
9.0333 444
9.05 447
9.0667 450
9.0833 454
9.1 457
9.1167 460
9.1333 464
9.15 467
9.1667 470
9.1833 474
9.2 477
9.2167 480
9.2333 484
9.25 487
9.2667 490
9.2833 494
9.3 497
9.3167 500
9.3333 503
9.35 507
9.3667 510
9.3833 513
9.4 516
9.4167 519
9.4333 523
9.45 526
9.4667 529
9.4833 532
9.5 535
9.5167 538
9.5333 542
9.55 545
9.5667 548
9.5833 551
9.6 554
9.6167 557
9.6333 560
9.65 563
9.6667 566
9.6833 569
9.7 572
9.7167 575
9.7333 578
9.75 581
9.7667 584
9.7833 587
9.8 590
9.8167 593
9.8333 596
9.85 599
9.8667 602
9.8833 605
9.9 608
9.9167 611
9.9333 614
9.95 617
9.9667 619
9.9833 622
10.0 625
10.0167 628
10.0333 631
10.05 633
10.0667 636
10.0833 639
10.1 642
10.1167 645
10.1333 647
10.15 650
10.1667 653
10.1833 655
10.2 658
10.2167 661
10.2333 663
10.25 666
10.2667 668
10.2833 671
10.3 674
10.3167 676
10.3333 679
10.35 681
10.3667 684
10.3833 686
10.4 689
10.4167 691
10.4333 694
10.45 696
10.4667 699
10.4833 701
10.5 703
10.5167 706
10.5333 708
10.55 711
10.5667 713
10.5833 715
10.6 718
10.6167 720
10.6333 722
10.65 724
10.6667 727
10.6833 729
10.7 731
10.7167 733
10.7333 735
10.75 738
10.7667 740
10.7833 742
10.8 744
10.8167 746
10.8333 748
10.85 750
10.8667 752
10.8833 754
10.9 756
10.9167 758
10.9333 760
10.95 762
10.9667 764
10.9833 766
11.0 768
11.0167 770
11.0333 772
11.05 774
11.0667 776
11.0833 778
11.1 779
11.1167 781
11.1333 783
11.15 785
11.1667 786
11.1833 788
11.2 790
11.2167 792
11.2333 793
11.25 795
11.2667 797
11.2833 798
11.3 800
11.3167 801
11.3333 803
11.35 805
11.3667 806
11.3833 808
11.4 809
11.4167 811
11.4333 812
11.45 813
11.4667 815
11.4833 816
11.5 818
11.5167 819
11.5333 820
11.55 822
11.5667 823
11.5833 824
11.6 826
11.6167 827
11.6333 828
11.65 829
11.6667 831
11.6833 832
11.7 833
11.7167 834
11.7333 835
11.75 836
11.7667 837
11.7833 839
11.8 840
11.8167 841
11.8333 842
11.85 843
11.8667 844
11.8833 845
11.9 845
11.9167 846
11.9333 847
11.95 848
11.9667 849
11.9833 850
12.0 851
12.0167 852
12.0333 852
12.05 853
12.0667 854
12.0833 855
12.1 855
12.1167 856
12.1333 857
12.15 857
12.1667 858
12.1833 859
12.2 859
12.2167 860
12.2333 860
12.25 861
12.2667 861
12.2833 862
12.3 862
12.3167 863
12.3333 863
12.35 864
12.3667 864
12.3833 864
12.4 865
12.4167 865
12.4333 865
12.45 866
12.4667 866
12.4833 866
12.5 867
12.5167 867
12.5333 867
12.55 867
12.5667 867
12.5833 867
12.6 868
12.6167 868
12.6333 868
12.65 868
12.6667 868
12.6833 868
12.7 868
12.7167 868
12.7333 868
12.75 868
12.7667 868
12.7833 868
12.8 868
12.8167 867
12.8333 867
12.85 867
12.8667 867
12.8833 867
12.9 867
12.9167 866
12.9333 866
12.95 866
12.9667 865
12.9833 865
13.0 865
13.0167 864
13.0333 864
13.05 864
13.0667 863
13.0833 863
13.1 862
13.1167 862
13.1333 861
13.15 861
13.1667 860
13.1833 860
13.2 859
13.2167 859
13.2333 858
13.25 857
13.2667 857
13.2833 856
13.3 855
13.3167 855
13.3333 854
13.35 853
13.3667 852
13.3833 851
13.4 851
13.4167 850
13.4333 849
13.45 848
13.4667 847
13.4833 846
13.5 845
13.5167 844
13.5333 843
13.55 843
13.5667 841
13.5833 840
13.6 839
13.6167 838
13.6333 837
13.65 836
13.6667 835
13.6833 834
13.7 833
13.7167 832
13.7333 830
13.75 829
13.7667 828
13.7833 827
13.8 826
13.8167 824
13.8333 823
13.85 822
13.8667 820
13.8833 819
13.9 818
13.9167 816
13.9333 815
13.95 813
13.9667 812
13.9833 810
14.0 809
14.0167 807
14.0333 806
14.05 804
14.0667 803
14.0833 801
14.1 800
14.1167 798
14.1333 796
14.15 795
14.1667 793
14.1833 791
14.2 790
14.2167 788
14.2333 786
14.25 785
14.2667 783
14.2833 781
14.3 779
14.3167 777
14.3333 776
14.35 774
14.3667 772
14.3833 770
14.4 768
14.4167 766
14.4333 764
14.45 762
14.4667 760
14.4833 758
14.5 756
14.5167 754
14.5333 752
14.55 750
14.5667 748
14.5833 746
14.6 744
14.6167 742
14.6333 740
14.65 737
14.6667 735
14.6833 733
14.7 731
14.7167 729
14.7333 726
14.75 724
14.7667 722
14.7833 720
14.8 717
14.8167 715
14.8333 713
14.85 710
14.8667 708
14.8833 706
14.9 703
14.9167 701
14.9333 698
14.95 696
14.9667 693
14.9833 691
15.0 689
15.0167 686
15.0333 684
15.05 681
15.0667 679
15.0833 676
15.1 674
15.1167 671
15.1333 668
15.15 666
15.1667 663
15.1833 661
15.2 658
15.2167 655
15.2333 653
15.25 650
15.2667 647
15.2833 645
15.3 642
15.3167 639
15.3333 636
15.35 633
15.3667 631
15.3833 628
15.4 625
15.4167 622
15.4333 619
15.45 617
15.4667 614
15.4833 611
15.5 608
15.5167 605
15.5333 602
15.55 599
15.5667 596
15.5833 593
15.6 590
15.6167 587
15.6333 584
15.65 581
15.6667 578
15.6833 575
15.7 572
15.7167 569
15.7333 566
15.75 563
15.7667 560
15.7833 557
15.8 554
15.8167 551
15.8333 548
15.85 545
15.8667 542
15.8833 538
15.9 535
15.9167 532
15.9333 529
15.95 526
15.9667 523
15.9833 519
16.0 516
16.0167 513
16.0333 510
16.05 507
16.0667 503
16.0833 500
16.1 497
16.1167 493
16.1333 490
16.15 487
16.1667 484
16.1833 480
16.2 477
16.2167 474
16.2333 470
16.25 467
16.2667 464
16.2833 460
16.3 457
16.3167 454
16.3333 450
16.35 447
16.3667 444
16.3833 440
16.4 437
16.4167 433
16.4333 430
16.45 427
16.4667 423
16.4833 420
16.5 416
16.5167 413
16.5333 410
16.55 406
16.5667 403
16.5833 399
16.6 396
16.6167 392
16.6333 389
16.65 386
16.6667 382
16.6833 379
16.7 375
16.7167 372
16.7333 368
16.75 365
16.7667 361
16.7833 358
16.8 354
16.8167 351
16.8333 348
16.85 344
16.8667 341
16.8833 337
16.9 334
16.9167 330
16.9333 327
16.95 323
16.9667 320
16.9833 316
