8.0 347
8.0167 351
8.0333 354
8.05 358
8.0667 361
8.0833 365
8.1 369
8.1167 372
8.1333 376
8.15 379
8.1667 383
8.1833 387
8.2 390
8.2167 394
8.2333 397
8.25 401
8.2667 405
8.2833 408
8.3 412
8.3167 415
8.3333 419
8.35 422
8.3667 426
8.3833 430
8.4 433
8.4167 437
8.4333 440
8.45 444
8.4667 447
8.4833 451
8.5 455
8.5167 458
8.5333 462
8.55 465
8.5667 469
8.5833 472
8.6 476
8.6167 479
8.6333 483
8.65 486
8.6667 490
8.6833 493
8.7 497
8.7167 500
8.7333 504
8.75 507
8.7667 511
8.7833 514
8.8 517
8.8167 521
8.8333 524
8.85 528
8.8667 531
8.8833 534
8.9 538
8.9167 541
8.9333 545
8.95 548
8.9667 551
8.9833 555
9.0 558
9.0167 562
9.0333 565
9.05 568
9.0667 571
9.0833 575
9.1 578
9.1167 581
9.1333 585
9.15 588
9.1667 591
9.1833 594
9.2 598
9.2167 601
9.2333 604
9.25 607
9.2667 611
9.2833 614
9.3 617
9.3167 620
9.3333 623
9.35 626
9.3667 630
9.3833 633
9.4 636
9.4167 639
9.4333 642
9.45 645
9.4667 648
9.4833 651
9.5 654
9.5167 657
9.5333 660
9.55 663
9.5667 666
9.5833 669
9.6 672
9.6167 675
9.6333 678
9.65 681
9.6667 684
9.6833 687
9.7 690
9.7167 693
9.7333 696
9.75 699
9.7667 702
9.7833 705
9.8 707
9.8167 710
9.8333 713
9.85 716
9.8667 719
9.8833 721
9.9 724
9.9167 727
9.9333 730
9.95 732
9.9667 735
9.9833 738
10.0 741
10.0167 743
10.0333 746
10.05 749
10.0667 751
10.0833 754
10.1 756
10.1167 759
10.1333 762
10.15 764
10.1667 767
10.1833 769
10.2 772
10.2167 774
10.2333 777
10.25 779
10.2667 782
10.2833 784
10.3 787
10.3167 789
10.3333 792
10.35 794
10.3667 796
10.3833 799
10.4 801
10.4167 803
10.4333 806
10.45 808
10.4667 810
10.4833 813
10.5 815
10.5167 817
10.5333 819
10.55 822
10.5667 824
10.5833 826
10.6 828
10.6167 830
10.6333 832
10.65 834
10.6667 837
10.6833 839
10.7 841
10.7167 843
10.7333 845
10.75 847
10.7667 849
10.7833 851
10.8 853
10.8167 855
10.8333 857
10.85 859
10.8667 861
10.8833 863
10.9 864
10.9167 866
10.9333 868
10.95 870
10.9667 872
10.9833 874
11.0 875
11.0167 877
11.0333 879
11.05 881
11.0667 882
11.0833 884
11.1 886
11.1167 887
11.1333 889
11.15 891
11.1667 892
11.1833 894
11.2 895
11.2167 897
11.2333 899
11.25 900
11.2667 902
11.2833 903
11.3 905
11.3167 906
11.3333 907
11.35 909
11.3667 910
11.3833 912
11.4 913
11.4167 914
11.4333 916
11.45 917
11.4667 918
11.4833 920
11.5 921
11.5167 922
11.5333 923
11.55 925
11.5667 926
11.5833 927
11.6 928
11.6167 929
11.6333 930
11.65 932
11.6667 933
11.6833 934
11.7 935
11.7167 936
11.7333 937
11.75 938
11.7667 939
11.7833 940
11.8 941
11.8167 942
11.8333 942
11.85 943
11.8667 944
11.8833 945
11.9 946
11.9167 947
11.9333 948
11.95 948
11.9667 949
11.9833 950
12.0 951
12.0167 951
12.0333 952
12.05 953
12.0667 953
12.0833 954
12.1 954
12.1167 955
12.1333 956
12.15 956
12.1667 957
12.1833 957
12.2 958
12.2167 958
12.2333 959
12.25 959
12.2667 960
12.2833 960
12.3 960
12.3167 961
12.3333 961
12.35 961
12.3667 962
12.3833 962
12.4 962
12.4167 963
12.4333 963
12.45 963
12.4667 963
12.4833 963
12.5 964
12.5167 964
12.5333 964
12.55 964
12.5667 964
12.5833 964
12.6 964
12.6167 964
12.6333 964
12.65 964
12.6667 964
12.6833 964
12.7 964
12.7167 964
12.7333 964
12.75 964
12.7667 964
12.7833 963
12.8 963
12.8167 963
12.8333 963
12.85 963
12.8667 962
12.8833 962
12.9 962
12.9167 962
12.9333 961
12.95 961
12.9667 961
12.9833 960
13.0 960
13.0167 959
13.0333 959
13.05 958
13.0667 958
13.0833 957
13.1 957
13.1167 956
13.1333 956
13.15 955
13.1667 955
13.1833 954
13.2 953
13.2167 953
13.2333 952
13.25 951
13.2667 951
13.2833 950
13.3 949
13.3167 949
13.3333 948
13.35 947
13.3667 946
13.3833 945
13.4 945
13.4167 944
13.4333 943
13.45 942
13.4667 941
13.4833 940
13.5 939
13.5167 938
13.5333 937
13.55 936
13.5667 935
13.5833 934
13.6 933
13.6167 932
13.6333 931
13.65 930
13.6667 928
13.6833 927
13.7 926
13.7167 925
13.7333 924
13.75 923
13.7667 921
13.7833 920
13.8 919
13.8167 917
13.8333 916
13.85 915
13.8667 913
13.8833 912
13.9 911
13.9167 909
13.9333 908
13.95 906
13.9667 905
13.9833 904
14.0 902
14.0167 901
14.0333 899
14.05 897
14.0667 896
14.0833 894
14.1 893
14.1167 891
14.1333 890
14.15 888
14.1667 886
14.1833 885
14.2 883
14.2167 881
14.2333 879
14.25 878
14.2667 876
14.2833 874
14.3 872
14.3167 871
14.3333 869
14.35 867
14.3667 865
14.3833 863
14.4 861
14.4167 859
14.4333 857
14.45 855
14.4667 853
14.4833 852
14.5 850
14.5167 848
14.5333 846
14.55 843
14.5667 841
14.5833 839
14.6 837
14.6167 835
14.6333 833
14.65 831
14.6667 829
14.6833 827
14.7 824
14.7167 822
14.7333 820
14.75 818
14.7667 816
14.7833 813
14.8 811
14.8167 809
14.8333 806
14.85 804
14.8667 802
14.8833 799
14.9 797
14.9167 795
14.9333 792
14.95 790
14.9667 787
14.9833 785
15.0 783
15.0167 780
15.0333 778
15.05 775
15.0667 773
15.0833 770
15.1 768
15.1167 765
15.1333 763
15.15 760
15.1667 757
15.1833 755
15.2 752
15.2167 750
15.2333 747
15.25 744
15.2667 742
15.2833 739
15.3 736
15.3167 733
15.3333 731
15.35 728
15.3667 725
15.3833 723
15.4 720
15.4167 717
15.4333 714
15.45 711
15.4667 708
15.4833 706
15.5 703
15.5167 700
15.5333 697
15.55 694
15.5667 691
15.5833 688
15.6 685
15.6167 682
15.6333 680
15.65 677
15.6667 674
15.6833 671
15.7 668
15.7167 665
15.7333 662
15.75 659
15.7667 656
15.7833 652
15.8 649
15.8167 646
15.8333 643
15.85 640
15.8667 637
15.8833 634
15.9 631
15.9167 628
15.9333 625
15.95 621
15.9667 618
15.9833 615
16.0 612
16.0167 609
16.0333 605
16.05 602
16.0667 599
16.0833 596
16.1 592
16.1167 589
16.1333 586
16.15 583
16.1667 579
16.1833 576
16.2 573
16.2167 569
16.2333 566
16.25 563
16.2667 559
16.2833 556
16.3 553
16.3167 549
16.3333 546
16.35 543
16.3667 539
16.3833 536
16.4 532
16.4167 529
16.4333 526
16.45 522
16.4667 519
16.4833 515
16.5 512
16.5167 508
16.5333 505
16.55 502
16.5667 498
16.5833 495
16.6 491
16.6167 488
16.6333 484
16.65 481
16.6667 477
16.6833 474
16.7 470
16.7167 467
16.7333 463
16.75 460
16.7667 456
16.7833 452
16.8 449
16.8167 445
16.8333 442
16.85 438
16.8667 435
16.8833 431
16.9 428
16.9167 424
16.9333 420
16.95 417
16.9667 413
16.9833 410
