8.0 402
8.0167 406
8.0333 410
8.05 414
8.0667 417
8.0833 421
8.1 425
8.1167 429
8.1333 433
8.15 436
8.1667 440
8.1833 444
8.2 448
8.2167 452
8.2333 455
8.25 459
8.2667 463
8.2833 467
8.3 470
8.3167 474
8.3333 478
8.35 482
8.3667 485
8.3833 489
8.4 493
8.4167 496
8.4333 500
8.45 504
8.4667 508
8.4833 511
8.5 515
8.5167 519
8.5333 522
8.55 526
8.5667 530
8.5833 533
8.6 537
8.6167 541
8.6333 544
8.65 548
8.6667 551
8.6833 555
8.7 559
8.7167 562
8.7333 566
8.75 569
8.7667 573
8.7833 577
8.8 580
8.8167 584
8.8333 587
8.85 591
8.8667 594
8.8833 598
8.9 601
8.9167 605
8.9333 608
8.95 612
8.9667 615
8.9833 619
9.0 622
9.0167 626
9.0333 629
9.05 632
9.0667 636
9.0833 639
9.1 643
9.1167 646
9.1333 649
9.15 653
9.1667 656
9.1833 659
9.2 663
9.2167 666
9.2333 669
9.25 673
9.2667 676
9.2833 679
9.3 682
9.3167 686
9.3333 689
9.35 692
9.3667 695
9.3833 699
9.4 702
9.4167 705
9.4333 708
9.45 711
9.4667 715
9.4833 718
9.5 721
9.5167 724
9.5333 727
9.55 730
9.5667 733
9.5833 736
9.6 739
9.6167 742
9.6333 745
9.65 748
9.6667 751
9.6833 754
9.7 757
9.7167 760
9.7333 763
9.75 766
9.7667 769
9.7833 772
9.8 775
9.8167 778
9.8333 781
9.85 784
9.8667 786
9.8833 789
9.9 792
9.9167 795
9.9333 798
9.95 801
9.9667 803
9.9833 806
10.0 809
10.0167 812
10.0333 814
10.05 817
10.0667 820
10.0833 822
10.1 825
10.1167 828
10.1333 830
10.15 833
10.1667 835
10.1833 838
10.2 841
10.2167 843
10.2333 846
10.25 848
10.2667 851
10.2833 853
10.3 856
10.3167 858
10.3333 861
10.35 863
10.3667 865
10.3833 868
10.4 870
10.4167 873
10.4333 875
10.45 877
10.4667 880
10.4833 882
10.5 884
10.5167 887
10.5333 889
10.55 891
10.5667 893
10.5833 896
10.6 898
10.6167 900
10.6333 902
10.65 904
10.6667 906
10.6833 909
10.7 911
10.7167 913
10.7333 915
10.75 917
10.7667 919
10.7833 921
10.8 923
10.8167 925
10.8333 927
10.85 929
10.8667 931
10.8833 933
10.9 935
10.9167 937
10.9333 938
10.95 940
10.9667 942
10.9833 944
11.0 946
11.0167 948
11.0333 949
11.05 951
11.0667 953
11.0833 955
11.1 956
11.1167 958
11.1333 960
11.15 961
11.1667 963
11.1833 965
11.2 966
11.2167 968
11.2333 969
11.25 971
11.2667 972
11.2833 974
11.3 975
11.3167 977
11.3333 978
11.35 980
11.3667 981
11.3833 983
11.4 984
11.4167 985
11.4333 987
11.45 988
11.4667 989
11.4833 991
11.5 992
11.5167 993
11.5333 995
11.55 996
11.5667 997
11.5833 998
11.6 999
11.6167 1001
11.6333 1002
11.65 1003
11.6667 1004
11.6833 1005
11.7 1006
11.7167 1007
11.7333 1008
11.75 1009
11.7667 1010
11.7833 1011
11.8 1012
11.8167 1013
11.8333 1014
11.85 1015
11.8667 1016
11.8833 1017
11.9 1018
11.9167 1018
11.9333 1019
11.95 1020
11.9667 1021
11.9833 1021
12.0 1022
12.0167 1023
12.0333 1024
12.05 1024
12.0667 1025
12.0833 1026
12.1 1026
12.1167 1027
12.1333 1027
12.15 1028
12.1667 1029
12.1833 1029
12.2 1030
12.2167 1030
12.2333 1031
12.25 1031
12.2667 1032
12.2833 1032
12.3 1032
12.3167 1033
12.3333 1033
12.35 1033
12.3667 1034
12.3833 1034
12.4 1034
12.4167 1035
12.4333 1035
12.45 1035
12.4667 1035
12.4833 1036
12.5 1036
12.5167 1036
12.5333 1036
12.55 1036
12.5667 1036
12.5833 1036
12.6 1036
12.6167 1036
12.6333 1036
12.65 1036
12.6667 1036
12.6833 1036
12.7 1036
12.7167 1036
12.7333 1036
12.75 1036
12.7667 1036
12.7833 1036
12.8 1036
12.8167 1035
12.8333 1035
12.85 1035
12.8667 1035
12.8833 1034
12.9 1034
12.9167 1034
12.9333 1034
12.95 1033
12.9667 1033
12.9833 1032
13.0 1032
13.0167 1032
13.0333 1031
13.05 1031
13.0667 1030
13.0833 1030
13.1 1029
13.1167 1029
13.1333 1028
13.15 1028
13.1667 1027
13.1833 1027
13.2 1026
13.2167 1025
13.2333 1025
13.25 1024
13.2667 1023
13.2833 1023
13.3 1022
13.3167 1021
13.3333 1020
13.35 1019
13.3667 1019
13.3833 1018
13.4 1017
13.4167 1016
13.4333 1015
13.45 1014
13.4667 1013
13.4833 1013
13.5 1012
13.5167 1011
13.5333 1010
13.55 1009
13.5667 1008
13.5833 1007
13.6 1005
13.6167 1004
13.6333 1003
13.65 1002
13.6667 1001
13.6833 1000
13.7 999
13.7167 998
13.7333 996
13.75 995
13.7667 994
13.7833 993
13.8 991
13.8167 990
13.8333 989
13.85 987
13.8667 986
13.8833 985
13.9 983
13.9167 982
13.9333 980
13.95 979
13.9667 978
13.9833 976
14.0 975
14.0167 973
14.0333 972
14.05 970
14.0667 968
14.0833 967
14.1 965
14.1167 964
14.1333 962
14.15 960
14.1667 959
14.1833 957
14.2 955
14.2167 954
14.2333 952
14.25 950
14.2667 948
14.2833 947
14.3 945
14.3167 943
14.3333 941
14.35 939
14.3667 937
14.3833 936
14.4 934
14.4167 932
14.4333 930
14.45 928
14.4667 926
14.4833 924
14.5 922
14.5167 920
14.5333 918
14.55 916
14.5667 914
14.5833 912
14.6 909
14.6167 907
14.6333 905
14.65 903
14.6667 901
14.6833 899
14.7 897
14.7167 894
14.7333 892
14.75 890
14.7667 888
14.7833 885
14.8 883
14.8167 881
14.8333 878
14.85 876
14.8667 874
14.8833 871
14.9 869
14.9167 867
14.9333 864
14.95 862
14.9667 859
14.9833 857
15.0 854
15.0167 852
15.0333 849
15.05 847
15.0667 844
15.0833 842
15.1 839
15.1167 837
15.1333 834
15.15 831
15.1667 829
15.1833 826
15.2 824
15.2167 821
15.2333 818
15.25 816
15.2667 813
15.2833 810
15.3 807
15.3167 805
15.3333 802
15.35 799
15.3667 796
15.3833 794
15.4 791
15.4167 788
15.4333 785
15.45 782
15.4667 779
15.4833 776
15.5 774
15.5167 771
15.5333 768
15.55 765
15.5667 762
15.5833 759
15.6 756
15.6167 753
15.6333 750
15.65 747
15.6667 744
15.6833 741
15.7 738
15.7167 735
15.7333 732
15.75 729
15.7667 725
15.7833 722
15.8 719
15.8167 716
15.8333 713
15.85 710
15.8667 707
15.8833 703
15.9 700
15.9167 697
15.9333 694
15.95 691
15.9667 687
15.9833 684
16.0 681
16.0167 678
16.0333 674
16.05 671
16.0667 668
16.0833 664
16.1 661
16.1167 658
16.1333 654
16.15 651
16.1667 648
16.1833 644
16.2 641
16.2167 638
16.2333 634
16.25 631
16.2667 627
16.2833 624
16.3 620
16.3167 617
16.3333 614
16.35 610
16.3667 607
16.3833 603
16.4 600
16.4167 596
16.4333 593
16.45 589
16.4667 585
16.4833 582
16.5 578
16.5167 575
16.5333 571
16.55 568
16.5667 564
16.5833 561
16.6 557
16.6167 553
16.6333 550
16.65 546
16.6667 542
16.6833 539
16.7 535
16.7167 532
16.7333 528
16.75 524
16.7667 521
16.7833 517
16.8 513
16.8167 510
16.8333 506
16.85 502
16.8667 498
16.8833 495
16.9 491
16.9167 487
16.9333 484
16.95 480
16.9667 476
16.9833 472
