8.0 336
8.0167 340
8.0333 343
8.05 347
8.0667 350
8.0833 354
8.1 358
8.1167 361
8.1333 365
8.15 368
8.1667 372
8.1833 375
8.2 379
8.2167 382
8.2333 386
8.25 389
8.2667 393
8.2833 397
8.3 400
8.3167 404
8.3333 407
8.35 411
8.3667 414
8.3833 418
8.4 421
8.4167 425
8.4333 428
8.45 432
8.4667 435
8.4833 439
8.5 442
8.5167 446
8.5333 449
8.55 453
8.5667 456
8.5833 460
8.6 463
8.6167 467
8.6333 470
8.65 474
8.6667 477
8.6833 481
8.7 484
8.7167 488
8.7333 491
8.75 494
8.7667 498
8.7833 501
8.8 505
8.8167 508
8.8333 511
8.85 515
8.8667 518
8.8833 522
8.9 525
8.9167 528
8.9333 532
8.95 535
8.9667 538
8.9833 542
9.0 545
9.0167 548
9.0333 552
9.05 555
9.0667 558
9.0833 562
9.1 565
9.1167 568
9.1333 571
9.15 575
9.1667 578
9.1833 581
9.2 584
9.2167 587
9.2333 591
9.25 594
9.2667 597
9.2833 600
9.3 603
9.3167 607
9.3333 610
9.35 613
9.3667 616
9.3833 619
9.4 622
9.4167 625
9.4333 628
9.45 631
9.4667 634
9.4833 637
9.5 641
9.5167 644
9.5333 647
9.55 650
9.5667 653
9.5833 656
9.6 659
9.6167 662
9.6333 664
9.65 667
9.6667 670
9.6833 673
9.7 676
9.7167 679
9.7333 682
9.75 685
9.7667 688
9.7833 690
9.8 693
9.8167 696
9.8333 699
9.85 702
9.8667 704
9.8833 707
9.9 710
9.9167 713
9.9333 715
9.95 718
9.9667 721
9.9833 724
10.0 726
10.0167 729
10.0333 732
10.05 734
10.0667 737
10.0833 739
10.1 742
10.1167 745
10.1333 747
10.15 750
10.1667 752
10.1833 755
10.2 757
10.2167 760
10.2333 762
10.25 765
10.2667 767
10.2833 770
10.3 772
10.3167 775
10.3333 777
10.35 779
10.3667 782
10.3833 784
10.4 786
10.4167 789
10.4333 791
10.45 793
10.4667 796
10.4833 798
10.5 800
10.5167 802
10.5333 805
10.55 807
10.5667 809
10.5833 811
10.6 813
10.6167 815
10.6333 818
10.65 820
10.6667 822
10.6833 824
10.7 826
10.7167 828
10.7333 830
10.75 832
10.7667 834
10.7833 836
10.8 838
10.8167 840
10.8333 842
10.85 844
10.8667 846
10.8833 848
10.9 849
10.9167 851
10.9333 853
10.95 855
10.9667 857
10.9833 859
11.0 860
11.0167 862
11.0333 864
11.05 866
11.0667 867
11.0833 869
11.1 871
11.1167 872
11.1333 874
11.15 876
11.1667 877
11.1833 879
11.2 880
11.2167 882
11.2333 883
11.25 885
11.2667 886
11.2833 888
11.3 889
11.3167 891
11.3333 892
11.35 894
11.3667 895
11.3833 896
11.4 898
11.4167 899
11.4333 901
11.45 902
11.4667 903
11.4833 904
11.5 906
11.5167 907
11.5333 908
11.55 909
11.5667 911
11.5833 912
11.6 913
11.6167 914
11.6333 915
11.65 916
11.6667 917
11.6833 918
11.7 919
11.7167 920
11.7333 921
11.75 922
11.7667 923
11.7833 924
11.8 925
11.8167 926
11.8333 927
11.85 928
11.8667 929
11.8833 930
11.9 931
11.9167 931
11.9333 932
11.95 933
11.9667 934
11.9833 934
12.0 935
12.0167 936
12.0333 937
12.05 937
12.0667 938
12.0833 939
12.1 939
12.1167 940
12.1333 940
12.15 941
12.1667 941
12.1833 942
12.2 942
12.2167 943
12.2333 943
12.25 944
12.2667 944
12.2833 945
12.3 945
12.3167 945
12.3333 946
12.35 946
12.3667 946
12.3833 947
12.4 947
12.4167 947
12.4333 947
12.45 948
12.4667 948
12.4833 948
12.5 948
12.5167 948
12.5333 948
12.55 949
12.5667 949
12.5833 949
12.6 949
12.6167 949
12.6333 949
12.65 949
12.6667 949
12.6833 949
12.7 949
12.7167 949
12.7333 948
12.75 948
12.7667 948
12.7833 948
12.8 948
12.8167 948
12.8333 947
12.85 947
12.8667 947
12.8833 947
12.9 946
12.9167 946
12.9333 946
12.95 945
12.9667 945
12.9833 945
13.0 944
13.0167 944
13.0333 943
13.05 943
13.0667 942
13.0833 942
13.1 941
13.1167 941
13.1333 940
13.15 940
13.1667 939
13.1833 939
13.2 938
13.2167 937
13.2333 937
13.25 936
13.2667 935
13.2833 935
13.3 934
13.3167 933
13.3333 932
13.35 932
13.3667 931
13.3833 930
13.4 929
13.4167 928
13.4333 927
13.45 926
13.4667 925
13.4833 925
13.5 924
13.5167 923
13.5333 922
13.55 921
13.5667 920
13.5833 919
13.6 917
13.6167 916
13.6333 915
13.65 914
13.6667 913
13.6833 912
13.7 911
13.7167 910
13.7333 908
13.75 907
13.7667 906
13.7833 905
13.8 903
13.8167 902
13.8333 901
13.85 899
13.8667 898
13.8833 897
13.9 895
13.9167 894
13.9333 893
13.95 891
13.9667 890
13.9833 888
14.0 887
14.0167 885
14.0333 884
14.05 882
14.0667 881
14.0833 879
14.1 877
14.1167 876
14.1333 874
14.15 873
14.1667 871
14.1833 869
14.2 868
14.2167 866
14.2333 864
14.25 862
14.2667 861
14.2833 859
14.3 857
14.3167 855
14.3333 853
14.35 852
14.3667 850
14.3833 848
14.4 846
14.4167 844
14.4333 842
14.45 840
14.4667 838
14.4833 836
14.5 834
14.5167 832
14.5333 830
14.55 828
14.5667 826
14.5833 824
14.6 822
14.6167 820
14.6333 818
14.65 816
14.6667 814
14.6833 811
14.7 809
14.7167 807
14.7333 805
14.75 803
14.7667 800
14.7833 798
14.8 796
14.8167 794
14.8333 791
14.85 789
14.8667 787
14.8833 784
14.9 782
14.9167 780
14.9333 777
14.95 775
14.9667 772
14.9833 770
15.0 768
15.0167 765
15.0333 763
15.05 760
15.0667 758
15.0833 755
15.1 753
15.1167 750
15.1333 748
15.15 745
15.1667 743
15.1833 740
15.2 737
15.2167 735
15.2333 732
15.25 729
15.2667 727
15.2833 724
15.3 721
15.3167 719
15.3333 716
15.35 713
15.3667 711
15.3833 708
15.4 705
15.4167 702
15.4333 699
15.45 697
15.4667 694
15.4833 691
15.5 688
15.5167 685
15.5333 682
15.55 680
15.5667 677
15.5833 674
15.6 671
15.6167 668
15.6333 665
15.65 662
15.6667 659
15.6833 656
15.7 653
15.7167 650
15.7333 647
15.75 644
15.7667 641
15.7833 638
15.8 635
15.8167 632
15.8333 629
15.85 626
15.8667 623
15.8833 620
15.9 617
15.9167 613
15.9333 610
15.95 607
15.9667 604
15.9833 601
16.0 598
16.0167 595
16.0333 591
16.05 588
16.0667 585
16.0833 582
16.1 578
16.1167 575
16.1333 572
16.15 569
16.1667 565
16.1833 562
16.2 559
16.2167 556
16.2333 552
16.25 549
16.2667 546
16.2833 542
16.3 539
16.3167 536
16.3333 532
16.35 529
16.3667 526
16.3833 522
16.4 519
16.4167 516
16.4333 512
16.45 509
16.4667 505
16.4833 502
16.5 499
16.5167 495
16.5333 492
16.55 488
16.5667 485
16.5833 481
16.6 478
16.6167 475
16.6333 471
16.65 468
16.6667 464
16.6833 461
16.7 457
16.7167 454
16.7333 450
16.75 447
16.7667 443
16.7833 440
16.8 436
16.8167 433
16.8333 429
16.85 426
16.8667 422
16.8833 419
16.9 415
16.9167 412
16.9333 408
16.95 405
16.9667 401
16.9833 397
