8.0 273
8.0167 276
8.0333 279
8.05 282
8.0667 285
8.0833 288
8.1 291
8.1167 294
8.1333 298
8.15 301
8.1667 304
8.1833 307
8.2 310
8.2167 313
8.2333 317
8.25 320
8.2667 323
8.2833 326
8.3 329
8.3167 332
8.3333 336
8.35 339
8.3667 342
8.3833 345
8.4 348
8.4167 351
8.4333 355
8.45 358
8.4667 361
8.4833 364
8.5 367
8.5167 370
8.5333 374
8.55 377
8.5667 380
8.5833 383
8.6 386
8.6167 389
8.6333 393
8.65 396
8.6667 399
8.6833 402
8.7 405
8.7167 408
8.7333 411
8.75 415
8.7667 418
8.7833 421
8.8 424
8.8167 427
8.8333 430
8.85 433
8.8667 436
8.8833 439
8.9 443
8.9167 446
8.9333 449
8.95 452
8.9667 455
8.9833 458
9.0 461
9.0167 464
9.0333 467
9.05 470
9.0667 473
9.0833 476
9.1 479
9.1167 482
9.1333 485
9.15 488
9.1667 491
9.1833 494
9.2 497
9.2167 500
9.2333 503
9.25 506
9.2667 509
9.2833 512
9.3 515
9.3167 518
9.3333 521
9.35 524
9.3667 527
9.3833 530
9.4 533
9.4167 536
9.4333 538
9.45 541
9.4667 544
9.4833 547
9.5 550
9.5167 553
9.5333 555
9.55 558
9.5667 561
9.5833 564
9.6 567
9.6167 569
9.6333 572
9.65 575
9.6667 578
9.6833 580
9.7 583
9.7167 586
9.7333 589
9.75 591
9.7667 594
9.7833 597
9.8 599
9.8167 602
9.8333 605
9.85 607
9.8667 610
9.8833 612
9.9 615
9.9167 618
9.9333 620
9.95 623
9.9667 625
9.9833 628
10.0 630
10.0167 633
10.0333 635
10.05 638
10.0667 640
10.0833 643
10.1 645
10.1167 648
10.1333 650
10.15 653
10.1667 655
10.1833 657
10.2 660
10.2167 662
10.2333 664
10.25 667
10.2667 669
10.2833 671
10.3 674
10.3167 676
10.3333 678
10.35 681
10.3667 683
10.3833 685
10.4 687
10.4167 689
10.4333 692
10.45 694
10.4667 696
10.4833 698
10.5 700
10.5167 702
10.5333 705
10.55 707
10.5667 709
10.5833 711
10.6 713
10.6167 715
10.6333 717
10.65 719
10.6667 721
10.6833 723
10.7 725
10.7167 727
10.7333 729
10.75 731
10.7667 733
10.7833 734
10.8 736
10.8167 738
10.8333 740
10.85 742
10.8667 744
10.8833 745
10.9 747
10.9167 749
10.9333 751
10.95 753
10.9667 754
10.9833 756
11.0 758
11.0167 759
11.0333 761
11.05 763
11.0667 764
11.0833 766
11.1 767
11.1167 769
11.1333 771
11.15 772
11.1667 774
11.1833 775
11.2 777
11.2167 778
11.2333 780
11.25 781
11.2667 783
11.2833 784
11.3 785
11.3167 787
11.3333 788
11.35 789
11.3667 791
11.3833 792
11.4 793
11.4167 795
11.4333 796
11.45 797
11.4667 798
11.4833 800
11.5 801
11.5167 802
11.5333 803
11.55 804
11.5667 806
11.5833 807
11.6 808
11.6167 809
11.6333 810
11.65 811
11.6667 812
11.6833 813
11.7 814
11.7167 815
11.7333 816
11.75 817
11.7667 818
11.7833 819
11.8 820
11.8167 820
11.8333 821
11.85 822
11.8667 823
11.8833 824
11.9 825
11.9167 825
11.9333 826
11.95 827
11.9667 828
11.9833 828
12.0 829
12.0167 830
12.0333 830
12.05 831
12.0667 832
12.0833 832
12.1 833
12.1167 833
12.1333 834
12.15 834
12.1667 835
12.1833 835
12.2 836
12.2167 836
12.2333 837
12.25 837
12.2667 838
12.2833 838
12.3 838
12.3167 839
12.3333 839
12.35 839
12.3667 840
12.3833 840
12.4 840
12.4167 840
12.4333 841
12.45 841
12.4667 841
12.4833 841
12.5 841
12.5167 841
12.5333 842
12.55 842
12.5667 842
12.5833 842
12.6 842
12.6167 842
12.6333 842
12.65 842
12.6667 842
12.6833 842
12.7 842
12.7167 842
12.7333 842
12.75 841
12.7667 841
12.7833 841
12.8 841
12.8167 841
12.8333 841
12.85 840
12.8667 840
12.8833 840
12.9 840
12.9167 839
12.9333 839
12.95 839
12.9667 838
12.9833 838
13.0 837
13.0167 837
13.0333 837
13.05 836
13.0667 836
13.0833 835
13.1 835
13.1167 834
13.1333 834
13.15 833
13.1667 833
13.1833 832
13.2 831
13.2167 831
13.2333 830
13.25 830
13.2667 829
13.2833 828
13.3 827
13.3167 827
13.3333 826
13.35 825
13.3667 824
13.3833 824
13.4 823
13.4167 822
13.4333 821
13.45 820
13.4667 819
13.4833 819
13.5 818
13.5167 817
13.5333 816
13.55 815
13.5667 814
13.5833 813
13.6 812
13.6167 811
13.6333 810
13.65 809
13.6667 808
13.6833 806
13.7 805
13.7167 804
13.7333 803
13.75 802
13.7667 801
13.7833 799
13.8 798
13.8167 797
13.8333 796
13.85 794
13.8667 793
13.8833 792
13.9 791
13.9167 789
13.9333 788
13.95 787
13.9667 785
13.9833 784
14.0 782
14.0167 781
14.0333 779
14.05 778
14.0667 776
14.0833 775
14.1 773
14.1167 772
14.1333 770
14.15 769
14.1667 767
14.1833 766
14.2 764
14.2167 762
14.2333 761
14.25 759
14.2667 757
14.2833 756
14.3 754
14.3167 752
14.3333 750
14.35 749
14.3667 747
14.3833 745
14.4 743
14.4167 742
14.4333 740
14.45 738
14.4667 736
14.4833 734
14.5 732
14.5167 730
14.5333 728
14.55 726
14.5667 725
14.5833 723
14.6 721
14.6167 719
14.6333 717
14.65 715
14.6667 713
14.6833 710
14.7 708
14.7167 706
14.7333 704
14.75 702
14.7667 700
14.7833 698
14.8 696
14.8167 694
14.8333 691
14.85 689
14.8667 687
14.8833 685
14.9 682
14.9167 680
14.9333 678
14.95 676
14.9667 673
14.9833 671
15.0 669
15.0167 667
15.0333 664
15.05 662
15.0667 660
15.0833 657
15.1 655
15.1167 652
15.1333 650
15.15 648
15.1667 645
15.1833 643
15.2 640
15.2167 638
15.2333 635
15.25 633
15.2667 630
15.2833 628
15.3 625
15.3167 623
15.3333 620
15.35 617
15.3667 615
15.3833 612
15.4 610
15.4167 607
15.4333 604
15.45 602
15.4667 599
15.4833 596
15.5 594
15.5167 591
15.5333 588
15.55 586
15.5667 583
15.5833 580
15.6 577
15.6167 575
15.6333 572
15.65 569
15.6667 566
15.6833 564
15.7 561
15.7167 558
15.7333 555
15.75 552
15.7667 550
15.7833 547
15.8 544
15.8167 541
15.8333 538
15.85 535
15.8667 532
15.8833 530
15.9 527
15.9167 524
15.9333 521
15.95 518
15.9667 515
15.9833 512
16.0 509
16.0167 506
16.0333 503
16.05 500
16.0667 497
16.0833 494
16.1 491
16.1167 488
16.1333 485
16.15 482
16.1667 479
16.1833 476
16.2 473
16.2167 470
16.2333 467
16.25 464
16.2667 461
16.2833 458
16.3 455
16.3167 452
16.3333 449
16.35 445
16.3667 442
16.3833 439
16.4 436
16.4167 433
16.4333 430
16.45 427
16.4667 424
16.4833 421
16.5 418
16.5167 414
16.5333 411
16.55 408
16.5667 405
16.5833 402
16.6 399
16.6167 396
16.6333 392
16.65 389
16.6667 386
16.6833 383
16.7 380
16.7167 377
16.7333 373
16.75 370
16.7667 367
16.7833 364
16.8 361
16.8167 358
16.8333 354
16.85 351
16.8667 348
16.8833 345
16.9 342
16.9167 339
16.9333 335
16.95 332
16.9667 329
16.9833 326
