8.0 392
8.0167 396
8.0333 399
8.05 403
8.0667 407
8.0833 411
8.1 415
8.1167 418
8.1333 422
8.15 426
8.1667 430
8.1833 433
8.2 437
8.2167 441
8.2333 444
8.25 448
8.2667 452
8.2833 456
8.3 459
8.3167 463
8.3333 467
8.35 470
8.3667 474
8.3833 478
8.4 481
8.4167 485
8.4333 489
8.45 493
8.4667 496
8.4833 500
8.5 503
8.5167 507
8.5333 511
8.55 514
8.5667 518
8.5833 522
8.6 525
8.6167 529
8.6333 532
8.65 536
8.6667 540
8.6833 543
8.7 547
8.7167 550
8.7333 554
8.75 557
8.7667 561
8.7833 565
8.8 568
8.8167 572
8.8333 575
8.85 579
8.8667 582
8.8833 586
8.9 589
8.9167 593
8.9333 596
8.95 599
8.9667 603
8.9833 606
9.0 610
9.0167 613
9.0333 616
9.05 620
9.0667 623
9.0833 627
9.1 630
9.1167 633
9.1333 637
9.15 640
9.1667 643
9.1833 647
9.2 650
9.2167 653
9.2333 657
9.25 660
9.2667 663
9.2833 666
9.3 670
9.3167 673
9.3333 676
9.35 679
9.3667 683
9.3833 686
9.4 689
9.4167 692
9.4333 695
9.45 699
9.4667 702
9.4833 705
9.5 708
9.5167 711
9.5333 714
9.55 717
9.5667 720
9.5833 723
9.6 727
9.6167 730
9.6333 733
9.65 736
9.6667 739
9.6833 742
9.7 745
9.7167 748
9.7333 751
9.75 753
9.7667 756
9.7833 759
9.8 762
9.8167 765
9.8333 768
9.85 771
9.8667 774
9.8833 777
9.9 779
9.9167 782
9.9333 785
9.95 788
9.9667 791
9.9833 793
10.0 796
10.0167 799
10.0333 802
10.05 804
10.0667 807
10.0833 810
10.1 812
10.1167 815
10.1333 818
10.15 820
10.1667 823
10.1833 826
10.2 828
10.2167 831
10.2333 833
10.25 836
10.2667 838
10.2833 841
10.3 843
10.3167 846
10.3333 848
10.35 851
10.3667 853
10.3833 856
10.4 858
10.4167 861
10.4333 863
10.45 865
10.4667 868
10.4833 870
10.5 872
10.5167 875
10.5333 877
10.55 879
10.5667 882
10.5833 884
10.6 886
10.6167 888
10.6333 891
10.65 893
10.6667 895
10.6833 897
10.7 899
10.7167 901
10.7333 903
10.75 906
10.7667 908
10.7833 910
10.8 912
10.8167 914
10.8333 916
10.85 918
10.8667 920
10.8833 922
10.9 924
10.9167 926
10.9333 928
10.95 929
10.9667 931
10.9833 933
11.0 935
11.0167 937
11.0333 939
11.05 941
11.0667 942
11.0833 944
11.1 946
11.1167 948
11.1333 949
11.15 951
11.1667 953
11.1833 954
11.2 956
11.2167 958
11.2333 959
11.25 961
11.2667 963
11.2833 964
11.3 966
11.3167 967
11.3333 969
11.35 970
11.3667 972
11.3833 973
11.4 975
11.4167 976
11.4333 977
11.45 979
11.4667 980
11.4833 982
11.5 983
11.5167 984
11.5333 986
11.55 987
11.5667 988
11.5833 989
11.6 991
11.6167 992
11.6333 993
11.65 994
11.6667 995
11.6833 997
11.7 998
11.7167 999
11.7333 1000
11.75 1001
11.7667 1002
11.7833 1003
11.8 1004
11.8167 1005
11.8333 1006
11.85 1007
11.8667 1008
11.8833 1009
11.9 1010
11.9167 1011
11.9333 1012
11.95 1013
11.9667 1014
11.9833 1014
12.0 1015
12.0167 1016
12.0333 1017
12.05 1018
12.0667 1018
12.0833 1019
12.1 1020
12.1167 1020
12.1333 1021
12.15 1022
12.1667 1022
12.1833 1023
12.2 1024
12.2167 1024
12.2333 1025
12.25 1025
12.2667 1026
12.2833 1026
12.3 1027
12.3167 1027
12.3333 1028
12.35 1028
12.3667 1028
12.3833 1029
12.4 1029
12.4167 1030
12.4333 1030
12.45 1030
12.4667 1030
12.4833 1031
12.5 1031
12.5167 1031
12.5333 1032
12.55 1032
12.5667 1032
12.5833 1032
12.6 1032
12.6167 1032
12.6333 1032
12.65 1033
12.6667 1033
12.6833 1033
12.7 1033
12.7167 1033
12.7333 1033
12.75 1033
12.7667 1033
12.7833 1033
12.8 1033
12.8167 1032
12.8333 1032
12.85 1032
12.8667 1032
12.8833 1032
12.9 1032
12.9167 1032
12.9333 1031
12.95 1031
12.9667 1031
12.9833 1031
13.0 1030
13.0167 1030
13.0333 1030
13.05 1029
13.0667 1029
13.0833 1028
13.1 1028
13.1167 1028
13.1333 1027
13.15 1027
13.1667 1026
13.1833 1026
13.2 1025
13.2167 1025
13.2333 1024
13.25 1024
13.2667 1023
13.2833 1022
13.3 1022
13.3167 1021
13.3333 1020
13.35 1020
13.3667 1019
13.3833 1018
13.4 1018
13.4167 1017
13.4333 1016
13.45 1015
13.4667 1014
13.4833 1014
13.5 1013
13.5167 1012
13.5333 1011
13.55 1010
13.5667 1009
13.5833 1008
13.6 1007
13.6167 1006
13.6333 1005
13.65 1004
13.6667 1003
13.6833 1002
13.7 1001
13.7167 1000
13.7333 999
13.75 998
13.7667 997
13.7833 996
13.8 994
13.8167 993
13.8333 992
13.85 991
13.8667 990
13.8833 988
13.9 987
13.9167 986
13.9333 984
13.95 983
13.9667 982
13.9833 980
14.0 979
14.0167 978
14.0333 976
14.05 975
14.0667 973
14.0833 972
14.1 970
14.1167 969
14.1333 967
14.15 966
14.1667 964
14.1833 963
14.2 961
14.2167 959
14.2333 958
14.25 956
14.2667 954
14.2833 953
14.3 951
14.3167 949
14.3333 948
14.35 946
14.3667 944
14.3833 942
14.4 941
14.4167 939
14.4333 937
14.45 935
14.4667 933
14.4833 931
14.5 930
14.5167 928
14.5333 926
14.55 924
14.5667 922
14.5833 920
14.6 918
14.6167 916
14.6333 914
14.65 912
14.6667 910
14.6833 908
14.7 906
14.7167 904
14.7333 901
14.75 899
14.7667 897
14.7833 895
14.8 893
14.8167 891
14.8333 888
14.85 886
14.8667 884
14.8833 882
14.9 879
14.9167 877
14.9333 875
14.95 873
14.9667 870
14.9833 868
15.0 866
15.0167 863
15.0333 861
15.05 858
15.0667 856
15.0833 854
15.1 851
15.1167 849
15.1333 846
15.15 844
15.1667 841
15.1833 839
15.2 836
15.2167 834
15.2333 831
15.25 828
15.2667 826
15.2833 823
15.3 821
15.3167 818
15.3333 815
15.35 813
15.3667 810
15.3833 807
15.4 805
15.4167 802
15.4333 799
15.45 796
15.4667 794
15.4833 791
15.5 788
15.5167 785
15.5333 783
15.55 780
15.5667 777
15.5833 774
15.6 771
15.6167 768
15.6333 765
15.65 763
15.6667 760
15.6833 757
15.7 754
15.7167 751
15.7333 748
15.75 745
15.7667 742
15.7833 739
15.8 736
15.8167 733
15.8333 730
15.85 727
15.8667 724
15.8833 721
15.9 718
15.9167 714
15.9333 711
15.95 708
15.9667 705
15.9833 702
16.0 699
16.0167 696
16.0333 693
16.05 689
16.0667 686
16.0833 683
16.1 680
16.1167 676
16.1333 673
16.15 670
16.1667 667
16.1833 664
16.2 660
16.2167 657
16.2333 654
16.25 650
16.2667 647
16.2833 644
16.3 640
16.3167 637
16.3333 634
16.35 630
16.3667 627
16.3833 624
16.4 620
16.4167 617
16.4333 613
16.45 610
16.4667 606
16.4833 603
16.5 600
16.5167 596
16.5333 593
16.55 589
16.5667 586
16.5833 582
16.6 579
16.6167 575
16.6333 572
16.65 568
16.6667 565
16.6833 561
16.7 558
16.7167 554
16.7333 550
16.75 547
16.7667 543
16.7833 540
16.8 536
16.8167 533
16.8333 529
16.85 525
16.8667 522
16.8833 518
16.9 514
16.9167 511
16.9333 507
16.95 504
16.9667 500
16.9833 496
