8.0 400
8.0167 404
8.0333 408
8.05 411
8.0667 415
8.0833 419
8.1 423
8.1167 426
8.1333 430
8.15 434
8.1667 438
8.1833 441
8.2 445
8.2167 449
8.2333 453
8.25 456
8.2667 460
8.2833 464
8.3 468
8.3167 471
8.3333 475
8.35 479
8.3667 482
8.3833 486
8.4 490
8.4167 493
8.4333 497
8.45 501
8.4667 504
8.4833 508
8.5 512
8.5167 515
8.5333 519
8.55 523
8.5667 526
8.5833 530
8.6 533
8.6167 537
8.6333 541
8.65 544
8.6667 548
8.6833 551
8.7 555
8.7167 559
8.7333 562
8.75 566
8.7667 569
8.7833 573
8.8 576
8.8167 580
8.8333 583
8.85 587
8.8667 590
8.8833 594
8.9 597
8.9167 601
8.9333 604
8.95 608
8.9667 611
8.9833 614
9.0 618
9.0167 621
9.0333 625
9.05 628
9.0667 631
9.0833 635
9.1 638
9.1167 641
9.1333 645
9.15 648
9.1667 651
9.1833 655
9.2 658
9.2167 661
9.2333 665
9.25 668
9.2667 671
9.2833 674
9.3 678
9.3167 681
9.3333 684
9.35 687
9.3667 691
9.3833 694
9.4 697
9.4167 700
9.4333 703
9.45 706
9.4667 710
9.4833 713
9.5 716
9.5167 719
9.5333 722
9.55 725
9.5667 728
9.5833 731
9.6 734
9.6167 737
9.6333 740
9.65 743
9.6667 746
9.6833 749
9.7 752
9.7167 755
9.7333 758
9.75 761
9.7667 764
9.7833 767
9.8 770
9.8167 773
9.8333 776
9.85 778
9.8667 781
9.8833 784
9.9 787
9.9167 790
9.9333 793
9.95 795
9.9667 798
9.9833 801
10.0 804
10.0167 806
10.0333 809
10.05 812
10.0667 814
10.0833 817
10.1 820
10.1167 822
10.1333 825
10.15 828
10.1667 830
10.1833 833
10.2 835
10.2167 838
10.2333 840
10.25 843
10.2667 846
10.2833 848
10.3 851
10.3167 853
10.3333 855
10.35 858
10.3667 860
10.3833 863
10.4 865
10.4167 868
10.4333 870
10.45 872
10.4667 875
10.4833 877
10.5 879
10.5167 881
10.5333 884
10.55 886
10.5667 888
10.5833 890
10.6 893
10.6167 895
10.6333 897
10.65 899
10.6667 901
10.6833 904
10.7 906
10.7167 908
10.7333 910
10.75 912
10.7667 914
10.7833 916
10.8 918
10.8167 920
10.8333 922
10.85 924
10.8667 926
10.8833 928
10.9 930
10.9167 932
10.9333 934
10.95 936
10.9667 937
10.9833 939
11.0 941
11.0167 943
11.0333 945
11.05 946
11.0667 948
11.0833 950
11.1 952
11.1167 953
11.1333 955
11.15 957
11.1667 958
11.1833 960
11.2 962
11.2167 963
11.2333 965
11.25 967
11.2667 968
11.2833 970
11.3 971
11.3167 973
11.3333 974
11.35 976
11.3667 977
11.3833 979
11.4 980
11.4167 981
11.4333 983
11.45 984
11.4667 985
11.4833 987
11.5 988
11.5167 989
11.5333 991
11.55 992
11.5667 993
11.5833 994
11.6 996
11.6167 997
11.6333 998
11.65 999
11.6667 1000
11.6833 1001
11.7 1003
11.7167 1004
11.7333 1005
11.75 1006
11.7667 1007
11.7833 1008
11.8 1009
11.8167 1010
11.8333 1011
11.85 1012
11.8667 1013
11.8833 1014
11.9 1014
11.9167 1015
11.9333 1016
11.95 1017
11.9667 1018
11.9833 1019
12.0 1019
12.0167 1020
12.0333 1021
12.05 1022
12.0667 1022
12.0833 1023
12.1 1024
12.1167 1024
12.1333 1025
12.15 1026
12.1667 1026
12.1833 1027
12.2 1027
12.2167 1028
12.2333 1028
12.25 1029
12.2667 1029
12.2833 1030
12.3 1030
12.3167 1031
12.3333 1031
12.35 1031
12.3667 1032
12.3833 1032
12.4 1033
12.4167 1033
12.4333 1033
12.45 1033
12.4667 1034
12.4833 1034
12.5 1034
12.5167 1034
12.5333 1035
12.55 1035
12.5667 1035
12.5833 1035
12.6 1035
12.6167 1035
12.6333 1035
12.65 1035
12.6667 1035
12.6833 1035
12.7 1035
12.7167 1035
12.7333 1035
12.75 1035
12.7667 1035
12.7833 1035
12.8 1035
12.8167 1035
12.8333 1035
12.85 1035
12.8667 1034
12.8833 1034
12.9 1034
12.9167 1034
12.9333 1033
12.95 1033
12.9667 1033
12.9833 1033
13.0 1032
13.0167 1032
13.0333 1032
13.05 1031
13.0667 1031
13.0833 1030
13.1 1030
13.1167 1029
13.1333 1029
13.15 1028
13.1667 1028
13.1833 1027
13.2 1027
13.2167 1026
13.2333 1026
13.25 1025
13.2667 1024
13.2833 1024
13.3 1023
13.3167 1022
13.3333 1022
13.35 1021
13.3667 1020
13.3833 1019
13.4 1019
13.4167 1018
13.4333 1017
13.45 1016
13.4667 1015
13.4833 1015
13.5 1014
13.5167 1013
13.5333 1012
13.55 1011
13.5667 1010
13.5833 1009
13.6 1008
13.6167 1007
13.6333 1006
13.65 1005
13.6667 1004
13.6833 1003
13.7 1002
13.7167 1000
13.7333 999
13.75 998
13.7667 997
13.7833 996
13.8 995
13.8167 993
13.8333 992
13.85 991
13.8667 990
13.8833 988
13.9 987
13.9167 986
13.9333 984
13.95 983
13.9667 982
13.9833 980
14.0 979
14.0167 977
14.0333 976
14.05 974
14.0667 973
14.0833 971
14.1 970
14.1167 968
14.1333 967
14.15 965
14.1667 964
14.1833 962
14.2 960
14.2167 959
14.2333 957
14.25 955
14.2667 954
14.2833 952
14.3 950
14.3167 948
14.3333 947
14.35 945
14.3667 943
14.3833 941
14.4 940
14.4167 938
14.4333 936
14.45 934
14.4667 932
14.4833 930
14.5 928
14.5167 926
14.5333 924
14.55 922
14.5667 920
14.5833 918
14.6 916
14.6167 914
14.6333 912
14.65 910
14.6667 908
14.6833 906
14.7 904
14.7167 902
14.7333 900
14.75 897
14.7667 895
14.7833 893
14.8 891
14.8167 889
14.8333 886
14.85 884
14.8667 882
14.8833 880
14.9 877
14.9167 875
14.9333 873
14.95 870
14.9667 868
14.9833 865
15.0 863
15.0167 861
15.0333 858
15.05 856
15.0667 853
15.0833 851
15.1 848
15.1167 846
15.1333 843
15.15 841
15.1667 838
15.1833 836
15.2 833
15.2167 831
15.2333 828
15.25 826
15.2667 823
15.2833 820
15.3 818
15.3167 815
15.3333 812
15.35 810
15.3667 807
15.3833 804
15.4 801
15.4167 799
15.4333 796
15.45 793
15.4667 790
15.4833 788
15.5 785
15.5167 782
15.5333 779
15.55 776
15.5667 773
15.5833 770
15.6 768
15.6167 765
15.6333 762
15.65 759
15.6667 756
15.6833 753
15.7 750
15.7167 747
15.7333 744
15.75 741
15.7667 738
15.7833 735
15.8 732
15.8167 729
15.8333 726
15.85 723
15.8667 720
15.8833 716
15.9 713
15.9167 710
15.9333 707
15.95 704
15.9667 701
15.9833 698
16.0 694
16.0167 691
16.0333 688
16.05 685
16.0667 682
16.0833 678
16.1 675
16.1167 672
16.1333 669
16.15 665
16.1667 662
16.1833 659
16.2 655
16.2167 652
16.2333 649
16.25 645
16.2667 642
16.2833 639
16.3 635
16.3167 632
16.3333 629
16.35 625
16.3667 622
16.3833 618
16.4 615
16.4167 612
16.4333 608
16.45 605
16.4667 601
16.4833 598
16.5 594
16.5167 591
16.5333 587
16.55 584
16.5667 580
16.5833 577
16.6 573
16.6167 570
16.6333 566
16.65 563
16.6667 559
16.6833 556
16.7 552
16.7167 548
16.7333 545
16.75 541
16.7667 538
16.7833 534
16.8 530
16.8167 527
16.8333 523
16.85 520
16.8667 516
16.8833 512
16.9 509
16.9167 505
16.9333 501
16.95 498
16.9667 494
16.9833 490
