8.0 374
8.0167 378
8.0333 381
8.05 385
8.0667 389
8.0833 393
8.1 396
8.1167 400
8.1333 404
8.15 407
8.1667 411
8.1833 415
8.2 418
8.2167 422
8.2333 425
8.25 429
8.2667 433
8.2833 436
8.3 440
8.3167 444
8.3333 447
8.35 451
8.3667 455
8.3833 458
8.4 462
8.4167 465
8.4333 469
8.45 473
8.4667 476
8.4833 480
8.5 483
8.5167 487
8.5333 491
8.55 494
8.5667 498
8.5833 501
8.6 505
8.6167 508
8.6333 512
8.65 515
8.6667 519
8.6833 522
8.7 526
8.7167 529
8.7333 533
8.75 536
8.7667 540
8.7833 543
8.8 547
8.8167 550
8.8333 554
8.85 557
8.8667 561
8.8833 564
8.9 568
8.9167 571
8.9333 574
8.95 578
8.9667 581
8.9833 585
9.0 588
9.0167 591
9.0333 594
9.05 598
9.0667 601
9.0833 605
9.1 608
9.1167 611
9.1333 614
9.15 618
9.1667 621
9.1833 624
9.2 628
9.2167 631
9.2333 634
9.25 637
9.2667 641
9.2833 644
9.3 647
9.3167 650
9.3333 653
9.35 656
9.3667 660
9.3833 663
9.4 666
9.4167 669
9.4333 672
9.45 675
9.4667 678
9.4833 681
9.5 685
9.5167 688
9.5333 691
9.55 694
9.5667 697
9.5833 700
9.6 703
9.6167 706
9.6333 709
9.65 712
9.6667 715
9.6833 718
9.7 721
9.7167 724
9.7333 726
9.75 729
9.7667 732
9.7833 735
9.8 738
9.8167 741
9.8333 744
9.85 746
9.8667 749
9.8833 752
9.9 755
9.9167 758
9.9333 760
9.95 763
9.9667 766
9.9833 769
10.0 771
10.0167 774
10.0333 777
10.05 779
10.0667 782
10.0833 785
10.1 787
10.1167 790
10.1333 792
10.15 795
10.1667 798
10.1833 800
10.2 803
10.2167 805
10.2333 808
10.25 810
10.2667 813
10.2833 815
10.3 818
10.3167 820
10.3333 823
10.35 825
10.3667 827
10.3833 830
10.4 832
10.4167 834
10.4333 837
10.45 839
10.4667 841
10.4833 844
10.5 846
10.5167 848
10.5333 851
10.55 853
10.5667 855
10.5833 857
10.6 859
10.6167 862
10.6333 864
10.65 866
10.6667 868
10.6833 870
10.7 872
10.7167 874
10.7333 876
10.75 878
10.7667 880
10.7833 882
10.8 884
10.8167 886
10.8333 888
10.85 890
10.8667 892
10.8833 894
10.9 896
10.9167 898
10.9333 900
10.95 902
10.9667 904
10.9833 905
11.0 907
11.0167 909
11.0333 911
11.05 912
11.0667 914
11.0833 916
11.1 918
11.1167 919
11.1333 921
11.15 923
11.1667 924
11.1833 926
11.2 928
11.2167 929
11.2333 931
11.25 932
11.2667 934
11.2833 935
11.3 937
11.3167 938
11.3333 940
11.35 941
11.3667 943
11.3833 944
11.4 945
11.4167 947
11.4333 948
11.45 950
11.4667 951
11.4833 952
11.5 954
11.5167 955
11.5333 956
11.55 957
11.5667 959
11.5833 960
11.6 961
11.6167 962
11.6333 963
11.65 964
11.6667 966
11.6833 967
11.7 968
11.7167 969
11.7333 970
11.75 971
11.7667 972
11.7833 973
11.8 974
11.8167 975
11.8333 976
11.85 977
11.8667 978
11.8833 978
11.9 979
11.9167 980
11.9333 981
11.95 982
11.9667 983
11.9833 983
12.0 984
12.0167 985
12.0333 986
12.05 986
12.0667 987
12.0833 988
12.1 988
12.1167 989
12.1333 990
12.15 990
12.1667 991
12.1833 991
12.2 992
12.2167 992
12.2333 993
12.25 993
12.2667 994
12.2833 994
12.3 995
12.3167 995
12.3333 995
12.35 996
12.3667 996
12.3833 997
12.4 997
12.4167 997
12.4333 997
12.45 998
12.4667 998
12.4833 998
12.5 998
12.5167 999
12.5333 999
12.55 999
12.5667 999
12.5833 999
12.6 999
12.6167 999
12.6333 999
12.65 999
12.6667 999
12.6833 999
12.7 999
12.7167 999
12.7333 999
12.75 999
12.7667 999
12.7833 999
12.8 999
12.8167 999
12.8333 999
12.85 998
12.8667 998
12.8833 998
12.9 998
12.9167 997
12.9333 997
12.95 997
12.9667 997
12.9833 996
13.0 996
13.0167 996
13.0333 995
13.05 995
13.0667 994
13.0833 994
13.1 993
13.1167 993
13.1333 992
13.15 992
13.1667 991
13.1833 991
13.2 990
13.2167 990
13.2333 989
13.25 988
13.2667 988
13.2833 987
13.3 986
13.3167 986
13.3333 985
13.35 984
13.3667 983
13.3833 983
13.4 982
13.4167 981
13.4333 980
13.45 979
13.4667 979
13.4833 978
13.5 977
13.5167 976
13.5333 975
13.55 974
13.5667 973
13.5833 972
13.6 971
13.6167 970
13.6333 969
13.65 968
13.6667 967
13.6833 966
13.7 965
13.7167 963
13.7333 962
13.75 961
13.7667 960
13.7833 959
13.8 957
13.8167 956
13.8333 955
13.85 954
13.8667 952
13.8833 951
13.9 950
13.9167 948
13.9333 947
13.95 946
13.9667 944
13.9833 943
14.0 941
14.0167 940
14.0333 938
14.05 937
14.0667 935
14.0833 934
14.1 932
14.1167 931
14.1333 929
14.15 928
14.1667 926
14.1833 924
14.2 923
14.2167 921
14.2333 920
14.25 918
14.2667 916
14.2833 914
14.3 913
14.3167 911
14.3333 909
14.35 907
14.3667 906
14.3833 904
14.4 902
14.4167 900
14.4333 898
14.45 896
14.4667 894
14.4833 892
14.5 891
14.5167 889
14.5333 887
14.55 885
14.5667 883
14.5833 881
14.6 879
14.6167 877
14.6333 874
14.65 872
14.6667 870
14.6833 868
14.7 866
14.7167 864
14.7333 862
14.75 860
14.7667 857
14.7833 855
14.8 853
14.8167 851
14.8333 848
14.85 846
14.8667 844
14.8833 842
14.9 839
14.9167 837
14.9333 835
14.95 832
14.9667 830
14.9833 828
15.0 825
15.0167 823
15.0333 820
15.05 818
15.0667 816
15.0833 813
15.1 811
15.1167 808
15.1333 806
15.15 803
15.1667 801
15.1833 798
15.2 795
15.2167 793
15.2333 790
15.25 788
15.2667 785
15.2833 782
15.3 780
15.3167 777
15.3333 774
15.35 772
15.3667 769
15.3833 766
15.4 764
15.4167 761
15.4333 758
15.45 755
15.4667 752
15.4833 750
15.5 747
15.5167 744
15.5333 741
15.55 738
15.5667 736
15.5833 733
15.6 730
15.6167 727
15.6333 724
15.65 721
15.6667 718
15.6833 715
15.7 712
15.7167 709
15.7333 706
15.75 703
15.7667 700
15.7833 697
15.8 694
15.8167 691
15.8333 688
15.85 685
15.8667 682
15.8833 679
15.9 676
15.9167 673
15.9333 670
15.95 666
15.9667 663
15.9833 660
16.0 657
16.0167 654
16.0333 651
16.05 647
16.0667 644
16.0833 641
16.1 638
16.1167 635
16.1333 631
16.15 628
16.1667 625
16.1833 622
16.2 618
16.2167 615
16.2333 612
16.25 608
16.2667 605
16.2833 602
16.3 598
16.3167 595
16.3333 592
16.35 588
16.3667 585
16.3833 582
16.4 578
16.4167 575
16.4333 571
16.45 568
16.4667 565
16.4833 561
16.5 558
16.5167 554
16.5333 551
16.55 547
16.5667 544
16.5833 540
16.6 537
16.6167 533
16.6333 530
16.65 526
16.6667 523
16.6833 519
16.7 516
16.7167 512
16.7333 509
16.75 505
16.7667 502
16.7833 498
16.8 495
16.8167 491
16.8333 487
16.85 484
16.8667 480
16.8833 477
16.9 473
16.9167 470
16.9333 466
16.95 462
16.9667 459
16.9833 455
