8.0 366
8.0167 370
8.0333 373
8.05 377
8.0667 380
8.0833 384
8.1 388
8.1167 391
8.1333 395
8.15 399
8.1667 402
8.1833 406
8.2 409
8.2167 413
8.2333 417
8.25 420
8.2667 424
8.2833 428
8.3 431
8.3167 435
8.3333 438
8.35 442
8.3667 446
8.3833 449
8.4 453
8.4167 456
8.4333 460
8.45 463
8.4667 467
8.4833 471
8.5 474
8.5167 478
8.5333 481
8.55 485
8.5667 488
8.5833 492
8.6 495
8.6167 499
8.6333 502
8.65 506
8.6667 509
8.6833 513
8.7 516
8.7167 520
8.7333 523
8.75 527
8.7667 530
8.7833 534
8.8 537
8.8167 541
8.8333 544
8.85 548
8.8667 551
8.8833 554
8.9 558
8.9167 561
8.9333 565
8.95 568
8.9667 571
8.9833 575
9.0 578
9.0167 581
9.0333 585
9.05 588
9.0667 591
9.0833 595
9.1 598
9.1167 601
9.1333 604
9.15 608
9.1667 611
9.1833 614
9.2 617
9.2167 621
9.2333 624
9.25 627
9.2667 630
9.2833 634
9.3 637
9.3167 640
9.3333 643
9.35 646
9.3667 649
9.3833 653
9.4 656
9.4167 659
9.4333 662
9.45 665
9.4667 668
9.4833 671
9.5 674
9.5167 677
9.5333 680
9.55 683
9.5667 686
9.5833 689
9.6 692
9.6167 695
9.6333 698
9.65 701
9.6667 704
9.6833 707
9.7 710
9.7167 713
9.7333 716
9.75 719
9.7667 722
9.7833 725
9.8 727
9.8167 730
9.8333 733
9.85 736
9.8667 739
9.8833 742
9.9 744
9.9167 747
9.9333 750
9.95 753
9.9667 755
9.9833 758
10.0 761
10.0167 763
10.0333 766
10.05 769
10.0667 771
10.0833 774
10.1 777
10.1167 779
10.1333 782
10.15 784
10.1667 787
10.1833 790
10.2 792
10.2167 795
10.2333 797
10.25 800
10.2667 802
10.2833 805
10.3 807
10.3167 810
10.3333 812
10.35 814
10.3667 817
10.3833 819
10.4 822
10.4167 824
10.4333 826
10.45 829
10.4667 831
10.4833 833
10.5 835
10.5167 838
10.5333 840
10.55 842
10.5667 844
10.5833 847
10.6 849
10.6167 851
10.6333 853
10.65 855
10.6667 857
10.6833 859
10.7 862
10.7167 864
10.7333 866
10.75 868
10.7667 870
10.7833 872
10.8 874
10.8167 876
10.8333 878
10.85 880
10.8667 882
10.8833 884
10.9 886
10.9167 887
10.9333 889
10.95 891
10.9667 893
10.9833 895
11.0 897
11.0167 898
11.0333 900
11.05 902
11.0667 904
11.0833 905
11.1 907
11.1167 909
11.1333 911
11.15 912
11.1667 914
11.1833 915
11.2 917
11.2167 919
11.2333 920
11.25 922
11.2667 923
11.2833 925
11.3 926
11.3167 928
11.3333 929
11.35 931
11.3667 932
11.3833 934
11.4 935
11.4167 936
11.4333 938
11.45 939
11.4667 941
11.4833 942
11.5 943
11.5167 944
11.5333 946
11.55 947
11.5667 948
11.5833 949
11.6 951
11.6167 952
11.6333 953
11.65 954
11.6667 955
11.6833 956
11.7 957
11.7167 959
11.7333 960
11.75 961
11.7667 962
11.7833 963
11.8 964
11.8167 965
11.8333 966
11.85 966
11.8667 967
11.8833 968
11.9 969
11.9167 970
11.9333 971
11.95 972
11.9667 972
11.9833 973
12.0 974
12.0167 975
12.0333 976
12.05 976
12.0667 977
12.0833 978
12.1 978
12.1167 979
12.1333 980
12.15 980
12.1667 981
12.1833 981
12.2 982
12.2167 982
12.2333 983
12.25 983
12.2667 984
12.2833 984
12.3 985
12.3167 985
12.3333 986
12.35 986
12.3667 986
12.3833 987
12.4 987
12.4167 987
12.4333 988
12.45 988
12.4667 988
12.4833 988
12.5 989
12.5167 989
12.5333 989
12.55 989
12.5667 989
12.5833 990
12.6 990
12.6167 990
12.6333 990
12.65 990
12.6667 990
12.6833 990
12.7 990
12.7167 990
12.7333 990
12.75 990
12.7667 990
12.7833 990
12.8 990
12.8167 989
12.8333 989
12.85 989
12.8667 989
12.8833 989
12.9 988
12.9167 988
12.9333 988
12.95 988
12.9667 987
12.9833 987
13.0 987
13.0167 986
13.0333 986
13.05 986
13.0667 985
13.0833 985
13.1 984
13.1167 984
13.1333 983
13.15 983
13.1667 982
13.1833 982
13.2 981
13.2167 981
13.2333 980
13.25 979
13.2667 979
13.2833 978
13.3 977
13.3167 977
13.3333 976
13.35 975
13.3667 975
13.3833 974
13.4 973
13.4167 972
13.4333 971
13.45 971
13.4667 970
13.4833 969
13.5 968
13.5167 967
13.5333 966
13.55 965
13.5667 964
13.5833 963
13.6 962
13.6167 961
13.6333 960
13.65 959
13.6667 958
13.6833 957
13.7 956
13.7167 955
13.7333 954
13.75 953
13.7667 951
13.7833 950
13.8 949
13.8167 948
13.8333 947
13.85 945
13.8667 944
13.8833 943
13.9 941
13.9167 940
13.9333 939
13.95 937
13.9667 936
13.9833 935
14.0 933
14.0167 932
14.0333 930
14.05 929
14.0667 927
14.0833 926
14.1 924
14.1167 923
14.1333 921
14.15 920
14.1667 918
14.1833 917
14.2 915
14.2167 913
14.2333 912
14.25 910
14.2667 908
14.2833 907
14.3 905
14.3167 903
14.3333 901
14.35 900
14.3667 898
14.3833 896
14.4 894
14.4167 892
14.4333 891
14.45 889
14.4667 887
14.4833 885
14.5 883
14.5167 881
14.5333 879
14.55 877
14.5667 875
14.5833 873
14.6 871
14.6167 869
14.6333 867
14.65 865
14.6667 863
14.6833 861
14.7 859
14.7167 857
14.7333 855
14.75 853
14.7667 850
14.7833 848
14.8 846
14.8167 844
14.8333 842
14.85 839
14.8667 837
14.8833 835
14.9 832
14.9167 830
14.9333 828
14.95 826
14.9667 823
14.9833 821
15.0 819
15.0167 816
15.0333 814
15.05 811
15.0667 809
15.0833 807
15.1 804
15.1167 802
15.1333 799
15.15 797
15.1667 794
15.1833 792
15.2 789
15.2167 786
15.2333 784
15.25 781
15.2667 779
15.2833 776
15.3 773
15.3167 771
15.3333 768
15.35 766
15.3667 763
15.3833 760
15.4 757
15.4167 755
15.4333 752
15.45 749
15.4667 747
15.4833 744
15.5 741
15.5167 738
15.5333 735
15.55 733
15.5667 730
15.5833 727
15.6 724
15.6167 721
15.6333 718
15.65 715
15.6667 712
15.6833 710
15.7 707
15.7167 704
15.7333 701
15.75 698
15.7667 695
15.7833 692
15.8 689
15.8167 686
15.8333 683
15.85 680
15.8667 677
15.8833 674
15.9 671
15.9167 667
15.9333 664
15.95 661
15.9667 658
15.9833 655
16.0 652
16.0167 649
16.0333 646
16.05 642
16.0667 639
16.0833 636
16.1 633
16.1167 630
16.1333 626
16.15 623
16.1667 620
16.1833 617
16.2 614
16.2167 610
16.2333 607
16.25 604
16.2667 600
16.2833 597
16.3 594
16.3167 591
16.3333 587
16.35 584
16.3667 581
16.3833 577
16.4 574
16.4167 570
16.4333 567
16.45 564
16.4667 560
16.4833 557
16.5 553
16.5167 550
16.5333 547
16.55 543
16.5667 540
16.5833 536
16.6 533
16.6167 529
16.6333 526
16.65 523
16.6667 519
16.6833 516
16.7 512
16.7167 509
16.7333 505
16.75 502
16.7667 498
16.7833 495
16.8 491
16.8167 487
16.8333 484
16.85 480
16.8667 477
16.8833 473
16.9 470
16.9167 466
16.9333 463
16.95 459
16.9667 455
16.9833 452
