8.0 368
8.0167 371
8.0333 375
8.05 379
8.0667 382
8.0833 386
8.1 389
8.1167 393
8.1333 397
8.15 400
8.1667 404
8.1833 408
8.2 411
8.2167 415
8.2333 419
8.25 422
8.2667 426
8.2833 429
8.3 433
8.3167 437
8.3333 440
8.35 444
8.3667 447
8.3833 451
8.4 455
8.4167 458
8.4333 462
8.45 465
8.4667 469
8.4833 472
8.5 476
8.5167 480
8.5333 483
8.55 487
8.5667 490
8.5833 494
8.6 497
8.6167 501
8.6333 504
8.65 508
8.6667 511
8.6833 515
8.7 518
8.7167 522
8.7333 525
8.75 529
8.7667 532
8.7833 536
8.8 539
8.8167 543
8.8333 546
8.85 549
8.8667 553
8.8833 556
8.9 560
8.9167 563
8.9333 567
8.95 570
8.9667 573
8.9833 577
9.0 580
9.0167 583
9.0333 587
9.05 590
9.0667 593
9.0833 597
9.1 600
9.1167 603
9.1333 606
9.15 610
9.1667 613
9.1833 616
9.2 619
9.2167 623
9.2333 626
9.25 629
9.2667 632
9.2833 636
9.3 639
9.3167 642
9.3333 645
9.35 648
9.3667 651
9.3833 655
9.4 658
9.4167 661
9.4333 664
9.45 667
9.4667 670
9.4833 673
9.5 676
9.5167 679
9.5333 682
9.55 685
9.5667 688
9.5833 691
9.6 694
9.6167 697
9.6333 700
9.65 703
9.6667 706
9.6833 709
9.7 712
9.7167 715
9.7333 718
9.75 721
9.7667 724
9.7833 727
9.8 729
9.8167 732
9.8333 735
9.85 738
9.8667 741
9.8833 744
9.9 746
9.9167 749
9.9333 752
9.95 755
9.9667 757
9.9833 760
10.0 763
10.0167 765
10.0333 768
10.05 771
10.0667 773
10.0833 776
10.1 779
10.1167 781
10.1333 784
10.15 786
10.1667 789
10.1833 792
10.2 794
10.2167 797
10.2333 799
10.25 802
10.2667 804
10.2833 807
10.3 809
10.3167 811
10.3333 814
10.35 816
10.3667 819
10.3833 821
10.4 823
10.4167 826
10.4333 828
10.45 830
10.4667 833
10.4833 835
10.5 837
10.5167 840
10.5333 842
10.55 844
10.5667 846
10.5833 848
10.6 851
10.6167 853
10.6333 855
10.65 857
10.6667 859
10.6833 861
10.7 863
10.7167 866
10.7333 868
10.75 870
10.7667 872
10.7833 874
10.8 876
10.8167 878
10.8333 880
10.85 882
10.8667 884
10.8833 885
10.9 887
10.9167 889
10.9333 891
10.95 893
10.9667 895
10.9833 897
11.0 898
11.0167 900
11.0333 902
11.05 904
11.0667 906
11.0833 907
11.1 909
11.1167 911
11.1333 912
11.15 914
11.1667 916
11.1833 917
11.2 919
11.2167 920
11.2333 922
11.25 924
11.2667 925
11.2833 927
11.3 928
11.3167 930
11.3333 931
11.35 933
11.3667 934
11.3833 935
11.4 937
11.4167 938
11.4333 940
11.45 941
11.4667 942
11.4833 944
11.5 945
11.5167 946
11.5333 947
11.55 949
11.5667 950
11.5833 951
11.6 952
11.6167 953
11.6333 955
11.65 956
11.6667 957
11.6833 958
11.7 959
11.7167 960
11.7333 961
11.75 962
11.7667 963
11.7833 964
11.8 965
11.8167 966
11.8333 967
11.85 968
11.8667 969
11.8833 970
11.9 971
11.9167 972
11.9333 972
11.95 973
11.9667 974
11.9833 975
12.0 976
12.0167 976
12.0333 977
12.05 978
12.0667 978
12.0833 979
12.1 980
12.1167 980
12.1333 981
12.15 982
12.1667 982
12.1833 983
12.2 983
12.2167 984
12.2333 984
12.25 985
12.2667 985
12.2833 986
12.3 986
12.3167 987
12.3333 987
12.35 987
12.3667 988
12.3833 988
12.4 988
12.4167 989
12.4333 989
12.45 989
12.4667 990
12.4833 990
12.5 990
12.5167 990
12.5333 990
12.55 991
12.5667 991
12.5833 991
12.6 991
12.6167 991
12.6333 991
12.65 991
12.6667 991
12.6833 991
12.7 991
12.7167 991
12.7333 991
12.75 991
12.7667 991
12.7833 991
12.8 991
12.8167 991
12.8333 990
12.85 990
12.8667 990
12.8833 990
12.9 990
12.9167 989
12.9333 989
12.95 989
12.9667 988
12.9833 988
13.0 988
13.0167 987
13.0333 987
13.05 987
13.0667 986
13.0833 986
13.1 985
13.1167 985
13.1333 984
13.15 984
13.1667 983
13.1833 983
13.2 982
13.2167 982
13.2333 981
13.25 980
13.2667 980
13.2833 979
13.3 978
13.3167 978
13.3333 977
13.35 976
13.3667 975
13.3833 975
13.4 974
13.4167 973
13.4333 972
13.45 971
13.4667 971
13.4833 970
13.5 969
13.5167 968
13.5333 967
13.55 966
13.5667 965
13.5833 964
13.6 963
13.6167 962
13.6333 961
13.65 960
13.6667 959
13.6833 958
13.7 957
13.7167 956
13.7333 954
13.75 953
13.7667 952
13.7833 951
13.8 950
13.8167 949
13.8333 947
13.85 946
13.8667 945
13.8833 943
13.9 942
13.9167 941
13.9333 939
13.95 938
13.9667 937
13.9833 935
14.0 934
14.0167 932
14.0333 931
14.05 929
14.0667 928
14.0833 926
14.1 925
14.1167 923
14.1333 922
14.15 920
14.1667 919
14.1833 917
14.2 915
14.2167 914
14.2333 912
14.25 910
14.2667 909
14.2833 907
14.3 905
14.3167 904
14.3333 902
14.35 900
14.3667 898
14.3833 896
14.4 895
14.4167 893
14.4333 891
14.45 889
14.4667 887
14.4833 885
14.5 883
14.5167 881
14.5333 879
14.55 878
14.5667 876
14.5833 874
14.6 872
14.6167 869
14.6333 867
14.65 865
14.6667 863
14.6833 861
14.7 859
14.7167 857
14.7333 855
14.75 853
14.7667 850
14.7833 848
14.8 846
14.8167 844
14.8333 842
14.85 839
14.8667 837
14.8833 835
14.9 833
14.9167 830
14.9333 828
14.95 826
14.9667 823
14.9833 821
15.0 819
15.0167 816
15.0333 814
15.05 811
15.0667 809
15.0833 806
15.1 804
15.1167 802
15.1333 799
15.15 797
15.1667 794
15.1833 791
15.2 789
15.2167 786
15.2333 784
15.25 781
15.2667 779
15.2833 776
15.3 773
15.3167 771
15.3333 768
15.35 765
15.3667 763
15.3833 760
15.4 757
15.4167 754
15.4333 752
15.45 749
15.4667 746
15.4833 743
15.5 741
15.5167 738
15.5333 735
15.55 732
15.5667 729
15.5833 727
15.6 724
15.6167 721
15.6333 718
15.65 715
15.6667 712
15.6833 709
15.7 706
15.7167 703
15.7333 700
15.75 697
15.7667 694
15.7833 691
15.8 688
15.8167 685
15.8333 682
15.85 679
15.8667 676
15.8833 673
15.9 670
15.9167 667
15.9333 664
15.95 661
15.9667 658
15.9833 654
16.0 651
16.0167 648
16.0333 645
16.05 642
16.0667 639
16.0833 635
16.1 632
16.1167 629
16.1333 626
16.15 623
16.1667 619
16.1833 616
16.2 613
16.2167 610
16.2333 606
16.25 603
16.2667 600
16.2833 596
16.3 593
16.3167 590
16.3333 586
16.35 583
16.3667 580
16.3833 576
16.4 573
16.4167 570
16.4333 566
16.45 563
16.4667 559
16.4833 556
16.5 553
16.5167 549
16.5333 546
16.55 542
16.5667 539
16.5833 535
16.6 532
16.6167 529
16.6333 525
16.65 522
16.6667 518
16.6833 515
16.7 511
16.7167 508
16.7333 504
16.75 501
16.7667 497
16.7833 494
16.8 490
16.8167 486
16.8333 483
16.85 479
16.8667 476
16.8833 472
16.9 469
16.9167 465
16.9333 462
16.95 458
16.9667 454
16.9833 451
