8.0 347
8.0167 351
8.0333 355
8.05 359
8.0667 362
8.0833 366
8.1 370
8.1167 373
8.1333 377
8.15 381
8.1667 384
8.1833 388
8.2 392
8.2167 395
8.2333 399
8.25 403
8.2667 406
8.2833 410
8.3 414
8.3167 418
8.3333 421
8.35 425
8.3667 429
8.3833 432
8.4 436
8.4167 439
8.4333 443
8.45 447
8.4667 450
8.4833 454
8.5 458
8.5167 461
8.5333 465
8.55 468
8.5667 472
8.5833 476
8.6 479
8.6167 483
8.6333 486
8.65 490
8.6667 494
8.6833 497
8.7 501
8.7167 504
8.7333 508
8.75 511
8.7667 515
8.7833 518
8.8 522
8.8167 526
8.8333 529
8.85 533
8.8667 536
8.8833 540
8.9 543
8.9167 547
8.9333 550
8.95 553
8.9667 557
8.9833 560
9.0 564
9.0167 567
9.0333 570
9.05 574
9.0667 577
9.0833 581
9.1 584
9.1167 587
9.1333 591
9.15 594
9.1667 597
9.1833 601
9.2 604
9.2167 607
9.2333 611
9.25 614
9.2667 617
9.2833 621
9.3 624
9.3167 627
9.3333 630
9.35 634
9.3667 637
9.3833 640
9.4 643
9.4167 647
9.4333 650
9.45 653
9.4667 656
9.4833 659
9.5 663
9.5167 666
9.5333 669
9.55 672
9.5667 675
9.5833 678
9.6 681
9.6167 684
9.6333 687
9.65 690
9.6667 694
9.6833 697
9.7 700
9.7167 703
9.7333 706
9.75 709
9.7667 712
9.7833 714
9.8 717
9.8167 720
9.8333 723
9.85 726
9.8667 729
9.8833 732
9.9 735
9.9167 738
9.9333 741
9.95 743
9.9667 746
9.9833 749
10.0 752
10.0167 755
10.0333 757
10.05 760
10.0667 763
10.0833 766
10.1 768
10.1167 771
10.1333 774
10.15 776
10.1667 779
10.1833 782
10.2 784
10.2167 787
10.2333 790
10.25 792
10.2667 795
10.2833 797
10.3 800
10.3167 803
10.3333 805
10.35 808
10.3667 810
10.3833 813
10.4 815
10.4167 817
10.4333 820
10.45 822
10.4667 825
10.4833 827
10.5 830
10.5167 832
10.5333 834
10.55 837
10.5667 839
10.5833 841
10.6 844
10.6167 846
10.6333 848
10.65 850
10.6667 853
10.6833 855
10.7 857
10.7167 859
10.7333 861
10.75 863
10.7667 866
10.7833 868
10.8 870
10.8167 872
10.8333 874
10.85 876
10.8667 878
10.8833 880
10.9 882
10.9167 884
10.9333 886
10.95 888
10.9667 890
10.9833 892
11.0 894
11.0167 896
11.0333 898
11.05 900
11.0667 901
11.0833 903
11.1 905
11.1167 907
11.1333 909
11.15 910
11.1667 912
11.1833 914
11.2 916
11.2167 917
11.2333 919
11.25 921
11.2667 922
11.2833 924
11.3 926
11.3167 927
11.3333 929
11.35 930
11.3667 932
11.3833 933
11.4 935
11.4167 936
11.4333 938
11.45 939
11.4667 941
11.4833 942
11.5 944
11.5167 945
11.5333 946
11.55 948
11.5667 949
11.5833 950
11.6 952
11.6167 953
11.6333 954
11.65 956
11.6667 957
11.6833 958
11.7 959
11.7167 960
11.7333 961
11.75 963
11.7667 964
11.7833 965
11.8 966
11.8167 967
11.8333 968
11.85 969
11.8667 970
11.8833 971
11.9 972
11.9167 973
11.9333 974
11.95 975
11.9667 976
11.9833 977
12.0 978
12.0167 979
12.0333 979
12.05 980
12.0667 981
12.0833 982
12.1 983
12.1167 983
12.1333 984
12.15 985
12.1667 985
12.1833 986
12.2 987
12.2167 987
12.2333 988
12.25 989
12.2667 989
12.2833 990
12.3 990
12.3167 991
12.3333 991
12.35 992
12.3667 992
12.3833 993
12.4 993
12.4167 994
12.4333 994
12.45 994
12.4667 995
12.4833 995
12.5 995
12.5167 996
12.5333 996
12.55 996
12.5667 997
12.5833 997
12.6 997
12.6167 997
12.6333 997
12.65 998
12.6667 998
12.6833 998
12.7 998
12.7167 998
12.7333 998
12.75 998
12.7667 998
12.7833 998
12.8 998
12.8167 998
12.8333 998
12.85 998
12.8667 998
12.8833 998
12.9 998
12.9167 998
12.9333 997
12.95 997
12.9667 997
12.9833 997
13.0 997
13.0167 996
13.0333 996
13.05 996
13.0667 995
13.0833 995
13.1 995
13.1167 994
13.1333 994
13.15 994
13.1667 993
13.1833 993
13.2 992
13.2167 992
13.2333 991
13.25 991
13.2667 990
13.2833 990
13.3 989
13.3167 988
13.3333 988
13.35 987
13.3667 987
13.3833 986
13.4 985
13.4167 985
13.4333 984
13.45 983
13.4667 982
13.4833 982
13.5 981
13.5167 980
13.5333 979
13.55 978
13.5667 977
13.5833 977
13.6 976
13.6167 975
13.6333 974
13.65 973
13.6667 972
13.6833 971
13.7 970
13.7167 969
13.7333 968
13.75 967
13.7667 966
13.7833 965
13.8 963
13.8167 962
13.8333 961
13.85 960
13.8667 959
13.8833 958
13.9 956
13.9167 955
13.9333 954
13.95 953
13.9667 951
13.9833 950
14.0 949
14.0167 947
14.0333 946
14.05 945
14.0667 943
14.0833 942
14.1 940
14.1167 939
14.1333 937
14.15 936
14.1667 934
14.1833 933
14.2 931
14.2167 930
14.2333 928
14.25 927
14.2667 925
14.2833 923
14.3 922
14.3167 920
14.3333 918
14.35 917
14.3667 915
14.3833 913
14.4 912
14.4167 910
14.4333 908
14.45 906
14.4667 904
14.4833 903
14.5 901
14.5167 899
14.5333 897
14.55 895
14.5667 893
14.5833 891
14.6 889
14.6167 887
14.6333 885
14.65 883
14.6667 881
14.6833 879
14.7 877
14.7167 875
14.7333 873
14.75 871
14.7667 869
14.7833 867
14.8 865
14.8167 863
14.8333 861
14.85 858
14.8667 856
14.8833 854
14.9 852
14.9167 850
14.9333 847
14.95 845
14.9667 843
14.9833 840
15.0 838
15.0167 836
15.0333 834
15.05 831
15.0667 829
15.0833 826
15.1 824
15.1167 822
15.1333 819
15.15 817
15.1667 814
15.1833 812
15.2 809
15.2167 807
15.2333 804
15.25 802
15.2667 799
15.2833 797
15.3 794
15.3167 791
15.3333 789
15.35 786
15.3667 784
15.3833 781
15.4 778
15.4167 776
15.4333 773
15.45 770
15.4667 768
15.4833 765
15.5 762
15.5167 759
15.5333 757
15.55 754
15.5667 751
15.5833 748
15.6 745
15.6167 743
15.6333 740
15.65 737
15.6667 734
15.6833 731
15.7 728
15.7167 725
15.7333 722
15.75 719
15.7667 716
15.7833 714
15.8 711
15.8167 708
15.8333 705
15.85 702
15.8667 699
15.8833 696
15.9 693
15.9167 689
15.9333 686
15.95 683
15.9667 680
15.9833 677
16.0 674
16.0167 671
16.0333 668
16.05 665
16.0667 662
16.0833 658
16.1 655
16.1167 652
16.1333 649
16.15 646
16.1667 642
16.1833 639
16.2 636
16.2167 633
16.2333 629
16.25 626
16.2667 623
16.2833 620
16.3 616
16.3167 613
16.3333 610
16.35 606
16.3667 603
16.3833 600
16.4 596
16.4167 593
16.4333 590
16.45 586
16.4667 583
16.4833 580
16.5 576
16.5167 573
16.5333 569
16.55 566
16.5667 562
16.5833 559
16.6 556
16.6167 552
16.6333 549
16.65 545
16.6667 542
16.6833 538
16.7 535
16.7167 531
16.7333 528
16.75 524
16.7667 521
16.7833 517
16.8 514
16.8167 510
16.8333 506
16.85 503
16.8667 499
16.8833 496
16.9 492
16.9167 489
16.9333 485
16.95 481
16.9667 478
16.9833 474
