8.0 287
8.0167 291
8.0333 294
8.05 298
8.0667 302
8.0833 306
8.1 309
8.1167 313
8.1333 317
8.15 321
8.1667 325
8.1833 328
8.2 332
8.2167 336
8.2333 340
8.25 343
8.2667 347
8.2833 351
8.3 355
8.3167 358
8.3333 362
8.35 366
8.3667 370
8.3833 374
8.4 377
8.4167 381
8.4333 385
8.45 389
8.4667 392
8.4833 396
8.5 400
8.5167 404
8.5333 407
8.55 411
8.5667 415
8.5833 418
8.6 422
8.6167 426
8.6333 430
8.65 433
8.6667 437
8.6833 441
8.7 444
8.7167 448
8.7333 452
8.75 455
8.7667 459
8.7833 463
8.8 466
8.8167 470
8.8333 474
8.85 477
8.8667 481
8.8833 485
8.9 488
8.9167 492
8.9333 495
8.95 499
8.9667 503
8.9833 506
9.0 510
9.0167 513
9.0333 517
9.05 520
9.0667 524
9.0833 527
9.1 531
9.1167 534
9.1333 538
9.15 541
9.1667 545
9.1833 548
9.2 552
9.2167 555
9.2333 559
9.25 562
9.2667 566
9.2833 569
9.3 572
9.3167 576
9.3333 579
9.35 583
9.3667 586
9.3833 589
9.4 593
9.4167 596
9.4333 599
9.45 603
9.4667 606
9.4833 609
9.5 613
9.5167 616
9.5333 619
9.55 622
9.5667 626
9.5833 629
9.6 632
9.6167 635
9.6333 639
9.65 642
9.6667 645
9.6833 648
9.7 651
9.7167 654
9.7333 658
9.75 661
9.7667 664
9.7833 667
9.8 670
9.8167 673
9.8333 676
9.85 679
9.8667 682
9.8833 685
9.9 688
9.9167 691
9.9333 694
9.95 697
9.9667 700
9.9833 703
10.0 706
10.0167 709
10.0333 712
10.05 715
10.0667 717
10.0833 720
10.1 723
10.1167 726
10.1333 729
10.15 732
10.1667 734
10.1833 737
10.2 740
10.2167 743
10.2333 745
10.25 748
10.2667 751
10.2833 753
10.3 756
10.3167 759
10.3333 761
10.35 764
10.3667 767
10.3833 769
10.4 772
10.4167 774
10.4333 777
10.45 779
10.4667 782
10.4833 784
10.5 787
10.5167 789
10.5333 792
10.55 794
10.5667 797
10.5833 799
10.6 801
10.6167 804
10.6333 806
10.65 808
10.6667 811
10.6833 813
10.7 815
10.7167 818
10.7333 820
10.75 822
10.7667 824
10.7833 827
10.8 829
10.8167 831
10.8333 833
10.85 835
10.8667 837
10.8833 839
10.9 842
10.9167 844
10.9333 846
10.95 848
10.9667 850
10.9833 852
11.0 854
11.0167 856
11.0333 858
11.05 860
11.0667 861
11.0833 863
11.1 865
11.1167 867
11.1333 869
11.15 871
11.1667 873
11.1833 874
11.2 876
11.2167 878
11.2333 880
11.25 881
11.2667 883
11.2833 885
11.3 886
11.3167 888
11.3333 890
11.35 891
11.3667 893
11.3833 895
11.4 896
11.4167 898
11.4333 899
11.45 901
11.4667 902
11.4833 904
11.5 905
11.5167 907
11.5333 908
11.55 909
11.5667 911
11.5833 912
11.6 913
11.6167 915
11.6333 916
11.65 917
11.6667 919
11.6833 920
11.7 921
11.7167 922
11.7333 923
11.75 925
11.7667 926
11.7833 927
11.8 928
11.8167 929
11.8333 930
11.85 931
11.8667 932
11.8833 933
11.9 934
11.9167 935
11.9333 936
11.95 937
11.9667 938
11.9833 939
12.0 940
12.0167 941
12.0333 942
12.05 942
12.0667 943
12.0833 944
12.1 945
12.1167 945
12.1333 946
12.15 947
12.1667 948
12.1833 948
12.2 949
12.2167 950
12.2333 950
12.25 951
12.2667 951
12.2833 952
12.3 952
12.3167 953
12.3333 953
12.35 954
12.3667 954
12.3833 955
12.4 955
12.4167 956
12.4333 956
12.45 956
12.4667 957
12.4833 957
12.5 957
12.5167 958
12.5333 958
12.55 958
12.5667 958
12.5833 958
12.6 959
12.6167 959
12.6333 959
12.65 959
12.6667 959
12.6833 959
12.7 959
12.7167 959
12.7333 959
12.75 959
12.7667 959
12.7833 959
12.8 959
12.8167 959
12.8333 959
12.85 959
12.8667 959
12.8833 959
12.9 958
12.9167 958
12.9333 958
12.95 958
12.9667 958
12.9833 957
13.0 957
13.0167 957
13.0333 956
13.05 956
13.0667 956
13.0833 955
13.1 955
13.1167 954
13.1333 954
13.15 953
13.1667 953
13.1833 952
13.2 952
13.2167 951
13.2333 951
13.25 950
13.2667 950
13.2833 949
13.3 948
13.3167 948
13.3333 947
13.35 946
13.3667 946
13.3833 945
13.4 944
13.4167 943
13.4333 942
13.45 942
13.4667 941
13.4833 940
13.5 939
13.5167 938
13.5333 937
13.55 936
13.5667 935
13.5833 934
13.6 933
13.6167 932
13.6333 931
13.65 930
13.6667 929
13.6833 928
13.7 927
13.7167 926
13.7333 925
13.75 924
13.7667 922
13.7833 921
13.8 920
13.8167 919
13.8333 917
13.85 916
13.8667 915
13.8833 914
13.9 912
13.9167 911
13.9333 909
13.95 908
13.9667 907
13.9833 905
14.0 904
14.0167 902
14.0333 901
14.05 899
14.0667 898
14.0833 896
14.1 895
14.1167 893
14.1333 892
14.15 890
14.1667 888
14.1833 887
14.2 885
14.2167 883
14.2333 882
14.25 880
14.2667 878
14.2833 876
14.3 875
14.3167 873
14.3333 871
14.35 869
14.3667 867
14.3833 865
14.4 864
14.4167 862
14.4333 860
14.45 858
14.4667 856
14.4833 854
14.5 852
14.5167 850
14.5333 848
14.55 846
14.5667 844
14.5833 842
14.6 840
14.6167 838
14.6333 835
14.65 833
14.6667 831
14.6833 829
14.7 827
14.7167 825
14.7333 822
14.75 820
14.7667 818
14.7833 816
14.8 813
14.8167 811
14.8333 809
14.85 806
14.8667 804
14.8833 802
14.9 799
14.9167 797
14.9333 794
14.95 792
14.9667 790
14.9833 787
15.0 784
15.0167 782
15.0333 779
15.05 777
15.0667 774
15.0833 771
15.1 769
15.1167 766
15.1333 764
15.15 761
15.1667 758
15.1833 756
15.2 753
15.2167 750
15.2333 748
15.25 745
15.2667 742
15.2833 740
15.3 737
15.3167 734
15.3333 731
15.35 728
15.3667 726
15.3833 723
15.4 720
15.4167 717
15.4333 714
15.45 711
15.4667 709
15.4833 706
15.5 703
15.5167 700
15.5333 697
15.55 694
15.5667 691
15.5833 688
15.6 685
15.6167 682
15.6333 679
15.65 676
15.6667 673
15.6833 670
15.7 667
15.7167 664
15.7333 660
15.75 657
15.7667 654
15.7833 651
15.8 648
15.8167 645
15.8333 642
15.85 638
15.8667 635
15.8833 632
15.9 629
15.9167 625
15.9333 622
15.95 619
15.9667 616
15.9833 612
16.0 609
16.0167 606
16.0333 602
16.05 599
16.0667 596
16.0833 592
16.1 589
16.1167 586
16.1333 582
16.15 579
16.1667 576
16.1833 572
16.2 569
16.2167 565
16.2333 562
16.25 558
16.2667 555
16.2833 552
16.3 548
16.3167 545
16.3333 541
16.35 538
16.3667 534
16.3833 531
16.4 527
16.4167 523
16.4333 520
16.45 516
16.4667 513
16.4833 509
16.5 506
16.5167 502
16.5333 499
16.55 495
16.5667 491
16.5833 488
16.6 484
16.6167 480
16.6333 477
16.65 473
16.6667 470
16.6833 466
16.7 462
16.7167 459
16.7333 455
16.75 451
16.7667 448
16.7833 444
16.8 440
16.8167 436
16.8333 433
16.85 429
16.8667 425
16.8833 422
16.9 418
16.9167 414
16.9333 410
16.95 407
16.9667 403
16.9833 399
