8.0 313
8.0167 317
8.0333 321
8.05 325
8.0667 329
8.0833 333
8.1 337
8.1167 341
8.1333 344
8.15 348
8.1667 352
8.1833 356
8.2 360
8.2167 364
8.2333 368
8.25 372
8.2667 376
8.2833 380
8.3 384
8.3167 388
8.3333 391
8.35 395
8.3667 399
8.3833 403
8.4 407
8.4167 411
8.4333 415
8.45 419
8.4667 423
8.4833 426
8.5 430
8.5167 434
8.5333 438
8.55 442
8.5667 446
8.5833 450
8.6 453
8.6167 457
8.6333 461
8.65 465
8.6667 469
8.6833 472
8.7 476
8.7167 480
8.7333 484
8.75 488
8.7667 491
8.7833 495
8.8 499
8.8167 503
8.8333 506
8.85 510
8.8667 514
8.8833 518
8.9 521
8.9167 525
8.9333 529
8.95 532
8.9667 536
8.9833 540
9.0 543
9.0167 547
9.0333 550
9.05 554
9.0667 558
9.0833 561
9.1 565
9.1167 568
9.1333 572
9.15 576
9.1667 579
9.1833 583
9.2 586
9.2167 590
9.2333 593
9.25 597
9.2667 600
9.2833 604
9.3 607
9.3167 611
9.3333 614
9.35 618
9.3667 621
9.3833 625
9.4 628
9.4167 631
9.4333 635
9.45 638
9.4667 642
9.4833 645
9.5 648
9.5167 652
9.5333 655
9.55 658
9.5667 662
9.5833 665
9.6 668
9.6167 671
9.6333 675
9.65 678
9.6667 681
9.6833 684
9.7 688
9.7167 691
9.7333 694
9.75 697
9.7667 700
9.7833 703
9.8 707
9.8167 710
9.8333 713
9.85 716
9.8667 719
9.8833 722
9.9 725
9.9167 728
9.9333 731
9.95 734
9.9667 737
9.9833 740
10.0 743
10.0167 746
10.0333 749
10.05 752
10.0667 755
10.0833 758
10.1 761
10.1167 763
10.1333 766
10.15 769
10.1667 772
10.1833 775
10.2 777
10.2167 780
10.2333 783
10.25 786
10.2667 788
10.2833 791
10.3 794
10.3167 797
10.3333 799
10.35 802
10.3667 805
10.3833 807
10.4 810
10.4167 812
10.4333 815
10.45 817
10.4667 820
10.4833 823
10.5 825
10.5167 828
10.5333 830
10.55 832
10.5667 835
10.5833 837
10.6 840
10.6167 842
10.6333 845
10.65 847
10.6667 849
10.6833 852
10.7 854
10.7167 856
10.7333 858
10.75 861
10.7667 863
10.7833 865
10.8 867
10.8167 870
10.8333 872
10.85 874
10.8667 876
10.8833 878
10.9 880
10.9167 882
10.9333 885
10.95 887
10.9667 889
10.9833 891
11.0 893
11.0167 895
11.0333 897
11.05 899
11.0667 900
11.0833 902
11.1 904
11.1167 906
11.1333 908
11.15 910
11.1667 912
11.1833 914
11.2 915
11.2167 917
11.2333 919
11.25 921
11.2667 922
11.2833 924
11.3 926
11.3167 927
11.3333 929
11.35 931
11.3667 932
11.3833 934
11.4 935
11.4167 937
11.4333 939
11.45 940
11.4667 942
11.4833 943
11.5 944
11.5167 946
11.5333 947
11.55 949
11.5667 950
11.5833 951
11.6 953
11.6167 954
11.6333 955
11.65 957
11.6667 958
11.6833 959
11.7 961
11.7167 962
11.7333 963
11.75 964
11.7667 965
11.7833 966
11.8 968
11.8167 969
11.8333 970
11.85 971
11.8667 972
11.8833 973
11.9 974
11.9167 975
11.9333 976
11.95 977
11.9667 978
11.9833 979
12.0 979
12.0167 980
12.0333 981
12.05 982
12.0667 983
12.0833 984
12.1 984
12.1167 985
12.1333 986
12.15 987
12.1667 987
12.1833 988
12.2 989
12.2167 989
12.2333 990
12.25 990
12.2667 991
12.2833 992
12.3 992
12.3167 993
12.3333 993
12.35 994
12.3667 994
12.3833 994
12.4 995
12.4167 995
12.4333 996
12.45 996
12.4667 996
12.4833 997
12.5 997
12.5167 997
12.5333 997
12.55 998
12.5667 998
12.5833 998
12.6 998
12.6167 998
12.6333 999
12.65 999
12.6667 999
12.6833 999
12.7 999
12.7167 999
12.7333 999
12.75 999
12.7667 999
12.7833 999
12.8 999
12.8167 999
12.8333 999
12.85 999
12.8667 998
12.8833 998
12.9 998
12.9167 998
12.9333 998
12.95 997
12.9667 997
12.9833 997
13.0 997
13.0167 996
13.0333 996
13.05 996
13.0667 995
13.0833 995
13.1 994
13.1167 994
13.1333 993
13.15 993
13.1667 992
13.1833 992
13.2 991
13.2167 991
13.2333 990
13.25 990
13.2667 989
13.2833 988
13.3 988
13.3167 987
13.3333 986
13.35 986
13.3667 985
13.3833 984
13.4 983
13.4167 982
13.4333 982
13.45 981
13.4667 980
13.4833 979
13.5 978
13.5167 977
13.5333 976
13.55 975
13.5667 974
13.5833 973
13.6 972
13.6167 971
13.6333 970
13.65 969
13.6667 968
13.6833 967
13.7 966
13.7167 965
13.7333 964
13.75 962
13.7667 961
13.7833 960
13.8 959
13.8167 958
13.8333 956
13.85 955
13.8667 954
13.8833 952
13.9 951
13.9167 950
13.9333 948
13.95 947
13.9667 945
13.9833 944
14.0 942
14.0167 941
14.0333 939
14.05 938
14.0667 936
14.0833 935
14.1 933
14.1167 932
14.1333 930
14.15 928
14.1667 927
14.1833 925
14.2 923
14.2167 922
14.2333 920
14.25 918
14.2667 916
14.2833 915
14.3 913
14.3167 911
14.3333 909
14.35 907
14.3667 905
14.3833 904
14.4 902
14.4167 900
14.4333 898
14.45 896
14.4667 894
14.4833 892
14.5 890
14.5167 888
14.5333 886
14.55 884
14.5667 882
14.5833 880
14.6 877
14.6167 875
14.6333 873
14.65 871
14.6667 869
14.6833 867
14.7 864
14.7167 862
14.7333 860
14.75 858
14.7667 855
14.7833 853
14.8 851
14.8167 848
14.8333 846
14.85 844
14.8667 841
14.8833 839
14.9 836
14.9167 834
14.9333 832
14.95 829
14.9667 827
14.9833 824
15.0 821
15.0167 818
15.0333 816
15.05 813
15.0667 811
15.0833 808
15.1 806
15.1167 803
15.1333 800
15.15 798
15.1667 795
15.1833 792
15.2 790
15.2167 787
15.2333 784
15.25 781
15.2667 779
15.2833 776
15.3 773
15.3167 770
15.3333 767
15.35 765
15.3667 762
15.3833 759
15.4 756
15.4167 753
15.4333 750
15.45 747
15.4667 744
15.4833 741
15.5 738
15.5167 735
15.5333 732
15.55 729
15.5667 726
15.5833 723
15.6 720
15.6167 717
15.6333 714
15.65 711
15.6667 708
15.6833 705
15.7 702
15.7167 698
15.7333 695
15.75 692
15.7667 689
15.7833 686
15.8 683
15.8167 679
15.8333 676
15.85 673
15.8667 670
15.8833 666
15.9 663
15.9167 660
15.9333 656
15.95 653
15.9667 650
15.9833 646
16.0 643
16.0167 640
16.0333 636
16.05 633
16.0667 629
16.0833 626
16.1 623
16.1167 619
16.1333 616
16.15 612
16.1667 609
16.1833 605
16.2 602
16.2167 598
16.2333 595
16.25 591
16.2667 588
16.2833 584
16.3 581
16.3167 577
16.3333 574
16.35 570
16.3667 566
16.3833 563
16.4 559
16.4167 556
16.4333 552
16.45 548
16.4667 545
16.4833 541
16.5 537
16.5167 534
16.5333 530
16.55 526
16.5667 523
16.5833 519
16.6 515
16.6167 511
16.6333 508
16.65 504
16.6667 500
16.6833 496
16.7 493
16.7167 489
16.7333 485
16.75 481
16.7667 478
16.7833 474
16.8 470
16.8167 466
16.8333 462
16.85 459
16.8667 455
16.8833 451
16.9 447
16.9167 443
16.9333 439
16.95 435
16.9667 432
16.9833 428
