8.0 308
8.0167 312
8.0333 316
8.05 320
8.0667 324
8.0833 327
8.1 331
8.1167 335
8.1333 339
8.15 343
8.1667 347
8.1833 351
8.2 355
8.2167 359
8.2333 363
8.25 367
8.2667 371
8.2833 374
8.3 378
8.3167 382
8.3333 386
8.35 390
8.3667 394
8.3833 398
8.4 402
8.4167 406
8.4333 410
8.45 413
8.4667 417
8.4833 421
8.5 425
8.5167 429
8.5333 433
8.55 437
8.5667 440
8.5833 444
8.6 448
8.6167 452
8.6333 456
8.65 459
8.6667 463
8.6833 467
8.7 471
8.7167 475
8.7333 478
8.75 482
8.7667 486
8.7833 490
8.8 494
8.8167 497
8.8333 501
8.85 505
8.8667 508
8.8833 512
8.9 516
8.9167 520
8.9333 523
8.95 527
8.9667 531
8.9833 534
9.0 538
9.0167 541
9.0333 545
9.05 549
9.0667 552
9.0833 556
9.1 559
9.1167 563
9.1333 567
9.15 570
9.1667 574
9.1833 577
9.2 581
9.2167 584
9.2333 588
9.25 591
9.2667 595
9.2833 598
9.3 602
9.3167 605
9.3333 609
9.35 612
9.3667 616
9.3833 619
9.4 623
9.4167 626
9.4333 629
9.45 633
9.4667 636
9.4833 640
9.5 643
9.5167 646
9.5333 650
9.55 653
9.5667 656
9.5833 659
9.6 663
9.6167 666
9.6333 669
9.65 672
9.6667 676
9.6833 679
9.7 682
9.7167 685
9.7333 688
9.75 692
9.7667 695
9.7833 698
9.8 701
9.8167 704
9.8333 707
9.85 710
9.8667 713
9.8833 716
9.9 720
9.9167 723
9.9333 726
9.95 729
9.9667 732
9.9833 735
10.0 738
10.0167 740
10.0333 743
10.05 746
10.0667 749
10.0833 752
10.1 755
10.1167 758
10.1333 761
10.15 764
10.1667 766
10.1833 769
10.2 772
10.2167 775
10.2333 777
10.25 780
10.2667 783
10.2833 786
10.3 788
10.3167 791
10.3333 794
10.35 796
10.3667 799
10.3833 802
10.4 804
10.4167 807
10.4333 809
10.45 812
10.4667 814
10.4833 817
10.5 819
10.5167 822
10.5333 824
10.55 827
10.5667 829
10.5833 832
10.6 834
10.6167 837
10.6333 839
10.65 841
10.6667 844
10.6833 846
10.7 848
10.7167 851
10.7333 853
10.75 855
10.7667 857
10.7833 860
10.8 862
10.8167 864
10.8333 866
10.85 868
10.8667 870
10.8833 873
10.9 875
10.9167 877
10.9333 879
10.95 881
10.9667 883
10.9833 885
11.0 887
11.0167 889
11.0333 891
11.05 893
11.0667 895
11.0833 897
11.1 899
11.1167 900
11.1333 902
11.15 904
11.1667 906
11.1833 908
11.2 910
11.2167 911
11.2333 913
11.25 915
11.2667 917
11.2833 918
11.3 920
11.3167 922
11.3333 923
11.35 925
11.3667 926
11.3833 928
11.4 930
11.4167 931
11.4333 933
11.45 934
11.4667 936
11.4833 937
11.5 939
11.5167 940
11.5333 941
11.55 943
11.5667 944
11.5833 946
11.6 947
11.6167 948
11.6333 950
11.65 951
11.6667 952
11.6833 953
11.7 955
11.7167 956
11.7333 957
11.75 958
11.7667 959
11.7833 960
11.8 962
11.8167 963
11.8333 964
11.85 965
11.8667 966
11.8833 967
11.9 968
11.9167 969
11.9333 970
11.95 971
11.9667 972
11.9833 973
12.0 973
12.0167 974
12.0333 975
12.05 976
12.0667 977
12.0833 977
12.1 978
12.1167 979
12.1333 980
12.15 980
12.1667 981
12.1833 982
12.2 982
12.2167 983
12.2333 984
12.25 984
12.2667 985
12.2833 985
12.3 986
12.3167 986
12.3333 987
12.35 987
12.3667 988
12.3833 988
12.4 989
12.4167 989
12.4333 989
12.45 990
12.4667 990
12.4833 990
12.5 991
12.5167 991
12.5333 991
12.55 991
12.5667 992
12.5833 992
12.6 992
12.6167 992
12.6333 992
12.65 992
12.6667 992
12.6833 992
12.7 992
12.7167 992
12.7333 992
12.75 992
12.7667 992
12.7833 992
12.8 992
12.8167 992
12.8333 992
12.85 992
12.8667 992
12.8833 992
12.9 991
12.9167 991
12.9333 991
12.95 991
12.9667 990
12.9833 990
13.0 990
13.0167 990
13.0333 989
13.05 989
13.0667 988
13.0833 988
13.1 988
13.1167 987
13.1333 987
13.15 986
13.1667 986
13.1833 985
13.2 985
13.2167 984
13.2333 983
13.25 983
13.2667 982
13.2833 981
13.3 981
13.3167 980
13.3333 979
13.35 979
13.3667 978
13.3833 977
13.4 976
13.4167 976
13.4333 975
13.45 974
13.4667 973
13.4833 972
13.5 971
13.5167 970
13.5333 969
13.55 968
13.5667 967
13.5833 966
13.6 965
13.6167 964
13.6333 963
13.65 962
13.6667 961
13.6833 960
13.7 959
13.7167 958
13.7333 956
13.75 955
13.7667 954
13.7833 953
13.8 952
13.8167 950
13.8333 949
13.85 948
13.8667 946
13.8833 945
13.9 944
13.9167 942
13.9333 941
13.95 939
13.9667 938
13.9833 937
14.0 935
14.0167 934
14.0333 932
14.05 930
14.0667 929
14.0833 927
14.1 926
14.1167 924
14.1333 923
14.15 921
14.1667 919
14.1833 918
14.2 916
14.2167 914
14.2333 912
14.25 911
14.2667 909
14.2833 907
14.3 905
14.3167 903
14.3333 902
14.35 900
14.3667 898
14.3833 896
14.4 894
14.4167 892
14.4333 890
14.45 888
14.4667 886
14.4833 884
14.5 882
14.5167 880
14.5333 878
14.55 876
14.5667 874
14.5833 872
14.6 870
14.6167 867
14.6333 865
14.65 863
14.6667 861
14.6833 859
14.7 856
14.7167 854
14.7333 852
14.75 850
14.7667 847
14.7833 845
14.8 843
14.8167 840
14.8333 838
14.85 836
14.8667 833
14.8833 831
14.9 828
14.9167 826
14.9333 823
14.95 821
14.9667 818
14.9833 816
15.0 813
15.0167 810
15.0333 808
15.05 805
15.0667 802
15.0833 800
15.1 797
15.1167 795
15.1333 792
15.15 789
15.1667 787
15.1833 784
15.2 781
15.2167 778
15.2333 776
15.25 773
15.2667 770
15.2833 767
15.3 765
15.3167 762
15.3333 759
15.35 756
15.3667 753
15.3833 750
15.4 747
15.4167 744
15.4333 742
15.45 739
15.4667 736
15.4833 733
15.5 730
15.5167 727
15.5333 724
15.55 721
15.5667 718
15.5833 715
15.6 711
15.6167 708
15.6333 705
15.65 702
15.6667 699
15.6833 696
15.7 693
15.7167 690
15.7333 686
15.75 683
15.7667 680
15.7833 677
15.8 674
15.8167 670
15.8333 667
15.85 664
15.8667 661
15.8833 657
15.9 654
15.9167 651
15.9333 647
15.95 644
15.9667 641
15.9833 637
16.0 634
16.0167 631
16.0333 627
16.05 624
16.0667 620
16.0833 617
16.1 614
16.1167 610
16.1333 607
16.15 603
16.1667 600
16.1833 596
16.2 593
16.2167 589
16.2333 586
16.25 582
16.2667 579
16.2833 575
16.3 571
16.3167 568
16.3333 564
16.35 561
16.3667 557
16.3833 554
16.4 550
16.4167 546
16.4333 543
16.45 539
16.4667 535
16.4833 532
16.5 528
16.5167 524
16.5333 521
16.55 517
16.5667 513
16.5833 510
16.6 506
16.6167 502
16.6333 498
16.65 495
16.6667 491
16.6833 487
16.7 483
16.7167 480
16.7333 476
16.75 472
16.7667 468
16.7833 464
16.8 461
16.8167 457
16.8333 453
16.85 449
16.8667 445
16.8833 441
16.9 438
16.9167 434
16.9333 430
16.95 426
16.9667 422
16.9833 418
