8.0 262
8.0167 266
8.0333 269
8.05 273
8.0667 277
8.0833 280
8.1 284
8.1167 287
8.1333 291
8.15 295
8.1667 298
8.1833 302
8.2 306
8.2167 309
8.2333 313
8.25 316
8.2667 320
8.2833 324
8.3 327
8.3167 331
8.3333 335
8.35 338
8.3667 342
8.3833 346
8.4 349
8.4167 353
8.4333 357
8.45 360
8.4667 364
8.4833 367
8.5 371
8.5167 375
8.5333 378
8.55 382
8.5667 386
8.5833 389
8.6 393
8.6167 396
8.6333 400
8.65 404
8.6667 407
8.6833 411
8.7 414
8.7167 418
8.7333 422
8.75 425
8.7667 429
8.7833 432
8.8 436
8.8167 440
8.8333 443
8.85 447
8.8667 450
8.8833 454
8.9 457
8.9167 461
8.9333 464
8.95 468
8.9667 471
8.9833 475
9.0 478
9.0167 482
9.0333 485
9.05 489
9.0667 492
9.0833 496
9.1 499
9.1167 502
9.1333 506
9.15 509
9.1667 513
9.1833 516
9.2 520
9.2167 523
9.2333 526
9.25 530
9.2667 533
9.2833 536
9.3 540
9.3167 543
9.3333 546
9.35 550
9.3667 553
9.3833 556
9.4 560
9.4167 563
9.4333 566
9.45 570
9.4667 573
9.4833 576
9.5 579
9.5167 583
9.5333 586
9.55 589
9.5667 592
9.5833 595
9.6 599
9.6167 602
9.6333 605
9.65 608
9.6667 611
9.6833 614
9.7 617
9.7167 620
9.7333 623
9.75 627
9.7667 630
9.7833 633
9.8 636
9.8167 639
9.8333 642
9.85 645
9.8667 648
9.8833 651
9.9 654
9.9167 657
9.9333 659
9.95 662
9.9667 665
9.9833 668
10.0 671
10.0167 674
10.0333 677
10.05 680
10.0667 682
10.0833 685
10.1 688
10.1167 691
10.1333 694
10.15 696
10.1667 699
10.1833 702
10.2 705
10.2167 707
10.2333 710
10.25 713
10.2667 715
10.2833 718
10.3 721
10.3167 723
10.3333 726
10.35 728
10.3667 731
10.3833 733
10.4 736
10.4167 738
10.4333 741
10.45 743
10.4667 746
10.4833 748
10.5 751
10.5167 753
10.5333 756
10.55 758
10.5667 761
10.5833 763
10.6 765
10.6167 768
10.6333 770
10.65 772
10.6667 774
10.6833 777
10.7 779
10.7167 781
10.7333 783
10.75 786
10.7667 788
10.7833 790
10.8 792
10.8167 794
10.8333 796
10.85 799
10.8667 801
10.8833 803
10.9 805
10.9167 807
10.9333 809
10.95 811
10.9667 813
10.9833 815
11.0 817
11.0167 819
11.0333 821
11.05 823
11.0667 824
11.0833 826
11.1 828
11.1167 830
11.1333 832
11.15 834
11.1667 835
11.1833 837
11.2 839
11.2167 841
11.2333 842
11.25 844
11.2667 846
11.2833 847
11.3 849
11.3167 851
11.3333 852
11.35 854
11.3667 855
11.3833 857
11.4 859
11.4167 860
11.4333 862
11.45 863
11.4667 864
11.4833 866
11.5 867
11.5167 869
11.5333 870
11.55 872
11.5667 873
11.5833 874
11.6 875
11.6167 877
11.6333 878
11.65 879
11.6667 881
11.6833 882
11.7 883
11.7167 884
11.7333 885
11.75 886
11.7667 888
11.7833 889
11.8 890
11.8167 891
11.8333 892
11.85 893
11.8667 894
11.8833 895
11.9 896
11.9167 897
11.9333 898
11.95 899
11.9667 900
11.9833 901
12.0 901
12.0167 902
12.0333 903
12.05 904
12.0667 905
12.0833 905
12.1 906
12.1167 907
12.1333 908
12.15 908
12.1667 909
12.1833 910
12.2 910
12.2167 911
12.2333 911
12.25 912
12.2667 913
12.2833 913
12.3 914
12.3167 914
12.3333 914
12.35 915
12.3667 915
12.3833 916
12.4 916
12.4167 917
12.4333 917
12.45 917
12.4667 918
12.4833 918
12.5 918
12.5167 918
12.5333 919
12.55 919
12.5667 919
12.5833 919
12.6 919
12.6167 920
12.6333 920
12.65 920
12.6667 920
12.6833 920
12.7 920
12.7167 920
12.7333 920
12.75 920
12.7667 920
12.7833 920
12.8 920
12.8167 920
12.8333 920
12.85 919
12.8667 919
12.8833 919
12.9 919
12.9167 919
12.9333 918
12.95 918
12.9667 918
12.9833 918
13.0 917
13.0167 917
13.0333 917
13.05 916
13.0667 916
13.0833 915
13.1 915
13.1167 915
13.1333 914
13.15 914
13.1667 913
13.1833 913
13.2 912
13.2167 911
13.2333 911
13.25 910
13.2667 910
13.2833 909
13.3 908
13.3167 908
13.3333 907
13.35 906
13.3667 905
13.3833 905
13.4 904
13.4167 903
13.4333 902
13.45 901
13.4667 901
13.4833 900
13.5 899
13.5167 898
13.5333 897
13.55 896
13.5667 895
13.5833 894
13.6 893
13.6167 892
13.6333 891
13.65 890
13.6667 889
13.6833 888
13.7 887
13.7167 885
13.7333 884
13.75 883
13.7667 882
13.7833 881
13.8 879
13.8167 878
13.8333 877
13.85 876
13.8667 874
13.8833 873
13.9 872
13.9167 870
13.9333 869
13.95 867
13.9667 866
13.9833 865
14.0 863
14.0167 862
14.0333 860
14.05 859
14.0667 857
14.0833 855
14.1 854
14.1167 852
14.1333 851
14.15 849
14.1667 847
14.1833 846
14.2 844
14.2167 842
14.2333 841
14.25 839
14.2667 837
14.2833 835
14.3 834
14.3167 832
14.3333 830
14.35 828
14.3667 826
14.3833 825
14.4 823
14.4167 821
14.4333 819
14.45 817
14.4667 815
14.4833 813
14.5 811
14.5167 809
14.5333 807
14.55 805
14.5667 803
14.5833 801
14.6 799
14.6167 797
14.6333 794
14.65 792
14.6667 790
14.6833 788
14.7 786
14.7167 784
14.7333 781
14.75 779
14.7667 777
14.7833 775
14.8 772
14.8167 770
14.8333 768
14.85 765
14.8667 763
14.8833 761
14.9 758
14.9167 756
14.9333 753
14.95 751
14.9667 748
14.9833 746
15.0 743
15.0167 740
15.0333 738
15.05 735
15.0667 733
15.0833 730
15.1 728
15.1167 725
15.1333 723
15.15 720
15.1667 717
15.1833 715
15.2 712
15.2167 709
15.2333 707
15.25 704
15.2667 701
15.2833 699
15.3 696
15.3167 693
15.3333 690
15.35 687
15.3667 685
15.3833 682
15.4 679
15.4167 676
15.4333 673
15.45 670
15.4667 668
15.4833 665
15.5 662
15.5167 659
15.5333 656
15.55 653
15.5667 650
15.5833 647
15.6 644
15.6167 641
15.6333 638
15.65 635
15.6667 632
15.6833 629
15.7 626
15.7167 623
15.7333 620
15.75 617
15.7667 614
15.7833 610
15.8 607
15.8167 604
15.8333 601
15.85 598
15.8667 595
15.8833 592
15.9 588
15.9167 585
15.9333 582
15.95 579
15.9667 575
15.9833 572
16.0 569
16.0167 566
16.0333 562
16.05 559
16.0667 556
16.0833 553
16.1 549
16.1167 546
16.1333 543
16.15 539
16.1667 536
16.1833 532
16.2 529
16.2167 526
16.2333 522
16.25 519
16.2667 515
16.2833 512
16.3 509
16.3167 505
16.3333 502
16.35 498
16.3667 495
16.3833 491
16.4 488
16.4167 484
16.4333 481
16.45 477
16.4667 474
16.4833 470
16.5 467
16.5167 463
16.5333 460
16.55 456
16.5667 453
16.5833 449
16.6 446
16.6167 442
16.6333 439
16.65 435
16.6667 431
16.6833 428
16.7 424
16.7167 421
16.7333 417
16.75 414
16.7667 410
16.7833 406
16.8 403
16.8167 399
16.8333 396
16.85 392
16.8667 388
16.8833 385
16.9 381
16.9167 377
16.9333 374
16.95 370
16.9667 366
16.9833 363
