8.0 283
8.0167 287
8.0333 291
8.05 295
8.0667 298
8.0833 302
8.1 306
8.1167 310
8.1333 313
8.15 317
8.1667 321
8.1833 325
8.2 328
8.2167 332
8.2333 336
8.25 340
8.2667 344
8.2833 347
8.3 351
8.3167 355
8.3333 359
8.35 362
8.3667 366
8.3833 370
8.4 374
8.4167 377
8.4333 381
8.45 385
8.4667 389
8.4833 392
8.5 396
8.5167 400
8.5333 404
8.55 407
8.5667 411
8.5833 415
8.6 419
8.6167 422
8.6333 426
8.65 430
8.6667 433
8.6833 437
8.7 441
8.7167 444
8.7333 448
8.75 452
8.7667 456
8.7833 459
8.8 463
8.8167 466
8.8333 470
8.85 474
8.8667 477
8.8833 481
8.9 485
8.9167 488
8.9333 492
8.95 495
8.9667 499
8.9833 503
9.0 506
9.0167 510
9.0333 513
9.05 517
9.0667 520
9.0833 524
9.1 527
9.1167 531
9.1333 534
9.15 538
9.1667 541
9.1833 545
9.2 548
9.2167 552
9.2333 555
9.25 559
9.2667 562
9.2833 565
9.3 569
9.3167 572
9.3333 576
9.35 579
9.3667 582
9.3833 586
9.4 589
9.4167 593
9.4333 596
9.45 599
9.4667 603
9.4833 606
9.5 609
9.5167 612
9.5333 616
9.55 619
9.5667 622
9.5833 625
9.6 629
9.6167 632
9.6333 635
9.65 638
9.6667 641
9.6833 645
9.7 648
9.7167 651
9.7333 654
9.75 657
9.7667 660
9.7833 663
9.8 666
9.8167 670
9.8333 673
9.85 676
9.8667 679
9.8833 682
9.9 685
9.9167 688
9.9333 691
9.95 694
9.9667 696
9.9833 699
10.0 702
10.0167 705
10.0333 708
10.05 711
10.0667 714
10.0833 717
10.1 720
10.1167 722
10.1333 725
10.15 728
10.1667 731
10.1833 734
10.2 736
10.2167 739
10.2333 742
10.25 744
10.2667 747
10.2833 750
10.3 753
10.3167 755
10.3333 758
10.35 760
10.3667 763
10.3833 766
10.4 768
10.4167 771
10.4333 773
10.45 776
10.4667 778
10.4833 781
10.5 783
10.5167 786
10.5333 788
10.55 791
10.5667 793
10.5833 795
10.6 798
10.6167 800
10.6333 803
10.65 805
10.6667 807
10.6833 809
10.7 812
10.7167 814
10.7333 816
10.75 819
10.7667 821
10.7833 823
10.8 825
10.8167 827
10.8333 829
10.85 832
10.8667 834
10.8833 836
10.9 838
10.9167 840
10.9333 842
10.95 844
10.9667 846
10.9833 848
11.0 850
11.0167 852
11.0333 854
11.05 856
11.0667 858
11.0833 860
11.1 862
11.1167 863
11.1333 865
11.15 867
11.1667 869
11.1833 871
11.2 873
11.2167 874
11.2333 876
11.25 878
11.2667 879
11.2833 881
11.3 883
11.3167 884
11.3333 886
11.35 888
11.3667 889
11.3833 891
11.4 892
11.4167 894
11.4333 895
11.45 897
11.4667 898
11.4833 900
11.5 901
11.5167 903
11.5333 904
11.55 906
11.5667 907
11.5833 908
11.6 910
11.6167 911
11.6333 912
11.65 913
11.6667 915
11.6833 916
11.7 917
11.7167 918
11.7333 920
11.75 921
11.7667 922
11.7833 923
11.8 924
11.8167 925
11.8333 926
11.85 927
11.8667 928
11.8833 929
11.9 930
11.9167 931
11.9333 932
11.95 933
11.9667 934
11.9833 935
12.0 936
12.0167 937
12.0333 938
12.05 938
12.0667 939
12.0833 940
12.1 941
12.1167 941
12.1333 942
12.15 943
12.1667 944
12.1833 944
12.2 945
12.2167 946
12.2333 946
12.25 947
12.2667 947
12.2833 948
12.3 948
12.3167 949
12.3333 949
12.35 950
12.3667 950
12.3833 951
12.4 951
12.4167 951
12.4333 952
12.45 952
12.4667 952
12.4833 953
12.5 953
12.5167 953
12.5333 954
12.55 954
12.5667 954
12.5833 954
12.6 954
12.6167 955
12.6333 955
12.65 955
12.6667 955
12.6833 955
12.7 955
12.7167 955
12.7333 955
12.75 955
12.7667 955
12.7833 955
12.8 955
12.8167 955
12.8333 955
12.85 955
12.8667 954
12.8833 954
12.9 954
12.9167 954
12.9333 954
12.95 953
12.9667 953
12.9833 953
13.0 953
13.0167 952
13.0333 952
13.05 951
13.0667 951
13.0833 951
13.1 950
13.1167 950
13.1333 949
13.15 949
13.1667 948
13.1833 948
13.2 947
13.2167 947
13.2333 946
13.25 946
13.2667 945
13.2833 944
13.3 944
13.3167 943
13.3333 942
13.35 942
13.3667 941
13.3833 940
13.4 939
13.4167 938
13.4333 938
13.45 937
13.4667 936
13.4833 935
13.5 934
13.5167 933
13.5333 932
13.55 931
13.5667 930
13.5833 929
13.6 928
13.6167 927
13.6333 926
13.65 925
13.6667 924
13.6833 923
13.7 922
13.7167 921
13.7333 920
13.75 919
13.7667 917
13.7833 916
13.8 915
13.8167 914
13.8333 912
13.85 911
13.8667 910
13.8833 908
13.9 907
13.9167 906
13.9333 904
13.95 903
13.9667 901
13.9833 900
14.0 899
14.0167 897
14.0333 896
14.05 894
14.0667 893
14.0833 891
14.1 889
14.1167 888
14.1333 886
14.15 885
14.1667 883
14.1833 881
14.2 880
14.2167 878
14.2333 876
14.25 874
14.2667 873
14.2833 871
14.3 869
14.3167 867
14.3333 865
14.35 864
14.3667 862
14.3833 860
14.4 858
14.4167 856
14.4333 854
14.45 852
14.4667 850
14.4833 848
14.5 846
14.5167 844
14.5333 842
14.55 840
14.5667 838
14.5833 836
14.6 834
14.6167 832
14.6333 830
14.65 828
14.6667 825
14.6833 823
14.7 821
14.7167 819
14.7333 817
14.75 814
14.7667 812
14.7833 810
14.8 807
14.8167 805
14.8333 803
14.85 800
14.8667 798
14.8833 796
14.9 793
14.9167 791
14.9333 788
14.95 786
14.9667 784
14.9833 781
15.0 778
15.0167 775
15.0333 773
15.05 770
15.0667 768
15.0833 765
15.1 763
15.1167 760
15.1333 757
15.15 755
15.1667 752
15.1833 750
15.2 747
15.2167 744
15.2333 741
15.25 739
15.2667 736
15.2833 733
15.3 730
15.3167 728
15.3333 725
15.35 722
15.3667 719
15.3833 716
15.4 714
15.4167 711
15.4333 708
15.45 705
15.4667 702
15.4833 699
15.5 696
15.5167 693
15.5333 690
15.55 687
15.5667 684
15.5833 681
15.6 678
15.6167 675
15.6333 672
15.65 669
15.6667 666
15.6833 663
15.7 660
15.7167 657
15.7333 654
15.75 651
15.7667 647
15.7833 644
15.8 641
15.8167 638
15.8333 635
15.85 632
15.8667 628
15.8833 625
15.9 622
15.9167 619
15.9333 615
15.95 612
15.9667 609
15.9833 605
16.0 602
16.0167 599
16.0333 596
16.05 592
16.0667 589
16.0833 586
16.1 582
16.1167 579
16.1333 575
16.15 572
16.1667 569
16.1833 565
16.2 562
16.2167 558
16.2333 555
16.25 551
16.2667 548
16.2833 544
16.3 541
16.3167 537
16.3333 534
16.35 530
16.3667 527
16.3833 523
16.4 520
16.4167 516
16.4333 513
16.45 509
16.4667 506
16.4833 502
16.5 498
16.5167 495
16.5333 491
16.55 488
16.5667 484
16.5833 480
16.6 477
16.6167 473
16.6333 469
16.65 466
16.6667 462
16.6833 459
16.7 455
16.7167 451
16.7333 448
16.75 444
16.7667 440
16.7833 436
16.8 433
16.8167 429
16.8333 425
16.85 422
16.8667 418
16.8833 414
16.9 410
16.9167 407
16.9333 403
16.95 399
16.9667 395
16.9833 392
