8.0 281
8.0167 285
8.0333 289
8.05 292
8.0667 296
8.0833 300
8.1 304
8.1167 307
8.1333 311
8.15 315
8.1667 319
8.1833 323
8.2 326
8.2167 330
8.2333 334
8.25 338
8.2667 341
8.2833 345
8.3 349
8.3167 353
8.3333 357
8.35 360
8.3667 364
8.3833 368
8.4 372
8.4167 375
8.4333 379
8.45 383
8.4667 387
8.4833 390
8.5 394
8.5167 398
8.5333 402
8.55 405
8.5667 409
8.5833 413
8.6 417
8.6167 420
8.6333 424
8.65 428
8.6667 432
8.6833 435
8.7 439
8.7167 443
8.7333 446
8.75 450
8.7667 454
8.7833 457
8.8 461
8.8167 465
8.8333 468
8.85 472
8.8667 476
8.8833 479
8.9 483
8.9167 487
8.9333 490
8.95 494
8.9667 497
8.9833 501
9.0 504
9.0167 508
9.0333 511
9.05 515
9.0667 519
9.0833 522
9.1 526
9.1167 529
9.1333 533
9.15 536
9.1667 540
9.1833 543
9.2 547
9.2167 550
9.2333 554
9.25 557
9.2667 560
9.2833 564
9.3 567
9.3167 571
9.3333 574
9.35 578
9.3667 581
9.3833 584
9.4 588
9.4167 591
9.4333 594
9.45 598
9.4667 601
9.4833 604
9.5 608
9.5167 611
9.5333 614
9.55 617
9.5667 621
9.5833 624
9.6 627
9.6167 630
9.6333 634
9.65 637
9.6667 640
9.6833 643
9.7 646
9.7167 649
9.7333 653
9.75 656
9.7667 659
9.7833 662
9.8 665
9.8167 668
9.8333 671
9.85 674
9.8667 677
9.8833 680
9.9 683
9.9167 686
9.9333 689
9.95 692
9.9667 695
9.9833 698
10.0 701
10.0167 704
10.0333 707
10.05 710
10.0667 712
10.0833 715
10.1 718
10.1167 721
10.1333 724
10.15 727
10.1667 729
10.1833 732
10.2 735
10.2167 738
10.2333 740
10.25 743
10.2667 746
10.2833 748
10.3 751
10.3167 754
10.3333 756
10.35 759
10.3667 762
10.3833 764
10.4 767
10.4167 769
10.4333 772
10.45 774
10.4667 777
10.4833 779
10.5 782
10.5167 784
10.5333 787
10.55 789
10.5667 792
10.5833 794
10.6 796
10.6167 799
10.6333 801
10.65 803
10.6667 806
10.6833 808
10.7 810
10.7167 813
10.7333 815
10.75 817
10.7667 819
10.7833 821
10.8 824
10.8167 826
10.8333 828
10.85 830
10.8667 832
10.8833 834
10.9 836
10.9167 838
10.9333 841
10.95 843
10.9667 845
10.9833 847
11.0 849
11.0167 851
11.0333 852
11.05 854
11.0667 856
11.0833 858
11.1 860
11.1167 862
11.1333 864
11.15 866
11.1667 867
11.1833 869
11.2 871
11.2167 873
11.2333 874
11.25 876
11.2667 878
11.2833 879
11.3 881
11.3167 883
11.3333 884
11.35 886
11.3667 888
11.3833 889
11.4 891
11.4167 892
11.4333 894
11.45 895
11.4667 897
11.4833 898
11.5 900
11.5167 901
11.5333 902
11.55 904
11.5667 905
11.5833 906
11.6 908
11.6167 909
11.6333 910
11.65 912
11.6667 913
11.6833 914
11.7 915
11.7167 917
11.7333 918
11.75 919
11.7667 920
11.7833 921
11.8 922
11.8167 923
11.8333 924
11.85 925
11.8667 926
11.8833 927
11.9 928
11.9167 929
11.9333 930
11.95 931
11.9667 932
11.9833 933
12.0 934
12.0167 935
12.0333 936
12.05 936
12.0667 937
12.0833 938
12.1 939
12.1167 939
12.1333 940
12.15 941
12.1667 941
12.1833 942
12.2 943
12.2167 943
12.2333 944
12.25 944
12.2667 945
12.2833 946
12.3 946
12.3167 947
12.3333 947
12.35 947
12.3667 948
12.3833 948
12.4 949
12.4167 949
12.4333 949
12.45 950
12.4667 950
12.4833 950
12.5 951
12.5167 951
12.5333 951
12.55 951
12.5667 952
12.5833 952
12.6 952
12.6167 952
12.6333 952
12.65 952
12.6667 952
12.6833 952
12.7 952
12.7167 952
12.7333 952
12.75 952
12.7667 952
12.7833 952
12.8 952
12.8167 952
12.8333 952
12.85 952
12.8667 952
12.8833 951
12.9 951
12.9167 951
12.9333 951
12.95 950
12.9667 950
12.9833 950
13.0 950
13.0167 949
13.0333 949
13.05 948
13.0667 948
13.0833 948
13.1 947
13.1167 947
13.1333 946
13.15 946
13.1667 945
13.1833 945
13.2 944
13.2167 944
13.2333 943
13.25 942
13.2667 942
13.2833 941
13.3 940
13.3167 940
13.3333 939
13.35 938
13.3667 937
13.3833 937
13.4 936
13.4167 935
13.4333 934
13.45 933
13.4667 933
13.4833 932
13.5 931
13.5167 930
13.5333 929
13.55 928
13.5667 927
13.5833 926
13.6 925
13.6167 924
13.6333 923
13.65 922
13.6667 921
13.6833 919
13.7 918
13.7167 917
13.7333 916
13.75 915
13.7667 913
13.7833 912
13.8 911
13.8167 910
13.8333 908
13.85 907
13.8667 906
13.8833 904
13.9 903
13.9167 902
13.9333 900
13.95 899
13.9667 897
13.9833 896
14.0 894
14.0167 893
14.0333 891
14.05 890
14.0667 888
14.0833 887
14.1 885
14.1167 884
14.1333 882
14.15 880
14.1667 879
14.1833 877
14.2 875
14.2167 873
14.2333 872
14.25 870
14.2667 868
14.2833 866
14.3 865
14.3167 863
14.3333 861
14.35 859
14.3667 857
14.3833 855
14.4 853
14.4167 851
14.4333 849
14.45 847
14.4667 845
14.4833 843
14.5 841
14.5167 839
14.5333 837
14.55 835
14.5667 833
14.5833 831
14.6 829
14.6167 827
14.6333 825
14.65 823
14.6667 820
14.6833 818
14.7 816
14.7167 814
14.7333 811
14.75 809
14.7667 807
14.7833 805
14.8 802
14.8167 800
14.8333 797
14.85 795
14.8667 793
14.8833 790
14.9 788
14.9167 785
14.9333 783
14.95 781
14.9667 778
14.9833 776
15.0 772
15.0167 770
15.0333 767
15.05 765
15.0667 762
15.0833 760
15.1 757
15.1167 754
15.1333 752
15.15 749
15.1667 746
15.1833 744
15.2 741
15.2167 738
15.2333 736
15.25 733
15.2667 730
15.2833 727
15.3 724
15.3167 722
15.3333 719
15.35 716
15.3667 713
15.3833 710
15.4 707
15.4167 705
15.4333 702
15.45 699
15.4667 696
15.4833 693
15.5 690
15.5167 687
15.5333 684
15.55 681
15.5667 678
15.5833 675
15.6 672
15.6167 669
15.6333 666
15.65 663
15.6667 660
15.6833 656
15.7 653
15.7167 650
15.7333 647
15.75 644
15.7667 641
15.7833 638
15.8 634
15.8167 631
15.8333 628
15.85 625
15.8667 621
15.8833 618
15.9 615
15.9167 612
15.9333 608
15.95 605
15.9667 602
15.9833 598
16.0 595
16.0167 592
16.0333 588
16.05 585
16.0667 582
16.0833 578
16.1 575
16.1167 572
16.1333 568
16.15 565
16.1667 561
16.1833 558
16.2 554
16.2167 551
16.2333 547
16.25 544
16.2667 541
16.2833 537
16.3 534
16.3167 530
16.3333 526
16.35 523
16.3667 519
16.3833 516
16.4 512
16.4167 509
16.4333 505
16.45 502
16.4667 498
16.4833 494
16.5 491
16.5167 487
16.5333 484
16.55 480
16.5667 476
16.5833 473
16.6 469
16.6167 465
16.6333 462
16.65 458
16.6667 454
16.6833 451
16.7 447
16.7167 443
16.7333 440
16.75 436
16.7667 432
16.7833 428
16.8 425
16.8167 421
16.8333 417
16.85 414
16.8667 410
16.8833 406
16.9 402
16.9167 399
16.9333 395
16.95 391
16.9667 387
16.9833 384
