8.0 295
8.0167 298
8.0333 302
8.05 305
8.0667 309
8.0833 313
8.1 316
8.1167 320
8.1333 324
8.15 327
8.1667 331
8.1833 334
8.2 338
8.2167 342
8.2333 345
8.25 349
8.2667 353
8.2833 356
8.3 360
8.3167 364
8.3333 367
8.35 371
8.3667 375
8.3833 378
8.4 382
8.4167 385
8.4333 389
8.45 393
8.4667 396
8.4833 400
8.5 404
8.5167 407
8.5333 411
8.55 414
8.5667 418
8.5833 422
8.6 425
8.6167 429
8.6333 432
8.65 436
8.6667 440
8.6833 443
8.7 447
8.7167 450
8.7333 454
8.75 458
8.7667 461
8.7833 465
8.8 468
8.8167 472
8.8333 475
8.85 479
8.8667 482
8.8833 486
8.9 489
8.9167 493
8.9333 496
8.95 500
8.9667 503
8.9833 507
9.0 510
9.0167 514
9.0333 517
9.05 520
9.0667 524
9.0833 527
9.1 531
9.1167 534
9.1333 538
9.15 541
9.1667 544
9.1833 548
9.2 551
9.2167 555
9.2333 558
9.25 561
9.2667 565
9.2833 568
9.3 571
9.3167 575
9.3333 578
9.35 581
9.3667 584
9.3833 588
9.4 591
9.4167 594
9.4333 598
9.45 601
9.4667 604
9.4833 607
9.5 610
9.5167 614
9.5333 617
9.55 620
9.5667 623
9.5833 626
9.6 629
9.6167 633
9.6333 636
9.65 639
9.6667 642
9.6833 645
9.7 648
9.7167 651
9.7333 654
9.75 657
9.7667 660
9.7833 663
9.8 666
9.8167 669
9.8333 672
9.85 675
9.8667 678
9.8833 681
9.9 684
9.9167 687
9.9333 690
9.95 693
9.9667 696
9.9833 699
10.0 702
10.0167 704
10.0333 707
10.05 710
10.0667 713
10.0833 716
10.1 718
10.1167 721
10.1333 724
10.15 727
10.1667 729
10.1833 732
10.2 735
10.2167 738
10.2333 740
10.25 743
10.2667 745
10.2833 748
10.3 751
10.3167 753
10.3333 756
10.35 758
10.3667 761
10.3833 764
10.4 766
10.4167 769
10.4333 771
10.45 774
10.4667 776
10.4833 779
10.5 781
10.5167 783
10.5333 786
10.55 788
10.5667 791
10.5833 793
10.6 795
10.6167 798
10.6333 800
10.65 802
10.6667 805
10.6833 807
10.7 809
10.7167 811
10.7333 814
10.75 816
10.7667 818
10.7833 820
10.8 822
10.8167 825
10.8333 827
10.85 829
10.8667 831
10.8833 833
10.9 835
10.9167 837
10.9333 839
10.95 841
10.9667 843
10.9833 845
11.0 847
11.0167 849
11.0333 851
11.05 853
11.0667 855
11.0833 857
11.1 859
11.1167 860
11.1333 862
11.15 864
11.1667 866
11.1833 868
11.2 869
11.2167 871
11.2333 873
11.25 875
11.2667 876
11.2833 878
11.3 880
11.3167 881
11.3333 883
11.35 885
11.3667 886
11.3833 888
11.4 889
11.4167 891
11.4333 892
11.45 894
11.4667 895
11.4833 897
11.5 898
11.5167 900
11.5333 901
11.55 903
11.5667 904
11.5833 905
11.6 907
11.6167 908
11.6333 909
11.65 911
11.6667 912
11.6833 913
11.7 914
11.7167 916
11.7333 917
11.75 918
11.7667 919
11.7833 920
11.8 921
11.8167 923
11.8333 924
11.85 925
11.8667 926
11.8833 927
11.9 928
11.9167 929
11.9333 930
11.95 931
11.9667 932
11.9833 933
12.0 934
12.0167 934
12.0333 935
12.05 936
12.0667 937
12.0833 938
12.1 939
12.1167 939
12.1333 940
12.15 941
12.1667 942
12.1833 942
12.2 943
12.2167 944
12.2333 944
12.25 945
12.2667 946
12.2833 946
12.3 947
12.3167 947
12.3333 948
12.35 948
12.3667 949
12.3833 949
12.4 950
12.4167 950
12.4333 951
12.45 951
12.4667 951
12.4833 952
12.5 952
12.5167 952
12.5333 953
12.55 953
12.5667 953
12.5833 954
12.6 954
12.6167 954
12.6333 954
12.65 954
12.6667 955
12.6833 955
12.7 955
12.7167 955
12.7333 955
12.75 955
12.7667 955
12.7833 955
12.8 955
12.8167 955
12.8333 955
12.85 955
12.8667 955
12.8833 955
12.9 955
12.9167 955
12.9333 954
12.95 954
12.9667 954
12.9833 954
13.0 954
13.0167 953
13.0333 953
13.05 953
13.0667 952
13.0833 952
13.1 952
13.1167 951
13.1333 951
13.15 951
13.1667 950
13.1833 950
13.2 949
13.2167 949
13.2333 948
13.25 948
13.2667 947
13.2833 947
13.3 946
13.3167 946
13.3333 945
13.35 944
13.3667 944
13.3833 943
13.4 942
13.4167 942
13.4333 941
13.45 940
13.4667 939
13.4833 939
13.5 938
13.5167 937
13.5333 936
13.55 935
13.5667 934
13.5833 934
13.6 933
13.6167 932
13.6333 931
13.65 930
13.6667 929
13.6833 928
13.7 927
13.7167 926
13.7333 925
13.75 924
13.7667 922
13.7833 921
13.8 920
13.8167 919
13.8333 918
13.85 917
13.8667 916
13.8833 914
13.9 913
13.9167 912
13.9333 911
13.95 909
13.9667 908
13.9833 907
14.0 905
14.0167 904
14.0333 902
14.05 901
14.0667 900
14.0833 898
14.1 897
14.1167 895
14.1333 894
14.15 892
14.1667 891
14.1833 889
14.2 888
14.2167 886
14.2333 885
14.25 883
14.2667 881
14.2833 880
14.3 878
14.3167 876
14.3333 875
14.35 873
14.3667 871
14.3833 869
14.4 868
14.4167 866
14.4333 864
14.45 862
14.4667 860
14.4833 858
14.5 857
14.5167 855
14.5333 853
14.55 851
14.5667 849
14.5833 847
14.6 845
14.6167 843
14.6333 841
14.65 839
14.6667 837
14.6833 835
14.7 833
14.7167 831
14.7333 829
14.75 827
14.7667 824
14.7833 822
14.8 820
14.8167 818
14.8333 816
14.85 814
14.8667 811
14.8833 809
14.9 807
14.9167 805
14.9333 802
14.95 800
14.9667 798
14.9833 795
15.0 793
15.0167 790
15.0333 788
15.05 785
15.0667 783
15.0833 781
15.1 778
15.1167 776
15.1333 773
15.15 771
15.1667 768
15.1833 766
15.2 763
15.2167 761
15.2333 758
15.25 756
15.2667 753
15.2833 750
15.3 748
15.3167 745
15.3333 742
15.35 740
15.3667 737
15.3833 734
15.4 732
15.4167 729
15.4333 726
15.45 724
15.4667 721
15.4833 718
15.5 715
15.5167 712
15.5333 710
15.55 707
15.5667 704
15.5833 701
15.6 698
15.6167 695
15.6333 692
15.65 690
15.6667 687
15.6833 684
15.7 681
15.7167 678
15.7333 675
15.75 672
15.7667 669
15.7833 666
15.8 663
15.8167 660
15.8333 657
15.85 654
15.8667 651
15.8833 648
15.9 645
15.9167 641
15.9333 638
15.95 635
15.9667 632
15.9833 629
16.0 626
16.0167 623
16.0333 620
16.05 616
16.0667 613
16.0833 610
16.1 607
16.1167 604
16.1333 600
16.15 597
16.1667 594
16.1833 591
16.2 587
16.2167 584
16.2333 581
16.25 577
16.2667 574
16.2833 571
16.3 567
16.3167 564
16.3333 561
16.35 557
16.3667 554
16.3833 551
16.4 547
16.4167 544
16.4333 540
16.45 537
16.4667 534
16.4833 530
16.5 527
16.5167 523
16.5333 520
16.55 516
16.5667 513
16.5833 510
16.6 506
16.6167 503
16.6333 499
16.65 496
16.6667 492
16.6833 489
16.7 485
16.7167 482
16.7333 478
16.75 474
16.7667 471
16.7833 467
16.8 464
16.8167 460
16.8333 457
16.85 453
16.8667 450
16.8833 446
16.9 442
16.9167 439
16.9333 435
16.95 432
16.9667 428
16.9833 424
