8.0 326
8.0167 330
8.0333 334
8.05 337
8.0667 341
8.0833 345
8.1 349
8.1167 353
8.1333 357
8.15 361
8.1667 365
8.1833 369
8.2 373
8.2167 377
8.2333 381
8.25 385
8.2667 389
8.2833 393
8.3 397
8.3167 401
8.3333 405
8.35 409
8.3667 412
8.3833 416
8.4 420
8.4167 424
8.4333 428
8.45 432
8.4667 436
8.4833 440
8.5 444
8.5167 448
8.5333 451
8.55 455
8.5667 459
8.5833 463
8.6 467
8.6167 471
8.6333 475
8.65 478
8.6667 482
8.6833 486
8.7 490
8.7167 494
8.7333 497
8.75 501
8.7667 505
8.7833 509
8.8 513
8.8167 516
8.8333 520
8.85 524
8.8667 528
8.8833 531
8.9 535
8.9167 539
8.9333 542
8.95 546
8.9667 550
8.9833 553
9.0 557
9.0167 561
9.0333 564
9.05 568
9.0667 571
9.0833 575
9.1 579
9.1167 582
9.1333 586
9.15 590
9.1667 593
9.1833 597
9.2 600
9.2167 604
9.2333 607
9.25 611
9.2667 614
9.2833 618
9.3 621
9.3167 625
9.3333 628
9.35 632
9.3667 635
9.3833 639
9.4 642
9.4167 645
9.4333 649
9.45 652
9.4667 656
9.4833 659
9.5 662
9.5167 666
9.5333 669
9.55 672
9.5667 676
9.5833 679
9.6 682
9.6167 686
9.6333 689
9.65 692
9.6667 695
9.6833 699
9.7 702
9.7167 705
9.7333 708
9.75 711
9.7667 714
9.7833 718
9.8 721
9.8167 724
9.8333 727
9.85 730
9.8667 733
9.8833 736
9.9 739
9.9167 742
9.9333 745
9.95 748
9.9667 751
9.9833 754
10.0 757
10.0167 760
10.0333 763
10.05 766
10.0667 769
10.0833 772
10.1 775
10.1167 778
10.1333 780
10.15 783
10.1667 786
10.1833 789
10.2 792
10.2167 795
10.2333 797
10.25 800
10.2667 803
10.2833 806
10.3 808
10.3167 811
10.3333 814
10.35 816
10.3667 819
10.3833 822
10.4 824
10.4167 827
10.4333 829
10.45 832
10.4667 834
10.4833 837
10.5 839
10.5167 842
10.5333 844
10.55 847
10.5667 849
10.5833 852
10.6 854
10.6167 857
10.6333 859
10.65 861
10.6667 864
10.6833 866
10.7 868
10.7167 871
10.7333 873
10.75 875
10.7667 878
10.7833 880
10.8 882
10.8167 884
10.8333 886
10.85 889
10.8667 891
10.8833 893
10.9 895
10.9167 897
10.9333 899
10.95 901
10.9667 903
10.9833 905
11.0 907
11.0167 909
11.0333 911
11.05 913
11.0667 915
11.0833 917
11.1 919
11.1167 921
11.1333 923
11.15 925
11.1667 926
11.1833 928
11.2 930
11.2167 932
11.2333 934
11.25 935
11.2667 937
11.2833 939
11.3 940
11.3167 942
11.3333 944
11.35 945
11.3667 947
11.3833 949
11.4 950
11.4167 952
11.4333 953
11.45 955
11.4667 956
11.4833 958
11.5 959
11.5167 961
11.5333 962
11.55 964
11.5667 965
11.5833 966
11.6 968
11.6167 969
11.6333 970
11.65 972
11.6667 973
11.6833 974
11.7 976
11.7167 977
11.7333 978
11.75 979
11.7667 980
11.7833 981
11.8 983
11.8167 984
11.8333 985
11.85 986
11.8667 987
11.8833 988
11.9 989
11.9167 990
11.9333 991
11.95 992
11.9667 993
11.9833 994
12.0 995
12.0167 996
12.0333 996
12.05 997
12.0667 998
12.0833 999
12.1 1000
12.1167 1000
12.1333 1001
12.15 1002
12.1667 1003
12.1833 1003
12.2 1004
12.2167 1005
12.2333 1005
12.25 1006
12.2667 1006
12.2833 1007
12.3 1008
12.3167 1008
12.3333 1009
12.35 1009
12.3667 1010
12.3833 1010
12.4 1010
12.4167 1011
12.4333 1011
12.45 1012
12.4667 1012
12.4833 1012
12.5 1013
12.5167 1013
12.5333 1013
12.55 1013
12.5667 1014
12.5833 1014
12.6 1014
12.6167 1014
12.6333 1014
12.65 1014
12.6667 1015
12.6833 1015
12.7 1015
12.7167 1015
12.7333 1015
12.75 1015
12.7667 1015
12.7833 1015
12.8 1015
12.8167 1015
12.8333 1015
12.85 1014
12.8667 1014
12.8833 1014
12.9 1014
12.9167 1014
12.9333 1014
12.95 1013
12.9667 1013
12.9833 1013
13.0 1013
13.0167 1012
13.0333 1012
13.05 1012
13.0667 1011
13.0833 1011
13.1 1010
13.1167 1010
13.1333 1010
13.15 1009
13.1667 1009
13.1833 1008
13.2 1008
13.2167 1007
13.2333 1006
13.25 1006
13.2667 1005
13.2833 1005
13.3 1004
13.3167 1003
13.3333 1003
13.35 1002
13.3667 1001
13.3833 1000
13.4 1000
13.4167 999
13.4333 998
13.45 997
13.4667 996
13.4833 996
13.5 995
13.5167 994
13.5333 993
13.55 992
13.5667 991
13.5833 990
13.6 989
13.6167 988
13.6333 987
13.65 986
13.6667 985
13.6833 984
13.7 983
13.7167 982
13.7333 980
13.75 979
13.7667 978
13.7833 977
13.8 976
13.8167 974
13.8333 973
13.85 972
13.8667 971
13.8833 969
13.9 968
13.9167 967
13.9333 965
13.95 964
13.9667 962
13.9833 961
14.0 959
14.0167 958
14.0333 957
14.05 955
14.0667 953
14.0833 952
14.1 950
14.1167 949
14.1333 947
14.15 946
14.1667 944
14.1833 942
14.2 941
14.2167 939
14.2333 937
14.25 935
14.2667 934
14.2833 932
14.3 930
14.3167 928
14.3333 927
14.35 925
14.3667 923
14.3833 921
14.4 919
14.4167 917
14.4333 915
14.45 913
14.4667 911
14.4833 909
14.5 907
14.5167 905
14.5333 903
14.55 901
14.5667 899
14.5833 897
14.6 895
14.6167 893
14.6333 891
14.65 889
14.6667 887
14.6833 884
14.7 882
14.7167 880
14.7333 878
14.75 875
14.7667 873
14.7833 871
14.8 869
14.8167 866
14.8333 864
14.85 862
14.8667 859
14.8833 857
14.9 854
14.9167 852
14.9333 850
14.95 847
14.9667 845
14.9833 842
15.0 839
15.0167 837
15.0333 834
15.05 832
15.0667 829
15.0833 826
15.1 824
15.1167 821
15.1333 819
15.15 816
15.1667 813
15.1833 811
15.2 808
15.2167 805
15.2333 802
15.25 800
15.2667 797
15.2833 794
15.3 791
15.3167 789
15.3333 786
15.35 783
15.3667 780
15.3833 777
15.4 774
15.4167 772
15.4333 769
15.45 766
15.4667 763
15.4833 760
15.5 757
15.5167 754
15.5333 751
15.55 748
15.5667 745
15.5833 742
15.6 739
15.6167 736
15.6333 733
15.65 730
15.6667 727
15.6833 723
15.7 720
15.7167 717
15.7333 714
15.75 711
15.7667 708
15.7833 705
15.8 701
15.8167 698
15.8333 695
15.85 692
15.8667 688
15.8833 685
15.9 682
15.9167 679
15.9333 675
15.95 672
15.9667 669
15.9833 665
16.0 662
16.0167 659
16.0333 655
16.05 652
16.0667 648
16.0833 645
16.1 642
16.1167 638
16.1333 635
16.15 631
16.1667 628
16.1833 624
16.2 621
16.2167 617
16.2333 614
16.25 610
16.2667 607
16.2833 603
16.3 600
16.3167 596
16.3333 593
16.35 589
16.3667 585
16.3833 582
16.4 578
16.4167 575
16.4333 571
16.45 567
16.4667 564
16.4833 560
16.5 556
16.5167 553
16.5333 549
16.55 545
16.5667 542
16.5833 538
16.6 534
16.6167 531
16.6333 527
16.65 523
16.6667 519
16.6833 516
16.7 512
16.7167 508
16.7333 504
16.75 501
16.7667 497
16.7833 493
16.8 489
16.8167 485
16.8333 481
16.85 478
16.8667 474
16.8833 470
16.9 466
16.9167 462
16.9333 458
16.95 455
16.9667 451
16.9833 447
