8.0 236
8.0167 240
8.0333 243
8.05 247
8.0667 251
8.0833 254
8.1 258
8.1167 261
8.1333 265
8.15 269
8.1667 272
8.1833 276
8.2 280
8.2167 283
8.2333 287
8.25 291
8.2667 294
8.2833 298
8.3 302
8.3167 305
8.3333 309
8.35 313
8.3667 316
8.3833 320
8.4 324
8.4167 327
8.4333 331
8.45 335
8.4667 338
8.4833 342
8.5 346
8.5167 349
8.5333 353
8.55 357
8.5667 360
8.5833 364
8.6 368
8.6167 371
8.6333 375
8.65 378
8.6667 382
8.6833 386
8.7 389
8.7167 393
8.7333 397
8.75 400
8.7667 404
8.7833 407
8.8 411
8.8167 414
8.8333 418
8.85 422
8.8667 425
8.8833 429
8.9 432
8.9167 436
8.9333 439
8.95 443
8.9667 446
8.9833 450
9.0 453
9.0167 457
9.0333 460
9.05 463
9.0667 467
9.0833 470
9.1 474
9.1167 477
9.1333 481
9.15 484
9.1667 488
9.1833 491
9.2 494
9.2167 498
9.2333 501
9.25 505
9.2667 508
9.2833 511
9.3 515
9.3167 518
9.3333 521
9.35 525
9.3667 528
9.3833 531
9.4 535
9.4167 538
9.4333 541
9.45 544
9.4667 548
9.4833 551
9.5 554
9.5167 557
9.5333 560
9.55 564
9.5667 567
9.5833 570
9.6 573
9.6167 576
9.6333 579
9.65 582
9.6667 586
9.6833 589
9.7 592
9.7167 595
9.7333 598
9.75 601
9.7667 604
9.7833 607
9.8 610
9.8167 613
9.8333 616
9.85 619
9.8667 622
9.8833 625
9.9 628
9.9167 630
9.9333 633
9.95 636
9.9667 639
9.9833 642
10.0 645
10.0167 648
10.0333 650
10.05 653
10.0667 656
10.0833 659
10.1 661
10.1167 664
10.1333 667
10.15 670
10.1667 672
10.1833 675
10.2 678
10.2167 680
10.2333 683
10.25 685
10.2667 688
10.2833 691
10.3 693
10.3167 696
10.3333 698
10.35 701
10.3667 703
10.3833 706
10.4 708
10.4167 711
10.4333 713
10.45 715
10.4667 718
10.4833 720
10.5 723
10.5167 725
10.5333 727
10.55 730
10.5667 732
10.5833 734
10.6 736
10.6167 739
10.6333 741
10.65 743
10.6667 745
10.6833 748
10.7 750
10.7167 752
10.7333 754
10.75 756
10.7667 758
10.7833 760
10.8 762
10.8167 764
10.8333 766
10.85 768
10.8667 770
10.8833 772
10.9 774
10.9167 776
10.9333 778
10.95 780
10.9667 782
10.9833 784
11.0 786
11.0167 788
11.0333 789
11.05 791
11.0667 793
11.0833 795
11.1 796
11.1167 798
11.1333 800
11.15 802
11.1667 803
11.1833 805
11.2 806
11.2167 808
11.2333 810
11.25 811
11.2667 813
11.2833 814
11.3 816
11.3167 817
11.3333 819
11.35 820
11.3667 822
11.3833 823
11.4 825
11.4167 826
11.4333 827
11.45 829
11.4667 830
11.4833 831
11.5 833
11.5167 834
11.5333 835
11.55 836
11.5667 838
11.5833 839
11.6 840
11.6167 841
11.6333 842
11.65 843
11.6667 844
11.6833 845
11.7 847
11.7167 848
11.7333 849
11.75 850
11.7667 851
11.7833 852
11.8 852
11.8167 853
11.8333 854
11.85 855
11.8667 856
11.8833 857
11.9 858
11.9167 858
11.9333 859
11.95 860
11.9667 861
11.9833 861
12.0 862
12.0167 863
12.0333 863
12.05 864
12.0667 865
12.0833 865
12.1 866
12.1167 867
12.1333 867
12.15 868
12.1667 868
12.1833 869
12.2 869
12.2167 869
12.2333 870
12.25 870
12.2667 871
12.2833 871
12.3 871
12.3167 872
12.3333 872
12.35 872
12.3667 872
12.3833 873
12.4 873
12.4167 873
12.4333 873
12.45 873
12.4667 874
12.4833 874
12.5 874
12.5167 874
12.5333 874
12.55 874
12.5667 874
12.5833 874
12.6 874
12.6167 874
12.6333 874
12.65 874
12.6667 874
12.6833 873
12.7 873
12.7167 873
12.7333 873
12.75 873
12.7667 873
12.7833 872
12.8 872
12.8167 872
12.8333 871
12.85 871
12.8667 871
12.8833 870
12.9 870
12.9167 870
12.9333 869
12.95 869
12.9667 868
12.9833 868
13.0 867
13.0167 867
13.0333 866
13.05 866
13.0667 865
13.0833 864
13.1 864
13.1167 863
13.1333 862
13.15 862
13.1667 861
13.1833 860
13.2 859
13.2167 859
13.2333 858
13.25 857
13.2667 856
13.2833 855
13.3 855
13.3167 854
13.3333 853
13.35 852
13.3667 851
13.3833 850
13.4 849
13.4167 848
13.4333 847
13.45 846
13.4667 845
13.4833 844
13.5 843
13.5167 841
13.5333 840
13.55 839
13.5667 838
13.5833 837
13.6 835
13.6167 834
13.6333 833
13.65 832
13.6667 830
13.6833 829
13.7 828
13.7167 826
13.7333 825
13.75 824
13.7667 822
13.7833 821
13.8 819
13.8167 818
13.8333 816
13.85 815
13.8667 813
13.8833 812
13.9 810
13.9167 809
13.9333 807
13.95 805
13.9667 804
13.9833 802
14.0 800
14.0167 799
14.0333 797
14.05 795
14.0667 793
14.0833 792
14.1 790
14.1167 788
14.1333 786
14.15 784
14.1667 783
14.1833 781
14.2 779
14.2167 777
14.2333 775
14.25 773
14.2667 771
14.2833 769
14.3 767
14.3167 765
14.3333 763
14.35 761
14.3667 759
14.3833 757
14.4 755
14.4167 753
14.4333 750
14.45 748
14.4667 746
14.4833 744
14.5 742
14.5167 739
14.5333 737
14.55 735
14.5667 733
14.5833 730
14.6 728
14.6167 726
14.6333 723
14.65 721
14.6667 719
14.6833 716
14.7 714
14.7167 711
14.7333 709
14.75 706
14.7667 704
14.7833 701
14.8 699
14.8167 696
14.8333 694
14.85 691
14.8667 689
14.8833 686
14.9 684
14.9167 681
14.9333 678
14.95 676
14.9667 673
14.9833 670
15.0 667
15.0167 664
15.0333 661
15.05 658
15.0667 656
15.0833 653
15.1 650
15.1167 647
15.1333 645
15.15 642
15.1667 639
15.1833 636
15.2 633
15.2167 630
15.2333 627
15.25 624
15.2667 622
15.2833 619
15.3 616
15.3167 613
15.3333 610
15.35 607
15.3667 604
15.3833 601
15.4 598
15.4167 595
15.4333 592
15.45 588
15.4667 585
15.4833 582
15.5 579
15.5167 576
15.5333 573
15.55 570
15.5667 567
15.5833 563
15.6 560
15.6167 557
15.6333 554
15.65 551
15.6667 547
15.6833 544
15.7 541
15.7167 538
15.7333 534
15.75 531
15.7667 528
15.7833 525
15.8 521
15.8167 518
15.8333 515
15.85 511
15.8667 508
15.8833 505
15.9 501
15.9167 498
15.9333 494
15.95 491
15.9667 488
15.9833 484
16.0 481
16.0167 477
16.0333 474
16.05 470
16.0667 467
16.0833 463
16.1 460
16.1167 456
16.1333 453
16.15 449
16.1667 446
16.1833 442
16.2 439
16.2167 435
16.2333 432
16.25 428
16.2667 425
16.2833 421
16.3 418
16.3167 414
16.3333 410
16.35 407
16.3667 403
16.3833 400
16.4 396
16.4167 392
16.4333 389
16.45 385
16.4667 382
16.4833 378
16.5 374
16.5167 371
16.5333 367
16.55 364
16.5667 360
16.5833 356
16.6 353
16.6167 349
16.6333 345
16.65 342
16.6667 338
16.6833 334
16.7 331
16.7167 327
16.7333 323
16.75 320
16.7667 316
16.7833 312
16.8 309
16.8167 305
16.8333 301
16.85 298
16.8667 294
16.8833 290
16.9 287
16.9167 283
16.9333 279
16.95 276
16.9667 272
16.9833 268
