8.0 258
8.0167 262
8.0333 265
8.05 269
8.0667 273
8.0833 277
8.1 281
8.1167 284
8.1333 288
8.15 292
8.1667 296
8.1833 299
8.2 303
8.2167 307
8.2333 311
8.25 315
8.2667 318
8.2833 322
8.3 326
8.3167 330
8.3333 333
8.35 337
8.3667 341
8.3833 345
8.4 349
8.4167 352
8.4333 356
8.45 360
8.4667 364
8.4833 367
8.5 371
8.5167 375
8.5333 379
8.55 382
8.5667 386
8.5833 390
8.6 394
8.6167 397
8.6333 401
8.65 405
8.6667 409
8.6833 412
8.7 416
8.7167 420
8.7333 423
8.75 427
8.7667 431
8.7833 434
8.8 438
8.8167 442
8.8333 445
8.85 449
8.8667 453
8.8833 456
8.9 460
8.9167 464
8.9333 467
8.95 471
8.9667 474
8.9833 478
9.0 482
9.0167 485
9.0333 488
9.05 492
9.0667 495
9.0833 499
9.1 503
9.1167 506
9.1333 510
9.15 513
9.1667 517
9.1833 520
9.2 524
9.2167 527
9.2333 530
9.25 534
9.2667 537
9.2833 541
9.3 544
9.3167 548
9.3333 551
9.35 554
9.3667 558
9.3833 561
9.4 564
9.4167 568
9.4333 571
9.45 574
9.4667 578
9.4833 581
9.5 584
9.5167 588
9.5333 591
9.55 594
9.5667 597
9.5833 601
9.6 604
9.6167 607
9.6333 610
9.65 613
9.6667 616
9.6833 620
9.7 623
9.7167 626
9.7333 629
9.75 632
9.7667 635
9.7833 638
9.8 641
9.8167 644
9.8333 647
9.85 650
9.8667 653
9.8833 656
9.9 659
9.9167 662
9.9333 665
9.95 668
9.9667 671
9.9833 674
10.0 677
10.0167 680
10.0333 683
10.05 685
10.0667 688
10.0833 691
10.1 694
10.1167 697
10.1333 699
10.15 702
10.1667 705
10.1833 708
10.2 710
10.2167 713
10.2333 716
10.25 718
10.2667 721
10.2833 724
10.3 726
10.3167 729
10.3333 731
10.35 734
10.3667 737
10.3833 739
10.4 742
10.4167 744
10.4333 747
10.45 749
10.4667 752
10.4833 754
10.5 756
10.5167 759
10.5333 761
10.55 764
10.5667 766
10.5833 768
10.6 771
10.6167 773
10.6333 775
10.65 777
10.6667 780
10.6833 782
10.7 784
10.7167 786
10.7333 789
10.75 791
10.7667 793
10.7833 795
10.8 797
10.8167 799
10.8333 801
10.85 803
10.8667 805
10.8833 807
10.9 809
10.9167 811
10.9333 813
10.95 815
10.9667 817
10.9833 819
11.0 821
11.0167 823
11.0333 825
11.05 827
11.0667 829
11.0833 830
11.1 832
11.1167 834
11.1333 836
11.15 837
11.1667 839
11.1833 841
11.2 843
11.2167 844
11.2333 846
11.25 847
11.2667 849
11.2833 851
11.3 852
11.3167 854
11.3333 855
11.35 857
11.3667 858
11.3833 860
11.4 861
11.4167 863
11.4333 864
11.45 866
11.4667 867
11.4833 868
11.5 870
11.5167 871
11.5333 872
11.55 874
11.5667 875
11.5833 876
11.6 877
11.6167 878
11.6333 880
11.65 881
11.6667 882
11.6833 883
11.7 884
11.7167 885
11.7333 886
11.75 887
11.7667 888
11.7833 889
11.8 890
11.8167 891
11.8333 892
11.85 893
11.8667 894
11.8833 895
11.9 896
11.9167 897
11.9333 898
11.95 898
11.9667 899
11.9833 900
12.0 901
12.0167 901
12.0333 902
12.05 903
12.0667 904
12.0833 904
12.1 905
12.1167 905
12.1333 906
12.15 907
12.1667 907
12.1833 908
12.2 908
12.2167 909
12.2333 909
12.25 910
12.2667 910
12.2833 910
12.3 911
12.3167 911
12.3333 912
12.35 912
12.3667 912
12.3833 912
12.4 913
12.4167 913
12.4333 913
12.45 913
12.4667 914
12.4833 914
12.5 914
12.5167 914
12.5333 914
12.55 914
12.5667 914
12.5833 914
12.6 914
12.6167 914
12.6333 914
12.65 914
12.6667 914
12.6833 914
12.7 914
12.7167 914
12.7333 914
12.75 914
12.7667 913
12.7833 913
12.8 913
12.8167 913
12.8333 913
12.85 912
12.8667 912
12.8833 912
12.9 911
12.9167 911
12.9333 911
12.95 910
12.9667 910
12.9833 909
13.0 909
13.0167 908
13.0333 908
13.05 907
13.0667 907
13.0833 906
13.1 906
13.1167 905
13.1333 904
13.15 904
13.1667 903
13.1833 902
13.2 902
13.2167 901
13.2333 900
13.25 899
13.2667 899
13.2833 898
13.3 897
13.3167 896
13.3333 895
13.35 894
13.3667 894
13.3833 893
13.4 892
13.4167 891
13.4333 890
13.45 889
13.4667 888
13.4833 887
13.5 886
13.5167 885
13.5333 883
13.55 882
13.5667 881
13.5833 880
13.6 879
13.6167 878
13.6333 876
13.65 875
13.6667 874
13.6833 873
13.7 871
13.7167 870
13.7333 869
13.75 867
13.7667 866
13.7833 865
13.8 863
13.8167 862
13.8333 860
13.85 859
13.8667 857
13.8833 856
13.9 854
13.9167 853
13.9333 851
13.95 850
13.9667 848
13.9833 846
14.0 845
14.0167 843
14.0333 841
14.05 840
14.0667 838
14.0833 836
14.1 834
14.1167 833
14.1333 831
14.15 829
14.1667 827
14.1833 825
14.2 824
14.2167 822
14.2333 820
14.25 818
14.2667 816
14.2833 814
14.3 812
14.3167 810
14.3333 808
14.35 806
14.3667 804
14.3833 802
14.4 800
14.4167 798
14.4333 796
14.45 794
14.4667 791
14.4833 789
14.5 787
14.5167 785
14.5333 783
14.55 780
14.5667 778
14.5833 776
14.6 774
14.6167 771
14.6333 769
14.65 767
14.6667 764
14.6833 762
14.7 760
14.7167 757
14.7333 755
14.75 752
14.7667 750
14.7833 747
14.8 745
14.8167 742
14.8333 740
14.85 737
14.8667 735
14.8833 732
14.9 730
14.9167 727
14.9333 724
14.95 722
14.9667 719
14.9833 716
15.0 713
15.0167 710
15.0333 707
15.05 705
15.0667 702
15.0833 699
15.1 697
15.1167 694
15.1333 691
15.15 688
15.1667 685
15.1833 682
15.2 680
15.2167 677
15.2333 674
15.25 671
15.2667 668
15.2833 665
15.3 662
15.3167 659
15.3333 656
15.35 653
15.3667 650
15.3833 647
15.4 644
15.4167 641
15.4333 638
15.45 635
15.4667 632
15.4833 629
15.5 626
15.5167 623
15.5333 620
15.55 616
15.5667 613
15.5833 610
15.6 607
15.6167 604
15.6333 600
15.65 597
15.6667 594
15.6833 591
15.7 588
15.7167 584
15.7333 581
15.75 578
15.7667 574
15.7833 571
15.8 568
15.8167 564
15.8333 561
15.85 558
15.8667 554
15.8833 551
15.9 548
15.9167 544
15.9333 541
15.95 537
15.9667 534
15.9833 530
16.0 527
16.0167 524
16.0333 520
16.05 517
16.0667 513
16.0833 510
16.1 506
16.1167 503
16.1333 499
16.15 495
16.1667 492
16.1833 488
16.2 485
16.2167 481
16.2333 478
16.25 474
16.2667 470
16.2833 467
16.3 463
16.3167 460
16.3333 456
16.35 452
16.3667 449
16.3833 445
16.4 441
16.4167 438
16.4333 434
16.45 430
16.4667 427
16.4833 423
16.5 419
16.5167 416
16.5333 412
16.55 408
16.5667 404
16.5833 401
16.6 397
16.6167 393
16.6333 390
16.65 386
16.6667 382
16.6833 378
16.7 375
16.7167 371
16.7333 367
16.75 363
16.7667 360
16.7833 356
16.8 352
16.8167 348
16.8333 344
16.85 341
16.8667 337
16.8833 333
16.9 329
16.9167 326
16.9333 322
16.95 318
16.9667 314
16.9833 310
