8.0 200
8.0167 203
8.0333 206
8.05 210
8.0667 213
8.0833 216
8.1 220
8.1167 223
8.1333 226
8.15 229
8.1667 233
8.1833 236
8.2 239
8.2167 243
8.2333 246
8.25 249
8.2667 253
8.2833 256
8.3 259
8.3167 263
8.3333 266
8.35 270
8.3667 273
8.3833 276
8.4 280
8.4167 283
8.4333 286
8.45 290
8.4667 293
8.4833 296
8.5 300
8.5167 303
8.5333 307
8.55 310
8.5667 313
8.5833 317
8.6 320
8.6167 324
8.6333 327
8.65 330
8.6667 334
8.6833 337
8.7 340
8.7167 344
8.7333 347
8.75 351
8.7667 354
8.7833 357
8.8 361
8.8167 364
8.8333 367
8.85 371
8.8667 374
8.8833 377
8.9 381
8.9167 384
8.9333 387
8.95 391
8.9667 394
8.9833 397
9.0 401
9.0167 403
9.0333 407
9.05 410
9.0667 413
9.0833 416
9.1 420
9.1167 423
9.1333 426
9.15 430
9.1667 433
9.1833 436
9.2 439
9.2167 442
9.2333 446
9.25 449
9.2667 452
9.2833 455
9.3 458
9.3167 462
9.3333 465
9.35 468
9.3667 471
9.3833 474
9.4 477
9.4167 480
9.4333 483
9.45 486
9.4667 490
9.4833 493
9.5 496
9.5167 499
9.5333 502
9.55 505
9.5667 508
9.5833 511
9.6 514
9.6167 517
9.6333 520
9.65 523
9.6667 526
9.6833 529
9.7 532
9.7167 535
9.7333 537
9.75 540
9.7667 543
9.7833 546
9.8 549
9.8167 552
9.8333 555
9.85 557
9.8667 560
9.8833 563
9.9 566
9.9167 569
9.9333 571
9.95 574
9.9667 577
9.9833 580
10.0 582
10.0167 585
10.0333 588
10.05 590
10.0667 593
10.0833 596
10.1 598
10.1167 601
10.1333 603
10.15 606
10.1667 609
10.1833 611
10.2 614
10.2167 616
10.2333 619
10.25 621
10.2667 624
10.2833 626
10.3 629
10.3167 631
10.3333 634
10.35 636
10.3667 638
10.3833 641
10.4 643
10.4167 645
10.4333 648
10.45 650
10.4667 652
10.4833 655
10.5 657
10.5167 659
10.5333 661
10.55 664
10.5667 666
10.5833 668
10.6 670
10.6167 672
10.6333 675
10.65 677
10.6667 679
10.6833 681
10.7 683
10.7167 685
10.7333 687
10.75 689
10.7667 691
10.7833 693
10.8 695
10.8167 697
10.8333 699
10.85 701
10.8667 703
10.8833 705
10.9 707
10.9167 709
10.9333 710
10.95 712
10.9667 714
10.9833 716
11.0 718
11.0167 719
11.0333 721
11.05 723
11.0667 724
11.0833 726
11.1 728
11.1167 729
11.1333 731
11.15 733
11.1667 734
11.1833 736
11.2 737
11.2167 739
11.2333 741
11.25 742
11.2667 744
11.2833 745
11.3 746
11.3167 748
11.3333 749
11.35 751
11.3667 752
11.3833 753
11.4 755
11.4167 756
11.4333 757
11.45 759
11.4667 760
11.4833 761
11.5 762
11.5167 764
11.5333 765
11.55 766
11.5667 767
11.5833 768
11.6 769
11.6167 771
11.6333 772
11.65 773
11.6667 774
11.6833 775
11.7 776
11.7167 777
11.7333 778
11.75 779
11.7667 780
11.7833 780
11.8 781
11.8167 782
11.8333 783
11.85 784
11.8667 785
11.8833 785
11.9 786
11.9167 787
11.9333 788
11.95 788
11.9667 789
11.9833 790
12.0 790
12.0167 791
12.0333 792
12.05 792
12.0667 793
12.0833 793
12.1 794
12.1167 794
12.1333 795
12.15 795
12.1667 796
12.1833 796
12.2 797
12.2167 797
12.2333 798
12.25 798
12.2667 798
12.2833 799
12.3 799
12.3167 799
12.3333 799
12.35 800
12.3667 800
12.3833 800
12.4 800
12.4167 800
12.4333 801
12.45 801
12.4667 801
12.4833 801
12.5 801
12.5167 801
12.5333 801
12.55 801
12.5667 801
12.5833 801
12.6 801
12.6167 801
12.6333 801
12.65 801
12.6667 801
12.6833 800
12.7 800
12.7167 800
12.7333 800
12.75 800
12.7667 799
12.7833 799
12.8 799
12.8167 798
12.8333 798
12.85 798
12.8667 797
12.8833 797
12.9 797
12.9167 796
12.9333 796
12.95 795
12.9667 795
12.9833 794
13.0 794
13.0167 793
13.0333 793
13.05 792
13.0667 791
13.0833 791
13.1 790
13.1167 789
13.1333 789
13.15 788
13.1667 787
13.1833 787
13.2 786
13.2167 785
13.2333 784
13.25 783
13.2667 783
13.2833 782
13.3 781
13.3167 780
13.3333 779
13.35 778
13.3667 777
13.3833 776
13.4 775
13.4167 774
13.4333 773
13.45 772
13.4667 771
13.4833 770
13.5 769
13.5167 768
13.5333 767
13.55 765
13.5667 764
13.5833 763
13.6 762
13.6167 761
13.6333 759
13.65 758
13.6667 757
13.6833 755
13.7 754
13.7167 753
13.7333 751
13.75 750
13.7667 749
13.7833 747
13.8 746
13.8167 744
13.8333 743
13.85 741
13.8667 740
13.8833 738
13.9 737
13.9167 735
13.9333 734
13.95 732
13.9667 730
13.9833 729
14.0 727
14.0167 725
14.0333 724
14.05 722
14.0667 720
14.0833 718
14.1 717
14.1167 715
14.1333 713
14.15 711
14.1667 709
14.1833 708
14.2 706
14.2167 704
14.2333 702
14.25 700
14.2667 698
14.2833 696
14.3 694
14.3167 692
14.3333 690
14.35 688
14.3667 686
14.3833 684
14.4 682
14.4167 680
14.4333 678
14.45 676
14.4667 674
14.4833 671
14.5 669
14.5167 667
14.5333 665
14.55 663
14.5667 660
14.5833 658
14.6 656
14.6167 654
14.6333 651
14.65 649
14.6667 647
14.6833 644
14.7 642
14.7167 640
14.7333 637
14.75 635
14.7667 632
14.7833 630
14.8 627
14.8167 625
14.8333 623
14.85 620
14.8667 618
14.8833 615
14.9 612
14.9167 610
14.9333 607
14.95 605
14.9667 602
14.9833 600
15.0 596
15.0167 593
15.0333 591
15.05 588
15.0667 585
15.0833 583
15.1 580
15.1167 577
15.1333 575
15.15 572
15.1667 569
15.1833 566
15.2 563
15.2167 561
15.2333 558
15.25 555
15.2667 552
15.2833 549
15.3 547
15.3167 544
15.3333 541
15.35 538
15.3667 535
15.3833 532
15.4 529
15.4167 526
15.4333 523
15.45 520
15.4667 517
15.4833 514
15.5 511
15.5167 508
15.5333 505
15.55 502
15.5667 499
15.5833 496
15.6 493
15.6167 490
15.6333 487
15.65 484
15.6667 481
15.6833 478
15.7 475
15.7167 472
15.7333 468
15.75 465
15.7667 462
15.7833 459
15.8 456
15.8167 453
15.8333 449
15.85 446
15.8667 443
15.8833 440
15.9 437
15.9167 433
15.9333 430
15.95 427
15.9667 424
15.9833 420
16.0 417
16.0167 414
16.0333 411
16.05 407
16.0667 404
16.0833 401
16.1 397
16.1167 394
16.1333 391
16.15 388
16.1667 384
16.1833 381
16.2 378
16.2167 374
16.2333 371
16.25 368
16.2667 364
16.2833 361
16.3 358
16.3167 354
16.3333 351
16.35 347
16.3667 344
16.3833 341
16.4 337
16.4167 334
16.4333 331
16.45 327
16.4667 324
16.4833 320
16.5 317
16.5167 314
16.5333 310
16.55 307
16.5667 304
16.5833 300
16.6 297
16.6167 293
16.6333 290
16.65 287
16.6667 283
16.6833 280
16.7 277
16.7167 273
16.7333 270
16.75 266
16.7667 263
16.7833 260
16.8 256
16.8167 253
16.8333 250
16.85 246
16.8667 243
16.8833 240
16.9 236
16.9167 233
16.9333 230
16.95 227
16.9667 223
16.9833 220
