8.0 231
8.0167 235
8.0333 239
8.05 243
8.0667 247
8.0833 250
8.1 254
8.1167 258
8.1333 262
8.15 266
8.1667 270
8.1833 274
8.2 278
8.2167 281
8.2333 285
8.25 289
8.2667 293
8.2833 297
8.3 301
8.3167 305
8.3333 308
8.35 312
8.3667 316
8.3833 320
8.4 324
8.4167 328
8.4333 331
8.45 335
8.4667 339
8.4833 343
8.5 347
8.5167 350
8.5333 354
8.55 358
8.5667 362
8.5833 365
8.6 369
8.6167 373
8.6333 377
8.65 380
8.6667 384
8.6833 388
8.7 392
8.7167 395
8.7333 399
8.75 403
8.7667 406
8.7833 410
8.8 414
8.8167 417
8.8333 421
8.85 425
8.8667 428
8.8833 432
8.9 435
8.9167 439
8.9333 443
8.95 446
8.9667 450
8.9833 453
9.0 457
9.0167 460
9.0333 463
9.05 467
9.0667 470
9.0833 474
9.1 477
9.1167 481
9.1333 484
9.15 488
9.1667 491
9.1833 494
9.2 498
9.2167 501
9.2333 505
9.25 508
9.2667 511
9.2833 515
9.3 518
9.3167 521
9.3333 525
9.35 528
9.3667 531
9.3833 535
9.4 538
9.4167 541
9.4333 544
9.45 548
9.4667 551
9.4833 554
9.5 557
9.5167 560
9.5333 563
9.55 567
9.5667 570
9.5833 573
9.6 576
9.6167 579
9.6333 582
9.65 585
9.6667 588
9.6833 591
9.7 594
9.7167 597
9.7333 600
9.75 603
9.7667 606
9.7833 609
9.8 612
9.8167 615
9.8333 618
9.85 621
9.8667 624
9.8833 627
9.9 629
9.9167 632
9.9333 635
9.95 638
9.9667 641
9.9833 643
10.0 646
10.0167 649
10.0333 652
10.05 654
10.0667 657
10.0833 660
10.1 662
10.1167 665
10.1333 668
10.15 670
10.1667 673
10.1833 675
10.2 678
10.2167 681
10.2333 683
10.25 686
10.2667 688
10.2833 691
10.3 693
10.3167 695
10.3333 698
10.35 700
10.3667 703
10.3833 705
10.4 707
10.4167 710
10.4333 712
10.45 714
10.4667 717
10.4833 719
10.5 721
10.5167 723
10.5333 726
10.55 728
10.5667 730
10.5833 732
10.6 734
10.6167 736
10.6333 739
10.65 741
10.6667 743
10.6833 745
10.7 747
10.7167 749
10.7333 751
10.75 753
10.7667 755
10.7833 757
10.8 759
10.8167 761
10.8333 763
10.85 764
10.8667 766
10.8833 768
10.9 770
10.9167 772
10.9333 773
10.95 775
10.9667 777
10.9833 779
11.0 780
11.0167 782
11.0333 784
11.05 785
11.0667 787
11.0833 789
11.1 790
11.1167 792
11.1333 793
11.15 795
11.1667 796
11.1833 798
11.2 799
11.2167 801
11.2333 802
11.25 804
11.2667 805
11.2833 807
11.3 808
11.3167 809
11.3333 811
11.35 812
11.3667 813
11.3833 814
11.4 816
11.4167 817
11.4333 818
11.45 819
11.4667 820
11.4833 822
11.5 823
11.5167 824
11.5333 825
11.55 826
11.5667 827
11.5833 828
11.6 829
11.6167 830
11.6333 831
11.65 832
11.6667 833
11.6833 834
11.7 835
11.7167 836
11.7333 836
11.75 837
11.7667 838
11.7833 839
11.8 840
11.8167 840
11.8333 841
11.85 842
11.8667 843
11.8833 843
11.9 844
11.9167 844
11.9333 845
11.95 846
11.9667 846
11.9833 847
12.0 847
12.0167 848
12.0333 848
12.05 849
12.0667 849
12.0833 850
12.1 850
12.1167 850
12.1333 851
12.15 851
12.1667 851
12.1833 852
12.2 852
12.2167 852
12.2333 853
12.25 853
12.2667 853
12.2833 853
12.3 853
12.3167 853
12.3333 854
12.35 854
12.3667 854
12.3833 854
12.4 854
12.4167 854
12.4333 854
12.45 854
12.4667 854
12.4833 854
12.5 854
12.5167 853
12.5333 853
12.55 853
12.5667 853
12.5833 853
12.6 853
12.6167 852
12.6333 852
12.65 852
12.6667 852
12.6833 851
12.7 851
12.7167 851
12.7333 850
12.75 850
12.7667 849
12.7833 849
12.8 849
12.8167 848
12.8333 848
12.85 847
12.8667 846
12.8833 846
12.9 845
12.9167 845
12.9333 844
12.95 844
12.9667 843
12.9833 842
13.0 841
13.0167 841
13.0333 840
13.05 839
13.0667 838
13.0833 838
13.1 837
13.1167 836
13.1333 835
13.15 834
13.1667 833
13.1833 832
13.2 832
13.2167 831
13.2333 830
13.25 829
13.2667 828
13.2833 827
13.3 825
13.3167 824
13.3333 823
13.35 822
13.3667 821
13.3833 820
13.4 819
13.4167 817
13.4333 816
13.45 815
13.4667 814
13.4833 813
13.5 811
13.5167 810
13.5333 809
13.55 807
13.5667 806
13.5833 804
13.6 803
13.6167 802
13.6333 800
13.65 799
13.6667 797
13.6833 796
13.7 794
13.7167 793
13.7333 791
13.75 789
13.7667 788
13.7833 786
13.8 785
13.8167 783
13.8333 781
13.85 780
13.8667 778
13.8833 776
13.9 774
13.9167 773
13.9333 771
13.95 769
13.9667 767
13.9833 765
14.0 763
14.0167 761
14.0333 760
14.05 758
14.0667 756
14.0833 754
14.1 752
14.1167 750
14.1333 748
14.15 746
14.1667 744
14.1833 742
14.2 740
14.2167 737
14.2333 735
14.25 733
14.2667 731
14.2833 729
14.3 727
14.3167 724
14.3333 722
14.35 720
14.3667 718
14.3833 715
14.4 713
14.4167 711
14.4333 708
14.45 706
14.4667 704
14.4833 701
14.5 699
14.5167 697
14.5333 694
14.55 692
14.5667 689
14.5833 687
14.6 684
14.6167 682
14.6333 679
14.65 677
14.6667 674
14.6833 671
14.7 669
14.7167 666
14.7333 664
14.75 661
14.7667 658
14.7833 656
14.8 653
14.8167 650
14.8333 647
14.85 645
14.8667 642
14.8833 639
14.9 636
14.9167 634
14.9333 631
14.95 628
14.9667 625
14.9833 622
15.0 618
15.0167 615
15.0333 613
15.05 610
15.0667 607
15.0833 604
15.1 601
15.1167 598
15.1333 595
15.15 592
15.1667 589
15.1833 586
15.2 583
15.2167 580
15.2333 576
15.25 573
15.2667 570
15.2833 567
15.3 564
15.3167 561
15.3333 558
15.35 554
15.3667 551
15.3833 548
15.4 545
15.4167 542
15.4333 538
15.45 535
15.4667 532
15.4833 529
15.5 525
15.5167 522
15.5333 519
15.55 515
15.5667 512
15.5833 509
15.6 505
15.6167 502
15.6333 498
15.65 495
15.6667 492
15.6833 488
15.7 485
15.7167 481
15.7333 478
15.75 474
15.7667 471
15.7833 467
15.8 464
15.8167 460
15.8333 457
15.85 453
15.8667 450
15.8833 446
15.9 443
15.9167 439
15.9333 435
15.95 432
15.9667 428
15.9833 425
16.0 421
16.0167 417
16.0333 414
16.05 410
16.0667 406
16.0833 403
16.1 399
16.1167 395
16.1333 392
16.15 388
16.1667 384
16.1833 380
16.2 377
16.2167 373
16.2333 369
16.25 366
16.2667 362
16.2833 358
16.3 354
16.3167 350
16.3333 347
16.35 343
16.3667 339
16.3833 335
16.4 331
16.4167 328
16.4333 324
16.45 320
16.4667 316
16.4833 312
16.5 309
16.5167 305
16.5333 301
16.55 297
16.5667 293
16.5833 289
16.6 285
16.6167 282
16.6333 278
16.65 274
16.6667 270
16.6833 266
16.7 262
16.7167 258
16.7333 254
16.75 251
16.7667 247
16.7833 243
16.8 239
16.8167 235
16.8333 231
16.85 227
16.8667 223
16.8833 220
16.9 216
16.9167 212
16.9333 208
16.95 204
16.9667 200
16.9833 196
