8.0 229
8.0167 232
8.0333 236
8.05 240
8.0667 243
8.0833 247
8.1 251
8.1167 254
8.1333 258
8.15 262
8.1667 266
8.1833 269
8.2 273
8.2167 277
8.2333 280
8.25 284
8.2667 288
8.2833 291
8.3 295
8.3167 299
8.3333 303
8.35 306
8.3667 310
8.3833 314
8.4 317
8.4167 321
8.4333 325
8.45 328
8.4667 332
8.4833 336
8.5 340
8.5167 343
8.5333 347
8.55 351
8.5667 354
8.5833 358
8.6 362
8.6167 365
8.6333 369
8.65 373
8.6667 376
8.6833 380
8.7 384
8.7167 387
8.7333 391
8.75 394
8.7667 398
8.7833 402
8.8 405
8.8167 409
8.8333 412
8.85 416
8.8667 420
8.8833 423
8.9 427
8.9167 430
8.9333 434
8.95 437
8.9667 441
8.9833 444
9.0 448
9.0167 451
9.0333 454
9.05 458
9.0667 461
9.0833 465
9.1 468
9.1167 472
9.1333 475
9.15 479
9.1667 482
9.1833 485
9.2 489
9.2167 492
9.2333 496
9.25 499
9.2667 502
9.2833 506
9.3 509
9.3167 512
9.3333 516
9.35 519
9.3667 522
9.3833 525
9.4 529
9.4167 532
9.4333 535
9.45 539
9.4667 542
9.4833 545
9.5 548
9.5167 551
9.5333 555
9.55 558
9.5667 561
9.5833 564
9.6 567
9.6167 570
9.6333 573
9.65 576
9.6667 579
9.6833 583
9.7 586
9.7167 589
9.7333 592
9.75 595
9.7667 598
9.7833 601
9.8 604
9.8167 607
9.8333 610
9.85 612
9.8667 615
9.8833 618
9.9 621
9.9167 624
9.9333 627
9.95 630
9.9667 633
9.9833 635
10.0 638
10.0167 641
10.0333 644
10.05 646
10.0667 649
10.0833 652
10.1 655
10.1167 657
10.1333 660
10.15 663
10.1667 665
10.1833 668
10.2 670
10.2167 673
10.2333 676
10.25 678
10.2667 681
10.2833 683
10.3 686
10.3167 688
10.3333 691
10.35 693
10.3667 696
10.3833 698
10.4 701
10.4167 703
10.4333 705
10.45 708
10.4667 710
10.4833 712
10.5 715
10.5167 717
10.5333 719
10.55 722
10.5667 724
10.5833 726
10.6 728
10.6167 731
10.6333 733
10.65 735
10.6667 737
10.6833 739
10.7 741
10.7167 743
10.7333 745
10.75 747
10.7667 749
10.7833 752
10.8 754
10.8167 756
10.8333 757
10.85 759
10.8667 761
10.8833 763
10.9 765
10.9167 767
10.9333 769
10.95 771
10.9667 773
10.9833 774
11.0 776
11.0167 778
11.0333 780
11.05 781
11.0667 783
11.0833 785
11.1 787
11.1167 788
11.1333 790
11.15 791
11.1667 793
11.1833 795
11.2 796
11.2167 798
11.2333 799
11.25 801
11.2667 802
11.2833 804
11.3 805
11.3167 807
11.3333 808
11.35 809
11.3667 811
11.3833 812
11.4 813
11.4167 815
11.4333 816
11.45 817
11.4667 819
11.4833 820
11.5 821
11.5167 822
11.5333 823
11.55 825
11.5667 826
11.5833 827
11.6 828
11.6167 829
11.6333 830
11.65 831
11.6667 832
11.6833 833
11.7 834
11.7167 835
11.7333 836
11.75 837
11.7667 838
11.7833 839
11.8 839
11.8167 840
11.8333 841
11.85 842
11.8667 843
11.8833 843
11.9 844
11.9167 845
11.9333 846
11.95 846
11.9667 847
11.9833 848
12.0 848
12.0167 849
12.0333 849
12.05 850
12.0667 851
12.0833 851
12.1 852
12.1167 852
12.1333 852
12.15 853
12.1667 853
12.1833 854
12.2 854
12.2167 854
12.2333 855
12.25 855
12.2667 855
12.2833 856
12.3 856
12.3167 856
12.3333 856
12.35 857
12.3667 857
12.3833 857
12.4 857
12.4167 857
12.4333 857
12.45 857
12.4667 857
12.4833 857
12.5 857
12.5167 857
12.5333 857
12.55 857
12.5667 857
12.5833 857
12.6 857
12.6167 857
12.6333 857
12.65 856
12.6667 856
12.6833 856
12.7 856
12.7167 856
12.7333 855
12.75 855
12.7667 855
12.7833 854
12.8 854
12.8167 854
12.8333 853
12.85 853
12.8667 852
12.8833 852
12.9 851
12.9167 851
12.9333 850
12.95 850
12.9667 849
12.9833 849
13.0 848
13.0167 847
13.0333 847
13.05 846
13.0667 845
13.0833 845
13.1 844
13.1167 843
13.1333 842
13.15 842
13.1667 841
13.1833 840
13.2 839
13.2167 838
13.2333 837
13.25 837
13.2667 836
13.2833 835
13.3 834
13.3167 833
13.3333 832
13.35 831
13.3667 830
13.3833 829
13.4 828
13.4167 826
13.4333 825
13.45 824
13.4667 823
13.4833 822
13.5 821
13.5167 819
13.5333 818
13.55 817
13.5667 816
13.5833 814
13.6 813
13.6167 812
13.6333 810
13.65 809
13.6667 808
13.6833 806
13.7 805
13.7167 803
13.7333 802
13.75 800
13.7667 799
13.7833 797
13.8 796
13.8167 794
13.8333 792
13.85 791
13.8667 789
13.8833 788
13.9 786
13.9167 784
13.9333 783
13.95 781
13.9667 779
13.9833 777
14.0 776
14.0167 774
14.0333 772
14.05 770
14.0667 768
14.0833 766
14.1 765
14.1167 763
14.1333 761
14.15 759
14.1667 757
14.1833 755
14.2 753
14.2167 751
14.2333 749
14.25 747
14.2667 745
14.2833 743
14.3 741
14.3167 738
14.3333 736
14.35 734
14.3667 732
14.3833 730
14.4 728
14.4167 725
14.4333 723
14.45 721
14.4667 719
14.4833 716
14.5 714
14.5167 712
14.5333 709
14.55 707
14.5667 705
14.5833 702
14.6 700
14.6167 697
14.6333 695
14.65 692
14.6667 690
14.6833 687
14.7 685
14.7167 682
14.7333 680
14.75 677
14.7667 675
14.7833 672
14.8 670
14.8167 667
14.8333 664
14.85 662
14.8667 659
14.8833 656
14.9 654
14.9167 651
14.9333 648
14.95 645
14.9667 643
14.9833 640
15.0 636
15.0167 633
15.0333 630
15.05 628
15.0667 625
15.0833 622
15.1 619
15.1167 616
15.1333 613
15.15 610
15.1667 607
15.1833 604
15.2 602
15.2167 599
15.2333 596
15.25 593
15.2667 590
15.2833 587
15.3 583
15.3167 580
15.3333 577
15.35 574
15.3667 571
15.3833 568
15.4 565
15.4167 562
15.4333 559
15.45 556
15.4667 552
15.4833 549
15.5 546
15.5167 543
15.5333 540
15.55 536
15.5667 533
15.5833 530
15.6 527
15.6167 523
15.6333 520
15.65 517
15.6667 513
15.6833 510
15.7 507
15.7167 503
15.7333 500
15.75 497
15.7667 493
15.7833 490
15.8 487
15.8167 483
15.8333 480
15.85 476
15.8667 473
15.8833 469
15.9 466
15.9167 462
15.9333 459
15.95 456
15.9667 452
15.9833 449
16.0 445
16.0167 442
16.0333 438
16.05 434
16.0667 431
16.0833 427
16.1 424
16.1167 420
16.1333 417
16.15 413
16.1667 410
16.1833 406
16.2 402
16.2167 399
16.2333 395
16.25 392
16.2667 388
16.2833 384
16.3 381
16.3167 377
16.3333 373
16.35 370
16.3667 366
16.3833 362
16.4 359
16.4167 355
16.4333 351
16.45 348
16.4667 344
16.4833 340
16.5 337
16.5167 333
16.5333 329
16.55 326
16.5667 322
16.5833 318
16.6 315
16.6167 311
16.6333 307
16.65 303
16.6667 300
16.6833 296
16.7 292
16.7167 289
16.7333 285
16.75 281
16.7667 278
16.7833 274
16.8 270
16.8167 266
16.8333 263
16.85 259
16.8667 255
16.8833 252
16.9 248
16.9167 244
16.9333 241
16.95 237
16.9667 233
16.9833 230
