8.0 218
8.0167 221
8.0333 225
8.05 229
8.0667 232
8.0833 236
8.1 239
8.1167 243
8.1333 247
8.15 250
8.1667 254
8.1833 258
8.2 261
8.2167 265
8.2333 269
8.25 272
8.2667 276
8.2833 280
8.3 283
8.3167 287
8.3333 291
8.35 294
8.3667 298
8.3833 302
8.4 306
8.4167 309
8.4333 313
8.45 317
8.4667 320
8.4833 324
8.5 327
8.5167 331
8.5333 335
8.55 338
8.5667 342
8.5833 346
8.6 349
8.6167 353
8.6333 357
8.65 360
8.6667 364
8.6833 367
8.7 371
8.7167 375
8.7333 378
8.75 382
8.7667 385
8.7833 389
8.8 393
8.8167 396
8.8333 400
8.85 403
8.8667 407
8.8833 410
8.9 414
8.9167 417
8.9333 421
8.95 424
8.9667 428
8.9833 431
9.0 435
9.0167 438
9.0333 441
9.05 445
9.0667 448
9.0833 452
9.1 455
9.1167 458
9.1333 462
9.15 465
9.1667 469
9.1833 472
9.2 475
9.2167 479
9.2333 482
9.25 485
9.2667 489
9.2833 492
9.3 495
9.3167 499
9.3333 502
9.35 505
9.3667 508
9.3833 512
9.4 515
9.4167 518
9.4333 521
9.45 525
9.4667 528
9.4833 531
9.5 534
9.5167 537
9.5333 540
9.55 544
9.5667 547
9.5833 550
9.6 553
9.6167 556
9.6333 559
9.65 562
9.6667 565
9.6833 568
9.7 571
9.7167 574
9.7333 577
9.75 580
9.7667 583
9.7833 586
9.8 589
9.8167 592
9.8333 595
9.85 598
9.8667 601
9.8833 603
9.9 606
9.9167 609
9.9333 612
9.95 615
9.9667 618
9.9833 620
10.0 623
10.0167 626
10.0333 629
10.05 631
10.0667 634
10.0833 637
10.1 639
10.1167 642
10.1333 645
10.15 647
10.1667 650
10.1833 652
10.2 655
10.2167 658
10.2333 660
10.25 663
10.2667 665
10.2833 668
10.3 670
10.3167 673
10.3333 675
10.35 678
10.3667 680
10.3833 682
10.4 685
10.4167 687
10.4333 689
10.45 692
10.4667 694
10.4833 696
10.5 699
10.5167 701
10.5333 703
10.55 705
10.5667 708
10.5833 710
10.6 712
10.6167 714
10.6333 716
10.65 718
10.6667 721
10.6833 723
10.7 725
10.7167 727
10.7333 729
10.75 731
10.7667 733
10.7833 735
10.8 737
10.8167 739
10.8333 741
10.85 743
10.8667 744
10.8833 746
10.9 748
10.9167 750
10.9333 752
10.95 754
10.9667 755
10.9833 757
11.0 759
11.0167 761
11.0333 762
11.05 764
11.0667 766
11.0833 767
11.1 769
11.1167 771
11.1333 772
11.15 774
11.1667 775
11.1833 777
11.2 778
11.2167 780
11.2333 781
11.25 783
11.2667 784
11.2833 786
11.3 787
11.3167 789
11.3333 790
11.35 791
11.3667 793
11.3833 794
11.4 795
11.4167 796
11.4333 798
11.45 799
11.4667 800
11.4833 801
11.5 803
11.5167 804
11.5333 805
11.55 806
11.5667 807
11.5833 808
11.6 809
11.6167 810
11.6333 811
11.65 812
11.6667 813
11.6833 814
11.7 815
11.7167 816
11.7333 817
11.75 818
11.7667 819
11.7833 820
11.8 820
11.8167 821
11.8333 822
11.85 823
11.8667 823
11.8833 824
11.9 825
11.9167 826
11.9333 826
11.95 827
11.9667 827
11.9833 828
12.0 829
12.0167 829
12.0333 830
12.05 830
12.0667 831
12.0833 831
12.1 832
12.1167 832
12.1333 832
12.15 833
12.1667 833
12.1833 834
12.2 834
12.2167 834
12.2333 835
12.25 835
12.2667 835
12.2833 835
12.3 836
12.3167 836
12.3333 836
12.35 836
12.3667 836
12.3833 836
12.4 836
12.4167 836
12.4333 836
12.45 837
12.4667 837
12.4833 837
12.5 836
12.5167 836
12.5333 836
12.55 836
12.5667 836
12.5833 836
12.6 836
12.6167 836
12.6333 835
12.65 835
12.6667 835
12.6833 835
12.7 835
12.7167 834
12.7333 834
12.75 834
12.7667 833
12.7833 833
12.8 832
12.8167 832
12.8333 832
12.85 831
12.8667 831
12.8833 830
12.9 830
12.9167 829
12.9333 828
12.95 828
12.9667 827
12.9833 827
13.0 826
13.0167 825
13.0333 825
13.05 824
13.0667 823
13.0833 823
13.1 822
13.1167 821
13.1333 820
13.15 819
13.1667 818
13.1833 818
13.2 817
13.2167 816
13.2333 815
13.25 814
13.2667 813
13.2833 812
13.3 811
13.3167 810
13.3333 809
13.35 808
13.3667 807
13.3833 806
13.4 805
13.4167 803
13.4333 802
13.45 801
13.4667 800
13.4833 799
13.5 797
13.5167 796
13.5333 795
13.55 794
13.5667 792
13.5833 791
13.6 790
13.6167 788
13.6333 787
13.65 785
13.6667 784
13.6833 783
13.7 781
13.7167 780
13.7333 778
13.75 777
13.7667 775
13.7833 773
13.8 772
13.8167 770
13.8333 769
13.85 767
13.8667 765
13.8833 764
13.9 762
13.9167 760
13.9333 759
13.95 757
13.9667 755
13.9833 753
14.0 751
14.0167 750
14.0333 748
14.05 746
14.0667 744
14.0833 742
14.1 740
14.1167 738
14.1333 736
14.15 734
14.1667 732
14.1833 730
14.2 728
14.2167 726
14.2333 724
14.25 722
14.2667 720
14.2833 718
14.3 716
14.3167 714
14.3333 711
14.35 709
14.3667 707
14.3833 705
14.4 703
14.4167 700
14.4333 698
14.45 696
14.4667 694
14.4833 691
14.5 689
14.5167 687
14.5333 684
14.55 682
14.5667 679
14.5833 677
14.6 675
14.6167 672
14.6333 670
14.65 667
14.6667 665
14.6833 662
14.7 660
14.7167 657
14.7333 654
14.75 652
14.7667 649
14.7833 647
14.8 644
14.8167 641
14.8333 639
14.85 636
14.8667 633
14.8833 631
14.9 628
14.9167 625
14.9333 622
14.95 620
14.9667 617
14.9833 614
15.0 610
15.0167 607
15.0333 605
15.05 602
15.0667 599
15.0833 596
15.1 593
15.1167 590
15.1333 587
15.15 584
15.1667 581
15.1833 578
15.2 575
15.2167 572
15.2333 569
15.25 566
15.2667 563
15.2833 560
15.3 557
15.3167 554
15.3333 551
15.35 548
15.3667 545
15.3833 542
15.4 539
15.4167 535
15.4333 532
15.45 529
15.4667 526
15.4833 523
15.5 520
15.5167 516
15.5333 513
15.55 510
15.5667 507
15.5833 503
15.6 500
15.6167 497
15.6333 494
15.65 490
15.6667 487
15.6833 484
15.7 480
15.7167 477
15.7333 473
15.75 470
15.7667 467
15.7833 463
15.8 460
15.8167 457
15.8333 453
15.85 450
15.8667 446
15.8833 443
15.9 439
15.9167 436
15.9333 432
15.95 429
15.9667 425
15.9833 422
16.0 418
16.0167 415
16.0333 411
16.05 408
16.0667 404
16.0833 401
16.1 397
16.1167 394
16.1333 390
16.15 387
16.1667 383
16.1833 379
16.2 376
16.2167 372
16.2333 369
16.25 365
16.2667 361
16.2833 358
16.3 354
16.3167 350
16.3333 347
16.35 343
16.3667 340
16.3833 336
16.4 332
16.4167 329
16.4333 325
16.45 321
16.4667 318
16.4833 314
16.5 310
16.5167 307
16.5333 303
16.55 299
16.5667 296
16.5833 292
16.6 288
16.6167 285
16.6333 281
16.65 277
16.6667 274
16.6833 270
16.7 266
16.7167 263
16.7333 259
16.75 255
16.7667 252
16.7833 248
16.8 244
16.8167 241
16.8333 237
16.85 233
16.8667 230
16.8833 226
16.9 223
16.9167 219
16.9333 215
16.95 212
16.9667 208
16.9833 205
