8.0 236
8.0167 239
8.0333 243
8.05 247
8.0667 251
8.0833 255
8.1 259
8.1167 262
8.1333 266
8.15 270
8.1667 274
8.1833 278
8.2 281
8.2167 285
8.2333 289
8.25 293
8.2667 297
8.2833 301
8.3 304
8.3167 308
8.3333 312
8.35 316
8.3667 320
8.3833 323
8.4 327
8.4167 331
8.4333 335
8.45 339
8.4667 342
8.4833 346
8.5 350
8.5167 354
8.5333 357
8.55 361
8.5667 365
8.5833 369
8.6 372
8.6167 376
8.6333 380
8.65 384
8.6667 387
8.6833 391
8.7 395
8.7167 399
8.7333 402
8.75 406
8.7667 410
8.7833 413
8.8 417
8.8167 421
8.8333 424
8.85 428
8.8667 431
8.8833 435
8.9 439
8.9167 442
8.9333 446
8.95 450
8.9667 453
8.9833 457
9.0 460
9.0167 463
9.0333 467
9.05 470
9.0667 474
9.0833 477
9.1 481
9.1167 484
9.1333 488
9.15 491
9.1667 495
9.1833 498
9.2 501
9.2167 505
9.2333 508
9.25 512
9.2667 515
9.2833 518
9.3 522
9.3167 525
9.3333 529
9.35 532
9.3667 535
9.3833 538
9.4 542
9.4167 545
9.4333 548
9.45 552
9.4667 555
9.4833 558
9.5 561
9.5167 564
9.5333 568
9.55 571
9.5667 574
9.5833 577
9.6 580
9.6167 583
9.6333 587
9.65 590
9.6667 593
9.6833 596
9.7 599
9.7167 602
9.7333 605
9.75 608
9.7667 611
9.7833 614
9.8 617
9.8167 620
9.8333 623
9.85 626
9.8667 629
9.8833 632
9.9 634
9.9167 637
9.9333 640
9.95 643
9.9667 646
9.9833 649
10.0 651
10.0167 654
10.0333 657
10.05 660
10.0667 662
10.0833 665
10.1 668
10.1167 671
10.1333 673
10.15 676
10.1667 679
10.1833 681
10.2 684
10.2167 686
10.2333 689
10.25 691
10.2667 694
10.2833 697
10.3 699
10.3167 702
10.3333 704
10.35 706
10.3667 709
10.3833 711
10.4 714
10.4167 716
10.4333 718
10.45 721
10.4667 723
10.4833 726
10.5 728
10.5167 730
10.5333 732
10.55 735
10.5667 737
10.5833 739
10.6 741
10.6167 743
10.6333 746
10.65 748
10.6667 750
10.6833 752
10.7 754
10.7167 756
10.7333 758
10.75 760
10.7667 762
10.7833 764
10.8 766
10.8167 768
10.8333 770
10.85 772
10.8667 774
10.8833 776
10.9 778
10.9167 780
10.9333 781
10.95 783
10.9667 785
10.9833 787
11.0 789
11.0167 790
11.0333 792
11.05 794
11.0667 795
11.0833 797
11.1 799
11.1167 800
11.1333 802
11.15 804
11.1667 805
11.1833 807
11.2 808
11.2167 810
11.2333 811
11.25 813
11.2667 814
11.2833 816
11.3 817
11.3167 818
11.3333 820
11.35 821
11.3667 823
11.3833 824
11.4 825
11.4167 826
11.4333 828
11.45 829
11.4667 830
11.4833 831
11.5 833
11.5167 834
11.5333 835
11.55 836
11.5667 837
11.5833 838
11.6 839
11.6167 840
11.6333 841
11.65 842
11.6667 843
11.6833 844
11.7 845
11.7167 846
11.7333 847
11.75 848
11.7667 849
11.7833 850
11.8 850
11.8167 851
11.8333 852
11.85 853
11.8667 853
11.8833 854
11.9 855
11.9167 856
11.9333 856
11.95 857
11.9667 857
11.9833 858
12.0 859
12.0167 859
12.0333 860
12.05 860
12.0667 861
12.0833 861
12.1 862
12.1167 862
12.1333 863
12.15 863
12.1667 863
12.1833 864
12.2 864
12.2167 864
12.2333 865
12.25 865
12.2667 865
12.2833 865
12.3 866
12.3167 866
12.3333 866
12.35 866
12.3667 866
12.3833 866
12.4 866
12.4167 866
12.4333 866
12.45 866
12.4667 866
12.4833 866
12.5 866
12.5167 866
12.5333 866
12.55 866
12.5667 866
12.5833 866
12.6 866
12.6167 866
12.6333 865
12.65 865
12.6667 865
12.6833 865
12.7 864
12.7167 864
12.7333 864
12.75 863
12.7667 863
12.7833 863
12.8 862
12.8167 862
12.8333 861
12.85 861
12.8667 860
12.8833 860
12.9 859
12.9167 859
12.9333 858
12.95 858
12.9667 857
12.9833 856
13.0 856
13.0167 855
13.0333 854
13.05 854
13.0667 853
13.0833 852
13.1 851
13.1167 851
13.1333 850
13.15 849
13.1667 848
13.1833 847
13.2 846
13.2167 845
13.2333 844
13.25 843
13.2667 843
13.2833 842
13.3 841
13.3167 839
13.3333 838
13.35 837
13.3667 836
13.3833 835
13.4 834
13.4167 833
13.4333 832
13.45 830
13.4667 829
13.4833 828
13.5 827
13.5167 825
13.5333 824
13.55 823
13.5667 822
13.5833 820
13.6 819
13.6167 817
13.6333 816
13.65 815
13.6667 813
13.6833 812
13.7 810
13.7167 809
13.7333 807
13.75 806
13.7667 804
13.7833 802
13.8 801
13.8167 799
13.8333 798
13.85 796
13.8667 794
13.8833 793
13.9 791
13.9167 789
13.9333 787
13.95 786
13.9667 784
13.9833 782
14.0 780
14.0167 778
14.0333 776
14.05 775
14.0667 773
14.0833 771
14.1 769
14.1167 767
14.1333 765
14.15 763
14.1667 761
14.1833 759
14.2 757
14.2167 755
14.2333 753
14.25 750
14.2667 748
14.2833 746
14.3 744
14.3167 742
14.3333 740
14.35 737
14.3667 735
14.3833 733
14.4 731
14.4167 728
14.4333 726
14.45 724
14.4667 722
14.4833 719
14.5 717
14.5167 714
14.5333 712
14.55 710
14.5667 707
14.5833 705
14.6 702
14.6167 700
14.6333 697
14.65 695
14.6667 692
14.6833 690
14.7 687
14.7167 684
14.7333 682
14.75 679
14.7667 677
14.7833 674
14.8 671
14.8167 669
14.8333 666
14.85 663
14.8667 661
14.8833 658
14.9 655
14.9167 652
14.9333 649
14.95 647
14.9667 644
14.9833 641
15.0 637
15.0167 634
15.0333 631
15.05 628
15.0667 625
15.0833 623
15.1 620
15.1167 617
15.1333 614
15.15 611
15.1667 608
15.1833 605
15.2 602
15.2167 599
15.2333 596
15.25 593
15.2667 589
15.2833 586
15.3 583
15.3167 580
15.3333 577
15.35 574
15.3667 571
15.3833 567
15.4 564
15.4167 561
15.4333 558
15.45 555
15.4667 551
15.4833 548
15.5 545
15.5167 542
15.5333 538
15.55 535
15.5667 532
15.5833 528
15.6 525
15.6167 522
15.6333 518
15.65 515
15.6667 512
15.6833 508
15.7 505
15.7167 501
15.7333 498
15.75 494
15.7667 491
15.7833 488
15.8 484
15.8167 481
15.8333 477
15.85 474
15.8667 470
15.8833 467
15.9 463
15.9167 459
15.9333 456
15.95 452
15.9667 449
15.9833 445
16.0 442
16.0167 438
16.0333 434
16.05 431
16.0667 427
16.0833 423
16.1 420
16.1167 416
16.1333 413
16.15 409
16.1667 405
16.1833 402
16.2 398
16.2167 394
16.2333 390
16.25 387
16.2667 383
16.2833 379
16.3 376
16.3167 372
16.3333 368
16.35 364
16.3667 361
16.3833 357
16.4 353
16.4167 349
16.4333 346
16.45 342
16.4667 338
16.4833 334
16.5 330
16.5167 327
16.5333 323
16.55 319
16.5667 315
16.5833 311
16.6 308
16.6167 304
16.6333 300
16.65 296
16.6667 292
16.6833 289
16.7 285
16.7167 281
16.7333 277
16.75 273
16.7667 269
16.7833 266
16.8 262
16.8167 258
16.8333 254
16.85 250
16.8667 247
16.8833 243
16.9 239
16.9167 235
16.9333 231
16.95 228
16.9667 224
16.9833 220
