8.0 216
8.0167 220
8.0333 224
8.05 228
8.0667 231
8.0833 235
8.1 239
8.1167 243
8.1333 247
8.15 251
8.1667 254
8.1833 258
8.2 262
8.2167 266
8.2333 270
8.25 273
8.2667 277
8.2833 281
8.3 285
8.3167 289
8.3333 292
8.35 296
8.3667 300
8.3833 304
8.4 308
8.4167 311
8.4333 315
8.45 319
8.4667 323
8.4833 327
8.5 330
8.5167 334
8.5333 338
8.55 342
8.5667 345
8.5833 349
8.6 353
8.6167 356
8.6333 360
8.65 364
8.6667 368
8.6833 371
8.7 375
8.7167 379
8.7333 382
8.75 386
8.7667 390
8.7833 393
8.8 397
8.8167 400
8.8333 404
8.85 408
8.8667 411
8.8833 415
8.9 418
8.9167 422
8.9333 425
8.95 429
8.9667 433
8.9833 436
9.0 440
9.0167 442
9.0333 446
9.05 449
9.0667 453
9.0833 456
9.1 460
9.1167 463
9.1333 466
9.15 470
9.1667 473
9.1833 477
9.2 480
9.2167 483
9.2333 487
9.25 490
9.2667 494
9.2833 497
9.3 500
9.3167 503
9.3333 507
9.35 510
9.3667 513
9.3833 517
9.4 520
9.4167 523
9.4333 526
9.45 529
9.4667 533
9.4833 536
9.5 539
9.5167 542
9.5333 545
9.55 548
9.5667 551
9.5833 555
9.6 558
9.6167 561
9.6333 564
9.65 567
9.6667 570
9.6833 573
9.7 576
9.7167 579
9.7333 582
9.75 585
9.7667 588
9.7833 591
9.8 594
9.8167 596
9.8333 599
9.85 602
9.8667 605
9.8833 608
9.9 611
9.9167 614
9.9333 616
9.95 619
9.9667 622
9.9833 625
10.0 627
10.0167 630
10.0333 633
10.05 635
10.0667 638
10.0833 641
10.1 643
10.1167 646
10.1333 649
10.15 651
10.1667 654
10.1833 656
10.2 659
10.2167 661
10.2333 664
10.25 666
10.2667 669
10.2833 671
10.3 674
10.3167 676
10.3333 679
10.35 681
10.3667 683
10.3833 686
10.4 688
10.4167 690
10.4333 693
10.45 695
10.4667 697
10.4833 699
10.5 702
10.5167 704
10.5333 706
10.55 708
10.5667 710
10.5833 713
10.6 715
10.6167 717
10.6333 719
10.65 721
10.6667 723
10.6833 725
10.7 727
10.7167 729
10.7333 731
10.75 733
10.7667 735
10.7833 737
10.8 739
10.8167 741
10.8333 743
10.85 745
10.8667 746
10.8833 748
10.9 750
10.9167 752
10.9333 754
10.95 755
10.9667 757
10.9833 759
11.0 760
11.0167 762
11.0333 764
11.05 765
11.0667 767
11.0833 769
11.1 770
11.1167 772
11.1333 773
11.15 775
11.1667 776
11.1833 778
11.2 779
11.2167 781
11.2333 782
11.25 784
11.2667 785
11.2833 786
11.3 788
11.3167 789
11.3333 790
11.35 792
11.3667 793
11.3833 794
11.4 795
11.4167 797
11.4333 798
11.45 799
11.4667 800
11.4833 801
11.5 802
11.5167 803
11.5333 805
11.55 806
11.5667 807
11.5833 808
11.6 809
11.6167 810
11.6333 811
11.65 812
11.6667 812
11.6833 813
11.7 814
11.7167 815
11.7333 816
11.75 817
11.7667 818
11.7833 818
11.8 819
11.8167 820
11.8333 821
11.85 821
11.8667 822
11.8833 823
11.9 823
11.9167 824
11.9333 824
11.95 825
11.9667 826
11.9833 826
12.0 827
12.0167 827
12.0333 828
12.05 828
12.0667 828
12.0833 829
12.1 829
12.1167 830
12.1333 830
12.15 830
12.1667 831
12.1833 831
12.2 831
12.2167 831
12.2333 832
12.25 832
12.2667 832
12.2833 832
12.3 832
12.3167 833
12.3333 833
12.35 833
12.3667 833
12.3833 833
12.4 833
12.4167 833
12.4333 833
12.45 833
12.4667 833
12.4833 833
12.5 833
12.5167 833
12.5333 832
12.55 832
12.5667 832
12.5833 832
12.6 832
12.6167 831
12.6333 831
12.65 831
12.6667 831
12.6833 830
12.7 830
12.7167 830
12.7333 829
12.75 829
12.7667 828
12.7833 828
12.8 827
12.8167 827
12.8333 827
12.85 826
12.8667 825
12.8833 825
12.9 824
12.9167 824
12.9333 823
12.95 822
12.9667 822
12.9833 821
13.0 820
13.0167 820
13.0333 819
13.05 818
13.0667 817
13.0833 817
13.1 816
13.1167 815
13.1333 814
13.15 813
13.1667 812
13.1833 811
13.2 810
13.2167 809
13.2333 809
13.25 807
13.2667 806
13.2833 805
13.3 804
13.3167 803
13.3333 802
13.35 801
13.3667 800
13.3833 799
13.4 798
13.4167 796
13.4333 795
13.45 794
13.4667 793
13.4833 791
13.5 790
13.5167 789
13.5333 787
13.55 786
13.5667 785
13.5833 783
13.6 782
13.6167 781
13.6333 779
13.65 778
13.6667 776
13.6833 775
13.7 773
13.7167 772
13.7333 770
13.75 768
13.7667 767
13.7833 765
13.8 764
13.8167 762
13.8333 760
13.85 759
13.8667 757
13.8833 755
13.9 753
13.9167 752
13.9333 750
13.95 748
13.9667 746
13.9833 744
14.0 742
14.0167 741
14.0333 739
14.05 737
14.0667 735
14.0833 733
14.1 731
14.1167 729
14.1333 727
14.15 725
14.1667 723
14.1833 721
14.2 719
14.2167 717
14.2333 714
14.25 712
14.2667 710
14.2833 708
14.3 706
14.3167 704
14.3333 701
14.35 699
14.3667 697
14.3833 695
14.4 692
14.4167 690
14.4333 688
14.45 685
14.4667 683
14.4833 681
14.5 678
14.5167 676
14.5333 673
14.55 671
14.5667 668
14.5833 666
14.6 663
14.6167 661
14.6333 658
14.65 656
14.6667 653
14.6833 651
14.7 648
14.7167 646
14.7333 643
14.75 640
14.7667 638
14.7833 635
14.8 632
14.8167 630
14.8333 627
14.85 624
14.8667 621
14.8833 619
14.9 616
14.9167 613
14.9333 610
14.95 607
14.9667 605
14.9833 602
15.0 598
15.0167 595
15.0333 592
15.05 589
15.0667 586
15.0833 583
15.1 580
15.1167 577
15.1333 574
15.15 571
15.1667 568
15.1833 565
15.2 562
15.2167 559
15.2333 556
15.25 553
15.2667 550
15.2833 547
15.3 544
15.3167 541
15.3333 538
15.35 534
15.3667 531
15.3833 528
15.4 525
15.4167 522
15.4333 518
15.45 515
15.4667 512
15.4833 509
15.5 505
15.5167 502
15.5333 499
15.55 495
15.5667 492
15.5833 489
15.6 485
15.6167 482
15.6333 479
15.65 475
15.6667 472
15.6833 469
15.7 465
15.7167 462
15.7333 458
15.75 455
15.7667 451
15.7833 448
15.8 444
15.8167 441
15.8333 437
15.85 434
15.8667 430
15.8833 427
15.9 423
15.9167 420
15.9333 416
15.95 413
15.9667 409
15.9833 405
16.0 402
16.0167 398
16.0333 395
16.05 391
16.0667 387
16.0833 384
16.1 380
16.1167 376
16.1333 373
16.15 369
16.1667 365
16.1833 362
16.2 358
16.2167 354
16.2333 351
16.25 347
16.2667 343
16.2833 339
16.3 336
16.3167 332
16.3333 328
16.35 324
16.3667 321
16.3833 317
16.4 313
16.4167 309
16.4333 306
16.45 302
16.4667 298
16.4833 294
16.5 290
16.5167 287
16.5333 283
16.55 279
16.5667 275
16.5833 271
16.6 268
16.6167 264
16.6333 260
16.65 256
16.6667 252
16.6833 248
16.7 245
16.7167 241
16.7333 237
16.75 233
16.7667 229
16.7833 225
16.8 222
16.8167 218
16.8333 214
16.85 210
16.8667 206
16.8833 203
16.9 199
16.9167 195
16.9333 191
16.95 187
16.9667 184
16.9833 180
