8.0 258
8.0167 262
8.0333 266
8.05 270
8.0667 274
8.0833 278
8.1 282
8.1167 286
8.1333 290
8.15 293
8.1667 297
8.1833 301
8.2 305
8.2167 309
8.2333 313
8.25 317
8.2667 321
8.2833 325
8.3 329
8.3167 333
8.3333 337
8.35 341
8.3667 344
8.3833 348
8.4 352
8.4167 356
8.4333 360
8.45 364
8.4667 368
8.4833 372
8.5 375
8.5167 379
8.5333 383
8.55 387
8.5667 391
8.5833 395
8.6 399
8.6167 402
8.6333 406
8.65 410
8.6667 414
8.6833 418
8.7 421
8.7167 425
8.7333 429
8.75 433
8.7667 436
8.7833 440
8.8 444
8.8167 448
8.8333 451
8.85 455
8.8667 459
8.8833 462
8.9 466
8.9167 470
8.9333 473
8.95 477
8.9667 481
8.9833 484
9.0 488
9.0167 491
9.0333 494
9.05 498
9.0667 502
9.0833 505
9.1 509
9.1167 512
9.1333 516
9.15 519
9.1667 523
9.1833 526
9.2 530
9.2167 533
9.2333 537
9.25 540
9.2667 544
9.2833 547
9.3 551
9.3167 554
9.3333 557
9.35 561
9.3667 564
9.3833 567
9.4 571
9.4167 574
9.4333 577
9.45 581
9.4667 584
9.4833 587
9.5 591
9.5167 594
9.5333 597
9.55 600
9.5667 604
9.5833 607
9.6 610
9.6167 613
9.6333 616
9.65 619
9.6667 623
9.6833 626
9.7 629
9.7167 632
9.7333 635
9.75 638
9.7667 641
9.7833 644
9.8 647
9.8167 650
9.8333 653
9.85 656
9.8667 659
9.8833 662
9.9 665
9.9167 668
9.9333 671
9.95 673
9.9667 676
9.9833 679
10.0 682
10.0167 685
10.0333 688
10.05 690
10.0667 693
10.0833 696
10.1 699
10.1167 701
10.1333 704
10.15 707
10.1667 709
10.1833 712
10.2 715
10.2167 717
10.2333 720
10.25 723
10.2667 725
10.2833 728
10.3 730
10.3167 733
10.3333 735
10.35 738
10.3667 740
10.3833 743
10.4 745
10.4167 748
10.4333 750
10.45 752
10.4667 755
10.4833 757
10.5 759
10.5167 762
10.5333 764
10.55 766
10.5667 769
10.5833 771
10.6 773
10.6167 775
10.6333 778
10.65 780
10.6667 782
10.6833 784
10.7 786
10.7167 788
10.7333 790
10.75 792
10.7667 794
10.7833 796
10.8 798
10.8167 800
10.8333 802
10.85 804
10.8667 806
10.8833 808
10.9 810
10.9167 812
10.9333 814
10.95 816
10.9667 818
10.9833 819
11.0 821
11.0167 823
11.0333 825
11.05 826
11.0667 828
11.0833 830
11.1 832
11.1167 833
11.1333 835
11.15 836
11.1667 838
11.1833 840
11.2 841
11.2167 843
11.2333 844
11.25 846
11.2667 847
11.2833 849
11.3 850
11.3167 852
11.3333 853
11.35 854
11.3667 856
11.3833 857
11.4 858
11.4167 860
11.4333 861
11.45 862
11.4667 864
11.4833 865
11.5 866
11.5167 867
11.5333 868
11.55 870
11.5667 871
11.5833 872
11.6 873
11.6167 874
11.6333 875
11.65 876
11.6667 877
11.6833 878
11.7 879
11.7167 880
11.7333 881
11.75 882
11.7667 883
11.7833 883
11.8 884
11.8167 885
11.8333 886
11.85 887
11.8667 887
11.8833 888
11.9 889
11.9167 890
11.9333 890
11.95 891
11.9667 892
11.9833 892
12.0 893
12.0167 893
12.0333 894
12.05 895
12.0667 895
12.0833 896
12.1 896
12.1167 897
12.1333 897
12.15 897
12.1667 898
12.1833 898
12.2 898
12.2167 899
12.2333 899
12.25 899
12.2667 900
12.2833 900
12.3 900
12.3167 900
12.3333 901
12.35 901
12.3667 901
12.3833 901
12.4 901
12.4167 901
12.4333 901
12.45 901
12.4667 901
12.4833 901
12.5 901
12.5167 901
12.5333 901
12.55 901
12.5667 901
12.5833 901
12.6 901
12.6167 901
12.6333 900
12.65 900
12.6667 900
12.6833 900
12.7 900
12.7167 899
12.7333 899
12.75 899
12.7667 898
12.7833 898
12.8 898
12.8167 897
12.8333 897
12.85 896
12.8667 896
12.8833 895
12.9 895
12.9167 894
12.9333 894
12.95 893
12.9667 892
12.9833 892
13.0 891
13.0167 891
13.0333 890
13.05 889
13.0667 888
13.0833 888
13.1 887
13.1167 886
13.1333 885
13.15 885
13.1667 884
13.1833 883
13.2 882
13.2167 881
13.2333 880
13.25 879
13.2667 878
13.2833 877
13.3 876
13.3167 875
13.3333 874
13.35 873
13.3667 872
13.3833 871
13.4 870
13.4167 869
13.4333 868
13.45 866
13.4667 865
13.4833 864
13.5 863
13.5167 861
13.5333 860
13.55 859
13.5667 858
13.5833 856
13.6 855
13.6167 853
13.6333 852
13.65 851
13.6667 849
13.6833 848
13.7 846
13.7167 845
13.7333 843
13.75 842
13.7667 840
13.7833 839
13.8 837
13.8167 835
13.8333 834
13.85 832
13.8667 830
13.8833 829
13.9 827
13.9167 825
13.9333 824
13.95 822
13.9667 820
13.9833 818
14.0 816
14.0167 815
14.0333 813
14.05 811
14.0667 809
14.0833 807
14.1 805
14.1167 803
14.1333 801
14.15 799
14.1667 797
14.1833 795
14.2 793
14.2167 791
14.2333 789
14.25 787
14.2667 785
14.2833 783
14.3 780
14.3167 778
14.3333 776
14.35 774
14.3667 772
14.3833 769
14.4 767
14.4167 765
14.4333 763
14.45 760
14.4667 758
14.4833 756
14.5 753
14.5167 751
14.5333 748
14.55 746
14.5667 744
14.5833 741
14.6 739
14.6167 736
14.6333 734
14.65 731
14.6667 729
14.6833 726
14.7 724
14.7167 721
14.7333 718
14.75 716
14.7667 713
14.7833 710
14.8 708
14.8167 705
14.8333 702
14.85 700
14.8667 697
14.8833 694
14.9 691
14.9167 689
14.9333 686
14.95 683
14.9667 680
14.9833 677
15.0 673
15.0167 671
15.0333 668
15.05 665
15.0667 662
15.0833 659
15.1 656
15.1167 653
15.1333 650
15.15 647
15.1667 644
15.1833 641
15.2 638
15.2167 635
15.2333 632
15.25 629
15.2667 626
15.2833 622
15.3 619
15.3167 616
15.3333 613
15.35 610
15.3667 607
15.3833 604
15.4 600
15.4167 597
15.4333 594
15.45 591
15.4667 587
15.4833 584
15.5 581
15.5167 577
15.5333 574
15.55 571
15.5667 567
15.5833 564
15.6 561
15.6167 557
15.6333 554
15.65 551
15.6667 547
15.6833 544
15.7 540
15.7167 537
15.7333 533
15.75 530
15.7667 526
15.7833 523
15.8 519
15.8167 516
15.8333 512
15.85 509
15.8667 505
15.8833 502
15.9 498
15.9167 495
15.9333 491
15.95 487
15.9667 484
15.9833 480
16.0 477
16.0167 473
16.0333 469
16.05 466
16.0667 462
16.0833 458
16.1 454
16.1167 451
16.1333 447
16.15 443
16.1667 440
16.1833 436
16.2 432
16.2167 428
16.2333 425
16.25 421
16.2667 417
16.2833 413
16.3 410
16.3167 406
16.3333 402
16.35 398
16.3667 394
16.3833 390
16.4 387
16.4167 383
16.4333 379
16.45 375
16.4667 371
16.4833 367
16.5 364
16.5167 360
16.5333 356
16.55 352
16.5667 348
16.5833 344
16.6 340
16.6167 336
16.6333 332
16.65 329
16.6667 325
16.6833 321
16.7 317
16.7167 313
16.7333 309
16.75 305
16.7667 301
16.7833 297
16.8 293
16.8167 289
16.8333 285
16.85 281
16.8667 277
16.8833 274
16.9 270
16.9167 266
16.9333 262
16.95 258
16.9667 254
16.9833 250
