8.0 108
8.0167 111
8.0333 113
8.05 116
8.0667 118
8.0833 121
8.1 123
8.1167 126
8.1333 129
8.15 131
8.1667 134
8.1833 136
8.2 139
8.2167 142
8.2333 144
8.25 147
8.2667 150
8.2833 152
8.3 155
8.3167 158
8.3333 161
8.35 163
8.3667 166
8.3833 169
8.4 172
8.4167 174
8.4333 177
8.45 180
8.4667 183
8.4833 186
8.5 188
8.5167 191
8.5333 194
8.55 197
8.5667 200
8.5833 203
8.6 205
8.6167 208
8.6333 211
8.65 214
8.6667 217
8.6833 220
8.7 222
8.7167 225
8.7333 228
8.75 231
8.7667 234
8.7833 237
8.8 240
8.8167 243
8.8333 245
8.85 248
8.8667 251
8.8833 254
8.9 257
8.9167 260
8.9333 263
8.95 265
8.9667 268
8.9833 271
9.0 274
9.0167 276
9.0333 279
9.05 282
9.0667 285
9.0833 288
9.1 290
9.1167 293
9.1333 296
9.15 299
9.1667 302
9.1833 305
9.2 307
9.2167 310
9.2333 313
9.25 316
9.2667 319
9.2833 321
9.3 324
9.3167 327
9.3333 330
9.35 332
9.3667 335
9.3833 338
9.4 341
9.4167 343
9.4333 346
9.45 349
9.4667 352
9.4833 354
9.5 357
9.5167 360
9.5333 362
9.55 365
9.5667 368
9.5833 370
9.6 373
9.6167 376
9.6333 378
9.65 381
9.6667 384
9.6833 386
9.7 389
9.7167 391
9.7333 394
9.75 397
9.7667 399
9.7833 402
9.8 404
9.8167 407
9.8333 409
9.85 412
9.8667 414
9.8833 417
9.9 419
9.9167 422
9.9333 424
9.95 427
9.9667 429
9.9833 431
10.0 434
10.0167 436
10.0333 439
10.05 441
10.0667 443
10.0833 446
10.1 448
10.1167 450
10.1333 453
10.15 455
10.1667 457
10.1833 459
10.2 462
10.2167 464
10.2333 466
10.25 468
10.2667 471
10.2833 473
10.3 475
10.3167 477
10.3333 479
10.35 481
10.3667 483
10.3833 486
10.4 488
10.4167 490
10.4333 492
10.45 494
10.4667 496
10.4833 498
10.5 500
10.5167 502
10.5333 504
10.55 506
10.5667 508
10.5833 510
10.6 512
10.6167 514
10.6333 515
10.65 517
10.6667 519
10.6833 521
10.7 523
10.7167 525
10.7333 527
10.75 528
10.7667 530
10.7833 532
10.8 534
10.8167 535
10.8333 537
10.85 539
10.8667 540
10.8833 542
10.9 544
10.9167 545
10.9333 547
10.95 548
10.9667 550
10.9833 552
11.0 553
11.0167 555
11.0333 556
11.05 558
11.0667 559
11.0833 561
11.1 562
11.1167 563
11.1333 565
11.15 566
11.1667 568
11.1833 569
11.2 570
11.2167 572
11.2333 573
11.25 574
11.2667 576
11.2833 577
11.3 578
11.3167 579
11.3333 580
11.35 582
11.3667 583
11.3833 584
11.4 585
11.4167 586
11.4333 587
11.45 588
11.4667 589
11.4833 591
11.5 592
11.5167 593
11.5333 594
11.55 595
11.5667 595
11.5833 596
11.6 597
11.6167 598
11.6333 599
11.65 600
11.6667 601
11.6833 602
11.7 602
11.7167 603
11.7333 604
11.75 605
11.7667 606
11.7833 606
11.8 607
11.8167 608
11.8333 608
11.85 609
11.8667 610
11.8833 610
11.9 611
11.9167 611
11.9333 612
11.95 613
11.9667 613
11.9833 614
12.0 614
12.0167 614
12.0333 615
12.05 615
12.0667 616
12.0833 616
12.1 617
12.1167 617
12.1333 617
12.15 618
12.1667 618
12.1833 618
12.2 618
12.2167 619
12.2333 619
12.25 619
12.2667 619
12.2833 619
12.3 620
12.3167 620
12.3333 620
12.35 620
12.3667 620
12.3833 620
12.4 620
12.4167 620
12.4333 620
12.45 620
12.4667 620
12.4833 620
12.5 620
12.5167 620
12.5333 620
12.55 620
12.5667 619
12.5833 619
12.6 619
12.6167 619
12.6333 619
12.65 618
12.6667 618
12.6833 618
12.7 618
12.7167 617
12.7333 617
12.75 617
12.7667 616
12.7833 616
12.8 615
12.8167 615
12.8333 615
12.85 614
12.8667 614
12.8833 613
12.9 613
12.9167 612
12.9333 611
12.95 611
12.9667 610
12.9833 610
13.0 609
13.0167 608
13.0333 608
13.05 607
13.0667 606
13.0833 606
13.1 605
13.1167 604
13.1333 603
13.15 603
13.1667 602
13.1833 601
13.2 600
13.2167 599
13.2333 598
13.25 597
13.2667 597
13.2833 596
13.3 595
13.3167 594
13.3333 593
13.35 592
13.3667 591
13.3833 590
13.4 589
13.4167 587
13.4333 586
13.45 585
13.4667 584
13.4833 583
13.5 582
13.5167 581
13.5333 579
13.55 578
13.5667 577
13.5833 576
13.6 574
13.6167 573
13.6333 572
13.65 571
13.6667 569
13.6833 568
13.7 566
13.7167 565
13.7333 564
13.75 562
13.7667 561
13.7833 559
13.8 558
13.8167 556
13.8333 555
13.85 553
13.8667 552
13.8833 550
13.9 549
13.9167 547
13.9333 545
13.95 544
13.9667 542
13.9833 541
14.0 539
14.0167 537
14.0333 536
14.05 534
14.0667 532
14.0833 530
14.1 529
14.1167 527
14.1333 525
14.15 523
14.1667 521
14.1833 519
14.2 518
14.2167 516
14.2333 514
14.25 512
14.2667 510
14.2833 508
14.3 506
14.3167 504
14.3333 502
14.35 500
14.3667 498
14.3833 496
14.4 494
14.4167 492
14.4333 490
14.45 488
14.4667 486
14.4833 484
14.5 482
14.5167 480
14.5333 477
14.55 475
14.5667 473
14.5833 471
14.6 469
14.6167 466
14.6333 464
14.65 462
14.6667 460
14.6833 457
14.7 455
14.7167 453
14.7333 451
14.75 448
14.7667 446
14.7833 444
14.8 441
14.8167 439
14.8333 437
14.85 434
14.8667 432
14.8833 429
14.9 427
14.9167 424
14.9333 422
14.95 420
14.9667 417
14.9833 415
15.0 411
15.0167 409
15.0333 406
15.05 404
15.0667 401
15.0833 399
15.1 396
15.1167 394
15.1333 391
15.15 389
15.1667 386
15.1833 383
15.2 381
15.2167 378
15.2333 375
15.25 373
15.2667 370
15.2833 368
15.3 365
15.3167 362
15.3333 360
15.35 357
15.3667 354
15.3833 351
15.4 349
15.4167 346
15.4333 343
15.45 341
15.4667 338
15.4833 335
15.5 332
15.5167 330
15.5333 327
15.55 324
15.5667 321
15.5833 318
15.6 316
15.6167 313
15.6333 310
15.65 307
15.6667 304
15.6833 302
15.7 299
15.7167 296
15.7333 293
15.75 290
15.7667 287
15.7833 285
15.8 282
15.8167 279
15.8333 276
15.85 273
15.8667 270
15.8833 268
15.9 265
15.9167 262
15.9333 259
15.95 256
15.9667 253
15.9833 250
16.0 247
16.0167 245
16.0333 242
16.05 239
16.0667 236
16.0833 233
16.1 230
16.1167 227
16.1333 225
16.15 222
16.1667 219
16.1833 216
16.2 213
16.2167 210
16.2333 208
16.25 205
16.2667 202
16.2833 199
16.3 196
16.3167 193
16.3333 191
16.35 188
16.3667 185
16.3833 182
16.4 179
16.4167 177
16.4333 174
16.45 171
16.4667 168
16.4833 166
16.5 163
16.5167 160
16.5333 157
16.55 155
16.5667 152
16.5833 149
16.6 146
16.6167 144
16.6333 141
16.65 138
16.6667 136
16.6833 133
16.7 131
16.7167 128
16.7333 125
16.75 123
16.7667 120
16.7833 118
16.8 115
16.8167 113
16.8333 110
16.85 108
16.8667 105
16.8833 103
16.9 100
16.9167 98
16.9333 96
16.95 93
16.9667 91
16.9833 88
