8.0 139
8.0167 142
8.0333 146
8.05 149
8.0667 152
8.0833 156
8.1 159
8.1167 163
8.1333 166
8.15 169
8.1667 173
8.1833 176
8.2 180
8.2167 183
8.2333 187
8.25 190
8.2667 193
8.2833 197
8.3 200
8.3167 204
8.3333 207
8.35 211
8.3667 214
8.3833 218
8.4 221
8.4167 225
8.4333 228
8.45 232
8.4667 235
8.4833 239
8.5 242
8.5167 246
8.5333 249
8.55 253
8.5667 256
8.5833 259
8.6 263
8.6167 266
8.6333 270
8.65 273
8.6667 277
8.6833 280
8.7 284
8.7167 287
8.7333 291
8.75 294
8.7667 298
8.7833 301
8.8 304
8.8167 308
8.8333 311
8.85 315
8.8667 318
8.8833 321
8.9 325
8.9167 328
8.9333 332
8.95 335
8.9667 338
8.9833 342
9.0 345
9.0167 347
9.0333 351
9.05 354
9.0667 357
9.0833 361
9.1 364
9.1167 367
9.1333 371
9.15 374
9.1667 377
9.1833 380
9.2 384
9.2167 387
9.2333 390
9.25 393
9.2667 397
9.2833 400
9.3 403
9.3167 406
9.3333 409
9.35 412
9.3667 416
9.3833 419
9.4 422
9.4167 425
9.4333 428
9.45 431
9.4667 434
9.4833 437
9.5 440
9.5167 443
9.5333 446
9.55 449
9.5667 452
9.5833 455
9.6 458
9.6167 461
9.6333 464
9.65 467
9.6667 470
9.6833 473
9.7 476
9.7167 479
9.7333 482
9.75 485
9.7667 487
9.7833 490
9.8 493
9.8167 496
9.8333 499
9.85 502
9.8667 504
9.8833 507
9.9 510
9.9167 513
9.9333 515
9.95 518
9.9667 521
9.9833 523
10.0 526
10.0167 529
10.0333 531
10.05 534
10.0667 537
10.0833 539
10.1 542
10.1167 544
10.1333 547
10.15 549
10.1667 552
10.1833 554
10.2 557
10.2167 559
10.2333 562
10.25 564
10.2667 567
10.2833 569
10.3 571
10.3167 574
10.3333 576
10.35 578
10.3667 581
10.3833 583
10.4 585
10.4167 588
10.4333 590
10.45 592
10.4667 594
10.4833 597
10.5 599
10.5167 601
10.5333 603
10.55 605
10.5667 607
10.5833 610
10.6 612
10.6167 614
10.6333 616
10.65 618
10.6667 620
10.6833 622
10.7 624
10.7167 626
10.7333 628
10.75 630
10.7667 632
10.7833 634
10.8 635
10.8167 637
10.8333 639
10.85 641
10.8667 643
10.8833 645
10.9 646
10.9167 648
10.9333 650
10.95 652
10.9667 653
10.9833 655
11.0 657
11.0167 658
11.0333 660
11.05 662
11.0667 663
11.0833 665
11.1 666
11.1167 668
11.1333 670
11.15 671
11.1667 673
11.1833 674
11.2 676
11.2167 677
11.2333 678
11.25 680
11.2667 681
11.2833 683
11.3 684
11.3167 685
11.3333 687
11.35 688
11.3667 689
11.3833 690
11.4 692
11.4167 693
11.4333 694
11.45 695
11.4667 696
11.4833 698
11.5 699
11.5167 700
11.5333 701
11.55 702
11.5667 703
11.5833 704
11.6 705
11.6167 706
11.6333 707
11.65 708
11.6667 709
11.6833 710
11.7 711
11.7167 712
11.7333 712
11.75 713
11.7667 714
11.7833 715
11.8 716
11.8167 716
11.8333 717
11.85 718
11.8667 719
11.8833 719
11.9 720
11.9167 721
11.9333 721
11.95 722
11.9667 722
11.9833 723
12.0 723
12.0167 724
12.0333 724
12.05 725
12.0667 725
12.0833 726
12.1 726
12.1167 727
12.1333 727
12.15 727
12.1667 728
12.1833 728
12.2 728
12.2167 729
12.2333 729
12.25 729
12.2667 729
12.2833 730
12.3 730
12.3167 730
12.3333 730
12.35 730
12.3667 730
12.3833 731
12.4 731
12.4167 731
12.4333 731
12.45 731
12.4667 731
12.4833 731
12.5 731
12.5167 731
12.5333 730
12.55 730
12.5667 730
12.5833 730
12.6 730
12.6167 730
12.6333 730
12.65 729
12.6667 729
12.6833 729
12.7 728
12.7167 728
12.7333 728
12.75 728
12.7667 727
12.7833 727
12.8 726
12.8167 726
12.8333 726
12.85 725
12.8667 725
12.8833 724
12.9 724
12.9167 723
12.9333 722
12.95 722
12.9667 721
12.9833 721
13.0 720
13.0167 719
13.0333 719
13.05 718
13.0667 717
13.0833 717
13.1 716
13.1167 715
13.1333 714
13.15 713
13.1667 713
13.1833 712
13.2 711
13.2167 710
13.2333 709
13.25 708
13.2667 707
13.2833 706
13.3 705
13.3167 704
13.3333 703
13.35 702
13.3667 701
13.3833 700
13.4 699
13.4167 698
13.4333 697
13.45 696
13.4667 694
13.4833 693
13.5 692
13.5167 691
13.5333 689
13.55 688
13.5667 687
13.5833 686
13.6 684
13.6167 683
13.6333 682
13.65 680
13.6667 679
13.6833 677
13.7 676
13.7167 674
13.7333 673
13.75 671
13.7667 670
13.7833 668
13.8 667
13.8167 665
13.8333 664
13.85 662
13.8667 661
13.8833 659
13.9 657
13.9167 656
13.9333 654
13.95 652
13.9667 650
13.9833 649
14.0 647
14.0167 645
14.0333 643
14.05 642
14.0667 640
14.0833 638
14.1 636
14.1167 634
14.1333 632
14.15 630
14.1667 628
14.1833 626
14.2 624
14.2167 622
14.2333 620
14.25 618
14.2667 616
14.2833 614
14.3 612
14.3167 610
14.3333 608
14.35 606
14.3667 604
14.3833 602
14.4 599
14.4167 597
14.4333 595
14.45 593
14.4667 590
14.4833 588
14.5 586
14.5167 584
14.5333 581
14.55 579
14.5667 577
14.5833 574
14.6 572
14.6167 570
14.6333 567
14.65 565
14.6667 562
14.6833 560
14.7 557
14.7167 555
14.7333 552
14.75 550
14.7667 547
14.7833 545
14.8 542
14.8167 540
14.8333 537
14.85 535
14.8667 532
14.8833 529
14.9 527
14.9167 524
14.9333 521
14.95 519
14.9667 516
14.9833 513
15.0 510
15.0167 507
15.0333 505
15.05 502
15.0667 499
15.0833 496
15.1 493
15.1167 491
15.1333 488
15.15 485
15.1667 482
15.1833 479
15.2 476
15.2167 473
15.2333 470
15.25 467
15.2667 465
15.2833 462
15.3 459
15.3167 456
15.3333 453
15.35 450
15.3667 447
15.3833 444
15.4 441
15.4167 438
15.4333 434
15.45 431
15.4667 428
15.4833 425
15.5 422
15.5167 419
15.5333 416
15.55 413
15.5667 410
15.5833 406
15.6 403
15.6167 400
15.6333 397
15.65 394
15.6667 390
15.6833 387
15.7 384
15.7167 381
15.7333 378
15.75 374
15.7667 371
15.7833 368
15.8 364
15.8167 361
15.8333 358
15.85 355
15.8667 351
15.8833 348
15.9 345
15.9167 341
15.9333 338
15.95 335
15.9667 331
15.9833 328
16.0 324
16.0167 321
16.0333 318
16.05 314
16.0667 311
16.0833 307
16.1 304
16.1167 301
16.1333 297
16.15 294
16.1667 290
16.1833 287
16.2 283
16.2167 280
16.2333 277
16.25 273
16.2667 270
16.2833 266
16.3 263
16.3167 259
16.3333 256
16.35 252
16.3667 249
16.3833 245
16.4 242
16.4167 238
16.4333 235
16.45 231
16.4667 228
16.4833 224
16.5 221
16.5167 218
16.5333 214
16.55 211
16.5667 207
16.5833 204
16.6 200
16.6167 197
16.6333 193
16.65 190
16.6667 186
16.6833 183
16.7 179
16.7167 176
16.7333 173
16.75 169
16.7667 166
16.7833 162
16.8 159
16.8167 156
16.8333 152
16.85 149
16.8667 145
16.8833 142
16.9 139
16.9167 135
16.9333 132
16.95 129
16.9667 125
16.9833 122
