8.0 71
8.0167 74
8.0333 77
8.05 80
8.0667 83
8.0833 86
8.1 89
8.1167 92
8.1333 95
8.15 98
8.1667 101
8.1833 104
8.2 108
8.2167 111
8.2333 114
8.25 117
8.2667 120
8.2833 123
8.3 127
8.3167 130
8.3333 133
8.35 137
8.3667 140
8.3833 143
8.4 147
8.4167 150
8.4333 153
8.45 157
8.4667 160
8.4833 163
8.5 167
8.5167 170
8.5333 173
8.55 177
8.5667 180
8.5833 183
8.6 187
8.6167 190
8.6333 193
8.65 197
8.6667 200
8.6833 204
8.7 207
8.7167 210
8.7333 214
8.75 217
8.7667 221
8.7833 224
8.8 227
8.8167 231
8.8333 234
8.85 238
8.8667 241
8.8833 244
8.9 248
8.9167 251
8.9333 254
8.95 258
8.9667 261
8.9833 265
9.0 268
9.0167 271
9.0333 274
9.05 278
9.0667 281
9.0833 284
9.1 288
9.1167 291
9.1333 294
9.15 298
9.1667 301
9.1833 304
9.2 307
9.2167 311
9.2333 314
9.25 317
9.2667 321
9.2833 324
9.3 327
9.3167 330
9.3333 334
9.35 337
9.3667 340
9.3833 343
9.4 346
9.4167 350
9.4333 353
9.45 356
9.4667 359
9.4833 362
9.5 365
9.5167 369
9.5333 372
9.55 375
9.5667 378
9.5833 381
9.6 384
9.6167 387
9.6333 390
9.65 393
9.6667 396
9.6833 399
9.7 402
9.7167 405
9.7333 408
9.75 411
9.7667 414
9.7833 417
9.8 420
9.8167 423
9.8333 426
9.85 429
9.8667 432
9.8833 435
9.9 438
9.9167 441
9.9333 443
9.95 446
9.9667 449
9.9833 452
10.0 455
10.0167 458
10.0333 460
10.05 463
10.0667 466
10.0833 469
10.1 471
10.1167 474
10.1333 477
10.15 479
10.1667 482
10.1833 485
10.2 487
10.2167 490
10.2333 493
10.25 495
10.2667 498
10.2833 500
10.3 503
10.3167 506
10.3333 508
10.35 511
10.3667 513
10.3833 516
10.4 518
10.4167 521
10.4333 523
10.45 525
10.4667 528
10.4833 530
10.5 533
10.5167 535
10.5333 537
10.55 540
10.5667 542
10.5833 544
10.6 547
10.6167 549
10.6333 551
10.65 553
10.6667 556
10.6833 558
10.7 560
10.7167 562
10.7333 564
10.75 566
10.7667 569
10.7833 571
10.8 573
10.8167 575
10.8333 577
10.85 579
10.8667 581
10.8833 583
10.9 585
10.9167 587
10.9333 589
10.95 591
10.9667 593
10.9833 595
11.0 597
11.0167 599
11.0333 600
11.05 602
11.0667 604
11.0833 606
11.1 608
11.1167 609
11.1333 611
11.15 613
11.1667 615
11.1833 616
11.2 618
11.2167 620
11.2333 621
11.25 623
11.2667 625
11.2833 626
11.3 628
11.3167 629
11.3333 631
11.35 632
11.3667 634
11.3833 635
11.4 637
11.4167 638
11.4333 640
11.45 641
11.4667 643
11.4833 644
11.5 645
11.5167 647
11.5333 648
11.55 649
11.5667 651
11.5833 652
11.6 653
11.6167 654
11.6333 656
11.65 657
11.6667 658
11.6833 659
11.7 660
11.7167 661
11.7333 663
11.75 664
11.7667 665
11.7833 666
11.8 667
11.8167 668
11.8333 669
11.85 670
11.8667 671
11.8833 672
11.9 673
11.9167 674
11.9333 674
11.95 675
11.9667 676
11.9833 677
12.0 678
12.0167 679
12.0333 679
12.05 680
12.0667 681
12.0833 682
12.1 682
12.1167 683
12.1333 684
12.15 684
12.1667 685
12.1833 685
12.2 686
12.2167 687
12.2333 687
12.25 688
12.2667 688
12.2833 689
12.3 689
12.3167 689
12.3333 690
12.35 690
12.3667 691
12.3833 691
12.4 691
12.4167 692
12.4333 692
12.45 692
12.4667 693
12.4833 693
12.5 693
12.5167 693
12.5333 693
12.55 694
12.5667 694
12.5833 694
12.6 694
12.6167 694
12.6333 694
12.65 694
12.6667 694
12.6833 694
12.7 694
12.7167 694
12.7333 694
12.75 694
12.7667 694
12.7833 694
12.8 694
12.8167 694
12.8333 694
12.85 693
12.8667 693
12.8833 693
12.9 693
12.9167 692
12.9333 692
12.95 692
12.9667 692
12.9833 691
13.0 691
13.0167 690
13.0333 690
13.05 690
13.0667 689
13.0833 689
13.1 688
13.1167 688
13.1333 687
13.15 687
13.1667 686
13.1833 686
13.2 685
13.2167 684
13.2333 684
13.25 683
13.2667 683
13.2833 682
13.3 681
13.3167 680
13.3333 680
13.35 679
13.3667 678
13.3833 677
13.4 677
13.4167 676
13.4333 675
13.45 674
13.4667 673
13.4833 672
13.5 671
13.5167 670
13.5333 669
13.55 668
13.5667 667
13.5833 666
13.6 665
13.6167 664
13.6333 663
13.65 662
13.6667 661
13.6833 660
13.7 659
13.7167 657
13.7333 656
13.75 655
13.7667 654
13.7833 653
13.8 651
13.8167 650
13.8333 649
13.85 647
13.8667 646
13.8833 645
13.9 643
13.9167 642
13.9333 641
13.95 639
13.9667 638
13.9833 636
14.0 635
14.0167 633
14.0333 632
14.05 630
14.0667 629
14.0833 627
14.1 625
14.1167 624
14.1333 622
14.15 621
14.1667 619
14.1833 617
14.2 616
14.2167 614
14.2333 612
14.25 610
14.2667 609
14.2833 607
14.3 605
14.3167 603
14.3333 601
14.35 599
14.3667 598
14.3833 596
14.4 594
14.4167 592
14.4333 590
14.45 588
14.4667 586
14.4833 584
14.5 582
14.5167 580
14.5333 578
14.55 576
14.5667 574
14.5833 572
14.6 570
14.6167 568
14.6333 565
14.65 563
14.6667 561
14.6833 559
14.7 557
14.7167 554
14.7333 552
14.75 550
14.7667 548
14.7833 545
14.8 543
14.8167 541
14.8333 538
14.85 536
14.8667 534
14.8833 531
14.9 529
14.9167 527
14.9333 524
14.95 522
14.9667 519
14.9833 517
15.0 515
15.0167 512
15.0333 510
15.05 507
15.0667 505
15.0833 502
15.1 500
15.1167 497
15.1333 494
15.15 492
15.1667 489
15.1833 487
15.2 484
15.2167 481
15.2333 479
15.25 476
15.2667 473
15.2833 470
15.3 468
15.3167 465
15.3333 462
15.35 459
15.3667 457
15.3833 454
15.4 451
15.4167 448
15.4333 445
15.45 443
15.4667 440
15.4833 437
15.5 434
15.5167 431
15.5333 428
15.55 425
15.5667 422
15.5833 419
15.6 416
15.6167 413
15.6333 410
15.65 407
15.6667 404
15.6833 401
15.7 398
15.7167 395
15.7333 392
15.75 389
15.7667 386
15.7833 383
15.8 380
15.8167 377
15.8333 374
15.85 371
15.8667 367
15.8833 364
15.9 361
15.9167 358
15.9333 355
15.95 352
15.9667 349
15.9833 345
16.0 342
16.0167 339
16.0333 336
16.05 332
16.0667 329
16.0833 326
16.1 323
16.1167 319
16.1333 316
16.15 313
16.1667 310
16.1833 306
16.2 303
16.2167 300
16.2333 296
16.25 293
16.2667 290
16.2833 286
16.3 283
16.3167 280
16.3333 276
16.35 273
16.3667 270
16.3833 266
16.4 263
16.4167 260
16.4333 256
16.45 253
16.4667 250
16.4833 246
16.5 243
16.5167 239
16.5333 236
16.55 233
16.5667 229
16.5833 226
16.6 222
16.6167 219
16.6333 216
16.65 212
16.6667 209
16.6833 206
16.7 202
16.7167 199
16.7333 195
16.75 192
16.7667 189
16.7833 185
16.8 182
16.8167 178
16.8333 175
16.85 172
16.8667 168
16.8833 165
16.9 162
16.9167 158
16.9333 155
16.95 152
16.9667 148
16.9833 145
