8.0 89
8.0167 92
8.0333 94
8.05 97
8.0667 101
8.0833 104
8.1 107
8.1167 110
8.1333 113
8.15 116
8.1667 119
8.1833 122
8.2 125
8.2167 129
8.2333 132
8.25 135
8.2667 138
8.2833 141
8.3 145
8.3167 148
8.3333 151
8.35 154
8.3667 158
8.3833 161
8.4 164
8.4167 168
8.4333 171
8.45 174
8.4667 178
8.4833 181
8.5 184
8.5167 188
8.5333 191
8.55 194
8.5667 198
8.5833 201
8.6 204
8.6167 208
8.6333 211
8.65 214
8.6667 218
8.6833 221
8.7 224
8.7167 228
8.7333 231
8.75 234
8.7667 238
8.7833 241
8.8 244
8.8167 248
8.8333 251
8.85 254
8.8667 258
8.8833 261
8.9 264
8.9167 268
8.9333 271
8.95 274
8.9667 278
8.9833 281
9.0 284
9.0167 287
9.0333 290
9.05 294
9.0667 297
9.0833 300
9.1 303
9.1167 307
9.1333 310
9.15 313
9.1667 316
9.1833 320
9.2 323
9.2167 326
9.2333 329
9.25 332
9.2667 336
9.2833 339
9.3 342
9.3167 345
9.3333 348
9.35 351
9.3667 355
9.3833 358
9.4 361
9.4167 364
9.4333 367
9.45 370
9.4667 373
9.4833 376
9.5 379
9.5167 382
9.5333 386
9.55 389
9.5667 392
9.5833 395
9.6 398
9.6167 401
9.6333 404
9.65 407
9.6667 409
9.6833 412
9.7 415
9.7167 418
9.7333 421
9.75 424
9.7667 427
9.7833 430
9.8 433
9.8167 436
9.8333 438
9.85 441
9.8667 444
9.8833 447
9.9 450
9.9167 452
9.9333 455
9.95 458
9.9667 461
9.9833 463
10.0 466
10.0167 469
10.0333 472
10.05 474
10.0667 477
10.0833 479
10.1 482
10.1167 485
10.1333 487
10.15 490
10.1667 492
10.1833 495
10.2 498
10.2167 500
10.2333 503
10.25 505
10.2667 508
10.2833 510
10.3 513
10.3167 515
10.3333 517
10.35 520
10.3667 522
10.3833 525
10.4 527
10.4167 529
10.4333 532
10.45 534
10.4667 536
10.4833 539
10.5 541
10.5167 543
10.5333 545
10.55 548
10.5667 550
10.5833 552
10.6 554
10.6167 556
10.6333 559
10.65 561
10.6667 563
10.6833 565
10.7 567
10.7167 569
10.7333 571
10.75 573
10.7667 575
10.7833 577
10.8 579
10.8167 581
10.8333 583
10.85 585
10.8667 587
10.8833 589
10.9 591
10.9167 593
10.9333 594
10.95 596
10.9667 598
10.9833 600
11.0 602
11.0167 603
11.0333 605
11.05 607
11.0667 609
11.0833 610
11.1 612
11.1167 614
11.1333 615
11.15 617
11.1667 619
11.1833 620
11.2 622
11.2167 623
11.2333 625
11.25 626
11.2667 628
11.2833 629
11.3 631
11.3167 632
11.3333 634
11.35 635
11.3667 636
11.3833 638
11.4 639
11.4167 641
11.4333 642
11.45 643
11.4667 644
11.4833 646
11.5 647
11.5167 648
11.5333 649
11.55 651
11.5667 652
11.5833 653
11.6 654
11.6167 655
11.6333 656
11.65 657
11.6667 658
11.6833 659
11.7 660
11.7167 661
11.7333 662
11.75 663
11.7667 664
11.7833 665
11.8 666
11.8167 667
11.8333 668
11.85 669
11.8667 670
11.8833 670
11.9 671
11.9167 672
11.9333 673
11.95 674
11.9667 674
11.9833 675
12.0 676
12.0167 676
12.0333 677
12.05 678
12.0667 678
12.0833 679
12.1 679
12.1167 680
12.1333 680
12.15 681
12.1667 681
12.1833 682
12.2 682
12.2167 683
12.2333 683
12.25 684
12.2667 684
12.2833 684
12.3 685
12.3167 685
12.3333 685
12.35 686
12.3667 686
12.3833 686
12.4 686
12.4167 686
12.4333 687
12.45 687
12.4667 687
12.4833 687
12.5 687
12.5167 687
12.5333 687
12.55 687
12.5667 687
12.5833 687
12.6 687
12.6167 687
12.6333 687
12.65 687
12.6667 687
12.6833 687
12.7 687
12.7167 687
12.7333 687
12.75 686
12.7667 686
12.7833 686
12.8 686
12.8167 686
12.8333 685
12.85 685
12.8667 685
12.8833 684
12.9 684
12.9167 684
12.9333 683
12.95 683
12.9667 682
12.9833 682
13.0 681
13.0167 681
13.0333 680
13.05 680
13.0667 679
13.0833 679
13.1 678
13.1167 677
13.1333 677
13.15 676
13.1667 676
13.1833 675
13.2 674
13.2167 673
13.2333 673
13.25 672
13.2667 671
13.2833 670
13.3 669
13.3167 669
13.3333 668
13.35 667
13.3667 666
13.3833 665
13.4 664
13.4167 663
13.4333 662
13.45 661
13.4667 660
13.4833 659
13.5 658
13.5167 657
13.5333 656
13.55 655
13.5667 654
13.5833 653
13.6 652
13.6167 650
13.6333 649
13.65 648
13.6667 647
13.6833 645
13.7 644
13.7167 643
13.7333 642
13.75 640
13.7667 639
13.7833 638
13.8 636
13.8167 635
13.8333 633
13.85 632
13.8667 630
13.8833 629
13.9 628
13.9167 626
13.9333 625
13.95 623
13.9667 621
13.9833 620
14.0 618
14.0167 617
14.0333 615
14.05 613
14.0667 612
14.0833 610
14.1 608
14.1167 607
14.1333 605
14.15 603
14.1667 601
14.1833 600
14.2 598
14.2167 596
14.2333 594
14.25 592
14.2667 590
14.2833 588
14.3 587
14.3167 585
14.3333 583
14.35 581
14.3667 579
14.3833 577
14.4 575
14.4167 573
14.4333 571
14.45 569
14.4667 567
14.4833 565
14.5 562
14.5167 560
14.5333 558
14.55 556
14.5667 554
14.5833 552
14.6 549
14.6167 547
14.6333 545
14.65 543
14.6667 540
14.6833 538
14.7 536
14.7167 534
14.7333 531
14.75 529
14.7667 527
14.7833 524
14.8 522
14.8167 519
14.8333 517
14.85 515
14.8667 512
14.8833 510
14.9 507
14.9167 505
14.9333 502
14.95 500
14.9667 497
14.9833 495
15.0 492
15.0167 489
15.0333 487
15.05 484
15.0667 482
15.0833 479
15.1 476
15.1167 474
15.1333 471
15.15 468
15.1667 466
15.1833 463
15.2 460
15.2167 458
15.2333 455
15.25 452
15.2667 449
15.2833 446
15.3 444
15.3167 441
15.3333 438
15.35 435
15.3667 432
15.3833 429
15.4 427
15.4167 424
15.4333 421
15.45 418
15.4667 415
15.4833 412
15.5 409
15.5167 406
15.5333 403
15.55 400
15.5667 397
15.5833 394
15.6 391
15.6167 388
15.6333 385
15.65 382
15.6667 379
15.6833 376
15.7 373
15.7167 370
15.7333 367
15.75 364
15.7667 360
15.7833 357
15.8 354
15.8167 351
15.8333 348
15.85 345
15.8667 342
15.8833 338
15.9 335
15.9167 332
15.9333 329
15.95 326
15.9667 322
15.9833 319
16.0 316
16.0167 313
16.0333 309
16.05 306
16.0667 303
16.0833 300
16.1 296
16.1167 293
16.1333 290
16.15 287
16.1667 283
16.1833 280
16.2 277
16.2167 273
16.2333 270
16.25 267
16.2667 263
16.2833 260
16.3 257
16.3167 253
16.3333 250
16.35 247
16.3667 243
16.3833 240
16.4 237
16.4167 233
16.4333 230
16.45 227
16.4667 223
16.4833 220
16.5 217
16.5167 213
16.5333 210
16.55 207
16.5667 203
16.5833 200
16.6 197
16.6167 193
16.6333 190
16.65 187
16.6667 183
16.6833 180
16.7 177
16.7167 173
16.7333 170
16.75 167
16.7667 163
16.7833 160
16.8 157
16.8167 154
16.8333 150
16.85 147
16.8667 144
16.8833 140
16.9 137
16.9167 134
16.9333 131
16.95 128
16.9667 125
16.9833 121
