8.0 80
8.0167 82
8.0333 85
8.05 88
8.0667 90
8.0833 93
8.1 96
8.1167 99
8.1333 101
8.15 104
8.1667 107
8.1833 110
8.2 112
8.2167 115
8.2333 118
8.25 121
8.2667 124
8.2833 127
8.3 130
8.3167 133
8.3333 136
8.35 139
8.3667 142
8.3833 145
8.4 148
8.4167 151
8.4333 154
8.45 157
8.4667 160
8.4833 163
8.5 166
8.5167 169
8.5333 172
8.55 175
8.5667 178
8.5833 181
8.6 184
8.6167 187
8.6333 191
8.65 194
8.6667 197
8.6833 200
8.7 203
8.7167 206
8.7333 209
8.75 212
8.7667 215
8.7833 219
8.8 222
8.8167 225
8.8333 228
8.85 231
8.8667 234
8.8833 237
8.9 240
8.9167 244
8.9333 247
8.95 250
8.9667 253
8.9833 256
9.0 259
9.0167 262
9.0333 265
9.05 268
9.0667 271
9.0833 274
9.1 277
9.1167 280
9.1333 283
9.15 286
9.1667 289
9.1833 292
9.2 295
9.2167 299
9.2333 302
9.25 305
9.2667 308
9.2833 311
9.3 314
9.3167 317
9.3333 320
9.35 323
9.3667 326
9.3833 329
9.4 332
9.4167 335
9.4333 338
9.45 341
9.4667 343
9.4833 346
9.5 349
9.5167 352
9.5333 355
9.55 358
9.5667 361
9.5833 364
9.6 367
9.6167 370
9.6333 372
9.65 375
9.6667 378
9.6833 381
9.7 384
9.7167 387
9.7333 389
9.75 392
9.7667 395
9.7833 398
9.8 400
9.8167 403
9.8333 406
9.85 409
9.8667 411
9.8833 414
9.9 417
9.9167 419
9.9333 422
9.95 425
9.9667 427
9.9833 430
10.0 433
10.0167 435
10.0333 438
10.05 440
10.0667 443
10.0833 446
10.1 448
10.1167 451
10.1333 453
10.15 456
10.1667 458
10.1833 461
10.2 463
10.2167 465
10.2333 468
10.25 470
10.2667 473
10.2833 475
10.3 477
10.3167 480
10.3333 482
10.35 485
10.3667 487
10.3833 489
10.4 491
10.4167 494
10.4333 496
10.45 498
10.4667 500
10.4833 503
10.5 505
10.5167 507
10.5333 509
10.55 511
10.5667 514
10.5833 516
10.6 518
10.6167 520
10.6333 522
10.65 524
10.6667 526
10.6833 528
10.7 530
10.7167 532
10.7333 534
10.75 536
10.7667 538
10.7833 540
10.8 542
10.8167 544
10.8333 546
10.85 548
10.8667 549
10.8833 551
10.9 553
10.9167 555
10.9333 557
10.95 558
10.9667 560
10.9833 562
11.0 564
11.0167 565
11.0333 567
11.05 569
11.0667 570
11.0833 572
11.1 574
11.1167 575
11.1333 577
11.15 578
11.1667 580
11.1833 581
11.2 583
11.2167 584
11.2333 586
11.25 587
11.2667 589
11.2833 590
11.3 592
11.3167 593
11.3333 595
11.35 596
11.3667 597
11.3833 599
11.4 600
11.4167 601
11.4333 602
11.45 604
11.4667 605
11.4833 606
11.5 607
11.5167 608
11.5333 610
11.55 611
11.5667 612
11.5833 613
11.6 614
11.6167 615
11.6333 616
11.65 617
11.6667 618
11.6833 619
11.7 620
11.7167 621
11.7333 622
11.75 623
11.7667 624
11.7833 625
11.8 626
11.8167 627
11.8333 627
11.85 628
11.8667 629
11.8833 630
11.9 631
11.9167 631
11.9333 632
11.95 633
11.9667 633
11.9833 634
12.0 635
12.0167 635
12.0333 636
12.05 637
12.0667 637
12.0833 638
12.1 638
12.1167 639
12.1333 639
12.15 640
12.1667 640
12.1833 641
12.2 641
12.2167 641
12.2333 642
12.25 642
12.2667 643
12.2833 643
12.3 643
12.3167 643
12.3333 644
12.35 644
12.3667 644
12.3833 644
12.4 645
12.4167 645
12.4333 645
12.45 645
12.4667 645
12.4833 645
12.5 645
12.5167 645
12.5333 645
12.55 645
12.5667 645
12.5833 645
12.6 645
12.6167 645
12.6333 645
12.65 645
12.6667 645
12.6833 645
12.7 645
12.7167 645
12.7333 644
12.75 644
12.7667 644
12.7833 644
12.8 643
12.8167 643
12.8333 643
12.85 643
12.8667 642
12.8833 642
12.9 642
12.9167 641
12.9333 641
12.95 640
12.9667 640
12.9833 639
13.0 639
13.0167 638
13.0333 638
13.05 637
13.0667 637
13.0833 636
13.1 635
13.1167 635
13.1333 634
13.15 634
13.1667 633
13.1833 632
13.2 631
13.2167 631
13.2333 630
13.25 629
13.2667 628
13.2833 628
13.3 627
13.3167 626
13.3333 625
13.35 624
13.3667 623
13.3833 622
13.4 621
13.4167 620
13.4333 619
13.45 618
13.4667 617
13.4833 616
13.5 615
13.5167 614
13.5333 613
13.55 612
13.5667 611
13.5833 610
13.6 609
13.6167 607
13.6333 606
13.65 605
13.6667 604
13.6833 603
13.7 601
13.7167 600
13.7333 599
13.75 597
13.7667 596
13.7833 595
13.8 593
13.8167 592
13.8333 590
13.85 589
13.8667 588
13.8833 586
13.9 585
13.9167 583
13.9333 582
13.95 580
13.9667 578
13.9833 577
14.0 575
14.0167 574
14.0333 572
14.05 570
14.0667 569
14.0833 567
14.1 565
14.1167 564
14.1333 562
14.15 560
14.1667 559
14.1833 557
14.2 555
14.2167 553
14.2333 551
14.25 550
14.2667 548
14.2833 546
14.3 544
14.3167 542
14.3333 540
14.35 538
14.3667 536
14.3833 534
14.4 532
14.4167 530
14.4333 528
14.45 526
14.4667 524
14.4833 522
14.5 520
14.5167 518
14.5333 516
14.55 514
14.5667 512
14.5833 509
14.6 507
14.6167 505
14.6333 503
14.65 501
14.6667 498
14.6833 496
14.7 494
14.7167 492
14.7333 489
14.75 487
14.7667 485
14.7833 482
14.8 480
14.8167 478
14.8333 475
14.85 473
14.8667 470
14.8833 468
14.9 466
14.9167 463
14.9333 461
14.95 458
14.9667 456
14.9833 453
15.0 451
15.0167 448
15.0333 446
15.05 443
15.0667 441
15.0833 438
15.1 435
15.1167 433
15.1333 430
15.15 428
15.1667 425
15.1833 422
15.2 420
15.2167 417
15.2333 414
15.25 412
15.2667 409
15.2833 406
15.3 403
15.3167 401
15.3333 398
15.35 395
15.3667 392
15.3833 390
15.4 387
15.4167 384
15.4333 381
15.45 378
15.4667 376
15.4833 373
15.5 370
15.5167 367
15.5333 364
15.55 361
15.5667 358
15.5833 355
15.6 353
15.6167 350
15.6333 347
15.65 344
15.6667 341
15.6833 338
15.7 335
15.7167 332
15.7333 329
15.75 326
15.7667 323
15.7833 320
15.8 317
15.8167 314
15.8333 311
15.85 308
15.8667 305
15.8833 302
15.9 299
15.9167 296
15.9333 293
15.95 290
15.9667 287
15.9833 284
16.0 280
16.0167 277
16.0333 274
16.05 271
16.0667 268
16.0833 265
16.1 262
16.1167 259
16.1333 256
16.15 253
16.1667 249
16.1833 246
16.2 243
16.2167 240
16.2333 237
16.25 234
16.2667 231
16.2833 228
16.3 225
16.3167 221
16.3333 218
16.35 215
16.3667 212
16.3833 209
16.4 206
16.4167 203
16.4333 200
16.45 197
16.4667 193
16.4833 190
16.5 187
16.5167 184
16.5333 181
16.55 178
16.5667 175
16.5833 172
16.6 169
16.6167 166
16.6333 163
16.65 160
16.6667 157
16.6833 154
16.7 150
16.7167 147
16.7333 144
16.75 141
16.7667 139
16.7833 136
16.8 133
16.8167 130
16.8333 127
16.85 124
16.8667 121
16.8833 118
16.9 115
16.9167 112
16.9333 109
16.95 107
16.9667 104
16.9833 101
