8.0 87
8.0167 90
8.0333 92
8.05 95
8.0667 97
8.0833 100
8.1 103
8.1167 106
8.1333 108
8.15 111
8.1667 114
8.1833 116
8.2 119
8.2167 122
8.2333 125
8.25 128
8.2667 130
8.2833 133
8.3 136
8.3167 139
8.3333 142
8.35 145
8.3667 148
8.3833 151
8.4 154
8.4167 156
8.4333 159
8.45 162
8.4667 165
8.4833 168
8.5 171
8.5167 174
8.5333 177
8.55 180
8.5667 183
8.5833 186
8.6 189
8.6167 192
8.6333 195
8.65 198
8.6667 201
8.6833 204
8.7 207
8.7167 210
8.7333 213
8.75 216
8.7667 219
8.7833 222
8.8 225
8.8167 229
8.8333 232
8.85 235
8.8667 238
8.8833 241
8.9 244
8.9167 247
8.9333 250
8.95 253
8.9667 256
8.9833 259
9.0 262
9.0167 264
9.0333 267
9.05 270
9.0667 273
9.0833 276
9.1 279
9.1167 282
9.1333 285
9.15 288
9.1667 291
9.1833 294
9.2 297
9.2167 300
9.2333 303
9.25 306
9.2667 309
9.2833 312
9.3 315
9.3167 318
9.3333 321
9.35 324
9.3667 327
9.3833 330
9.4 332
9.4167 335
9.4333 338
9.45 341
9.4667 344
9.4833 347
9.5 350
9.5167 353
9.5333 355
9.55 358
9.5667 361
9.5833 364
9.6 367
9.6167 369
9.6333 372
9.65 375
9.6667 378
9.6833 380
9.7 383
9.7167 386
9.7333 389
9.75 391
9.7667 394
9.7833 397
9.8 399
9.8167 402
9.8333 405
9.85 407
9.8667 410
9.8833 413
9.9 415
9.9167 418
9.9333 420
9.95 423
9.9667 426
9.9833 428
10.0 431
10.0167 433
10.0333 436
10.05 438
10.0667 441
10.0833 443
10.1 446
10.1167 448
10.1333 451
10.15 453
10.1667 455
10.1833 458
10.2 460
10.2167 463
10.2333 465
10.25 467
10.2667 470
10.2833 472
10.3 474
10.3167 477
10.3333 479
10.35 481
10.3667 483
10.3833 486
10.4 488
10.4167 490
10.4333 492
10.45 494
10.4667 497
10.4833 499
10.5 501
10.5167 503
10.5333 505
10.55 507
10.5667 509
10.5833 511
10.6 513
10.6167 515
10.6333 517
10.65 519
10.6667 521
10.6833 523
10.7 525
10.7167 527
10.7333 529
10.75 531
10.7667 533
10.7833 535
10.8 537
10.8167 539
10.8333 540
10.85 542
10.8667 544
10.8833 546
10.9 548
10.9167 549
10.9333 551
10.95 553
10.9667 554
10.9833 556
11.0 558
11.0167 559
11.0333 561
11.05 563
11.0667 564
11.0833 566
11.1 567
11.1167 569
11.1333 570
11.15 572
11.1667 573
11.1833 575
11.2 576
11.2167 578
11.2333 579
11.25 581
11.2667 582
11.2833 583
11.3 585
11.3167 586
11.3333 587
11.35 589
11.3667 590
11.3833 591
11.4 592
11.4167 594
11.4333 595
11.45 596
11.4667 597
11.4833 598
11.5 600
11.5167 601
11.5333 602
11.55 603
11.5667 604
11.5833 605
11.6 606
11.6167 607
11.6333 608
11.65 609
11.6667 610
11.6833 611
11.7 612
11.7167 613
11.7333 614
11.75 614
11.7667 615
11.7833 616
11.8 617
11.8167 618
11.8333 619
11.85 619
11.8667 620
11.8833 621
11.9 621
11.9167 622
11.9333 623
11.95 623
11.9667 624
11.9833 625
12.0 625
12.0167 626
12.0333 626
12.05 627
12.0667 627
12.0833 628
12.1 628
12.1167 629
12.1333 629
12.15 630
12.1667 630
12.1833 630
12.2 631
12.2167 631
12.2333 631
12.25 632
12.2667 632
12.2833 632
12.3 633
12.3167 633
12.3333 633
12.35 633
12.3667 633
12.3833 634
12.4 634
12.4167 634
12.4333 634
12.45 634
12.4667 634
12.4833 634
12.5 634
12.5167 634
12.5333 634
12.55 634
12.5667 634
12.5833 634
12.6 634
12.6167 634
12.6333 634
12.65 633
12.6667 633
12.6833 633
12.7 633
12.7167 633
12.7333 632
12.75 632
12.7667 632
12.7833 632
12.8 631
12.8167 631
12.8333 631
12.85 630
12.8667 630
12.8833 629
12.9 629
12.9167 628
12.9333 628
12.95 628
12.9667 627
12.9833 626
13.0 626
13.0167 625
13.0333 625
13.05 624
13.0667 624
13.0833 623
13.1 622
13.1167 622
13.1333 621
13.15 620
13.1667 619
13.1833 619
13.2 618
13.2167 617
13.2333 616
13.25 616
13.2667 615
13.2833 614
13.3 613
13.3167 612
13.3333 611
13.35 610
13.3667 609
13.3833 608
13.4 607
13.4167 606
13.4333 605
13.45 604
13.4667 603
13.4833 602
13.5 601
13.5167 600
13.5333 599
13.55 598
13.5667 596
13.5833 595
13.6 594
13.6167 593
13.6333 592
13.65 590
13.6667 589
13.6833 588
13.7 586
13.7167 585
13.7333 584
13.75 582
13.7667 581
13.7833 580
13.8 578
13.8167 577
13.8333 575
13.85 574
13.8667 572
13.8833 571
13.9 569
13.9167 568
13.9333 566
13.95 565
13.9667 563
13.9833 561
14.0 560
14.0167 558
14.0333 557
14.05 555
14.0667 553
14.0833 551
14.1 550
14.1167 548
14.1333 546
14.15 544
14.1667 543
14.1833 541
14.2 539
14.2167 537
14.2333 535
14.25 533
14.2667 532
14.2833 530
14.3 528
14.3167 526
14.3333 524
14.35 522
14.3667 520
14.3833 518
14.4 516
14.4167 514
14.4333 512
14.45 510
14.4667 508
14.4833 506
14.5 504
14.5167 501
14.5333 499
14.55 497
14.5667 495
14.5833 493
14.6 491
14.6167 488
14.6333 486
14.65 484
14.6667 482
14.6833 479
14.7 477
14.7167 475
14.7333 473
14.75 470
14.7667 468
14.7833 466
14.8 463
14.8167 461
14.8333 459
14.85 456
14.8667 454
14.8833 451
14.9 449
14.9167 446
14.9333 444
14.95 441
14.9667 439
14.9833 436
15.0 434
15.0167 431
15.0333 429
15.05 426
15.0667 424
15.0833 421
15.1 418
15.1167 416
15.1333 413
15.15 411
15.1667 408
15.1833 405
15.2 403
15.2167 400
15.2333 397
15.25 395
15.2667 392
15.2833 389
15.3 386
15.3167 384
15.3333 381
15.35 378
15.3667 376
15.3833 373
15.4 370
15.4167 367
15.4333 364
15.45 362
15.4667 359
15.4833 356
15.5 353
15.5167 350
15.5333 347
15.55 345
15.5667 342
15.5833 339
15.6 336
15.6167 333
15.6333 330
15.65 327
15.6667 324
15.6833 321
15.7 318
15.7167 316
15.7333 313
15.75 310
15.7667 307
15.7833 304
15.8 301
15.8167 298
15.8333 295
15.85 292
15.8667 289
15.8833 286
15.9 283
15.9167 280
15.9333 277
15.95 274
15.9667 271
15.9833 268
16.0 265
16.0167 262
16.0333 259
16.05 256
16.0667 253
16.0833 250
16.1 247
16.1167 244
16.1333 241
16.15 238
16.1667 235
16.1833 232
16.2 229
16.2167 226
16.2333 223
16.25 219
16.2667 216
16.2833 213
16.3 210
16.3167 207
16.3333 204
16.35 201
16.3667 198
16.3833 195
16.4 192
16.4167 189
16.4333 186
16.45 183
16.4667 180
16.4833 177
16.5 174
16.5167 171
16.5333 168
16.55 165
16.5667 162
16.5833 160
16.6 157
16.6167 154
16.6333 151
16.65 148
16.6667 145
16.6833 142
16.7 139
16.7167 136
16.7333 133
16.75 131
16.7667 128
16.7833 125
16.8 122
16.8167 119
16.8333 117
16.85 114
16.8667 111
16.8833 108
16.9 106
16.9167 103
16.9333 100
16.95 98
16.9667 95
16.9833 92
