8.0 80
8.0167 83
8.0333 85
8.05 88
8.0667 91
8.0833 94
8.1 97
8.1167 100
8.1333 103
8.15 106
8.1667 109
8.1833 112
8.2 115
8.2167 118
8.2333 122
8.25 124
8.2667 128
8.2833 131
8.3 134
8.3167 137
8.3333 140
8.35 144
8.3667 147
8.3833 150
8.4 153
8.4167 157
8.4333 160
8.45 163
8.4667 166
8.4833 170
8.5 173
8.5167 176
8.5333 180
8.55 183
8.5667 186
8.5833 189
8.6 193
8.6167 196
8.6333 199
8.65 203
8.6667 206
8.6833 209
8.7 213
8.7167 216
8.7333 219
8.75 223
8.7667 226
8.7833 229
8.8 233
8.8167 236
8.8333 239
8.85 242
8.8667 246
8.8833 249
8.9 252
8.9167 256
8.9333 259
8.95 262
8.9667 266
8.9833 269
9.0 272
9.0167 275
9.0333 278
9.05 281
9.0667 285
9.0833 288
9.1 291
9.1167 294
9.1333 298
9.15 301
9.1667 304
9.1833 307
9.2 311
9.2167 314
9.2333 317
9.25 320
9.2667 323
9.2833 327
9.3 330
9.3167 333
9.3333 336
9.35 339
9.3667 342
9.3833 345
9.4 349
9.4167 352
9.4333 355
9.45 358
9.4667 361
9.4833 364
9.5 367
9.5167 370
9.5333 373
9.55 376
9.5667 379
9.5833 382
9.6 385
9.6167 388
9.6333 391
9.65 394
9.6667 397
9.6833 400
9.7 403
9.7167 406
9.7333 409
9.75 412
9.7667 415
9.7833 418
9.8 421
9.8167 423
9.8333 426
9.85 429
9.8667 432
9.8833 435
9.9 438
9.9167 440
9.9333 443
9.95 446
9.9667 449
9.9833 451
10.0 454
10.0167 457
10.0333 460
10.05 462
10.0667 465
10.0833 468
10.1 470
10.1167 473
10.1333 475
10.15 478
10.1667 481
10.1833 483
10.2 486
10.2167 488
10.2333 491
10.25 493
10.2667 496
10.2833 498
10.3 501
10.3167 503
10.3333 506
10.35 508
10.3667 511
10.3833 513
10.4 515
10.4167 518
10.4333 520
10.45 523
10.4667 525
10.4833 527
10.5 529
10.5167 532
10.5333 534
10.55 536
10.5667 539
10.5833 541
10.6 543
10.6167 545
10.6333 547
10.65 549
10.6667 552
10.6833 554
10.7 556
10.7167 558
10.7333 560
10.75 562
10.7667 564
10.7833 566
10.8 568
10.8167 570
10.8333 572
10.85 574
10.8667 576
10.8833 578
10.9 580
10.9167 582
10.9333 584
10.95 585
10.9667 587
10.9833 589
11.0 591
11.0167 593
11.0333 595
11.05 596
11.0667 598
11.0833 600
11.1 601
11.1167 603
11.1333 605
11.15 606
11.1667 608
11.1833 610
11.2 611
11.2167 613
11.2333 614
11.25 616
11.2667 618
11.2833 619
11.3 621
11.3167 622
11.3333 624
11.35 625
11.3667 626
11.3833 628
11.4 629
11.4167 631
11.4333 632
11.45 633
11.4667 635
11.4833 636
11.5 637
11.5167 638
11.5333 640
11.55 641
11.5667 642
11.5833 643
11.6 644
11.6167 646
11.6333 647
11.65 648
11.6667 649
11.6833 650
11.7 651
11.7167 652
11.7333 653
11.75 654
11.7667 655
11.7833 656
11.8 657
11.8167 658
11.8333 659
11.85 660
11.8667 661
11.8833 661
11.9 662
11.9167 663
11.9333 664
11.95 665
11.9667 665
11.9833 666
12.0 667
12.0167 668
12.0333 668
12.05 669
12.0667 670
12.0833 670
12.1 671
12.1167 671
12.1333 672
12.15 672
12.1667 673
12.1833 673
12.2 674
12.2167 674
12.2333 675
12.25 675
12.2667 676
12.2833 676
12.3 677
12.3167 677
12.3333 677
12.35 678
12.3667 678
12.3833 678
12.4 678
12.4167 679
12.4333 679
12.45 679
12.4667 679
12.4833 679
12.5 679
12.5167 680
12.5333 680
12.55 680
12.5667 680
12.5833 680
12.6 680
12.6167 680
12.6333 680
12.65 680
12.6667 680
12.6833 680
12.7 680
12.7167 680
12.7333 679
12.75 679
12.7667 679
12.7833 679
12.8 679
12.8167 678
12.8333 678
12.85 678
12.8667 678
12.8833 677
12.9 677
12.9167 677
12.9333 676
12.95 676
12.9667 676
12.9833 675
13.0 675
13.0167 674
13.0333 674
13.05 673
13.0667 673
13.0833 672
13.1 672
13.1167 671
13.1333 671
13.15 670
13.1667 669
13.1833 669
13.2 668
13.2167 667
13.2333 667
13.25 666
13.2667 665
13.2833 664
13.3 664
13.3167 663
13.3333 662
13.35 661
13.3667 660
13.3833 659
13.4 658
13.4167 658
13.4333 657
13.45 656
13.4667 655
13.4833 654
13.5 653
13.5167 652
13.5333 651
13.55 650
13.5667 648
13.5833 647
13.6 646
13.6167 645
13.6333 644
13.65 643
13.6667 642
13.6833 640
13.7 639
13.7167 638
13.7333 637
13.75 635
13.7667 634
13.7833 633
13.8 631
13.8167 630
13.8333 629
13.85 627
13.8667 626
13.8833 624
13.9 623
13.9167 622
13.9333 620
13.95 619
13.9667 617
13.9833 615
14.0 614
14.0167 612
14.0333 611
14.05 609
14.0667 608
14.0833 606
14.1 604
14.1167 603
14.1333 601
14.15 599
14.1667 597
14.1833 596
14.2 594
14.2167 592
14.2333 590
14.25 588
14.2667 587
14.2833 585
14.3 583
14.3167 581
14.3333 579
14.35 577
14.3667 575
14.3833 573
14.4 571
14.4167 569
14.4333 567
14.45 565
14.4667 563
14.4833 561
14.5 559
14.5167 557
14.5333 555
14.55 553
14.5667 551
14.5833 549
14.6 546
14.6167 544
14.6333 542
14.65 540
14.6667 538
14.6833 535
14.7 533
14.7167 531
14.7333 529
14.75 526
14.7667 524
14.7833 522
14.8 519
14.8167 517
14.8333 515
14.85 512
14.8667 510
14.8833 507
14.9 505
14.9167 502
14.9333 500
14.95 497
14.9667 495
14.9833 492
15.0 490
15.0167 488
15.0333 485
15.05 482
15.0667 480
15.0833 477
15.1 475
15.1167 472
15.1333 469
15.15 467
15.1667 464
15.1833 461
15.2 459
15.2167 456
15.2333 453
15.25 451
15.2667 448
15.2833 445
15.3 442
15.3167 440
15.3333 437
15.35 434
15.3667 431
15.3833 428
15.4 425
15.4167 423
15.4333 420
15.45 417
15.4667 414
15.4833 411
15.5 408
15.5167 405
15.5333 402
15.55 399
15.5667 396
15.5833 393
15.6 390
15.6167 387
15.6333 384
15.65 381
15.6667 378
15.6833 375
15.7 372
15.7167 369
15.7333 366
15.75 363
15.7667 360
15.7833 357
15.8 354
15.8167 351
15.8333 348
15.85 345
15.8667 341
15.8833 338
15.9 335
15.9167 332
15.9333 329
15.95 326
15.9667 322
15.9833 319
16.0 316
16.0167 313
16.0333 310
16.05 306
16.0667 303
16.0833 300
16.1 297
16.1167 293
16.1333 290
16.15 287
16.1667 284
16.1833 280
16.2 277
16.2167 274
16.2333 271
16.25 267
16.2667 264
16.2833 261
16.3 257
16.3167 254
16.3333 251
16.35 248
16.3667 244
16.3833 241
16.4 238
16.4167 234
16.4333 231
16.45 228
16.4667 224
16.4833 221
16.5 218
16.5167 214
16.5333 211
16.55 208
16.5667 204
16.5833 201
16.6 198
16.6167 195
16.6333 191
16.65 188
16.6667 185
16.6833 181
16.7 178
16.7167 175
16.7333 171
16.75 168
16.7667 165
16.7833 162
16.8 158
16.8167 155
16.8333 152
16.85 149
16.8667 145
16.8833 142
16.9 139
16.9167 136
16.9333 133
16.95 129
16.9667 126
16.9833 123
